Artocarpus altilis SDM files/MIS19/results (without bias file)/Artalt_0.asc
ncols         1201
nrows         481
xllcorner     119.99986351115
yllcorner     -15.00013828885
cellsize      0.041666667
NODATA_value  -9999
[rows 256 to 287 of 481, columns 432 to 503 of 1201]
6.01535E-1 5.43081E-1 5.51358E-1 5.53546E-1 5.459E-1 5.36254E-1 5.10744E-1 5.09694E-1 5.13235E-1 5.08619E-1 5.0992E-1 4.64416E-1 4.70703E-1 4.68973E-1 4.60833E-1 4.51609E-1 4.51836E-1 4.48944E-1 4.40547E-1 4.16118E-1 4.18103E-1 4.14802E-1 4.18952E-1 4.13149E-1 4.0529E-1 4.03809E-1 4.12882E-1 3.86614E-1 3.65929E-1 4.30382E-1 3.99599E-1 3.09625E-1 3.66846E-1 3.67592E-1 3.0607E-1 3.06308E-1 2.63182E-1 2.75258E-1 1.87222E-1 1.59119E-1 2.55651E-1 1.7363E-1 1.63928E-1 1.88568E-1 2.54167E-1 1.79314E-1 1.32746E-1 1.26189E-1 1.18583E-1 1.74441E-1 2.9242E-1 3.17788E-1 2.10228E-1 1.82493E-1 1.38706E-1 1.35555E-1 1.21855E-1 1.68365E-1 1.37094E-1 1.26866E-1 1.31689E-1 1.26683E-1 1.43623E-1 1.45846E-1 1.62814E-1 2.72227E-1 1.8941E-1 1.15279E-1 1.90464E-1 2.45408E-1 2.43286E-1 1.59267E-1
5.95737E-1 5.01493E-1 5.45064E-1 5.52263E-1 5.52653E-1 5.71523E-1 5.60485E-1 5.2071E-1 5.10268E-1 5.12659E-1 5.01039E-1 4.7845E-1 4.68389E-1 4.59702E-1 4.46273E-1 4.6116E-1 4.45557E-1 4.41466E-1 4.4668E-1 4.24188E-1 4.44943E-1 4.25044E-1 4.16777E-1 3.84332E-1 4.0471E-1 3.99781E-1 4.2521E-1 3.22969E-1 3.10373E-1 3.72006E-1 3.32183E-1 3.74162E-1 3.95779E-1 3.31307E-1 3.26696E-1 3.89009E-1 2.6759E-1 2.77767E-1 2.26972E-1 1.68672E-1 2.46744E-1 2.82449E-1 1.69621E-1 2.03753E-1 2.14207E-1 1.80109E-1 1.44412E-1 1.34771E-1 1.50033E-1 1.47787E-1 2.20951E-1 2.44517E-1 2.13379E-1 1.74644E-1 1.38917E-1 1.4095E-1 1.40069E-1 1.26259E-1 1.5797E-1 1.36106E-1 1.27273E-1 1.25734E-1 1.59253E-1 1.94665E-1 1.80932E-1 1.69988E-1 1.2884E-1 1.32629E-1 2.32918E-1 2.61101E-1 1.91919E-1 1.71333E-1
-9999 5.18414E-1 5.39332E-1 5.8548E-1 5.63685E-1 5.02032E-1 4.69571E-1 5.17236E-1 5.06859E-1 5.18689E-1 4.54544E-1 4.7637E-1 4.74485E-1 4.55449E-1 4.61073E-1 4.61714E-1 4.51576E-1 4.29173E-1 3.95176E-1 3.95021E-1 3.84485E-1 3.85536E-1 3.77187E-1 3.79542E-1 3.76861E-1 3.78656E-1 3.87027E-1 2.72612E-1 2.60228E-1 3.12068E-1 3.13946E-1 3.19656E-1 2.64827E-1 2.61414E-1 2.72612E-1 2.75601E-1 2.72552E-1 2.26736E-1 1.95674E-1 1.36186E-1 1.84328E-1 3.19361E-1 2.15837E-1 2.09386E-1 1.82496E-1 1.46821E-1 1.33788E-1 1.34204E-1 1.15579E-1 1.56613E-1 1.85481E-1 2.95748E-1 2.20035E-1 1.83711E-1 1.13281E-1 1.27897E-1 1.32703E-1 1.45454E-1 1.47027E-1 1.34759E-1 1.33211E-1 1.2884E-1 1.64208E-1 2.01229E-1 1.6266E-1 1.33275E-1 1.15661E-1 1.64543E-1 2.66335E-1 2.21868E-1 1.63541E-1 1.8001E-1
-9999 -9999 -9999 4.53627E-1 4.1741E-1 4.21957E-1 4.84269E-1 4.63228E-1 5.08566E-1 5.23131E-1 3.89564E-1 3.7097E-1 4.37888E-1 4.39778E-1 4.40225E-1 4.22923E-1 4.00568E-1 3.98363E-1 3.9784E-1 3.8942E-1 3.85408E-1 3.86204E-1 3.83184E-1 3.77491E-1 3.28435E-1 3.20894E-1 3.18804E-1 2.69906E-1 2.60841E-1 2.6572E-1 3.15679E-1 3.12753E-1 2.68335E-1 2.64151E-1 2.07425E-1 2.56034E-1 2.14569E-1 2.31498E-1 1.46071E-1 1.2934E-1 1.53023E-1 1.94045E-1 2.71876E-1 1.83785E-1 1.43456E-1 1.32631E-1 1.30323E-1 1.25456E-1 1.12065E-1 1.91171E-1 1.91273E-1 2.35088E-1 3.27374E-1 1.86642E-1 1.32302E-1 1.48289E-1 1.11207E-1 1.07295E-1 1.04974E-1 1.10508E-1 1.04694E-1 1.23083E-1 1.36726E-1 1.57426E-1 1.69433E-1 1.31985E-1 1.50411E-1 1.75953E-1 2.36284E-1 1.95519E-1 1.60257E-1 1.52237E-1
-9999 -9999 -9999 -9999 4.07929E-1 4.12092E-1 4.07534E-1 3.87888E-1 4.66985E-1 5.03467E-1 3.20702E-1 3.85757E-1 3.7082E-1 3.70246E-1 3.61807E-1 3.52485E-1 3.5743E-1 3.39798E-1 3.36359E-1 3.37036E-1 3.28525E-1 3.24625E-1 3.22608E-1 3.2365E-1 2.69159E-1 2.65236E-1 2.71188E-1 2.70083E-1 2.65973E-1 2.72653E-1 2.55922E-1 2.47225E-1 2.70597E-1 2.63224E-1 2.18205E-1 2.09455E-1 2.18767E-1 1.79695E-1 1.49268E-1 1.35615E-1 1.2045E-1 1.48282E-1 2.17347E-1 1.7875E-1 1.824E-1 1.3544E-1 1.56936E-1 1.64829E-1 1.34612E-1 1.60084E-1 1.64469E-1 1.75993E-1 2.08892E-1 1.90054E-1 1.53949E-1 1.1299E-1 1.40092E-1 1.35039E-1 1.70387E-1 1.37785E-1 1.25988E-1 1.7251E-1 1.39947E-1 1.48078E-1 1.43578E-1 1.34963E-1 1.3416E-1 1.23301E-1 1.96407E-1 1.6664E-1 1.69592E-1 1.28235E-1
-9999 -9999 -9999 -9999 -9999 3.85466E-1 3.58905E-1 3.51608E-1 3.48945E-1 3.24113E-1 3.22913E-1 3.2086E-1 3.03118E-1 3.66987E-1 3.61783E-1 3.62447E-1 3.6427E-1 3.44734E-1 3.3905E-1 3.37715E-1 3.33225E-1 3.28229E-1 3.32949E-1 2.75362E-1 2.71623E-1 2.70143E-1 2.74584E-1 2.70498E-1 2.55019E-1 2.70124E-1 1.81445E-1 2.00886E-1 1.9963E-1 2.57832E-1 2.22044E-1 2.19082E-1 1.76822E-1 1.50536E-1 1.44772E-1 1.33504E-1 1.19516E-1 1.51847E-1 1.57111E-1 1.58947E-1 1.77121E-1 1.47346E-1 1.40909E-1 1.46475E-1 1.06355E-1 1.18404E-1 1.18843E-1 1.46776E-1 2.03101E-1 1.76747E-1 1.52647E-1 1.16428E-1 1.28164E-1 1.43852E-1 1.44126E-1 1.28945E-1 1.716E-1 1.48125E-1 1.02835E-1 1.53683E-1 1.94039E-1 1.18239E-1 1.00532E-1 1.25003E-1 1.56982E-1 1.63491E-1 1.42175E-1 1.06138E-1
-9999 -9999 -9999 -9999 -9999 3.18024E-1 2.84547E-1 2.82399E-1 2.66215E-1 2.64197E-1 3.19713E-1 3.22938E-1 3.17543E-1 3.0763E-1 3.08023E-1 3.01357E-1 2.98044E-1 2.84374E-1 2.83085E-1 2.83945E-1 2.81067E-1 2.78677E-1 2.84357E-1 2.28327E-1 2.22832E-1 2.24094E-1 2.25176E-1 2.18042E-1 2.08011E-1 2.74028E-1 2.21143E-1 2.09408E-1 1.95829E-1 2.652E-1 1.8379E-1 1.79266E-1 1.49188E-1 1.49093E-1 1.22794E-1 1.24488E-1 1.23425E-1 1.57804E-1 1.61713E-1 1.58936E-1 2.04272E-1 1.88862E-1 1.47638E-1 1.04299E-1 1.37285E-1 1.3815E-1 1.2593E-1 1.39517E-1 1.32462E-1 1.32483E-1 1.73712E-1 1.58931E-1 1.17652E-1 1.47204E-1 1.35979E-1 1.36239E-1 1.50851E-1 1.21534E-1 1.0553E-1 1.72216E-1 1.2341E-1 1.13436E-1 7.95315E-2 1.28892E-1 1.40281E-1 1.34781E-1 1.13601E-1 1.02245E-1
-9999 -9999 -9999 -9999 -9999 -9999 2.82051E-1 2.82806E-1 2.85144E-1 2.7282E-1 2.73337E-1 3.31275E-1 2.65616E-1 2.53323E-1 3.08723E-1 2.53232E-1 2.44086E-1 2.97513E-1 2.42407E-1 2.30632E-1 2.82923E-1 2.31741E-1 2.30167E-1 2.23925E-1 2.19911E-1 2.25058E-1 2.20394E-1 2.19779E-1 2.22113E-1 2.08853E-1 2.26281E-1 1.70782E-1 1.57596E-1 2.56132E-1 1.87098E-1 1.83621E-1 1.39344E-1 1.24949E-1 1.23703E-1 1.28559E-1 1.28107E-1 1.61057E-1 1.61411E-1 1.66361E-1 1.55258E-1 1.7604E-1 1.46929E-1 1.41258E-1 1.34678E-1 1.29278E-1 1.29712E-1 1.17032E-1 1.13403E-1 1.89576E-1 2.20954E-1 1.5821E-1 1.22671E-1 1.0979E-1 1.0873E-1 1.47181E-1 1.24913E-1 1.08985E-1 1.02761E-1 1.4732E-1 1.2034E-1 8.75272E-2 8.41528E-2 1.02295E-1 1.4168E-1 1.0787E-1 1.13629E-1 1.00721E-1
-9999 -9999 -9999 -9999 -9999 -9999 -9999 2.82724E-1 2.8638E-1 2.87807E-1 2.78505E-1 2.66198E-1 2.63254E-1 2.65131E-1 2.54166E-1 2.46249E-1 2.47751E-1 2.43706E-1 2.43653E-1 2.29341E-1 2.3202E-1 2.32437E-1 2.26825E-1 2.21761E-1 2.23069E-1 2.28776E-1 1.78949E-1 2.18969E-1 1.78422E-1 1.66026E-1 1.89158E-1 1.37421E-1 1.59076E-1 2.0631E-1 1.89013E-1 1.49119E-1 1.33103E-1 1.22736E-1 1.31824E-1 1.27853E-1 1.3038E-1 1.28754E-1 1.63001E-1 1.77496E-1 1.29393E-1 1.58687E-1 1.79976E-1 1.48072E-1 1.40453E-1 1.41146E-1 1.27911E-1 1.56445E-1 2.35447E-1 2.56788E-1 2.34811E-1 1.62587E-1 1.12373E-1 1.07968E-1 1.39163E-1 1.56984E-1 1.19484E-1 1.00992E-1 1.26019E-1 1.3955E-1 1.25375E-1 8.71131E-2 7.84028E-2 1.03724E-1 1.05864E-1 1.17652E-1 1.06673E-1 1.02753E-1
-9999 -9999 -9999 -9999 -9999 -9999 -9999 2.80587E-1 2.7553E-1 2.81647E-1 2.72325E-1 2.13816E-1 2.13266E-1 2.61696E-1 2.52298E-1 2.00389E-1 2.49722E-1 2.44251E-1 2.41095E-1 2.41797E-1 1.89155E-1 1.86793E-1 1.83208E-1 2.29859E-1 1.79199E-1 1.86609E-1 1.79769E-1 1.78603E-1 1.81182E-1 1.77926E-1 1.83723E-1 1.3372E-1 1.60267E-1 2.08617E-1 1.82152E-1 1.50705E-1 1.34308E-1 1.26298E-1 1.31059E-1 1.27884E-1 1.33082E-1 1.30401E-1 1.31132E-1 1.44865E-1 1.3013E-1 1.30724E-1 1.78338E-1 1.54733E-1 1.37616E-1 1.41416E-1 1.01892E-1 1.56004E-1 2.15646E-1 2.13176E-1 2.42047E-1 1.28576E-1 1.14348E-1 1.37624E-1 1.48702E-1 1.30043E-1 1.12955E-1 1.01585E-1 1.37908E-1 1.41997E-1 1.27612E-1 8.68643E-2 9.99883E-2 1.09347E-1 1.35612E-1 1.15476E-1 1.11181E-1 1.0165E-1
-9999 -9999 -9999 -9999 -9999 -9999 -9999 -9999 3.35814E-1 2.80815E-1 2.90617E-1 2.60335E-1 2.66122E-1 2.62389E-1 2.6833E-1 2.02917E-1 2.01773E-1 2.00805E-1 1.97818E-1 1.94062E-1 1.88574E-1 1.85157E-1 1.8253E-1 1.87806E-1 1.82588E-1 1.78202E-1 1.78438E-1 1.78106E-1 1.77183E-1 1.77252E-1 1.82252E-1 1.65406E-1 1.65406E-1 1.79437E-1 1.86842E-1 1.51947E-1 1.35285E-1 1.34586E-1 1.29283E-1 1.30652E-1 1.34479E-1 1.30121E-1 1.30903E-1 1.34468E-1 1.34285E-1 1.32901E-1 1.87677E-1 1.53896E-1 1.37814E-1 1.2956E-1 1.22185E-1 1.63575E-1 2.19911E-1 1.81205E-1 2.0001E-1 1.28721E-1 1.13972E-1 1.14109E-1 1.61244E-1 1.19927E-1 1.16121E-1 1.08916E-1 1.05446E-1 1.47008E-1 1.26839E-1 8.83196E-2 1.01808E-1 1.13658E-1 1.14504E-1 1.1672E-1 1.07358E-1 9.80324E-2
-9999 -9999 -9999 -9999 -9999 -9999 -9999 -9999 3.42074E-1 3.37917E-1 2.83815E-1 2.65966E-1 2.65753E-1 2.16687E-1 2.19723E-1 2.66243E-1 1.9862E-1 2.0159E-1 1.91972E-1 1.9326E-1 1.98457E-1 1.92816E-1 1.81404E-1 1.86581E-1 1.81491E-1 1.78106E-1 1.81084E-1 1.81647E-1 1.8276E-1 1.7935E-1 1.85359E-1 1.64633E-1 1.63903E-1 1.68116E-1 1.44722E-1 1.86968E-1 1.62886E-1 1.35882E-1 1.28528E-1 1.285E-1 1.37139E-1 1.3171E-1 1.30288E-1 1.33189E-1 1.44638E-1 1.33411E-1 1.55933E-1 1.39146E-1 1.36245E-1 1.30609E-1 1.31687E-1 1.46432E-1 1.45255E-1 1.53641E-1 1.61689E-1 1.30784E-1 1.13908E-1 1.15898E-1 1.32464E-1 1.20073E-1 1.15907E-1 1.19322E-1 1.07803E-1 1.48223E-1 1.18853E-1 1.1387E-1 1.12592E-1 1.20468E-1 1.20351E-1 1.42901E-1 1.26617E-1 1.06046E-1
-9999 -9999 -9999 -9999 -9999 -9999 -9999 -9999 4.51204E-1 4.28648E-1 2.71397E-1 2.60202E-1 2.14272E-1 2.68135E-1 2.55089E-1 2.07865E-1 1.94344E-1 2.14244E-1 1.91294E-1 1.94079E-1 1.91149E-1 1.88475E-1 1.95681E-1 1.94842E-1 1.82265E-1 1.78785E-1 1.80717E-1 1.82522E-1 1.69783E-1 1.59478E-1 1.63005E-1 1.60303E-1 1.5843E-1 1.56723E-1 1.37981E-1 1.73234E-1 1.59896E-1 1.24822E-1 1.30933E-1 1.24057E-1 1.30133E-1 1.31167E-1 1.30904E-1 1.30661E-1 1.34909E-1 1.45845E-1 1.5362E-1 1.38288E-1 1.31322E-1 1.313E-1 1.04989E-1 1.05587E-1 1.30901E-1 1.45429E-1 1.3235E-1 1.56017E-1 1.11833E-1 1.49459E-1 1.24897E-1 1.15656E-1 1.25007E-1 1.13203E-1 1.07883E-1 1.17259E-1 1.19083E-1 1.18424E-1 1.15916E-1 1.20178E-1 1.41639E-1 1.2574E-1 1.00699E-1 1.02539E-1
-9999 -9999 -9999 -9999 -9999 -9999 -9999 -9999 4.67474E-1 5.06721E-1 3.38082E-1 3.3956E-1 2.83244E-1 2.6403E-1 2.63936E-1 2.65273E-1 2.61472E-1 2.59027E-1 2.60116E-1 2.56603E-1 2.31279E-1 1.89625E-1 1.92463E-1 1.89613E-1 2.23629E-1 1.74412E-1 1.75708E-1 1.7021E-1 1.68574E-1 1.53165E-1 1.53334E-1 1.56948E-1 1.57854E-1 1.52581E-1 1.47218E-1 1.71456E-1 2.00796E-1 1.40407E-1 1.23908E-1 1.29475E-1 1.32311E-1 1.61033E-1 1.21374E-1 1.2149E-1 1.41225E-1 1.55237E-1 1.6481E-1 1.72483E-1 1.64967E-1 1.30862E-1 1.30632E-1 1.34447E-1 1.43998E-1 1.45936E-1 1.59725E-1 1.47584E-1 1.12849E-1 1.33771E-1 1.30639E-1 1.25139E-1 1.55148E-1 1.37321E-1 1.07561E-1 1.09589E-1 1.1741E-1 1.20896E-1 1.21909E-1 1.4628E-1 1.34069E-1 1.02489E-1 1.1233E-1 1.37112E-1
-9999 -9999 -9999 -9999 -9999 -9999 -9999 -9999 4.56107E-1 5.09564E-1 4.83429E-1 3.99147E-1 3.39563E-1 3.40811E-1 3.17953E-1 3.17461E-1 3.016E-1 2.57471E-1 3.14615E-1 2.34818E-1 2.28949E-1 2.42793E-1 2.37909E-1 2.37213E-1 2.21583E-1 2.14269E-1 1.79207E-1 2.17898E-1 2.09401E-1 1.92981E-1 1.59601E-1 1.61036E-1 1.96391E-1 1.78141E-1 1.42243E-1 1.59478E-1 1.63664E-1 1.78797E-1 1.0923E-1 1.62177E-1 1.89035E-1 1.72403E-1 1.46389E-1 1.24431E-1 1.42789E-1 1.95963E-1 1.90371E-1 1.49725E-1 1.564E-1 1.28672E-1 1.30995E-1 1.32924E-1 1.35717E-1 1.40502E-1 1.58453E-1 1.61755E-1 1.19768E-1 1.63654E-1 1.86351E-1 1.8746E-1 1.82786E-1 1.04853E-1 1.12822E-1 1.11221E-1 1.17695E-1 1.22282E-1 1.47594E-1 1.40968E-1 1.61487E-1 1.02573E-1 1.42474E-1 1.37911E-1
-9999 -9999 -9999 -9999 -9999 -9999 -9999 -9999 -9999 5.79132E-1 4.90354E-1 3.93613E-1 3.32042E-1 3.30845E-1 3.10703E-1 3.07638E-1 2.50133E-1 2.54081E-1 3.13089E-1 2.8379E-1 2.37943E-1 3.11327E-1 2.25608E-1 2.85843E-1 2.75477E-1 2.63787E-1 2.18822E-1 2.58583E-1 2.42873E-1 2.33615E-1 1.886E-1 1.90929E-1 2.36583E-1 2.16035E-1 1.65703E-1 1.37494E-1 1.52775E-1 1.91846E-1 1.36275E-1 1.98849E-1 1.79393E-1 1.70733E-1 1.35911E-1 1.12205E-1 1.69562E-1 1.91602E-1 1.86754E-1 1.427E-1 1.53132E-1 1.57061E-1 1.59889E-1 1.32545E-1 1.34309E-1 1.41888E-1 1.56041E-1 1.60456E-1 1.50042E-1 1.88578E-1 2.24015E-1 1.68706E-1 1.32976E-1 1.10462E-1 1.13984E-1 1.19748E-1 1.17999E-1 1.56891E-1 1.81292E-1 1.84674E-1 1.34113E-1 1.32287E-1 1.46108E-1 1.42317E-1
-9999 -9999 -9999 -9999 -9999 -9999 -9999 -9999 -9999 5.84944E-1 5.41349E-1 4.9703E-1 4.01306E-1 4.01781E-1 3.30571E-1 3.30963E-1 3.34435E-1 3.29839E-1 3.79677E-1 3.39766E-1 3.03518E-1 3.63328E-1 3.17384E-1 2.71385E-1 2.48176E-1 2.55467E-1 2.51397E-1 2.91522E-1 2.23581E-1 2.15791E-1 2.22026E-1 1.7277E-1 2.32521E-1 2.5201E-1 2.00346E-1 1.27759E-1 1.47931E-1 2.23487E-1 1.68412E-1 2.80217E-1 3.15328E-1 1.87189E-1 1.31323E-1 1.45915E-1 1.94221E-1 2.66634E-1 2.19721E-1 1.84515E-1 1.4174E-1 1.50425E-1 1.93464E-1 1.76457E-1 1.20753E-1 1.27732E-1 1.40176E-1 1.5868E-1 2.3797E-1 2.21527E-1 2.23023E-1 1.66417E-1 1.41476E-1 1.4573E-1 1.37608E-1 1.5061E-1 1.52967E-1 2.39366E-1 2.22416E-1 2.00199E-1 1.33751E-1 1.43677E-1 1.43688E-1 1.97412E-1
-9999 -9999 -9999 -9999 -9999 -9999 -9999 -9999 -9999 5.81819E-1 5.69653E-1 5.43958E-1 5.36065E-1 4.80343E-1 4.74823E-1 4.7555E-1 4.68819E-1 4.67152E-1 4.8403E-1 4.21937E-1 3.3654E-1 2.74037E-1 3.24685E-1 3.16853E-1 3.09021E-1 3.0735E-1 2.97516E-1 3.5388E-1 3.24041E-1 2.12975E-1 2.6218E-1 1.91527E-1 2.22202E-1 3.11092E-1 1.97134E-1 1.57372E-1 1.72491E-1 2.10307E-1 2.20225E-1 3.278E-1 2.72757E-1 1.78136E-1 1.48635E-1 1.40428E-1 2.72478E-1 2.97206E-1 2.08621E-1 1.95975E-1 1.66352E-1 1.75691E-1 1.78088E-1 1.4386E-1 1.47385E-1 1.54225E-1 1.5377E-1 1.88421E-1 2.65376E-1 2.15978E-1 2.76625E-1 1.99814E-1 1.50033E-1 1.74195E-1 1.38088E-1 1.456E-1 1.97158E-1 2.76512E-1 2.0792E-1 2.0903E-1 1.67983E-1 1.82956E-1 1.84818E-1 2.44692E-1
-9999 -9999 -9999 -9999 -9999 -9999 -9999 -9999 -9999 -9999 5.75102E-1 5.36406E-1 5.32924E-1 5.39094E-1 5.06135E-1 5.11523E-1 4.61734E-1 4.37522E-1 4.33871E-1 4.205E-1 3.55091E-1 3.44831E-1 3.98203E-1 3.8916E-1 3.60805E-1 4.01716E-1 3.73377E-1 3.63041E-1 3.38556E-1 3.05166E-1 2.50352E-1 2.53639E-1 1.98113E-1 3.19902E-1 2.16281E-1 1.85779E-1 1.63358E-1 2.55009E-1 3.40952E-1 3.15672E-1 2.5714E-1 1.42287E-1 1.459E-1 1.74814E-1 3.17748E-1 2.80977E-1 2.49546E-1 2.37675E-1 1.93687E-1 1.61938E-1 1.72251E-1 1.79385E-1 1.71676E-1 1.42418E-1 1.49354E-1 1.6525E-1 2.76021E-1 3.71187E-1 2.86313E-1 1.54318E-1 1.32647E-1 1.78448E-1 1.66269E-1 1.88028E-1 2.88073E-1 2.77097E-1 3.13804E-1 2.51754E-1 2.0781E-1 1.80343E-1 2.43895E-1 2.99505E-1
-9999 -9999 -9999 -9999 -9999 -9999 -9999 -9999 -9999 -9999 -9999 5.73099E-1 5.44001E-1 5.38899E-1 5.38505E-1 4.99133E-1 4.89515E-1 4.5036E-1 4.6079E-1 4.56823E-1 4.95541E-1 4.31576E-1 4.21452E-1 4.05166E-1 3.81654E-1 3.73511E-1 3.57607E-1 3.48968E-1 3.29163E-1 3.32264E-1 2.81907E-1 2.45133E-1 3.09909E-1 3.1943E-1 2.01652E-1 1.99242E-1 2.41489E-1 3.35854E-1 3.18535E-1 2.89654E-1 2.35323E-1 1.38363E-1 1.90825E-1 2.35755E-1 3.03346E-1 2.72581E-1 3.11115E-1 2.7382E-1 2.31069E-1 1.92662E-1 2.14201E-1 2.48352E-1 2.05155E-1 1.71172E-1 1.84958E-1 1.62777E-1 2.64435E-1 3.77482E-1 2.68019E-1 1.86208E-1 1.68394E-1 2.17601E-1 2.22863E-1 3.50591E-1 4.14189E-1 4.24825E-1 2.41119E-1 2.06934E-1 2.52532E-1 2.18299E-1 3.02403E-1 4.05946E-1
-9999 -9999 -9999 -9999 -9999 -9999 -9999 -9999 -9999 -9999 -9999 -9999 5.69587E-1 5.4047E-1 5.35977E-1 4.9545E-1 5.07236E-1 4.97963E-1 5.08678E-1 4.72822E-1 4.62782E-1 4.27498E-1 4.18622E-1 3.85984E-1 3.85955E-1 3.6124E-1 3.63834E-1 3.57681E-1 3.24592E-1 3.08575E-1 2.29871E-1 2.45664E-1 3.41259E-1 2.80995E-1 2.1231E-1 2.94589E-1 3.29877E-1 3.19231E-1 2.84973E-1 2.52295E-1 2.09683E-1 1.70058E-1 3.04759E-1 2.94885E-1 2.84327E-1 2.9291E-1 2.75464E-1 2.56479E-1 2.62371E-1 2.20895E-1 1.84616E-1 3.02381E-1 2.36244E-1 2.451E-1 1.99677E-1 1.7452E-1 2.49051E-1 3.53668E-1 2.21637E-1 1.77685E-1 2.04954E-1 3.3461E-1 4.18154E-1 4.04199E-1 3.90924E-1 3.52857E-1 2.8126E-1 2.15993E-1 2.60685E-1 2.68951E-1 3.72519E-1 4.75402E-1
-9999 -9999 -9999 -9999 -9999 -9999 -9999 -9999 -9999 -9999 -9999 -9999 -9999 5.63248E-1 5.34899E-1 5.3016E-1 4.98327E-1 4.99755E-1 4.74598E-1 4.64753E-1 4.53799E-1 4.62162E-1 4.00193E-1 3.97312E-1 3.77503E-1 3.5246E-1 3.44397E-1 3.44087E-1 3.2215E-1 3.20646E-1 3.2427E-1 3.28741E-1 3.19263E-1 2.97201E-1 3.10437E-1 2.97038E-1 3.16248E-1 2.75103E-1 2.46116E-1 2.41629E-1 2.01564E-1 3.05493E-1 3.02351E-1 2.89893E-1 2.5833E-1 2.70948E-1 2.76436E-1 2.87275E-1 2.7312E-1 2.51996E-1 2.62888E-1 2.36759E-1 3.25502E-1 3.03503E-1 2.21237E-1 2.01197E-1 2.82641E-1 3.49954E-1 2.91007E-1 2.93714E-1 4.09745E-1 3.90924E-1 3.67195E-1 3.41623E-1 3.45219E-1 3.1431E-1 2.83322E-1 2.93738E-1 4.02E-1 3.86748E-1 4.6423E-1 4.63207E-1
-9999 -9999 -9999 -9999 -9999 -9999 -9999 -9999 -9999 -9999 -9999 -9999 -9999 -9999 5.63454E-1 5.38129E-1 5.13246E-1 5.12106E-1 4.99182E-1 4.49451E-1 4.30395E-1 4.29742E-1 3.82069E-1 3.88168E-1 3.66394E-1 3.54676E-1 3.53136E-1 3.39113E-1 3.25983E-1 3.07942E-1 3.01782E-1 2.94874E-1 3.01292E-1 3.05218E-1 2.87465E-1 2.9683E-1 2.79807E-1 2.39355E-1 2.49975E-1 2.55459E-1 2.80046E-1 2.89088E-1 2.78191E-1 2.7044E-1 2.48185E-1 2.58797E-1 2.75268E-1 2.88701E-1 2.64728E-1 2.54359E-1 2.64158E-1 2.81055E-1 3.08394E-1 2.88589E-1 2.66205E-1 2.38094E-1 3.31017E-1 3.71276E-1 3.58815E-1 3.57739E-1 3.34589E-1 3.73731E-1 3.27636E-1 3.25916E-1 2.95437E-1 3.31786E-1 2.73884E-1 2.78331E-1 3.04732E-1 4.48084E-1 4.43069E-1 4.35795E-1
-9999 -9999 -9999 -9999 -9999 -9999 -9999 -9999 -9999 -9999 -9999 -9999 -9999 -9999 -9999 5.65848E-1 5.15406E-1 5.0011E-1 5.08198E-1 4.5045E-1 4.24262E-1 4.28321E-1 3.96695E-1 3.56141E-1 3.55666E-1 3.50904E-1 3.52769E-1 3.42915E-1 3.02916E-1 2.91773E-1 2.93262E-1 3.05689E-1 2.99104E-1 2.83208E-1 2.78199E-1 2.84819E-1 2.45767E-1 2.33913E-1 2.67944E-1 2.64131E-1 2.81662E-1 2.7828E-1 2.62631E-1 2.3263E-1 2.37855E-1 2.70161E-1 2.74173E-1 2.6296E-1 2.64438E-1 2.50265E-1 2.69693E-1 3.11537E-1 2.67032E-1 2.86807E-1 2.80146E-1 2.21362E-1 3.46758E-1 3.53792E-1 3.3952E-1 3.45961E-1 3.09926E-1 3.59078E-1 3.56684E-1 3.17217E-1 3.13354E-1 3.41283E-1 3.25072E-1 3.82044E-1 4.4037E-1 4.45301E-1 4.30296E-1 4.024E-1
-9999 -9999 -9999 -9999 -9999 -9999 -9999 -9999 -9999 -9999 -9999 -9999 -9999 -9999 -9999 5.58393E-1 5.05241E-1 4.86501E-1 4.85393E-1 4.57989E-1 4.14906E-1 4.12102E-1 3.79825E-1 3.66474E-1 3.66498E-1 3.77827E-1 3.55139E-1 3.16615E-1 2.86308E-1 2.79986E-1 2.71554E-1 2.77049E-1 2.91363E-1 2.65137E-1 2.73601E-1 2.5899E-1 2.45449E-1 2.69742E-1 2.73578E-1 2.57777E-1 2.67058E-1 2.43859E-1 2.44173E-1 2.24099E-1 2.26087E-1 2.51567E-1 2.73955E-1 2.59592E-1 2.64018E-1 2.53533E-1 2.67074E-1 2.92162E-1 2.79186E-1 2.73635E-1 2.88566E-1 3.21038E-1 3.46524E-1 3.57763E-1 3.29834E-1 3.00097E-1 2.86821E-1 3.42633E-1 3.31742E-1 3.06674E-1 3.41036E-1 3.64448E-1 3.6864E-1 3.77229E-1 4.12564E-1 4.17335E-1 4.13137E-1 3.65882E-1
-9999 -9999 -9999 -9999 -9999 -9999 -9999 -9999 -9999 -9999 -9999 -9999 -9999 -9999 -9999 5.46336E-1 5.21287E-1 5.03218E-1 4.57252E-1 4.44401E-1 4.27145E-1 4.25526E-1 3.9422E-1 3.64075E-1 3.69013E-1 3.67191E-1 3.24294E-1 3.02338E-1 2.81298E-1 2.70255E-1 2.65264E-1 2.67359E-1 2.86728E-1 2.53824E-1 2.76444E-1 2.52455E-1 2.55076E-1 2.39389E-1 2.48678E-1 2.47906E-1 2.31207E-1 2.24737E-1 2.16275E-1 2.16275E-1 2.37433E-1 2.46208E-1 2.77125E-1 2.42473E-1 2.37069E-1 2.22754E-1 2.45578E-1 2.53975E-1 2.92137E-1 2.55169E-1 3.04154E-1 3.23589E-1 3.35013E-1 3.21105E-1 3.00531E-1 2.84031E-1 3.04522E-1 3.28171E-1 3.08312E-1 3.01038E-1 3.31841E-1 3.70805E-1 3.9714E-1 3.75569E-1 4.04534E-1 4.29765E-1 4.06671E-1 3.54933E-1
-9999 -9999 -9999 -9999 -9999 -9999 -9999 -9999 -9999 -9999 -9999 -9999 -9999 -9999 5.89321E-1 5.71059E-1 5.08169E-1 4.92712E-1 4.57279E-1 4.29299E-1 4.16211E-1 4.04596E-1 3.97116E-1 3.57395E-1 3.41466E-1 3.38001E-1 3.02498E-1 2.88426E-1 2.7541E-1 2.92762E-1 2.57232E-1 2.74182E-1 2.49736E-1 2.58498E-1 2.70274E-1 2.46982E-1 2.45389E-1 2.48047E-1 2.38944E-1 2.29535E-1 2.11632E-1 2.14468E-1 2.26305E-1 2.27702E-1 2.28958E-1 2.31225E-1 2.68909E-1 2.5545E-1 2.34677E-1 2.29845E-1 2.49347E-1 2.64959E-1 2.76971E-1 2.63523E-1 3.19946E-1 3.01644E-1 3.13555E-1 2.93876E-1 2.79922E-1 2.77271E-1 3.29434E-1 3.17426E-1 3.18705E-1 3.04493E-1 3.49061E-1 3.79019E-1 3.68071E-1 3.67509E-1 3.94133E-1 4.06016E-1 3.97389E-1 3.51833E-1
-9999 -9999 -9999 -9999 -9999 -9999 -9999 -9999 -9999 -9999 -9999 -9999 -9999 -9999 5.75956E-1 5.3479E-1 5.16958E-1 4.79041E-1 4.72382E-1 4.28882E-1 4.13026E-1 3.84876E-1 3.7674E-1 3.79274E-1 3.35611E-1 3.26428E-1 2.84712E-1 2.77268E-1 2.73155E-1 2.79023E-1 2.59217E-1 2.63116E-1 2.58272E-1 2.63445E-1 2.43491E-1 2.31809E-1 2.4209E-1 2.24354E-1 2.19471E-1 2.05935E-1 2.01564E-1 2.12565E-1 2.18612E-1 2.08775E-1 2.23099E-1 2.24696E-1 2.61198E-1 2.27941E-1 2.15463E-1 2.23786E-1 2.50205E-1 2.56873E-1 2.88633E-1 2.92793E-1 3.04431E-1 3.17435E-1 2.92248E-1 2.92312E-1 2.71639E-1 2.81691E-1 3.18272E-1 2.95734E-1 3.14714E-1 2.90976E-1 3.25832E-1 3.43112E-1 3.44261E-1 3.31565E-1 3.88446E-1 3.88941E-1 4.01092E-1 3.66171E-1
-9999 -9999 -9999 -9999 -9999 -9999 -9999 -9999 -9999 -9999 -9999 -9999 -9999 -9999 5.47196E-1 5.33282E-1 4.8691E-1 4.64417E-1 4.55172E-1 4.40701E-1 3.91173E-1 3.78292E-1 3.65353E-1 3.63119E-1 3.3521E-1 3.19286E-1 2.75368E-1 3.05196E-1 2.67906E-1 2.678E-1 2.52116E-1 2.50833E-1 2.54568E-1 2.51071E-1 2.21462E-1 2.30315E-1 2.30109E-1 2.24465E-1 2.117E-1 1.9536E-1 1.99515E-1 1.94764E-1 2.20721E-1 1.99088E-1 2.3072E-1 2.43561E-1 2.55551E-1 2.30549E-1 2.10952E-1 2.34412E-1 2.32944E-1 2.66192E-1 2.82114E-1 2.87269E-1 2.92361E-1 2.9132E-1 2.85622E-1 2.82065E-1 2.5662E-1 2.70423E-1 2.90756E-1 3.2025E-1 2.97813E-1 3.06994E-1 3.27525E-1 3.22749E-1 3.33876E-1 3.23631E-1 3.64063E-1 3.8129E-1 3.93429E-1 3.87108E-1
-9999 -9999 -9999 -9999 -9999 -9999 -9999 -9999 -9999 -9999 -9999 -9999 -9999 -9999 -9999 5.44644E-1 4.81645E-1 4.6284E-1 4.64812E-1 4.36152E-1 4.16122E-1 3.79108E-1 3.70274E-1 3.56004E-1 3.35036E-1 3.05499E-1 2.96695E-1 2.83474E-1 2.87484E-1 2.73581E-1 2.44998E-1 2.60035E-1 2.46644E-1 2.4043E-1 2.35972E-1 2.1851E-1 2.19007E-1 1.9832E-1 2.05529E-1 1.99846E-1 2.05292E-1 1.92823E-1 1.97695E-1 2.10919E-1 2.32569E-1 2.47722E-1 2.27865E-1 2.11783E-1 2.10127E-1 2.25332E-1 2.2849E-1 2.54416E-1 2.71769E-1 2.82222E-1 2.62662E-1 2.77636E-1 2.64302E-1 2.70616E-1 2.61458E-1 2.76877E-1 2.88735E-1 3.13329E-1 2.92803E-1 3.26076E-1 3.22918E-1 3.12447E-1 3.1005E-1 3.2119E-1 3.53958E-1 3.83927E-1 3.88238E-1 3.86576E-1
-9999 -9999 -9999 -9999 -9999 -9999 -9999 -9999 -9999 -9999 -9999 -9999 -9999 6.22131E-1 5.44944E-1 5.32131E-1 5.32948E-1 4.65614E-1 4.39648E-1 4.31157E-1 4.1262E-1 3.87031E-1 3.58099E-1 3.45137E-1 3.33185E-1 3.13098E-1 2.85307E-1 2.81954E-1 2.79655E-1 2.62971E-1 2.47755E-1 2.50993E-1 2.31247E-1 2.29683E-1 2.25436E-1 2.02615E-1 2.11838E-1 1.9499E-1 1.96883E-1 1.98694E-1 2.02209E-1 1.8812E-1 1.93384E-1 1.95554E-1 2.25189E-1 2.12598E-1 2.17757E-1 2.07898E-1 2.03644E-1 2.28306E-1 2.30829E-1 2.50519E-1 2.55973E-1 2.56056E-1 2.36263E-1 2.39145E-1 2.52918E-1 2.552E-1 2.70529E-1 2.62884E-1 2.77872E-1 3.04657E-1 3.03746E-1 2.93774E-1 3.0372E-1 3.21553E-1 2.95271E-1 3.14037E-1 3.40334E-1 3.75334E-1 3.9527E-1 3.95415E-1
-9999 -9999 -9999 -9999 -9999 -9999 -9999 -9999 -9999 -9999 -9999 -9999 6.21923E-1 5.9341E-1 5.28164E-1 5.26529E-1 5.18772E-1 4.69116E-1 4.40155E-1 4.17423E-1 4.0013E-1 3.89167E-1 3.51084E-1 3.38553E-1 3.18126E-1 2.99745E-1 2.87531E-1 2.80838E-1 2.62679E-1 2.48308E-1 2.45253E-1 2.43745E-1 2.41762E-1 2.28797E-1 1.96434E-1 1.9814E-1 2.00224E-1 1.9791E-1 1.85217E-1 2.11592E-1 1.90932E-1 1.85388E-1 1.96652E-1 2.18913E-1 2.23966E-1 2.20413E-1 2.14742E-1 1.967E-1 1.95648E-1 2.04782E-1 2.30958E-1 2.36892E-1 2.42196E-1 2.64302E-1 2.49962E-1 2.35443E-1 2.40278E-1 2.53581E-1 2.61704E-1 2.63843E-1 2.7358E-1 3.06218E-1 3.01423E-1 3.03025E-1 3.16245E-1 3.08445E-1 3.1459E-1 3.27915E-1 3.16454E-1 3.44406E-1 3.38241E-1 3.71206E-1
