Artocarpus altilis SDM files/MIS19/results (without bias file)/Artalt_7.asc
ncols         1201
nrows         481
xllcorner     119.99986351115
yllcorner     -15.00013828885
cellsize      0.041666667
NODATA_value  -9999
[rows 448 to 479 of 481, columns 216 to 287 of 1201]
-9999 -9999 -9999 -9999 -9999 -9999 -9999 -9999 -9999 -9999 -9999 -9999 -9999 -9999 -9999 -9999 -9999 -9999 4.53138E-2 5.14324E-2 5.8578E-2 6.991E-2 4.05754E-2 2.7812E-2 1.92016E-2 2.06507E-2 1.45139E-2 1.6135E-2 1.44311E-2 1.27225E-2 9.01497E-3 6.23658E-3 5.41707E-3 4.79556E-3 4.2852E-3 3.8833E-3 2.65843E-3 3.04272E-3 2.10677E-3 1.85972E-3 2.23055E-3 3.31334E-3 1.13855E-2 5.33539E-3 3.85909E-3 6.13593E-3 5.97919E-3 4.47965E-3 3.30835E-3 2.36097E-3 2.97679E-3 2.03356E-3 2.73397E-3 3.3845E-3 3.30641E-3 2.24816E-3 2.11524E-3 1.98695E-3 2.73761E-3 4.60339E-3 1.24556E-2 1.60967E-2 1.62291E-2 1.25494E-2 9.2024E-3 4.45776E-3 3.55325E-3 7.83652E-3 4.22362E-3 2.71378E-3 2.67234E-3 2.12337E-3
-9999 -9999 -9999 -9999 -9999 -9999 -9999 -9999 -9999 -9999 -9999 -9999 -9999 -9999 -9999 -9999 -9999 -9999 4.30809E-2 4.80174E-2 5.89221E-2 4.16984E-2 3.75078E-2 3.31235E-2 2.27821E-2 2.50731E-2 1.8055E-2 1.1819E-2 1.33264E-2 1.583E-2 8.40399E-3 7.47598E-3 5.19333E-3 4.53322E-3 3.99413E-3 3.61948E-3 2.48938E-3 2.25572E-3 2.69891E-3 2.35259E-3 2.21785E-3 4.13805E-3 1.1321E-2 2.32877E-3 2.86674E-3 3.49788E-3 4.43387E-3 3.46507E-3 2.44283E-3 2.25537E-3 2.15268E-3 2.14079E-3 2.59613E-3 3.30146E-3 2.57298E-3 2.16179E-3 1.57032E-3 2.01597E-3 2.78308E-3 2.28908E-3 4.20859E-3 1.56242E-2 8.02048E-3 7.75066E-3 8.23341E-3 5.98488E-3 4.8642E-3 7.8768E-3 4.45632E-3 4.38191E-3 3.34926E-3 3.2251E-3
-9999 -9999 -9999 -9999 -9999 -9999 -9999 -9999 -9999 -9999 -9999 -9999 -9999 -9999 -9999 -9999 -9999 -9999 3.76974E-2 3.80465E-2 3.53618E-2 3.06424E-2 2.71666E-2 2.38576E-2 2.04595E-2 2.33748E-2 1.72333E-2 1.18227E-2 1.26003E-2 1.45509E-2 1.02653E-2 7.27117E-3 4.8196E-3 4.18589E-3 3.6536E-3 3.32537E-3 3.07141E-3 2.74834E-3 2.02245E-3 2.37895E-3 2.09082E-3 3.15865E-3 1.09659E-2 1.50799E-3 2.1965E-3 2.6774E-3 4.17148E-3 3.28023E-3 3.11156E-3 1.66665E-3 1.55315E-3 2.03915E-3 2.59335E-3 2.54815E-3 2.47883E-3 1.53628E-3 1.50569E-3 1.542E-3 2.07246E-3 1.64201E-3 1.51759E-3 4.01014E-3 8.67882E-3 5.55373E-3 8.3218E-3 8.31957E-3 6.09472E-3 7.6684E-3 5.97643E-3 4.34259E-3 4.10509E-3 4.83579E-3
-9999 -9999 -9999 -9999 -9999 -9999 -9999 -9999 -9999 -9999 -9999 -9999 -9999 -9999 -9999 -9999 -9999 -9999 2.86082E-2 3.50261E-2 3.20928E-2 2.74027E-2 2.45238E-2 2.17343E-2 1.89859E-2 2.17046E-2 2.60016E-2 1.43729E-2 1.23749E-2 1.0554E-2 1.21292E-2 6.87387E-3 5.94482E-3 4.16761E-3 3.60254E-3 3.15811E-3 2.9169E-3 2.68962E-3 2.39908E-3 2.24271E-3 2.05088E-3 2.42115E-3 2.38613E-3 1.65551E-3 2.69697E-3 2.56621E-3 3.17688E-3 3.17994E-3 2.37012E-3 1.6676E-3 1.48678E-3 2.04967E-3 1.89773E-3 1.29199E-3 1.20036E-3 1.15094E-3 1.20158E-3 1.55227E-3 1.50437E-3 1.33961E-3 1.64836E-3 2.27063E-3 1.40974E-2 8.5374E-3 7.94272E-3 9.8875E-3 9.816E-3 9.42887E-3 7.58122E-3 5.57095E-3 5.10259E-3 4.87579E-3
-9999 -9999 -9999 -9999 -9999 -9999 -9999 -9999 -9999 -9999 -9999 -9999 -9999 -9999 -9999 -9999 -9999 3.63321E-2 4.46473E-2 4.30623E-2 3.03696E-2 2.55617E-2 2.86718E-2 2.68876E-2 2.40474E-2 2.61063E-2 3.12608E-2 1.72205E-2 1.13769E-2 1.01191E-2 1.16298E-2 8.01125E-3 7.19574E-3 3.92112E-3 3.46986E-3 3.00019E-3 2.79867E-3 2.51286E-3 2.35899E-3 2.22994E-3 1.99647E-3 1.85876E-3 1.72401E-3 1.64837E-3 2.55305E-3 3.24669E-3 2.51343E-3 2.32027E-3 1.0517E-3 1.08454E-3 1.03624E-3 1.43763E-3 9.29143E-4 9.33702E-4 1.38993E-3 1.29367E-3 1.20441E-3 1.57557E-3 1.95073E-3 1.92866E-3 1.80877E-3 2.25098E-3 7.86169E-3 1.70245E-2 9.97973E-3 1.22806E-2 1.48637E-2 1.26512E-2 7.30662E-3 7.00403E-3 4.8535E-3 4.82243E-3
-9999 -9999 -9999 -9999 -9999 -9999 -9999 -9999 -9999 -9999 -9999 -9999 -9999 -9999 -9999 -9999 -9999 4.58802E-2 5.4365E-2 5.21705E-2 2.91394E-2 2.46455E-2 2.12349E-2 1.89918E-2 2.09122E-2 3.13863E-2 2.82255E-2 3.07786E-2 2.8732E-2 1.24196E-2 1.37441E-2 1.31255E-2 5.49136E-3 3.72512E-3 3.28095E-3 2.90325E-3 3.30028E-3 3.11232E-3 2.81313E-3 4.32121E-3 2.52335E-3 1.91927E-3 1.35387E-3 1.58803E-3 2.48267E-3 6.94023E-3 1.53213E-3 1.09717E-3 1.01305E-3 1.05718E-3 1.08312E-3 1.11002E-3 9.50007E-4 1.32568E-3 1.71347E-3 1.64563E-3 1.61022E-3 1.98744E-3 1.92663E-3 2.41511E-3 2.34852E-3 2.86573E-3 3.54034E-3 1.34034E-2 4.39075E-3 9.49756E-3 1.57791E-2 7.10852E-3 5.63414E-3 4.32475E-3 4.15262E-3 3.01201E-3
-9999 -9999 -9999 -9999 -9999 -9999 -9999 -9999 -9999 -9999 -9999 -9999 -9999 -9999 -9999 -9999 -9999 4.28255E-2 4.07376E-2 3.85713E-2 3.3431E-2 2.39835E-2 1.57114E-2 1.70576E-2 2.44571E-2 3.87945E-2 2.13021E-2 2.31217E-2 3.45229E-2 5.23614E-2 3.00896E-2 7.58076E-3 5.09464E-3 3.53779E-3 3.04272E-3 3.48869E-3 3.15659E-3 3.77423E-3 2.80893E-3 4.17048E-3 4.07648E-3 2.36479E-3 1.66652E-3 1.56835E-3 1.8942E-3 1.15483E-3 1.1109E-3 1.03212E-3 1.02756E-3 1.07947E-3 1.49109E-3 1.8519E-3 1.38129E-3 8.57915E-4 1.19789E-3 1.56748E-3 2.01855E-3 2.46319E-3 2.43016E-3 2.36316E-3 2.9806E-3 3.64807E-3 2.42235E-3 5.54302E-3 7.17839E-3 9.2366E-3 6.13887E-3 3.96386E-3 3.99032E-3 4.44327E-3 2.83734E-3 3.01292E-3
-9999 -9999 -9999 -9999 -9999 -9999 -9999 -9999 -9999 -9999 -9999 -9999 -9999 -9999 -9999 -9999 -9999 2.45421E-2 2.84461E-2 2.48599E-2 3.88757E-2 2.76629E-2 1.45185E-2 1.60599E-2 1.83635E-2 1.72955E-2 1.4756E-2 1.30051E-2 1.48047E-2 6.02395E-2 2.22892E-2 7.27025E-3 4.84012E-3 4.24333E-3 2.85304E-3 3.21195E-3 3.03467E-3 2.88082E-3 2.00147E-3 2.41105E-3 4.85656E-3 4.99354E-3 2.15362E-3 2.6008E-3 1.30943E-3 1.33562E-3 1.11635E-3 1.11519E-3 1.18473E-3 1.02528E-3 1.41587E-3 1.85625E-3 7.51487E-4 1.15304E-3 1.59203E-3 1.93077E-3 2.41279E-3 3.10673E-3 4.07068E-3 3.06181E-3 3.82565E-3 3.65664E-3 2.123E-3 4.09746E-3 1.43686E-2 1.18814E-2 1.14133E-2 5.85203E-3 2.93155E-3 3.07408E-3 2.87912E-3 2.2797E-3
-9999 -9999 -9999 -9999 -9999 -9999 -9999 -9999 -9999 -9999 -9999 -9999 -9999 -9999 -9999 -9999 -9999 2.16563E-2 2.02915E-2 2.30803E-2 3.44721E-2 2.01011E-2 1.73084E-2 1.91492E-2 1.70449E-2 1.517E-2 1.33123E-2 1.20689E-2 1.74043E-2 2.80534E-2 9.6136E-3 6.64926E-3 5.88679E-3 4.01114E-3 2.72648E-3 3.13864E-3 2.8973E-3 2.70445E-3 1.90735E-3 2.27529E-3 7.45379E-3 2.14783E-2 4.71725E-3 2.42697E-3 1.12647E-3 1.17013E-3 1.10632E-3 1.20088E-3 1.50741E-3 1.05856E-3 1.77496E-3 1.71786E-3 7.88263E-4 7.40119E-4 9.12259E-4 1.37766E-3 3.03374E-3 5.18666E-3 2.47808E-3 1.71952E-3 1.66962E-3 2.23606E-3 1.52241E-3 1.42739E-3 1.08079E-2 1.11582E-2 7.83996E-3 3.72571E-3 2.83694E-3 2.78501E-3 2.11375E-3 3.07725E-3
-9999 -9999 -9999 -9999 -9999 -9999 -9999 -9999 -9999 -9999 -9999 -9999 -9999 -9999 3.58437E-2 3.11954E-2 3.62941E-2 2.72928E-2 1.96475E-2 1.71661E-2 1.92648E-2 1.3664E-2 1.51154E-2 1.82839E-2 2.13021E-2 1.16494E-2 1.25322E-2 1.84103E-2 1.75019E-2 9.74638E-3 8.92041E-3 6.14031E-3 4.28465E-3 3.70864E-3 3.38335E-3 3.07325E-3 2.76614E-3 2.61919E-3 2.36638E-3 3.76443E-3 5.70805E-3 1.58613E-2 7.6392E-3 4.22446E-3 1.04642E-3 1.23521E-3 1.07072E-3 1.54775E-3 1.36877E-3 1.75354E-3 2.23195E-3 2.22051E-3 9.66971E-4 6.55826E-4 1.03528E-3 1.83142E-3 2.30293E-3 2.74032E-3 2.49059E-3 1.1221E-3 1.14389E-3 1.19019E-3 1.10548E-3 1.53537E-3 3.66814E-3 1.31781E-2 5.03318E-3 2.77588E-3 2.75873E-3 2.01336E-3 1.89354E-3 2.16276E-3
-9999 -9999 -9999 -9999 -9999 -9999 -9999 -9999 -9999 -9999 -9999 4.512E-2 3.96692E-2 2.63188E-2 3.14853E-2 3.67884E-2 3.4023E-2 2.59519E-2 1.7576E-2 1.58635E-2 1.39822E-2 1.26176E-2 1.13324E-2 1.3027E-2 1.14837E-2 8.01976E-3 7.06532E-3 1.6612E-2 2.07687E-2 1.21314E-2 6.37479E-3 4.44704E-3 3.88038E-3 3.41419E-3 3.14718E-3 2.79371E-3 3.28958E-3 3.14667E-3 2.98486E-3 4.74713E-3 2.40077E-3 2.07083E-3 1.13711E-2 4.56389E-3 8.75919E-4 1.02938E-3 9.74403E-4 1.4394E-3 1.66589E-3 1.6689E-3 2.92488E-3 1.23275E-3 8.10713E-4 6.31886E-4 8.29317E-4 1.14284E-3 2.20372E-3 1.77744E-3 1.09897E-3 7.84471E-4 1.37163E-3 1.42289E-3 1.8413E-3 2.26094E-3 2.15361E-3 5.97277E-3 5.64669E-3 1.814E-3 2.71191E-3 3.34192E-3 2.12506E-3 1.81886E-3
-9999 -9999 -9999 -9999 -9999 -9999 -9999 -9999 -9999 -9999 -9999 2.96878E-2 3.58437E-2 2.51259E-2 2.99232E-2 3.30725E-2 5.06584E-2 3.0207E-2 2.08631E-2 1.51409E-2 1.31632E-2 1.16545E-2 1.03727E-2 9.27156E-3 8.52279E-3 5.86625E-3 6.25334E-3 9.1116E-3 2.40651E-2 1.09465E-2 5.85744E-3 5.04016E-3 4.63844E-3 4.20443E-3 2.967E-3 3.34545E-3 4.02231E-3 7.99577E-3 4.85137E-3 1.23743E-2 3.9585E-3 1.08452E-2 1.15594E-2 1.63303E-3 1.74331E-3 1.25844E-3 1.10616E-3 1.8142E-3 1.54694E-3 1.49052E-3 2.06095E-3 1.24299E-3 8.69234E-4 8.30756E-4 6.01487E-4 7.89298E-4 1.48665E-3 1.1948E-3 7.50536E-4 1.36259E-3 2.39842E-3 3.01568E-3 2.89635E-3 3.67561E-3 2.76451E-3 4.60157E-3 1.98999E-3 1.31103E-3 1.84701E-3 1.81562E-3 1.78523E-3 2.11031E-3
-9999 -9999 -9999 -9999 -9999 -9999 -9999 -9999 -9999 -9999 -9999 3.51882E-2 2.62051E-2 2.40981E-2 2.13564E-2 2.35058E-2 3.65921E-2 3.44933E-2 1.92768E-2 1.36046E-2 1.14923E-2 1.34555E-2 9.44665E-3 8.40399E-3 7.40399E-3 6.58604E-3 5.91149E-3 6.76443E-3 1.03849E-2 7.49745E-3 6.82722E-3 5.98756E-3 5.34866E-3 4.93666E-3 3.4841E-3 3.18941E-3 4.83686E-3 9.49282E-3 2.54428E-2 3.02542E-2 2.48991E-2 1.42811E-2 1.77639E-2 1.36055E-2 2.05858E-3 1.50982E-3 1.09975E-3 1.50384E-3 2.15262E-3 1.82187E-3 2.53095E-3 2.25747E-3 1.18095E-3 1.04012E-3 7.71024E-4 7.40284E-4 6.82309E-4 9.16907E-4 8.5027E-4 1.85739E-3 2.41828E-3 2.92438E-3 3.74071E-3 4.71723E-3 4.77168E-3 4.51612E-3 1.95721E-3 1.27504E-3 9.21573E-4 8.12445E-4 8.94736E-4 1.10246E-3
-9999 -9999 -9999 -9999 -9999 -9999 -9999 -9999 -9999 -9999 3.31277E-2 3.20731E-2 2.42177E-2 2.61614E-2 2.41772E-2 2.16268E-2 3.19959E-2 3.08624E-2 1.84115E-2 1.19933E-2 1.06677E-2 1.19731E-2 8.80929E-3 7.61967E-3 6.52463E-3 6.168E-3 6.73072E-3 9.90132E-3 1.48332E-2 2.22974E-2 1.68993E-2 9.20128E-3 2.22545E-2 2.82717E-2 5.50258E-3 6.38217E-3 1.60771E-2 3.16821E-2 2.77487E-2 2.67766E-2 2.97036E-2 2.35661E-2 2.66244E-2 2.65681E-2 4.78608E-3 1.3251E-3 1.24255E-3 1.55494E-3 1.78774E-3 1.68473E-3 2.21819E-3 2.25811E-3 1.36399E-3 1.00325E-3 1.01502E-3 7.51089E-4 1.05341E-3 6.13423E-4 6.18617E-4 1.0972E-3 1.50233E-3 1.96261E-3 1.66124E-3 2.296E-3 2.05063E-3 1.78872E-3 1.96099E-3 1.29786E-3 8.93491E-4 6.52709E-4 8.99367E-4 7.45815E-4
-9999 -9999 -9999 -9999 -9999 -9999 -9999 -9999 -9999 2.46486E-2 3.01921E-2 3.66304E-2 2.72928E-2 2.38428E-2 2.13207E-2 2.48261E-2 3.77528E-2 2.89439E-2 1.6155E-2 1.40371E-2 9.67014E-3 8.56277E-3 7.87101E-3 6.93638E-3 6.05349E-3 6.63474E-3 2.13999E-2 5.43977E-2 4.94145E-2 5.45462E-2 5.17797E-2 4.79557E-2 4.48683E-2 4.44785E-2 1.9044E-2 2.7556E-2 3.28322E-2 3.01307E-2 2.7946E-2 2.86368E-2 2.52716E-2 2.31796E-2 2.65407E-2 8.88316E-3 4.70063E-3 2.12535E-3 1.13784E-3 2.6101E-3 3.39926E-3 2.4072E-3 2.14305E-3 2.79447E-3 1.75922E-3 1.28998E-3 1.32147E-3 1.47889E-3 9.31935E-4 6.38496E-4 5.67474E-4 8.1465E-4 1.03918E-3 1.21562E-3 1.16905E-3 9.88148E-4 1.31513E-3 1.38359E-3 1.81021E-3 1.38944E-3 8.55314E-4 6.02483E-4 6.05612E-4 9.20103E-4
-9999 -9999 -9999 -9999 -9999 -9999 -9999 -9999 -9999 2.12442E-2 2.67584E-2 3.24768E-2 3.03096E-2 3.55931E-2 2.49493E-2 2.75826E-2 4.32977E-2 2.06545E-2 1.39067E-2 1.59733E-2 1.20404E-2 7.91041E-3 7.03231E-3 7.78453E-3 5.56388E-3 6.18651E-3 3.16621E-2 6.11338E-2 5.91932E-2 5.55479E-2 4.94777E-2 4.42778E-2 4.0674E-2 3.84899E-2 3.39532E-2 3.02698E-2 3.22974E-2 3.03446E-2 2.76608E-2 2.63859E-2 2.57977E-2 1.93153E-2 2.37998E-2 5.23978E-3 3.02015E-3 3.65026E-3 4.61861E-3 2.15107E-3 4.24705E-3 4.1098E-3 2.47574E-3 3.50359E-3 3.29164E-3 2.20688E-3 1.52878E-3 2.44682E-3 1.19441E-3 7.85717E-4 5.08368E-4 7.02793E-4 9.76133E-4 9.53552E-4 1.12122E-3 7.08703E-4 9.44931E-4 8.58408E-4 8.48147E-4 8.26086E-4 5.68582E-4 5.74094E-4 8.81956E-4 1.16106E-3
-9999 -9999 -9999 -9999 -9999 -9999 -9999 -9999 1.98989E-2 2.47295E-2 2.41697E-2 2.77399E-2 4.29331E-2 4.2384E-2 2.94667E-2 3.36395E-2 3.93222E-2 2.37191E-2 1.58251E-2 1.90579E-2 8.13823E-3 5.78618E-3 6.19696E-3 6.95502E-3 8.03025E-3 1.16995E-2 1.76831E-2 4.61302E-2 5.18867E-2 5.13946E-2 4.48683E-2 3.89212E-2 3.83873E-2 3.31171E-2 2.9659E-2 2.82721E-2 3.06335E-2 3.0046E-2 2.47017E-2 2.12767E-2 2.08993E-2 2.20496E-2 5.19819E-3 3.74258E-3 2.86877E-3 3.05129E-3 2.00912E-2 1.59331E-2 4.78047E-3 8.56901E-3 3.82114E-3 3.9133E-3 1.57141E-2 3.63409E-3 1.90744E-3 2.9531E-3 1.79321E-3 9.92809E-4 7.32474E-4 4.67924E-4 4.36149E-4 5.09411E-4 8.15547E-4 6.63529E-4 6.22323E-4 6.02215E-4 5.83851E-4 5.24612E-4 5.65238E-4 8.98946E-4 8.12789E-4 1.04667E-3
-9999 -9999 -9999 -9999 -9999 -9999 -9999 -9999 1.92672E-2 2.825E-2 2.76202E-2 2.54087E-2 3.87993E-2 2.94758E-2 2.04443E-2 2.31461E-2 2.77073E-2 2.11115E-2 1.47652E-2 1.05146E-2 7.30757E-3 6.228E-3 5.53787E-3 4.83105E-3 7.21057E-3 1.73514E-2 4.48632E-2 5.20172E-2 5.13946E-2 4.44242E-2 4.05657E-2 3.61279E-2 3.46112E-2 3.04558E-2 2.86209E-2 2.8473E-2 2.31232E-2 2.24063E-2 2.38228E-2 2.19989E-2 2.52726E-2 1.27353E-2 7.295E-3 5.92825E-3 8.76345E-3 2.74307E-3 1.03887E-2 1.77984E-2 1.86752E-2 1.39284E-2 1.25758E-2 4.25651E-3 1.48808E-2 1.40948E-2 4.10096E-3 2.09299E-3 1.03775E-3 8.44209E-4 1.27904E-3 5.99107E-4 6.39243E-4 3.92699E-4 5.66597E-4 4.95112E-4 4.33162E-4 4.17804E-4 4.40216E-4 5.76056E-4 8.30671E-4 1.1984E-3 1.4605E-3 1.79051E-3
-9999 -9999 -9999 -9999 -9999 -9999 -9999 -9999 2.10254E-2 2.05485E-2 2.43695E-2 2.27369E-2 3.5403E-2 2.11582E-2 1.40327E-2 1.6892E-2 1.85964E-2 1.456E-2 9.64162E-3 6.98944E-3 6.28663E-3 5.56388E-3 6.07166E-3 9.27383E-3 1.07056E-2 3.3743E-2 5.30346E-2 4.97698E-2 4.69543E-2 4.25663E-2 3.83873E-2 3.60771E-2 3.25243E-2 3.08869E-2 2.88491E-2 2.5017E-2 2.28442E-2 2.09957E-2 1.97507E-2 2.14782E-2 2.27253E-2 2.17137E-2 2.17734E-2 1.01416E-2 2.0066E-2 7.2882E-3 6.4268E-3 1.57671E-2 1.59335E-2 1.50443E-2 1.50611E-2 6.51773E-3 1.15658E-2 7.19473E-3 1.10844E-2 2.21032E-3 1.35583E-3 1.50754E-3 9.32157E-4 5.15086E-4 8.45776E-4 3.62134E-4 3.65639E-4 4.4002E-4 3.22026E-4 4.43097E-4 4.61771E-4 6.0507E-4 7.98951E-4 1.34323E-3 1.91002E-3 2.41343E-3
-9999 -9999 -9999 -9999 -9999 -9999 -9999 -9999 1.5775E-2 1.41089E-2 1.29076E-2 1.2208E-2 1.43595E-2 9.92191E-3 9.61093E-3 1.17003E-2 1.00218E-2 1.56616E-2 6.82769E-3 6.10051E-3 5.53787E-3 4.76358E-3 6.7826E-3 1.3762E-2 2.07893E-2 4.97621E-2 4.61856E-2 4.5068E-2 4.21041E-2 4.02827E-2 3.72912E-2 3.46772E-2 3.04497E-2 3.04764E-2 2.6135E-2 2.43456E-2 2.32181E-2 2.11373E-2 1.97008E-2 1.59843E-2 1.6884E-2 1.63999E-2 1.8195E-2 1.55066E-2 1.91253E-2 1.35357E-2 9.94077E-3 1.57677E-2 1.35185E-2 1.04934E-2 9.38544E-3 1.11847E-2 9.45351E-3 6.39735E-3 3.22605E-3 1.88265E-3 1.4451E-3 7.52258E-4 5.43762E-4 6.10232E-4 1.49311E-3 7.25239E-4 5.49642E-4 4.62382E-4 3.20647E-4 4.23471E-4 5.62818E-4 7.50343E-4 8.89961E-4 1.18272E-3 2.02917E-3 2.63414E-3
-9999 -9999 -9999 -9999 -9999 -9999 -9999 -9999 -9999 -9999 1.13253E-2 1.02698E-2 9.21967E-3 9.4437E-3 6.78094E-3 6.11651E-3 5.46638E-3 6.49415E-3 5.88465E-3 4.09745E-3 3.79092E-3 5.39881E-3 1.31918E-2 2.63168E-2 4.84127E-2 4.81987E-2 4.40313E-2 4.17579E-2 3.82289E-2 3.75129E-2 3.30661E-2 3.01712E-2 2.94097E-2 2.46205E-2 1.98651E-2 2.03155E-2 1.99726E-2 1.9566E-2 1.85533E-2 1.40209E-2 1.47244E-2 1.40864E-2 1.365E-2 1.43278E-2 1.67363E-2 1.04719E-2 1.51203E-2 1.36218E-2 1.19328E-2 9.59392E-3 7.30803E-3 9.23975E-3 9.24878E-3 5.51351E-3 1.6339E-3 1.19226E-3 8.67118E-4 7.46619E-4 8.6085E-4 7.75829E-4 1.74925E-3 1.68809E-3 7.84624E-4 5.92637E-4 4.16878E-4 5.85583E-4 5.66652E-4 6.34987E-4 7.97393E-4 9.51948E-4 1.83574E-3 1.51071E-3
-9999 -9999 -9999 -9999 -9999 -9999 -9999 -9999 -9999 -9999 7.44432E-3 7.17065E-3 8.27908E-3 6.41034E-3 5.94743E-3 5.2161E-3 4.74783E-3 5.45715E-3 5.3341E-3 3.46042E-3 3.18589E-3 7.94451E-3 1.19076E-2 1.90365E-2 4.75619E-2 4.7785E-2 4.38792E-2 4.00098E-2 3.63236E-2 3.13824E-2 3.14864E-2 2.82665E-2 2.87551E-2 2.40333E-2 2.35858E-2 1.52962E-2 2.01222E-2 1.66566E-2 1.69571E-2 1.31534E-2 8.92012E-3 7.74775E-3 1.25125E-2 1.51832E-2 1.38096E-2 1.29665E-2 1.35555E-2 1.11976E-2 1.02869E-2 8.63231E-3 7.17634E-3 7.56113E-3 7.55399E-3 3.39115E-3 1.94782E-3 1.14863E-3 1.27461E-3 1.52832E-3 2.20486E-3 1.47082E-3 1.54754E-3 9.05863E-4 6.23755E-4 4.35333E-4 3.08211E-4 4.55865E-4 6.53636E-4 5.47929E-4 7.22435E-4 9.69229E-4 7.21001E-4 7.32703E-4
-9999 -9999 -9999 -9999 -9999 -9999 -9999 -9999 -9999 -9999 -9999 -9999 5.94557E-3 5.36318E-3 4.74783E-3 4.5318E-3 4.14423E-3 3.82665E-3 3.36488E-3 3.10217E-3 4.62364E-3 1.19671E-2 9.24299E-3 1.37538E-2 3.70453E-2 9.27068E-3 2.17845E-3 1.12586E-2 3.03045E-2 3.25936E-2 3.12384E-2 2.15351E-2 2.01178E-2 2.38798E-2 2.4301E-2 1.6199E-2 1.17736E-2 1.63278E-2 1.52966E-2 4.54309E-3 4.47401E-3 6.59204E-3 1.19952E-2 1.34787E-2 1.08087E-2 8.94572E-3 1.03954E-2 1.05849E-2 8.66032E-3 7.02674E-3 6.07942E-3 5.63389E-3 4.34939E-3 2.50682E-3 1.95134E-3 1.03522E-3 2.55566E-3 2.55712E-3 2.37939E-3 2.46087E-3 1.65746E-3 1.18531E-3 7.56441E-4 6.29992E-4 4.14885E-4 3.98347E-4 3.94705E-4 5.20415E-4 6.51418E-4 8.75259E-4 8.02018E-4 4.83457E-4
-9999 -9999 -9999 -9999 -9999 -9999 -9999 -9999 -9999 -9999 -9999 -9999 -9999 4.14423E-3 4.02925E-3 3.72046E-3 3.4666E-3 3.20087E-3 2.92696E-3 4.41186E-3 7.00391E-3 9.07728E-3 4.96544E-3 3.49695E-3 4.12406E-3 1.75582E-3 1.28336E-3 1.26194E-2 1.76554E-2 2.97504E-2 3.05812E-2 2.5467E-3 1.25655E-2 1.64622E-2 2.119E-2 2.07975E-2 8.58317E-3 5.44825E-3 3.34154E-3 3.72011E-3 1.74911E-2 1.73151E-2 1.59439E-2 1.43707E-2 8.94826E-3 7.51258E-3 8.91965E-3 7.17575E-3 6.01458E-3 5.89592E-3 6.06075E-3 4.26055E-3 7.23281E-3 6.60507E-3 1.1677E-3 2.136E-3 4.26068E-3 7.41749E-3 3.80323E-3 2.80658E-3 1.75609E-3 8.31722E-4 6.9063E-4 5.12819E-4 3.32419E-4 3.8553E-4 7.72485E-4 6.65227E-4 6.33781E-4 3.66731E-4 7.15123E-4 5.09671E-4
-9999 -9999 -9999 -9999 -9999 -9999 -9999 -9999 -9999 -9999 -9999 -9999 -9999 3.7193E-3 3.54887E-3 3.35462E-3 3.02617E-3 2.80504E-3 1.18521E-2 8.85503E-3 1.12048E-2 2.95567E-3 2.86202E-3 1.19589E-3 1.57704E-3 1.01282E-3 2.14046E-3 6.61929E-3 1.1117E-2 1.79407E-2 1.96393E-3 2.08924E-3 3.02896E-3 3.52563E-3 2.0986E-2 8.09655E-3 5.45846E-3 2.69242E-3 4.33421E-3 1.67488E-2 1.64447E-2 1.53304E-2 1.29633E-2 1.00754E-2 8.21351E-3 7.01734E-3 7.49892E-3 5.88724E-3 6.07719E-3 6.42811E-3 3.818E-3 3.7598E-3 2.77942E-3 1.89586E-3 1.55875E-3 6.39567E-3 6.00031E-3 2.51289E-3 5.35954E-3 5.8031E-3 4.21364E-3 8.0922E-4 4.40771E-4 4.30703E-4 3.09335E-4 3.30599E-4 3.86757E-4 3.87441E-4 3.77409E-4 3.49493E-4 3.46817E-4 3.30414E-4
-9999 -9999 -9999 -9999 -9999 -9999 -9999 -9999 -9999 -9999 -9999 -9999 -9999 -9999 3.19931E-3 2.82686E-3 1.95219E-3 6.6793E-3 1.85422E-2 6.07946E-3 4.48619E-3 1.40633E-3 1.24022E-3 1.19729E-3 1.20119E-3 1.1337E-3 3.84065E-3 1.06027E-2 1.4414E-2 1.96105E-3 2.42326E-3 2.74692E-3 3.86893E-3 1.0703E-2 7.61501E-3 4.462E-3 2.87676E-3 2.0216E-3 1.2732E-2 1.70431E-2 1.15198E-2 9.57057E-3 9.22011E-3 7.05296E-3 7.38709E-3 5.44814E-3 6.45123E-3 2.91728E-3 6.93085E-3 6.57897E-3 3.77869E-3 2.65171E-3 1.83163E-3 1.93533E-3 2.97696E-3 5.19279E-3 2.43203E-3 2.54712E-3 1.08539E-3 4.69705E-3 4.13021E-3 9.61606E-4 5.12587E-4 2.86843E-4 3.15397E-4 3.36518E-4 2.80871E-4 2.54835E-4 3.46866E-4 2.41708E-4 2.49521E-4 2.31068E-4
-9999 -9999 -9999 -9999 -9999 2.87956E-3 -9999 -9999 -9999 -9999 -9999 -9999 -9999 -9999 -9999 1.88176E-3 1.56659E-3 7.65619E-3 4.00851E-3 2.33222E-3 5.54369E-3 1.11441E-3 1.24353E-3 1.25607E-3 1.90856E-3 2.30924E-3 2.7257E-3 1.34542E-2 1.20461E-3 1.24765E-3 4.45688E-3 1.7484E-3 3.72799E-3 1.28653E-2 4.96031E-3 2.55618E-3 1.49383E-3 1.47348E-3 5.68076E-3 1.53862E-2 7.90288E-3 9.01188E-3 8.4044E-3 6.053E-3 7.60895E-3 4.25919E-3 1.56565E-3 1.62131E-3 3.97131E-3 4.58489E-3 3.69851E-3 1.96957E-3 2.22089E-3 1.36714E-3 1.22631E-3 1.65293E-3 1.65387E-3 2.16396E-3 8.15401E-4 7.53697E-4 1.0606E-3 4.4911E-4 3.32804E-4 2.73252E-4 4.09277E-4 6.25119E-4 4.19488E-4 3.88522E-4 2.47509E-4 2.56727E-4 3.38046E-4 3.74056E-4
-9999 -9999 -9999 -9999 2.12134E-3 2.19278E-3 -9999 -9999 -9999 -9999 -9999 1.93363E-3 1.84861E-3 -9999 -9999 1.60068E-3 1.36531E-3 2.4565E-3 9.50555E-4 1.3695E-3 1.12885E-3 1.19183E-3 1.22886E-3 1.71779E-3 8.4301E-3 6.66613E-3 1.12854E-3 1.87396E-3 6.01055E-4 3.89165E-3 1.29646E-3 1.38558E-3 2.52035E-3 3.90991E-3 4.57333E-3 2.27331E-3 1.47865E-3 2.35523E-3 1.16246E-2 1.10496E-2 7.52148E-3 5.18622E-3 6.45608E-3 2.47225E-3 1.60117E-3 8.76557E-4 1.16447E-3 1.24246E-3 2.14552E-3 4.13534E-3 3.52368E-3 2.65848E-3 5.68113E-3 2.85752E-3 1.3538E-3 9.31609E-4 8.3595E-4 5.79189E-4 5.59634E-4 4.08423E-4 4.15675E-4 3.24534E-4 3.32328E-4 5.32015E-4 3.85741E-4 7.46296E-4 5.2952E-4 3.33123E-4 2.32139E-4 3.35362E-4 3.381E-4 4.69691E-4
-9999 -9999 -9999 2.17106E-3 2.06211E-3 -9999 -9999 -9999 -9999 -9999 -9999 -9999 1.67391E-3 1.52976E-3 1.43903E-3 1.23316E-3 1.28472E-3 1.16159E-3 1.59398E-3 1.2752E-3 8.39791E-4 1.24095E-3 1.11356E-3 2.19962E-3 3.64672E-3 1.67425E-3 1.52225E-3 6.15729E-4 1.32605E-3 3.18956E-3 8.59736E-4 1.44029E-3 1.60235E-3 9.72491E-4 1.17042E-3 9.70629E-4 1.55611E-3 3.10614E-3 4.81713E-3 1.8494E-3 8.46488E-4 7.96297E-4 7.86343E-4 7.13505E-4 9.42384E-4 9.41541E-4 1.32799E-3 5.55727E-3 3.50418E-3 6.39545E-3 3.88067E-3 5.78276E-3 4.6106E-3 3.57005E-3 2.77964E-3 1.33387E-3 6.04513E-4 4.63121E-4 4.59633E-4 4.32443E-4 3.15498E-4 3.23733E-4 5.05092E-4 9.81788E-4 6.75838E-4 6.81452E-4 4.22835E-4 2.80648E-4 3.11017E-4 2.89735E-4 3.83888E-4 5.43347E-4
-9999 -9999 -9999 -9999 -9999 1.29698E-3 1.61711E-3 1.5187E-3 1.44071E-3 -9999 -9999 -9999 1.34249E-3 1.21775E-3 1.20238E-3 1.2102E-3 1.12106E-3 1.06525E-3 1.44501E-3 8.47022E-4 8.71569E-4 1.75186E-3 1.24888E-3 7.32606E-3 7.5558E-3 5.56354E-3 2.7306E-3 6.33937E-4 1.45936E-3 6.77371E-4 6.80986E-4 9.00999E-4 7.29896E-4 6.36619E-4 9.37212E-4 1.84171E-3 3.69364E-3 6.40436E-3 4.91928E-3 6.69018E-3 2.83841E-3 9.12189E-4 8.95603E-4 1.15691E-3 1.06459E-3 1.5673E-3 2.2184E-3 2.32011E-3 5.53421E-3 5.66672E-3 4.53703E-3 4.63523E-3 4.97167E-3 4.33035E-3 2.97248E-3 7.42362E-4 8.44896E-4 9.46857E-4 9.19367E-4 4.53739E-4 3.09256E-4 6.34208E-4 6.45388E-4 1.21761E-3 1.2011E-3 7.71511E-4 4.00304E-4 3.9116E-4 3.94254E-4 4.06394E-4 5.10222E-4 4.51242E-4
9.9155E-4 9.88775E-4 9.71352E-4 -9999 -9999 1.02447E-3 1.00252E-3 1.00408E-3 9.92496E-4 9.64638E-4 -9999 -9999 -9999 1.07751E-3 7.92701E-4 9.56631E-4 9.24602E-4 3.03913E-3 1.50744E-3 1.73038E-3 7.46544E-4 2.7372E-3 1.08167E-3 6.86444E-3 4.18343E-3 7.79601E-3 1.31915E-3 1.52403E-3 2.35618E-3 6.93362E-4 6.86949E-4 5.9367E-4 8.23363E-4 1.08202E-3 3.10937E-3 5.17517E-3 8.44741E-3 8.49579E-3 2.59684E-3 2.29047E-3 8.98607E-3 4.89422E-3 1.8139E-3 2.57945E-3 1.64884E-3 3.07443E-3 2.79354E-3 4.48531E-3 3.52687E-3 3.06088E-3 4.99702E-3 4.688E-3 4.29776E-3 3.44137E-3 1.92528E-3 6.7889E-4 1.1072E-3 1.3032E-3 1.09459E-3 5.48776E-4 2.91904E-4 3.77002E-4 5.17035E-4 1.36478E-3 1.38072E-3 6.17012E-4 9.97195E-4 4.95097E-4 3.48821E-4 5.05475E-4 4.73963E-4 4.21224E-4
6.27405E-4 6.52644E-4 8.53568E-4 7.45102E-4 -9999 8.5557E-4 8.52856E-4 8.65955E-4 8.52359E-4 8.39226E-4 7.95909E-4 7.98843E-4 -9999 7.58721E-4 7.26197E-4 6.38562E-4 7.99408E-4 1.07425E-3 8.41887E-4 1.91302E-3 8.2413E-4 4.26002E-3 2.6567E-3 2.32846E-3 1.91662E-3 1.76679E-3 5.9989E-4 1.43605E-3 2.11508E-3 9.54112E-4 9.9165E-4 8.27507E-4 1.15478E-3 7.1186E-4 2.22125E-3 3.65175E-3 9.49617E-3 7.83492E-3 4.76812E-3 1.19369E-3 3.78105E-4 2.51542E-3 7.05881E-4 4.4404E-4 6.43545E-4 3.21613E-3 3.09258E-3 6.41763E-3 5.0617E-3 4.64408E-3 3.79868E-3 3.85804E-3 3.74152E-3 2.07429E-3 8.49753E-4 6.95377E-4 7.06498E-4 2.95099E-3 1.51811E-3 5.11439E-4 5.25568E-4 3.66742E-4 3.34195E-4 5.46277E-4 5.49911E-4 8.14718E-4 1.20176E-3 9.0788E-4 6.03531E-4 3.98595E-4 5.64161E-4 5.67001E-4
