Artocarpus altilis SDM files/MIS19/results (without bias file)/Artalt_1.asc
ncols         1201
nrows         481
xllcorner     119.99986351115
yllcorner     -15.00013828885
cellsize      0.041666667
NODATA_value  -9999
[rows 256 to 287 of 481, columns 432 to 503 of 1201]
6.79612E-1 6.33327E-1 6.39521E-1 6.40925E-1 6.36339E-1 6.30062E-1 6.04945E-1 6.04195E-1 6.06629E-1 6.03544E-1 6.04104E-1 5.64678E-1 5.69391E-1 5.68189E-1 5.62657E-1 5.56312E-1 5.56497E-1 5.54106E-1 5.48245E-1 5.22907E-1 5.24712E-1 5.2201E-1 5.2498E-1 5.2048E-1 5.14837E-1 5.13765E-1 5.20301E-1 4.82442E-1 4.67277E-1 5.40762E-1 4.9954E-1 3.90752E-1 4.67961E-1 4.68562E-1 3.88146E-1 3.88298E-1 3.31189E-1 3.40255E-1 2.23648E-1 1.98141E-1 3.19399E-1 2.09179E-1 2.01823E-1 2.37321E-1 3.18266E-1 2.13373E-1 1.57158E-1 1.52236E-1 1.43408E-1 2.21751E-1 3.70915E-1 3.96696E-1 2.5873E-1 2.20014E-1 1.64857E-1 1.62496E-1 1.48916E-1 2.05095E-1 1.63634E-1 1.52698E-1 1.56313E-1 1.52555E-1 1.78414E-1 1.8015E-1 2.12476E-1 3.55323E-1 2.37897E-1 1.40861E-1 2.57056E-1 3.34022E-1 3.32302E-1 2.09618E-1
6.75516E-1 5.85697E-1 6.35019E-1 6.39703E-1 6.40364E-1 6.52633E-1 6.45141E-1 6.10452E-1 6.03436E-1 6.055E-1 5.97749E-1 5.7429E-1 5.66978E-1 5.61454E-1 5.52178E-1 5.62563E-1 5.51351E-1 5.48885E-1 5.52178E-1 5.28676E-1 5.50988E-1 5.28945E-1 5.23087E-1 4.80793E-1 5.14482E-1 5.10913E-1 5.29128E-1 4.00757E-1 3.9137E-1 4.7182E-1 4.14527E-1 4.73366E-1 4.96809E-1 4.13889E-1 4.10468E-1 4.9189E-1 3.34561E-1 3.42146E-1 2.76587E-1 2.05474E-1 3.12651E-1 3.45596E-1 2.06173E-1 2.53852E-1 2.618E-1 2.14001E-1 1.69165E-1 1.5867E-1 1.83414E-1 1.81693E-1 2.81453E-1 3.05082E-1 2.61113E-1 2.09887E-1 1.6505E-1 1.66553E-1 1.65896E-1 1.52271E-1 1.93215E-1 1.59595E-1 1.53021E-1 1.51842E-1 1.94188E-1 2.41934E-1 2.26767E-1 2.02265E-1 1.54208E-1 1.69804E-1 3.17886E-1 3.46605E-1 2.39857E-1 2.23661E-1
-9999 6.05215E-1 6.3127E-1 6.69374E-1 6.46724E-1 5.86167E-1 5.56089E-1 6.08014E-1 6.01196E-1 6.09143E-1 5.4593E-1 5.72528E-1 5.71233E-1 5.58138E-1 5.6247E-1 5.62559E-1 5.55571E-1 5.31837E-1 4.88535E-1 4.88449E-1 4.80879E-1 4.8166E-1 4.75606E-1 4.77333E-1 4.75437E-1 4.7673E-1 4.82791E-1 3.32269E-1 3.23024E-1 3.92682E-1 3.94072E-1 3.9834E-1 3.26468E-1 3.23898E-1 3.38376E-1 3.40608E-1 3.38305E-1 2.76471E-1 2.29932E-1 1.63108E-1 2.34134E-1 3.98024E-1 2.6306E-1 2.58169E-1 2.15793E-1 1.70939E-1 1.57969E-1 1.58264E-1 1.41163E-1 1.88405E-1 2.3034E-1 3.73447E-1 2.66107E-1 2.16617E-1 1.31418E-1 1.53525E-1 1.57121E-1 1.6987E-1 1.71015E-1 1.58632E-1 1.57488E-1 1.54208E-1 1.97943E-1 2.46951E-1 1.96774E-1 1.57524E-1 1.4116E-1 2.1387E-1 3.50731E-1 2.87509E-1 1.97448E-1 2.30558E-1
-9999 -9999 -9999 5.2259E-1 4.89911E-1 4.93065E-1 5.7429E-1 5.51875E-1 6.02414E-1 6.1214E-1 4.62972E-1 4.42448E-1 5.2639E-1 5.27745E-1 5.28108E-1 5.16067E-1 4.92385E-1 4.90808E-1 4.90459E-1 4.8444E-1 4.81574E-1 4.82183E-1 4.80016E-1 4.75867E-1 4.04837E-1 3.99276E-1 3.97718E-1 3.30283E-1 3.23495E-1 3.27147E-1 3.95389E-1 3.93223E-1 3.29122E-1 3.25995E-1 2.56824E-1 3.19874E-1 2.62206E-1 2.8007E-1 1.70468E-1 1.5472E-1 1.89591E-1 2.41676E-1 3.31648E-1 2.16767E-1 1.68501E-1 1.57123E-1 1.55407E-1 1.4863E-1 1.35597E-1 2.3474E-1 2.34791E-1 2.92324E-1 4.03804E-1 2.18769E-1 1.56828E-1 1.71969E-1 1.27202E-1 1.24358E-1 1.2265E-1 1.26688E-1 1.22446E-1 1.46787E-1 1.60081E-1 1.92819E-1 2.01852E-1 1.5657E-1 1.83665E-1 2.22948E-1 2.98753E-1 2.42632E-1 1.94989E-1 1.88848E-1
-9999 -9999 -9999 -9999 4.83284E-1 4.86245E-1 4.83115E-1 4.61782E-1 5.54442E-1 5.87291E-1 3.7982E-1 4.60342E-1 4.42366E-1 4.41951E-1 4.36007E-1 4.29291E-1 4.32888E-1 4.12985E-1 4.10522E-1 4.10997E-1 4.04834E-1 4.0201E-1 4.00524E-1 4.01307E-1 3.29736E-1 3.26809E-1 3.31241E-1 3.3042E-1 3.27351E-1 3.3234E-1 3.13953E-1 3.07421E-1 3.30832E-1 3.25319E-1 2.64962E-1 2.58402E-1 2.65426E-1 2.13814E-1 1.72813E-1 1.59418E-1 1.44941E-1 1.82201E-1 2.64269E-1 2.13091E-1 2.15796E-1 1.59229E-1 1.8871E-1 1.9458E-1 1.5536E-1 1.91056E-1 1.94314E-1 2.06765E-1 2.52835E-1 2.21289E-1 1.76073E-1 1.2851E-1 1.62563E-1 1.58855E-1 2.02588E-1 1.60867E-1 1.48977E-1 2.04157E-1 1.62449E-1 1.81901E-1 1.65077E-1 1.5878E-1 1.58188E-1 1.4696E-1 2.4333E-1 1.998E-1 2.01991E-1 1.53777E-1
-9999 -9999 -9999 -9999 -9999 4.39204E-1 4.13604E-1 4.08523E-1 4.06708E-1 3.82239E-1 3.81407E-1 3.79973E-1 3.60665E-1 4.39633E-1 4.36008E-1 4.36503E-1 4.37822E-1 4.1658E-1 4.1251E-1 4.11556E-1 4.08306E-1 4.0468E-1 4.0815E-1 3.34336E-1 3.31585E-1 3.30489E-1 3.33786E-1 3.30763E-1 3.13296E-1 3.3049E-1 2.15169E-1 2.4702E-1 2.46041E-1 3.21281E-1 2.67858E-1 2.65656E-1 2.11754E-1 1.73776E-1 1.69564E-1 1.57863E-1 1.44261E-1 1.84944E-1 1.8893E-1 1.94152E-1 2.11894E-1 1.71377E-1 1.63249E-1 1.67283E-1 1.21162E-1 1.40391E-1 1.40723E-1 1.77342E-1 2.43694E-1 2.07328E-1 1.75182E-1 1.30975E-1 1.50631E-1 1.65309E-1 1.65501E-1 1.51196E-1 2.0351E-1 1.68369E-1 1.18554E-1 1.86171E-1 2.24131E-1 1.32222E-1 1.16865E-1 1.48244E-1 1.88663E-1 1.9745E-1 1.64083E-1 1.23532E-1
-9999 -9999 -9999 -9999 -9999 3.59414E-1 3.29645E-1 3.28147E-1 3.1072E-1 3.09286E-1 3.79143E-1 3.81486E-1 3.7764E-1 3.63956E-1 3.64249E-1 3.59506E-1 3.57114E-1 3.40865E-1 3.39958E-1 3.40587E-1 3.38494E-1 3.36757E-1 3.40939E-1 2.72483E-1 2.6844E-1 2.69373E-1 2.70193E-1 2.64908E-1 2.52402E-1 3.33444E-1 2.67221E-1 2.53457E-1 2.43182E-1 3.26881E-1 2.1692E-1 2.13576E-1 1.72815E-1 1.72735E-1 1.46761E-1 1.48007E-1 1.47209E-1 1.8945E-1 1.9233E-1 1.9032E-1 2.49532E-1 2.20552E-1 1.6814E-1 1.19696E-1 1.57335E-1 1.57961E-1 1.45956E-1 1.58921E-1 1.53805E-1 1.53805E-1 2.05135E-1 1.79685E-1 1.31848E-1 1.67747E-1 1.56343E-1 1.56526E-1 1.70333E-1 1.34561E-1 1.20525E-1 2.03973E-1 1.35874E-1 1.28815E-1 9.09936E-2 1.51124E-1 1.62715E-1 1.5867E-1 1.28937E-1 1.1813E-1
-9999 -9999 -9999 -9999 -9999 -9999 3.27873E-1 3.28418E-1 3.30126E-1 3.15452E-1 3.1585E-1 3.8742E-1 3.10398E-1 2.95892E-1 3.64764E-1 2.95895E-1 2.89285E-1 3.56753E-1 2.88114E-1 2.74136E-1 3.3989E-1 2.74967E-1 2.73842E-1 2.69257E-1 2.66293E-1 2.70136E-1 2.66701E-1 2.66237E-1 2.67978E-1 2.53069E-1 2.71075E-1 2.03152E-1 1.93229E-1 3.14221E-1 2.19372E-1 2.16824E-1 1.62232E-1 1.48392E-1 1.47453E-1 1.51061E-1 1.50707E-1 1.91893E-1 1.92156E-1 1.95832E-1 1.87551E-1 2.0696E-1 1.67675E-1 1.63556E-1 1.55472E-1 1.48413E-1 1.48727E-1 1.36523E-1 1.33835E-1 2.2905E-1 2.61844E-1 1.75576E-1 1.35394E-1 1.23613E-1 1.22849E-1 1.67748E-1 1.36939E-1 1.23025E-1 1.18527E-1 1.67825E-1 1.33736E-1 9.67026E-2 9.43201E-2 1.18188E-1 1.63741E-1 1.22205E-1 1.28968E-1 1.17034E-1
-9999 -9999 -9999 -9999 -9999 -9999 -9999 3.2835E-1 3.31016E-1 3.32046E-1 3.19503E-1 3.10789E-1 3.08705E-1 3.10073E-1 2.96523E-1 2.90832E-1 2.91953E-1 2.89039E-1 2.89041E-1 2.73251E-1 2.75206E-1 2.75503E-1 2.71426E-1 2.67686E-1 2.68676E-1 2.729E-1 2.13386E-1 2.6566E-1 2.13002E-1 1.99631E-1 2.20904E-1 1.6084E-1 1.9438E-1 2.51188E-1 2.20806E-1 1.72818E-1 1.57646E-1 1.46763E-1 1.53488E-1 1.50567E-1 1.52413E-1 1.51203E-1 1.93392E-1 2.0809E-1 1.51664E-1 1.90147E-1 2.09884E-1 1.68494E-1 1.59668E-1 1.60152E-1 1.47441E-1 1.84634E-1 2.87362E-1 3.08761E-1 2.71932E-1 1.78642E-1 1.25453E-1 1.22324E-1 1.58662E-1 1.74727E-1 1.30409E-1 1.14808E-1 1.45989E-1 1.5892E-1 1.37264E-1 9.64226E-2 8.82879E-2 1.19238E-1 1.20785E-1 1.31848E-1 1.21363E-1 1.18527E-1
-9999 -9999 -9999 -9999 -9999 -9999 -9999 3.26855E-1 3.23275E-1 3.27673E-1 3.15122E-1 2.4766E-1 2.47279E-1 3.07602E-1 2.95203E-1 2.33335E-1 2.93388E-1 2.89473E-1 2.87193E-1 2.87748E-1 2.20801E-1 2.19073E-1 2.16481E-1 2.73667E-1 2.13579E-1 2.19028E-1 2.14013E-1 2.13146E-1 2.15077E-1 2.12667E-1 2.16973E-1 1.58126E-1 1.95315E-1 2.52961E-1 2.15805E-1 1.73981E-1 1.5857E-1 1.49442E-1 1.52951E-1 1.50603E-1 1.54426E-1 1.5245E-1 1.52986E-1 1.66243E-1 1.52235E-1 1.52663E-1 2.08702E-1 1.73243E-1 1.5767E-1 1.60378E-1 1.15528E-1 1.84338E-1 2.53105E-1 2.51277E-1 2.77154E-1 1.39522E-1 1.26865E-1 1.57593E-1 1.65456E-1 1.40513E-1 1.25872E-1 1.15249E-1 1.57776E-1 1.60711E-1 1.3883E-1 9.62599E-2 1.14095E-1 1.23289E-1 1.56088E-1 1.27619E-1 1.24588E-1 1.17737E-1
-9999 -9999 -9999 -9999 -9999 -9999 -9999 -9999 3.97387E-1 3.27132E-1 3.34114E-1 3.06564E-1 3.10792E-1 3.08122E-1 3.12431E-1 2.35211E-1 2.34376E-1 2.33701E-1 2.31581E-1 2.28863E-1 2.20406E-1 2.17896E-1 2.15995E-1 2.19864E-1 2.16095E-1 2.12859E-1 2.13052E-1 2.12812E-1 2.12142E-1 2.12189E-1 2.15903E-1 1.99225E-1 1.99225E-1 2.13823E-1 2.19277E-1 1.7491E-1 1.59312E-1 1.58793E-1 1.51668E-1 1.52665E-1 1.55479E-1 1.52272E-1 1.52844E-1 1.55441E-1 1.55295E-1 1.54281E-1 2.15497E-1 1.72685E-1 1.57818E-1 1.48695E-1 1.43305E-1 1.89917E-1 2.56231E-1 2.06572E-1 2.24176E-1 1.39655E-1 1.26624E-1 1.26715E-1 1.77739E-1 1.30751E-1 1.28107E-1 1.20463E-1 1.18012E-1 1.64267E-1 1.38307E-1 9.72909E-2 1.15415E-1 1.26351E-1 1.26954E-1 1.28503E-1 1.21887E-1 1.12682E-1
-9999 -9999 -9999 -9999 -9999 -9999 -9999 -9999 4.01834E-1 3.98947E-1 3.29312E-1 3.1066E-1 3.10531E-1 2.49798E-1 2.52005E-1 3.10993E-1 2.32094E-1 2.34273E-1 2.27336E-1 2.28303E-1 2.32099E-1 2.27999E-1 2.1517E-1 2.19029E-1 2.1532E-1 2.12812E-1 2.15029E-1 2.15466E-1 2.16292E-1 2.13974E-1 2.18589E-1 1.99098E-1 1.98499E-1 2.01567E-1 1.69999E-1 2.1977E-1 1.97689E-1 1.60092E-1 1.51283E-1 1.511E-1 1.57417E-1 1.53455E-1 1.52416E-1 1.54536E-1 1.66129E-1 1.5468E-1 1.74171E-1 1.58817E-1 1.56717E-1 1.49466E-1 1.50239E-1 1.63967E-1 1.63129E-1 1.72484E-1 1.78111E-1 1.4108E-1 1.26595E-1 1.27987E-1 1.42215E-1 1.30876E-1 1.27987E-1 1.30349E-1 1.19689E-1 1.6515E-1 1.30008E-1 1.26533E-1 1.25633E-1 1.31124E-1 1.3103E-1 1.61349E-1 1.46472E-1 1.20961E-1
-9999 -9999 -9999 -9999 -9999 -9999 -9999 -9999 5.21162E-1 5.05719E-1 3.20395E-1 3.06501E-1 2.48045E-1 3.123E-1 3.02901E-1 2.43497E-1 2.29014E-1 2.4816E-1 2.26829E-1 2.28916E-1 2.2678E-1 2.24812E-1 2.30146E-1 2.29532E-1 2.15902E-1 2.13341E-1 2.14988E-1 2.16594E-1 2.05748E-1 1.92878E-1 1.97645E-1 1.95114E-1 1.92086E-1 1.89999E-1 1.6304E-1 2.05783E-1 1.92925E-1 1.49979E-1 1.55871E-1 1.46758E-1 1.52488E-1 1.53426E-1 1.52882E-1 1.53E-1 1.55807E-1 1.6702E-1 1.72568E-1 1.58227E-1 1.5003E-1 1.49994E-1 1.17791E-1 1.18215E-1 1.49676E-1 1.63283E-1 1.42184E-1 1.74168E-1 1.25158E-1 1.66076E-1 1.34208E-1 1.27836E-1 1.34271E-1 1.23491E-1 1.19776E-1 1.28934E-1 1.30195E-1 1.29732E-1 1.27987E-1 1.30938E-1 1.60488E-1 1.45855E-1 1.14645E-1 1.1597E-1
-9999 -9999 -9999 -9999 -9999 -9999 -9999 -9999 5.40273E-1 5.97758E-1 3.99104E-1 4.00199E-1 3.28974E-1 3.0936E-1 3.09363E-1 3.10342E-1 3.0761E-1 3.05864E-1 3.06707E-1 3.04193E-1 2.80077E-1 2.25669E-1 2.27798E-1 2.25722E-1 2.69324E-1 2.10396E-1 2.1147E-1 2.04377E-1 2.02312E-1 1.86516E-1 1.86645E-1 1.8859E-1 1.89796E-1 1.85038E-1 1.81205E-1 2.0334E-1 2.45307E-1 1.72382E-1 1.47387E-1 1.51946E-1 1.53811E-1 1.91376E-1 1.43931E-1 1.44636E-1 1.62306E-1 1.73987E-1 1.94568E-1 2.00531E-1 1.91055E-1 1.49714E-1 1.49538E-1 1.52262E-1 1.62299E-1 1.63664E-1 1.76804E-1 1.64809E-1 1.25907E-1 1.43159E-1 1.41015E-1 1.344E-1 1.70054E-1 1.54233E-1 1.19577E-1 1.20984E-1 1.29057E-1 1.31469E-1 1.32156E-1 1.63812E-1 1.51902E-1 1.15943E-1 1.25485E-1 1.57264E-1
-9999 -9999 -9999 -9999 -9999 -9999 -9999 -9999 5.32652E-1 5.99721E-1 5.73929E-1 4.77495E-1 4.0028E-1 4.01221E-1 3.78177E-1 3.778E-1 3.66341E-1 3.0477E-1 3.75852E-1 2.82677E-1 2.78334E-1 2.88617E-1 2.85057E-1 2.84821E-1 2.73159E-1 2.62503E-1 2.15579E-1 2.64793E-1 2.54115E-1 2.39361E-1 1.93378E-1 1.93654E-1 2.40024E-1 2.21265E-1 1.74159E-1 1.91684E-1 1.9508E-1 2.21468E-1 1.31455E-1 1.89838E-1 2.30492E-1 2.12854E-1 1.77184E-1 1.45575E-1 1.62284E-1 2.34262E-1 2.31649E-1 1.7732E-1 1.84535E-1 1.48431E-1 1.50113E-1 1.51196E-1 1.53193E-1 1.59822E-1 1.75951E-1 1.78238E-1 1.30756E-1 1.79558E-1 2.10348E-1 2.11108E-1 2.07795E-1 1.17678E-1 1.23257E-1 1.22145E-1 1.29272E-1 1.3244E-1 1.64769E-1 1.6008E-1 1.88401E-1 1.16027E-1 1.61127E-1 1.57853E-1
-9999 -9999 -9999 -9999 -9999 -9999 -9999 -9999 -9999 6.73512E-1 5.86861E-1 4.73616E-1 3.94914E-1 3.94145E-1 3.72934E-1 3.70702E-1 2.99399E-1 3.02332E-1 3.74807E-1 3.46957E-1 2.85056E-1 3.73615E-1 2.76495E-1 3.48129E-1 3.38723E-1 3.28275E-1 2.65485E-1 3.19443E-1 3.00658E-1 2.92848E-1 2.33774E-1 2.35237E-1 2.92078E-1 2.70721E-1 2.08117E-1 1.68359E-1 1.83265E-1 2.33089E-1 1.67424E-1 2.3801E-1 2.19521E-1 2.09264E-1 1.65381E-1 1.33312E-1 1.96836E-1 2.28524E-1 2.25524E-1 1.69186E-1 1.79586E-1 1.8246E-1 1.85029E-1 1.50509E-1 1.52371E-1 1.61145E-1 1.7446E-1 1.77379E-1 1.66582E-1 2.11971E-1 2.59338E-1 1.93736E-1 1.51195E-1 1.21652E-1 1.24083E-1 1.30724E-1 1.2952E-1 1.71281E-1 2.06716E-1 2.09114E-1 1.51975E-1 1.50662E-1 1.63738E-1 1.61054E-1
-9999 -9999 -9999 -9999 -9999 -9999 -9999 -9999 -9999 6.77234E-1 6.40869E-1 5.91425E-1 4.79143E-1 4.7949E-1 3.93992E-1 3.94302E-1 3.96864E-1 3.93612E-1 4.56558E-1 4.20477E-1 3.68279E-1 4.4576E-1 4.00558E-1 3.33147E-1 3.12353E-1 3.17901E-1 3.11222E-1 3.69499E-1 2.81048E-1 2.71788E-1 2.79485E-1 2.16672E-1 2.85639E-1 3.21665E-1 2.54746E-1 1.58323E-1 1.77116E-1 2.76602E-1 2.07356E-1 3.47102E-1 4.0082E-1 2.38344E-1 1.59366E-1 1.73759E-1 2.29379E-1 3.3054E-1 2.70499E-1 2.20817E-1 1.67289E-1 1.75119E-1 2.27264E-1 2.10681E-1 1.39915E-1 1.45997E-1 1.5826E-1 1.75649E-1 2.74509E-1 2.57821E-1 2.5866E-1 1.92106E-1 1.57259E-1 1.60222E-1 1.54525E-1 1.66969E-1 1.68604E-1 2.70223E-1 2.58149E-1 2.37147E-1 1.51726E-1 1.62033E-1 1.62032E-1 2.2243E-1
-9999 -9999 -9999 -9999 -9999 -9999 -9999 -9999 -9999 6.75282E-1 6.6793E-1 6.42652E-1 6.37598E-1 5.72089E-1 5.68394E-1 5.68951E-1 5.64431E-1 5.63327E-1 5.86597E-1 5.23835E-1 4.1855E-1 3.38915E-1 4.04576E-1 3.97322E-1 3.88184E-1 3.85077E-1 3.71316E-1 4.4478E-1 4.14353E-1 2.69965E-1 3.32589E-1 2.45166E-1 2.74184E-1 3.98811E-1 2.50555E-1 1.97984E-1 2.11481E-1 2.62289E-1 2.71253E-1 4.20474E-1 3.54334E-1 2.27765E-1 1.8597E-1 1.67503E-1 3.33883E-1 3.78935E-1 2.56517E-1 2.42717E-1 2.00448E-1 2.08825E-1 2.11754E-1 1.68617E-1 1.71922E-1 1.78132E-1 1.79551E-1 2.13193E-1 3.11785E-1 2.5221E-1 3.22301E-1 2.37378E-1 1.66929E-1 1.97997E-1 1.55038E-1 1.63633E-1 2.17972E-1 3.234E-1 2.42834E-1 2.43639E-1 1.93205E-1 2.07937E-1 2.09258E-1 2.79199E-1
-9999 -9999 -9999 -9999 -9999 -9999 -9999 -9999 -9999 -9999 6.71474E-1 6.38541E-1 6.35537E-1 6.39663E-1 6.0957E-1 6.13221E-1 5.59549E-1 5.34765E-1 5.32229E-1 5.23421E-1 4.39354E-1 4.27467E-1 4.95541E-1 4.87415E-1 4.53434E-1 5.00609E-1 4.76802E-1 4.66027E-1 4.37752E-1 3.94766E-1 3.18974E-1 3.21911E-1 2.50156E-1 4.02601E-1 2.83553E-1 2.35811E-1 2.01382E-1 3.18495E-1 4.30083E-1 4.05202E-1 3.38248E-1 1.77975E-1 1.81032E-1 2.09046E-1 3.95543E-1 3.6157E-1 3.09541E-1 2.96056E-1 2.38386E-1 1.94677E-1 2.03447E-1 2.10685E-1 2.05271E-1 1.66378E-1 1.7336E-1 1.89035E-1 3.21266E-1 4.47958E-1 3.49238E-1 1.80456E-1 1.49088E-1 2.03091E-1 1.91214E-1 2.11828E-1 3.32266E-1 3.24304E-1 3.74327E-1 2.99691E-1 2.42781E-1 2.06111E-1 2.7866E-1 3.45854E-1
-9999 -9999 -9999 -9999 -9999 -9999 -9999 -9999 -9999 -9999 -9999 6.70642E-1 6.43604E-1 6.3995E-1 6.39766E-1 6.05371E-1 5.98552E-1 5.51844E-1 5.59478E-1 5.66268E-1 6.01594E-1 5.39082E-1 5.29682E-1 5.11454E-1 4.82188E-1 4.76216E-1 4.60433E-1 4.49373E-1 4.26671E-1 4.29514E-1 3.70801E-1 3.12137E-1 3.9439E-1 4.12148E-1 2.67839E-1 2.4903E-1 3.04599E-1 4.21863E-1 4.09874E-1 3.81775E-1 3.15912E-1 1.72463E-1 2.36535E-1 2.91955E-1 3.8727E-1 3.48123E-1 3.95163E-1 3.47122E-1 2.88E-1 2.35059E-1 2.57294E-1 3.04897E-1 2.49014E-1 2.03209E-1 2.17857E-1 1.8661E-1 3.07753E-1 4.62855E-1 3.30117E-1 2.20713E-1 1.91816E-1 2.507E-1 2.54799E-1 4.05802E-1 5.00604E-1 5.10772E-1 2.91485E-1 2.42159E-1 3.00773E-1 2.55731E-1 3.47984E-1 4.81371E-1
-9999 -9999 -9999 -9999 -9999 -9999 -9999 -9999 -9999 -9999 -9999 -9999 6.68503E-1 6.41835E-1 6.38933E-1 6.03322E-1 6.10892E-1 6.04346E-1 6.1288E-1 5.83652E-1 5.72212E-1 5.35467E-1 5.25301E-1 4.92517E-1 4.89837E-1 4.63495E-1 4.63353E-1 4.54687E-1 4.2379E-1 4.04141E-1 2.96747E-1 3.12755E-1 4.31906E-1 3.76727E-1 2.77289E-1 3.75379E-1 4.19464E-1 4.04978E-1 3.73285E-1 3.39879E-1 2.69996E-1 2.15834E-1 3.79153E-1 3.75569E-1 3.68458E-1 3.73375E-1 3.57067E-1 3.27083E-1 3.33691E-1 2.76176E-1 2.26157E-1 3.74173E-1 2.90798E-1 3.00127E-1 2.42595E-1 2.07534E-1 2.92787E-1 4.39943E-1 2.6804E-1 2.10012E-1 2.3512E-1 3.89116E-1 4.94131E-1 4.87359E-1 4.72409E-1 4.37822E-1 3.4506E-1 2.49545E-1 3.08777E-1 3.16369E-1 4.29675E-1 5.56751E-1
-9999 -9999 -9999 -9999 -9999 -9999 -9999 -9999 -9999 -9999 -9999 -9999 -9999 6.6497E-1 6.38658E-1 6.35188E-1 6.05383E-1 6.07271E-1 5.84136E-1 5.70596E-1 5.60753E-1 5.66388E-1 5.0537E-1 5.01672E-1 4.80314E-1 4.5116E-1 4.42755E-1 4.38195E-1 4.1869E-1 4.18666E-1 4.1734E-1 4.20716E-1 4.1194E-1 3.90263E-1 3.9949E-1 3.85955E-1 4.02651E-1 3.60533E-1 3.31292E-1 3.25578E-1 2.59063E-1 3.87203E-1 3.85003E-1 3.71344E-1 3.42438E-1 3.50739E-1 3.5761E-1 3.66071E-1 3.50158E-1 3.21577E-1 3.31999E-1 2.91384E-1 4.0354E-1 3.81605E-1 2.77889E-1 2.43907E-1 3.38014E-1 4.3074E-1 3.47525E-1 3.46678E-1 4.86572E-1 4.69916E-1 4.46717E-1 4.22345E-1 4.26608E-1 3.87124E-1 3.41885E-1 3.50788E-1 4.77306E-1 4.60566E-1 5.43209E-1 5.39501E-1
-9999 -9999 -9999 -9999 -9999 -9999 -9999 -9999 -9999 -9999 -9999 -9999 -9999 -9999 6.65536E-1 6.41291E-1 6.24879E-1 6.20462E-1 6.07231E-1 5.57545E-1 5.39679E-1 5.35906E-1 4.85081E-1 4.89367E-1 4.68824E-1 4.54963E-1 4.49386E-1 4.36078E-1 4.17548E-1 4.04893E-1 3.97098E-1 3.8692E-1 3.90009E-1 3.92724E-1 3.77659E-1 3.8274E-1 3.64873E-1 3.24551E-1 3.32773E-1 3.37257E-1 3.61436E-1 3.69889E-1 3.57468E-1 3.52208E-1 3.29626E-1 3.36582E-1 3.52202E-1 3.64649E-1 3.39439E-1 3.30515E-1 3.33604E-1 3.47647E-1 3.85369E-1 3.67148E-1 3.35365E-1 2.92011E-1 3.98201E-1 4.4862E-1 4.35063E-1 4.35783E-1 4.12754E-1 4.52658E-1 4.05608E-1 4.05109E-1 3.66277E-1 4.02532E-1 3.29905E-1 3.34421E-1 3.61617E-1 5.24293E-1 5.16792E-1 5.15243E-1
-9999 -9999 -9999 -9999 -9999 -9999 -9999 -9999 -9999 -9999 -9999 -9999 -9999 -9999 -9999 6.68721E-1 6.23847E-1 6.08643E-1 6.13516E-1 5.55669E-1 5.28003E-1 5.31261E-1 5.02082E-1 4.59488E-1 4.53145E-1 4.46907E-1 4.45955E-1 4.36465E-1 3.9616E-1 3.85932E-1 3.8382E-1 3.95496E-1 3.89038E-1 3.69228E-1 3.64883E-1 3.70789E-1 3.32727E-1 3.15246E-1 3.46702E-1 3.43471E-1 3.59175E-1 3.58375E-1 3.39985E-1 3.09532E-1 3.14997E-1 3.46902E-1 3.51454E-1 3.37742E-1 3.4071E-1 3.2471E-1 3.46019E-1 3.86707E-1 3.42919E-1 3.65267E-1 3.55538E-1 2.74916E-1 4.21772E-1 4.30203E-1 4.16321E-1 4.22972E-1 3.88449E-1 4.34563E-1 4.28305E-1 3.94251E-1 3.82042E-1 4.0966E-1 3.93863E-1 4.6097E-1 5.15889E-1 5.1932E-1 5.03337E-1 4.79199E-1
-9999 -9999 -9999 -9999 -9999 -9999 -9999 -9999 -9999 -9999 -9999 -9999 -9999 -9999 -9999 6.61878E-1 6.1555E-1 5.94706E-1 5.90557E-1 5.65509E-1 5.17895E-1 5.13385E-1 4.83915E-1 4.67278E-1 4.63155E-1 4.74934E-1 4.47394E-1 4.11064E-1 3.76335E-1 3.69275E-1 3.60692E-1 3.62037E-1 3.78037E-1 3.50109E-1 3.55997E-1 3.43826E-1 3.26383E-1 3.49649E-1 3.53658E-1 3.35576E-1 3.44364E-1 3.20316E-1 3.21628E-1 2.99161E-1 3.00731E-1 3.27393E-1 3.46402E-1 3.31243E-1 3.36191E-1 3.28746E-1 3.39901E-1 3.66742E-1 3.52886E-1 3.49781E-1 3.62904E-1 3.95755E-1 4.18371E-1 4.29443E-1 4.03646E-1 3.75146E-1 3.59388E-1 4.10548E-1 4.04939E-1 3.81617E-1 4.14523E-1 4.39231E-1 4.44597E-1 4.52766E-1 4.86262E-1 4.87593E-1 4.85774E-1 4.42168E-1
-9999 -9999 -9999 -9999 -9999 -9999 -9999 -9999 -9999 -9999 -9999 -9999 -9999 -9999 -9999 6.49326E-1 6.29417E-1 6.10117E-1 5.63146E-1 5.49161E-1 5.32024E-1 5.29778E-1 4.94075E-1 4.61053E-1 4.65559E-1 4.63028E-1 4.16114E-1 3.95669E-1 3.70613E-1 3.56754E-1 3.52078E-1 3.50822E-1 3.70696E-1 3.35915E-1 3.60367E-1 3.33862E-1 3.35935E-1 3.1602E-1 3.23636E-1 3.22904E-1 3.0497E-1 2.99905E-1 2.87429E-1 2.8766E-1 3.10364E-1 3.18582E-1 3.49769E-1 3.14304E-1 3.09778E-1 2.9277E-1 3.18282E-1 3.26582E-1 3.6408E-1 3.30981E-1 3.76622E-1 3.93291E-1 4.05578E-1 3.91444E-1 3.7084E-1 3.58255E-1 3.75544E-1 3.94255E-1 3.76006E-1 3.70912E-1 4.03031E-1 4.41623E-1 4.67817E-1 4.48218E-1 4.75597E-1 5.01269E-1 4.7758E-1 4.3044E-1
-9999 -9999 -9999 -9999 -9999 -9999 -9999 -9999 -9999 -9999 -9999 -9999 -9999 -9999 6.903E-1 6.72816E-1 6.14797E-1 5.98874E-1 5.58522E-1 5.33931E-1 5.18232E-1 5.07036E-1 4.97884E-1 4.53907E-1 4.33343E-1 4.32436E-1 3.93769E-1 3.78855E-1 3.64652E-1 3.78059E-1 3.42004E-1 3.56677E-1 3.3004E-1 3.40384E-1 3.50921E-1 3.25128E-1 3.23174E-1 3.24865E-1 3.10907E-1 3.03839E-1 2.85235E-1 2.86165E-1 2.96902E-1 2.99165E-1 3.01055E-1 3.02586E-1 3.3953E-1 3.2528E-1 3.05529E-1 3.00784E-1 3.18386E-1 3.37231E-1 3.47832E-1 3.38658E-1 3.90402E-1 3.70889E-1 3.85208E-1 3.64462E-1 3.49643E-1 3.48471E-1 3.96682E-1 3.82452E-1 3.85549E-1 3.6927E-1 4.11958E-1 4.42604E-1 4.36231E-1 4.3564E-1 4.64512E-1 4.76309E-1 4.65884E-1 4.23122E-1
-9999 -9999 -9999 -9999 -9999 -9999 -9999 -9999 -9999 -9999 -9999 -9999 -9999 -9999 6.76733E-1 6.36684E-1 6.17481E-1 5.85254E-1 5.74103E-1 5.3055E-1 5.13452E-1 4.82846E-1 4.75499E-1 4.75779E-1 4.2733E-1 4.18316E-1 3.74455E-1 3.64422E-1 3.58819E-1 3.60767E-1 3.43374E-1 3.44736E-1 3.38804E-1 3.40042E-1 3.19669E-1 3.08611E-1 3.15185E-1 2.97136E-1 2.92188E-1 2.75139E-1 2.70017E-1 2.80206E-1 2.86512E-1 2.79203E-1 2.91055E-1 2.91679E-1 3.28503E-1 2.98762E-1 2.83436E-1 2.91285E-1 3.19946E-1 3.26724E-1 3.59467E-1 3.63332E-1 3.71691E-1 3.87843E-1 3.62896E-1 3.59919E-1 3.39276E-1 3.46491E-1 3.83769E-1 3.59811E-1 3.7745E-1 3.53745E-1 3.88861E-1 4.05832E-1 4.08718E-1 4.00526E-1 4.55768E-1 4.56947E-1 4.68901E-1 4.34966E-1
-9999 -9999 -9999 -9999 -9999 -9999 -9999 -9999 -9999 -9999 -9999 -9999 -9999 -9999 6.46818E-1 6.35243E-1 5.91405E-1 5.69739E-1 5.57738E-1 5.41359E-1 4.89693E-1 4.7611E-1 4.62462E-1 4.58599E-1 4.25891E-1 4.08422E-1 3.63686E-1 3.9154E-1 3.48778E-1 3.48729E-1 3.34231E-1 3.29881E-1 3.30196E-1 3.2749E-1 2.95394E-1 3.03376E-1 3.01927E-1 2.96923E-1 2.8097E-1 2.61242E-1 2.65179E-1 2.6004E-1 2.88383E-1 2.65157E-1 2.98287E-1 3.09325E-1 3.22863E-1 2.9686E-1 2.76793E-1 3.01629E-1 3.00839E-1 3.34223E-1 3.48077E-1 3.54999E-1 3.60554E-1 3.57515E-1 3.52836E-1 3.46927E-1 3.20722E-1 3.33443E-1 3.56226E-1 3.82155E-1 3.60794E-1 3.6957E-1 3.87147E-1 3.83575E-1 3.94349E-1 3.89597E-1 4.31851E-1 4.47685E-1 4.59259E-1 4.55235E-1
-9999 -9999 -9999 -9999 -9999 -9999 -9999 -9999 -9999 -9999 -9999 -9999 -9999 -9999 -9999 6.40252E-1 5.85948E-1 5.63995E-1 5.62385E-1 5.3452E-1 5.13814E-1 4.73084E-1 4.64206E-1 4.47587E-1 4.25527E-1 3.91338E-1 3.81665E-1 3.68175E-1 3.69157E-1 3.5462E-1 3.22544E-1 3.38325E-1 3.1993E-1 3.16524E-1 3.09797E-1 2.90507E-1 2.89779E-1 2.66522E-1 2.72016E-1 2.66927E-1 2.70263E-1 2.55962E-1 2.60688E-1 2.74615E-1 2.98042E-1 3.12916E-1 2.93959E-1 2.77561E-1 2.76935E-1 2.89195E-1 2.9253E-1 3.19775E-1 3.35267E-1 3.46931E-1 3.26857E-1 3.41152E-1 3.26642E-1 3.33708E-1 3.23155E-1 3.40593E-1 3.51242E-1 3.72458E-1 3.53605E-1 3.85744E-1 3.81713E-1 3.72349E-1 3.67682E-1 3.80974E-1 4.2154E-1 4.53421E-1 4.52992E-1 4.50062E-1
-9999 -9999 -9999 -9999 -9999 -9999 -9999 -9999 -9999 -9999 -9999 -9999 -9999 7.1227E-1 6.43685E-1 6.31072E-1 6.28591E-1 5.62592E-1 5.368E-1 5.2662E-1 5.07539E-1 4.81562E-1 4.47294E-1 4.35873E-1 4.21048E-1 4.00027E-1 3.68866E-1 3.63737E-1 3.59615E-1 3.43627E-1 3.27278E-1 3.28057E-1 3.03302E-1 3.0051E-1 2.97327E-1 2.72949E-1 2.79695E-1 2.59979E-1 2.61622E-1 2.61805E-1 2.64058E-1 2.52205E-1 2.5704E-1 2.58454E-1 2.89995E-1 2.76836E-1 2.81391E-1 2.7005E-1 2.67342E-1 2.91334E-1 2.94811E-1 3.13218E-1 3.18312E-1 3.20836E-1 2.96992E-1 3.00233E-1 3.13605E-1 3.17987E-1 3.30853E-1 3.21651E-1 3.39638E-1 3.6175E-1 3.62253E-1 3.51435E-1 3.61866E-1 3.7739E-1 3.51261E-1 3.68303E-1 4.00663E-1 4.37548E-1 4.59962E-1 4.55708E-1
-9999 -9999 -9999 -9999 -9999 -9999 -9999 -9999 -9999 -9999 -9999 -9999 7.10517E-1 6.85814E-1 6.24296E-1 6.21508E-1 6.1221E-1 5.65678E-1 5.33681E-1 5.09533E-1 4.90812E-1 4.79746E-1 4.38422E-1 4.26707E-1 4.02246E-1 3.82284E-1 3.71264E-1 3.63109E-1 3.41137E-1 3.26353E-1 3.20672E-1 3.16255E-1 3.13376E-1 2.96926E-1 2.6457E-1 2.6365E-1 2.64637E-1 2.61834E-1 2.45645E-1 2.73096E-1 2.53407E-1 2.46873E-1 2.55371E-1 2.80882E-1 2.84734E-1 2.83074E-1 2.74775E-1 2.57195E-1 2.56773E-1 2.64603E-1 2.93157E-1 2.98376E-1 3.02969E-1 3.2297E-1 3.09518E-1 2.94103E-1 2.99554E-1 3.12878E-1 3.19484E-1 3.24213E-1 3.33505E-1 3.70374E-1 3.57515E-1 3.619E-1 3.73825E-1 3.63362E-1 3.71496E-1 3.82059E-1 3.69129E-1 3.97755E-1 3.96846E-1 4.31507E-1
