Artocarpus altilis SDM files/MIS19/results (without bias file)/Artalt_3.asc
ncols         1201
nrows         481
xllcorner     119.99986351115
yllcorner     -15.00013828885
cellsize      0.041666667
NODATA_value  -9999
[rows 256 to 287 of 481, columns 432 to 503 of 1201]
5.83382E-1 4.77834E-1 5.65468E-1 5.65717E-1 5.71698E-1 5.68452E-1 5.45579E-1 5.42623E-1 5.48047E-1 5.45333E-1 5.36306E-1 4.77129E-1 5.03125E-1 5.0212E-1 4.96694E-1 4.89399E-1 4.88739E-1 4.64628E-1 4.5894E-1 4.37392E-1 4.59708E-1 4.35304E-1 4.3775E-1 3.80532E-1 3.75737E-1 3.74928E-1 3.80043E-1 3.1649E-1 3.06727E-1 3.96313E-1 3.28738E-1 2.51314E-1 3.07042E-1 3.0624E-1 2.47966E-1 2.48703E-1 2.09106E-1 2.15991E-1 1.38858E-1 1.23915E-1 2.03765E-1 1.30783E-1 1.26507E-1 1.51677E-1 2.03167E-1 1.34226E-1 9.93628E-2 9.6573E-2 9.18275E-2 1.43477E-1 2.4354E-1 2.58976E-1 1.64403E-1 1.38677E-1 1.03605E-1 1.02224E-1 9.46704E-2 1.29642E-1 1.02917E-1 9.69488E-2 9.90867E-2 9.68724E-2 1.14828E-1 1.15844E-1 1.37847E-1 2.33514E-1 1.52732E-1 9.03562E-2 1.6827E-1 2.1971E-1 2.18594E-1 1.36081E-1
5.17415E-1 3.95954E-1 5.38488E-1 5.41929E-1 5.66216E-1 5.79743E-1 5.51523E-1 4.61003E-1 4.53602E-1 5.14973E-1 5.08235E-1 4.85279E-1 4.23307E-1 4.74338E-1 4.64809E-1 4.72717E-1 4.07603E-1 4.59672E-1 4.07136E-1 4.41769E-1 4.05476E-1 3.87678E-1 3.82332E-1 3.15203E-1 3.73719E-1 3.70864E-1 3.8603E-1 2.56609E-1 2.50423E-1 3.08305E-1 2.66322E-1 3.10273E-1 3.26206E-1 2.65636E-1 2.63273E-1 3.2296E-1 2.10644E-1 2.16833E-1 1.73102E-1 1.27881E-1 1.9829E-1 2.19799E-1 1.2872E-1 1.60119E-1 1.64922E-1 1.33782E-1 1.0509E-1 1.00027E-1 1.17445E-1 1.16478E-1 1.83442E-1 1.97412E-1 1.65854E-1 1.32298E-1 1.03661E-1 1.04555E-1 1.04175E-1 9.66474E-2 1.23117E-1 1.01006E-1 9.71148E-2 9.64432E-2 1.23704E-1 1.55222E-1 1.46625E-1 1.28519E-1 9.78031E-2 1.09597E-1 2.10275E-1 2.27826E-1 1.53897E-1 1.44003E-1
-9999 4.13668E-1 5.35544E-1 5.71656E-1 4.88738E-1 4.00854E-1 3.77008E-1 4.54284E-1 4.5348E-1 4.59861E-1 3.70291E-1 4.27521E-1 4.2651E-1 4.1606E-1 4.73645E-1 4.17275E-1 4.10513E-1 3.90785E-1 3.22723E-1 3.22035E-1 3.15881E-1 3.15953E-1 3.11192E-1 3.12218E-1 3.09396E-1 3.10735E-1 3.15491E-1 2.08587E-1 2.02452E-1 2.50365E-1 2.51645E-1 2.54133E-1 2.04897E-1 2.03421E-1 2.1245E-1 2.14059E-1 2.12967E-1 1.71725E-1 1.41468E-1 1.00486E-1 1.4721E-1 2.56153E-1 1.64965E-1 1.62372E-1 1.34246E-1 1.05941E-1 9.90533E-2 9.95064E-2 8.95454E-2 1.20237E-1 1.48446E-1 2.44997E-1 1.68897E-1 1.36231E-1 8.22349E-2 9.73333E-2 9.94535E-2 1.06504E-1 1.07184E-1 1.00391E-1 9.97127E-2 9.78031E-2 1.25937E-1 1.58269E-1 1.25242E-1 9.97509E-2 9.05229E-2 1.38694E-1 2.30503E-1 1.8651E-1 1.2563E-1 1.48234E-1
-9999 -9999 -9999 3.47853E-1 3.2452E-1 3.26714E-1 3.93974E-1 3.74714E-1 4.54342E-1 4.62327E-1 3.06159E-1 2.90001E-1 3.53726E-1 3.54234E-1 3.53149E-1 3.42755E-1 3.25711E-1 3.24615E-1 3.23742E-1 3.18641E-1 3.15739E-1 3.15383E-1 3.13283E-1 3.10452E-1 2.58192E-1 2.54345E-1 2.53472E-1 2.06812E-1 2.02526E-1 2.05098E-1 2.51975E-1 2.50069E-1 2.05878E-1 2.03847E-1 1.58419E-1 1.99983E-1 1.62315E-1 1.73041E-1 1.04072E-1 9.57341E-2 1.18178E-1 1.51643E-1 2.09862E-1 1.34298E-1 1.03881E-1 9.82807E-2 9.71701E-2 9.37746E-2 8.67335E-2 1.4998E-1 1.50589E-1 1.90269E-1 2.63377E-1 1.37438E-1 9.91685E-2 1.07381E-1 8.02013E-2 7.85459E-2 7.75559E-2 7.99154E-2 7.74332E-2 9.38575E-2 1.01246E-1 1.22849E-1 1.28272E-1 9.91801E-2 1.17929E-1 1.44007E-1 1.93534E-1 1.55579E-1 1.24122E-1 1.20451E-1
-9999 -9999 -9999 -9999 3.19445E-1 3.23428E-1 3.22344E-1 3.05357E-1 3.76615E-1 4.04214E-1 2.46077E-1 3.0418E-1 2.89367E-1 2.89233E-1 2.83111E-1 2.78511E-1 2.80332E-1 2.67245E-1 2.64686E-1 2.65402E-1 2.59779E-1 2.56762E-1 2.55672E-1 2.55914E-1 2.06256E-1 2.04347E-1 2.07293E-1 2.06786E-1 2.04897E-1 2.0775E-1 1.97033E-1 1.92616E-1 2.06383E-1 2.03E-1 1.63422E-1 1.5866E-1 1.62808E-1 1.31173E-1 1.05175E-1 9.78862E-2 9.02674E-2 1.14067E-1 1.64079E-1 1.31189E-1 1.32694E-1 9.90028E-2 1.19082E-1 1.22697E-1 9.77188E-2 1.20674E-1 1.22539E-1 1.30399E-1 1.60505E-1 1.38248E-1 1.09593E-1 8.04777E-2 1.02602E-1 1.00419E-1 1.2867E-1 1.01696E-1 9.49961E-2 1.29614E-1 1.02628E-1 1.16839E-1 1.0419E-1 1.00483E-1 1.0013E-1 9.39443E-2 1.55974E-1 1.26996E-1 1.28323E-1 9.75114E-2
-9999 -9999 -9999 -9999 -9999 2.88683E-1 2.69752E-1 2.66824E-1 2.65533E-1 2.47691E-1 2.47104E-1 2.45816E-1 2.31094E-1 2.87534E-1 2.82685E-1 2.82587E-1 2.83178E-1 2.69196E-1 2.6531E-1 2.64284E-1 2.615E-1 2.58222E-1 2.60333E-1 2.09201E-1 2.07065E-1 2.06282E-1 2.08309E-1 2.06232E-1 1.96211E-1 2.05955E-1 1.30722E-1 1.5232E-1 1.52242E-1 1.99886E-1 1.64515E-1 1.63033E-1 1.28396E-1 1.04863E-1 1.02566E-1 9.68305E-2 8.93138E-2 1.15224E-1 1.17359E-1 1.20379E-1 1.30201E-1 1.05064E-1 1.01105E-1 1.03262E-1 7.5756E-2 8.91135E-2 8.92073E-2 1.13066E-1 1.55761E-1 1.30517E-1 1.08097E-1 8.17185E-2 9.51093E-2 1.03866E-1 1.04096E-1 9.5658E-2 1.28819E-1 1.05899E-1 7.54939E-2 1.19402E-1 1.40862E-1 8.3129E-2 7.45308E-2 9.45619E-2 1.20796E-1 1.25342E-1 1.0338E-1 7.76801E-2
-9999 -9999 -9999 -9999 -9999 2.31126E-1 2.1118E-1 2.10849E-1 1.98333E-1 1.9741E-1 2.45406E-1 2.46285E-1 2.43049E-1 2.32461E-1 2.32405E-1 2.27727E-1 2.25866E-1 2.15379E-1 2.14022E-1 2.14413E-1 2.12775E-1 2.11252E-1 2.13508E-1 1.67892E-1 1.64949E-1 1.65592E-1 1.65717E-1 1.61971E-1 1.55413E-1 2.06562E-1 1.63424E-1 1.55865E-1 1.49644E-1 2.02232E-1 1.31302E-1 1.29372E-1 1.03967E-1 1.04128E-1 9.01863E-2 9.13642E-2 9.09577E-2 1.17663E-1 1.20148E-1 1.17709E-1 1.54902E-1 1.35092E-1 1.03297E-1 7.45239E-2 9.80398E-2 9.83477E-2 9.20726E-2 9.93537E-2 9.65891E-2 9.69175E-2 1.28425E-1 1.10638E-1 8.21289E-2 1.04763E-1 9.84617E-2 9.86803E-2 1.06632E-1 8.40767E-2 7.62571E-2 1.28952E-1 8.4788E-2 8.09776E-2 5.79371E-2 9.63222E-2 1.02402E-1 1.00196E-1 8.09564E-2 7.51156E-2
-9999 -9999 -9999 -9999 -9999 -9999 2.10409E-1 2.10923E-1 2.12062E-1 2.01278E-1 2.01478E-1 2.50639E-1 1.96735E-1 1.86286E-1 2.32489E-1 1.84921E-1 1.80104E-1 2.2505E-1 1.78144E-1 1.69794E-1 2.12854E-1 1.69922E-1 1.68609E-1 1.65343E-1 1.63054E-1 1.65054E-1 1.62319E-1 1.62135E-1 1.63158E-1 1.55042E-1 1.6504E-1 1.23414E-1 1.17649E-1 1.94793E-1 1.32448E-1 1.30759E-1 9.79909E-2 9.07565E-2 9.03761E-2 9.24858E-2 9.27035E-2 1.18824E-1 1.18977E-1 1.20849E-1 1.16228E-1 1.27149E-1 1.02281E-1 1.00201E-1 9.64646E-2 9.29827E-2 9.31656E-2 8.66112E-2 8.51763E-2 1.45837E-1 1.64451E-1 1.08873E-1 8.37924E-2 7.73036E-2 7.70382E-2 1.0441E-1 8.50167E-2 7.72725E-2 7.49178E-2 1.04927E-1 8.33605E-2 6.09104E-2 5.96004E-2 7.47198E-2 1.0283E-1 7.72819E-2 8.07435E-2 7.40895E-2
-9999 -9999 -9999 -9999 -9999 -9999 -9999 2.10537E-1 2.12606E-1 2.1323E-1 2.0394E-1 1.97608E-1 1.9548E-1 1.96011E-1 1.86175E-1 1.81722E-1 1.81813E-1 1.79278E-1 1.78458E-1 1.67896E-1 1.6941E-1 1.69758E-1 1.66176E-1 1.63609E-1 1.63836E-1 1.66535E-1 1.28288E-1 1.60971E-1 1.27635E-1 1.20377E-1 1.32596E-1 9.65629E-2 1.17385E-1 1.52952E-1 1.32072E-1 1.02426E-1 9.49478E-2 8.89134E-2 9.33386E-2 9.163E-2 9.30452E-2 9.26191E-2 1.18565E-1 1.26678E-1 9.30932E-2 1.17345E-1 1.28125E-1 1.02803E-1 9.83218E-2 9.88161E-2 9.20499E-2 1.15913E-1 1.8302E-1 1.96186E-1 1.70386E-1 1.10552E-1 7.81872E-2 7.63393E-2 9.93146E-2 1.08172E-1 8.13536E-2 7.26822E-2 9.2774E-2 9.98599E-2 8.51449E-2 6.05382E-2 5.61105E-2 7.51166E-2 7.60161E-2 8.21289E-2 7.64393E-2 7.47892E-2
-9999 -9999 -9999 -9999 -9999 -9999 -9999 2.10028E-1 2.07686E-1 2.10443E-1 2.01033E-1 1.55484E-1 1.54916E-1 1.9428E-1 1.84781E-1 1.44175E-1 1.82657E-1 1.78826E-1 1.76751E-1 1.76414E-1 1.34586E-1 1.33564E-1 1.31259E-1 1.67563E-1 1.27963E-1 1.31987E-1 1.27546E-1 1.27012E-1 1.27102E-1 1.25155E-1 1.26953E-1 9.37953E-2 1.15962E-1 1.51222E-1 1.26891E-1 1.02419E-1 9.35119E-2 8.92378E-2 9.17075E-2 9.09067E-2 9.29423E-2 9.26122E-2 9.2916E-2 1.00478E-1 9.28383E-2 9.32403E-2 1.2713E-1 1.05536E-1 9.63661E-2 9.84093E-2 7.15664E-2 1.15093E-1 1.57902E-1 1.57108E-1 1.73056E-1 8.57452E-2 7.85554E-2 9.79122E-2 1.03036E-1 8.6619E-2 7.82494E-2 7.26057E-2 9.8463E-2 1.00057E-1 8.57872E-2 6.02005E-2 7.20592E-2 7.72931E-2 9.80898E-2 7.97084E-2 7.81349E-2 7.40314E-2
-9999 -9999 -9999 -9999 -9999 -9999 -9999 -9999 2.5937E-1 2.09858E-1 2.1462E-1 1.94782E-1 1.96386E-1 1.94185E-1 1.96562E-1 1.44447E-1 1.44032E-1 1.43135E-1 1.40857E-1 1.38595E-1 1.33842E-1 1.32441E-1 1.30689E-1 1.33188E-1 1.29086E-1 1.26156E-1 1.25175E-1 1.24589E-1 1.2309E-1 1.23336E-1 1.25407E-1 1.16198E-1 1.16198E-1 1.23908E-1 1.2749E-1 1.01181E-1 9.26978E-2 9.25829E-2 8.9458E-2 9.07003E-2 9.14562E-2 9.06417E-2 9.11369E-2 9.32448E-2 9.39876E-2 9.36553E-2 1.31028E-1 1.04645E-1 9.637E-2 9.15547E-2 8.85339E-2 1.17926E-1 1.59485E-1 1.2807E-1 1.38063E-1 8.5268E-2 7.79955E-2 7.81632E-2 1.09461E-1 8.09625E-2 7.93109E-2 7.52038E-2 7.3955E-2 1.02218E-1 8.52924E-2 6.05471E-2 7.2577E-2 7.88401E-2 7.90071E-2 7.99389E-2 7.60874E-2 7.11953E-2
-9999 -9999 -9999 -9999 -9999 -9999 -9999 -9999 2.6232E-1 2.6011E-1 2.10606E-1 1.96687E-1 1.96121E-1 1.55374E-1 1.56275E-1 1.94463E-1 1.42499E-1 1.43443E-1 1.37427E-1 1.37732E-1 1.40296E-1 1.37161E-1 1.30071E-1 1.30945E-1 1.26367E-1 1.24589E-1 1.25526E-1 1.24482E-1 1.24771E-1 1.22844E-1 1.2522E-1 1.14213E-1 1.14008E-1 1.16247E-1 9.64289E-2 1.25939E-1 1.13767E-1 9.14789E-2 8.75709E-2 8.84751E-2 9.19859E-2 9.03779E-2 8.94212E-2 9.1041E-2 9.7882E-2 9.22746E-2 1.03392E-1 9.56947E-2 9.48833E-2 9.1832E-2 9.23683E-2 1.00236E-1 9.97954E-2 1.04858E-1 1.08639E-1 8.59672E-2 7.772E-2 7.86393E-2 8.68467E-2 8.06243E-2 7.87503E-2 8.04401E-2 7.46241E-2 1.02313E-1 8.04878E-2 7.82724E-2 7.77554E-2 8.12009E-2 8.13702E-2 1.00541E-1 9.20611E-2 7.52075E-2
-9999 -9999 -9999 -9999 -9999 -9999 -9999 -9999 3.52334E-1 3.40157E-1 2.04541E-1 1.94016E-1 1.54526E-1 1.963E-1 1.89147E-1 1.4984E-1 1.39767E-1 1.52212E-1 1.37277E-1 1.37936E-1 1.35842E-1 1.33888E-1 1.35845E-1 1.35458E-1 1.26067E-1 1.23395E-1 1.23463E-1 1.23638E-1 1.17143E-1 1.10656E-1 1.13283E-1 1.1179E-1 1.10177E-1 1.09023E-1 9.23458E-2 1.17508E-1 1.10721E-1 8.55108E-2 8.88297E-2 8.43908E-2 8.76771E-2 8.82777E-2 8.89077E-2 8.79882E-2 9.0681E-2 9.72128E-2 1.00595E-1 9.36408E-2 8.96609E-2 9.09283E-2 7.16172E-2 7.18823E-2 9.19663E-2 9.93483E-2 8.60565E-2 1.05781E-1 7.63768E-2 1.01911E-1 8.23188E-2 7.82479E-2 8.25526E-2 7.63539E-2 7.41287E-2 7.92768E-2 8.0153E-2 7.99715E-2 7.88615E-2 8.08535E-2 9.93087E-2 9.12328E-2 7.1594E-2 7.22327E-2
-9999 -9999 -9999 -9999 -9999 -9999 -9999 -9999 3.68662E-1 4.13931E-1 2.59284E-1 2.59206E-1 2.09091E-1 1.94033E-1 1.92758E-1 1.93168E-1 1.91064E-1 1.89382E-1 1.8903E-1 1.86601E-1 1.68227E-1 1.34197E-1 1.33436E-1 1.30311E-1 1.56617E-1 1.20438E-1 1.20698E-1 1.16544E-1 1.15411E-1 1.07024E-1 1.07101E-1 1.08384E-1 1.09043E-1 1.06271E-1 1.03964E-1 1.16183E-1 1.41281E-1 9.9666E-2 8.42154E-2 8.68728E-2 8.80136E-2 1.10108E-1 8.28111E-2 8.31498E-2 9.28173E-2 1.00133E-1 1.12584E-1 1.17245E-1 1.1336E-1 8.85107E-2 8.90367E-2 9.1537E-2 9.68421E-2 9.82146E-2 1.06527E-1 9.99918E-2 7.63155E-2 8.65061E-2 8.53635E-2 8.19768E-2 1.04168E-1 9.53632E-2 7.3549E-2 7.46867E-2 7.90567E-2 8.05831E-2 8.1171E-2 1.00933E-1 9.41747E-2 7.20514E-2 7.6981E-2 9.68953E-2
-9999 -9999 -9999 -9999 -9999 -9999 -9999 -9999 3.59938E-1 4.14231E-1 3.91428E-1 3.14702E-1 2.57742E-1 2.57445E-1 2.38529E-1 2.38671E-1 2.2904E-1 1.87979E-1 2.35276E-1 1.71746E-1 1.67432E-1 1.71735E-1 1.67425E-1 1.65471E-1 1.57062E-1 1.50994E-1 1.22835E-1 1.52594E-1 1.46411E-1 1.37614E-1 1.1032E-1 1.10594E-1 1.38289E-1 1.28088E-1 1.00112E-1 1.09515E-1 1.11528E-1 1.28255E-1 7.5804E-2 1.09498E-1 1.33656E-1 1.24111E-1 1.02497E-1 8.38782E-2 9.29577E-2 1.369E-1 1.35053E-1 1.03448E-1 1.07553E-1 8.61252E-2 8.71409E-2 8.94221E-2 9.04897E-2 9.42889E-2 1.0376E-1 1.0611E-1 7.81043E-2 1.06744E-1 1.27528E-1 1.29428E-1 1.27184E-1 7.21076E-2 7.57032E-2 7.50348E-2 7.88952E-2 8.0893E-2 1.01028E-1 9.78536E-2 1.16832E-1 7.16047E-2 9.898E-2 9.69786E-2
-9999 -9999 -9999 -9999 -9999 -9999 -9999 -9999 -9999 5.20836E-1 4.02187E-1 3.11119E-1 2.53542E-1 2.51281E-1 2.34739E-1 2.33173E-1 1.84379E-1 1.85686E-1 2.33442E-1 2.10455E-1 1.69147E-1 2.26858E-1 1.5921E-1 2.03958E-1 1.9808E-1 1.91557E-1 1.53025E-1 1.86574E-1 1.75357E-1 1.70495E-1 1.34484E-1 1.35428E-1 1.70436E-1 1.58534E-1 1.20493E-1 9.69089E-2 1.04902E-1 1.34497E-1 9.63456E-2 1.37579E-1 1.27387E-1 1.22212E-1 9.58617E-2 7.69651E-2 1.13536E-1 1.33672E-1 1.31718E-1 9.8873E-2 1.0487E-1 1.06633E-1 1.0814E-1 8.74353E-2 8.85019E-2 9.28803E-2 1.00611E-1 1.02805E-1 9.81062E-2 1.25459E-1 1.56034E-1 1.16461E-1 9.18482E-2 7.32408E-2 7.54271E-2 7.92155E-2 7.80394E-2 1.04563E-1 1.26762E-1 1.28491E-1 9.35202E-2 9.27684E-2 1.0009E-1 9.82899E-2
-9999 -9999 -9999 -9999 -9999 -9999 -9999 -9999 -9999 5.241E-1 4.87651E-1 4.04564E-1 3.13315E-1 3.13326E-1 2.50322E-1 2.50014E-1 2.50566E-1 2.47309E-1 2.89154E-1 2.57825E-1 2.19091E-1 2.69432E-1 2.38067E-1 1.94829E-1 1.81907E-1 1.85465E-1 1.81696E-1 2.18941E-1 1.63601E-1 1.58218E-1 1.62665E-1 1.24669E-1 1.66824E-1 1.90827E-1 1.48996E-1 9.12103E-2 1.0154E-1 1.61409E-1 1.20418E-1 2.0595E-1 2.42725E-1 1.4029E-1 9.25591E-2 1.003E-1 1.33658E-1 1.97968E-1 1.59641E-1 1.29214E-1 9.78753E-2 1.02473E-1 1.33949E-1 1.24792E-1 8.13179E-2 8.48512E-2 9.13234E-2 1.00691E-1 1.60035E-1 1.52055E-1 1.53206E-1 1.14016E-1 9.31579E-2 9.53272E-2 9.1963E-2 9.90459E-2 1.00594E-1 1.6562E-1 1.57686E-1 1.45945E-1 9.3187E-2 9.87281E-2 9.88659E-2 1.35496E-1
-9999 -9999 -9999 -9999 -9999 -9999 -9999 -9999 -9999 5.21167E-1 5.73073E-1 4.87468E-1 4.79746E-1 3.84297E-1 3.79798E-1 3.78946E-1 3.73383E-1 3.70405E-1 4.19621E-1 3.28749E-1 2.4982E-1 1.9802E-1 2.41012E-1 2.36306E-1 2.30631E-1 2.2882E-1 2.20557E-1 2.69986E-1 2.49787E-1 1.5702E-1 1.9654E-1 1.43357E-1 1.60085E-1 2.39989E-1 1.46599E-1 1.14783E-1 1.22175E-1 1.52984E-1 1.58435E-1 2.84011E-1 2.14328E-1 1.34134E-1 1.08718E-1 9.68086E-2 1.99335E-1 2.30126E-1 1.5154E-1 1.44134E-1 1.18139E-1 1.23162E-1 1.24829E-1 9.87207E-2 1.00646E-1 1.04287E-1 1.04918E-1 1.23144E-1 1.85148E-1 1.47685E-1 1.9166E-1 1.39596E-1 9.65397E-2 1.16379E-1 9.07536E-2 9.50407E-2 1.29453E-1 1.96862E-1 1.47112E-1 1.47633E-1 1.1674E-1 1.25985E-1 1.27052E-1 1.71065E-1
-9999 -9999 -9999 -9999 -9999 -9999 -9999 -9999 -9999 -9999 5.75358E-1 5.64107E-1 4.7767E-1 4.79826E-1 4.50454E-1 4.5277E-1 3.69572E-1 3.42233E-1 3.38214E-1 3.25726E-1 2.64833E-1 2.57175E-1 3.05448E-1 2.9975E-1 2.75547E-1 3.40561E-1 3.22371E-1 3.14532E-1 2.94236E-1 2.37154E-1 1.88327E-1 1.90177E-1 1.45756E-1 2.43026E-1 1.67626E-1 1.38179E-1 1.16423E-1 1.88604E-1 2.90008E-1 3.31503E-1 2.04125E-1 1.04226E-1 1.0607E-1 1.21894E-1 2.40186E-1 2.19077E-1 1.85344E-1 1.78089E-1 1.41753E-1 1.14893E-1 1.20202E-1 1.24445E-1 1.21025E-1 9.75113E-2 1.01528E-1 1.10002E-1 1.90113E-1 2.76087E-1 2.10836E-1 1.05403E-1 8.67778E-2 1.17991E-1 1.11726E-1 1.23129E-1 1.98027E-1 1.93721E-1 2.28972E-1 1.81346E-1 1.45309E-1 1.22221E-1 1.68972E-1 2.13507E-1
-9999 -9999 -9999 -9999 -9999 -9999 -9999 -9999 -9999 -9999 -9999 5.95754E-1 5.66567E-1 5.38349E-1 5.36245E-1 5.00542E-1 4.30321E-1 3.50569E-1 3.54786E-1 3.91448E-1 4.2228E-1 3.7069E-1 3.63419E-1 3.49876E-1 3.73902E-1 3.68755E-1 3.1047E-1 3.02745E-1 2.8649E-1 2.88563E-1 2.21841E-1 1.84299E-1 2.3773E-1 3.35254E-1 1.58148E-1 1.45332E-1 1.80106E-1 2.84515E-1 3.40564E-1 3.18452E-1 1.90085E-1 1.01179E-1 1.3908E-1 1.74016E-1 3.02872E-1 2.11063E-1 2.68325E-1 2.11731E-1 1.73266E-1 1.40003E-1 1.5252E-1 1.83777E-1 1.48235E-1 1.19975E-1 1.2783E-1 1.08034E-1 1.8209E-1 3.17087E-1 1.98897E-1 1.30016E-1 1.11634E-1 1.47113E-1 1.4965E-1 2.4668E-1 3.44938E-1 3.52635E-1 1.73252E-1 1.426E-1 1.79804E-1 1.49973E-1 2.09681E-1 3.0181E-1
-9999 -9999 -9999 -9999 -9999 -9999 -9999 -9999 -9999 -9999 -9999 -9999 5.90554E-1 5.70103E-1 5.65985E-1 5.16325E-1 4.99746E-1 4.29401E-1 4.88028E-1 4.61623E-1 4.5209E-1 4.18947E-1 4.10698E-1 3.83754E-1 3.81943E-1 3.5854E-1 3.58815E-1 3.52194E-1 3.27142E-1 2.70666E-1 1.74875E-1 1.84849E-1 3.3484E-1 3.05854E-1 1.63219E-1 2.25926E-1 3.25068E-1 3.44342E-1 3.25266E-1 2.64882E-1 1.60134E-1 1.26777E-1 2.28861E-1 2.92662E-1 3.03401E-1 2.92326E-1 2.80557E-1 1.99262E-1 2.03383E-1 1.66155E-1 1.34755E-1 2.28197E-1 1.7526E-1 1.80985E-1 1.44474E-1 1.21775E-1 1.72985E-1 3.00248E-1 1.58629E-1 1.23943E-1 1.38236E-1 2.34871E-1 3.90056E-1 4.02566E-1 3.91925E-1 3.01672E-1 2.08102E-1 1.46386E-1 1.83134E-1 1.87844E-1 2.63805E-1 3.88983E-1
-9999 -9999 -9999 -9999 -9999 -9999 -9999 -9999 -9999 -9999 -9999 -9999 -9999 5.92164E-1 5.73336E-1 5.55977E-1 5.07148E-1 5.04346E-1 4.83417E-1 4.72167E-1 4.63479E-1 4.77399E-1 4.13856E-1 4.10847E-1 3.93065E-1 3.6699E-1 3.42424E-1 3.64221E-1 3.47467E-1 3.40143E-1 2.8064E-1 2.83194E-1 3.18642E-1 3.01391E-1 3.09277E-1 2.98581E-1 3.35552E-1 3.19562E-1 2.78873E-1 2.19277E-1 1.53795E-1 2.60448E-1 3.14394E-1 3.1793E-1 2.81916E-1 2.74487E-1 2.79726E-1 2.48363E-1 2.38545E-1 1.95884E-1 2.0256E-1 1.74724E-1 2.75066E-1 3.00594E-1 1.67057E-1 1.44536E-1 2.02567E-1 2.94274E-1 2.08382E-1 2.09274E-1 3.34157E-1 3.96253E-1 3.93498E-1 3.5168E-1 3.37691E-1 2.38771E-1 2.06682E-1 2.12465E-1 2.94722E-1 2.84908E-1 3.76559E-1 4.56237E-1
-9999 -9999 -9999 -9999 -9999 -9999 -9999 -9999 -9999 -9999 -9999 -9999 -9999 -9999 5.98399E-1 5.73598E-1 5.31646E-1 5.27313E-1 5.15549E-1 4.69112E-1 4.53398E-1 4.50588E-1 4.0491E-1 4.16843E-1 3.91162E-1 3.7972E-1 3.6812E-1 3.71669E-1 3.54444E-1 3.35834E-1 3.06479E-1 3.14849E-1 3.17891E-1 3.33963E-1 3.20757E-1 3.18978E-1 3.21938E-1 2.84215E-1 2.58598E-1 2.26611E-1 2.42398E-1 3.02261E-1 3.0647E-1 3.08087E-1 2.77722E-1 2.63587E-1 2.91061E-1 3.01478E-1 2.8835E-1 2.24845E-1 2.02531E-1 2.11784E-1 3.18443E-1 2.89014E-1 2.04698E-1 1.75189E-1 2.43115E-1 3.69285E-1 3.74603E-1 3.74954E-1 3.56826E-1 3.74061E-1 3.4515E-1 3.20687E-1 2.2543E-1 2.47919E-1 1.99436E-1 2.02261E-1 2.18262E-1 4.13092E-1 4.45367E-1 4.57765E-1
-9999 -9999 -9999 -9999 -9999 -9999 -9999 -9999 -9999 -9999 -9999 -9999 -9999 -9999 -9999 6.01614E-1 5.5534E-1 5.34861E-1 5.39733E-1 4.85256E-1 4.52511E-1 4.63997E-1 4.37938E-1 3.90781E-1 3.78601E-1 3.81097E-1 3.93998E-1 3.89139E-1 3.51504E-1 3.34047E-1 3.12522E-1 3.24295E-1 3.18933E-1 3.20932E-1 3.17082E-1 3.27234E-1 2.94142E-1 2.58661E-1 2.6887E-1 2.86958E-1 3.00314E-1 3.17069E-1 3.02892E-1 2.77602E-1 2.60352E-1 2.70602E-1 2.95297E-1 2.9177E-1 2.87823E-1 2.5593E-1 2.34572E-1 3.02257E-1 2.91098E-1 2.47839E-1 2.42552E-1 1.64728E-1 2.87173E-1 3.68791E-1 3.71257E-1 3.77049E-1 3.29042E-1 3.59462E-1 3.71132E-1 3.28768E-1 2.34776E-1 2.51657E-1 2.42466E-1 3.16515E-1 3.56222E-1 4.37353E-1 4.482E-1 4.31937E-1
-9999 -9999 -9999 -9999 -9999 -9999 -9999 -9999 -9999 -9999 -9999 -9999 -9999 -9999 -9999 5.98011E-1 5.56528E-1 5.28964E-1 5.25672E-1 5.02797E-1 4.52207E-1 4.58526E-1 4.22199E-1 4.08143E-1 4.05176E-1 4.21286E-1 4.02573E-1 3.70003E-1 3.34586E-1 3.25384E-1 3.06522E-1 3.01834E-1 3.30499E-1 3.09361E-1 3.10102E-1 3.06865E-1 2.84543E-1 2.98601E-1 3.13241E-1 2.97571E-1 3.08285E-1 2.94366E-1 2.8964E-1 2.68766E-1 2.54534E-1 2.55386E-1 2.9812E-1 2.92941E-1 3.01803E-1 2.84029E-1 2.81534E-1 2.86552E-1 2.98425E-1 2.74255E-1 2.84898E-1 2.68642E-1 3.4497E-1 3.7633E-1 3.67362E-1 3.37008E-1 3.13443E-1 3.49246E-1 3.6683E-1 3.25304E-1 3.27563E-1 3.01176E-1 3.49859E-1 3.56504E-1 3.82271E-1 4.28749E-1 4.40366E-1 4.00967E-1
-9999 -9999 -9999 -9999 -9999 -9999 -9999 -9999 -9999 -9999 -9999 -9999 -9999 -9999 -9999 5.90797E-1 5.71755E-1 5.50079E-1 5.04992E-1 4.92599E-1 4.77222E-1 4.75307E-1 4.41571E-1 4.12718E-1 4.20473E-1 4.2203E-1 3.81826E-1 3.59954E-1 3.29676E-1 3.14912E-1 3.06021E-1 2.9904E-1 3.29545E-1 3.00357E-1 3.23594E-1 3.01589E-1 3.03516E-1 2.83483E-1 2.93319E-1 2.95544E-1 2.83831E-1 2.76249E-1 2.61677E-1 2.55107E-1 2.61632E-1 2.62775E-1 3.05992E-1 2.88259E-1 2.81278E-1 2.55356E-1 2.63739E-1 2.56445E-1 3.13208E-1 2.79735E-1 2.94654E-1 3.38356E-1 3.61199E-1 3.60421E-1 3.46823E-1 3.17401E-1 3.2605E-1 3.42788E-1 3.40437E-1 3.23741E-1 3.18676E-1 3.66445E-1 3.93964E-1 3.78774E-1 4.00501E-1 4.38697E-1 4.33347E-1 3.87167E-1
-9999 -9999 -9999 -9999 -9999 -9999 -9999 -9999 -9999 -9999 -9999 -9999 -9999 -9999 6.4484E-1 6.19839E-1 5.62838E-1 5.4416E-1 5.05606E-1 4.82953E-1 4.65322E-1 4.59145E-1 4.51201E-1 4.10096E-1 3.96071E-1 4.02015E-1 3.61841E-1 3.45303E-1 3.24451E-1 3.35779E-1 3.05273E-1 3.12666E-1 2.98382E-1 3.03322E-1 3.21916E-1 3.00191E-1 2.95589E-1 2.97261E-1 2.88151E-1 2.81383E-1 2.60672E-1 2.59214E-1 2.6624E-1 2.68085E-1 2.65384E-1 2.61051E-1 3.02156E-1 2.99904E-1 2.77815E-1 2.66607E-1 2.64379E-1 2.78097E-1 2.99576E-1 2.78841E-1 3.3427E-1 3.31149E-1 3.53071E-1 3.36287E-1 3.18483E-1 3.02873E-1 3.50268E-1 3.44968E-1 3.5068E-1 3.29919E-1 3.65749E-1 3.96249E-1 3.93532E-1 3.8388E-1 3.99E-1 4.17142E-1 4.23328E-1 3.84853E-1
-9999 -9999 -9999 -9999 -9999 -9999 -9999 -9999 -9999 -9999 -9999 -9999 -9999 -9999 6.32237E-1 5.92164E-1 5.74701E-1 5.4012E-1 5.26475E-1 4.88369E-1 4.69138E-1 4.45797E-1 4.35244E-1 4.35848E-1 3.94259E-1 3.89629E-1 3.44765E-1 3.29778E-1 3.1887E-1 3.30548E-1 3.08552E-1 3.10171E-1 3.05108E-1 3.12837E-1 3.0143E-1 2.85525E-1 2.92078E-1 2.81102E-1 2.73836E-1 2.60117E-1 2.50436E-1 2.54605E-1 2.60154E-1 2.46693E-1 2.57385E-1 2.5246E-1 2.95958E-1 2.81475E-1 2.58655E-1 2.63071E-1 2.70127E-1 2.75769E-1 3.0803E-1 3.17977E-1 3.33805E-1 3.54027E-1 3.36539E-1 3.39065E-1 3.15666E-1 3.08641E-1 3.44498E-1 3.25243E-1 3.47409E-1 3.24684E-1 3.54188E-1 3.72631E-1 3.715E-1 3.63583E-1 3.9976E-1 4.06428E-1 4.2061E-1 3.97586E-1
-9999 -9999 -9999 -9999 -9999 -9999 -9999 -9999 -9999 -9999 -9999 -9999 -9999 -9999 6.04689E-1 5.97952E-1 5.54414E-1 5.21968E-1 5.11494E-1 5.01002E-1 4.48047E-1 4.35941E-1 4.23782E-1 4.2428E-1 3.9669E-1 3.84592E-1 3.3208E-1 3.59507E-1 3.169E-1 3.26094E-1 3.03748E-1 3.00381E-1 3.0417E-1 3.1052E-1 2.79558E-1 2.84224E-1 2.85922E-1 2.84009E-1 2.66846E-1 2.47914E-1 2.46538E-1 2.39501E-1 2.606E-1 2.3905E-1 2.66674E-1 2.79356E-1 3.02606E-1 2.83288E-1 2.55657E-1 2.73647E-1 2.60111E-1 2.93334E-1 3.13331E-1 3.28416E-1 3.33312E-1 3.38781E-1 3.34358E-1 3.30858E-1 3.02467E-1 3.08165E-1 3.23494E-1 3.5015E-1 3.38919E-1 3.40426E-1 3.56505E-1 3.56459E-1 3.66147E-1 3.5439E-1 3.814E-1 3.98715E-1 4.1609E-1 4.10282E-1
-9999 -9999 -9999 -9999 -9999 -9999 -9999 -9999 -9999 -9999 -9999 -9999 -9999 -9999 -9999 6.07809E-1 5.53885E-1 5.21508E-1 5.24719E-1 5.03255E-1 4.84427E-1 4.45223E-1 4.33351E-1 4.18632E-1 3.98757E-1 3.69531E-1 3.5417E-1 3.4526E-1 3.43409E-1 3.36696E-1 2.99894E-1 3.16048E-1 3.0411E-1 3.0344E-1 2.97593E-1 2.80912E-1 2.80447E-1 2.53702E-1 2.59076E-1 2.4919E-1 2.52582E-1 2.38622E-1 2.40472E-1 2.51622E-1 2.75141E-1 2.971E-1 2.84905E-1 2.65578E-1 2.56969E-1 2.63194E-1 2.63468E-1 2.85777E-1 3.11418E-1 3.31026E-1 3.17208E-1 3.27423E-1 3.18777E-1 3.19049E-1 3.05066E-1 3.1299E-1 3.1956E-1 3.45218E-1 3.32772E-1 3.56985E-1 3.5843E-1 3.49824E-1 3.47527E-1 3.52568E-1 3.80984E-1 4.14534E-1 4.11126E-1 4.08456E-1
-9999 -9999 -9999 -9999 -9999 -9999 -9999 -9999 -9999 -9999 -9999 -9999 -9999 6.86092E-1 6.14826E-1 5.94549E-1 5.97036E-1 5.33307E-1 5.09613E-1 4.9648E-1 4.79122E-1 4.59316E-1 4.26174E-1 4.1177E-1 3.9868E-1 3.83061E-1 3.52629E-1 3.44937E-1 3.44695E-1 3.29788E-1 3.08785E-1 3.12926E-1 2.9187E-1 2.89488E-1 2.92807E-1 2.62119E-1 2.68833E-1 2.48215E-1 2.47265E-1 2.45216E-1 2.52535E-1 2.36306E-1 2.35929E-1 2.37322E-1 2.68039E-1 2.66561E-1 2.68204E-1 2.6187E-1 2.51358E-1 2.63958E-1 2.66868E-1 2.88902E-1 2.99298E-1 3.10085E-1 2.93705E-1 2.8862E-1 3.06904E-1 3.04678E-1 3.13845E-1 3.07142E-1 3.12447E-1 3.35981E-1 3.39402E-1 3.37655E-1 3.43873E-1 3.58318E-1 3.32921E-1 3.48612E-1 3.69141E-1 4.10557E-1 4.25481E-1 4.21144E-1
-9999 -9999 -9999 -9999 -9999 -9999 -9999 -9999 -9999 -9999 -9999 -9999 6.81196E-1 6.63119E-1 5.93001E-1 5.906E-1 5.86532E-1 5.43156E-1 5.11402E-1 4.8939E-1 4.72363E-1 4.65367E-1 4.25065E-1 4.11073E-1 3.89087E-1 3.7081E-1 3.57009E-1 3.4643E-1 3.30994E-1 3.11186E-1 3.06392E-1 3.02809E-1 3.03239E-1 2.93091E-1 2.59505E-1 2.54306E-1 2.55421E-1 2.50351E-1 2.35729E-1 2.61172E-1 2.47542E-1 2.34278E-1 2.40114E-1 2.62953E-1 2.77468E-1 2.75593E-1 2.70226E-1 2.52677E-1 2.42153E-1 2.44517E-1 2.71054E-1 2.78589E-1 2.88473E-1 3.13069E-1 3.05627E-1 2.89008E-1 2.88296E-1 2.97638E-1 3.00964E-1 3.07795E-1 3.07284E-1 3.43278E-1 3.45161E-1 3.45483E-1 3.53235E-1 3.48999E-1 3.52808E-1 3.59457E-1 3.49604E-1 3.77139E-1 3.72077E-1 4.01244E-1
