Artocarpus altilis SDM files/MIS19/results (without bias file)/Artalt_min.asc
ncols         1201
nrows         481
xllcorner     119.99986351115
yllcorner     -15.00013828885
cellsize      0.041666667
NODATA_value  -9999
[rows 160 to 191 of 481, columns 0 to 71 of 1201]
1.26748E-1 1.88002E-1 3.27681E-1 2.50952E-1 2.78113E-1 3.12484E-1 3.29136E-1 3.52198E-1 4.01731E-1 3.42565E-1 2.72157E-1 2.68331E-1 3.41567E-1 4.02567E-1 4.4213E-1 5.22614E-1 4.95619E-1 4.88192E-1 5.11422E-1 4.93455E-1 4.25572E-1 3.6116E-1 3.25136E-1 2.97166E-1 2.46266E-1 2.12523E-1 3.04225E-1 4.24192E-1 3.63947E-1 3.88075E-1 7.26211E-1 5.14836E-1 3.48567E-1 2.43889E-1 3.91748E-1 3.40658E-1 2.67537E-1 3.59444E-1 3.97558E-1 4.57109E-1 3.87175E-1 5.08885E-1 5.97973E-1 5.21448E-1 6.2826E-1 8.31087E-1 9.01678E-1 9.19982E-1 9.24832E-1 9.37039E-1 9.37039E-1 -9999 -9999 -9999 -9999 -9999 -9999 -9999 -9999 -9999 -9999 -9999 -9999 -9999 -9999 -9999 -9999 -9999 -9999 -9999 -9999 -9999
1.69169E-1 2.10762E-1 3.54524E-1 2.56749E-1 2.93016E-1 2.8974E-1 3.50798E-1 3.62316E-1 3.93532E-1 2.82469E-1 2.5436E-1 2.83575E-1 3.68844E-1 4.06056E-1 4.50145E-1 4.87468E-1 5.07024E-1 4.97653E-1 4.90088E-1 4.16328E-1 3.52212E-1 3.63147E-1 2.84562E-1 2.18748E-1 1.90801E-1 2.4972E-1 3.88691E-1 4.27714E-1 4.03889E-1 3.99627E-1 5.38901E-1 6.61606E-1 4.04922E-1 2.77058E-1 3.9727E-1 3.9659E-1 2.94511E-1 3.85142E-1 4.03484E-1 4.79717E-1 4.39072E-1 4.95554E-1 8.0251E-1 6.11978E-1 8.71508E-1 8.75746E-1 9.01874E-1 9.10323E-1 -9999 -9999 -9999 -9999 -9999 -9999 -9999 -9999 -9999 -9999 -9999 -9999 -9999 -9999 -9999 -9999 -9999 -9999 -9999 -9999 -9999 -9999 -9999 -9999
2.59362E-1 2.57903E-1 3.56481E-1 2.67369E-1 3.15888E-1 3.56063E-1 3.36107E-1 3.4924E-1 3.78054E-1 2.93827E-1 2.59029E-1 3.47988E-1 3.8518E-1 4.3089E-1 4.48119E-1 4.81256E-1 4.97091E-1 4.21689E-1 4.64E-1 2.98527E-1 3.45328E-1 3.82986E-1 2.40841E-1 1.94485E-1 2.36529E-1 3.38207E-1 4.28589E-1 4.24738E-1 4.19495E-1 3.53634E-1 3.75158E-1 7.75927E-1 4.73706E-1 3.63795E-1 3.69199E-1 4.00336E-1 3.81826E-1 4.39313E-1 4.53617E-1 5.45079E-1 6.31319E-1 6.925E-1 8.23793E-1 8.18114E-1 8.86437E-1 8.81944E-1 -9999 -9999 -9999 -9999 -9999 -9999 -9999 -9999 -9999 -9999 -9999 -9999 -9999 -9999 -9999 -9999 -9999 -9999 -9999 -9999 -9999 -9999 -9999 -9999 -9999 -9999
2.7134E-1 2.1348E-1 3.65231E-1 3.13471E-1 2.74051E-1 2.60819E-1 2.91277E-1 3.64137E-1 3.56545E-1 2.74958E-1 2.70805E-1 3.37103E-1 4.14859E-1 4.61546E-1 4.94593E-1 5.05314E-1 4.3712E-1 4.20085E-1 3.916E-1 2.7441E-1 3.90129E-1 3.74089E-1 2.22464E-1 2.42968E-1 3.31809E-1 4.12408E-1 4.49386E-1 4.10074E-1 3.79671E-1 2.71561E-1 3.47801E-1 7.48909E-1 5.08521E-1 3.63081E-1 3.52185E-1 4.13069E-1 5.21722E-1 6.03468E-1 6.70202E-1 6.83661E-1 7.97364E-1 8.17421E-1 8.34662E-1 8.41378E-1 -9999 -9999 -9999 -9999 -9999 -9999 -9999 -9999 -9999 -9999 -9999 -9999 -9999 -9999 -9999 -9999 -9999 -9999 -9999 -9999 -9999 -9999 -9999 -9999 -9999 -9999 -9999 -9999
3.14813E-1 2.76879E-1 3.50924E-1 3.21939E-1 2.61863E-1 2.83761E-1 3.22071E-1 3.81756E-1 3.6806E-1 3.15222E-1 2.59323E-1 3.70929E-1 4.43637E-1 4.64119E-1 4.993E-1 4.44672E-1 4.20238E-1 3.43445E-1 3.26108E-1 3.27812E-1 3.908E-1 2.99409E-1 2.43828E-1 3.09403E-1 3.94453E-1 4.44517E-1 4.34437E-1 3.37132E-1 3.62405E-1 3.46622E-1 3.28556E-1 7.3528E-1 7.6869E-1 6.68428E-1 6.70396E-1 5.49397E-1 7.34763E-1 7.08105E-1 7.36526E-1 6.68623E-1 7.63963E-1 7.82432E-1 8.15256E-1 -9999 -9999 -9999 -9999 -9999 -9999 -9999 -9999 -9999 -9999 -9999 -9999 -9999 -9999 -9999 -9999 -9999 -9999 -9999 -9999 -9999 -9999 -9999 -9999 -9999 -9999 -9999 -9999 -9999
2.85903E-1 2.78222E-1 2.97645E-1 3.32352E-1 3.09139E-1 3.53306E-1 3.98363E-1 4.2956E-1 3.8734E-1 2.34278E-1 3.06371E-1 4.0991E-1 4.371E-1 4.55912E-1 4.78462E-1 4.8946E-1 4.05433E-1 2.71898E-1 3.46917E-1 3.96041E-1 3.74295E-1 3.88341E-1 3.30856E-1 3.7366E-1 4.48506E-1 4.64325E-1 5.05745E-1 3.67407E-1 3.56262E-1 4.56312E-1 4.49605E-1 6.61073E-1 7.48909E-1 7.74137E-1 7.458E-1 7.02866E-1 7.58238E-1 7.44538E-1 7.44538E-1 7.41901E-1 7.62999E-1 7.80583E-1 8.05442E-1 -9999 -9999 -9999 -9999 -9999 -9999 -9999 -9999 -9999 -9999 -9999 -9999 -9999 -9999 -9999 -9999 -9999 -9999 -9999 -9999 -9999 -9999 -9999 -9999 -9999 -9999 -9999 -9999 -9999
2.42271E-1 2.50327E-1 2.71184E-1 3.54128E-1 3.65498E-1 3.64535E-1 4.36376E-1 4.34778E-1 3.10734E-1 2.43588E-1 3.2868E-1 4.12154E-1 4.37959E-1 4.48317E-1 4.69029E-1 5.06195E-1 3.79654E-1 2.75422E-1 3.85079E-1 4.81611E-1 3.87542E-1 4.74749E-1 4.28405E-1 4.52506E-1 4.65468E-1 5.03133E-1 5.3262E-1 4.95545E-1 4.53535E-1 5.74252E-1 3.67489E-1 4.60579E-1 7.69834E-1 7.30163E-1 7.69917E-1 7.67073E-1 7.71042E-1 7.50631E-1 7.51113E-1 6.96907E-1 7.2867E-1 7.78728E-1 -9999 -9999 -9999 -9999 -9999 -9999 -9999 -9999 -9999 -9999 -9999 -9999 -9999 -9999 -9999 -9999 -9999 -9999 -9999 -9999 -9999 -9999 -9999 -9999 -9999 -9999 -9999 -9999 -9999 -9999
2.867E-1 3.05152E-1 2.70904E-1 3.21107E-1 3.88339E-1 4.11296E-1 4.49167E-1 4.42257E-1 3.12407E-1 3.01561E-1 3.65012E-1 4.1494E-1 4.30808E-1 4.15938E-1 4.48852E-1 4.80674E-1 3.91039E-1 2.78856E-1 3.92817E-1 4.49221E-1 4.77501E-1 4.03186E-1 5.20359E-1 5.2079E-1 5.04578E-1 5.48057E-1 5.56559E-1 5.15974E-1 3.11481E-1 6.61735E-1 5.80307E-1 5.93867E-1 7.66534E-1 5.43851E-1 7.50923E-1 7.64995E-1 7.72733E-1 7.61658E-1 7.12172E-1 7.20554E-1 7.83345E-1 -9999 -9999 -9999 -9999 -9999 -9999 -9999 -9999 -9999 -9999 -9999 -9999 -9999 -9999 -9999 -9999 -9999 -9999 -9999 -9999 -9999 -9999 -9999 -9999 -9999 -9999 -9999 -9999 -9999 -9999 -9999
2.43463E-1 2.65561E-1 2.27498E-1 2.84405E-1 3.7417E-1 3.98961E-1 4.18705E-1 3.86476E-1 2.43948E-1 2.56898E-1 3.36796E-1 2.8613E-1 2.63144E-1 3.7855E-1 4.3125E-1 4.49976E-1 4.21575E-1 3.08848E-1 4.00924E-1 3.94017E-1 4.75222E-1 3.9912E-1 4.45856E-1 5.45864E-1 5.53474E-1 5.62885E-1 5.58603E-1 4.41754E-1 3.12584E-1 7.45732E-1 7.3773E-1 4.7558E-1 6.91796E-1 4.88574E-1 6.72594E-1 7.62149E-1 -9999 -9999 -9999 -9999 -9999 -9999 -9999 -9999 -9999 -9999 -9999 -9999 -9999 -9999 -9999 -9999 -9999 -9999 -9999 -9999 -9999 -9999 -9999 -9999 -9999 -9999 -9999 -9999 -9999 -9999 -9999 -9999 -9999 -9999 -9999 -9999
2.24054E-1 2.04738E-1 1.7816E-1 2.22972E-1 3.0585E-1 3.23275E-1 2.87823E-1 2.85526E-1 2.4162E-1 2.20521E-1 3.09521E-1 3.42752E-1 2.25106E-1 3.50998E-1 4.31717E-1 4.41852E-1 4.44186E-1 4.33454E-1 4.16422E-1 4.53789E-1 4.72147E-1 4.96513E-1 4.22027E-1 5.0912E-1 5.23864E-1 5.33686E-1 5.27035E-1 3.60832E-1 3.09396E-1 7.27913E-1 7.69839E-1 6.23666E-1 6.58011E-1 6.71577E-1 7.21844E-1 7.23329E-1 7.69917E-1 -9999 -9999 -9999 -9999 -9999 -9999 -9999 -9999 -9999 -9999 -9999 -9999 -9999 -9999 -9999 -9999 -9999 -9999 -9999 -9999 -9999 -9999 -9999 -9999 -9999 -9999 -9999 -9999 -9999 -9999 -9999 -9999 -9999 -9999 -9999
2.47084E-1 1.99136E-1 1.72381E-1 2.37486E-1 2.88858E-1 2.98834E-1 2.90627E-1 2.52295E-1 2.06911E-1 1.99564E-1 2.84096E-1 3.57393E-1 2.34252E-1 3.33061E-1 3.44833E-1 4.22289E-1 4.50509E-1 4.75081E-1 3.85609E-1 4.05426E-1 4.49325E-1 4.69908E-1 4.75688E-1 4.36389E-1 4.77543E-1 3.97758E-1 4.39274E-1 2.65844E-1 3.35642E-1 7.33816E-1 7.09336E-1 6.59694E-1 7.09606E-1 7.54894E-1 7.36344E-1 7.49959E-1 7.53808E-1 -9999 -9999 -9999 -9999 -9999 -9999 -9999 -9999 -9999 -9999 -9999 -9999 -9999 -9999 -9999 -9999 -9999 -9999 -9999 -9999 -9999 -9999 -9999 -9999 -9999 -9999 -9999 -9999 -9999 -9999 -9999 -9999 -9999 -9999 -9999
2.41055E-1 1.89798E-1 2.30425E-1 2.9176E-1 3.07023E-1 2.44024E-1 3.37978E-1 3.19569E-1 2.59511E-1 1.87454E-1 2.17194E-1 2.76752E-1 2.01107E-1 3.66076E-1 3.12094E-1 3.15104E-1 4.39288E-1 4.55992E-1 4.1961E-1 3.5696E-1 4.28372E-1 4.10135E-1 4.55843E-1 3.98196E-1 4.50366E-1 4.17078E-1 3.68447E-1 3.19266E-1 3.39947E-1 4.1918E-1 5.61377E-1 5.04799E-1 6.35998E-1 5.09811E-1 4.83624E-1 7.26591E-1 7.43461E-1 7.66211E-1 -9999 -9999 -9999 -9999 -9999 -9999 -9999 -9999 -9999 -9999 -9999 -9999 -9999 -9999 -9999 -9999 -9999 -9999 -9999 -9999 -9999 -9999 -9999 -9999 -9999 -9999 -9999 -9999 -9999 -9999 -9999 -9999 -9999 -9999
2.71098E-1 1.91456E-1 3.01209E-1 3.14434E-1 2.23634E-1 2.62076E-1 3.09116E-1 3.67034E-1 2.98727E-1 1.67152E-1 1.77123E-1 2.11621E-1 1.75337E-1 2.55542E-1 3.03933E-1 2.74473E-1 3.81044E-1 4.45115E-1 4.50744E-1 3.80116E-1 3.47612E-1 3.90895E-1 4.46012E-1 3.86985E-1 3.80591E-1 4.22844E-1 3.15166E-1 2.61429E-1 4.98556E-1 6.54656E-1 7.08821E-1 6.47697E-1 6.09868E-1 6.7608E-1 5.53592E-1 6.42531E-1 7.42975E-1 7.40335E-1 -9999 -9999 -9999 -9999 -9999 -9999 -9999 -9999 -9999 -9999 -9999 -9999 -9999 -9999 -9999 -9999 -9999 -9999 -9999 -9999 -9999 -9999 -9999 -9999 -9999 -9999 -9999 -9999 -9999 -9999 -9999 -9999 -9999 -9999
2.98839E-1 1.86773E-1 2.79077E-1 1.71951E-1 2.02736E-1 2.42375E-1 2.92305E-1 3.22518E-1 3.67737E-1 2.23986E-1 1.6844E-1 2.2502E-1 2.65028E-1 2.50926E-1 2.65851E-1 2.91408E-1 2.06718E-1 3.2701E-1 4.3142E-1 3.81642E-1 3.26557E-1 3.76858E-1 3.81039E-1 3.8619E-1 3.72176E-1 3.8529E-1 2.88602E-1 3.02128E-1 3.77896E-1 6.45017E-1 6.87972E-1 6.88477E-1 6.81573E-1 4.82982E-1 5.66592E-1 5.47877E-1 6.54094E-1 7.37896E-1 7.44432E-1 7.44917E-1 7.40822E-1 7.3936E-1 7.63166E-1 -9999 -9999 -9999 -9999 -9999 -9999 -9999 -9999 -9999 -9999 -9999 -9999 -9999 -9999 -9999 -9999 -9999 -9999 -9999 -9999 -9999 -9999 -9999 -9999 -9999 -9999 -9999 -9999 -9999
3.48677E-1 1.80518E-1 1.84282E-1 1.83174E-1 1.52938E-1 1.85629E-1 2.09712E-1 2.84538E-1 2.76639E-1 1.73082E-1 2.14098E-1 1.93646E-1 2.89233E-1 3.31018E-1 3.23886E-1 3.1912E-1 2.05695E-1 1.48018E-1 2.64932E-1 3.24443E-1 2.92896E-1 3.0182E-1 2.30166E-1 2.33062E-1 2.35328E-1 2.80933E-1 2.53348E-1 2.95754E-1 3.79428E-1 4.76812E-1 6.44505E-1 6.76594E-1 6.88344E-1 5.23071E-1 4.10223E-1 4.506E-1 4.41774E-1 6.50809E-1 7.42975E-1 7.43461E-1 7.43946E-1 7.38872E-1 7.56289E-1 -9999 -9999 -9999 -9999 -9999 -9999 -9999 -9999 -9999 -9999 -9999 -9999 -9999 -9999 -9999 -9999 -9999 -9999 -9999 -9999 -9999 -9999 -9999 -9999 -9999 -9999 -9999 -9999 -9999
3.00848E-1 1.74462E-1 2.06628E-1 1.97234E-1 1.59348E-1 1.85714E-1 2.07702E-1 1.78757E-1 1.77176E-1 1.61149E-1 3.09423E-1 1.87473E-1 2.05973E-1 3.02659E-1 2.87124E-1 2.5899E-1 2.52452E-1 1.8658E-1 2.20318E-1 2.29002E-1 1.91906E-1 2.06909E-1 1.95088E-1 1.70257E-1 2.20761E-1 1.67109E-1 1.75638E-1 2.72786E-1 4.139E-1 2.99367E-1 6.29052E-1 6.64604E-1 6.71287E-1 5.58465E-1 3.84632E-1 3.60949E-1 3.52477E-1 5.75512E-1 7.10193E-1 7.11192E-1 7.20075E-1 7.30741E-1 7.3936E-1 7.56768E-1 -9999 -9999 -9999 -9999 -9999 -9999 -9999 -9999 -9999 -9999 -9999 -9999 -9999 -9999 -9999 -9999 -9999 -9999 -9999 -9999 -9999 -9999 -9999 -9999 -9999 -9999 -9999 -9999
2.68191E-1 1.52276E-1 1.87843E-1 2.34101E-1 2.1943E-1 1.79699E-1 1.66804E-1 2.42443E-1 2.14094E-1 1.59639E-1 3.07612E-1 2.93642E-1 2.14366E-1 2.77983E-1 2.72779E-1 2.23751E-1 1.60122E-1 2.45985E-1 2.17513E-1 1.66704E-1 1.62891E-1 1.7909E-1 1.51961E-1 1.64389E-1 2.12872E-1 2.46087E-1 1.84776E-1 3.59835E-1 4.02281E-1 4.02204E-1 4.86242E-1 6.31251E-1 5.18515E-1 4.35264E-1 3.39723E-1 4.11195E-1 3.51742E-1 4.36252E-1 6.22253E-1 6.56867E-1 5.73973E-1 6.243E-1 5.09105E-1 7.19241E-1 7.56973E-1 -9999 -9999 -9999 -9999 -9999 -9999 -9999 -9999 -9999 -9999 -9999 -9999 -9999 -9999 -9999 -9999 -9999 -9999 -9999 -9999 -9999 -9999 -9999 -9999 -9999 -9999 -9999
2.95468E-1 1.61344E-1 1.49846E-1 1.85637E-1 1.66795E-1 1.63816E-1 2.13733E-1 2.36064E-1 2.25584E-1 2.17856E-1 3.61108E-1 2.5614E-1 1.62712E-1 2.03778E-1 1.82507E-1 1.32182E-1 1.29573E-1 1.71548E-1 2.86299E-1 2.59036E-1 2.24661E-1 2.04318E-1 1.97305E-1 2.16785E-1 2.28217E-1 2.67737E-1 2.15988E-1 3.38337E-1 2.75353E-1 2.45687E-1 2.93814E-1 4.9872E-1 3.95777E-1 2.54382E-1 3.60802E-1 3.29875E-1 3.13796E-1 3.32326E-1 4.37408E-1 5.14438E-1 4.71306E-1 4.76965E-1 4.22533E-1 6.81623E-1 7.2955E-1 -9999 -9999 -9999 -9999 -9999 -9999 -9999 -9999 -9999 -9999 -9999 -9999 -9999 -9999 -9999 -9999 -9999 -9999 -9999 -9999 -9999 -9999 -9999 -9999 -9999 -9999 -9999
2.17399E-1 1.83624E-1 1.69708E-1 1.72433E-1 1.93917E-1 1.73234E-1 2.00953E-1 2.44401E-1 2.89804E-1 3.10485E-1 3.8768E-1 2.65843E-1 1.49453E-1 1.10964E-1 1.19575E-1 1.76217E-1 1.56544E-1 1.91574E-1 4.03386E-1 6.46476E-1 5.68302E-1 3.25236E-1 2.58596E-1 2.91485E-1 3.18777E-1 2.44608E-1 2.29732E-1 2.45342E-1 2.2924E-1 2.62352E-1 2.81595E-1 3.63701E-1 3.42846E-1 2.74902E-1 3.59038E-1 2.96755E-1 3.47E-1 3.14012E-1 3.33528E-1 3.56269E-1 4.04251E-1 3.7556E-1 5.35571E-1 5.86882E-1 6.74807E-1 7.18112E-1 -9999 -9999 -9999 -9999 -9999 -9999 -9999 -9999 -9999 -9999 -9999 -9999 -9999 -9999 -9999 -9999 -9999 -9999 -9999 -9999 -9999 -9999 -9999 -9999 -9999 -9999
1.62004E-1 2.48291E-1 2.7376E-1 1.96949E-1 2.50015E-1 1.96628E-1 2.1879E-1 2.17364E-1 2.83705E-1 5.42163E-1 3.27112E-1 2.15373E-1 1.29284E-1 1.07535E-1 1.40265E-1 1.88307E-1 2.01048E-1 2.13657E-1 5.71821E-1 6.8392E-1 7.31642E-1 6.91832E-1 6.30158E-1 4.72765E-1 6.22856E-1 4.00206E-1 4.036E-1 3.45405E-1 3.08128E-1 3.80417E-1 3.5754E-1 3.21435E-1 3.05918E-1 2.36916E-1 2.94132E-1 2.50868E-1 3.25273E-1 3.0996E-1 3.19545E-1 3.15966E-1 3.33628E-1 3.54907E-1 3.57332E-1 4.23076E-1 5.40423E-1 6.74439E-1 7.50562E-1 -9999 -9999 -9999 -9999 -9999 -9999 -9999 -9999 -9999 -9999 -9999 -9999 -9999 -9999 -9999 -9999 -9999 -9999 -9999 -9999 -9999 -9999 -9999 -9999 -9999
2.17303E-1 2.5563E-1 3.21807E-1 2.60683E-1 2.69048E-1 1.95398E-1 2.33835E-1 3.64436E-1 5.26801E-1 5.8051E-1 2.15647E-1 2.14849E-1 1.90393E-1 1.25033E-1 1.413E-1 1.64714E-1 2.29698E-1 3.55322E-1 6.15579E-1 6.97598E-1 7.29133E-1 7.32876E-1 7.17773E-1 3.4081E-1 5.94165E-1 6.55993E-1 5.33309E-1 3.796E-1 3.34005E-1 3.36133E-1 3.57786E-1 3.63234E-1 3.67247E-1 3.68404E-1 2.6555E-1 2.53586E-1 2.91372E-1 2.64908E-1 2.44674E-1 3.19641E-1 3.24818E-1 3.43189E-1 3.49802E-1 3.29139E-1 3.34608E-1 5.75593E-1 6.5664E-1 -9999 -9999 -9999 -9999 -9999 -9999 -9999 -9999 -9999 -9999 -9999 -9999 -9999 -9999 -9999 -9999 -9999 -9999 -9999 -9999 -9999 -9999 -9999 -9999 -9999
3.02304E-1 3.05897E-1 2.81733E-1 3.26383E-1 2.25814E-1 2.51249E-1 4.27415E-1 5.56447E-1 6.24089E-1 5.78319E-1 4.01682E-1 2.75534E-1 1.90231E-1 1.38366E-1 2.03355E-1 1.89453E-1 3.1444E-1 4.84503E-1 6.51037E-1 6.8833E-1 7.2252E-1 7.02034E-1 6.89434E-1 5.97409E-1 5.82083E-1 2.58371E-1 4.81661E-1 3.16398E-1 2.44743E-1 2.1383E-1 2.40099E-1 2.83079E-1 3.46015E-1 3.55136E-1 3.62205E-1 3.03962E-1 2.51925E-1 2.90458E-1 3.02411E-1 2.65308E-1 3.27105E-1 3.38566E-1 3.29779E-1 3.24484E-1 3.17661E-1 4.24211E-1 5.27969E-1 7.32633E-1 -9999 -9999 -9999 -9999 -9999 -9999 -9999 -9999 -9999 -9999 -9999 -9999 -9999 -9999 -9999 -9999 -9999 -9999 -9999 -9999 -9999 -9999 -9999 -9999
3.19276E-1 2.61292E-1 2.12751E-1 2.49865E-1 4.25785E-1 5.20063E-1 6.19109E-1 6.9355E-1 6.72217E-1 6.72301E-1 6.03205E-1 4.04553E-1 3.83319E-1 2.04419E-1 3.1071E-1 2.90564E-1 5.41962E-1 5.86541E-1 7.04523E-1 6.944E-1 7.05766E-1 7.14051E-1 6.35886E-1 6.86386E-1 5.70345E-1 4.00266E-1 5.43481E-1 2.86169E-1 2.72399E-1 3.08055E-1 3.99301E-1 2.30748E-1 2.86943E-1 3.06382E-1 3.3131E-1 2.96563E-1 3.74363E-1 3.66989E-1 3.58003E-1 3.37882E-1 3.04169E-1 2.88266E-1 2.65644E-1 3.03497E-1 3.10215E-1 3.80897E-1 3.78201E-1 6.57287E-1 -9999 -9999 -9999 -9999 -9999 -9999 -9999 -9999 -9999 -9999 -9999 -9999 -9999 -9999 -9999 -9999 -9999 -9999 -9999 -9999 -9999 -9999 -9999 -9999
2.51436E-1 3.34293E-1 3.08379E-1 3.7252E-1 5.39642E-1 6.51599E-1 7.00589E-1 7.02784E-1 6.84088E-1 6.83557E-1 6.66437E-1 6.43633E-1 6.67851E-1 6.48379E-1 6.18913E-1 5.8082E-1 6.56509E-1 6.99351E-1 7.14564E-1 7.16517E-1 6.9825E-1 6.94037E-1 6.85326E-1 7.31658E-1 7.38198E-1 7.34317E-1 6.66313E-1 3.76901E-1 2.22487E-1 2.82538E-1 4.22071E-1 2.85869E-1 2.71806E-1 3.14853E-1 3.35379E-1 3.92806E-1 4.0513E-1 3.9639E-1 3.65719E-1 3.55596E-1 3.38763E-1 3.22201E-1 2.86546E-1 2.88288E-1 3.36038E-1 3.18443E-1 3.16953E-1 4.63659E-1 7.61692E-1 -9999 -9999 -9999 -9999 -9999 -9999 -9999 -9999 -9999 -9999 -9999 -9999 -9999 -9999 -9999 -9999 -9999 -9999 -9999 -9999 -9999 -9999 -9999
2.89916E-1 3.45715E-1 2.91403E-1 2.85177E-1 4.7048E-1 7.11237E-1 7.14851E-1 7.00401E-1 6.84149E-1 6.72709E-1 6.64087E-1 6.63647E-1 6.62014E-1 6.96274E-1 6.60652E-1 6.6709E-1 6.93439E-1 7.03093E-1 7.15146E-1 7.10234E-1 7.0543E-1 7.0028E-1 7.00779E-1 7.22095E-1 7.31806E-1 7.23706E-1 7.20571E-1 4.72195E-1 3.52483E-1 4.33082E-1 3.28775E-1 3.18716E-1 3.54906E-1 3.69729E-1 3.90959E-1 3.35558E-1 3.87407E-1 3.26684E-1 2.92922E-1 3.27935E-1 3.33684E-1 3.49869E-1 3.11402E-1 3.09996E-1 3.3258E-1 3.2144E-1 3.0279E-1 3.37173E-1 6.7283E-1 -9999 -9999 -9999 -9999 -9999 -9999 -9999 -9999 -9999 -9999 -9999 -9999 -9999 -9999 -9999 -9999 -9999 -9999 -9999 -9999 -9999 -9999 -9999
2.22084E-1 2.38576E-1 2.67968E-1 2.78146E-1 6.56873E-1 7.38536E-1 7.24127E-1 7.0305E-1 6.82488E-1 6.70663E-1 6.62328E-1 6.84434E-1 6.90652E-1 6.9556E-1 6.89565E-1 6.90966E-1 -9999 -9999 -9999 -9999 -9999 7.16431E-1 7.09519E-1 7.09484E-1 7.26565E-1 7.3802E-1 7.19821E-1 7.11124E-1 4.87731E-1 3.56271E-1 3.31643E-1 3.17667E-1 2.6191E-1 3.18683E-1 3.92068E-1 4.0379E-1 4.03413E-1 4.0266E-1 3.93053E-1 3.96918E-1 3.77477E-1 3.42232E-1 2.94159E-1 2.88993E-1 2.97982E-1 3.04853E-1 5.34447E-1 6.43066E-1 7.39222E-1 -9999 -9999 -9999 -9999 -9999 -9999 -9999 -9999 -9999 -9999 -9999 -9999 -9999 -9999 -9999 -9999 -9999 -9999 -9999 -9999 -9999 -9999 -9999
2.38665E-1 2.75675E-1 2.91468E-1 6.27683E-1 7.42992E-1 7.34226E-1 7.17997E-1 6.93232E-1 6.87601E-1 6.80458E-1 6.67476E-1 6.9618E-1 6.87571E-1 6.92767E-1 -9999 -9999 -9999 -9999 -9999 -9999 -9999 -9999 -9999 -9999 -9999 7.35092E-1 7.12319E-1 3.3197E-1 4.88222E-1 3.54109E-1 2.40678E-1 3.10215E-1 2.95248E-1 2.42954E-1 3.27446E-1 4.03036E-1 4.0266E-1 4.01907E-1 4.08453E-1 3.85432E-1 3.66082E-1 3.22895E-1 2.78149E-1 2.69289E-1 2.8717E-1 2.90456E-1 3.08825E-1 3.85412E-1 4.41244E-1 4.82057E-1 6.13496E-1 -9999 -9999 -9999 -9999 -9999 -9999 -9999 -9999 -9999 -9999 -9999 -9999 -9999 -9999 -9999 -9999 -9999 -9999 -9999 -9999 -9999
3.47835E-1 3.20313E-1 4.36923E-1 7.27806E-1 7.40769E-1 7.35313E-1 7.46397E-1 7.08438E-1 7.16984E-1 7.026E-1 6.95788E-1 6.9253E-1 6.80379E-1 -9999 -9999 -9999 -9999 -9999 -9999 -9999 -9999 -9999 -9999 -9999 7.00535E-1 5.42163E-1 3.09802E-1 3.9365E-1 4.55165E-1 3.96454E-1 2.65966E-1 2.52423E-1 3.14029E-1 3.14884E-1 3.05482E-1 4.07694E-1 3.8912E-1 3.59762E-1 4.13532E-1 3.69994E-1 3.47047E-1 2.96229E-1 2.9513E-1 2.56056E-1 2.92452E-1 3.00259E-1 3.27419E-1 3.60924E-1 3.27714E-1 4.46487E-1 4.38696E-1 5.15231E-1 -9999 -9999 -9999 -9999 -9999 -9999 -9999 -9999 -9999 -9999 -9999 -9999 -9999 -9999 -9999 -9999 -9999 -9999 -9999 -9999
3.62421E-1 3.07294E-1 5.02216E-1 7.32442E-1 7.41256E-1 7.61468E-1 7.4977E-1 7.35508E-1 7.16835E-1 7.01707E-1 6.97962E-1 7.00841E-1 -9999 -9999 -9999 -9999 -9999 -9999 -9999 -9999 -9999 -9999 7.15751E-1 6.75073E-1 5.3586E-1 4.99654E-1 2.49764E-1 2.52997E-1 3.71123E-1 3.75338E-1 3.12984E-1 2.43813E-1 3.0663E-1 3.09857E-1 3.73039E-1 3.98906E-1 3.96952E-1 3.96148E-1 3.70919E-1 3.39525E-1 2.62445E-1 2.82759E-1 2.90435E-1 3.05574E-1 3.17457E-1 2.86819E-1 3.11892E-1 2.79939E-1 3.05348E-1 4.59385E-1 3.32466E-1 3.93853E-1 4.92067E-1 -9999 -9999 -9999 -9999 -9999 -9999 -9999 -9999 -9999 -9999 -9999 -9999 -9999 -9999 -9999 -9999 -9999 -9999 -9999
3.78081E-1 4.50966E-1 5.43013E-1 7.14911E-1 7.40769E-1 7.6169E-1 7.5156E-1 7.32524E-1 7.19949E-1 7.06791E-1 7.11881E-1 -9999 -9999 -9999 -9999 -9999 -9999 -9999 -9999 -9999 -9999 -9999 -9999 6.5208E-1 6.46233E-1 6.44259E-1 2.71384E-1 2.67212E-1 4.20599E-1 4.5993E-1 2.99763E-1 2.94339E-1 2.88872E-1 2.82186E-1 3.72419E-1 3.87245E-1 3.90616E-1 3.61983E-1 3.2553E-1 3.18012E-1 2.80424E-1 2.92757E-1 2.96657E-1 3.31202E-1 3.0455E-1 3.04869E-1 2.95009E-1 2.95606E-1 3.01523E-1 3.73357E-1 2.85866E-1 4.18589E-1 5.33266E-1 -9999 -9999 -9999 -9999 -9999 -9999 -9999 -9999 -9999 -9999 -9999 -9999 -9999 -9999 -9999 -9999 -9999 -9999 -9999
2.97066E-1 2.86245E-1 3.4248E-1 6.99888E-1 7.44379E-1 7.56921E-1 7.46337E-1 7.35755E-1 7.35068E-1 -9999 -9999 -9999 -9999 -9999 -9999 -9999 -9999 -9999 -9999 -9999 -9999 -9999 -9999 -9999 -9999 6.73524E-1 3.90759E-1 2.56045E-1 3.25974E-1 3.63994E-1 2.93792E-1 2.40854E-1 2.29738E-1 3.4186E-1 3.6668E-1 3.80393E-1 3.56771E-1 3.12816E-1 2.94412E-1 2.68288E-1 2.64479E-1 3.0546E-1 3.11549E-1 3.0191E-1 3.09585E-1 2.95304E-1 2.88708E-1 3.02608E-1 2.43226E-1 1.91385E-1 3.008E-1 4.55467E-1 2.68334E-1 3.77056E-1 4.81898E-1 6.90881E-1 -9999 -9999 -9999 -9999 -9999 -9999 -9999 -9999 -9999 -9999 -9999 -9999 -9999 -9999 -9999 -9999
3.76463E-1 2.59868E-1 3.12881E-1 4.93534E-1 7.42923E-1 7.54047E-1 7.4951E-1 -9999 -9999 -9999 -9999 -9999 -9999 -9999 -9999 -9999 -9999 -9999 -9999 -9999 -9999 -9999 -9999 -9999 -9999 6.47599E-1 4.74593E-1 2.37392E-1 2.74981E-1 3.54459E-1 2.85197E-1 2.74981E-1 2.72949E-1 3.29577E-1 3.18041E-1 3.13908E-1 2.90286E-1 2.7523E-1 2.8227E-1 2.83889E-1 2.85576E-1 2.83627E-1 3.10151E-1 2.88435E-1 3.00344E-1 2.92107E-1 2.91416E-1 2.97104E-1 1.87715E-1 2.86061E-1 2.82158E-1 3.38273E-1 3.26649E-1 3.81937E-1 4.2488E-1 6.34199E-1 -9999 -9999 -9999 -9999 -9999 -9999 -9999 -9999 -9999 -9999 -9999 -9999 -9999 -9999 -9999 -9999
