Artocarpus altilis SDM files/MIS19/results (without bias file)/Artalt_max.asc
ncols         1201
nrows         481
xllcorner     119.99986351115
yllcorner     -15.00013828885
cellsize      0.041666667
NODATA_value  -9999
[rows 288 to 319 of 481, columns 576 to 647 of 1201]
3.91682E-1 4.44433E-1 3.84973E-1 3.76798E-1 3.71214E-1 4.06668E-1 5.06133E-1 5.96135E-1 5.91289E-1 5.69849E-1 1.91619E-1 8.85654E-2 7.04932E-2 6.1242E-2 2.89833E-1 6.71838E-2 8.10013E-2 3.75922E-1 4.2194E-1 2.62708E-1 2.17492E-1 1.44356E-1 2.91621E-1 1.85361E-1 1.76653E-1 2.32666E-1 3.09528E-1 2.82573E-1 1.90901E-1 2.30392E-1 2.0679E-1 3.87055E-1 3.63111E-1 3.89933E-1 3.7441E-1 2.9868E-1 2.77856E-1 3.31403E-1 2.91567E-1 3.1517E-1 2.84935E-1 2.55169E-1 2.42527E-1 2.22485E-1 2.08203E-1 2.78375E-1 2.32521E-1 2.44499E-1 2.7834E-1 2.7111E-1 2.66885E-1 2.56764E-1 2.39361E-1 1.91983E-1 2.13694E-1 1.92713E-1 1.94614E-1 1.98485E-1 2.15205E-1 1.7377E-1 2.95801E-1 2.0065E-1 3.65215E-1 2.26867E-1 2.57544E-1 2.85541E-1 1.09689E-1 2.9088E-1 3.8622E-1 4.59403E-1 6.69577E-1 6.87185E-1
4.94395E-1 5.4669E-1 4.90925E-1 3.67229E-1 3.7364E-1 3.5851E-1 3.77982E-1 6.06555E-1 5.43036E-1 3.26237E-1 1.66766E-1 1.08674E-1 2.54324E-1 1.85381E-1 3.4399E-1 3.04709E-1 3.38282E-1 3.87769E-1 4.28797E-1 2.52506E-1 3.16711E-1 2.28555E-1 2.36873E-1 2.44571E-1 2.45443E-1 2.06738E-1 2.85463E-1 3.09268E-1 2.52088E-1 1.93035E-1 1.80424E-1 3.53887E-1 4.16598E-1 3.53333E-1 3.5395E-1 3.68461E-1 3.68545E-1 3.49891E-1 2.79445E-1 3.38916E-1 2.9753E-1 2.68264E-1 2.19128E-1 2.08625E-1 2.68863E-1 2.5693E-1 2.4174E-1 2.63673E-1 2.78062E-1 2.44118E-1 2.92263E-1 2.97944E-1 2.54409E-1 2.26376E-1 2.04365E-1 1.99268E-1 2.52684E-1 2.21502E-1 2.25071E-1 1.93453E-1 2.50695E-1 2.70624E-1 2.94886E-1 2.35051E-1 2.44651E-1 3.122E-1 8.52556E-2 2.65378E-1 3.48662E-1 3.82682E-1 4.04645E-1 5.51465E-1
5.44838E-1 5.74831E-1 5.75949E-1 4.88957E-1 3.92116E-1 3.69753E-1 3.60877E-1 5.50017E-1 4.92962E-1 4.86684E-1 4.66421E-1 2.60436E-1 2.64012E-1 3.23662E-1 3.63409E-1 3.7846E-1 3.97978E-1 4.22205E-1 4.15989E-1 3.41819E-1 3.86547E-1 2.0131E-1 1.96262E-1 1.72772E-1 1.28446E-1 1.57325E-1 2.54209E-1 3.9721E-1 2.95619E-1 3.63355E-1 4.41128E-1 5.14636E-1 4.22315E-1 2.06919E-1 2.57596E-1 4.07837E-1 3.0347E-1 2.34835E-1 3.36447E-1 3.38612E-1 2.81252E-1 2.05226E-1 3.04411E-1 2.8433E-1 2.34499E-1 1.90361E-1 2.44192E-1 1.92076E-1 2.80344E-1 2.93188E-1 2.31172E-1 2.56702E-1 2.12882E-1 1.75532E-1 1.83466E-1 2.14751E-1 2.7043E-1 2.88761E-1 2.45221E-1 2.30883E-1 2.46891E-1 2.88309E-1 2.45119E-1 1.97405E-1 2.68083E-1 3.01534E-1 1.0955E-1 3.38808E-1 3.63639E-1 4.58303E-1 4.47282E-1 4.55856E-1
5.78475E-1 5.73571E-1 5.59632E-1 5.80039E-1 5.21964E-1 4.02901E-1 3.59512E-1 4.54993E-1 5.34495E-1 5.77467E-1 5.6406E-1 4.47423E-1 3.39114E-1 3.88571E-1 3.7749E-1 4.07448E-1 4.00591E-1 4.27261E-1 4.97902E-1 4.47639E-1 2.57966E-1 2.17051E-1 4.34646E-1 3.07158E-1 1.79635E-1 2.90072E-1 2.97635E-1 2.14376E-1 2.73428E-1 2.83109E-1 2.43123E-1 4.26678E-1 1.72068E-1 3.92001E-1 3.63111E-1 4.23049E-1 3.29991E-1 2.8482E-1 3.65165E-1 3.37631E-1 2.56836E-1 2.12494E-1 2.86389E-1 2.65252E-1 2.33411E-1 2.17224E-1 2.44412E-1 2.57417E-1 2.18811E-1 2.14123E-1 2.02956E-1 2.34518E-1 3.08563E-1 2.96473E-1 2.66278E-1 1.65271E-1 2.08541E-1 2.30806E-1 2.79562E-1 2.04499E-1 2.30125E-1 3.71443E-1 2.3493E-1 1.85703E-1 2.57311E-1 2.5426E-1 1.11343E-1 3.14397E-1 4.04022E-1 4.48774E-1 4.81343E-1 6.11373E-1
5.6436E-1 5.63707E-1 5.61133E-1 5.817E-1 5.60499E-1 5.37217E-1 4.28909E-1 4.15708E-1 5.68517E-1 5.77335E-1 5.40943E-1 5.05618E-1 3.54904E-1 2.96302E-1 4.01446E-1 4.10787E-1 4.6081E-1 4.48316E-1 5.83622E-1 6.07931E-1 5.85932E-1 5.33179E-1 5.23061E-1 2.37509E-1 2.19093E-1 2.17511E-1 2.99953E-1 1.63058E-1 2.45023E-1 3.42123E-1 2.72214E-1 4.282E-1 1.42102E-1 4.08893E-1 3.70479E-1 4.1419E-1 2.93581E-1 2.1982E-1 3.47731E-1 3.32434E-1 2.67677E-1 2.46309E-1 2.76558E-1 3.06375E-1 2.47527E-1 2.3826E-1 2.43298E-1 2.53524E-1 2.96264E-1 2.49629E-1 2.88289E-1 2.0645E-1 2.98747E-1 2.73062E-1 2.00373E-1 3.25376E-1 2.42901E-1 2.09684E-1 2.62033E-1 2.82312E-1 2.89433E-1 3.688E-1 2.20859E-1 1.82207E-1 2.36816E-1 2.56125E-1 1.23322E-1 3.33424E-1 3.89255E-1 4.04834E-1 4.25001E-1 4.31468E-1
5.23365E-1 5.52556E-1 5.52824E-1 5.51889E-1 5.5087E-1 5.27E-1 4.69947E-1 4.13711E-1 3.79289E-1 5.16802E-1 5.58746E-1 5.72913E-1 3.95401E-1 3.89642E-1 4.37055E-1 4.11205E-1 5.46834E-1 4.70988E-1 5.9822E-1 6.44626E-1 6.11008E-1 4.96306E-1 5.19935E-1 4.11218E-1 2.37297E-1 2.08823E-1 2.16723E-1 2.88529E-1 2.85463E-1 2.13598E-1 4.17997E-1 4.29216E-1 1.67193E-1 3.03671E-1 4.44636E-1 4.37086E-1 4.37918E-1 1.83376E-1 2.09985E-1 3.11568E-1 3.25214E-1 2.92874E-1 2.8965E-1 2.68446E-1 2.54273E-1 2.52951E-1 2.34011E-1 2.81215E-1 2.21274E-1 2.99143E-1 2.95417E-1 3.11485E-1 2.82444E-1 1.97177E-1 2.36699E-1 2.76764E-1 2.88318E-1 2.00366E-1 2.3067E-1 2.71248E-1 3.49873E-1 2.50083E-1 2.74424E-1 1.79008E-1 2.07952E-1 2.50862E-1 2.79346E-1 1.52842E-1 3.18165E-1 2.74582E-1 3.69874E-1 4.19535E-1
4.30674E-1 4.81054E-1 5.47686E-1 5.5323E-1 5.49412E-1 5.54179E-1 4.23987E-1 3.91769E-1 3.48598E-1 3.82838E-1 3.98968E-1 5.10599E-1 4.59329E-1 4.65751E-1 4.94494E-1 4.37622E-1 5.68375E-1 6.04205E-1 6.29679E-1 6.38516E-1 5.14073E-1 4.29837E-1 4.27383E-1 4.24851E-1 3.30993E-1 3.75178E-1 2.55194E-1 2.00068E-1 2.64911E-1 3.17637E-1 4.05974E-1 5.23434E-1 2.24363E-1 5.46335E-1 5.05567E-1 5.1343E-1 4.31444E-1 2.01656E-1 1.41495E-1 1.26606E-1 1.11616E-1 1.23402E-1 1.44263E-1 1.4E-1 2.02399E-1 2.3803E-1 2.49166E-1 2.83682E-1 1.76422E-1 2.22823E-1 3.16271E-1 2.63065E-1 2.79659E-1 2.88942E-1 2.72312E-1 2.68286E-1 2.81378E-1 2.85981E-1 2.96192E-1 3.39126E-1 2.26452E-1 1.77512E-1 2.35046E-1 1.93684E-1 1.74211E-1 2.1343E-1 2.52462E-1 1.35088E-1 2.80547E-1 3.2257E-1 3.60145E-1 4.31824E-1
3.78364E-1 4.40519E-1 5.1642E-1 5.58961E-1 5.50723E-1 5.115E-1 4.11885E-1 4.28957E-1 4.37921E-1 5.27378E-1 5.27206E-1 4.59631E-1 5.6145E-1 5.36469E-1 5.42827E-1 5.59632E-1 5.74265E-1 6.39388E-1 6.362E-1 5.90511E-1 5.15574E-1 4.27531E-1 4.2789E-1 4.25357E-1 4.25357E-1 4.97413E-1 4.77151E-1 2.56915E-1 4.12396E-1 3.95619E-1 4.22516E-1 5.93332E-1 3.37386E-1 5.63068E-1 6.15745E-1 3.58248E-1 2.59685E-1 1.44039E-1 1.25402E-1 1.68843E-1 2.04831E-1 1.88559E-1 1.73255E-1 1.9969E-1 1.34097E-1 2.76381E-1 2.82072E-1 2.23388E-1 2.82531E-1 2.25033E-1 2.90251E-1 2.54247E-1 2.76482E-1 2.63884E-1 2.81516E-1 2.81184E-1 2.67972E-1 2.60868E-1 2.57203E-1 2.5559E-1 1.69875E-1 1.75846E-1 2.71966E-1 2.5688E-1 2.06604E-1 1.81472E-1 2.06791E-1 1.57358E-1 3.09207E-1 3.43289E-1 3.68564E-1 4.16815E-1
3.90582E-1 4.09738E-1 4.80521E-1 5.3504E-1 5.45876E-1 5.05838E-1 4.7857E-1 5.23012E-1 5.3671E-1 5.47436E-1 5.71666E-1 5.7264E-1 5.38373E-1 5.80125E-1 6.10171E-1 5.82761E-1 5.97801E-1 6.27567E-1 6.35887E-1 6.09955E-1 5.17034E-1 5.18129E-1 5.18052E-1 5.17493E-1 5.13588E-1 5.14145E-1 6.0783E-1 3.90624E-1 3.2222E-1 6.05602E-1 4.38427E-1 5.65326E-1 5.86891E-1 5.64793E-1 6.21012E-1 3.45742E-1 3.09288E-1 1.84975E-1 1.18028E-1 1.4122E-1 1.62416E-1 1.35555E-1 1.66191E-1 1.28172E-1 8.9386E-2 2.96199E-1 2.38764E-1 2.77127E-1 2.58951E-1 2.70249E-1 2.43008E-1 2.57274E-1 2.76065E-1 2.79556E-1 3.1116E-1 2.72677E-1 2.70021E-1 2.71671E-1 2.69639E-1 2.67593E-1 1.85816E-1 1.62709E-1 1.98018E-1 2.78186E-1 3.02027E-1 1.82418E-1 1.68578E-1 1.84695E-1 1.54207E-1 2.53322E-1 3.45231E-1 3.51676E-1
5.04931E-1 4.66175E-1 4.86971E-1 5.12575E-1 5.55297E-1 5.39035E-1 5.46954E-1 5.30152E-1 5.2617E-1 5.61683E-1 5.88083E-1 5.9301E-1 5.87849E-1 6.03748E-1 6.03038E-1 6.13726E-1 6.13345E-1 6.28445E-1 6.5384E-1 6.10358E-1 6.15948E-1 5.22823E-1 5.2197E-1 6.11915E-1 6.13082E-1 5.11362E-1 6.08414E-1 4.21382E-1 4.76075E-1 3.7257E-1 3.58248E-1 6.22712E-1 6.38631E-1 5.58904E-1 5.53748E-1 4.56377E-1 5.31447E-1 2.79202E-1 1.05865E-1 7.01385E-2 8.06816E-2 5.57639E-2 4.99161E-2 6.06962E-2 1.52326E-1 3.09356E-1 1.6998E-1 1.87277E-1 1.34861E-1 2.18718E-1 2.21119E-1 2.53856E-1 3.14181E-1 3.01246E-1 3.15931E-1 2.82789E-1 2.85033E-1 2.87186E-1 2.62511E-1 2.44976E-1 2.33908E-1 2.0669E-1 1.70907E-1 2.60249E-1 2.85768E-1 2.02483E-1 1.63028E-1 1.59209E-1 1.55274E-1 2.0816E-1 3.09558E-1 3.05549E-1
5.40423E-1 5.06277E-1 4.59641E-1 5.12369E-1 5.35082E-1 5.39356E-1 5.49193E-1 5.34568E-1 5.61085E-1 5.82847E-1 5.8749E-1 5.9733E-1 5.951E-1 5.99822E-1 6.02658E-1 6.1413E-1 6.1348E-1 6.27521E-1 6.52537E-1 5.92388E-1 6.16981E-1 6.21258E-1 6.2418E-1 6.16001E-1 6.13666E-1 6.0783E-1 6.64942E-1 4.22328E-1 4.07266E-1 2.35815E-1 3.69853E-1 6.25634E-1 6.38631E-1 6.10363E-1 6.32786E-1 4.42679E-1 5.48606E-1 4.3752E-1 1.28085E-1 5.92127E-2 7.89433E-2 7.32459E-2 1.89259E-1 7.1914E-2 7.75363E-2 1.71162E-1 2.01707E-1 8.50629E-2 9.84986E-2 1.16268E-1 1.81781E-1 2.92816E-1 3.26657E-1 3.2651E-1 3.18772E-1 3.09316E-1 2.44332E-1 3.02634E-1 2.85399E-1 2.87978E-1 2.47219E-1 2.2713E-1 2.52981E-1 2.34284E-1 2.79346E-1 2.73703E-1 1.90081E-1 1.54508E-1 1.66882E-1 1.94206E-1 2.94935E-1 1.27715E-1
4.9786E-1 4.91877E-1 4.59125E-1 4.32187E-1 4.62849E-1 5.49888E-1 5.66099E-1 5.66792E-1 5.10547E-1 5.81343E-1 5.86497E-1 5.91762E-1 6.01432E-1 6.04285E-1 6.0828E-1 6.31841E-1 6.40339E-1 6.47439E-1 6.29906E-1 6.36178E-1 6.63612E-1 6.20674E-1 6.05286E-1 6.68433E-1 6.68433E-1 6.66149E-1 6.69057E-1 6.10747E-1 3.77236E-1 3.89665E-1 3.70778E-1 6.20323E-1 6.3624E-1 6.3098E-1 6.38089E-1 5.70544E-1 5.51461E-1 5.65935E-1 2.35782E-1 7.48941E-2 1.62011E-1 3.70937E-1 1.07924E-1 9.03421E-2 4.87877E-2 1.22521E-1 3.22159E-1 1.48554E-1 1.07097E-1 1.32466E-1 1.24698E-1 2.9713E-1 3.37388E-1 3.32712E-1 2.78331E-1 2.80401E-1 2.93677E-1 2.69625E-1 2.41021E-1 2.91901E-1 2.39191E-1 1.86564E-1 2.16044E-1 2.20317E-1 2.48114E-1 2.77041E-1 1.72019E-1 1.51278E-1 1.4752E-1 2.46526E-1 1.47441E-1 9.12863E-2
5.26806E-1 5.23474E-1 5.22275E-1 4.89618E-1 5.06756E-1 5.09035E-1 5.69555E-1 5.66199E-1 5.71262E-1 5.75712E-1 5.79415E-1 5.87026E-1 5.97675E-1 6.03395E-1 6.31297E-1 6.35841E-1 6.43844E-1 6.42632E-1 6.51458E-1 6.57381E-1 6.65717E-1 6.48692E-1 6.55043E-1 6.69639E-1 6.71383E-1 6.70263E-1 6.73748E-1 6.68476E-1 6.01448E-1 4.4463E-1 3.2222E-1 5.81578E-1 6.46259E-1 6.63938E-1 6.46312E-1 6.28652E-1 4.00102E-1 4.54274E-1 3.17246E-1 1.59262E-1 2.89705E-1 4.07112E-1 4.41681E-2 2.94451E-2 4.93556E-2 3.00443E-1 3.50626E-1 7.26368E-2 1.78758E-1 1.09477E-1 1.29394E-1 3.32495E-1 3.42261E-1 2.40971E-1 2.37781E-1 2.50907E-1 3.15857E-1 2.68605E-1 2.48515E-1 2.53333E-1 2.81613E-1 2.24814E-1 2.36053E-1 2.07571E-1 2.30304E-1 2.13858E-1 1.86633E-1 1.58835E-1 1.79063E-1 2.38253E-1 1.46686E-1 1.19269E-1
5.18007E-1 5.13343E-1 5.15267E-1 5.16336E-1 5.23938E-1 5.28865E-1 5.59507E-1 5.64442E-1 5.59232E-1 5.71884E-1 5.81994E-1 5.87669E-1 6.15794E-1 6.20367E-1 6.29076E-1 6.35525E-1 6.48424E-1 6.54755E-1 6.62915E-1 6.70813E-1 6.59914E-1 6.66118E-1 6.72042E-1 6.75056E-1 6.78846E-1 6.79591E-1 6.72006E-1 6.77272E-1 6.70844E-1 5.82782E-1 5.3645E-1 5.08448E-1 6.29174E-1 6.83235E-1 6.66858E-1 6.3454E-1 5.88684E-1 3.98642E-1 4.09047E-1 3.9332E-1 4.7646E-1 2.64585E-1 4.77231E-2 3.21023E-2 3.47851E-2 1.57676E-1 3.60609E-1 9.49083E-2 2.43769E-1 7.0944E-2 1.06605E-1 3.40364E-1 1.94258E-1 1.78282E-1 3.00244E-1 2.28697E-1 2.41591E-1 1.87609E-1 2.29305E-1 3.04342E-1 2.99624E-1 2.59621E-1 2.15595E-1 2.09914E-1 1.93617E-1 2.61176E-1 1.31409E-1 1.81111E-1 2.1842E-1 1.69698E-1 2.77228E-1 1.19584E-1
5.19011E-1 5.17453E-1 5.1959E-1 5.23168E-1 5.4266E-1 5.49238E-1 5.54849E-1 5.60258E-1 5.64184E-1 5.9486E-1 5.99316E-1 5.85344E-1 6.09491E-1 6.17449E-1 6.08337E-1 6.31951E-1 6.42065E-1 6.58142E-1 6.62377E-1 6.63811E-1 6.68532E-1 6.71058E-1 6.69181E-1 6.79916E-1 6.79314E-1 6.95045E-1 6.78153E-1 7.00575E-1 6.94211E-1 6.63238E-1 5.65272E-1 5.82856E-1 5.71111E-1 6.516E-1 6.774E-1 6.42764E-1 5.90365E-1 2.61658E-1 4.86198E-1 4.07567E-1 2.68135E-1 1.3281E-1 4.89881E-2 3.36367E-2 5.4019E-2 2.74791E-1 3.65202E-1 3.14061E-1 1.19905E-1 7.88394E-2 1.14608E-1 1.36329E-1 1.12524E-1 2.999E-1 3.14611E-1 2.01435E-1 3.5133E-1 2.22703E-1 2.27181E-1 2.4617E-1 3.10592E-1 2.03393E-1 2.01593E-1 2.85632E-1 2.04391E-1 2.50106E-1 1.58411E-1 2.07252E-1 1.53616E-1 2.31521E-1 2.76549E-1 1.54333E-1
5.16111E-1 5.19719E-1 5.3915E-1 5.39645E-1 5.46909E-1 5.52185E-1 5.52873E-1 5.56884E-1 5.65704E-1 6.01179E-1 6.03404E-1 6.03901E-1 6.0656E-1 6.11235E-1 6.21652E-1 6.3094E-1 6.63251E-1 6.36785E-1 6.58544E-1 6.59552E-1 6.87642E-1 6.7003E-1 6.69761E-1 6.75121E-1 6.98447E-1 6.98236E-1 6.97087E-1 6.99959E-1 6.97087E-1 6.84895E-1 5.98983E-1 6.14515E-1 5.44725E-1 6.26533E-1 6.64718E-1 6.43348E-1 4.79976E-1 4.02053E-1 5.65986E-1 4.85111E-1 2.39361E-1 1.17427E-1 6.43497E-2 4.41115E-2 3.71063E-2 6.86591E-2 3.37855E-1 3.87959E-1 2.0808E-1 1.68236E-1 8.1337E-2 7.912E-2 1.16175E-1 1.43579E-1 3.62805E-1 2.0688E-1 2.11433E-1 2.0436E-1 1.89397E-1 2.25729E-1 2.31504E-1 2.41932E-1 3.02543E-1 2.31683E-1 2.06409E-1 1.68138E-1 1.51072E-1 1.80037E-1 1.63344E-1 2.08935E-1 2.81263E-1 1.79993E-1
5.35138E-1 5.38398E-1 5.38112E-1 5.45661E-1 5.46675E-1 5.39584E-1 5.54609E-1 5.79198E-1 5.68032E-1 5.98535E-1 5.95791E-1 6.09956E-1 6.0953E-1 6.40621E-1 6.14339E-1 6.27429E-1 6.56954E-1 6.74299E-1 6.48603E-1 6.53742E-1 6.93916E-1 6.9624E-1 6.95244E-1 6.99486E-1 6.98236E-1 6.94169E-1 6.94744E-1 6.99385E-1 7.1726E-1 6.90135E-1 6.3913E-1 6.33643E-1 6.05852E-1 6.20665E-1 7.11602E-1 6.5161E-1 5.81051E-1 3.2484E-1 5.69452E-1 2.7135E-1 1.51498E-1 1.25669E-1 6.09878E-2 4.31426E-2 4.43435E-2 1.04097E-1 3.41742E-1 3.80678E-1 3.83677E-1 3.40502E-1 1.41157E-1 8.28218E-2 6.31957E-2 1.93895E-1 3.40138E-1 2.13471E-1 2.56178E-1 1.35417E-1 2.35093E-1 1.74129E-1 2.14638E-1 2.48948E-1 3.09815E-1 1.3835E-1 1.84112E-1 1.73762E-1 1.7959E-1 1.83095E-1 1.9499E-1 1.5577E-1 2.6047E-1 1.88388E-1
5.41934E-1 5.36085E-1 5.35419E-1 5.6758E-1 5.51861E-1 5.73388E-1 5.79136E-1 5.76082E-1 5.91095E-1 5.89417E-1 6.02237E-1 6.05921E-1 6.27544E-1 6.35152E-1 -9999 -9999 -9999 6.73339E-1 6.70814E-1 6.69652E-1 6.87286E-1 6.91722E-1 6.95895E-1 6.98536E-1 6.92441E-1 6.94843E-1 6.94787E-1 6.94787E-1 7.1726E-1 7.07538E-1 6.34599E-1 6.28719E-1 6.60119E-1 6.35514E-1 7.22108E-1 6.74499E-1 5.82087E-1 4.33166E-1 4.71445E-1 2.88441E-1 2.47526E-1 3.03331E-1 1.38526E-1 2.12691E-1 9.17338E-2 1.18308E-1 3.28177E-1 3.86872E-1 3.99157E-1 2.1755E-1 2.23976E-1 8.43924E-2 2.73864E-1 3.85631E-1 3.94561E-1 3.21684E-1 1.90053E-1 1.61681E-1 2.07044E-1 2.02191E-1 1.87992E-1 3.20677E-1 2.65854E-1 1.50089E-1 1.47222E-1 1.85998E-1 1.8834E-1 2.06905E-1 2.71543E-1 1.51313E-1 2.63498E-1 3.22121E-1
5.30328E-1 5.43852E-1 5.6316E-1 5.68083E-1 5.702E-1 5.71402E-1 5.7832E-1 5.82688E-1 5.87346E-1 5.76418E-1 5.97788E-1 6.10937E-1 -9999 -9999 -9999 -9999 -9999 -9999 -9999 6.95181E-1 6.77559E-1 6.79253E-1 6.86483E-1 6.86993E-1 6.93004E-1 6.89898E-1 6.90122E-1 6.88879E-1 7.15218E-1 7.12144E-1 6.57888E-1 6.58916E-1 6.73704E-1 6.50921E-1 6.76538E-1 6.96176E-1 6.07407E-1 4.62923E-1 4.39569E-1 4.37926E-1 4.20813E-1 4.07492E-1 4.20094E-1 1.37997E-1 8.11018E-2 1.62629E-1 3.21439E-1 3.90645E-1 4.15507E-1 4.05224E-1 3.67402E-1 1.40082E-1 4.03419E-1 2.64454E-1 3.25589E-1 4.51949E-1 2.37566E-1 1.79632E-1 1.38073E-1 1.47025E-1 2.84177E-1 3.16734E-1 1.5944E-1 2.15353E-1 2.13698E-1 2.28184E-1 2.98452E-1 2.85706E-1 2.08181E-1 2.22861E-1 2.916E-1 2.64678E-1
5.59485E-1 5.59481E-1 5.61099E-1 5.60681E-1 5.7457E-1 5.68883E-1 5.75892E-1 -9999 6.08357E-1 6.09939E-1 6.23017E-1 6.23277E-1 6.33606E-1 -9999 -9999 -9999 -9999 -9999 -9999 -9999 6.90373E-1 6.9602E-1 6.96816E-1 6.79427E-1 7.16398E-1 7.0869E-1 7.12089E-1 7.07416E-1 7.06117E-1 7.11516E-1 7.08205E-1 6.95614E-1 6.68859E-1 6.61334E-1 7.01086E-1 6.94333E-1 6.30045E-1 6.05336E-1 5.18744E-1 4.22166E-1 4.32609E-1 4.08566E-1 4.27015E-1 3.41001E-1 3.34262E-1 3.5581E-1 1.71174E-1 3.6013E-1 4.07127E-1 4.33841E-1 4.60862E-1 5.15929E-1 2.6862E-1 1.20448E-1 3.05664E-1 4.10482E-1 3.14185E-1 3.00735E-1 2.40771E-1 2.16696E-1 3.70679E-1 3.51669E-1 1.70282E-1 2.06566E-1 2.95694E-1 3.34998E-1 3.10604E-1 2.68522E-1 1.76388E-1 2.69523E-1 2.22055E-1 2.26257E-1
-9999 -9999 5.89338E-1 5.88628E-1 5.92682E-1 5.91362E-1 6.04595E-1 -9999 -9999 -9999 -9999 6.53206E-1 6.54658E-1 -9999 -9999 -9999 -9999 -9999 -9999 -9999 -9999 -9999 7.23852E-1 7.05637E-1 7.00438E-1 6.98866E-1 7.24955E-1 7.00434E-1 7.27121E-1 7.08862E-1 7.02064E-1 6.75967E-1 6.57596E-1 6.53844E-1 6.87289E-1 7.10252E-1 7.00699E-1 6.68928E-1 6.31617E-1 4.05644E-1 4.75009E-1 5.50135E-1 4.73279E-1 4.02817E-1 3.68358E-1 3.98163E-1 3.52831E-1 3.35251E-1 3.94362E-1 4.09231E-1 4.57394E-1 4.1379E-1 1.16899E-1 1.60881E-1 2.77492E-1 3.5161E-1 2.52599E-1 2.14688E-1 2.01051E-1 3.16429E-1 4.30212E-1 4.09698E-1 3.79432E-1 3.5356E-1 3.53458E-1 3.2117E-1 2.82954E-1 2.62722E-1 2.51343E-1 2.0465E-1 2.11389E-1 2.85369E-1
-9999 -9999 -9999 -9999 -9999 -9999 -9999 -9999 -9999 -9999 -9999 -9999 -9999 -9999 -9999 -9999 -9999 -9999 -9999 -9999 -9999 -9999 -9999 -9999 7.24914E-1 -9999 -9999 7.22223E-1 7.26081E-1 7.25539E-1 7.22867E-1 7.11769E-1 6.66905E-1 6.74353E-1 7.20374E-1 7.04176E-1 6.99194E-1 6.91949E-1 6.14101E-1 4.78297E-1 5.64524E-1 5.92396E-1 6.56426E-1 5.35881E-1 4.53743E-1 3.91043E-1 3.97713E-1 4.23459E-1 3.7255E-1 4.27633E-1 1.40072E-1 4.89451E-1 2.36349E-1 1.6732E-1 3.66053E-1 2.62391E-1 2.30937E-1 2.25254E-1 2.16202E-1 2.79883E-1 3.876E-1 4.49945E-1 4.12633E-1 3.56537E-1 3.24713E-1 2.53003E-1 2.50639E-1 2.29157E-1 2.14672E-1 2.36699E-1 2.57434E-1 2.60336E-1
-9999 -9999 -9999 -9999 -9999 -9999 -9999 -9999 -9999 -9999 -9999 -9999 -9999 -9999 -9999 -9999 -9999 -9999 -9999 -9999 -9999 -9999 -9999 -9999 -9999 -9999 -9999 -9999 -9999 -9999 -9999 -9999 7.39263E-1 7.09841E-1 7.1688E-1 6.89071E-1 6.88152E-1 6.81926E-1 6.77386E-1 5.40517E-1 6.96213E-1 7.09918E-1 6.99195E-1 6.95052E-1 6.0452E-1 4.16423E-1 4.00366E-1 5.30902E-1 4.80315E-1 4.98959E-1 3.07544E-1 5.56424E-1 2.54047E-1 2.33272E-1 3.21656E-1 1.67236E-1 2.56005E-1 3.25654E-1 2.11593E-1 2.62155E-1 4.48872E-1 5.03573E-1 4.13366E-1 3.74603E-1 3.05799E-1 2.2996E-1 2.31821E-1 2.31538E-1 2.41009E-1 2.31066E-1 2.15273E-1 2.1454E-1
-9999 -9999 -9999 -9999 -9999 -9999 -9999 -9999 -9999 -9999 -9999 -9999 -9999 -9999 -9999 -9999 -9999 -9999 -9999 -9999 -9999 -9999 -9999 -9999 -9999 -9999 -9999 -9999 -9999 -9999 -9999 -9999 -9999 7.37388E-1 7.37749E-1 7.1205E-1 7.34894E-1 7.11834E-1 7.08512E-1 6.66849E-1 7.18116E-1 7.17183E-1 7.18257E-1 6.70727E-1 6.68491E-1 5.96146E-1 5.61341E-1 6.29471E-1 6.08245E-1 6.00953E-1 4.88219E-1 1.98878E-1 3.84107E-1 2.62971E-1 1.98256E-1 1.94353E-1 3.39944E-1 4.48258E-1 2.2582E-1 3.1232E-1 4.64688E-1 5.24417E-1 4.44059E-1 4.01024E-1 3.69004E-1 2.43441E-1 2.29611E-1 2.30848E-1 2.53895E-1 2.01131E-1 1.97427E-1 1.67317E-1
-9999 -9999 -9999 -9999 -9999 -9999 -9999 -9999 -9999 -9999 -9999 -9999 -9999 -9999 -9999 -9999 -9999 -9999 -9999 -9999 -9999 -9999 -9999 -9999 -9999 -9999 -9999 -9999 -9999 -9999 -9999 -9999 -9999 -9999 -9999 -9999 -9999 -9999 -9999 7.26521E-1 7.28238E-1 7.32919E-1 6.96627E-1 6.64941E-1 6.31556E-1 6.55681E-1 6.52316E-1 6.26149E-1 6.19588E-1 5.8167E-1 3.29825E-1 2.64577E-1 2.76135E-1 2.20452E-1 2.11525E-1 2.08908E-1 4.56681E-1 5.31822E-1 2.49584E-1 3.04315E-1 4.59319E-1 5.57861E-1 4.86143E-1 4.33457E-1 3.54268E-1 2.39602E-1 2.67312E-1 2.31259E-1 1.97208E-1 1.96838E-1 1.86077E-1 1.87653E-1
-9999 -9999 -9999 -9999 -9999 -9999 -9999 -9999 -9999 -9999 -9999 -9999 -9999 -9999 -9999 -9999 -9999 -9999 -9999 -9999 -9999 -9999 -9999 -9999 -9999 -9999 -9999 -9999 -9999 -9999 -9999 -9999 -9999 -9999 -9999 -9999 -9999 -9999 -9999 -9999 -9999 -9999 -9999 6.10002E-1 6.55114E-1 6.86899E-1 6.98485E-1 6.8053E-1 6.22244E-1 2.8069E-1 2.26607E-1 2.24168E-1 1.89753E-1 2.22153E-1 2.25643E-1 2.55253E-1 5.62519E-1 5.69062E-1 4.56473E-1 3.67337E-1 4.48615E-1 5.26523E-1 4.05914E-1 4.16032E-1 3.50377E-1 2.70438E-1 2.63361E-1 2.62984E-1 2.12062E-1 2.50242E-1 2.10908E-1 1.97081E-1
-9999 -9999 -9999 -9999 -9999 -9999 -9999 -9999 -9999 -9999 -9999 -9999 -9999 -9999 -9999 -9999 -9999 -9999 -9999 -9999 -9999 -9999 -9999 -9999 -9999 -9999 -9999 -9999 -9999 -9999 -9999 -9999 -9999 -9999 -9999 -9999 -9999 -9999 -9999 -9999 -9999 -9999 -9999 -9999 7.16191E-1 7.13815E-1 7.02088E-1 6.47096E-1 3.64591E-1 2.36765E-1 2.35286E-1 2.32978E-1 1.88879E-1 2.31519E-1 2.27876E-1 2.63286E-1 6.34271E-1 5.78061E-1 5.09382E-1 4.12764E-1 5.50986E-1 4.45389E-1 3.77082E-1 3.29327E-1 3.79483E-1 3.58927E-1 3.43964E-1 2.96777E-1 2.391E-1 2.86039E-1 2.33036E-1 2.03146E-1
-9999 -9999 -9999 -9999 -9999 -9999 -9999 -9999 -9999 -9999 -9999 -9999 -9999 -9999 -9999 -9999 -9999 -9999 -9999 -9999 -9999 -9999 -9999 -9999 -9999 -9999 -9999 -9999 -9999 -9999 -9999 -9999 -9999 -9999 -9999 -9999 -9999 -9999 -9999 -9999 -9999 -9999 -9999 -9999 -9999 -9999 -9999 -9999 -9999 2.35919E-1 2.35497E-1 2.33815E-1 2.30689E-1 2.30068E-1 2.85149E-1 3.22065E-1 4.93246E-1 5.42526E-1 5.71134E-1 4.3653E-1 5.04041E-1 4.21517E-1 3.47693E-1 3.21949E-1 3.95962E-1 3.2715E-1 3.39478E-1 3.04553E-1 2.93898E-1 3.09324E-1 2.69945E-1 2.04203E-1
-9999 -9999 -9999 -9999 -9999 -9999 -9999 -9999 -9999 -9999 -9999 -9999 -9999 -9999 -9999 -9999 -9999 -9999 -9999 -9999 -9999 -9999 -9999 -9999 -9999 -9999 -9999 -9999 -9999 -9999 -9999 -9999 -9999 -9999 -9999 -9999 -9999 -9999 -9999 -9999 -9999 -9999 -9999 -9999 -9999 -9999 -9999 -9999 -9999 -9999 2.35497E-1 2.33815E-1 2.8908E-1 2.85233E-1 4.25669E-1 3.99319E-1 4.67428E-1 6.00387E-1 6.27984E-1 4.08147E-1 4.24698E-1 3.94383E-1 3.59989E-1 3.19028E-1 3.67414E-1 3.38763E-1 3.2563E-1 3.31882E-1 3.27432E-1 2.89203E-1 2.26601E-1 1.93827E-1
-9999 -9999 -9999 -9999 -9999 -9999 -9999 -9999 -9999 -9999 -9999 -9999 -9999 -9999 -9999 -9999 -9999 -9999 -9999 -9999 -9999 -9999 -9999 -9999 -9999 -9999 -9999 -9999 -9999 -9999 -9999 -9999 -9999 -9999 -9999 -9999 -9999 -9999 -9999 -9999 -9999 -9999 -9999 -9999 -9999 -9999 -9999 -9999 -9999 -9999 2.45959E-1 2.90812E-1 3.57308E-1 4.27653E-1 6.00939E-1 5.68868E-1 6.10779E-1 6.29675E-1 6.53701E-1 4.88172E-1 4.21328E-1 3.93593E-1 3.50959E-1 3.38467E-1 3.52224E-1 3.97128E-1 3.16858E-1 2.63009E-1 2.7376E-1 2.24832E-1 2.4695E-1 2.19909E-1
-9999 -9999 -9999 -9999 -9999 -9999 -9999 -9999 -9999 -9999 -9999 -9999 -9999 -9999 -9999 -9999 -9999 -9999 -9999 -9999 -9999 -9999 -9999 -9999 -9999 -9999 -9999 -9999 -9999 -9999 -9999 -9999 -9999 -9999 -9999 -9999 -9999 -9999 -9999 -9999 -9999 -9999 -9999 -9999 -9999 -9999 -9999 -9999 -9999 -9999 -9999 3.73873E-1 4.34096E-1 5.17625E-1 6.45372E-1 6.37421E-1 6.15428E-1 6.22967E-1 6.63408E-1 5.42901E-1 4.66548E-1 3.77282E-1 3.22165E-1 3.45551E-1 4.25752E-1 3.51865E-1 2.50902E-1 2.70957E-1 2.95067E-1 2.30662E-1 2.69527E-1 2.44327E-1
-9999 -9999 -9999 -9999 -9999 -9999 -9999 -9999 -9999 -9999 -9999 -9999 -9999 -9999 -9999 -9999 -9999 -9999 -9999 -9999 -9999 -9999 -9999 -9999 -9999 -9999 -9999 -9999 -9999 -9999 -9999 -9999 -9999 -9999 -9999 -9999 -9999 -9999 -9999 -9999 -9999 -9999 -9999 -9999 -9999 -9999 -9999 -9999 -9999 -9999 -9999 -9999 5.27474E-1 6.78986E-1 6.67658E-1 6.41957E-1 5.94488E-1 6.34632E-1 6.20575E-1 6.59061E-1 5.42767E-1 4.54088E-1 4.5063E-1 4.4627E-1 4.40105E-1 3.66854E-1 2.92519E-1 3.28714E-1 3.28341E-1 2.59348E-1 2.78888E-1 2.87991E-1
