Artocarpus altilis SDM files/MIS19/results (without bias file)/Artalt_7.asc
ncols         1201
nrows         481
xllcorner     119.99986351115
yllcorner     -15.00013828885
cellsize      0.041666667
NODATA_value  -9999
[rows 320 to 351 of 481, columns 504 to 575 of 1201]
2.65958E-1 2.73508E-1 2.62895E-1 2.67149E-1 2.68117E-1 2.79026E-1 2.76816E-1 2.77812E-1 2.79153E-1 2.85759E-1 2.84413E-1 2.95955E-1 2.99454E-1 3.04168E-1 3.0312E-1 2.98191E-1 2.96799E-1 3.21874E-1 3.29487E-1 3.3189E-1 3.3038E-1 3.44476E-1 3.54997E-1 3.68462E-1 3.48291E-1 3.47622E-1 3.60104E-1 3.7397E-1 3.90749E-1 3.90474E-1 3.74669E-1 4.01718E-1 3.96132E-1 4.12305E-1 4.16094E-1 4.20939E-1 4.29509E-1 4.43174E-1 4.68865E-1 4.75203E-1 4.67467E-1 4.94312E-1 4.95933E-1 5.06672E-1 5.1654E-1 5.19846E-1 5.24822E-1 5.34825E-1 5.34825E-1 5.38175E-1 5.59918E-1 5.707E-1 5.7898E-1 5.9141E-1 6.26046E-1 6.073E-1 6.05629E-1 6.32673E-1 6.2903E-1 6.34743E-1 6.73866E-1 6.55647E-1 6.827E-1 6.9316E-1 -9999 -9999 -9999 -9999 -9999 -9999 -9999 -9999
2.59621E-1 2.64996E-1 2.72525E-1 2.68325E-1 2.62895E-1 2.70375E-1 2.80244E-1 2.77919E-1 2.85849E-1 2.74639E-1 2.78938E-1 2.85649E-1 2.8678E-1 3.03099E-1 2.87935E-1 2.9366E-1 2.9936E-1 3.1379E-1 3.16107E-1 3.15988E-1 3.27985E-1 3.40715E-1 3.43303E-1 3.48395E-1 3.46958E-1 3.54609E-1 3.77825E-1 3.65897E-1 3.74395E-1 3.60257E-1 3.80631E-1 3.91306E-1 4.04221E-1 4.17402E-1 4.15925E-1 4.36005E-1 4.48394E-1 4.44106E-1 4.58029E-1 4.57726E-1 4.71875E-1 4.8479E-1 4.89618E-1 4.99341E-1 5.10791E-1 5.17223E-1 5.30313E-1 5.26293E-1 5.4877E-1 5.52148E-1 5.57226E-1 5.64018E-1 5.92659E-1 6.18054E-1 6.07635E-1 6.06344E-1 6.26428E-1 6.19347E-1 6.27721E-1 6.37773E-1 6.49494E-1 6.65667E-1 6.58768E-1 6.57625E-1 6.82338E-1 -9999 -9999 -9999 -9999 -9999 -9999 -9999
2.54535E-1 2.6077E-1 2.6077E-1 2.58798E-1 2.59741E-1 2.63953E-1 2.68221E-1 2.75823E-1 2.73528E-1 2.73653E-1 2.73441E-1 2.90174E-1 2.8689E-1 2.8689E-1 2.91228E-1 2.95842E-1 2.91248E-1 2.93548E-1 3.00419E-1 3.09929E-1 3.14769E-1 3.31767E-1 3.26997E-1 3.38016E-1 3.37006E-1 3.34081E-1 3.53412E-1 3.73945E-1 3.67256E-1 3.6592E-1 3.58916E-1 3.82027E-1 3.82847E-1 3.99042E-1 4.04821E-1 4.31612E-1 4.33122E-1 4.50088E-1 4.55066E-1 4.48421E-1 4.71847E-1 4.80295E-1 4.99657E-1 5.06188E-1 4.99499E-1 5.22159E-1 5.19007E-1 5.4236E-1 5.50786E-1 5.47247E-1 5.81059E-1 5.75925E-1 5.95126E-1 6.06724E-1 5.88043E-1 6.23078E-1 6.1921E-1 6.19358E-1 6.3849E-1 6.31453E-1 6.63581E-1 6.58191E-1 6.52302E-1 6.67261E-1 6.72972E-1 -9999 -9999 -9999 -9999 -9999 -9999 -9999
2.54317E-1 2.60872E-1 2.64038E-1 2.72631E-1 2.68429E-1 2.59842E-1 2.61942E-1 2.68221E-1 2.72544E-1 2.75823E-1 2.82367E-1 2.81141E-1 2.79045E-1 2.76728E-1 2.91339E-1 2.90194E-1 2.89972E-1 3.0287E-1 2.91137E-1 2.94479E-1 3.0503E-1 3.12225E-1 3.17092E-1 3.39551E-1 3.38412E-1 3.33057E-1 3.52217E-1 3.51304E-1 3.55149E-1 3.77001E-1 3.56503E-1 3.64433E-1 3.7451E-1 3.87782E-1 4.06556E-1 4.28892E-1 4.31758E-1 4.4393E-1 4.41192E-1 4.36327E-1 4.62238E-1 4.78853E-1 4.8239E-1 4.83837E-1 4.99657E-1 4.94626E-1 5.27466E-1 5.35813E-1 5.49262E-1 5.54332E-1 5.76257E-1 5.76257E-1 5.98568E-1 6.03736E-1 6.08396E-1 6.06724E-1 6.23413E-1 6.21738E-1 6.35521E-1 6.42221E-1 6.53937E-1 6.58571E-1 6.71872E-1 6.70206E-1 6.92111E-1 6.99127E-1 7.00353E-1 -9999 -9999 -9999 -9999 -9999
2.48306E-1 2.72506E-1 2.567E-1 2.57738E-1 2.651E-1 2.56718E-1 2.60891E-1 2.63953E-1 2.69401E-1 2.7265E-1 2.72544E-1 2.76816E-1 2.7561E-1 2.87895E-1 2.81161E-1 2.88025E-1 2.97118E-1 2.92376E-1 2.95729E-1 2.88851E-1 2.94479E-1 2.99019E-1 3.03729E-1 3.17092E-1 3.28129E-1 3.19188E-1 3.37891E-1 3.43452E-1 3.55278E-1 3.57815E-1 3.53973E-1 3.55043E-1 3.66859E-1 3.76598E-1 3.9217E-1 3.96754E-1 4.22904E-1 4.36595E-1 4.3057E-1 4.34957E-1 4.48394E-1 4.72155E-1 4.69171E-1 4.59922E-1 4.8671E-1 4.88661E-1 4.9803E-1 5.22481E-1 5.35813E-1 5.52805E-1 5.59581E-1 5.64319E-1 5.71133E-1 6.01815E-1 5.93406E-1 6.19072E-1 6.32933E-1 6.29201E-1 6.59667E-1 6.69298E-1 6.64295E-1 6.70964E-1 6.64295E-1 6.72251E-1 6.85871E-1 7.02744E-1 6.95787E-1 7.00682E-1 -9999 -9999 -9999 -9999
2.44397E-1 2.61906E-1 2.61076E-1 2.55766E-1 2.64141E-1 2.64038E-1 2.57637E-1 2.62045E-1 2.67253E-1 2.68325E-1 2.69296E-1 2.79241E-1 2.69315E-1 2.75503E-1 2.75503E-1 2.83616E-1 2.83289E-1 2.8318E-1 2.94683E-1 2.88721E-1 2.81863E-1 2.92968E-1 2.94367E-1 3.01367E-1 3.08379E-1 3.05758E-1 3.26876E-1 3.44878E-1 3.40863E-1 3.35749E-1 3.46078E-1 3.5252E-1 3.57426E-1 3.71221E-1 3.82298E-1 4.11221E-1 3.96754E-1 4.08322E-1 4.12571E-1 4.2144E-1 4.39195E-1 4.7039E-1 4.67565E-1 4.72155E-1 4.94755E-1 4.95256E-1 4.92046E-1 5.06347E-1 5.07986E-1 5.24302E-1 5.35975E-1 5.64319E-1 5.69428E-1 6.00093E-1 6.19239E-1 6.10438E-1 6.19239E-1 6.31258E-1 6.46286E-1 6.41263E-1 -9999 6.79992E-1 6.88281E-1 6.76291E-1 6.87859E-1 -9999 7.04714E-1 7.17781E-1 -9999 -9999 -9999 -9999
2.45394E-1 2.51544E-1 2.54617E-1 2.65184E-1 2.61076E-1 2.55666E-1 2.63082E-1 2.55784E-1 2.56718E-1 2.67357E-1 2.71563E-1 2.79241E-1 2.73634E-1 2.71248E-1 2.7561E-1 2.82258E-1 2.82149E-1 2.78938E-1 2.79832E-1 2.78507E-1 2.82854E-1 2.98885E-1 2.96553E-1 3.07045E-1 2.98906E-1 3.19167E-1 3.2066E-1 3.26997E-1 3.23278E-1 3.25647E-1 3.35749E-1 3.48696E-1 3.54891E-1 3.76866E-1 3.75776E-1 3.8273E-1 4.03793E-1 4.06556E-1 4.16822E-1 4.46976E-1 4.57823E-1 4.76893E-1 4.7454E-1 4.60046E-1 4.93293E-1 4.93636E-1 5.00132E-1 4.79191E-1 4.99815E-1 5.27789E-1 5.39846E-1 5.42687E-1 5.8479E-1 5.93376E-1 6.0026E-1 6.01983E-1 6.24225E-1 6.41679E-1 6.43239E-1 6.48223E-1 6.63721E-1 6.48223E-1 -9999 -9999 -9999 -9999 -9999 7.3746E-1 -9999 -9999 -9999 -9999
2.56682E-1 2.60854E-1 2.62961E-1 2.6625E-1 2.60027E-1 2.55766E-1 2.58881E-1 2.64038E-1 2.68306E-1 2.64159E-1 2.61942E-1 2.62895E-1 2.62792E-1 2.69192E-1 2.68983E-1 2.71997E-1 2.89143E-1 2.90174E-1 2.7883E-1 2.84065E-1 2.78507E-1 2.92153E-1 3.00285E-1 2.9308E-1 3.05968E-1 3.01253E-1 3.01138E-1 3.18079E-1 3.13457E-1 3.12011E-1 3.2428E-1 3.35749E-1 3.43349E-1 3.52777E-1 3.63344E-1 3.7716E-1 3.84131E-1 3.98328E-1 4.18589E-1 4.26037E-1 4.59688E-1 4.45913E-1 4.64722E-1 4.74203E-1 4.72644E-1 4.86838E-1 4.90402E-1 4.95256E-1 5.01603E-1 5.14723E-1 5.29455E-1 5.3949E-1 5.66351E-1 5.83075E-1 5.93543E-1 6.24393E-1 6.19209E-1 6.55296E-1 6.46664E-1 6.62192E-1 6.69077E-1 6.65636E-1 6.89365E-1 -9999 -9999 -9999 -9999 -9999 -9999 -9999 -9999 -9999
2.61058E-1 2.65184E-1 2.6625E-1 2.64122E-1 2.58982E-1 2.67111E-1 2.56801E-1 2.58779E-1 2.651E-1 2.6713E-1 2.68202E-1 2.6184E-1 2.61738E-1 2.65977E-1 2.57252E-1 2.74282E-1 2.89013E-1 2.92579E-1 2.74427E-1 2.76515E-1 2.74215E-1 2.84194E-1 2.87474E-1 2.8964E-1 2.96553E-1 2.94122E-1 2.9401E-1 3.10644E-1 3.18079E-1 3.28129E-1 3.34328E-1 3.35603E-1 3.34474E-1 3.42304E-1 3.47385E-1 3.63475E-1 3.81332E-1 3.97032E-1 4.11221E-1 4.18589E-1 4.41463E-1 4.50688E-1 4.50538E-1 4.82489E-1 4.69785E-1 4.72798E-1 4.9507E-1 4.90402E-1 5.03394E-1 4.99974E-1 5.35946E-1 5.56325E-1 5.61414E-1 5.83241E-1 5.81528E-1 6.07124E-1 6.33006E-1 6.3992E-1 -9999 6.75919E-1 6.87903E-1 6.81062E-1 6.9302E-1 6.87711E-1 -9999 -9999 -9999 -9999 -9999 -9999 -9999 -9999
2.68496E-1 2.79183E-1 2.68496E-1 2.6211E-1 2.64122E-1 2.59907E-1 2.67319E-1 2.52682E-1 2.53607E-1 2.62979E-1 2.66061E-1 2.66061E-1 2.69173E-1 2.66818E-1 2.69937E-1 2.84482E-1 2.77919E-1 2.75503E-1 2.75397E-1 2.76282E-1 2.81824E-1 2.79381E-1 2.86101E-1 2.95259E-1 2.8964E-1 2.92968E-1 2.98772E-1 3.10761E-1 3.27985E-1 3.25747E-1 3.26876E-1 3.31789E-1 3.42156E-1 3.44752E-1 3.51456E-1 3.59437E-1 3.85511E-1 3.92885E-1 3.94172E-1 4.20217E-1 4.30836E-1 4.265E-1 4.67691E-1 4.68178E-1 4.68359E-1 4.60198E-1 4.86994E-1 4.9345E-1 5.03207E-1 5.24434E-1 5.44503E-1 5.57826E-1 5.61579E-1 5.7009E-1 6.03843E-1 6.22635E-1 6.24363E-1 6.3836E-1 6.55433E-1 -9999 -9999 -9999 6.93185E-1 7.01325E-1 -9999 -9999 -9999 -9999 -9999 -9999 -9999 -9999
2.65062E-1 2.72698E-1 2.80401E-1 2.74882E-1 2.55748E-1 2.58964E-1 2.71736E-1 2.62961E-1 2.51562E-1 2.59824E-1 2.55465E-1 2.62876E-1 2.54235E-1 2.77666E-1 2.72419E-1 2.74495E-1 2.78791E-1 2.82021E-1 2.86411E-1 2.72016E-1 2.72998E-1 2.79489E-1 2.80492E-1 2.8962E-1 2.97583E-1 3.02276E-1 2.90672E-1 3.03593E-1 3.16833E-1 3.28107E-1 3.3077E-1 3.29387E-1 3.34452E-1 3.29387E-1 3.56739E-1 3.68883E-1 3.80049E-1 3.97007E-1 4.10041E-1 4.01488E-1 4.08747E-1 4.24831E-1 4.55313E-1 4.5876E-1 4.54116E-1 4.61915E-1 4.85542E-1 5.06449E-1 5.13018E-1 5.24595E-1 5.47843E-1 5.5291E-1 5.6819E-1 5.9368E-1 5.98842E-1 6.17619E-1 6.24531E-1 6.3989E-1 6.64219E-1 6.9299E-1 -9999 -9999 6.9299E-1 6.9299E-1 -9999 -9999 -9999 -9999 -9999 -9999 -9999 -9999
2.52646E-1 2.65269E-1 2.68373E-1 2.73788E-1 2.72698E-1 2.61058E-1 2.57821E-1 2.60854E-1 2.59704E-1 2.59603E-1 2.74688E-1 2.75678E-1 2.70023E-1 2.84572E-1 2.71334E-1 2.71123E-1 2.75484E-1 2.74282E-1 2.73085E-1 2.86301E-1 2.90854E-1 2.77383E-1 2.79489E-1 2.94952E-1 2.9306E-1 2.94102E-1 3.02276E-1 3.0942E-1 3.19145E-1 3.20638E-1 3.22136E-1 3.29509E-1 3.35851E-1 3.44878E-1 3.54208E-1 3.67652E-1 3.78658E-1 3.81579E-1 4.00021E-1 4.11648E-1 4.21993E-1 4.30982E-1 4.44824E-1 4.572E-1 4.61888E-1 4.88732E-1 4.96822E-1 5.01705E-1 5.09888E-1 5.36242E-1 5.61355E-1 5.71571E-1 5.76696E-1 6.0398E-1 6.09154E-1 6.22772E-1 6.40226E-1 6.45242E-1 6.48696E-1 6.69184E-1 -9999 -9999 -9999 -9999 -9999 -9999 -9999 -9999 -9999 -9999 -9999 -9999
2.65372E-1 2.70739E-1 2.69554E-1 2.67404E-1 2.68373E-1 2.69449E-1 2.77186E-1 2.59907E-1 2.7347E-1 2.75872E-1 2.66146E-1 2.82436E-1 2.88076E-1 2.857E-1 2.7667E-1 2.86721E-1 2.73403E-1 2.73191E-1 2.75377E-1 2.81913E-1 2.84046E-1 2.90743E-1 2.95351E-1 2.95238E-1 3.04622E-1 3.10602E-1 2.97697E-1 3.05947E-1 3.1074E-1 3.30481E-1 3.43407E-1 3.37107E-1 3.50092E-1 3.5939E-1 3.66136E-1 3.75862E-1 3.80184E-1 3.81579E-1 3.92861E-1 4.07405E-1 4.17684E-1 4.31129E-1 4.5391E-1 4.66421E-1 4.63609E-1 4.7433E-1 5.04943E-1 5.19753E-1 5.46291E-1 5.36405E-1 5.6152E-1 5.83514E-1 5.98979E-1 6.04148E-1 6.26397E-1 6.33311E-1 6.48864E-1 6.55768E-1 -9999 -9999 -9999 -9999 -9999 -9999 -9999 -9999 -9999 -9999 -9999 -9999 -9999 -9999
2.81605E-1 2.90761E-1 2.71822E-1 2.68582E-1 2.66335E-1 2.70634E-1 2.77293E-1 2.66128E-1 2.76972E-1 2.64E-1 2.65062E-1 2.78202E-1 2.83557E-1 2.80097E-1 2.8121E-1 2.94847E-1 2.82002E-1 2.94398E-1 2.99051E-1 2.77578E-1 2.72399E-1 2.77722E-1 2.87324E-1 2.92426E-1 2.98844E-1 3.05927E-1 3.24192E-1 3.24192E-1 3.36814E-1 3.4586E-1 3.43533E-1 3.48754E-1 3.62054E-1 3.68836E-1 3.60863E-1 3.73103E-1 3.82817E-1 3.97121E-1 4.08696E-1 4.20479E-1 4.2495E-1 4.37011E-1 4.58402E-1 4.72715E-1 4.79079E-1 5.03308E-1 5.13309E-1 5.13309E-1 5.2157E-1 5.31551E-1 5.56595E-1 5.70196E-1 5.88828E-1 6.09292E-1 6.16197E-1 6.48834E-1 6.43652E-1 6.40393E-1 -9999 -9999 -9999 -9999 -9999 -9999 -9999 -9999 -9999 -9999 -9999 -9999 -9999 -9999
2.85189E-1 3.03685E-1 2.9653E-1 2.90761E-1 2.62194E-1 2.76192E-1 2.81624E-1 2.81516E-1 2.81516E-1 2.75872E-1 2.81408E-1 2.83646E-1 2.81427E-1 2.79095E-1 2.74582E-1 2.80097E-1 2.97056E-1 2.94622E-1 2.95781E-1 2.85261E-1 2.87458E-1 2.96604E-1 2.98805E-1 3.02226E-1 3.01856E-1 3.06042E-1 3.14469E-1 3.20595E-1 3.29321E-1 3.30581E-1 3.58004E-1 3.64733E-1 3.48882E-1 3.60839E-1 3.68968E-1 3.95664E-1 4.04306E-1 4.05757E-1 4.16011E-1 4.29424E-1 4.33951E-1 4.47846E-1 4.61833E-1 4.80649E-1 4.96765E-1 4.98577E-1 5.1312E-1 5.31522E-1 5.36538E-1 5.38051E-1 5.58455E-1 5.71707E-1 5.97227E-1 6.1982E-1 6.29992E-1 6.35178E-1 6.40363E-1 6.55905E-1 -9999 -9999 -9999 -9999 -9999 -9999 -9999 -9999 -9999 -9999 -9999 -9999 -9999 -9999
3.02482E-1 2.95594E-1 3.10855E-1 2.94324E-1 2.78378E-1 2.68582E-1 2.95256E-1 2.83974E-1 2.89637E-1 2.86119E-1 2.88277E-1 2.94008E-1 2.95052E-1 2.80313E-1 2.75784E-1 2.75678E-1 2.83339E-1 2.91168E-1 2.85737E-1 2.89467E-1 2.93123E-1 2.94286E-1 2.97481E-1 3.10118E-1 3.07468E-1 3.12161E-1 3.10953E-1 3.25802E-1 3.28185E-1 3.37063E-1 3.50173E-1 3.60816E-1 3.70311E-1 3.8137E-1 3.89808E-1 3.91527E-1 4.01552E-1 4.07354E-1 4.30903E-1 4.38479E-1 4.41531E-1 4.6024E-1 4.74429E-1 4.85614E-1 4.93679E-1 5.08349E-1 5.0999E-1 5.27996E-1 5.43059E-1 5.58425E-1 5.53537E-1 5.71872E-1 5.88798E-1 6.13079E-1 6.28263E-1 6.43987E-1 6.50896E-1 6.62968E-1 6.43621E-1 -9999 -9999 -9999 -9999 -9999 -9999 -9999 -9999 -9999 -9999 -9999 -9999 -9999
3.19599E-1 3.01552E-1 3.04987E-1 2.94212E-1 2.88367E-1 2.88367E-1 2.92946E-1 2.95256E-1 2.96417E-1 2.87251E-1 2.9067E-1 2.96437E-1 2.94008E-1 2.99713E-1 2.98429E-1 2.95986E-1 2.82327E-1 2.86721E-1 2.89904E-1 2.99259E-1 2.99165E-1 2.92465E-1 3.05618E-1 3.1265E-1 3.15784E-1 3.23169E-1 3.30682E-1 3.38322E-1 3.44787E-1 3.5134E-1 3.63488E-1 3.78561E-1 3.77332E-1 3.87119E-1 3.90083E-1 3.9721E-1 4.20571E-1 4.23549E-1 4.29543E-1 4.38627E-1 4.54007E-1 4.66672E-1 4.8256E-1 4.84164E-1 4.98706E-1 5.05232E-1 5.15088E-1 5.38184E-1 5.43222E-1 5.66728E-1 5.83817E-1 5.94121E-1 5.87248E-1 5.97729E-1 6.30327E-1 6.31888E-1 6.44155E-1 6.50896E-1 6.62771E-1 -9999 -9999 -9999 -9999 -9999 -9999 -9999 -9999 -9999 -9999 -9999 -9999 -9999
3.27172E-1 3.18251E-1 3.0963E-1 3.14349E-1 3.08197E-1 2.97561E-1 2.90761E-1 3.07138E-1 3.04756E-1 2.9992E-1 3.07022E-1 3.01116E-1 2.99827E-1 2.96212E-1 3.02065E-1 3.0195E-1 3.01836E-1 2.96119E-1 2.99506E-1 2.99392E-1 2.96822E-1 3.05054E-1 3.09321E-1 3.1847E-1 3.2341E-1 3.30927E-1 3.33461E-1 3.4504E-1 3.54243E-1 3.62269E-1 3.64972E-1 3.71791E-1 3.75923E-1 4.13156E-1 4.1758E-1 3.9735E-1 4.06014E-1 4.25188E-1 4.35734E-1 4.55534E-1 4.66491E-1 4.82532E-1 4.79517E-1 4.8432E-1 5.10121E-1 5.13411E-1 5.31654E-1 5.48246E-1 5.567E-1 5.6349E-1 6.00976E-1 6.09596E-1 6.00976E-1 6.16502E-1 6.30327E-1 6.42229E-1 6.47412E-1 6.57767E-1 6.66381E-1 -9999 -9999 -9999 -9999 -9999 -9999 -9999 -9999 -9999 -9999 -9999 -9999 -9999
3.24674E-1 3.29685E-1 3.23309E-1 3.21829E-1 3.31966E-1 3.20593E-1 3.12041E-1 3.25557E-1 3.2197E-1 3.2185E-1 3.13156E-1 3.00055E-1 3.01116E-1 3.06927E-1 3.00887E-1 3.04431E-1 3.05504E-1 3.042E-1 3.08856E-1 3.07542E-1 3.06735E-1 3.22148E-1 3.17363E-1 3.23531E-1 3.23531E-1 3.32315E-1 3.37413E-1 3.47779E-1 3.55702E-1 3.61053E-1 3.6375E-1 3.6375E-1 3.70686E-1 3.93037E-1 4.17724E-1 4.19205E-1 4.23668E-1 4.35708E-1 4.28332E-1 4.49662E-1 4.698E-1 4.90731E-1 4.88961E-1 5.03727E-1 5.11925E-1 5.13571E-1 5.1687E-1 5.54812E-1 5.73686E-1 5.87385E-1 6.0459E-1 6.13216E-1 6.2684E-1 6.21655E-1 -9999 -9999 -9999 -9999 -9999 -9999 -9999 -9999 -9999 -9999 -9999 -9999 -9999 -9999 -9999 -9999 -9999 -9999
3.41294E-1 3.37433E-1 3.29685E-1 3.258E-1 3.32089E-1 3.3463E-1 3.28183E-1 3.28183E-1 3.24574E-1 3.20734E-1 3.19382E-1 3.08218E-1 3.1669E-1 3.2149E-1 3.16453E-1 3.04431E-1 3.0789E-1 3.17579E-1 3.1746E-1 3.27781E-1 3.26407E-1 3.23509E-1 3.26001E-1 3.42545E-1 3.49068E-1 3.54349E-1 3.62376E-1 3.67798E-1 3.719E-1 3.85934E-1 3.80493E-1 3.88918E-1 3.88918E-1 3.88918E-1 4.13442E-1 4.28306E-1 4.32826E-1 4.35855E-1 4.52729E-1 4.66616E-1 4.70107E-1 4.79644E-1 4.97024E-1 5.1503E-1 5.23464E-1 5.29957E-1 5.51593E-1 5.54976E-1 5.68567E-1 5.99223E-1 5.92341E-1 -9999 6.23551E-1 6.23551E-1 6.33922E-1 -9999 -9999 -9999 -9999 -9999 -9999 -9999 -9999 -9999 -9999 -9999 -9999 -9999 -9999 -9999 -9999 -9999
3.42714E-1 3.53325E-1 3.40277E-1 3.3375E-1 3.4506E-1 3.39879E-1 3.43634E-1 3.38343E-1 3.32988E-1 3.37969E-1 3.26564E-1 3.25458E-1 3.19262E-1 3.35432E-1 3.37867E-1 3.36461E-1 3.35474E-1 3.32517E-1 3.33787E-1 3.27496E-1 3.33809E-1 3.40211E-1 3.35083E-1 3.33686E-1 3.46575E-1 3.5183E-1 3.63858E-1 3.6793E-1 3.66569E-1 3.76168E-1 3.96006E-1 4.13416E-1 3.9617E-1 4.03369E-1 4.26779E-1 4.34312E-1 4.34486E-1 4.51154E-1 4.54254E-1 4.76272E-1 4.92476E-1 4.93937E-1 5.00435E-1 5.16652E-1 5.24934E-1 5.51757E-1 5.60227E-1 5.78785E-1 -9999 -9999 -9999 -9999 6.11627E-1 6.23719E-1 6.28736E-1 -9999 -9999 -9999 -9999 -9999 -9999 -9999 -9999 -9999 -9999 -9999 -9999 -9999 6.28317E-1 6.28317E-1 -9999 -9999
-9999 3.5478E-1 3.55852E-1 3.38864E-1 3.29707E-1 3.40918E-1 3.26807E-1 3.26807E-1 -9999 -9999 -9999 3.38093E-1 3.36812E-1 3.29074E-1 3.15469E-1 3.39276E-1 3.36585E-1 3.39026E-1 3.3506E-1 3.46679E-1 3.58583E-1 3.6532E-1 3.55784E-1 3.66677E-1 3.63834E-1 3.72009E-1 3.78917E-1 3.77528E-1 -9999 3.84504E-1 4.11921E-1 4.23761E-1 4.1209E-1 4.16507E-1 4.25427E-1 4.45137E-1 4.60793E-1 4.63776E-1 4.81214E-1 4.81031E-1 4.8745E-1 4.9553E-1 5.10223E-1 5.25095E-1 5.4349E-1 5.55305E-1 5.60197E-1 -9999 -9999 -9999 -9999 -9999 -9999 -9999 -9999 -9999 -9999 -9999 -9999 -9999 -9999 -9999 -9999 -9999 -9999 -9999 -9999 -9999 -9999 -9999 -9999 -9999
-9999 -9999 3.68519E-1 3.49111E-1 3.30824E-1 3.51759E-1 -9999 -9999 -9999 -9999 -9999 -9999 -9999 -9999 3.5362E-1 3.56149E-1 -9999 -9999 -9999 -9999 -9999 -9999 -9999 -9999 -9999 -9999 -9999 4.00569E-1 4.06361E-1 4.13676E-1 4.04767E-1 4.16481E-1 4.254E-1 4.3141E-1 4.40516E-1 4.60766E-1 4.74962E-1 4.79743E-1 4.79743E-1 4.82787E-1 4.95687E-1 5.13673E-1 5.15322E-1 5.401E-1 5.55275E-1 -9999 -9999 -9999 -9999 -9999 -9999 -9999 -9999 -9999 -9999 -9999 -9999 -9999 -9999 -9999 -9999 -9999 -9999 -9999 -9999 -9999 -9999 -9999 -9999 -9999 -9999 -9999
-9999 -9999 -9999 -9999 -9999 -9999 -9999 -9999 -9999 -9999 -9999 -9999 -9999 -9999 -9999 -9999 -9999 -9999 -9999 -9999 -9999 -9999 -9999 -9999 -9999 -9999 -9999 4.05049E-1 4.10883E-1 4.13819E-1 4.18247E-1 4.16624E-1 -9999 -9999 -9999 4.65626E-1 4.71942E-1 4.81497E-1 5.00881E-1 5.02354E-1 5.23567E-1 5.25418E-1 5.36908E-1 5.25228E-1 -9999 -9999 -9999 -9999 -9999 -9999 -9999 -9999 -9999 -9999 -9999 -9999 -9999 -9999 -9999 -9999 -9999 -9999 -9999 -9999 -9999 -9999 -9999 -9999 -9999 -9999 -9999 -9999
-9999 -9999 -9999 -9999 -9999 -9999 -9999 -9999 -9999 -9999 -9999 -9999 -9999 -9999 -9999 -9999 -9999 -9999 -9999 -9999 -9999 -9999 -9999 -9999 -9999 -9999 -9999 -9999 -9999 4.30023E-1 4.3153E-1 -9999 -9999 -9999 -9999 -9999 4.92733E-1 4.94352E-1 5.0739E-1 5.15613E-1 5.17104E-1 5.30384E-1 -9999 -9999 -9999 -9999 -9999 -9999 -9999 -9999 -9999 -9999 -9999 -9999 -9999 -9999 -9999 -9999 -9999 -9999 -9999 -9999 -9999 -9999 -9999 -9999 -9999 -9999 -9999 -9999 -9999 -9999
-9999 -9999 -9999 -9999 -9999 -9999 -9999 -9999 -9999 -9999 -9999 -9999 -9999 -9999 -9999 -9999 -9999 -9999 -9999 -9999 -9999 -9999 -9999 -9999 -9999 -9999 -9999 -9999 -9999 -9999 -9999 -9999 -9999 -9999 -9999 -9999 -9999 -9999 -9999 5.15773E-1 5.12477E-1 5.2405E-1 5.20572E-1 5.59672E-1 -9999 -9999 -9999 -9999 -9999 -9999 -9999 -9999 -9999 -9999 -9999 -9999 -9999 -9999 -9999 -9999 -9999 -9999 -9999 -9999 -9999 -9999 -9999 -9999 -9999 -9999 -9999 -9999
-9999 -9999 -9999 -9999 -9999 -9999 -9999 -9999 -9999 -9999 -9999 -9999 -9999 -9999 -9999 -9999 -9999 -9999 -9999 -9999 -9999 -9999 -9999 -9999 -9999 -9999 -9999 -9999 -9999 -9999 -9999 -9999 -9999 -9999 -9999 -9999 5.08027E-1 -9999 5.12637E-1 5.20894E-1 5.29203E-1 5.27375E-1 5.42432E-1 5.6988E-1 -9999 -9999 -9999 -9999 -9999 -9999 -9999 -9999 -9999 -9999 -9999 -9999 -9999 -9999 -9999 -9999 -9999 -9999 -9999 -9999 -9999 -9999 -9999 -9999 -9999 -9999 -9999 -9999
-9999 -9999 -9999 -9999 -9999 -9999 -9999 -9999 -9999 -9999 -9999 -9999 -9999 -9999 -9999 -9999 -9999 -9999 -9999 -9999 -9999 -9999 -9999 -9999 -9999 -9999 -9999 -9999 -9999 -9999 -9999 -9999 -9999 -9999 -9999 -9999 4.76071E-1 4.94824E-1 5.43103E-1 5.17745E-1 5.2804E-1 5.53223E-1 -9999 -9999 -9999 -9999 -9999 -9999 -9999 -9999 -9999 -9999 -9999 -9999 -9999 -9999 -9999 -9999 -9999 -9999 -9999 -9999 -9999 -9999 -9999 -9999 -9999 -9999 -9999 -9999 -9999 -9999
-9999 -9999 -9999 -9999 -9999 -9999 -9999 -9999 -9999 -9999 -9999 -9999 -9999 -9999 -9999 -9999 -9999 -9999 -9999 -9999 -9999 -9999 -9999 -9999 -9999 -9999 -9999 -9999 -9999 -9999 -9999 -9999 -9999 -9999 -9999 -9999 -9999 -9999 -9999 -9999 -9999 -9999 -9999 -9999 -9999 -9999 -9999 -9999 -9999 -9999 -9999 -9999 -9999 -9999 -9999 -9999 -9999 -9999 -9999 -9999 -9999 -9999 -9999 -9999 -9999 -9999 -9999 -9999 -9999 -9999 -9999 -9999
-9999 -9999 -9999 -9999 -9999 -9999 -9999 -9999 -9999 -9999 -9999 -9999 -9999 4.63881E-1 -9999 -9999 -9999 -9999 -9999 -9999 -9999 -9999 -9999 -9999 -9999 -9999 -9999 -9999 -9999 -9999 -9999 -9999 -9999 -9999 -9999 -9999 -9999 -9999 -9999 -9999 -9999 -9999 -9999 -9999 -9999 -9999 -9999 -9999 -9999 -9999 -9999 -9999 -9999 -9999 -9999 -9999 -9999 -9999 -9999 -9999 5.6571E-1 5.57216E-1 -9999 -9999 -9999 -9999 -9999 -9999 -9999 -9999 -9999 -9999
-9999 -9999 -9999 -9999 -9999 -9999 -9999 -9999 -9999 -9999 -9999 -9999 -9999 -9999 -9999 -9999 -9999 -9999 -9999 -9999 -9999 -9999 -9999 -9999 -9999 -9999 -9999 -9999 -9999 -9999 5.18036E-1 5.07997E-1 -9999 -9999 -9999 -9999 -9999 -9999 -9999 -9999 -9999 -9999 -9999 -9999 -9999 -9999 -9999 -9999 -9999 -9999 -9999 -9999 -9999 -9999 -9999 -9999 -9999 -9999 -9999 5.40507E-1 -9999 -9999 -9999 5.43212E-1 -9999 -9999 6.58328E-1 -9999 -9999 -9999 -9999 -9999
-9999 -9999 -9999 -9999 -9999 -9999 -9999 -9999 -9999 -9999 -9999 -9999 -9999 5.07456E-1 -9999 -9999 -9999 -9999 -9999 -9999 -9999 -9999 -9999 -9999 -9999 -9999 -9999 -9999 -9999 -9999 -9999 -9999 -9999 -9999 -9999 -9999 -9999 -9999 -9999 -9999 -9999 -9999 -9999 -9999 -9999 -9999 -9999 -9999 -9999 -9999 -9999 -9999 -9999 -9999 -9999 5.40833E-1 -9999 -9999 -9999 -9999 -9999 -9999 -9999 5.19615E-1 -9999 -9999 6.53153E-1 -9999 -9999 -9999 -9999 -9999
