Artocarpus altilis SDM files/MIS19/results (without bias file)/Artalt_2.asc
ncols         1201
nrows         481
xllcorner     119.99986351115
yllcorner     -15.00013828885
cellsize      0.041666667
NODATA_value  -9999
[rows 288 to 319 of 481, columns 576 to 647 of 1201]
3.60219E-1 4.09033E-1 3.47096E-1 3.37536E-1 3.27344E-1 3.51736E-1 4.46035E-1 5.50356E-1 5.32476E-1 4.76874E-1 1.68912E-1 8.85654E-2 6.8845E-2 5.78392E-2 2.17191E-1 6.42331E-2 7.33904E-2 3.17111E-1 3.46957E-1 2.20175E-1 1.82945E-1 1.2253E-1 2.4956E-1 1.59126E-1 1.50297E-1 2.0189E-1 2.67637E-1 2.42014E-1 1.68627E-1 1.92905E-1 1.67699E-1 3.33785E-1 2.86713E-1 3.15433E-1 2.99538E-1 2.2086E-1 2.00395E-1 2.68504E-1 2.37285E-1 2.49063E-1 2.21753E-1 1.89691E-1 1.7608E-1 1.62574E-1 1.55694E-1 1.92933E-1 1.59634E-1 1.73849E-1 2.1032E-1 2.06371E-1 2.03671E-1 2.06315E-1 2.08072E-1 1.68135E-1 1.85563E-1 1.69838E-1 1.70707E-1 1.70697E-1 1.78565E-1 1.47027E-1 2.35003E-1 1.41546E-1 3.01763E-1 1.72478E-1 2.01434E-1 1.9928E-1 7.92973E-2 2.1761E-1 3.21337E-1 4.04044E-1 5.99814E-1 6.40396E-1
4.59203E-1 5.15438E-1 4.45715E-1 3.27835E-1 3.35109E-1 3.15441E-1 3.32906E-1 5.51196E-1 4.41006E-1 2.75622E-1 1.48795E-1 1.04607E-1 2.05265E-1 1.52469E-1 2.8908E-1 2.32726E-1 2.6732E-1 3.36213E-1 3.72471E-1 2.1522E-1 2.53571E-1 1.97783E-1 2.06335E-1 2.14275E-1 2.15204E-1 1.7548E-1 2.45373E-1 2.67358E-1 2.0971E-1 1.71119E-1 1.5693E-1 2.75645E-1 3.34126E-1 3.04986E-1 2.76433E-1 3.0784E-1 2.93415E-1 2.99242E-1 2.31372E-1 2.78794E-1 2.34495E-1 2.02014E-1 1.69683E-1 1.6499E-1 1.87806E-1 1.7958E-1 1.73437E-1 1.89773E-1 2.05784E-1 1.86604E-1 2.27498E-1 2.34609E-1 2.19125E-1 1.96118E-1 1.78663E-1 1.75225E-1 2.1646E-1 1.85165E-1 1.83928E-1 1.63256E-1 1.87033E-1 1.89782E-1 2.43729E-1 1.79916E-1 1.93338E-1 2.37547E-1 6.1921E-2 1.9161E-1 2.8694E-1 3.25335E-1 3.47611E-1 4.89837E-1
5.05848E-1 5.36232E-1 5.37297E-1 4.44163E-1 3.4483E-1 3.30143E-1 3.20744E-1 4.96085E-1 4.40106E-1 4.34606E-1 4.04401E-1 2.13757E-1 2.1543E-1 2.54072E-1 3.10721E-1 3.28302E-1 3.48416E-1 3.75092E-1 3.43052E-1 2.68646E-1 3.06229E-1 1.7176E-1 1.69189E-1 1.46479E-1 1.0654E-1 1.31048E-1 2.12686E-1 3.36863E-1 2.55366E-1 3.05477E-1 3.60659E-1 4.07511E-1 3.44364E-1 1.68184E-1 2.01132E-1 3.56706E-1 2.62864E-1 2.00729E-1 2.86258E-1 2.77147E-1 2.14479E-1 1.63199E-1 2.38644E-1 2.12643E-1 1.5739E-1 1.31364E-1 1.70462E-1 1.51848E-1 2.15041E-1 2.30095E-1 1.86052E-1 2.05123E-1 1.78331E-1 1.5122E-1 1.56388E-1 1.82824E-1 2.22785E-1 2.2624E-1 1.94971E-1 1.96118E-1 2.00307E-1 2.41187E-1 2.05704E-1 1.61698E-1 2.13664E-1 2.27376E-1 7.95939E-2 2.69295E-1 2.98732E-1 4.12574E-1 3.96355E-1 4.14853E-1
5.31348E-1 5.29325E-1 5.1677E-1 5.35823E-1 4.71508E-1 3.51397E-1 3.19229E-1 4.03847E-1 4.88155E-1 5.18462E-1 5.04548E-1 3.58621E-1 2.70666E-1 3.37863E-1 3.09723E-1 3.62541E-1 3.49994E-1 3.82136E-1 4.33814E-1 3.59008E-1 2.11673E-1 1.82838E-1 3.47347E-1 2.64078E-1 1.53372E-1 2.48508E-1 2.57522E-1 1.83181E-1 2.32708E-1 2.42786E-1 2.00599E-1 3.46946E-1 1.4756E-1 3.15693E-1 2.86713E-1 3.7328E-1 2.69467E-1 2.2224E-1 3.09788E-1 2.7359E-1 1.80281E-1 1.70121E-1 2.21449E-1 2.00399E-1 1.6586E-1 1.49297E-1 1.75952E-1 1.84044E-1 1.74263E-1 1.72175E-1 1.63404E-1 1.88846E-1 2.37039E-1 2.3179E-1 2.15171E-1 1.38534E-1 1.70705E-1 1.83851E-1 2.12873E-1 1.65992E-1 1.83276E-1 3.11043E-1 2.03406E-1 1.53665E-1 2.05984E-1 1.72417E-1 8.13653E-2 2.42021E-1 3.44673E-1 3.97392E-1 4.34692E-1 5.36259E-1
5.15648E-1 5.20801E-1 5.18125E-1 5.37055E-1 5.09244E-1 4.55555E-1 3.69231E-1 3.60966E-1 4.98798E-1 5.14907E-1 4.55831E-1 4.23201E-1 2.89237E-1 2.38764E-1 3.49249E-1 3.62804E-1 4.01602E-1 3.87709E-1 5.27799E-1 5.4449E-1 5.1819E-1 4.34323E-1 4.21683E-1 2.07009E-1 1.88089E-1 1.8644E-1 2.59148E-1 1.36732E-1 2.03241E-1 2.82448E-1 2.30973E-1 3.47968E-1 1.29206E-1 3.34092E-1 2.94089E-1 3.59361E-1 2.40606E-1 1.83848E-1 2.79742E-1 2.6301E-1 2.06587E-1 2.01522E-1 2.18784E-1 2.4359E-1 1.81485E-1 1.72014E-1 1.76613E-1 1.88086E-1 2.20681E-1 1.9587E-1 2.15881E-1 1.6549E-1 2.36436E-1 2.12817E-1 1.64692E-1 2.58716E-1 1.89449E-1 1.63755E-1 2.01688E-1 2.12997E-1 2.20475E-1 3.00533E-1 1.89318E-1 1.49566E-1 1.9043E-1 1.83545E-1 9.34153E-2 2.62357E-1 3.25073E-1 3.38626E-1 3.6079E-1 3.50202E-1
4.70203E-1 5.10403E-1 5.16465E-1 5.12715E-1 5.03571E-1 4.70953E-1 3.8998E-1 3.36269E-1 3.31371E-1 4.61654E-1 4.68761E-1 5.11592E-1 3.25437E-1 3.05603E-1 3.55874E-1 3.55057E-1 4.93893E-1 4.11075E-1 5.37957E-1 5.75318E-1 5.08152E-1 4.15744E-1 4.32662E-1 3.47647E-1 2.06784E-1 1.77632E-1 1.85621E-1 2.47459E-1 2.45373E-1 1.82374E-1 3.36236E-1 3.48651E-1 1.43223E-1 2.48796E-1 3.55747E-1 3.73849E-1 3.51263E-1 1.62242E-1 1.72839E-1 2.33956E-1 2.60192E-1 2.25752E-1 2.24984E-1 2.02476E-1 1.88171E-1 1.85314E-1 1.7575E-1 2.15416E-1 1.76571E-1 2.36012E-1 2.20584E-1 2.4452E-1 2.07141E-1 1.56873E-1 1.89512E-1 2.11984E-1 2.2141E-1 1.56365E-1 1.75631E-1 2.01804E-1 2.87835E-1 2.08892E-1 2.31697E-1 1.49848E-1 1.67848E-1 1.92095E-1 1.94603E-1 1.09651E-1 2.31443E-1 1.89337E-1 3.01506E-1 3.5846E-1
3.82645E-1 4.47474E-1 5.14174E-1 5.19599E-1 5.0783E-1 4.98567E-1 3.39356E-1 3.42097E-1 3.12533E-1 3.49778E-1 3.51166E-1 4.61402E-1 4.05623E-1 4.13804E-1 4.39408E-1 3.79742E-1 5.16146E-1 5.52241E-1 5.67335E-1 5.46424E-1 4.34123E-1 3.6669E-1 3.63867E-1 3.6211E-1 2.8799E-1 3.15827E-1 2.1682E-1 1.68819E-1 2.24186E-1 2.58095E-1 3.235E-1 4.16375E-1 1.81689E-1 4.68349E-1 4.24354E-1 4.14271E-1 3.29503E-1 1.52818E-1 1.26664E-1 1.08371E-1 9.047E-2 9.29076E-2 1.03229E-1 9.8261E-2 1.30531E-1 1.62264E-1 1.82242E-1 2.19678E-1 1.39827E-1 1.74516E-1 2.52236E-1 1.98992E-1 2.15145E-1 2.2516E-1 2.05952E-1 2.01905E-1 2.16067E-1 2.18001E-1 2.29345E-1 2.78193E-1 1.90558E-1 1.45396E-1 1.90268E-1 1.62817E-1 1.40918E-1 1.66364E-1 1.77409E-1 9.33559E-2 2.05453E-1 2.50466E-1 2.90937E-1 3.74275E-1
3.47208E-1 4.065E-1 4.9078E-1 5.30492E-1 5.11804E-1 4.62474E-1 3.66237E-1 3.95312E-1 4.05851E-1 5.01431E-1 4.95401E-1 4.18103E-1 5.1622E-1 4.90455E-1 4.9361E-1 5.00981E-1 5.22618E-1 5.78402E-1 5.68741E-1 4.86997E-1 4.35122E-1 3.65983E-1 3.64219E-1 3.62461E-1 3.62461E-1 4.11037E-1 3.91572E-1 2.16632E-1 3.27725E-1 3.12071E-1 3.39241E-1 4.9425E-1 2.61829E-1 4.86526E-1 5.47854E-1 3.01472E-1 2.16824E-1 1.17982E-1 1.08943E-1 1.38939E-1 1.66314E-1 1.49684E-1 1.33579E-1 1.44279E-1 9.27404E-2 2.09119E-1 2.15546E-1 1.76414E-1 2.18358E-1 1.74992E-1 2.22156E-1 1.87409E-1 2.10785E-1 1.97141E-1 2.15811E-1 2.14606E-1 2.01685E-1 1.9846E-1 2.01789E-1 2.1277E-1 1.4173E-1 1.43124E-1 2.15533E-1 2.04228E-1 1.66159E-1 1.30555E-1 1.49685E-1 1.14785E-1 2.3593E-1 2.72959E-1 3.00907E-1 3.53168E-1
3.53623E-1 3.73482E-1 4.48981E-1 5.10957E-1 5.18406E-1 4.73242E-1 4.45625E-1 4.94411E-1 5.04327E-1 5.1419E-1 5.36894E-1 5.32106E-1 4.89676E-1 5.39042E-1 5.64411E-1 5.27701E-1 5.43749E-1 5.65676E-1 5.44329E-1 5.07273E-1 4.36206E-1 4.33055E-1 4.3109E-1 4.30698E-1 4.27957E-1 4.28348E-1 4.99527E-1 3.28666E-1 2.61089E-1 5.2672E-1 3.54837E-1 4.84719E-1 5.1015E-1 4.87782E-1 5.27025E-1 2.89158E-1 2.5113E-1 1.53275E-1 1.10153E-1 1.19035E-1 1.37634E-1 1.06666E-1 1.26361E-1 9.73936E-2 6.60703E-2 2.30374E-1 1.79772E-1 2.11243E-1 1.91948E-1 2.04036E-1 1.76417E-1 1.90355E-1 2.09842E-1 2.13448E-1 2.48646E-1 2.06559E-1 2.03582E-1 2.04572E-1 2.03482E-1 2.02353E-1 1.51077E-1 1.30035E-1 1.55932E-1 2.0935E-1 2.3951E-1 1.48737E-1 1.31504E-1 1.25318E-1 1.11611E-1 1.71118E-1 2.76626E-1 2.71784E-1
4.77668E-1 4.37461E-1 4.57226E-1 4.85254E-1 5.30055E-1 5.09447E-1 5.1387E-1 4.84792E-1 4.89391E-1 5.30323E-1 5.52275E-1 5.51028E-1 5.43561E-1 5.58452E-1 5.52225E-1 5.58626E-1 5.54787E-1 5.6277E-1 5.64334E-1 5.07581E-1 5.11751E-1 4.35025E-1 4.33843E-1 5.02496E-1 5.03346E-1 4.26396E-1 4.9995E-1 3.5966E-1 3.90833E-1 3.11718E-1 2.97561E-1 5.49471E-1 5.67935E-1 4.52488E-1 4.48866E-1 3.77326E-1 4.27544E-1 2.37174E-1 9.2183E-2 6.38501E-2 7.1155E-2 4.54488E-2 3.85089E-2 4.66488E-2 1.12426E-1 2.442E-1 1.24617E-1 1.32828E-1 9.41297E-2 1.45365E-1 1.47544E-1 1.77194E-1 2.52552E-1 2.36457E-1 2.52902E-1 2.18861E-1 2.18636E-1 2.20669E-1 1.95617E-1 1.77076E-1 1.72143E-1 1.56566E-1 1.30857E-1 1.79204E-1 2.15917E-1 1.62486E-1 1.20864E-1 1.09715E-1 1.07673E-1 1.47743E-1 2.36182E-1 2.20644E-1
5.05316E-1 4.68678E-1 4.21137E-1 4.74065E-1 5.05795E-1 5.12569E-1 5.16162E-1 4.99891E-1 5.27044E-1 5.5038E-1 5.49017E-1 5.55273E-1 5.47673E-1 5.49464E-1 5.49222E-1 5.58944E-1 5.54921E-1 5.65686E-1 5.63398E-1 4.88381E-1 5.11676E-1 5.09314E-1 5.11452E-1 5.05474E-1 5.03772E-1 4.99527E-1 5.66411E-1 3.60359E-1 3.44928E-1 2.05216E-1 2.8673E-1 5.51669E-1 5.67935E-1 5.12883E-1 5.63505E-1 3.62792E-1 4.45259E-1 3.59291E-1 1.06088E-1 5.48382E-2 6.88955E-2 6.16286E-2 1.50415E-1 6.01008E-2 6.07486E-2 1.31141E-1 1.51862E-1 6.88326E-2 7.57716E-2 8.54887E-2 1.28018E-1 2.2792E-1 2.67071E-1 2.63899E-1 2.42912E-1 2.34619E-1 1.95861E-1 2.36125E-1 2.14283E-1 2.22774E-1 1.7232E-1 1.58602E-1 1.77112E-1 1.59551E-1 2.1143E-1 2.04495E-1 1.48943E-1 1.11981E-1 1.13654E-1 1.35092E-1 2.10176E-1 9.81056E-2
4.66553E-1 4.58302E-1 4.2829E-1 4.0357E-1 4.32207E-1 5.26392E-1 5.37685E-1 5.35508E-1 4.72576E-1 5.49061E-1 5.48205E-1 5.50231E-1 5.56435E-1 5.53495E-1 5.57294E-1 5.78901E-1 5.81848E-1 5.83792E-1 5.39904E-1 5.44671E-1 5.71989E-1 5.08886E-1 4.9158E-1 5.69072E-1 5.69072E-1 5.91773E-1 5.94011E-1 5.01647E-1 3.14875E-1 3.28012E-1 2.8732E-1 5.48512E-1 5.66967E-1 5.62982E-1 5.71184E-1 4.66652E-1 4.47261E-1 4.63378E-1 2.04953E-1 7.03514E-2 1.37138E-1 2.93961E-1 9.67072E-2 7.57151E-2 3.72917E-2 9.31242E-2 2.5945E-1 1.12114E-1 8.53435E-2 1.02412E-1 9.4539E-2 2.32409E-1 2.77786E-1 2.57756E-1 2.16768E-1 2.16167E-1 2.20219E-1 2.03657E-1 1.80128E-1 2.26934E-1 1.71589E-1 1.1593E-1 1.48518E-1 1.54073E-1 1.78624E-1 2.08511E-1 1.30897E-1 1.07144E-1 1.06163E-1 1.66288E-1 1.04239E-1 6.83431E-2
4.98747E-1 4.95718E-1 4.94501E-1 4.61552E-1 4.80252E-1 4.8264E-1 5.43822E-1 5.35012E-1 5.39836E-1 5.41232E-1 5.38931E-1 5.46024E-1 5.55791E-1 5.52809E-1 5.81769E-1 5.82043E-1 5.84609E-1 5.80089E-1 5.86933E-1 5.9155E-1 5.70847E-1 5.52685E-1 5.80242E-1 5.94459E-1 5.95802E-1 5.98633E-1 6.01323E-1 5.93563E-1 5.05138E-1 3.59004E-1 2.61089E-1 5.03539E-1 5.81926E-1 6.05709E-1 5.81116E-1 5.56736E-1 3.19637E-1 3.75884E-1 2.73214E-1 1.39606E-1 2.35048E-1 3.51477E-1 3.93899E-2 2.38971E-2 3.79317E-2 2.21712E-1 2.90639E-1 6.12053E-2 1.4079E-1 8.78083E-2 9.98601E-2 2.57788E-1 2.67532E-1 1.8072E-1 1.82513E-1 1.89132E-1 2.38453E-1 1.93251E-1 1.80305E-1 1.8963E-1 2.14143E-1 1.69548E-1 1.67478E-1 1.3308E-1 1.62228E-1 1.58648E-1 1.28359E-1 1.0938E-1 1.22118E-1 1.59687E-1 1.03441E-1 8.31986E-2
4.85447E-1 4.81264E-1 4.85551E-1 4.8651E-1 4.96013E-1 5.03293E-1 5.31766E-1 5.33655E-1 5.26144E-1 5.37727E-1 5.44324E-1 5.4679E-1 5.73065E-1 5.68773E-1 5.76804E-1 5.85423E-1 5.9185E-1 5.93144E-1 5.99498E-1 6.05669E-1 5.93543E-1 5.97008E-1 6.0445E-1 6.03565E-1 6.11341E-1 6.09545E-1 5.99978E-1 6.07748E-1 5.99081E-1 4.84658E-1 4.55646E-1 4.36354E-1 5.62458E-1 6.27205E-1 6.03404E-1 5.64833E-1 4.90882E-1 3.18677E-1 3.30286E-1 3.15174E-1 3.78457E-1 2.10098E-1 4.42333E-2 2.71748E-2 2.76254E-2 1.18063E-1 3.03925E-1 8.10024E-2 1.89839E-1 5.92229E-2 8.55024E-2 2.65836E-1 1.51728E-1 1.3993E-1 2.25451E-1 1.72796E-1 1.85256E-1 1.49463E-1 1.72111E-1 2.36881E-1 2.34938E-1 1.81797E-1 1.38663E-1 1.32826E-1 1.2173E-1 1.91811E-1 8.7221E-2 1.30798E-1 1.41714E-1 1.14025E-1 1.95133E-1 8.4798E-2
4.83852E-1 4.85097E-1 4.89645E-1 4.92705E-1 5.1359E-1 5.19692E-1 5.24958E-1 5.27206E-1 5.30879E-1 5.62294E-1 5.60732E-1 5.41908E-1 5.70128E-1 5.6909E-1 5.57628E-1 5.85414E-1 5.90562E-1 5.95773E-1 5.99123E-1 6.00207E-1 6.03947E-1 6.0435E-1 6.04464E-1 6.11791E-1 6.09994E-1 6.28799E-1 6.1508E-1 6.39886E-1 6.31193E-1 5.89537E-1 4.94314E-1 5.21373E-1 4.98371E-1 5.93382E-1 6.18965E-1 5.74739E-1 4.86888E-1 2.19649E-1 3.85002E-1 3.29302E-1 2.24761E-1 1.10695E-1 4.59228E-2 2.90986E-2 4.335E-2 1.96971E-1 3.06823E-1 2.37819E-1 1.01041E-1 6.94297E-2 9.47093E-2 1.11365E-1 9.1589E-2 2.2521E-1 2.40862E-1 1.65495E-1 2.81589E-1 1.71004E-1 1.80179E-1 1.84282E-1 2.43389E-1 1.44277E-1 1.58677E-1 2.09223E-1 1.31726E-1 1.71939E-1 1.08349E-1 1.47515E-1 9.9602E-2 1.53026E-1 2.06758E-1 1.11857E-1
4.8135E-1 4.87263E-1 5.10662E-1 5.08408E-1 5.17861E-1 5.22677E-1 5.20523E-1 5.21529E-1 5.2959E-1 5.65422E-1 5.64606E-1 5.62206E-1 5.67528E-1 5.63375E-1 5.75898E-1 5.84521E-1 6.17092E-1 5.82821E-1 5.9975E-1 6.00601E-1 6.22357E-1 6.01771E-1 6.00426E-1 6.08647E-1 6.34793E-1 6.34343E-1 6.33443E-1 6.35693E-1 6.33443E-1 6.16511E-1 5.28197E-1 5.57824E-1 4.79972E-1 5.76733E-1 6.08464E-1 5.75184E-1 3.98947E-1 3.20921E-1 4.92117E-1 3.84271E-1 1.95405E-1 9.57809E-2 5.88125E-2 3.92678E-2 3.03667E-2 5.59755E-2 2.75377E-1 3.35416E-1 1.72604E-1 1.44584E-1 7.27423E-2 6.99378E-2 9.57918E-2 1.15478E-1 2.94122E-1 1.72368E-1 1.7159E-1 1.61181E-1 1.50422E-1 1.6864E-1 1.73288E-1 1.84161E-1 2.39672E-1 1.56383E-1 1.34202E-1 1.12786E-1 9.93093E-2 1.16414E-1 1.08843E-1 1.34451E-1 2.12432E-1 1.28006E-1
4.99122E-1 5.04768E-1 5.07263E-1 5.11504E-1 5.15245E-1 5.08543E-1 5.25039E-1 5.48031E-1 5.29048E-1 5.60172E-1 5.57641E-1 5.70846E-1 5.67547E-1 5.99701E-1 5.69283E-1 5.84399E-1 6.15086E-1 6.22137E-1 5.92059E-1 5.99685E-1 6.29249E-1 6.32399E-1 6.31049E-1 6.38842E-1 6.34343E-1 6.2745E-1 6.27899E-1 6.35243E-1 6.59579E-1 6.243E-1 5.40514E-1 5.78853E-1 5.54785E-1 5.83285E-1 6.68562E-1 5.88848E-1 5.02342E-1 2.66834E-1 4.70976E-1 2.29741E-1 1.25201E-1 1.12745E-1 5.73399E-2 3.80001E-2 3.72184E-2 8.5149E-2 2.80357E-1 3.27767E-1 3.28493E-1 2.66952E-1 1.2542E-1 7.49102E-2 5.5413E-2 1.58513E-1 2.69009E-1 1.80609E-1 2.03151E-1 1.1523E-1 1.83635E-1 1.38055E-1 1.64652E-1 2.06035E-1 2.48348E-1 9.62735E-2 1.20823E-1 1.19263E-1 1.2499E-1 1.20588E-1 1.36113E-1 1.02288E-1 1.9124E-1 1.36155E-1
5.08333E-1 5.02958E-1 5.02479E-1 5.37705E-1 5.17292E-1 5.42893E-1 5.4817E-1 5.42459E-1 5.53684E-1 5.49078E-1 5.63798E-1 5.72932E-1 5.87444E-1 5.97645E-1 -9999 -9999 -9999 6.21441E-1 6.19438E-1 6.18539E-1 6.20558E-1 6.29249E-1 6.28799E-1 6.35243E-1 6.261E-1 6.32543E-1 6.31643E-1 6.31643E-1 6.59579E-1 6.48207E-1 5.71409E-1 5.78648E-1 6.13091E-1 5.94635E-1 6.75294E-1 6.16717E-1 5.08868E-1 3.35482E-1 3.92621E-1 2.30385E-1 2.09239E-1 2.49634E-1 1.25687E-1 1.75378E-1 8.09134E-2 9.41123E-2 2.68923E-1 3.35297E-1 3.50356E-1 1.83505E-1 1.91038E-1 7.70865E-2 2.23654E-1 3.18081E-1 3.28408E-1 2.30853E-1 1.53337E-1 1.2341E-1 1.63953E-1 1.65676E-1 1.46604E-1 2.67043E-1 2.00946E-1 1.0803E-1 1.05153E-1 1.31175E-1 1.32317E-1 1.59786E-1 2.05749E-1 9.80639E-2 1.95247E-1 2.57317E-1
4.95342E-1 5.10241E-1 5.28133E-1 5.35407E-1 5.3461E-1 5.4121E-1 5.51634E-1 5.51512E-1 5.4746E-1 5.40164E-1 5.59813E-1 5.72076E-1 -9999 -9999 -9999 -9999 -9999 -9999 -9999 6.40254E-1 6.17468E-1 6.22412E-1 6.31832E-1 6.29843E-1 6.40071E-1 6.41882E-1 6.37822E-1 6.36522E-1 6.65551E-1 6.55539E-1 6.0672E-1 6.1481E-1 6.33755E-1 6.09535E-1 6.38012E-1 6.52167E-1 5.55116E-1 4.06613E-1 3.88618E-1 3.85705E-1 3.74368E-1 3.55841E-1 3.69844E-1 1.25257E-1 7.17098E-2 1.27364E-1 2.63108E-1 3.42339E-1 3.70586E-1 3.54971E-1 2.90484E-1 1.25936E-1 3.31885E-1 2.02411E-1 2.44948E-1 3.48201E-1 1.8226E-1 1.33783E-1 1.10858E-1 1.2378E-1 2.32985E-1 2.55529E-1 1.18272E-1 1.51782E-1 1.54316E-1 1.79769E-1 2.3536E-1 2.19604E-1 1.35274E-1 1.4828E-1 2.1364E-1 1.87575E-1
5.22206E-1 5.24916E-1 5.26471E-1 5.28751E-1 5.38809E-1 5.3336E-1 5.45619E-1 -9999 5.72895E-1 5.74632E-1 5.86907E-1 5.84091E-1 5.96645E-1 -9999 -9999 -9999 -9999 -9999 -9999 -9999 6.41299E-1 6.49406E-1 6.50054E-1 6.29961E-1 6.68846E-1 6.6318E-1 6.65288E-1 6.62148E-1 6.64777E-1 6.72728E-1 6.6645E-1 6.42279E-1 6.19028E-1 6.20423E-1 6.68676E-1 6.61045E-1 5.93282E-1 5.67308E-1 4.60808E-1 3.79049E-1 4.02714E-1 3.72285E-1 3.88098E-1 2.67427E-1 2.80947E-1 3.0148E-1 1.35541E-1 3.02136E-1 3.60015E-1 3.62559E-1 3.83884E-1 4.2417E-1 2.14242E-1 9.85082E-2 2.42211E-1 3.2642E-1 2.45738E-1 2.3854E-1 1.91733E-1 1.72572E-1 2.89326E-1 2.81944E-1 1.30127E-1 1.63615E-1 2.40893E-1 2.62574E-1 2.47336E-1 2.03906E-1 1.21997E-1 2.02897E-1 1.47779E-1 1.51449E-1
-9999 -9999 5.52963E-1 5.55096E-1 5.58825E-1 5.60394E-1 5.75578E-1 -9999 -9999 -9999 -9999 6.15095E-1 6.16585E-1 -9999 -9999 -9999 -9999 -9999 -9999 -9999 -9999 -9999 6.77564E-1 6.57074E-1 6.52959E-1 6.59067E-1 6.86147E-1 6.60283E-1 6.91487E-1 6.70612E-1 6.65222E-1 6.34596E-1 6.06538E-1 6.21426E-1 6.60067E-1 6.8001E-1 6.67095E-1 6.32799E-1 5.6262E-1 3.66772E-1 4.18627E-1 4.96451E-1 4.15223E-1 3.58318E-1 3.24902E-1 3.46078E-1 3.00687E-1 2.78944E-1 3.45551E-1 3.61939E-1 3.56835E-1 3.21312E-1 9.82662E-2 1.34214E-1 2.29654E-1 2.75587E-1 2.04406E-1 1.75088E-1 1.64273E-1 2.4621E-1 3.42419E-1 3.2069E-1 3.17302E-1 2.98731E-1 2.95686E-1 2.54959E-1 2.13178E-1 1.97357E-1 1.85999E-1 1.33137E-1 1.38845E-1 2.1986E-1
-9999 -9999 -9999 -9999 -9999 -9999 -9999 -9999 -9999 -9999 -9999 -9999 -9999 -9999 -9999 -9999 -9999 -9999 -9999 -9999 -9999 -9999 -9999 -9999 6.82443E-1 -9999 -9999 6.83792E-1 6.90661E-1 6.90212E-1 6.91484E-1 6.82755E-1 6.3393E-1 6.49695E-1 6.86712E-1 6.70297E-1 6.66637E-1 6.60549E-1 5.62969E-1 4.2833E-1 5.181E-1 5.47248E-1 6.1939E-1 4.87693E-1 3.95882E-1 3.21886E-1 3.54359E-1 3.8338E-1 3.18107E-1 3.86961E-1 1.2608E-1 4.14632E-1 1.89907E-1 1.40579E-1 3.03823E-1 2.13256E-1 1.88158E-1 1.83146E-1 1.76212E-1 2.21986E-1 2.96077E-1 3.80192E-1 3.71446E-1 2.99729E-1 2.55302E-1 1.82903E-1 1.79346E-1 1.62898E-1 1.41601E-1 1.71364E-1 1.91776E-1 1.94229E-1
-9999 -9999 -9999 -9999 -9999 -9999 -9999 -9999 -9999 -9999 -9999 -9999 -9999 -9999 -9999 -9999 -9999 -9999 -9999 -9999 -9999 -9999 -9999 -9999 -9999 -9999 -9999 -9999 -9999 -9999 -9999 -9999 7.04352E-1 6.80968E-1 6.89385E-1 6.61103E-1 6.63013E-1 6.57301E-1 6.50238E-1 4.99279E-1 6.68472E-1 6.79777E-1 6.62763E-1 6.3905E-1 5.52285E-1 3.37963E-1 3.57485E-1 4.63859E-1 4.07314E-1 4.2641E-1 2.42285E-1 4.52749E-1 2.19906E-1 1.98318E-1 2.64714E-1 1.43601E-1 2.08125E-1 2.61491E-1 1.72247E-1 2.07979E-1 3.58027E-1 4.29925E-1 3.73088E-1 3.2347E-1 2.39975E-1 1.63213E-1 1.65691E-1 1.59059E-1 1.72589E-1 1.55079E-1 1.50124E-1 1.41186E-1
-9999 -9999 -9999 -9999 -9999 -9999 -9999 -9999 -9999 -9999 -9999 -9999 -9999 -9999 -9999 -9999 -9999 -9999 -9999 -9999 -9999 -9999 -9999 -9999 -9999 -9999 -9999 -9999 -9999 -9999 -9999 -9999 -9999 7.01331E-1 7.06116E-1 6.85057E-1 7.10138E-1 6.87035E-1 6.85685E-1 6.40381E-1 6.94793E-1 6.87946E-1 6.63231E-1 6.03263E-1 6.00572E-1 5.38803E-1 5.07261E-1 5.70722E-1 5.44269E-1 5.34521E-1 4.02567E-1 1.72492E-1 3.19806E-1 2.28888E-1 1.68057E-1 1.64964E-1 2.7026E-1 3.44151E-1 1.83302E-1 2.42604E-1 3.89981E-1 4.38557E-1 3.75468E-1 3.52701E-1 3.07224E-1 1.74411E-1 1.61472E-1 1.61029E-1 1.7058E-1 1.39526E-1 1.3491E-1 1.04307E-1
-9999 -9999 -9999 -9999 -9999 -9999 -9999 -9999 -9999 -9999 -9999 -9999 -9999 -9999 -9999 -9999 -9999 -9999 -9999 -9999 -9999 -9999 -9999 -9999 -9999 -9999 -9999 -9999 -9999 -9999 -9999 -9999 -9999 -9999 -9999 -9999 -9999 -9999 -9999 6.93298E-1 6.93561E-1 6.96487E-1 6.31646E-1 5.74244E-1 5.69631E-1 5.91981E-1 5.87956E-1 5.59889E-1 5.50933E-1 4.76814E-1 2.81147E-1 2.3061E-1 2.40612E-1 1.91783E-1 1.79483E-1 1.74504E-1 3.58904E-1 4.6084E-1 1.90199E-1 2.35889E-1 3.84924E-1 4.63089E-1 3.88508E-1 3.89839E-1 2.90264E-1 1.7554E-1 2.00201E-1 1.53049E-1 1.3764E-1 1.24962E-1 1.36191E-1 1.22405E-1
-9999 -9999 -9999 -9999 -9999 -9999 -9999 -9999 -9999 -9999 -9999 -9999 -9999 -9999 -9999 -9999 -9999 -9999 -9999 -9999 -9999 -9999 -9999 -9999 -9999 -9999 -9999 -9999 -9999 -9999 -9999 -9999 -9999 -9999 -9999 -9999 -9999 -9999 -9999 -9999 -9999 -9999 -9999 5.61422E-1 6.1469E-1 6.33201E-1 6.36433E-1 6.10815E-1 5.14653E-1 2.4551E-1 2.01346E-1 1.98726E-1 1.68299E-1 1.96565E-1 1.88308E-1 2.10211E-1 4.40049E-1 5.02889E-1 3.50401E-1 2.80233E-1 3.79831E-1 4.38691E-1 3.62531E-1 3.69973E-1 2.89763E-1 2.09315E-1 1.97682E-1 1.93593E-1 1.46875E-1 1.81996E-1 1.43149E-1 1.3196E-1
-9999 -9999 -9999 -9999 -9999 -9999 -9999 -9999 -9999 -9999 -9999 -9999 -9999 -9999 -9999 -9999 -9999 -9999 -9999 -9999 -9999 -9999 -9999 -9999 -9999 -9999 -9999 -9999 -9999 -9999 -9999 -9999 -9999 -9999 -9999 -9999 -9999 -9999 -9999 -9999 -9999 -9999 -9999 -9999 6.53889E-1 6.49701E-1 6.32772E-1 5.39259E-1 3.12514E-1 2.1209E-1 2.10487E-1 2.07989E-1 1.67364E-1 2.06413E-1 1.97662E-1 2.18778E-1 5.37906E-1 5.06798E-1 4.3116E-1 3.44839E-1 4.6539E-1 3.97906E-1 3.26509E-1 2.78838E-1 3.27353E-1 2.99397E-1 2.83453E-1 2.25481E-1 1.74182E-1 2.14251E-1 1.53073E-1 1.40211E-1
-9999 -9999 -9999 -9999 -9999 -9999 -9999 -9999 -9999 -9999 -9999 -9999 -9999 -9999 -9999 -9999 -9999 -9999 -9999 -9999 -9999 -9999 -9999 -9999 -9999 -9999 -9999 -9999 -9999 -9999 -9999 -9999 -9999 -9999 -9999 -9999 -9999 -9999 -9999 -9999 -9999 -9999 -9999 -9999 -9999 -9999 -9999 -9999 -9999 2.11172E-1 2.10715E-1 2.08894E-1 2.05517E-1 2.03733E-1 2.47813E-1 2.61736E-1 4.04385E-1 4.35577E-1 4.96512E-1 3.6892E-1 4.14834E-1 3.71888E-1 2.90926E-1 2.61355E-1 3.35573E-1 2.60755E-1 2.77149E-1 2.37114E-1 2.29179E-1 2.37425E-1 1.822E-1 1.47024E-1
-9999 -9999 -9999 -9999 -9999 -9999 -9999 -9999 -9999 -9999 -9999 -9999 -9999 -9999 -9999 -9999 -9999 -9999 -9999 -9999 -9999 -9999 -9999 -9999 -9999 -9999 -9999 -9999 -9999 -9999 -9999 -9999 -9999 -9999 -9999 -9999 -9999 -9999 -9999 -9999 -9999 -9999 -9999 -9999 -9999 -9999 -9999 -9999 -9999 -9999 2.10715E-1 2.08894E-1 2.52034E-1 2.4243E-1 3.46333E-1 3.1874E-1 3.67751E-1 5.11488E-1 5.60515E-1 3.69163E-1 3.8094E-1 3.44629E-1 3.02682E-1 2.63746E-1 3.08951E-1 2.71781E-1 2.54778E-1 2.62449E-1 2.54389E-1 2.13212E-1 1.54298E-1 1.33889E-1
-9999 -9999 -9999 -9999 -9999 -9999 -9999 -9999 -9999 -9999 -9999 -9999 -9999 -9999 -9999 -9999 -9999 -9999 -9999 -9999 -9999 -9999 -9999 -9999 -9999 -9999 -9999 -9999 -9999 -9999 -9999 -9999 -9999 -9999 -9999 -9999 -9999 -9999 -9999 -9999 -9999 -9999 -9999 -9999 -9999 -9999 -9999 -9999 -9999 -9999 2.20694E-1 2.53899E-1 3.04712E-1 3.44602E-1 4.74559E-1 4.4677E-1 4.99249E-1 5.40845E-1 5.91802E-1 4.03563E-1 3.80527E-1 3.47175E-1 3.01131E-1 2.7169E-1 2.87393E-1 3.29037E-1 2.42122E-1 1.94609E-1 2.00601E-1 1.57647E-1 1.80005E-1 1.53542E-1
-9999 -9999 -9999 -9999 -9999 -9999 -9999 -9999 -9999 -9999 -9999 -9999 -9999 -9999 -9999 -9999 -9999 -9999 -9999 -9999 -9999 -9999 -9999 -9999 -9999 -9999 -9999 -9999 -9999 -9999 -9999 -9999 -9999 -9999 -9999 -9999 -9999 -9999 -9999 -9999 -9999 -9999 -9999 -9999 -9999 -9999 -9999 -9999 -9999 -9999 -9999 3.19447E-1 3.63328E-1 4.2416E-1 5.31468E-1 5.38443E-1 5.25297E-1 5.36918E-1 5.97564E-1 4.6394E-1 3.9719E-1 3.34105E-1 2.72681E-1 2.98657E-1 3.6421E-1 2.81497E-1 1.82116E-1 2.07546E-1 2.24044E-1 1.63861E-1 2.04714E-1 1.79012E-1
-9999 -9999 -9999 -9999 -9999 -9999 -9999 -9999 -9999 -9999 -9999 -9999 -9999 -9999 -9999 -9999 -9999 -9999 -9999 -9999 -9999 -9999 -9999 -9999 -9999 -9999 -9999 -9999 -9999 -9999 -9999 -9999 -9999 -9999 -9999 -9999 -9999 -9999 -9999 -9999 -9999 -9999 -9999 -9999 -9999 -9999 -9999 -9999 -9999 -9999 -9999 -9999 4.21522E-1 5.80314E-1 5.90126E-1 5.66666E-1 5.08973E-1 5.49992E-1 5.39241E-1 5.95973E-1 4.62714E-1 3.69134E-1 3.45394E-1 3.96566E-1 3.81517E-1 3.02474E-1 2.28867E-1 2.64824E-1 2.60593E-1 1.94163E-1 2.15117E-1 2.22242E-1
