Artocarpus altilis SDM files/MIS19/results (without bias file)/Artalt_1.asc
ncols         1201
nrows         481
xllcorner     119.99986351115
yllcorner     -15.00013828885
cellsize      0.041666667
NODATA_value  -9999
[rows 160 to 191 of 481, columns 360 to 431 of 1201]
-9999 -9999 -9999 -9999 -9999 -9999 -9999 -9999 -9999 -9999 4.89372E-1 6.67926E-1 6.42382E-1 5.40725E-1 4.57685E-1 5.84714E-1 6.29065E-1 6.39405E-1 6.40971E-1 6.37753E-1 3.38823E-1 5.1402E-1 5.77841E-1 4.31874E-1 6.22817E-1 4.84446E-1 4.7075E-1 5.25354E-1 4.45024E-1 3.09568E-1 -9999 -9999 -9999 -9999 -9999 -9999 -9999 -9999 -9999 -9999 -9999 -9999 -9999 -9999 -9999 -9999 -9999 -9999 -9999 -9999 -9999 -9999 -9999 -9999 -9999 -9999 -9999 2.88367E-1 2.97067E-1 2.9959E-1 2.93936E-1 2.89596E-1 2.89596E-1 2.87139E-1 3.349E-1 2.77473E-1 2.73327E-1 2.75098E-1 2.80466E-1 2.64612E-1 2.68071E-1 2.76284E-1
-9999 -9999 -9999 -9999 -9999 -9999 -9999 -9999 -9999 -9999 -9999 4.38059E-1 4.21211E-1 3.95224E-1 5.119E-1 5.97326E-1 6.03731E-1 5.25706E-1 5.65712E-1 5.98356E-1 4.58007E-1 2.55152E-1 4.00927E-1 3.39237E-1 3.80637E-1 3.02127E-1 3.26255E-1 2.16855E-1 3.00786E-1 3.67696E-1 4.21897E-1 5.06906E-1 3.18731E-1 -9999 2.74439E-1 2.60557E-1 2.61934E-1 -9999 -9999 -9999 -9999 -9999 -9999 -9999 -9999 -9999 -9999 -9999 -9999 -9999 -9999 -9999 -9999 -9999 -9999 2.95812E-1 2.92691E-1 2.88981E-1 3.46046E-1 3.36971E-1 3.3559E-1 3.29428E-1 3.3079E-1 3.29428E-1 3.20676E-1 3.13407E-1 3.16035E-1 2.76879E-1 2.73917E-1 2.69813E-1 2.6865E-1 2.6865E-1
-9999 -9999 -9999 -9999 -9999 -9999 -9999 -9999 -9999 -9999 -9999 -9999 -9999 -9999 -9999 -9999 3.03783E-1 3.00599E-1 2.89962E-1 3.81087E-1 5.61075E-1 3.23063E-1 2.04892E-1 1.76134E-1 2.12176E-1 1.60058E-1 1.67231E-1 2.16687E-1 1.79071E-1 2.05055E-1 1.87077E-1 1.71013E-1 2.5475E-1 4.19382E-1 3.89466E-1 3.44135E-1 3.28947E-1 3.94941E-1 4.89733E-1 4.94601E-1 4.50948E-1 4.33758E-1 3.31158E-1 3.08548E-1 -9999 -9999 -9999 -9999 -9999 -9999 -9999 -9999 -9999 2.90214E-1 3.2807E-1 3.2807E-1 3.3079E-1 3.21344E-1 3.22681E-1 3.21344E-1 3.15378E-1 3.15378E-1 3.15378E-1 3.10795E-1 3.10795E-1 3.04978E-1 3.06263E-1 3.20676E-1 3.17355E-1 3.2335E-1 3.22679E-1 3.22679E-1
-9999 -9999 -9999 -9999 -9999 -9999 -9999 -9999 -9999 -9999 -9999 -9999 -9999 -9999 -9999 -9999 -9999 -9999 3.40157E-1 3.27796E-1 3.11184E-1 2.971E-1 5.22359E-1 2.82749E-1 2.00416E-1 2.59468E-1 1.90351E-1 2.31835E-1 1.40753E-1 1.17224E-1 1.58175E-1 1.71858E-1 1.6197E-1 1.27423E-1 1.05422E-1 1.40231E-1 1.46539E-1 1.37871E-1 1.58466E-1 2.25359E-1 2.46334E-1 2.43037E-1 3.26745E-1 3.77506E-1 3.56146E-1 3.27387E-1 -9999 -9999 -9999 -9999 3.3079E-1 3.349E-1 3.29428E-1 3.2807E-1 3.29428E-1 3.29428E-1 3.59761E-1 3.15378E-1 3.18018E-1 3.10795E-1 3.07552E-1 3.45476E-1 3.46886E-1 3.44772E-1 3.04336E-1 3.08846E-1 3.05619E-1 3.11445E-1 3.16035E-1 3.04978E-1 3.10795E-1 3.61937E-1
-9999 -9999 -9999 -9999 -9999 -9999 -9999 -9999 -9999 -9999 -9999 -9999 -9999 -9999 -9999 -9999 -9999 -9999 -9999 4.07869E-1 -9999 -9999 2.92103E-1 3.22047E-1 4.26385E-1 4.6156E-1 3.83795E-1 2.47218E-1 1.53276E-1 1.3491E-1 1.51807E-1 2.11686E-1 2.91121E-1 1.75351E-1 1.36954E-1 1.44162E-1 1.35771E-1 1.74297E-1 1.3065E-1 1.41347E-1 1.72128E-1 3.29057E-1 3.43843E-1 3.53192E-1 3.2684E-1 3.14056E-1 2.63465E-1 2.67491E-1 3.32839E-1 -9999 3.18016E-1 3.2402E-1 3.67055E-1 3.60485E-1 3.68526E-1 3.45476E-1 3.39182E-1 3.4901E-1 3.57591E-1 3.082E-1 3.03059E-1 2.99247E-1 2.99247E-1 3.14719E-1 3.28068E-1 3.28068E-1 3.20673E-1 3.49715E-1 3.28745E-1 3.16033E-1 3.19343E-1 3.7148E-1
-9999 -9999 -9999 -9999 -9999 -9999 -9999 -9999 -9999 -9999 -9999 -9999 -9999 -9999 -9999 -9999 -9999 -9999 -9999 2.64953E-1 -9999 -9999 -9999 -9999 -9999 2.91769E-1 2.8623E-1 4.21579E-1 4.2356E-1 3.34028E-1 2.04936E-1 3.61056E-1 3.33283E-1 3.38396E-1 3.61716E-1 3.59848E-1 3.69251E-1 3.59555E-1 2.55572E-1 3.07595E-1 3.32781E-1 3.20002E-1 -9999 -9999 -9999 -9999 3.44691E-1 3.60399E-1 3.48923E-1 3.15373E-1 3.3918E-1 3.21342E-1 3.53996E-1 3.48219E-1 3.39251E-1 3.32974E-1 3.34347E-1 3.58314E-1 3.56872E-1 3.67792E-1 3.77439E-1 3.77439E-1 3.68529E-1 3.2537E-1 3.67792E-1 3.20676E-1 3.082E-1 3.05619E-1 3.10793E-1 3.26038E-1 3.34898E-1 3.59759E-1
-9999 -9999 -9999 -9999 -9999 -9999 -9999 -9999 -9999 -9999 -9999 -9999 -9999 -9999 -9999 -9999 -9999 -9999 -9999 3.16427E-1 -9999 -9999 -9999 -9999 -9999 -9999 -9999 -9999 2.5474E-1 3.02673E-1 3.43937E-1 2.53077E-1 2.93923E-1 2.74424E-1 3.27973E-1 3.14627E-1 3.5984E-1 2.68642E-1 -9999 -9999 -9999 -9999 -9999 -9999 -9999 -9999 -9999 -9999 -9999 -9999 3.28199E-1 3.26845E-1 3.35721E-1 3.39182E-1 3.46805E-1 3.53914E-1 3.49636E-1 3.46808E-1 3.58953E-1 3.56789E-1 3.2193E-1 3.21261E-1 3.25283E-1 3.39945E-1 3.19262E-1 3.17936E-1 3.39102E-1 3.40573E-1 3.5043E-1 3.12753E-1 3.61212E-1 3.26717E-1
-9999 -9999 -9999 -9999 -9999 -9999 -9999 -9999 -9999 -9999 -9999 -9999 -9999 -9999 -9999 -9999 -9999 -9999 -9999 -9999 -9999 -9999 -9999 -9999 -9999 -9999 -9999 -9999 -9999 -9999 2.55854E-1 3.01479E-1 3.35197E-1 2.7806E-1 -9999 -9999 -9999 -9999 -9999 -9999 -9999 -9999 -9999 -9999 -9999 -9999 -9999 -9999 -9999 -9999 -9999 3.41269E-1 3.37102E-1 3.26845E-1 3.53914E-1 3.51058E-1 3.55348E-1 3.56068E-1 3.59675E-1 3.52484E-1 3.36333E-1 3.27445E-1 3.46099E-1 3.29481E-1 3.31525E-1 3.5177E-1 3.50346E-1 3.61126E-1 3.78101E-1 3.86407E-1 3.83535E-1 3.77204E-1
-9999 -9999 -9999 -9999 -9999 -9999 -9999 -9999 -9999 -9999 -9999 -9999 -9999 -9999 -9999 -9999 -9999 -9999 -9999 -9999 -9999 -9999 -9999 -9999 -9999 -9999 -9999 -9999 -9999 -9999 -9999 2.90227E-1 2.85321E-1 2.81685E-1 -9999 -9999 -9999 -9999 -9999 -9999 -9999 -9999 -9999 -9999 -9999 -9999 -9999 -9999 -9999 -9999 -9999 -9999 3.32971E-1 3.4399E-1 3.5177E-1 3.48926E-1 3.40493E-1 3.34954E-1 3.41192E-1 3.45396E-1 3.4399E-1 3.45396E-1 3.41888E-1 3.39102E-1 3.44691E-1 3.35642E-1 3.50346E-1 3.63311E-1 3.66971E-1 3.71554E-1 3.57365E-1 3.33159E-1
-9999 -9999 -9999 -9999 -9999 -9999 -9999 -9999 -9999 -9999 -9999 -9999 -9999 -9999 -9999 -9999 -9999 -9999 -9999 -9999 -9999 -9999 -9999 -9999 -9999 -9999 -9999 -9999 -9999 -9999 -9999 -9999 -9999 -9999 -9999 -9999 -9999 -9999 -9999 -9999 -9999 -9999 -9999 -9999 -9999 -9999 -9999 -9999 -9999 -9999 -9999 -9999 3.20802E-1 3.43988E-1 3.38407E-1 3.17549E-1 3.28801E-1 3.39102E-1 3.4837E-1 3.505E-1 3.51925E-1 3.45546E-1 3.4414E-1 3.45546E-1 3.39251E-1 3.28266E-1 3.46099E-1 3.52484E-1 3.60557E-1 3.54489E-1 3.09527E-1 3.37982E-1
-9999 -9999 -9999 -9999 -9999 -9999 -9999 -9999 -9999 -9999 -9999 -9999 -9999 -9999 -9999 -9999 -9999 -9999 -9999 -9999 -9999 -9999 -9999 -9999 -9999 -9999 -9999 -9999 -9999 -9999 -9999 -9999 -9999 -9999 -9999 -9999 -9999 -9999 -9999 -9999 -9999 -9999 -9999 -9999 -9999 -9999 -9999 -9999 3.18141E-1 -9999 -9999 -9999 3.43988E-1 3.39796E-1 3.25562E-1 3.26912E-1 3.30306E-1 3.43438E-1 3.32073E-1 3.25959E-1 3.07207E-1 3.21261E-1 3.25959E-1 3.19928E-1 3.19262E-1 3.32354E-1 3.38556E-1 3.51058E-1 3.6201E-1 3.57365E-1 3.14096E-1 3.14751E-1
-9999 -9999 -9999 -9999 -9999 -9999 -9999 -9999 -9999 -9999 -9999 -9999 -9999 -9999 -9999 -9999 -9999 -9999 -9999 -9999 -9999 -9999 -9999 -9999 -9999 -9999 -9999 -9999 -9999 -9999 -9999 -9999 -9999 -9999 -9999 -9999 -9999 -9999 -9999 -9999 -9999 -9999 -9999 -9999 -9999 -9999 3.26765E-1 3.27442E-1 3.38405E-1 3.26091E-1 3.27442E-1 3.24887E-1 3.27442E-1 3.33577E-1 3.1821E-1 3.23544E-1 3.20868E-1 3.26912E-1 3.06828E-1 3.02341E-1 2.9576E-1 2.90162E-1 2.93262E-1 3.19928E-1 3.186E-1 3.26632E-1 3.53351E-1 3.59108E-1 3.54489E-1 3.4356E-1 2.84145E-1 2.92748E-1
-9999 -9999 -9999 -9999 -9999 -9999 -9999 -9999 -9999 -9999 -9999 -9999 -9999 -9999 -9999 -9999 -9999 -9999 -9999 -9999 -9999 -9999 -9999 -9999 -9999 -9999 -9999 -9999 -9999 -9999 -9999 -9999 -9999 -9999 -9999 -9999 -9999 -9999 -9999 -9999 -9999 -9999 -9999 -9999 -9999 -9999 3.25445E-1 3.17575E-1 3.18901E-1 3.14937E-1 3.11011E-1 3.13625E-1 3.16225E-1 3.17546E-1 3.18872E-1 3.17546E-1 3.23544E-1 3.26912E-1 3.28946E-1 3.23268E-1 3.09148E-1 3.08499E-1 3.14367E-1 3.21653E-1 3.29065E-1 3.33159E-1 3.1148E-1 2.95501E-1 3.22991E-1 2.84145E-1 2.55153E-1 2.76092E-1
-9999 -9999 -9999 -9999 -9999 -9999 -9999 -9999 -9999 -9999 -9999 -9999 -9999 -9999 -9999 -9999 -9999 -9999 -9999 -9999 -9999 -9999 -9999 -9999 -9999 -9999 -9999 -9999 -9999 -9999 -9999 -9999 -9999 3.5541E-1 3.32501E-1 3.40501E-1 3.32741E-1 -9999 -9999 -9999 -9999 -9999 3.53224E-1 3.25862E-1 3.2413E-1 3.17464E-1 3.16143E-1 3.17464E-1 3.16143E-1 3.16143E-1 3.13625E-1 3.12316E-1 3.21534E-1 3.24214E-1 3.10714E-1 3.12017E-1 3.3304E-1 3.23268E-1 3.32073E-1 3.22323E-1 3.12133E-1 2.7432E-1 2.58746E-1 2.43146E-1 2.86584E-1 2.69047E-1 2.7491E-1 2.52542E-1 2.58112E-1 2.69311E-1 2.75178E-1 2.68488E-1
-9999 -9999 -9999 -9999 -9999 -9999 -9999 -9999 -9999 -9999 -9999 -9999 -9999 -9999 -9999 -9999 -9999 -9999 -9999 -9999 -9999 -9999 -9999 -9999 -9999 -9999 -9999 -9999 -9999 3.11261E-1 3.30348E-1 -9999 3.49716E-1 3.38829E-1 3.44928E-1 3.45177E-1 3.35165E-1 3.38287E-1 3.42999E-1 3.46814E-1 3.37971E-1 3.28812E-1 3.29537E-1 3.20499E-1 3.24515E-1 3.20499E-1 3.16521E-1 3.25589E-1 3.22901E-1 3.12669E-1 3.04898E-1 3.12017E-1 3.02715E-1 3.01442E-1 3.02715E-1 3.09796E-1 2.96129E-1 2.88424E-1 2.81727E-1 2.7753E-1 2.4599E-1 2.3111E-1 2.54828E-1 2.66152E-1 2.79676E-1 2.18259E-1 1.75654E-1 2.2532E-1 2.72819E-1 2.7272E-1 3.13708E-1 2.83894E-1
-9999 -9999 -9999 -9999 -9999 -9999 -9999 -9999 -9999 -9999 -9999 -9999 -9999 -9999 -9999 -9999 -9999 -9999 -9999 -9999 -9999 -9999 -9999 -9999 -9999 -9999 -9999 -9999 -9999 -9999 -9999 3.39987E-1 3.35078E-1 3.35302E-1 3.53792E-1 3.42773E-1 3.40686E-1 3.44077E-1 3.4214E-1 3.43999E-1 3.3398E-1 3.28568E-1 3.28179E-1 3.36506E-1 3.13897E-1 3.07391E-1 3.06471E-1 3.10091E-1 2.92667E-1 2.60362E-1 2.67219E-1 2.69206E-1 2.73553E-1 2.54433E-1 2.22605E-1 2.61489E-1 2.70037E-1 2.31842E-1 1.92223E-1 2.19929E-1 2.46299E-1 2.82935E-1 2.93995E-1 2.81231E-1 2.59741E-1 1.79908E-1 1.69524E-1 2.85112E-1 2.76687E-1 2.62736E-1 2.9055E-1 2.54603E-1
-9999 -9999 -9999 -9999 -9999 -9999 -9999 -9999 -9999 -9999 -9999 -9999 -9999 -9999 -9999 -9999 -9999 -9999 -9999 -9999 -9999 -9999 -9999 -9999 -9999 -9999 -9999 -9999 -9999 -9999 -9999 3.34434E-1 3.36287E-1 3.3308E-1 3.3345E-1 3.36164E-1 3.42808E-1 3.24262E-1 3.31704E-1 3.16133E-1 3.03916E-1 2.44624E-1 2.88688E-1 2.98826E-1 2.49326E-1 2.82245E-1 2.49369E-1 2.88329E-1 2.77105E-1 2.5317E-1 2.50651E-1 2.73652E-1 2.62307E-1 2.67713E-1 2.60037E-1 2.74832E-1 2.66391E-1 2.60133E-1 2.58106E-1 2.6117E-1 2.79921E-1 2.22401E-1 1.88763E-1 1.60579E-1 1.37374E-1 1.47675E-1 1.5359E-1 2.20016E-1 1.66821E-1 1.90241E-1 2.95499E-1 3.07582E-1
-9999 -9999 -9999 -9999 -9999 -9999 -9999 -9999 -9999 -9999 -9999 -9999 -9999 -9999 -9999 -9999 -9999 -9999 -9999 -9999 -9999 -9999 -9999 -9999 -9999 -9999 -9999 -9999 -9999 -9999 -9999 3.19671E-1 3.37461E-1 3.42565E-1 3.38344E-1 3.30997E-1 3.15269E-1 3.04944E-1 3.08721E-1 3.02881E-1 3.08139E-1 2.65369E-1 1.9849E-1 2.57955E-1 2.31472E-1 2.30679E-1 2.5699E-1 2.44241E-1 2.39735E-1 2.37103E-1 2.78724E-1 2.317E-1 2.15478E-1 2.53742E-1 2.45293E-1 2.21336E-1 2.22326E-1 2.05871E-1 2.10289E-1 2.1797E-1 2.58909E-1 2.59309E-1 1.79908E-1 1.53997E-1 1.42422E-1 1.27688E-1 1.26659E-1 1.32882E-1 1.33688E-1 1.30478E-1 2.12961E-1 2.95608E-1
-9999 -9999 -9999 -9999 -9999 -9999 -9999 -9999 -9999 -9999 -9999 -9999 -9999 -9999 -9999 -9999 -9999 -9999 -9999 -9999 -9999 -9999 -9999 -9999 -9999 -9999 -9999 -9999 -9999 -9999 -9999 3.37274E-1 3.30571E-1 3.18429E-1 3.18864E-1 3.18004E-1 2.7638E-1 2.97191E-1 2.87383E-1 2.56845E-1 2.20977E-1 2.81391E-1 2.202E-1 2.30437E-1 2.11935E-1 1.12477E-1 2.07741E-1 1.24251E-1 1.03386E-1 1.2186E-1 1.43955E-1 1.38649E-1 1.27714E-1 1.60897E-1 1.62072E-1 2.00368E-1 2.25032E-1 2.20349E-1 2.24605E-1 2.49561E-1 2.42925E-1 2.13618E-1 1.84499E-1 1.62077E-1 1.46706E-1 1.20786E-1 1.35453E-1 1.39011E-1 1.20037E-1 1.20523E-1 1.27868E-1 1.56026E-1
-9999 -9999 -9999 -9999 -9999 -9999 -9999 -9999 -9999 -9999 -9999 -9999 -9999 -9999 -9999 -9999 -9999 -9999 -9999 -9999 -9999 -9999 -9999 -9999 -9999 -9999 -9999 -9999 -9999 -9999 3.40389E-1 3.31957E-1 3.3924E-1 3.20506E-1 3.3498E-1 2.96577E-1 2.29575E-1 2.73481E-1 2.35011E-1 2.31138E-1 2.13377E-1 2.0167E-1 1.73455E-1 1.57052E-1 1.06415E-1 9.43539E-2 1.52468E-1 1.89745E-1 1.35789E-1 1.37629E-1 1.03008E-1 1.34436E-1 1.19647E-1 1.16277E-1 1.33251E-1 1.68296E-1 1.84692E-1 2.0356E-1 2.02662E-1 1.92981E-1 2.23893E-1 1.93733E-1 2.00896E-1 1.59835E-1 1.47744E-1 1.35777E-1 1.20675E-1 1.13715E-1 1.11334E-1 1.13859E-1 1.22007E-1 1.21428E-1
-9999 -9999 -9999 -9999 -9999 -9999 -9999 -9999 -9999 -9999 -9999 -9999 -9999 -9999 -9999 -9999 -9999 -9999 -9999 -9999 -9999 -9999 -9999 -9999 -9999 -9999 -9999 -9999 -9999 -9999 3.36268E-1 3.16947E-1 3.22208E-1 2.88126E-1 2.75522E-1 2.43687E-1 2.52052E-1 2.49667E-1 1.90705E-1 1.86475E-1 1.5309E-1 1.08261E-1 1.1237E-1 1.19874E-1 1.09329E-1 9.35597E-2 9.90701E-2 1.41281E-1 1.1328E-1 1.31804E-1 1.22025E-1 1.03968E-1 8.75819E-2 1.05688E-1 1.22107E-1 1.29071E-1 1.47464E-1 1.10048E-1 1.26822E-1 1.23014E-1 1.73645E-1 1.43085E-1 1.28254E-1 1.18468E-1 1.28749E-1 1.20171E-1 1.18227E-1 1.18954E-1 1.17695E-1 1.12932E-1 1.21841E-1 1.25217E-1
-9999 -9999 -9999 -9999 -9999 -9999 -9999 -9999 -9999 -9999 -9999 -9999 -9999 -9999 -9999 -9999 -9999 -9999 -9999 -9999 -9999 -9999 -9999 -9999 -9999 -9999 -9999 -9999 -9999 -9999 3.28451E-1 3.13416E-1 2.58671E-1 2.29828E-1 2.59194E-1 2.39593E-1 2.28415E-1 2.19837E-1 1.54958E-1 1.08161E-1 1.35167E-1 1.51789E-1 1.47373E-1 1.0478E-1 9.42414E-2 1.16869E-1 1.09363E-1 9.43037E-2 9.15529E-2 1.10591E-1 1.11205E-1 1.02126E-1 8.18273E-2 1.00658E-1 1.0492E-1 1.10237E-1 1.30738E-1 1.13114E-1 9.70694E-2 1.22268E-1 1.44053E-1 1.10643E-1 1.07309E-1 9.78613E-2 1.09043E-1 1.08942E-1 1.0156E-1 1.16602E-1 1.11977E-1 1.17319E-1 1.16342E-1 1.20882E-1
-9999 -9999 -9999 -9999 -9999 -9999 -9999 -9999 -9999 -9999 -9999 -9999 -9999 -9999 -9999 -9999 -9999 -9999 -9999 -9999 -9999 -9999 -9999 -9999 -9999 -9999 -9999 -9999 -9999 3.43838E-1 3.13507E-1 2.96483E-1 2.61018E-1 2.35721E-1 2.10959E-1 2.00927E-1 1.65544E-1 1.48906E-1 1.80658E-1 1.37249E-1 1.0794E-1 1.08983E-1 1.31683E-1 9.7997E-2 9.44212E-2 1.00551E-1 1.1445E-1 1.12493E-1 1.034E-1 8.71921E-2 1.14278E-1 8.9377E-2 9.41417E-2 1.03821E-1 9.30895E-2 1.05348E-1 9.73016E-2 9.13203E-2 1.02048E-1 1.09359E-1 1.41091E-1 1.13554E-1 1.01916E-1 1.06988E-1 1.04543E-1 1.08842E-1 1.05433E-1 1.15547E-1 1.02981E-1 1.08501E-1 1.08766E-1 1.15026E-1
-9999 -9999 -9999 -9999 -9999 -9999 -9999 -9999 -9999 -9999 -9999 -9999 -9999 -9999 -9999 -9999 -9999 -9999 -9999 -9999 -9999 -9999 -9999 -9999 -9999 -9999 -9999 -9999 -9999 3.23977E-1 2.99939E-1 2.97634E-1 2.78724E-1 2.45637E-1 2.12302E-1 1.40369E-1 1.0205E-1 1.7985E-1 1.24094E-1 1.11849E-1 1.01085E-1 1.14255E-1 1.20162E-1 1.08493E-1 1.00177E-1 1.00499E-1 1.02711E-1 1.02524E-1 1.00162E-1 9.20741E-2 1.01701E-1 7.89781E-2 7.32179E-2 1.02133E-1 1.06287E-1 1.07948E-1 9.07067E-2 9.33799E-2 1.02229E-1 1.07579E-1 1.06737E-1 9.25153E-2 1.05086E-1 1.02385E-1 1.1445E-1 9.88337E-2 1.13542E-1 1.29161E-1 1.02146E-1 1.15337E-1 1.15625E-1 1.11596E-1
-9999 -9999 -9999 -9999 -9999 -9999 -9999 -9999 -9999 -9999 -9999 -9999 -9999 -9999 -9999 -9999 -9999 -9999 -9999 -9999 -9999 -9999 -9999 -9999 -9999 -9999 3.48241E-1 3.36062E-1 3.028E-1 2.9978E-1 2.72524E-1 2.78919E-1 2.89108E-1 2.67321E-1 1.91745E-1 1.51122E-1 1.22378E-1 1.06055E-1 1.35561E-1 9.94885E-2 9.60419E-2 9.06886E-2 9.36579E-2 9.27572E-2 9.77029E-2 8.27268E-2 1.01058E-1 1.0072E-1 8.87675E-2 7.64971E-2 7.98912E-2 8.14823E-2 8.46653E-2 8.00131E-2 1.05176E-1 9.35975E-2 1.02459E-1 1.04769E-1 9.36781E-2 1.09432E-1 9.69223E-2 9.39018E-2 1.14083E-1 9.43504E-2 1.06378E-1 1.19485E-1 1.06772E-1 1.22939E-1 1.18173E-1 1.32104E-1 1.37354E-1 1.32627E-1
-9999 -9999 -9999 -9999 -9999 -9999 -9999 -9999 -9999 -9999 -9999 -9999 -9999 -9999 -9999 -9999 -9999 -9999 -9999 -9999 -9999 -9999 -9999 -9999 3.38017E-1 3.38848E-1 3.1609E-1 3.05029E-1 2.63375E-1 3.17252E-1 2.98027E-1 2.71302E-1 2.36387E-1 2.49007E-1 2.27695E-1 1.74148E-1 1.19139E-1 1.08862E-1 1.55342E-1 1.01696E-1 7.88587E-2 1.06233E-1 7.70878E-2 9.21686E-2 8.62501E-2 5.03182E-2 9.21339E-2 8.6987E-2 8.29832E-2 8.3055E-2 9.44251E-2 9.70858E-2 1.05417E-1 1.00574E-1 1.10481E-1 1.06253E-1 1.06967E-1 1.14934E-1 1.05632E-1 1.20373E-1 1.05784E-1 1.03319E-1 1.20785E-1 1.09678E-1 9.75144E-2 1.05808E-1 1.09772E-1 1.17211E-1 1.43766E-1 1.44636E-1 1.32484E-1 1.61865E-1
-9999 -9999 -9999 -9999 -9999 -9999 -9999 -9999 -9999 -9999 -9999 -9999 -9999 -9999 -9999 -9999 -9999 -9999 -9999 -9999 -9999 -9999 -9999 3.57797E-1 3.18193E-1 3.19424E-1 2.94964E-1 2.90584E-1 3.0162E-1 3.24498E-1 3.23616E-1 2.7496E-1 2.49288E-1 2.56571E-1 2.2754E-1 1.75511E-1 8.89598E-2 1.60402E-1 1.90721E-1 1.36347E-1 5.90546E-2 1.36373E-1 1.04467E-1 9.16718E-2 7.89385E-2 7.73112E-2 9.13022E-2 7.30662E-2 5.2956E-2 9.75906E-2 1.02901E-1 1.01352E-1 7.87377E-2 1.01777E-1 1.20893E-1 1.02863E-1 1.17163E-1 1.22526E-1 1.1024E-1 1.21635E-1 1.21058E-1 1.19188E-1 1.24557E-1 1.23947E-1 1.04569E-1 1.09761E-1 1.42423E-1 1.57416E-1 1.57626E-1 1.84262E-1 1.66645E-1 1.61E-1
-9999 -9999 -9999 -9999 -9999 -9999 -9999 -9999 -9999 -9999 -9999 -9999 -9999 -9999 -9999 -9999 -9999 -9999 -9999 -9999 -9999 -9999 3.58193E-1 3.49385E-1 3.59851E-1 3.20209E-1 3.28824E-1 3.43484E-1 3.27718E-1 3.31257E-1 2.8528E-1 2.75299E-1 2.65294E-1 2.19435E-1 1.63539E-1 1.66509E-1 1.60083E-1 1.3504E-1 1.79705E-1 1.79132E-1 1.46833E-1 1.22173E-1 1.29366E-1 5.89576E-2 8.02291E-2 5.90829E-2 8.37026E-2 4.1832E-2 8.78715E-2 9.85474E-2 1.08172E-1 1.2295E-1 1.24123E-1 1.13182E-1 1.50446E-1 1.73587E-1 1.34277E-1 1.09954E-1 1.46286E-1 1.19666E-1 1.46973E-1 1.1944E-1 1.06253E-1 1.46483E-1 1.26255E-1 1.19789E-1 8.96237E-2 1.10682E-1 1.36525E-1 1.57456E-1 1.7263E-1 1.79097E-1
-9999 -9999 -9999 -9999 -9999 -9999 -9999 -9999 -9999 -9999 -9999 -9999 -9999 -9999 -9999 -9999 -9999 -9999 -9999 -9999 -9999 -9999 3.58983E-1 3.60274E-1 3.56549E-1 3.23317E-1 3.50545E-1 3.34978E-1 3.3511E-1 3.08918E-1 2.98769E-1 2.95722E-1 2.68806E-1 2.50487E-1 1.82733E-1 1.9009E-1 2.3175E-1 2.05833E-1 2.21761E-1 1.4123E-1 1.59431E-1 1.35722E-1 1.43846E-1 1.25602E-1 8.67447E-2 6.73321E-2 8.31218E-2 4.71906E-2 9.89728E-2 1.17548E-1 8.07918E-2 1.26468E-1 1.5941E-1 1.44628E-1 1.34689E-1 1.47683E-1 1.14115E-1 9.58789E-2 1.29991E-1 1.13006E-1 1.2288E-1 1.36803E-1 1.22291E-1 1.61326E-1 1.78914E-1 1.80563E-1 1.64993E-1 1.65527E-1 1.78962E-1 2.11516E-1 2.29951E-1 2.35402E-1
-9999 -9999 -9999 -9999 -9999 -9999 -9999 -9999 -9999 -9999 -9999 -9999 -9999 -9999 -9999 -9999 -9999 -9999 -9999 -9999 -9999 3.69512E-1 3.74018E-1 3.73669E-1 3.50746E-1 3.47653E-1 3.57587E-1 3.2876E-1 3.10522E-1 2.94592E-1 3.02001E-1 2.95135E-1 2.9096E-1 2.67612E-1 2.66707E-1 2.6017E-1 2.26729E-1 1.29121E-1 1.47222E-1 2.137E-1 1.63497E-1 1.6794E-1 1.44524E-1 1.40775E-1 1.46909E-1 1.34824E-1 1.12598E-1 6.01732E-2 1.01199E-1 1.14123E-1 1.36063E-1 1.17947E-1 1.26525E-1 1.63365E-1 1.56419E-1 1.5747E-1 1.65733E-1 1.38564E-1 1.30461E-1 1.60475E-1 1.4113E-1 1.62343E-1 1.32264E-1 1.63544E-1 1.61388E-1 1.81517E-1 2.21204E-1 2.43237E-1 2.53812E-1 2.57156E-1 2.59405E-1 2.76439E-1
-9999 -9999 -9999 -9999 -9999 -9999 -9999 -9999 -9999 -9999 -9999 -9999 -9999 -9999 -9999 -9999 4.32594E-1 4.35971E-1 -9999 -9999 -9999 3.7188E-1 3.6504E-1 3.60607E-1 3.57513E-1 3.60441E-1 3.50507E-1 3.33132E-1 3.10788E-1 3.01479E-1 2.93615E-1 2.99218E-1 2.97592E-1 2.98367E-1 2.73241E-1 2.44806E-1 1.90468E-1 6.8559E-2 1.53964E-1 1.81082E-1 1.22032E-1 1.49806E-1 1.43442E-1 1.40783E-1 1.13646E-1 1.32784E-1 1.09974E-1 8.30252E-2 1.10197E-1 1.17365E-1 1.50334E-1 1.42448E-1 1.69353E-1 1.94363E-1 2.07737E-1 2.05476E-1 2.06405E-1 2.07136E-1 2.22188E-1 2.16584E-1 2.26186E-1 2.21482E-1 2.13011E-1 2.26186E-1 2.40348E-1 2.40348E-1 2.43237E-1 2.56037E-1 2.75253E-1 2.72894E-1 2.82077E-1 2.89042E-1
-9999 -9999 -9999 -9999 -9999 -9999 -9999 -9999 -9999 -9999 -9999 -9999 -9999 -9999 -9999 -9999 4.1407E-1 4.12826E-1 3.93072E-1 4.33409E-1 -9999 -9999 3.71979E-1 3.69484E-1 3.66559E-1 3.60599E-1 3.52379E-1 3.42907E-1 3.03822E-1 3.06863E-1 3.09732E-1 3.06506E-1 2.93087E-1 3.10848E-1 2.89999E-1 2.50766E-1 2.11275E-1 1.37612E-1 1.34621E-1 1.29527E-1 1.27243E-1 1.15779E-1 1.52269E-1 1.0971E-1 1.20441E-1 1.1379E-1 6.59683E-2 1.01708E-1 1.06106E-1 1.36155E-1 1.61197E-1 2.04685E-1 2.12463E-1 2.1993E-1 2.22188E-1 2.33025E-1 2.33025E-1 2.14245E-1 2.15353E-1 2.3406E-1 2.30238E-1 2.34601E-1 2.35396E-1 2.49723E-1 2.5413E-1 2.55242E-1 2.56358E-1 2.74071E-1 2.69385E-1 2.95247E-1 3.05015E-1 3.16731E-1
