Artocarpus altilis SDM files/MIS19/results (without bias file)/Artalt_5.asc
ncols         1201
nrows         481
xllcorner     119.99986351115
yllcorner     -15.00013828885
cellsize      0.041666667
NODATA_value  -9999
[rows 160 to 191 of 481, columns 432 to 503 of 1201]
2.8561E-1 2.86742E-1 2.87878E-1 2.85917E-1 2.91618E-1 2.43386E-1 2.51161E-1 -9999 -9999 -9999 -9999 -9999 -9999 -9999 -9999 -9999 -9999 -9999 -9999 2.2958E-1 -9999 -9999 -9999 -9999 -9999 -9999 -9999 -9999 -9999 -9999 -9999 -9999 -9999 -9999 -9999 -9999 -9999 -9999 -9999 -9999 -9999 -9999 -9999 -9999 -9999 -9999 -9999 -9999 -9999 -9999 -9999 -9999 -9999 -9999 -9999 -9999 -9999 -9999 -9999 -9999 -9999 -9999 -9999 -9999 -9999 -9999 -9999 -9999 -9999 -9999 -9999 -9999
2.79191E-1 2.79191E-1 2.81419E-1 2.82538E-1 2.82842E-1 2.81722E-1 2.85093E-1 2.49404E-1 2.67906E-1 -9999 -9999 -9999 -9999 -9999 -9999 -9999 -9999 -9999 2.39647E-1 2.63522E-1 -9999 -9999 -9999 -9999 -9999 -9999 -9999 -9999 -9999 -9999 -9999 -9999 -9999 -9999 -9999 -9999 -9999 -9999 -9999 -9999 -9999 -9999 -9999 -9999 -9999 -9999 -9999 -9999 -9999 -9999 -9999 -9999 -9999 -9999 -9999 -9999 -9999 -9999 -9999 -9999 -9999 -9999 -9999 -9999 -9999 -9999 -9999 -9999 -9999 -9999 -9999 -9999
3.36651E-1 3.39221E-1 3.47014E-1 3.4964E-1 3.42156E-1 3.50958E-1 3.36066E-1 2.86224E-1 3.00925E-1 3.04474E-1 3.14981E-1 2.62578E-1 -9999 -9999 -9999 -9999 -9999 -9999 -9999 -9999 -9999 -9999 -9999 -9999 -9999 -9999 -9999 -9999 -9999 -9999 -9999 -9999 -9999 -9999 -9999 -9999 -9999 -9999 -9999 -9999 -9999 -9999 -9999 -9999 -9999 -9999 -9999 -9999 -9999 -9999 -9999 -9999 -9999 -9999 -9999 -9999 -9999 -9999 -9999 -9999 -9999 -9999 -9999 -9999 -9999 -9999 -9999 -9999 -9999 -9999 -9999 -9999
3.69395E-1 3.27771E-1 3.40511E-1 3.81848E-1 3.53245E-1 3.69041E-1 3.8045E-1 3.57603E-1 3.60285E-1 3.59306E-1 3.64335E-1 3.67422E-1 3.03931E-1 3.07507E-1 3.15976E-1 3.23711E-1 -9999 -9999 -9999 -9999 -9999 -9999 -9999 -9999 -9999 -9999 -9999 -9999 -9999 -9999 -9999 -9999 -9999 -9999 -9999 -9999 -9999 -9999 -9999 -9999 -9999 -9999 -9999 -9999 -9999 -9999 -9999 -9999 -9999 -9999 -9999 -9999 -9999 -9999 -9999 -9999 -9999 -9999 -9999 -9999 -9999 -9999 -9999 -9999 -9999 -9999 -9999 -9999 -9999 -9999 -9999 -9999
3.59827E-1 3.65229E-1 3.84271E-1 3.93801E-1 4.11844E-1 4.07369E-1 4.10294E-1 4.23208E-1 4.19144E-1 4.26608E-1 4.1855E-1 4.23421E-1 3.82625E-1 3.76039E-1 3.66799E-1 3.63097E-1 3.10563E-1 2.73414E-1 -9999 -9999 -9999 -9999 -9999 -9999 -9999 -9999 -9999 -9999 -9999 -9999 -9999 -9999 -9999 -9999 -9999 -9999 -9999 -9999 -9999 -9999 -9999 -9999 -9999 -9999 -9999 -9999 -9999 -9999 -9999 -9999 -9999 -9999 -9999 -9999 -9999 -9999 -9999 -9999 -9999 -9999 -9999 -9999 -9999 -9999 -9999 -9999 -9999 -9999 -9999 -9999 -9999 -9999
3.2391E-1 3.28088E-1 3.63874E-1 3.93333E-1 4.0336E-1 4.07329E-1 3.77847E-1 3.88726E-1 3.94376E-1 3.57513E-1 3.26845E-1 4.03485E-1 3.79058E-1 3.87718E-1 4.02945E-1 3.75406E-1 3.65177E-1 3.11209E-1 2.82262E-1 -9999 -9999 -9999 -9999 -9999 -9999 -9999 -9999 -9999 -9999 -9999 -9999 -9999 -9999 -9999 -9999 -9999 -9999 -9999 -9999 -9999 -9999 -9999 -9999 -9999 -9999 -9999 -9999 -9999 -9999 -9999 -9999 -9999 -9999 -9999 -9999 -9999 -9999 -9999 -9999 -9999 -9999 -9999 -9999 -9999 -9999 -9999 -9999 -9999 -9999 -9999 -9999 -9999
3.79693E-1 3.8063E-1 3.73063E-1 3.91908E-1 3.76122E-1 3.59428E-1 3.13169E-1 3.53765E-1 2.82828E-1 2.51874E-1 3.58202E-1 2.87691E-1 3.37861E-1 4.0247E-1 4.0975E-1 4.19081E-1 3.85172E-1 3.81714E-1 3.77746E-1 3.32511E-1 -9999 -9999 -9999 -9999 -9999 -9999 -9999 -9999 -9999 -9999 -9999 -9999 -9999 -9999 -9999 -9999 -9999 -9999 -9999 -9999 -9999 -9999 -9999 -9999 -9999 -9999 -9999 -9999 -9999 -9999 -9999 -9999 -9999 -9999 -9999 -9999 -9999 -9999 -9999 -9999 -9999 -9999 -9999 -9999 -9999 -9999 -9999 -9999 -9999 -9999 -9999 -9999
3.65153E-1 3.89028E-1 3.62812E-1 3.61829E-1 3.61829E-1 3.58124E-1 3.12285E-1 2.35554E-1 2.08338E-1 2.53402E-1 3.22161E-1 2.66677E-1 3.50012E-1 3.71473E-1 3.89645E-1 3.87032E-1 4.11698E-1 4.36709E-1 4.06263E-1 4.17616E-1 3.72445E-1 3.66969E-1 3.35563E-1 3.13794E-1 3.08085E-1 -9999 -9999 -9999 -9999 -9999 -9999 -9999 -9999 -9999 -9999 -9999 -9999 -9999 -9999 -9999 -9999 -9999 -9999 -9999 -9999 -9999 -9999 -9999 -9999 -9999 -9999 -9999 -9999 -9999 -9999 -9999 -9999 -9999 -9999 -9999 -9999 -9999 -9999 -9999 -9999 -9999 -9999 -9999 -9999 -9999 -9999 -9999
2.79281E-1 3.08083E-1 2.914E-1 3.12941E-1 3.03119E-1 3.14512E-1 3.42033E-1 2.7655E-1 2.01215E-1 2.13616E-1 2.35204E-1 3.12304E-1 3.23162E-1 3.38584E-1 3.05732E-1 3.54859E-1 4.01096E-1 4.4805E-1 4.99254E-1 5.11918E-1 4.1227E-1 4.67725E-1 4.37555E-1 3.6845E-1 3.79486E-1 3.32434E-1 -9999 3.23635E-1 -9999 -9999 -9999 -9999 -9999 -9999 -9999 -9999 -9999 -9999 -9999 -9999 -9999 -9999 -9999 -9999 -9999 -9999 -9999 -9999 -9999 -9999 -9999 -9999 -9999 -9999 -9999 -9999 -9999 -9999 -9999 -9999 -9999 -9999 -9999 -9999 -9999 -9999 -9999 -9999 -9999 -9999 -9999 -9999
3.04535E-1 2.59146E-1 2.33724E-1 2.14769E-1 2.94894E-1 2.88225E-1 3.48237E-1 3.09027E-1 2.87437E-1 1.75052E-1 2.27922E-1 2.53259E-1 3.48669E-1 3.61581E-1 3.00421E-1 3.06944E-1 3.64925E-1 4.39214E-1 5.02729E-1 3.03123E-1 2.34195E-1 4.26379E-1 4.72907E-1 4.75348E-1 4.39493E-1 3.83301E-1 3.98934E-1 3.30245E-1 -9999 3.54526E-1 3.58894E-1 -9999 -9999 -9999 -9999 -9999 -9999 -9999 -9999 -9999 -9999 -9999 -9999 -9999 -9999 -9999 -9999 -9999 -9999 -9999 -9999 -9999 -9999 -9999 -9999 -9999 -9999 -9999 -9999 -9999 -9999 -9999 -9999 -9999 -9999 -9999 -9999 -9999 -9999 -9999 -9999 -9999
3.11401E-1 3.09284E-1 2.97154E-1 2.27247E-1 2.03173E-1 2.77584E-1 3.1693E-1 3.36292E-1 3.31816E-1 2.23579E-1 1.97746E-1 2.29662E-1 3.04782E-1 3.24685E-1 3.32145E-1 3.16002E-1 3.30918E-1 4.13801E-1 4.7418E-1 1.94639E-1 3.64999E-1 4.46628E-1 4.79921E-1 4.63219E-1 4.8892E-1 5.01468E-1 4.62728E-1 4.66718E-1 4.03662E-1 3.55857E-1 -9999 -9999 -9999 -9999 -9999 -9999 -9999 -9999 -9999 -9999 -9999 -9999 -9999 -9999 -9999 -9999 -9999 -9999 -9999 -9999 -9999 -9999 -9999 -9999 -9999 -9999 -9999 -9999 -9999 -9999 -9999 -9999 -9999 -9999 -9999 -9999 -9999 -9999 -9999 -9999 -9999 -9999
2.70299E-1 2.87142E-1 2.85153E-1 2.67846E-1 1.61851E-1 1.59109E-1 2.55622E-1 3.39209E-1 3.34395E-1 2.63554E-1 1.64511E-1 1.53525E-1 2.28746E-1 1.77684E-1 2.61415E-1 3.39561E-1 2.98017E-1 3.74507E-1 3.98925E-1 2.80592E-1 3.84302E-1 4.58211E-1 4.69216E-1 4.40006E-1 4.78013E-1 5.22433E-1 5.11213E-1 5.09343E-1 4.76974E-1 4.0949E-1 3.69988E-1 3.75494E-1 -9999 -9999 3.4713E-1 3.48442E-1 3.49757E-1 -9999 -9999 -9999 -9999 -9999 -9999 -9999 -9999 -9999 -9999 -9999 -9999 -9999 -9999 -9999 -9999 -9999 -9999 -9999 -9999 -9999 -9999 -9999 -9999 -9999 -9999 -9999 -9999 -9999 -9999 -9999 -9999 -9999 -9999 -9999
2.75753E-1 2.40328E-1 2.31503E-1 2.82524E-1 2.22926E-1 1.90384E-1 1.66664E-1 2.74309E-1 3.20236E-1 2.83732E-1 2.38129E-1 2.0295E-1 2.20705E-1 1.84783E-1 2.08404E-1 2.56559E-1 2.47907E-1 3.29644E-1 3.48957E-1 3.82209E-1 4.29362E-1 4.49684E-1 4.55894E-1 4.52062E-1 4.96047E-1 5.11966E-1 5.26877E-1 5.1451E-1 5.12346E-1 5.17589E-1 5.00742E-1 4.32907E-1 4.4932E-1 4.00948E-1 -9999 -9999 4.22298E-1 -9999 -9999 -9999 -9999 -9999 -9999 -9999 -9999 -9999 -9999 -9999 -9999 -9999 -9999 -9999 -9999 -9999 -9999 -9999 -9999 -9999 -9999 -9999 -9999 -9999 -9999 -9999 -9999 -9999 -9999 -9999 -9999 -9999 -9999 -9999
2.69933E-1 2.49979E-1 2.60124E-1 2.14192E-1 2.23705E-1 1.69658E-1 1.90533E-1 1.53574E-1 2.63482E-1 3.20864E-1 3.15354E-1 2.79753E-1 2.45036E-1 2.70101E-1 2.12645E-1 1.95467E-1 2.57614E-1 3.13474E-1 2.86175E-1 3.47009E-1 3.94902E-1 4.85859E-1 4.92271E-1 4.85079E-1 5.18076E-1 5.40532E-1 5.54036E-1 5.25571E-1 4.82863E-1 5.20358E-1 5.46329E-1 5.10574E-1 5.37935E-1 5.42979E-1 4.7283E-1 4.04237E-1 4.45723E-1 -9999 -9999 -9999 -9999 -9999 -9999 -9999 -9999 -9999 -9999 -9999 -9999 -9999 -9999 -9999 -9999 -9999 -9999 -9999 -9999 -9999 -9999 -9999 -9999 -9999 -9999 -9999 -9999 -9999 -9999 -9999 -9999 -9999 -9999 -9999
1.91838E-1 2.31167E-1 2.7573E-1 2.57844E-1 2.04315E-1 2.20959E-1 2.08352E-1 2.37785E-1 2.49355E-1 3.11114E-1 3.19031E-1 3.22111E-1 3.17598E-1 2.56209E-1 2.72102E-1 1.95873E-1 1.96712E-1 2.57631E-1 2.56082E-1 2.48279E-1 3.81487E-1 4.65925E-1 4.71008E-1 4.05084E-1 3.45654E-1 3.5744E-1 3.01025E-1 2.61927E-1 2.33263E-1 4.69342E-1 4.99793E-1 5.46233E-1 6.17668E-1 6.44418E-1 6.34974E-1 5.56963E-1 4.78039E-1 4.44185E-1 -9999 -9999 -9999 -9999 -9999 -9999 -9999 -9999 -9999 -9999 -9999 -9999 -9999 -9999 -9999 -9999 -9999 -9999 -9999 -9999 -9999 -9999 -9999 -9999 -9999 -9999 -9999 -9999 -9999 -9999 -9999 -9999 -9999 -9999
2.56735E-1 2.43965E-1 2.22314E-1 1.81581E-1 1.63963E-1 1.87996E-1 2.24646E-1 2.11858E-1 2.59623E-1 2.72607E-1 3.21501E-1 3.31951E-1 3.31925E-1 3.1231E-1 2.79632E-1 2.23492E-1 2.65329E-1 2.85236E-1 3.09389E-1 3.27187E-1 3.78697E-1 3.44406E-1 2.55602E-1 2.02101E-1 1.88351E-1 2.06405E-1 2.69368E-1 3.02646E-1 3.4418E-1 4.21249E-1 3.9789E-1 5.08258E-1 5.6608E-1 6.15792E-1 5.36506E-1 4.74417E-1 5.76309E-1 4.84447E-1 4.35024E-1 4.63973E-1 -9999 -9999 -9999 -9999 -9999 -9999 -9999 -9999 -9999 -9999 -9999 -9999 -9999 -9999 -9999 -9999 -9999 -9999 -9999 -9999 -9999 -9999 -9999 -9999 -9999 -9999 -9999 -9999 -9999 -9999 -9999 -9999
3.12268E-1 2.8745E-1 2.17922E-1 2.00502E-1 1.58586E-1 1.73695E-1 1.86565E-1 1.46702E-1 2.45189E-1 2.25905E-1 2.48016E-1 3.15151E-1 3.05428E-1 3.40065E-1 2.71827E-1 2.03132E-1 2.58321E-1 3.45692E-1 3.67006E-1 3.8638E-1 4.02585E-1 3.99208E-1 3.97791E-1 3.82219E-1 3.67751E-1 3.95683E-1 4.21204E-1 4.52335E-1 4.64839E-1 4.73526E-1 4.49297E-1 4.8955E-1 5.57621E-1 5.67785E-1 5.60609E-1 5.39958E-1 4.80014E-1 5.78892E-1 4.95318E-1 5.07938E-1 4.59267E-1 4.68275E-1 -9999 -9999 -9999 -9999 -9999 -9999 -9999 6.85407E-1 6.51276E-1 6.21799E-1 -9999 -9999 -9999 -9999 -9999 -9999 -9999 -9999 -9999 -9999 -9999 -9999 -9999 -9999 -9999 -9999 -9999 -9999 -9999 -9999
2.99559E-1 2.5379E-1 2.22018E-1 2.40691E-1 1.71713E-1 1.50563E-1 1.49946E-1 1.54837E-1 1.5395E-1 1.75782E-1 2.22369E-1 2.38293E-1 2.72806E-1 2.94198E-1 2.51259E-1 2.0886E-1 2.61465E-1 3.37909E-1 3.52989E-1 3.81854E-1 3.68316E-1 3.57344E-1 3.74309E-1 3.71815E-1 4.20425E-1 4.26171E-1 4.52408E-1 4.90747E-1 4.45853E-1 4.76001E-1 4.9935E-1 5.33153E-1 5.02298E-1 5.9387E-1 6.07619E-1 5.20374E-1 5.14082E-1 5.55921E-1 5.88507E-1 6.06998E-1 6.15639E-1 5.43646E-1 5.73288E-1 5.13833E-1 5.33325E-1 5.56465E-1 5.82066E-1 6.97945E-1 7.35225E-1 7.91973E-1 7.68076E-1 7.54589E-1 6.48995E-1 -9999 -9999 -9999 -9999 -9999 -9999 -9999 -9999 -9999 -9999 -9999 -9999 -9999 -9999 -9999 -9999 -9999 -9999 -9999
2.13452E-1 1.64647E-1 1.60474E-1 1.92936E-1 2.50338E-1 1.91589E-1 1.54986E-1 1.63083E-1 1.52992E-1 1.61067E-1 1.53435E-1 1.80291E-1 1.85603E-1 2.23884E-1 2.00279E-1 1.87563E-1 2.673E-1 3.28805E-1 3.31331E-1 3.21853E-1 1.98348E-1 2.65719E-1 2.94399E-1 3.0713E-1 3.95429E-1 4.3741E-1 4.53874E-1 4.58931E-1 4.63635E-1 3.70645E-1 4.27947E-1 4.99701E-1 4.19017E-1 4.85297E-1 5.43683E-1 5.44093E-1 5.28691E-1 5.49661E-1 6.2946E-1 7.0019E-1 6.84372E-1 6.55262E-1 6.21298E-1 6.39866E-1 5.83568E-1 6.07213E-1 6.27966E-1 6.64594E-1 7.94859E-1 8.44566E-1 4.75739E-1 4.51733E-1 5.50395E-1 8.15902E-1 8.18271E-1 -9999 9.09213E-1 9.28067E-1 7.7475E-1 -9999 -9999 -9999 -9999 -9999 -9999 -9999 -9999 -9999 -9999 -9999 -9999 -9999
1.3985E-1 1.47664E-1 1.44821E-1 1.50939E-1 1.96357E-1 1.8276E-1 1.56013E-1 1.59194E-1 1.34237E-1 1.37707E-1 1.56649E-1 1.52938E-1 1.66751E-1 1.5311E-1 1.32812E-1 1.56322E-1 1.68425E-1 1.87203E-1 2.39254E-1 2.8272E-1 2.5945E-1 2.67571E-1 2.44788E-1 3.22527E-1 2.6185E-1 3.82995E-1 4.3355E-1 4.15901E-1 3.9798E-1 4.02307E-1 3.87622E-1 4.08491E-1 4.31727E-1 4.63845E-1 5.44453E-1 5.76234E-1 5.48649E-1 5.17419E-1 5.4213E-1 6.62856E-1 5.8319E-1 5.6411E-1 6.46619E-1 6.79056E-1 6.63591E-1 6.88425E-1 6.87179E-1 7.12208E-1 7.52325E-1 8.44272E-1 5.52528E-1 5.83519E-1 5.03294E-1 5.35961E-1 6.87851E-1 7.77116E-1 9.10559E-1 7.0023E-1 5.15817E-1 8.14557E-1 8.6441E-1 9.32182E-1 9.22043E-1 8.01957E-1 -9999 -9999 -9999 -9999 -9999 -9999 -9999 -9999
1.39527E-1 1.43529E-1 1.47975E-1 1.60485E-1 1.82129E-1 1.82129E-1 1.39296E-1 1.30886E-1 1.26673E-1 1.30337E-1 1.31479E-1 1.45859E-1 1.40401E-1 1.29823E-1 1.40042E-1 1.6227E-1 1.45509E-1 1.66837E-1 1.74834E-1 1.65485E-1 1.9632E-1 1.79954E-1 2.10063E-1 2.27392E-1 2.65226E-1 3.43436E-1 3.52119E-1 2.99473E-1 3.9214E-1 3.32883E-1 2.69E-1 3.51158E-1 3.81468E-1 4.7085E-1 5.52805E-1 5.22653E-1 4.32888E-1 4.67777E-1 4.74117E-1 6.05523E-1 6.24024E-1 5.78559E-1 6.59457E-1 6.10806E-1 6.90016E-1 7.2014E-1 7.18918E-1 7.44581E-1 7.70003E-1 7.97608E-1 7.12505E-1 7.38346E-1 6.12034E-1 5.33015E-1 4.60652E-1 5.54958E-1 7.84155E-1 6.7077E-1 5.08093E-1 4.99866E-1 5.40881E-1 5.22731E-1 5.24036E-1 6.35402E-1 7.39583E-1 8.43671E-1 -9999 -9999 -9999 -9999 -9999 -9999
1.32577E-1 1.25107E-1 1.23943E-1 1.32816E-1 1.31733E-1 1.51928E-1 2.22968E-1 1.77819E-1 1.41402E-1 1.40551E-1 1.36697E-1 1.3602E-1 1.35955E-1 1.16011E-1 1.21457E-1 1.44644E-1 1.18181E-1 1.35483E-1 1.32355E-1 1.49693E-1 1.7575E-1 1.71109E-1 1.73017E-1 1.80646E-1 2.52893E-1 2.45926E-1 2.15247E-1 2.13389E-1 3.476E-1 2.87235E-1 2.58429E-1 3.00703E-1 3.27806E-1 3.7637E-1 4.14672E-1 3.93805E-1 3.52969E-1 4.75164E-1 5.74987E-1 5.80447E-1 4.38105E-1 5.83656E-1 6.46004E-1 5.95646E-1 6.70219E-1 7.06469E-1 7.24566E-1 7.51771E-1 7.5987E-1 7.57079E-1 7.8417E-1 8.29768E-1 7.89307E-1 6.2152E-1 4.27913E-1 4.36712E-1 5.38269E-1 7.13519E-1 7.31177E-1 4.96634E-1 3.49981E-1 3.69326E-1 3.45605E-1 3.69127E-1 4.05609E-1 6.39116E-1 5.7338E-1 -9999 -9999 -9999 -9999 -9999
1.2718E-1 1.45169E-1 1.29566E-1 1.1787E-1 1.31383E-1 1.39257E-1 1.806E-1 2.19626E-1 1.65263E-1 1.84488E-1 1.61743E-1 1.50759E-1 1.4878E-1 1.28561E-1 1.34646E-1 1.11561E-1 9.85385E-2 1.20683E-1 1.17064E-1 1.30253E-1 1.28431E-1 1.41566E-1 1.66633E-1 1.80533E-1 1.70968E-1 1.53907E-1 1.59136E-1 1.84712E-1 3.03291E-1 2.88779E-1 3.22163E-1 3.54911E-1 3.9141E-1 3.57354E-1 3.92879E-1 4.10179E-1 3.58938E-1 4.61513E-1 5.82625E-1 4.96166E-1 3.66973E-1 4.75559E-1 6.05847E-1 5.61321E-1 6.71796E-1 5.89901E-1 4.46937E-1 6.46574E-1 7.65812E-1 7.76879E-1 8.02714E-1 8.22221E-1 8.27269E-1 7.8628E-1 5.45915E-1 4.32491E-1 3.77452E-1 4.74362E-1 6.40727E-1 6.90896E-1 7.12223E-1 5.1993E-1 4.02544E-1 3.9445E-1 5.08694E-1 5.6787E-1 -9999 -9999 -9999 -9999 -9999 -9999
1.26586E-1 1.25727E-1 1.55936E-1 1.43932E-1 1.5661E-1 1.36697E-1 1.48034E-1 1.93101E-1 2.25764E-1 2.01412E-1 2.30933E-1 1.98195E-1 1.55288E-1 1.48737E-1 1.61046E-1 1.27588E-1 1.08824E-1 1.32969E-1 1.32634E-1 1.35507E-1 1.49457E-1 1.51296E-1 1.13043E-1 1.19671E-1 1.25868E-1 1.28992E-1 1.50368E-1 1.8108E-1 2.19498E-1 2.34232E-1 2.0406E-1 2.73314E-1 2.31376E-1 3.25318E-1 4.10141E-1 4.79972E-1 4.2905E-1 4.87958E-1 5.08635E-1 5.47277E-1 4.11259E-1 3.66229E-1 4.86466E-1 5.91986E-1 4.68946E-1 5.16197E-1 4.17169E-1 3.66296E-1 5.70128E-1 7.0129E-1 7.39122E-1 7.49412E-1 7.25382E-1 8.10552E-1 7.7617E-1 6.21018E-1 4.65621E-1 5.64022E-1 7.65765E-1 7.9236E-1 8.60568E-1 8.73294E-1 8.34435E-1 7.18011E-1 6.81427E-1 6.91419E-1 8.9687E-1 8.24915E-1 8.63155E-1 8.80981E-1 9.26875E-1 8.87332E-1
1.65122E-1 1.58409E-1 2.02077E-1 2.41527E-1 2.32487E-1 1.81681E-1 1.39292E-1 1.37767E-1 1.99715E-1 2.48375E-1 2.43215E-1 2.31254E-1 2.16644E-1 1.73951E-1 1.42738E-1 1.17333E-1 1.39072E-1 1.40878E-1 1.32521E-1 1.52963E-1 1.50548E-1 1.57857E-1 1.36789E-1 1.41764E-1 1.42643E-1 1.55187E-1 1.64132E-1 1.68046E-1 1.72417E-1 1.71201E-1 1.90814E-1 2.15278E-1 1.93167E-1 2.21022E-1 2.35662E-1 3.65876E-1 4.34234E-1 4.85891E-1 5.15557E-1 4.93794E-1 4.55471E-1 3.6411E-1 5.06093E-1 4.57536E-1 4.77028E-1 3.80152E-1 3.12501E-1 2.89204E-1 4.19186E-1 3.98637E-1 4.3765E-1 3.89004E-1 3.9272E-1 6.142E-1 7.19549E-1 8.25451E-1 8.07445E-1 7.3789E-1 7.47679E-1 7.46335E-1 8.53057E-1 8.39643E-1 8.45027E-1 6.09061E-1 6.11107E-1 7.29283E-1 8.38496E-1 8.80132E-1 8.26186E-1 8.85031E-1 9.02671E-1 6.31486E-1
1.8085E-1 1.85637E-1 2.0349E-1 1.9706E-1 1.73751E-1 1.83182E-1 1.7801E-1 1.96945E-1 1.61672E-1 2.07524E-1 2.61239E-1 2.55351E-1 2.41418E-1 2.13494E-1 2.03409E-1 1.69574E-1 1.58605E-1 1.46631E-1 1.45741E-1 1.57841E-1 1.52327E-1 1.53985E-1 1.37768E-1 1.56032E-1 1.63973E-1 1.61804E-1 1.74298E-1 1.72334E-1 1.8975E-1 2.00457E-1 2.24082E-1 2.02558E-1 1.98151E-1 2.09863E-1 2.6263E-1 3.4701E-1 4.17226E-1 4.30069E-1 3.68184E-1 4.30602E-1 4.51182E-1 3.49059E-1 3.99045E-1 3.85134E-1 4.17893E-1 3.89738E-1 3.32168E-1 2.95041E-1 3.15257E-1 3.58158E-1 4.13944E-1 4.17315E-1 3.76118E-1 3.95962E-1 4.32034E-1 6.36882E-1 7.36588E-1 6.15846E-1 6.01979E-1 5.42869E-1 6.30018E-1 6.84426E-1 7.94003E-1 6.73766E-1 6.47688E-1 5.96957E-1 7.29571E-1 8.9041E-1 8.98134E-1 8.98134E-1 9.06442E-1 8.81332E-1
1.72094E-1 1.89732E-1 1.98442E-1 2.21456E-1 2.22375E-1 2.41638E-1 2.33314E-1 2.3174E-1 2.42562E-1 2.45377E-1 1.87133E-1 2.48047E-1 2.58802E-1 2.53638E-1 2.5416E-1 2.51951E-1 2.30493E-1 1.69921E-1 1.64176E-1 1.61894E-1 1.59124E-1 1.39138E-1 1.44533E-1 1.63219E-1 1.65817E-1 1.67849E-1 1.97542E-1 2.11246E-1 2.68623E-1 2.78436E-1 2.97925E-1 2.89674E-1 2.74958E-1 2.62273E-1 2.396E-1 2.57932E-1 3.32019E-1 3.89231E-1 2.90158E-1 2.43529E-1 2.66647E-1 3.64841E-1 2.69769E-1 3.05466E-1 3.33284E-1 3.00726E-1 3.37687E-1 2.84695E-1 2.84419E-1 3.23668E-1 3.75278E-1 4.01382E-1 4.10255E-1 3.86924E-1 3.88446E-1 4.10453E-1 6.34907E-1 6.44829E-1 5.20688E-1 5.31691E-1 5.48674E-1 5.92115E-1 6.85407E-1 7.42412E-1 7.20888E-1 6.77538E-1 6.88044E-1 8.39663E-1 8.82547E-1 8.54108E-1 7.54332E-1 7.29414E-1
2.20991E-1 2.48607E-1 2.44101E-1 2.62025E-1 2.74371E-1 2.77672E-1 2.80438E-1 2.84369E-1 2.85497E-1 3.06368E-1 2.64346E-1 2.12615E-1 1.76725E-1 1.95787E-1 2.01988E-1 2.36871E-1 2.36871E-1 2.15774E-1 2.40964E-1 2.04987E-1 1.88609E-1 1.67746E-1 1.74704E-1 1.81535E-1 2.02178E-1 2.29924E-1 2.71485E-1 2.95954E-1 3.33193E-1 3.20294E-1 3.03591E-1 3.07349E-1 3.3302E-1 3.35569E-1 3.29665E-1 3.65396E-1 3.93301E-1 4.37272E-1 2.64448E-1 2.65061E-1 3.34473E-1 3.26397E-1 2.78654E-1 2.96531E-1 3.18381E-1 3.15632E-1 3.26746E-1 2.75403E-1 2.89978E-1 3.02698E-1 3.24571E-1 3.40071E-1 3.78428E-1 4.23023E-1 4.17717E-1 4.31014E-1 4.75721E-1 5.15893E-1 5.8672E-1 6.70875E-1 6.9037E-1 6.59192E-1 6.93649E-1 7.40109E-1 8.07414E-1 7.95376E-1 8.45806E-1 8.46285E-1 8.24251E-1 5.74412E-1 4.32889E-1 5.21125E-1
2.29987E-1 2.60972E-1 2.72188E-1 2.71102E-1 2.91166E-1 2.87162E-1 2.96358E-1 2.97523E-1 3.20943E-1 3.29668E-1 3.38566E-1 3.02229E-1 2.8494E-1 2.51813E-1 2.05967E-1 2.10609E-1 2.1232E-1 2.27374E-1 2.6111E-1 2.60059E-1 2.50119E-1 2.69106E-1 2.45929E-1 2.53687E-1 2.7508E-1 3.14168E-1 2.95562E-1 3.0376E-1 3.0953E-1 2.95203E-1 2.82861E-1 3.10567E-1 3.07957E-1 2.91188E-1 2.88917E-1 3.42438E-1 3.82226E-1 4.53229E-1 4.0637E-1 3.68257E-1 3.24784E-1 3.35757E-1 2.68075E-1 2.90533E-1 3.24777E-1 3.40738E-1 3.75032E-1 3.16993E-1 3.10194E-1 2.95647E-1 3.6531E-1 4.22891E-1 4.19852E-1 4.03732E-1 4.0156E-1 4.16714E-1 3.89841E-1 3.85827E-1 4.6215E-1 5.38747E-1 5.68522E-1 6.39083E-1 7.06913E-1 7.94172E-1 8.12162E-1 7.95506E-1 8.41328E-1 8.59025E-1 8.42743E-1 6.25037E-1 5.03519E-1 4.88446E-1
2.85489E-1 2.84916E-1 2.89457E-1 2.90602E-1 2.84343E-1 3.11164E-1 3.11164E-1 3.08755E-1 3.21552E-1 3.50278E-1 3.47628E-1 3.30289E-1 3.23413E-1 3.28417E-1 3.01638E-1 2.5561E-1 1.99764E-1 2.20112E-1 2.57969E-1 2.76332E-1 2.77435E-1 2.95723E-1 2.9321E-1 2.74523E-1 3.05736E-1 3.25963E-1 3.29092E-1 3.37326E-1 3.22755E-1 3.26477E-1 3.35763E-1 3.11962E-1 3.50671E-1 3.05988E-1 3.10381E-1 3.39217E-1 3.48766E-1 4.08362E-1 3.92819E-1 3.5133E-1 2.98713E-1 2.63931E-1 2.52428E-1 2.84511E-1 3.24336E-1 3.68078E-1 3.57787E-1 3.16038E-1 2.83939E-1 3.28293E-1 3.43566E-1 3.80713E-1 4.13587E-1 3.94415E-1 3.39214E-1 3.86242E-1 4.349E-1 4.0796E-1 3.35061E-1 4.69524E-1 5.5295E-1 5.63022E-1 6.30695E-1 7.5107E-1 7.93046E-1 8.0199E-1 8.32238E-1 8.35144E-1 8.1442E-1 7.00376E-1 4.97946E-1 3.98398E-1
2.98108E-1 2.81546E-1 2.88317E-1 3.09365E-1 3.03396E-1 3.03979E-1 3.14186E-1 3.3028E-1 3.41794E-1 3.44392E-1 3.45033E-1 3.43731E-1 3.32823E-1 3.34095E-1 3.22171E-1 3.29677E-1 3.20333E-1 2.44503E-1 2.13887E-1 2.75232E-1 2.95818E-1 3.11188E-1 2.90345E-1 2.96116E-1 3.11108E-1 3.41819E-1 3.69768E-1 3.52947E-1 3.53621E-1 3.72523E-1 3.4891E-1 3.44361E-1 3.48263E-1 3.05184E-1 3.4286E-1 3.64684E-1 3.54417E-1 3.88884E-1 3.51171E-1 2.98714E-1 2.74476E-1 2.26186E-1 2.58562E-1 2.6718E-1 2.80048E-1 3.39094E-1 3.49157E-1 2.99579E-1 3.17224E-1 3.05078E-1 2.90021E-1 2.99743E-1 4.05604E-1 4.40892E-1 4.22352E-1 3.98126E-1 4.22233E-1 4.54289E-1 3.73536E-1 4.39951E-1 3.94857E-1 4.73104E-1 6.97953E-1 6.90523E-1 7.02333E-1 7.64134E-1 8.18978E-1 8.06527E-1 8.02811E-1 7.88612E-1 7.76264E-1 7.18817E-1
3.03998E-1 3.05773E-1 3.02212E-1 3.00435E-1 3.25275E-1 3.33459E-1 3.44392E-1 3.35362E-1 3.41794E-1 3.38557E-1 3.43071E-1 3.46983E-1 3.46339E-1 3.46983E-1 3.57571E-1 3.41146E-1 3.39229E-1 3.36029E-1 3.14662E-1 2.63828E-1 3.07E-1 3.05815E-1 3.01673E-1 3.10612E-1 3.00417E-1 2.898E-1 3.24713E-1 3.26579E-1 3.4705E-1 3.55626E-1 3.47059E-1 3.57639E-1 3.50334E-1 3.73232E-1 3.88356E-1 3.83132E-1 2.92599E-1 3.28211E-1 3.66153E-1 2.84495E-1 2.17043E-1 2.24951E-1 2.42939E-1 2.27361E-1 2.59297E-1 3.31451E-1 3.59473E-1 3.34422E-1 3.24914E-1 2.93338E-1 3.19647E-1 3.06859E-1 3.85255E-1 3.64452E-1 3.88557E-1 3.61571E-1 3.75876E-1 3.53004E-1 3.29324E-1 3.43807E-1 4.23427E-1 4.78089E-1 6.21352E-1 5.55859E-1 5.94817E-1 6.48373E-1 7.59649E-1 7.91383E-1 7.98018E-1 7.78898E-1 7.71722E-1 7.51355E-1
