Artocarpus altilis SDM files/MIS19/results (without bias file)/Artalt_9.asc
ncols         1201
nrows         481
xllcorner     119.99986351115
yllcorner     -15.00013828885
cellsize      0.041666667
NODATA_value  -9999
[rows 192 to 223 of 481, columns 504 to 575 of 1201]
7.8719E-1 7.51204E-1 7.54725E-1 7.32961E-1 7.04184E-1 7.25827E-1 7.57345E-1 7.51642E-1 7.84378E-1 8.06138E-1 7.63329E-1 7.74417E-1 7.43188E-1 7.05733E-1 6.21366E-1 5.23828E-1 4.9598E-1 5.24386E-1 5.42181E-1 5.99595E-1 6.0031E-1 6.80507E-1 8.11708E-1 8.44638E-1 8.3632E-1 8.30166E-1 -9999 -9999 -9999 -9999 -9999 -9999 -9999 -9999 -9999 -9999 -9999 -9999 -9999 -9999 -9999 -9999 -9999 -9999 -9999 -9999 -9999 -9999 -9999 -9999 -9999 -9999 -9999 -9999 -9999 -9999 -9999 -9999 -9999 -9999 -9999 -9999 -9999 -9999 -9999 -9999 -9999 -9999 -9999 -9999 -9999 -9999
7.98521E-1 7.56562E-1 7.3715E-1 7.14182E-1 6.61163E-1 6.83502E-1 7.32976E-1 7.72952E-1 7.88695E-1 7.7513E-1 7.53312E-1 7.64424E-1 7.19842E-1 7.23866E-1 6.88744E-1 6.84135E-1 6.22559E-1 6.42767E-1 6.92951E-1 7.1087E-1 7.36953E-1 7.15716E-1 7.1087E-1 8.01367E-1 8.15521E-1 8.28457E-1 8.30134E-1 -9999 -9999 -9999 -9999 -9999 -9999 -9999 -9999 -9999 -9999 -9999 -9999 -9999 -9999 -9999 -9999 -9999 -9999 -9999 -9999 -9999 -9999 -9999 -9999 -9999 -9999 -9999 -9999 -9999 -9999 -9999 -9999 -9999 -9999 -9999 -9999 -9999 -9999 -9999 -9999 -9999 -9999 -9999 -9999 -9999
6.82327E-1 7.15906E-1 7.35018E-1 7.2066E-1 7.08528E-1 7.0417E-1 7.389E-1 7.69337E-1 7.7847E-1 7.8091E-1 7.67155E-1 7.61401E-1 7.01006E-1 7.3756E-1 7.62674E-1 7.40176E-1 6.74116E-1 6.9755E-1 7.20366E-1 7.14788E-1 7.6401E-1 7.73177E-1 7.90376E-1 8.04681E-1 8.00986E-1 8.22583E-1 8.45449E-1 8.47405E-1 -9999 -9999 -9999 -9999 -9999 -9999 -9999 -9999 -9999 -9999 -9999 -9999 -9999 -9999 -9999 -9999 -9999 -9999 -9999 -9999 -9999 -9999 -9999 -9999 -9999 -9999 -9999 -9999 -9999 -9999 -9999 -9999 -9999 -9999 -9999 -9999 -9999 -9999 -9999 -9999 -9999 -9999 -9999 -9999
5.51082E-1 5.6423E-1 5.58003E-1 5.63151E-1 5.30443E-1 6.03573E-1 7.35635E-1 7.43688E-1 7.45235E-1 7.24051E-1 7.3336E-1 7.12083E-1 7.14924E-1 6.93324E-1 7.20872E-1 6.96754E-1 7.08454E-1 7.35834E-1 7.44543E-1 7.18548E-1 7.28488E-1 7.82543E-1 8.20054E-1 8.08515E-1 8.24097E-1 8.31059E-1 8.45615E-1 8.45338E-1 8.39684E-1 8.59035E-1 8.66336E-1 8.48809E-1 8.42651E-1 8.38244E-1 -9999 7.96241E-1 -9999 -9999 -9999 -9999 -9999 -9999 -9999 -9999 -9999 -9999 -9999 -9999 -9999 -9999 -9999 -9999 -9999 -9999 -9999 -9999 -9999 -9999 -9999 -9999 -9999 -9999 -9999 -9999 -9999 -9999 -9999 -9999 -9999 -9999 -9999 -9999
4.30098E-1 4.77134E-1 4.47111E-1 5.32532E-1 5.68625E-1 5.56208E-1 4.99718E-1 4.87306E-1 4.80368E-1 5.19641E-1 5.0291E-1 4.77612E-1 5.22278E-1 5.69233E-1 5.46689E-1 5.39464E-1 4.98182E-1 5.07797E-1 6.64917E-1 5.43457E-1 6.93267E-1 7.42726E-1 7.87756E-1 7.08898E-1 7.57432E-1 8.29532E-1 8.41583E-1 8.21068E-1 8.3313E-1 8.33502E-1 8.35461E-1 8.32256E-1 8.45823E-1 8.43234E-1 8.44179E-1 8.39977E-1 -9999 -9999 -9999 -9999 -9999 -9999 -9999 -9999 -9999 -9999 -9999 -9999 -9999 -9999 -9999 -9999 -9999 -9999 -9999 -9999 -9999 -9999 -9999 -9999 -9999 -9999 -9999 -9999 -9999 -9999 -9999 -9999 -9999 -9999 -9999 -9999
3.98259E-1 3.59282E-1 3.83725E-1 4.40737E-1 4.89337E-1 4.712E-1 4.07119E-1 4.36123E-1 4.35871E-1 4.21484E-1 4.13564E-1 4.52222E-1 4.85291E-1 4.25794E-1 4.02603E-1 4.38137E-1 4.12021E-1 4.39168E-1 5.4868E-1 4.93379E-1 4.63154E-1 5.60465E-1 6.24027E-1 7.3667E-1 5.80292E-1 7.47897E-1 8.13362E-1 8.14316E-1 8.17464E-1 8.37453E-1 8.33988E-1 8.53847E-1 8.50144E-1 8.45584E-1 8.58676E-1 8.64335E-1 -9999 -9999 -9999 -9999 -9999 -9999 -9999 -9999 -9999 -9999 -9999 -9999 -9999 -9999 -9999 -9999 -9999 4.96082E-1 4.97656E-1 -9999 -9999 -9999 -9999 -9999 -9999 -9999 -9999 -9999 -9999 -9999 -9999 -9999 -9999 -9999 -9999 -9999
4.37461E-1 3.83228E-1 3.61101E-1 3.45525E-1 3.5075E-1 3.51745E-1 3.7277E-1 3.93826E-1 4.40556E-1 4.78175E-1 4.49338E-1 4.80193E-1 4.84858E-1 4.3987E-1 4.82848E-1 4.22322E-1 4.07559E-1 4.48095E-1 5.3261E-1 4.70726E-1 4.80449E-1 5.72195E-1 6.15647E-1 6.7769E-1 6.9672E-1 7.13657E-1 5.88489E-1 6.56543E-1 7.20722E-1 6.73452E-1 6.90205E-1 7.95089E-1 8.22575E-1 8.32425E-1 8.31791E-1 8.57976E-1 8.81936E-1 8.92409E-1 8.8867E-1 -9999 -9999 -9999 -9999 -9999 -9999 -9999 -9999 -9999 -9999 -9999 -9999 -9999 -9999 -9999 4.71163E-1 4.67875E-1 4.27327E-1 -9999 -9999 -9999 -9999 -9999 -9999 -9999 -9999 -9999 -9999 -9999 -9999 -9999 -9999 3.36919E-1
4.42226E-1 3.88164E-1 3.97979E-1 3.93217E-1 4.0275E-1 4.17928E-1 4.44804E-1 4.80013E-1 5.03543E-1 5.05195E-1 4.48504E-1 4.77832E-1 4.55542E-1 4.65547E-1 5.03771E-1 4.16369E-1 3.94313E-1 4.17153E-1 4.5724E-1 4.44102E-1 4.2799E-1 4.33941E-1 4.94588E-1 6.09741E-1 6.60569E-1 7.09918E-1 6.6268E-1 6.44507E-1 6.89639E-1 6.70571E-1 6.9869E-1 7.79181E-1 7.58333E-1 8.18228E-1 8.56209E-1 8.74475E-1 8.86459E-1 8.92842E-1 8.82223E-1 8.78719E-1 8.68021E-1 8.56588E-1 -9999 -9999 -9999 -9999 -9999 -9999 -9999 -9999 -9999 -9999 -9999 -9999 -9999 -9999 -9999 -9999 -9999 -9999 -9999 -9999 -9999 -9999 -9999 -9999 -9999 -9999 -9999 -9999 -9999 3.30332E-1
4.34335E-1 4.16106E-1 4.44493E-1 4.55202E-1 4.75467E-1 5.16365E-1 5.5878E-1 5.76223E-1 5.69504E-1 5.55528E-1 4.87837E-1 4.86246E-1 4.58051E-1 4.72158E-1 4.30426E-1 4.00389E-1 4.18938E-1 3.48089E-1 3.95414E-1 4.2347E-1 4.05915E-1 4.16665E-1 3.93093E-1 5.97064E-1 5.52134E-1 5.63413E-1 5.40984E-1 5.13578E-1 6.44575E-1 6.31268E-1 7.81477E-1 7.96281E-1 8.1185E-1 8.40919E-1 8.60545E-1 8.90084E-1 8.84956E-1 8.62815E-1 8.51375E-1 8.1316E-1 8.55007E-1 8.79293E-1 8.85111E-1 8.9755E-1 8.01963E-1 7.53608E-1 -9999 -9999 -9999 -9999 -9999 -9999 -9999 -9999 -9999 -9999 -9999 -9999 -9999 -9999 5.31083E-1 4.99208E-1 -9999 -9999 -9999 -9999 -9999 -9999 -9999 -9999 -9999 -9999
4.09525E-1 4.48413E-1 4.42394E-1 4.43274E-1 5.15112E-1 5.30662E-1 5.79035E-1 6.05382E-1 6.1554E-1 6.08373E-1 5.86703E-1 5.7412E-1 5.1387E-1 5.02897E-1 4.48726E-1 4.55835E-1 4.54158E-1 4.03743E-1 3.9064E-1 3.83329E-1 4.09707E-1 4.33439E-1 4.48886E-1 5.42998E-1 5.00282E-1 4.58344E-1 4.37762E-1 4.7745E-1 5.21925E-1 5.8278E-1 5.93189E-1 6.18322E-1 6.17759E-1 6.1018E-1 7.372E-1 6.44375E-1 5.55895E-1 5.61767E-1 5.62741E-1 5.34198E-1 5.50617E-1 5.95329E-1 7.75129E-1 7.60268E-1 7.69891E-1 7.02108E-1 7.57116E-1 7.81071E-1 6.39666E-1 6.53845E-1 6.30008E-1 6.1704E-1 5.93131E-1 5.45218E-1 -9999 -9999 -9999 -9999 -9999 -9999 5.30529E-1 4.43151E-1 5.39554E-1 -9999 -9999 -9999 -9999 -9999 -9999 -9999 -9999 -9999
4.065E-1 4.30609E-1 4.51996E-1 5.32953E-1 5.84928E-1 5.82326E-1 5.93393E-1 6.19039E-1 6.27911E-1 6.29703E-1 6.33141E-1 6.36354E-1 6.21943E-1 5.59679E-1 5.54617E-1 5.48178E-1 4.5301E-1 4.32542E-1 4.18863E-1 4.15062E-1 4.37277E-1 4.14942E-1 4.72377E-1 4.55704E-1 4.76906E-1 4.1148E-1 3.85391E-1 4.03041E-1 3.87829E-1 4.61103E-1 4.04789E-1 4.32076E-1 3.957E-1 4.06921E-1 4.45745E-1 4.50252E-1 4.14965E-1 4.18291E-1 4.31255E-1 5.10395E-1 4.9913E-1 4.70857E-1 4.92545E-1 5.23215E-1 5.19628E-1 5.17287E-1 4.43719E-1 6.00141E-1 6.21206E-1 5.91162E-1 5.0645E-1 6.7242E-1 6.63152E-1 5.34357E-1 5.05518E-1 4.88085E-1 5.06508E-1 4.80385E-1 4.39341E-1 4.35948E-1 4.50905E-1 5.12169E-1 5.22419E-1 4.68556E-1 -9999 -9999 -9999 -9999 -9999 -9999 -9999 -9999
4.52493E-1 4.75404E-1 4.6954E-1 4.56397E-1 4.20868E-1 5.19026E-1 6.05596E-1 6.35291E-1 6.49937E-1 6.51071E-1 6.54286E-1 6.4966E-1 6.35261E-1 6.14402E-1 6.25021E-1 5.46129E-1 5.43025E-1 4.86882E-1 4.56263E-1 4.3975E-1 4.42378E-1 4.33553E-1 4.31713E-1 4.1021E-1 3.94937E-1 3.93779E-1 4.02177E-1 4.24143E-1 3.80928E-1 3.81925E-1 3.87511E-1 4.07928E-1 3.85905E-1 3.95922E-1 3.55162E-1 4.75709E-1 4.53289E-1 4.68676E-1 4.48245E-1 4.58265E-1 4.7961E-1 4.32777E-1 2.92355E-1 3.7778E-1 3.42897E-1 2.61628E-1 2.10619E-1 3.47876E-1 5.70436E-1 5.10412E-1 2.7725E-1 5.43045E-1 3.74191E-1 4.44786E-1 3.24559E-1 3.01565E-1 3.59163E-1 4.06757E-1 4.12644E-1 4.18036E-1 4.40904E-1 5.34255E-1 5.32892E-1 4.52161E-1 -9999 -9999 -9999 -9999 -9999 -9999 -9999 -9999
4.71216E-1 4.80297E-1 4.7634E-1 4.29732E-1 4.25859E-1 5.70443E-1 6.42384E-1 6.33064E-1 6.67739E-1 6.73284E-1 6.68076E-1 6.70366E-1 6.50342E-1 6.59817E-1 6.37755E-1 6.16971E-1 6.02457E-1 5.51062E-1 5.70744E-1 5.1631E-1 5.07017E-1 4.87065E-1 4.56129E-1 4.7184E-1 4.40017E-1 4.22183E-1 4.25046E-1 4.32957E-1 4.18188E-1 3.9033E-1 4.08374E-1 4.04073E-1 4.15835E-1 4.24014E-1 4.1091E-1 4.73136E-1 4.55691E-1 4.58884E-1 3.7978E-1 4.17906E-1 4.58519E-1 3.28409E-1 2.68019E-1 3.17694E-1 2.6138E-1 2.90785E-1 3.81298E-1 3.76667E-1 5.33895E-1 2.98319E-1 1.73606E-1 3.77857E-1 4.07064E-1 3.96841E-1 2.81608E-1 2.24321E-1 2.53605E-1 3.17583E-1 3.58329E-1 4.74997E-1 4.48471E-1 4.3517E-1 -9999 -9999 -9999 -9999 -9999 -9999 -9999 -9999 -9999 -9999
5.05267E-1 4.67521E-1 4.85661E-1 4.58517E-1 4.49145E-1 5.80168E-1 5.97987E-1 6.10896E-1 6.67176E-1 6.93156E-1 6.88886E-1 6.74934E-1 6.78053E-1 6.65415E-1 6.6912E-1 6.61316E-1 6.33018E-1 6.11833E-1 6.2279E-1 5.57234E-1 5.72801E-1 5.04805E-1 5.09049E-1 5.38444E-1 4.66831E-1 4.48105E-1 4.44954E-1 4.58523E-1 4.32031E-1 4.30226E-1 4.22832E-1 4.04171E-1 3.95418E-1 4.90267E-1 4.36087E-1 5.4302E-1 4.9463E-1 4.61368E-1 3.98481E-1 4.51926E-1 5.16727E-1 4.75549E-1 3.70858E-1 3.19266E-1 2.67391E-1 2.98459E-1 4.84224E-1 4.2403E-1 4.35409E-1 2.92415E-1 3.10568E-1 2.33334E-1 3.33687E-1 2.2817E-1 1.91647E-1 1.78897E-1 2.24428E-1 3.53639E-1 2.90501E-1 4.1608E-1 4.43691E-1 4.21891E-1 4.40995E-1 -9999 -9999 -9999 -9999 -9999 -9999 -9999 -9999 -9999
4.54356E-1 4.03595E-1 4.14741E-1 4.08852E-1 4.25368E-1 5.10446E-1 4.87333E-1 5.75881E-1 6.56442E-1 6.80763E-1 7.10149E-1 6.96026E-1 6.84482E-1 6.8054E-1 6.89641E-1 6.7512E-1 6.47945E-1 6.5748E-1 6.52472E-1 5.96317E-1 5.72339E-1 5.80764E-1 5.67704E-1 5.75378E-1 5.02055E-1 4.91709E-1 4.87838E-1 5.04311E-1 4.9009E-1 5.19435E-1 4.83487E-1 5.27906E-1 4.64533E-1 5.49674E-1 4.79057E-1 4.94941E-1 5.0284E-1 4.95361E-1 4.98785E-1 5.11118E-1 4.59068E-1 4.97971E-1 3.43379E-1 2.98346E-1 2.88562E-1 2.75359E-1 3.03245E-1 3.61508E-1 4.27146E-1 2.40651E-1 2.91716E-1 2.1707E-1 3.55322E-1 2.08987E-1 1.99641E-1 2.23369E-1 2.64668E-1 2.65657E-1 2.47033E-1 3.40969E-1 3.33122E-1 3.61488E-1 4.04753E-1 4.39143E-1 4.85998E-1 -9999 -9999 -9999 -9999 -9999 -9999 -9999
3.72412E-1 3.73772E-1 3.5773E-1 3.8573E-1 4.0572E-1 3.98292E-1 4.4046E-1 5.56277E-1 6.6562E-1 6.82243E-1 6.75228E-1 6.60377E-1 6.74527E-1 7.01811E-1 6.94853E-1 6.89081E-1 6.62203E-1 6.80232E-1 6.72181E-1 6.25E-1 6.00402E-1 6.03285E-1 6.12684E-1 5.63393E-1 5.22687E-1 5.17974E-1 5.22056E-1 6.01332E-1 5.45607E-1 4.76823E-1 4.73061E-1 5.23983E-1 4.85658E-1 6.02832E-1 5.73189E-1 5.2457E-1 5.55748E-1 4.93786E-1 5.2165E-1 5.04064E-1 3.9964E-1 5.62494E-1 3.92099E-1 3.39858E-1 3.44309E-1 3.20488E-1 3.17378E-1 4.12213E-1 2.97729E-1 3.00269E-1 3.14978E-1 2.43E-1 2.9577E-1 2.14759E-1 2.25604E-1 3.35256E-1 3.91388E-1 2.5337E-1 2.26146E-1 2.88902E-1 3.23934E-1 3.06349E-1 4.1661E-1 4.4226E-1 3.99801E-1 4.29053E-1 4.78307E-1 -9999 -9999 -9999 -9999 -9999
4.06607E-1 3.92817E-1 4.3757E-1 3.64002E-1 3.51034E-1 3.71842E-1 4.1224E-1 5.6488E-1 6.35539E-1 6.32263E-1 6.27387E-1 6.53526E-1 6.89732E-1 6.99466E-1 7.00816E-1 6.96018E-1 6.99961E-1 6.92257E-1 6.62556E-1 5.85813E-1 5.99804E-1 6.1075E-1 6.06751E-1 5.66392E-1 5.55504E-1 5.49197E-1 5.83824E-1 6.05032E-1 5.50248E-1 4.95323E-1 4.79047E-1 4.65566E-1 4.84911E-1 5.34058E-1 5.21996E-1 5.46636E-1 5.00057E-1 5.21596E-1 5.57321E-1 5.64618E-1 5.05733E-1 5.56668E-1 4.0742E-1 4.34983E-1 4.04407E-1 3.57315E-1 3.65259E-1 4.03458E-1 3.73815E-1 3.68765E-1 3.63187E-1 2.9492E-1 2.72053E-1 2.54451E-1 2.5306E-1 2.64836E-1 3.11903E-1 3.17009E-1 3.42602E-1 3.58521E-1 3.3449E-1 3.05674E-1 3.62182E-1 3.88423E-1 2.90248E-1 4.10193E-1 4.27623E-1 4.28832E-1 -9999 -9999 -9999 -9999
3.04538E-1 3.72881E-1 4.29676E-1 4.22193E-1 4.21531E-1 4.7097E-1 5.14918E-1 5.25995E-1 6.2953E-1 6.68456E-1 6.729E-1 6.98136E-1 7.06654E-1 7.13169E-1 7.14876E-1 7.1037E-1 7.04761E-1 6.91309E-1 6.53869E-1 6.43801E-1 6.46457E-1 6.07283E-1 6.00868E-1 5.63942E-1 6.0488E-1 6.13398E-1 6.02827E-1 6.10868E-1 5.72661E-1 5.37548E-1 5.42041E-1 5.63314E-1 5.46799E-1 5.34311E-1 5.68429E-1 5.76553E-1 5.07448E-1 6.51671E-1 6.01154E-1 6.39169E-1 5.78633E-1 5.78987E-1 4.49705E-1 4.92959E-1 4.25056E-1 3.89831E-1 4.06843E-1 4.22549E-1 4.19055E-1 4.52645E-1 4.04191E-1 3.38826E-1 3.32821E-1 3.06527E-1 3.42941E-1 2.99535E-1 3.33107E-1 3.23976E-1 3.25878E-1 3.67916E-1 3.60747E-1 3.65917E-1 3.19399E-1 4.14291E-1 3.79694E-1 3.6873E-1 3.31183E-1 3.89722E-1 4.2404E-1 4.76095E-1 -9999 -9999
2.82389E-1 3.09346E-1 3.46514E-1 4.79216E-1 4.84024E-1 5.03995E-1 5.26892E-1 5.91575E-1 6.31507E-1 6.67246E-1 6.933E-1 7.05695E-1 7.17497E-1 7.33961E-1 7.29766E-1 7.23864E-1 7.09149E-1 7.01008E-1 6.86293E-1 6.82041E-1 6.771E-1 6.57335E-1 6.58736E-1 6.09869E-1 6.01702E-1 6.45684E-1 6.68055E-1 6.41005E-1 5.95585E-1 5.74815E-1 5.96399E-1 5.90548E-1 5.78847E-1 5.97525E-1 6.30812E-1 6.08078E-1 5.98725E-1 6.74615E-1 6.47436E-1 6.51767E-1 5.7453E-1 6.57718E-1 5.68701E-1 5.45118E-1 5.12693E-1 4.38631E-1 4.40106E-1 4.57394E-1 4.51537E-1 4.87859E-1 4.29359E-1 3.66334E-1 3.7396E-1 3.55158E-1 3.55758E-1 3.5631E-1 3.64968E-1 3.83565E-1 3.72318E-1 3.72189E-1 3.79312E-1 3.91218E-1 3.71826E-1 3.91949E-1 3.934E-1 4.27346E-1 4.02824E-1 4.1141E-1 3.8084E-1 4.39585E-1 4.72502E-1 -9999
3.17701E-1 2.99298E-1 3.25018E-1 4.31516E-1 5.17742E-1 5.54254E-1 6.09004E-1 6.29693E-1 6.48955E-1 6.62566E-1 6.74931E-1 6.97353E-1 7.27789E-1 7.29499E-1 7.2831E-1 7.286E-1 7.03109E-1 7.15563E-1 7.08967E-1 7.09799E-1 6.9905E-1 6.95641E-1 6.98416E-1 6.91052E-1 6.62109E-1 6.66223E-1 6.83491E-1 6.89755E-1 6.37169E-1 6.09641E-1 6.1202E-1 5.97385E-1 6.10009E-1 6.5219E-1 6.61165E-1 6.62392E-1 6.65057E-1 6.57848E-1 6.51584E-1 6.77365E-1 6.3807E-1 6.88851E-1 6.02205E-1 6.53621E-1 5.32292E-1 5.29121E-1 4.69795E-1 4.74142E-1 5.12605E-1 5.42637E-1 4.53966E-1 4.11696E-1 4.19965E-1 3.7889E-1 3.88604E-1 3.92577E-1 4.5936E-1 3.98126E-1 4.13984E-1 3.95352E-1 4.0181E-1 3.88548E-1 3.83214E-1 3.83004E-1 4.36695E-1 4.483E-1 4.62622E-1 4.08033E-1 4.05747E-1 4.23499E-1 4.31599E-1 4.38671E-1
4.79759E-1 4.09107E-1 3.33939E-1 3.88168E-1 5.19397E-1 6.12293E-1 6.32002E-1 6.44935E-1 6.5862E-1 6.86953E-1 6.91756E-1 7.02251E-1 7.20257E-1 7.3627E-1 7.41029E-1 7.2176E-1 7.16355E-1 7.21442E-1 7.3013E-1 7.17665E-1 7.20138E-1 7.23616E-1 7.26435E-1 7.12344E-1 7.07985E-1 7.18393E-1 7.18042E-1 7.03966E-1 6.75813E-1 6.63696E-1 6.60385E-1 6.69238E-1 6.49336E-1 6.68297E-1 6.76382E-1 6.94196E-1 7.03205E-1 6.87714E-1 6.83886E-1 6.93292E-1 6.83653E-1 6.89534E-1 6.56133E-1 5.66531E-1 5.71977E-1 5.49055E-1 5.29542E-1 5.22127E-1 5.90335E-1 5.63385E-1 4.92844E-1 4.62588E-1 4.27711E-1 4.21358E-1 4.30608E-1 4.49733E-1 4.86269E-1 4.30464E-1 4.12932E-1 4.21216E-1 4.27435E-1 4.34565E-1 4.08138E-1 4.49032E-1 4.78977E-1 4.62771E-1 4.74562E-1 4.7072E-1 4.7071E-1 4.91862E-1 4.95425E-1 4.51173E-1
5.5418E-1 5.60047E-1 5.50907E-1 5.59794E-1 6.25708E-1 6.53201E-1 6.5983E-1 6.63141E-1 6.86879E-1 7.02199E-1 7.04407E-1 7.12405E-1 7.29817E-1 7.33341E-1 7.3898E-1 7.35415E-1 7.37183E-1 7.34921E-1 7.2715E-1 7.3285E-1 7.33536E-1 7.21277E-1 7.17294E-1 7.2078E-1 7.30841E-1 7.39212E-1 7.32742E-1 7.18561E-1 6.91235E-1 6.79186E-1 7.00506E-1 6.92351E-1 6.79475E-1 6.88322E-1 7.08034E-1 7.08698E-1 7.11133E-1 6.95168E-1 7.22222E-1 7.01091E-1 7.09681E-1 6.99623E-1 6.48552E-1 6.472E-1 6.13353E-1 6.42311E-1 6.49587E-1 6.31045E-1 6.18803E-1 5.61608E-1 5.04316E-1 4.98321E-1 4.87363E-1 4.55914E-1 4.77222E-1 4.81456E-1 4.8111E-1 4.50297E-1 4.4515E-1 4.53569E-1 4.57226E-1 4.53336E-1 4.49233E-1 4.65383E-1 4.69326E-1 4.85992E-1 4.71756E-1 4.8603E-1 4.88648E-1 5.18164E-1 5.28357E-1 5.06149E-1
5.41422E-1 5.56631E-1 5.98203E-1 6.13841E-1 6.08147E-1 6.26941E-1 6.65792E-1 7.00906E-1 7.07193E-1 6.90784E-1 6.99174E-1 7.05541E-1 7.25228E-1 7.3432E-1 7.61492E-1 7.56922E-1 7.37502E-1 7.3313E-1 7.11445E-1 7.3142E-1 7.17488E-1 7.13235E-1 7.16731E-1 7.35282E-1 7.281E-1 7.37916E-1 7.30382E-1 7.24965E-1 7.0648E-1 6.95002E-1 7.20537E-1 7.12734E-1 7.18221E-1 7.20481E-1 7.22148E-1 7.30886E-1 7.25536E-1 7.20589E-1 7.29687E-1 7.3127E-1 7.47254E-1 7.26287E-1 7.38766E-1 7.13177E-1 6.89017E-1 7.48325E-1 7.3075E-1 6.64825E-1 6.41413E-1 6.04001E-1 5.69672E-1 5.59208E-1 5.20588E-1 4.85047E-1 5.10841E-1 4.91829E-1 4.83098E-1 4.8993E-1 4.83532E-1 4.69475E-1 4.80009E-1 5.01767E-1 4.95298E-1 4.80355E-1 5.33926E-1 4.88232E-1 5.34216E-1 5.59712E-1 5.37901E-1 5.43268E-1 5.44077E-1 5.19233E-1
5.72944E-1 6.04419E-1 6.11124E-1 6.54835E-1 6.40542E-1 6.87673E-1 7.13137E-1 7.18481E-1 7.27982E-1 7.24211E-1 7.207E-1 7.40311E-1 7.46857E-1 7.63164E-1 7.71728E-1 7.71561E-1 7.80381E-1 7.47196E-1 7.42419E-1 7.22013E-1 7.23801E-1 7.19948E-1 7.07396E-1 7.27547E-1 7.42638E-1 7.35968E-1 7.47062E-1 7.24342E-1 7.13062E-1 7.17661E-1 7.19978E-1 7.32969E-1 7.22935E-1 7.26304E-1 7.51614E-1 7.53175E-1 7.54092E-1 7.41793E-1 7.66392E-1 7.75666E-1 7.67259E-1 7.47357E-1 7.41826E-1 7.51806E-1 7.51585E-1 7.25304E-1 6.83195E-1 6.72085E-1 6.888E-1 6.38918E-1 6.13404E-1 5.9538E-1 5.64399E-1 5.35602E-1 5.52894E-1 5.22498E-1 4.95451E-1 5.26996E-1 5.28654E-1 5.07239E-1 5.31617E-1 5.09167E-1 5.01522E-1 5.14863E-1 5.1263E-1 5.05268E-1 5.39631E-1 5.48352E-1 5.76247E-1 5.39429E-1 5.60483E-1 5.24691E-1
5.65777E-1 6.00439E-1 6.49112E-1 6.56687E-1 6.73334E-1 6.95397E-1 7.1905E-1 7.33624E-1 7.39347E-1 7.3523E-1 7.40672E-1 7.50621E-1 7.803E-1 7.78845E-1 8.10297E-1 8.06058E-1 7.94188E-1 7.47429E-1 7.34012E-1 7.37458E-1 7.31549E-1 7.18975E-1 7.21463E-1 7.25965E-1 7.34152E-1 7.19425E-1 7.23258E-1 7.00431E-1 7.05413E-1 6.99823E-1 7.09748E-1 7.1184E-1 7.15692E-1 7.15994E-1 7.35369E-1 7.4493E-1 7.46593E-1 7.41153E-1 7.66306E-1 7.81431E-1 7.72326E-1 7.67155E-1 7.38786E-1 7.51318E-1 7.54488E-1 7.45845E-1 7.1972E-1 7.33268E-1 7.27161E-1 6.83605E-1 6.71251E-1 6.5173E-1 6.26477E-1 5.84617E-1 5.9492E-1 5.42174E-1 5.41477E-1 5.63478E-1 5.63877E-1 5.35597E-1 5.51714E-1 5.40354E-1 5.41111E-1 5.46984E-1 5.81618E-1 5.35848E-1 5.72609E-1 5.85968E-1 5.67575E-1 5.78113E-1 6.09973E-1 5.69055E-1
5.7043E-1 6.03108E-1 6.37144E-1 6.42817E-1 6.63394E-1 6.99819E-1 6.84404E-1 6.27009E-1 6.16221E-1 7.37314E-1 7.5642E-1 7.69281E-1 7.81223E-1 7.68993E-1 7.04274E-1 6.49591E-1 5.97531E-1 7.2795E-1 7.36735E-1 7.22109E-1 7.2281E-1 7.34094E-1 7.29229E-1 7.08017E-1 7.18738E-1 7.20158E-1 7.06562E-1 7.1125E-1 7.05937E-1 7.09288E-1 7.17359E-1 7.20472E-1 7.20885E-1 7.2423E-1 7.28574E-1 7.28259E-1 7.36895E-1 7.38753E-1 7.51643E-1 7.66104E-1 7.57022E-1 7.54058E-1 7.48601E-1 7.43595E-1 7.57971E-1 7.59666E-1 7.55143E-1 7.1427E-1 7.77268E-1 7.27927E-1 7.35974E-1 7.43249E-1 6.94049E-1 6.14926E-1 6.4601E-1 5.63848E-1 5.62871E-1 5.93638E-1 5.86806E-1 5.72257E-1 6.00001E-1 5.55803E-1 5.7354E-1 5.70713E-1 5.92489E-1 5.78782E-1 5.6199E-1 5.5448E-1 5.77671E-1 6.0214E-1 6.01932E-1 5.9618E-1
5.92686E-1 6.20299E-1 6.23209E-1 6.46432E-1 6.69812E-1 6.60626E-1 5.07004E-1 4.75472E-1 6.65999E-1 6.74272E-1 7.4185E-1 7.04563E-1 7.34202E-1 7.45982E-1 5.58596E-1 3.74699E-1 4.40352E-1 6.24552E-1 7.30398E-1 7.38012E-1 7.38861E-1 7.24693E-1 7.21255E-1 7.24922E-1 7.34081E-1 7.11816E-1 7.08189E-1 7.11228E-1 7.13249E-1 7.21009E-1 7.08088E-1 7.28484E-1 7.13973E-1 7.16427E-1 7.33712E-1 7.35544E-1 7.44702E-1 7.39849E-1 7.4203E-1 7.72426E-1 7.65574E-1 7.612E-1 7.61439E-1 7.56086E-1 7.59475E-1 7.54148E-1 7.55624E-1 7.53052E-1 7.77856E-1 7.7762E-1 7.72463E-1 7.50366E-1 7.22637E-1 6.68111E-1 6.92814E-1 6.27383E-1 6.16707E-1 6.04225E-1 5.96694E-1 6.11656E-1 6.16285E-1 6.36112E-1 6.87455E-1 5.69432E-1 5.57904E-1 5.85871E-1 5.77815E-1 5.83659E-1 5.85211E-1 5.67141E-1 5.95208E-1 6.07197E-1
6.19978E-1 6.35876E-1 6.51106E-1 6.69561E-1 6.60936E-1 6.91252E-1 6.50643E-1 4.43585E-1 5.01023E-1 4.45104E-1 4.91649E-1 4.62652E-1 4.15821E-1 4.8704E-1 3.97616E-1 6.62993E-1 7.02443E-1 6.78554E-1 7.22112E-1 7.28955E-1 7.31524E-1 7.26296E-1 7.28448E-1 7.39435E-1 7.24643E-1 7.21652E-1 7.15767E-1 7.18666E-1 7.21968E-1 7.15489E-1 7.15997E-1 7.11356E-1 7.20521E-1 7.23905E-1 7.26282E-1 7.2903E-1 7.29995E-1 7.38957E-1 7.56269E-1 7.73051E-1 7.93609E-1 7.87044E-1 7.61585E-1 7.49647E-1 7.5221E-1 7.67436E-1 7.76416E-1 7.78777E-1 7.73889E-1 7.73889E-1 7.73651E-1 7.43616E-1 7.46525E-1 7.02513E-1 7.44798E-1 6.69255E-1 6.40349E-1 6.19268E-1 6.2161E-1 6.34886E-1 6.60318E-1 6.79275E-1 6.20244E-1 5.86806E-1 5.94723E-1 5.92505E-1 5.86661E-1 5.97797E-1 5.94836E-1 5.99726E-1 6.23696E-1 6.4661E-1
6.26464E-1 6.5014E-1 6.45957E-1 6.75028E-1 6.70924E-1 7.15583E-1 6.93101E-1 4.35981E-1 3.90933E-1 3.38349E-1 3.08366E-1 3.26204E-1 3.24676E-1 3.5113E-1 5.93582E-1 6.52564E-1 7.16258E-1 7.22147E-1 7.18739E-1 7.27597E-1 7.22186E-1 7.2482E-1 7.27414E-1 7.30865E-1 7.24656E-1 7.19863E-1 7.22651E-1 7.3347E-1 7.2081E-1 7.29931E-1 7.13636E-1 7.19841E-1 7.29903E-1 7.30001E-1 7.32891E-1 7.35035E-1 7.44039E-1 7.46035E-1 7.71012E-1 7.86116E-1 7.83058E-1 7.22721E-1 7.61305E-1 7.70322E-1 7.70646E-1 7.79516E-1 7.80396E-1 7.76317E-1 7.7008E-1 7.62243E-1 7.6441E-1 7.78934E-1 7.65371E-1 7.51061E-1 7.48886E-1 6.98729E-1 6.62471E-1 6.44428E-1 6.70659E-1 6.73712E-1 7.29322E-1 7.15725E-1 6.17175E-1 6.46602E-1 6.68415E-1 6.50392E-1 6.17859E-1 6.03451E-1 6.38434E-1 6.41458E-1 6.51922E-1 6.63353E-1
6.4549E-1 6.3465E-1 6.49043E-1 6.62238E-1 6.93414E-1 5.85118E-1 6.32886E-1 5.6974E-1 3.2241E-1 2.67874E-1 2.39626E-1 3.29807E-1 3.34271E-1 5.54033E-1 6.82907E-1 6.84794E-1 7.38199E-1 7.44221E-1 7.32242E-1 7.17301E-1 7.13993E-1 7.29204E-1 7.36131E-1 7.22459E-1 7.18831E-1 7.13918E-1 7.16945E-1 7.27416E-1 7.2863E-1 7.35805E-1 7.15477E-1 7.19371E-1 7.36271E-1 7.38566E-1 7.48366E-1 7.57457E-1 7.58582E-1 7.66244E-1 7.75666E-1 7.77645E-1 7.6945E-1 6.30077E-1 7.52807E-1 6.82578E-1 7.64811E-1 7.92418E-1 7.86214E-1 7.752E-1 7.6296E-1 7.68567E-1 7.7964E-1 7.79169E-1 7.78227E-1 7.71908E-1 7.73097E-1 7.36041E-1 7.24878E-1 7.20396E-1 7.10265E-1 6.94792E-1 7.05373E-1 6.8301E-1 6.48327E-1 6.40677E-1 6.68689E-1 6.54207E-1 6.31399E-1 6.38845E-1 6.81716E-1 6.73446E-1 7.00363E-1 7.06861E-1
6.09238E-1 6.16039E-1 6.30008E-1 5.58136E-1 3.54806E-1 4.64647E-1 5.69762E-1 5.22855E-1 4.42473E-1 3.08029E-1 2.89786E-1 3.28881E-1 5.05335E-1 5.80542E-1 6.97953E-1 7.21482E-1 7.45321E-1 7.67101E-1 7.35365E-1 7.18316E-1 6.97905E-1 7.20861E-1 7.13134E-1 7.23658E-1 7.25346E-1 7.29558E-1 7.39478E-1 7.1837E-1 7.35437E-1 7.29348E-1 7.31098E-1 7.26674E-1 7.3745E-1 7.46405E-1 7.54913E-1 7.56401E-1 7.64568E-1 7.65592E-1 7.67773E-1 7.37186E-1 7.65206E-1 7.58007E-1 6.68998E-1 7.09603E-1 7.63475E-1 7.54861E-1 7.09364E-1 7.45391E-1 7.55299E-1 7.73334E-1 7.82458E-1 7.83628E-1 7.78008E-1 7.7167E-1 7.72384E-1 7.66012E-1 7.63994E-1 7.52233E-1 7.23618E-1 7.20647E-1 7.31539E-1 7.21954E-1 7.1036E-1 6.92841E-1 6.85077E-1 6.93199E-1 7.16193E-1 7.03998E-1 7.33636E-1 7.20136E-1 7.64178E-1 7.08781E-1
5.9193E-1 6.14648E-1 6.24047E-1 4.48476E-1 3.00903E-1 3.10828E-1 4.08902E-1 3.3576E-1 2.87797E-1 2.64438E-1 3.04545E-1 3.29555E-1 4.66124E-1 6.73947E-1 7.07691E-1 7.14943E-1 7.35564E-1 6.121E-1 7.21929E-1 7.16036E-1 7.08916E-1 7.17397E-1 7.20615E-1 7.15665E-1 7.19273E-1 7.29965E-1 7.32363E-1 7.34041E-1 7.35189E-1 7.44593E-1 7.4558E-1 7.328E-1 7.36029E-1 7.44131E-1 7.54005E-1 7.55069E-1 7.56344E-1 7.58857E-1 7.60425E-1 7.62297E-1 7.64663E-1 7.72273E-1 7.74554E-1 7.82308E-1 7.90614E-1 7.83242E-1 6.98199E-1 7.12564E-1 7.15257E-1 7.5605E-1 7.72384E-1 7.6411E-1 7.51045E-1 7.69364E-1 7.66491E-1 7.66012E-1 7.66252E-1 7.67053E-1 7.60805E-1 7.55115E-1 7.44857E-1 7.76652E-1 7.40301E-1 7.28838E-1 7.27437E-1 7.83171E-1 7.73001E-1 7.40201E-1 7.84153E-1 7.57008E-1 7.71382E-1 7.42429E-1
