Artocarpus altilis SDM files/MIS19/results (without bias file)/Artalt_max.asc
ncols         1201
nrows         481
xllcorner     119.99986351115
yllcorner     -15.00013828885
cellsize      0.041666667
NODATA_value  -9999
[rows 448 to 479 of 481, columns 144 to 215 of 1201]
-9999 -9999 -9999 -9999 -9999 -9999 -9999 -9999 -9999 -9999 -9999 -9999 -9999 -9999 -9999 -9999 -9999 -9999 -9999 -9999 -9999 -9999 -9999 -9999 -9999 -9999 -9999 -9999 -9999 -9999 -9999 -9999 -9999 -9999 -9999 -9999 -9999 -9999 -9999 -9999 -9999 -9999 -9999 -9999 -9999 -9999 -9999 -9999 -9999 -9999 -9999 -9999 -9999 -9999 -9999 -9999 -9999 -9999 -9999 -9999 -9999 -9999 -9999 -9999 -9999 -9999 -9999 -9999 -9999 -9999 -9999 -9999
-9999 -9999 -9999 -9999 -9999 -9999 -9999 -9999 -9999 -9999 -9999 -9999 -9999 -9999 -9999 -9999 -9999 -9999 -9999 -9999 -9999 1.12107E-1 -9999 -9999 -9999 -9999 -9999 -9999 -9999 -9999 -9999 -9999 -9999 -9999 -9999 -9999 -9999 -9999 -9999 -9999 -9999 -9999 -9999 -9999 -9999 -9999 -9999 -9999 -9999 -9999 -9999 -9999 -9999 -9999 -9999 -9999 -9999 -9999 -9999 -9999 -9999 -9999 -9999 -9999 -9999 -9999 -9999 -9999 -9999 -9999 -9999 -9999
-9999 -9999 -9999 1.61409E-1 -9999 -9999 -9999 -9999 1.29506E-1 -9999 -9999 -9999 -9999 -9999 -9999 -9999 -9999 -9999 -9999 1.10656E-1 1.0786E-1 1.10674E-1 1.08433E-1 1.06915E-1 -9999 -9999 -9999 -9999 -9999 -9999 -9999 -9999 -9999 -9999 -9999 -9999 -9999 -9999 -9999 -9999 -9999 -9999 -9999 -9999 -9999 -9999 -9999 -9999 -9999 -9999 -9999 -9999 -9999 -9999 -9999 -9999 -9999 -9999 -9999 -9999 -9999 -9999 -9999 -9999 -9999 -9999 -9999 -9999 -9999 -9999 -9999 -9999
-9999 -9999 -9999 1.59199E-1 -9999 -9999 -9999 -9999 1.27689E-1 -9999 -9999 -9999 -9999 -9999 -9999 -9999 -9999 1.03152E-1 9.95628E-2 1.01044E-1 1.03453E-1 1.24009E-1 1.1342E-1 1.17849E-1 7.89176E-2 -9999 -9999 -9999 -9999 -9999 -9999 -9999 -9999 -9999 -9999 -9999 -9999 -9999 -9999 -9999 -9999 -9999 -9999 -9999 -9999 -9999 -9999 -9999 -9999 -9999 -9999 -9999 -9999 -9999 -9999 -9999 -9999 -9999 -9999 -9999 -9999 -9999 -9999 -9999 -9999 -9999 -9999 -9999 -9999 -9999 -9999 -9999
-9999 -9999 -9999 -9999 -9999 -9999 -9999 -9999 -9999 -9999 -9999 -9999 -9999 -9999 1.07982E-1 -9999 -9999 9.63927E-2 1.24088E-1 1.20241E-1 1.08479E-1 1.1009E-1 1.30276E-1 1.01716E-1 8.74435E-2 7.17088E-2 -9999 -9999 -9999 -9999 7.44414E-2 7.37443E-2 -9999 -9999 -9999 -9999 -9999 -9999 -9999 -9999 -9999 -9999 -9999 -9999 -9999 -9999 -9999 -9999 -9999 -9999 -9999 -9999 -9999 -9999 -9999 -9999 -9999 -9999 -9999 -9999 -9999 -9999 -9999 -9999 -9999 -9999 -9999 -9999 -9999 -9999 -9999 -9999
-9999 -9999 -9999 -9999 -9999 -9999 -9999 1.12767E-1 -9999 -9999 -9999 -9999 1.01326E-1 9.93434E-2 1.02511E-1 9.04371E-2 -9999 -9999 1.15981E-1 1.43243E-1 1.3395E-1 1.28329E-1 1.19588E-1 1.00593E-1 1.04855E-1 8.26644E-2 -9999 -9999 -9999 -9999 7.4061E-2 7.50944E-2 -9999 -9999 -9999 -9999 -9999 -9999 -9999 -9999 -9999 -9999 -9999 -9999 -9999 -9999 -9999 -9999 -9999 -9999 -9999 -9999 -9999 -9999 -9999 -9999 -9999 -9999 -9999 -9999 -9999 -9999 -9999 -9999 -9999 -9999 -9999 -9999 -9999 -9999 -9999 -9999
1.36184E-1 1.41611E-1 1.63549E-1 1.1297E-1 -9999 -9999 -9999 1.03612E-1 -9999 -9999 -9999 -9999 1.17993E-1 8.87655E-2 1.09972E-1 8.51371E-2 -9999 -9999 7.53698E-2 1.04219E-1 1.44848E-1 1.80112E-1 1.1029E-1 8.56381E-2 1.41323E-1 8.41794E-2 6.39687E-2 5.33209E-2 5.97599E-2 9.04598E-2 7.99272E-2 5.71101E-2 7.8494E-2 -9999 -9999 -9999 -9999 -9999 -9999 -9999 -9999 -9999 -9999 -9999 -9999 -9999 -9999 -9999 -9999 -9999 -9999 -9999 -9999 -9999 -9999 -9999 -9999 -9999 -9999 -9999 -9999 -9999 -9999 -9999 -9999 -9999 -9999 -9999 -9999 -9999 -9999 -9999
1.78067E-1 1.80158E-1 1.94622E-1 1.33455E-1 1.59675E-1 -9999 1.25801E-1 9.59176E-2 -9999 -9999 8.42461E-2 7.85104E-2 8.33307E-2 7.69269E-2 7.5882E-2 -9999 7.54794E-2 7.01779E-2 -9999 6.33314E-2 8.23357E-2 1.26424E-1 7.15612E-2 9.26521E-2 1.52977E-1 9.68729E-2 6.70604E-2 5.93192E-2 8.08545E-2 1.20501E-1 1.4087E-1 5.1588E-2 1.16787E-1 7.65729E-2 4.42544E-2 -9999 -9999 -9999 -9999 -9999 -9999 -9999 -9999 -9999 -9999 -9999 -9999 -9999 -9999 -9999 -9999 -9999 -9999 -9999 -9999 -9999 -9999 -9999 -9999 -9999 -9999 -9999 -9999 -9999 -9999 -9999 -9999 -9999 -9999 -9999 -9999 -9999
1.6306E-1 1.59968E-1 2.56672E-1 1.43681E-1 1.21935E-1 1.11673E-1 -9999 8.95587E-2 8.49528E-2 8.35869E-2 8.10062E-2 7.62586E-2 9.50095E-2 7.07196E-2 -9999 -9999 6.65395E-2 6.11252E-2 6.00959E-2 5.58642E-2 6.94914E-2 5.04693E-2 4.44106E-2 8.4975E-2 1.5234E-1 1.12117E-1 1.11876E-1 7.84405E-2 1.46286E-1 1.58845E-1 1.91309E-1 1.14049E-1 7.36694E-2 1.14386E-1 6.54673E-2 3.86487E-2 -9999 -9999 -9999 -9999 -9999 -9999 -9999 -9999 -9999 -9999 -9999 -9999 -9999 -9999 -9999 -9999 -9999 -9999 -9999 -9999 -9999 -9999 -9999 -9999 -9999 -9999 -9999 -9999 -9999 -9999 -9999 -9999 -9999 -9999 -9999 -9999
1.12672E-1 1.85644E-1 1.58973E-1 1.97219E-1 2.45879E-1 1.43623E-1 -9999 -9999 8.13617E-2 8.10397E-2 9.79806E-2 8.31936E-2 6.68382E-2 -9999 -9999 -9999 6.14775E-2 5.42428E-2 7.09973E-2 6.37979E-2 1.01376E-1 6.81621E-2 4.5505E-2 4.61931E-2 8.68844E-2 1.08023E-1 1.89379E-1 1.95269E-1 1.2663E-1 1.98145E-1 1.88454E-1 1.24332E-1 9.59055E-2 1.65288E-1 1.16279E-1 3.4696E-2 -9999 -9999 -9999 -9999 -9999 -9999 -9999 -9999 -9999 -9999 -9999 -9999 -9999 -9999 -9999 -9999 -9999 -9999 -9999 -9999 -9999 -9999 -9999 -9999 -9999 -9999 -9999 -9999 -9999 -9999 -9999 -9999 -9999 -9999 -9999 -9999
2.46116E-1 3.53271E-1 2.32102E-1 2.8407E-1 1.10455E-1 7.84547E-2 -9999 6.70985E-2 1.02195E-1 1.23482E-1 1.02572E-1 5.63998E-2 5.25513E-2 -9999 -9999 5.40619E-2 -9999 4.75919E-2 6.37206E-2 7.44169E-2 8.78909E-2 7.97463E-2 7.27802E-2 6.27535E-2 9.5734E-2 8.6936E-2 1.35188E-1 1.77045E-1 1.54137E-1 1.5547E-1 2.06088E-1 9.56853E-2 2.10423E-1 1.46303E-1 9.66441E-2 3.56057E-2 2.36009E-2 -9999 -9999 -9999 -9999 -9999 -9999 -9999 -9999 -9999 -9999 -9999 -9999 -9999 -9999 -9999 -9999 -9999 -9999 -9999 -9999 -9999 -9999 -9999 -9999 -9999 -9999 -9999 -9999 -9999 -9999 -9999 -9999 -9999 -9999 -9999
1.96975E-1 1.31148E-1 1.21665E-1 2.37986E-1 2.07649E-1 7.46933E-2 -9999 6.77938E-2 9.32829E-2 1.41819E-1 6.35927E-2 4.71808E-2 5.08503E-2 -9999 -9999 5.33739E-2 4.32871E-2 4.55594E-2 7.77723E-2 5.6573E-2 9.24117E-2 9.35035E-2 5.488E-2 8.43417E-2 1.0503E-1 9.4848E-2 8.23606E-2 1.22829E-1 1.9059E-1 1.61532E-1 1.10531E-1 6.24719E-2 8.27689E-2 9.82479E-2 1.30168E-1 8.61634E-2 4.49469E-2 2.73458E-2 -9999 -9999 -9999 -9999 -9999 -9999 -9999 -9999 -9999 -9999 -9999 -9999 -9999 -9999 -9999 -9999 -9999 -9999 -9999 -9999 -9999 -9999 -9999 -9999 -9999 -9999 -9999 -9999 -9999 -9999 -9999 -9999 -9999 -9999
-9999 -9999 -9999 1.23228E-1 9.63229E-2 6.49903E-2 6.01935E-2 6.44252E-2 1.03371E-1 1.21303E-1 8.33676E-2 5.53515E-2 3.88131E-2 4.19607E-2 -9999 5.69844E-2 3.69063E-2 4.01331E-2 6.762E-2 6.95831E-2 6.59039E-2 9.56243E-2 6.48711E-2 4.02229E-2 7.53882E-2 9.01061E-2 6.8059E-2 1.26078E-1 2.06266E-1 1.29931E-1 7.07013E-2 6.92238E-2 6.98568E-2 1.11549E-1 1.50359E-1 1.56139E-1 1.1566E-1 4.94779E-2 3.29977E-2 2.04492E-2 -9999 -9999 -9999 -9999 -9999 -9999 -9999 -9999 -9999 -9999 -9999 -9999 -9999 -9999 -9999 -9999 -9999 -9999 -9999 -9999 -9999 -9999 -9999 -9999 -9999 -9999 -9999 -9999 -9999 -9999 -9999 -9999
-9999 9.23482E-2 -9999 1.1174E-1 1.25017E-1 5.8563E-2 5.60753E-2 5.47226E-2 7.25353E-2 8.38729E-2 1.40211E-1 7.73235E-2 1.09861E-1 6.71695E-2 2.9988E-2 4.66072E-2 4.06301E-2 4.06808E-2 6.8836E-2 8.90592E-2 8.81402E-2 9.09326E-2 5.23266E-2 2.85988E-2 5.82806E-2 3.44705E-2 5.0847E-2 1.6102E-1 2.61417E-1 1.46572E-1 7.40304E-2 6.06522E-2 5.54997E-2 6.51935E-2 2.5262E-1 2.20618E-1 1.59102E-1 7.67988E-2 4.22287E-2 2.37152E-2 1.79417E-2 -9999 -9999 -9999 -9999 -9999 -9999 -9999 -9999 -9999 -9999 -9999 -9999 -9999 -9999 -9999 -9999 -9999 -9999 -9999 -9999 -9999 -9999 -9999 -9999 -9999 -9999 -9999 -9999 -9999 -9999 -9999
1.2382E-1 8.68589E-2 1.00869E-1 1.26393E-1 9.45734E-2 6.46778E-2 5.03652E-2 5.5637E-2 8.26054E-2 7.6415E-2 1.00114E-1 1.43479E-1 2.24228E-1 4.13874E-2 2.49567E-2 5.30365E-2 4.70425E-2 5.32828E-2 9.62543E-2 1.04781E-1 8.57874E-2 4.18943E-2 3.03679E-2 3.42217E-2 3.06193E-2 6.33397E-2 1.10902E-1 1.93059E-1 1.75737E-1 1.20362E-1 1.24295E-1 9.70199E-2 6.40818E-2 5.04746E-2 2.52046E-1 2.05518E-1 9.31154E-2 6.57581E-2 4.32533E-2 3.1483E-2 2.04394E-2 1.52536E-2 -9999 -9999 -9999 -9999 -9999 -9999 -9999 -9999 -9999 -9999 -9999 -9999 -9999 -9999 -9999 -9999 -9999 -9999 -9999 -9999 -9999 -9999 -9999 -9999 -9999 -9999 -9999 -9999 -9999 -9999
9.3299E-2 1.20373E-1 1.95603E-1 1.63375E-1 5.75671E-2 6.09824E-2 8.91182E-2 4.96232E-2 7.26518E-2 1.38301E-1 1.64074E-1 3.19429E-1 1.42703E-1 3.49047E-2 2.58662E-2 5.37551E-2 7.2768E-2 1.58922E-1 1.78413E-1 1.42956E-1 6.40431E-2 2.77739E-2 2.71012E-2 3.83305E-2 7.24409E-2 6.81127E-2 1.69422E-1 1.52177E-1 7.23941E-2 1.02831E-1 7.14133E-2 7.27395E-2 5.60099E-2 1.21193E-1 1.12649E-1 7.73017E-2 1.05741E-1 1.25553E-1 7.19555E-2 5.0931E-2 3.63238E-2 1.8007E-2 -9999 -9999 -9999 -9999 -9999 -9999 -9999 -9999 -9999 -9999 -9999 -9999 -9999 -9999 -9999 -9999 -9999 -9999 -9999 -9999 -9999 -9999 -9999 -9999 -9999 -9999 -9999 -9999 -9999 -9999
1.72042E-1 6.6819E-2 1.64993E-1 2.17459E-1 1.09056E-1 9.21465E-2 1.22654E-1 5.12055E-2 1.07865E-1 3.19074E-1 2.68432E-1 9.61327E-2 5.28651E-2 9.13546E-2 3.94059E-2 2.2112E-2 9.45506E-2 2.19664E-1 2.19857E-1 1.81319E-1 7.06475E-2 2.30172E-2 2.3384E-2 3.29525E-2 8.36929E-2 1.46482E-1 1.75164E-1 1.16425E-1 8.94002E-2 8.17087E-2 8.89311E-2 6.45127E-2 6.9265E-2 1.28031E-1 1.22592E-1 9.32783E-2 5.32292E-2 1.04842E-1 7.35733E-2 7.08232E-2 4.74319E-2 2.33673E-2 1.25064E-2 -9999 -9999 -9999 -9999 -9999 -9999 -9999 -9999 -9999 -9999 -9999 -9999 -9999 -9999 -9999 -9999 -9999 -9999 -9999 -9999 -9999 -9999 -9999 -9999 -9999 -9999 -9999 -9999 -9999
9.46999E-2 7.87729E-2 8.39446E-2 1.69181E-1 2.1737E-1 1.25178E-1 1.12557E-1 8.41965E-2 2.21776E-1 3.08957E-1 2.65681E-1 9.72775E-2 1.63869E-1 1.57304E-1 3.36358E-2 4.0291E-2 8.94684E-2 1.71316E-1 1.86832E-1 1.55182E-1 2.84596E-2 1.95539E-2 2.59888E-2 3.22118E-2 1.28114E-1 1.52477E-1 1.40154E-1 6.96436E-2 6.76399E-2 7.06848E-2 1.12486E-1 4.79719E-2 5.20609E-2 9.98695E-2 1.43834E-1 1.0325E-1 7.71654E-2 3.72829E-2 3.99119E-2 3.37673E-2 2.35597E-2 1.56798E-2 1.04365E-2 1.04389E-2 -9999 -9999 -9999 -9999 -9999 -9999 -9999 -9999 -9999 -9999 -9999 -9999 -9999 -9999 -9999 -9999 -9999 -9999 -9999 -9999 -9999 -9999 -9999 -9999 -9999 -9999 -9999 -9999
1.00611E-1 1.19185E-1 1.53471E-1 2.92447E-1 2.80684E-1 2.89977E-1 9.93598E-2 1.4677E-1 2.02225E-1 2.78226E-1 2.93225E-1 1.67617E-1 6.96352E-2 3.98866E-2 2.79475E-2 2.22083E-2 5.05797E-2 9.09291E-2 1.14673E-1 7.89352E-2 2.30744E-2 2.38346E-2 2.2668E-2 3.69108E-2 1.32816E-1 1.10325E-1 9.95685E-2 5.39766E-2 5.93181E-2 1.22852E-1 8.48075E-2 3.98052E-2 8.79845E-2 8.41732E-2 1.36595E-1 1.04591E-1 6.36053E-2 3.98042E-2 2.69908E-2 2.82653E-2 1.82794E-2 1.12389E-2 1.75562E-2 1.65439E-2 -9999 -9999 -9999 -9999 -9999 -9999 -9999 -9999 -9999 -9999 -9999 -9999 -9999 -9999 -9999 -9999 -9999 -9999 -9999 -9999 -9999 -9999 -9999 -9999 -9999 -9999 -9999 -9999
7.4473E-2 1.3944E-1 2.09735E-1 3.40189E-1 3.29714E-1 3.56451E-1 1.51962E-1 2.59538E-1 2.53784E-1 2.30263E-1 2.15524E-1 2.32935E-1 5.98267E-2 4.9536E-2 2.66224E-2 1.83779E-2 6.30243E-2 1.4048E-1 5.9014E-2 2.40338E-2 1.98985E-2 2.47933E-2 3.04124E-2 7.64252E-2 1.08513E-1 6.12776E-2 5.16547E-2 5.5011E-2 5.66049E-2 9.64489E-2 5.2233E-2 4.82771E-2 4.95164E-2 8.87219E-2 1.12108E-1 8.31716E-2 4.18769E-2 6.27062E-2 2.2613E-2 1.90726E-2 1.44433E-2 2.99028E-2 1.97303E-2 1.65587E-2 1.07144E-2 6.81261E-3 -9999 -9999 -9999 -9999 -9999 -9999 -9999 -9999 -9999 -9999 -9999 -9999 -9999 -9999 -9999 -9999 -9999 -9999 -9999 -9999 -9999 -9999 -9999 -9999 -9999 -9999
4.14522E-2 8.34432E-2 2.36606E-1 3.36815E-1 3.29007E-1 3.14347E-1 3.00187E-1 2.55971E-1 1.74095E-1 1.16516E-1 8.0171E-2 1.3963E-1 5.56449E-2 2.45554E-2 1.76314E-2 5.40614E-2 2.127E-2 1.95738E-2 1.36121E-2 2.80759E-2 1.98552E-2 2.16249E-2 4.39387E-2 1.07135E-1 7.57285E-2 7.67661E-2 4.64406E-2 7.05799E-2 9.61293E-2 7.75216E-2 5.8445E-2 4.10441E-2 4.63726E-2 6.59643E-2 9.03521E-2 3.67534E-2 2.26856E-2 3.22269E-2 3.49734E-2 9.03551E-3 1.16705E-2 5.73021E-2 1.20166E-2 1.02389E-2 8.40653E-3 5.93441E-3 -9999 -9999 -9999 -9999 -9999 -9999 -9999 -9999 -9999 -9999 -9999 -9999 -9999 -9999 -9999 -9999 -9999 -9999 -9999 -9999 -9999 -9999 -9999 -9999 -9999 -9999
3.59876E-2 5.0951E-2 2.78923E-1 2.86943E-1 2.92241E-1 2.18686E-1 1.73226E-1 1.14168E-1 1.24907E-1 1.23575E-1 5.66391E-2 3.16114E-2 2.16923E-2 3.25273E-2 8.80706E-2 1.23565E-1 2.9748E-2 2.83188E-2 1.43927E-2 2.49876E-2 1.87739E-2 1.71509E-2 3.22849E-2 9.054E-2 6.76863E-2 5.96076E-2 6.59324E-2 6.04122E-2 8.37489E-2 6.34901E-2 4.8101E-2 3.40348E-2 3.88338E-2 7.93162E-2 3.72554E-2 2.42789E-2 1.57621E-2 1.30003E-2 8.08587E-3 4.63299E-3 1.00001E-2 6.18994E-2 3.26774E-2 1.51302E-2 1.98708E-2 1.06723E-2 5.49144E-3 3.60205E-3 -9999 -9999 -9999 -9999 -9999 -9999 -9999 -9999 -9999 -9999 -9999 -9999 -9999 -9999 -9999 -9999 -9999 -9999 -9999 -9999 -9999 -9999 -9999 -9999
4.04735E-2 3.54176E-2 8.93717E-2 2.35813E-1 2.70848E-1 1.432E-1 1.13308E-1 1.16353E-1 1.63621E-1 9.37446E-2 6.99863E-2 6.85671E-2 3.1354E-2 4.49317E-2 1.15116E-1 1.1495E-1 1.12177E-1 3.88401E-2 1.74432E-2 3.46119E-2 2.01468E-2 1.4002E-2 1.95885E-2 6.72256E-2 7.29559E-2 7.1256E-2 7.35579E-2 6.1471E-2 5.70638E-2 4.81256E-2 3.83034E-2 2.90952E-2 4.32853E-2 6.09515E-2 3.31542E-2 2.53294E-2 2.91932E-2 1.38913E-2 6.57855E-3 6.89364E-3 1.07418E-2 4.70911E-2 4.28434E-2 4.88475E-2 2.92762E-2 1.65098E-2 5.3878E-3 4.02829E-3 4.45067E-3 -9999 -9999 -9999 -9999 -9999 -9999 -9999 -9999 -9999 -9999 -9999 -9999 -9999 -9999 -9999 -9999 -9999 -9999 -9999 -9999 -9999 -9999 -9999
5.44092E-2 7.62758E-2 8.41692E-2 2.0949E-1 2.43171E-1 1.29638E-1 1.66499E-1 1.68808E-1 1.17061E-1 1.09538E-1 1.2675E-1 7.12729E-2 6.43711E-2 1.01699E-1 9.07264E-2 8.81885E-2 1.0732E-1 2.35736E-2 2.59342E-2 4.91311E-2 1.77136E-2 1.1759E-2 3.10331E-2 4.98655E-2 2.62022E-2 6.5255E-2 6.33332E-2 4.47469E-2 3.45428E-2 3.21759E-2 2.54756E-2 4.05267E-2 4.53374E-2 5.05209E-2 1.55248E-2 4.39217E-2 3.09966E-2 1.17156E-2 8.95035E-3 1.61063E-2 7.87944E-3 4.01757E-2 6.15397E-2 5.87667E-2 3.83493E-2 2.77335E-2 6.90742E-3 2.63501E-3 6.02818E-3 8.93738E-3 -9999 -9999 -9999 -9999 -9999 -9999 -9999 -9999 -9999 -9999 -9999 -9999 -9999 -9999 -9999 -9999 -9999 -9999 -9999 -9999 -9999 -9999
6.45425E-2 1.45629E-1 2.12823E-1 1.94655E-1 1.75079E-1 1.7725E-1 1.69038E-1 1.55323E-1 1.35077E-1 9.27885E-2 1.2383E-1 1.20573E-1 1.02481E-1 9.59557E-2 8.38197E-2 8.87578E-2 2.99051E-2 1.29517E-2 1.2824E-2 2.48428E-2 2.35385E-2 1.82086E-2 2.4384E-2 1.53081E-2 1.87759E-2 5.85711E-2 5.27652E-2 3.66341E-2 2.92553E-2 3.97706E-2 3.74048E-2 4.29742E-2 3.38472E-2 4.08753E-2 2.25066E-2 1.37521E-2 2.05477E-2 1.72671E-2 8.74863E-3 4.49048E-3 5.52721E-3 2.45134E-2 4.54124E-2 1.30695E-2 1.11749E-2 1.0169E-2 7.28955E-3 2.89274E-3 4.16575E-3 7.20629E-3 4.63098E-3 2.9355E-3 -9999 -9999 -9999 -9999 -9999 -9999 -9999 -9999 -9999 -9999 -9999 -9999 -9999 -9999 -9999 -9999 -9999 -9999 -9999 -9999
4.60712E-2 9.45683E-2 1.78292E-1 1.66965E-1 1.66465E-1 1.34591E-1 1.41927E-1 1.43149E-1 1.1747E-1 9.99437E-2 9.88762E-2 9.64349E-2 7.93317E-2 8.22735E-2 9.03754E-2 7.65006E-2 2.73471E-2 1.03535E-2 1.47442E-2 2.02008E-2 5.07024E-2 5.94523E-2 3.25479E-2 1.30732E-2 1.44662E-2 4.87283E-2 4.24513E-2 3.92493E-2 3.29015E-2 3.76564E-2 3.23226E-2 3.42601E-2 2.94076E-2 3.79352E-2 3.11667E-2 2.8736E-2 2.38238E-2 7.12207E-3 5.55113E-3 3.85172E-3 4.1093E-3 5.14828E-3 8.84133E-3 4.96705E-3 6.59703E-3 1.69304E-2 7.35778E-3 2.67105E-3 2.84441E-3 6.76246E-3 9.84039E-3 3.0988E-3 1.72342E-3 1.87701E-3 -9999 -9999 -9999 -9999 -9999 -9999 -9999 -9999 -9999 -9999 -9999 -9999 -9999 -9999 -9999 -9999 -9999 -9999
5.08441E-2 1.1036E-1 1.51228E-1 1.47233E-1 1.51785E-1 1.14834E-1 1.04089E-1 1.21484E-1 1.02235E-1 9.80682E-2 7.77911E-2 8.87722E-2 8.69899E-2 6.64789E-2 7.08941E-2 7.61649E-2 5.34208E-2 9.88451E-3 9.20957E-3 4.7565E-2 6.03638E-2 3.05734E-2 1.08335E-2 2.8231E-2 1.42983E-2 2.25611E-2 4.27494E-2 3.6824E-2 2.82497E-2 3.07652E-2 2.99399E-2 3.13371E-2 2.78206E-2 3.02337E-2 3.19819E-2 2.56796E-2 7.35336E-3 4.37583E-3 3.26747E-3 3.27628E-3 5.82656E-3 7.39535E-3 1.09058E-2 4.25826E-3 5.56115E-3 1.89014E-2 2.5979E-2 9.08159E-3 8.75415E-3 3.432E-3 4.93143E-3 1.8384E-3 2.17955E-3 1.64228E-3 -9999 2.46805E-3 -9999 -9999 -9999 -9999 -9999 -9999 -9999 3.35822E-3 -9999 -9999 -9999 -9999 -9999 -9999 -9999 -9999
1.0553E-1 1.51609E-1 1.29816E-1 1.2224E-1 1.31474E-1 1.02774E-1 8.90891E-2 8.68097E-2 9.62286E-2 8.54438E-2 7.72063E-2 7.96408E-2 6.16802E-2 6.90659E-2 3.66779E-2 5.85727E-2 5.78238E-2 1.19635E-2 6.52656E-3 3.18589E-2 4.9614E-2 3.44101E-2 1.27236E-2 2.31729E-2 3.81789E-2 2.55166E-2 3.07915E-2 3.18747E-2 2.68761E-2 3.13532E-2 2.64961E-2 2.20194E-2 1.51105E-2 1.44065E-2 2.0368E-2 1.60718E-2 5.91416E-3 1.08945E-2 2.9845E-3 3.76117E-3 1.46032E-2 1.07456E-2 3.91927E-3 4.98949E-3 5.33846E-3 4.62405E-3 2.09199E-2 2.91194E-2 1.10808E-2 9.58238E-3 6.42717E-3 2.85806E-3 1.04938E-3 1.47196E-3 -9999 2.29376E-3 1.59345E-3 -9999 -9999 1.80238E-3 1.8029E-3 1.89185E-3 1.89592E-3 2.10981E-3 -9999 -9999 3.09189E-3 -9999 -9999 -9999 -9999 -9999
1.38547E-1 1.16153E-1 1.05531E-1 1.10472E-1 1.16754E-1 9.52173E-2 8.18692E-2 8.87722E-2 8.59417E-2 6.93574E-2 6.39379E-2 6.76916E-2 6.61205E-2 3.11099E-2 2.07636E-2 1.61992E-2 8.43558E-3 7.73035E-3 8.0678E-3 1.41526E-2 4.21817E-2 1.96186E-2 1.06917E-2 3.21251E-2 3.35074E-2 3.57759E-2 2.75995E-2 2.2757E-2 2.50421E-2 2.69212E-2 2.25426E-2 2.06588E-2 1.70721E-2 1.43175E-2 9.93115E-3 7.89939E-3 6.81896E-3 4.97286E-3 7.13637E-3 5.02355E-3 1.23572E-2 7.28816E-3 5.49624E-3 4.39017E-3 7.52061E-3 4.76679E-3 3.40636E-3 1.99052E-2 6.32814E-3 2.40126E-3 2.68425E-3 2.34972E-3 1.09088E-3 -9999 -9999 -9999 -9999 1.32357E-3 1.46683E-3 1.5886E-3 1.63944E-3 1.58948E-3 1.71329E-3 1.81885E-3 1.82361E-3 1.83441E-3 -9999 -9999 -9999 -9999 -9999 -9999
1.03365E-1 9.03377E-2 9.62466E-2 1.0382E-1 9.92867E-2 7.94986E-2 7.39582E-2 8.24053E-2 7.83212E-2 6.68828E-2 5.98678E-2 6.75277E-2 6.86605E-2 4.03046E-2 2.57479E-2 1.35756E-2 1.36237E-2 1.0963E-2 8.16074E-3 2.17872E-2 4.23752E-2 1.99484E-2 9.12154E-3 3.36044E-2 3.21238E-2 2.55501E-2 2.68998E-2 1.97393E-2 2.02736E-2 2.36182E-2 2.18387E-2 1.95961E-2 1.90324E-2 1.17773E-2 6.53242E-3 9.29732E-3 9.59211E-3 9.50675E-3 1.00933E-2 5.73794E-3 9.76324E-3 9.25467E-3 1.0523E-2 3.34525E-3 1.07209E-2 9.11417E-3 3.33807E-3 5.93413E-3 2.05412E-3 1.37322E-3 6.52112E-4 7.10557E-4 7.5184E-4 -9999 -9999 -9999 -9999 8.95452E-4 9.25678E-4 1.2165E-3 1.26961E-3 1.29279E-3 1.34085E-3 1.40314E-3 1.45446E-3 1.51596E-3 1.57076E-3 1.56019E-3 1.56564E-3 1.94164E-3 1.93583E-3 1.91093E-3
8.58512E-2 7.55275E-2 7.98819E-2 8.3367E-2 8.32362E-2 6.64789E-2 5.82663E-2 7.20737E-2 5.90283E-2 5.5348E-2 5.07123E-2 5.15204E-2 5.38554E-2 4.31497E-2 4.18741E-2 1.92722E-2 2.06404E-2 2.01171E-2 7.15164E-3 3.12546E-2 3.35062E-2 3.26435E-2 1.05103E-2 2.99209E-2 2.803E-2 2.02098E-2 2.16803E-2 1.5904E-2 2.09529E-2 2.01489E-2 1.75333E-2 1.68915E-2 1.65673E-2 7.94265E-3 1.03815E-2 1.09714E-2 1.47663E-2 8.62632E-3 6.25417E-3 3.4116E-3 5.63375E-3 6.23741E-3 3.78124E-3 3.48502E-3 1.18601E-2 8.08626E-3 9.02785E-3 4.13405E-3 2.20137E-3 9.45406E-4 5.92018E-4 4.72831E-4 -9999 -9999 -9999 -9999 6.75038E-4 7.11399E-4 7.60682E-4 7.8387E-4 7.98531E-4 1.08428E-3 8.91238E-4 1.21221E-3 1.26003E-3 1.29176E-3 1.26491E-3 1.30672E-3 1.32868E-3 1.39725E-3 1.45592E-3 1.50916E-3
7.31973E-2 7.86309E-2 8.60304E-2 7.89735E-2 6.58839E-2 5.58544E-2 5.11774E-2 6.43262E-2 5.08432E-2 5.00526E-2 4.95996E-2 4.45888E-2 4.01909E-2 4.7417E-2 3.7561E-2 2.44065E-2 4.15815E-2 3.2596E-2 1.90277E-2 1.77548E-2 3.28867E-2 2.96703E-2 1.18276E-2 2.3742E-2 2.55989E-2 1.8623E-2 1.78082E-2 1.58904E-2 1.96854E-2 1.9261E-2 1.71718E-2 1.49134E-2 1.28329E-2 5.8486E-3 5.68729E-3 6.84582E-3 7.34309E-3 4.01361E-3 3.93371E-3 3.9623E-3 9.4008E-3 1.54317E-2 5.46582E-3 7.18619E-3 9.2882E-3 8.95268E-3 8.965E-3 1.487E-2 3.10956E-3 1.71966E-3 3.90862E-4 3.76005E-4 -9999 -9999 -9999 4.37176E-4 4.79941E-4 4.89135E-4 4.89135E-4 4.82616E-4 6.33103E-4 9.27172E-4 1.22432E-3 1.32047E-3 1.86378E-3 1.41282E-3 1.13365E-3 1.03637E-3 1.08077E-3 1.1645E-3 1.16216E-3 1.18821E-3
