Artocarpus altilis SDM files/MIS19/results (without bias file)/Artalt_5.asc
ncols         1201
nrows         481
xllcorner     119.99986351115
yllcorner     -15.00013828885
cellsize      0.041666667
NODATA_value  -9999
[rows 320 to 351 of 481, columns 648 to 719 of 1201]
2.21777E-1 2.4616E-1 2.54753E-1 2.5317E-1 2.24053E-1 1.7016E-1 1.54044E-1 1.80823E-1 1.56609E-1 1.3225E-1 1.96817E-1 1.53775E-1 2.59023E-1 2.38232E-1 2.43723E-1 1.56577E-1 1.57631E-1 2.48458E-1 2.35614E-1 2.72385E-1 2.39902E-1 3.15211E-1 3.30916E-1 3.28224E-1 2.66318E-1 2.83497E-1 2.3113E-1 2.38113E-1 2.3172E-1 -9999 -9999 -9999 -9999 -9999 -9999 -9999 -9999 -9999 -9999 -9999 -9999 -9999 -9999 -9999 -9999 -9999 -9999 -9999 -9999 -9999 -9999 -9999 -9999 2.76105E-2 -9999 -9999 -9999 3.50887E-2 -9999 -9999 -9999 -9999 -9999 -9999 -9999 -9999 -9999 -9999 -9999 -9999 -9999 -9999
2.68566E-1 2.40949E-1 2.1485E-1 2.05357E-1 1.79417E-1 1.6157E-1 1.49504E-1 1.72053E-1 1.51471E-1 1.41163E-1 1.75853E-1 1.56209E-1 2.45231E-1 3.26958E-1 2.75895E-1 3.03564E-1 2.44302E-1 2.49215E-1 3.03912E-1 2.807E-1 2.98177E-1 3.78159E-1 3.75309E-1 3.73556E-1 3.24133E-1 3.27365E-1 2.6848E-1 2.84004E-1 2.31899E-1 -9999 -9999 -9999 -9999 -9999 -9999 -9999 -9999 -9999 -9999 -9999 -9999 -9999 -9999 -9999 -9999 -9999 -9999 -9999 -9999 -9999 -9999 -9999 -9999 -9999 -9999 -9999 -9999 -9999 -9999 -9999 -9999 -9999 -9999 -9999 -9999 -9999 -9999 -9999 3.79723E-2 -9999 -9999 -9999
2.79961E-1 2.77738E-1 2.47354E-1 2.07317E-1 1.93612E-1 1.76397E-1 1.7482E-1 1.62733E-1 1.52795E-1 1.45858E-1 1.36691E-1 1.67673E-1 2.16825E-1 2.97184E-1 3.01296E-1 2.41001E-1 1.85384E-1 2.21395E-1 2.48305E-1 3.09721E-1 3.61716E-1 3.53603E-1 3.72292E-1 3.70124E-1 3.74104E-1 3.25668E-1 3.26779E-1 3.28274E-1 2.83444E-1 2.78832E-1 -9999 -9999 -9999 -9999 -9999 -9999 -9999 -9999 -9999 -9999 -9999 -9999 -9999 -9999 -9999 -9999 -9999 -9999 -9999 -9999 -9999 -9999 -9999 -9999 -9999 -9999 -9999 -9999 -9999 -9999 -9999 -9999 -9999 -9999 -9999 -9999 -9999 -9999 -9999 -9999 3.8706E-2 -9999
2.43317E-1 2.23291E-1 2.08953E-1 2.02321E-1 2.01497E-1 2.10642E-1 1.86732E-1 1.61273E-1 1.48495E-1 1.27123E-1 1.42943E-1 1.69768E-1 2.00382E-1 2.69504E-1 2.85626E-1 1.95835E-1 1.65041E-1 2.02377E-1 2.64827E-1 3.099E-1 3.37032E-1 4.25935E-1 4.30487E-1 4.4646E-1 3.68537E-1 3.73203E-1 3.24066E-1 3.27365E-1 3.29735E-1 3.46151E-1 -9999 -9999 -9999 -9999 -9999 -9999 -9999 -9999 -9999 -9999 -9999 -9999 -9999 -9999 -9999 -9999 -9999 -9999 -9999 -9999 -9999 -9999 -9999 -9999 -9999 -9999 -9999 -9999 -9999 -9999 -9999 -9999 -9999 -9999 -9999 -9999 -9999 -9999 -9999 -9999 -9999 -9999
2.82417E-1 2.57368E-1 2.39627E-1 2.23512E-1 1.98796E-1 2.06731E-1 1.89717E-1 1.5701E-1 1.44776E-1 1.75332E-1 1.21972E-1 1.55909E-1 1.8704E-1 2.43029E-1 2.49796E-1 1.71849E-1 2.10786E-1 1.76306E-1 3.03566E-1 3.42233E-1 3.20675E-1 4.12084E-1 5.09509E-1 4.23697E-1 3.67903E-1 3.7628E-1 3.78872E-1 3.99849E-1 3.27297E-1 3.27082E-1 -9999 -9999 -9999 -9999 -9999 -9999 -9999 -9999 -9999 -9999 -9999 -9999 -9999 -9999 -9999 -9999 -9999 -9999 -9999 -9999 -9999 -9999 -9999 -9999 -9999 -9999 -9999 -9999 -9999 -9999 -9999 -9999 -9999 -9999 -9999 -9999 -9999 -9999 -9999 -9999 -9999 -9999
2.70423E-1 2.7573E-1 2.72033E-1 2.54167E-1 2.01523E-1 2.05087E-1 2.22969E-1 1.7015E-1 1.53607E-1 1.59946E-1 1.86018E-1 1.8524E-1 1.99796E-1 2.00139E-1 2.20113E-1 1.74329E-1 1.86826E-1 2.68079E-1 2.70724E-1 2.54715E-1 3.73991E-1 4.10407E-1 4.89592E-1 4.89301E-1 4.25446E-1 4.33748E-1 4.51826E-1 3.77057E-1 3.83756E-1 3.32604E-1 -9999 -9999 -9999 -9999 -9999 -9999 -9999 -9999 -9999 -9999 -9999 -9999 -9999 -9999 -9999 -9999 -9999 -9999 -9999 -9999 -9999 -9999 -9999 -9999 -9999 -9999 -9999 -9999 -9999 -9999 -9999 -9999 -9999 -9999 -9999 -9999 -9999 -9999 -9999 -9999 -9999 -9999
2.6901E-1 2.40709E-1 2.55476E-1 2.48036E-1 2.16741E-1 2.06979E-1 2.29696E-1 1.81761E-1 1.65579E-1 1.49965E-1 1.65833E-1 1.73665E-1 2.15896E-1 1.63222E-1 2.65442E-1 1.94627E-1 1.79713E-1 2.47964E-1 2.7192E-1 2.01435E-1 4.27312E-1 3.98313E-1 4.1027E-1 4.87107E-1 4.00757E-1 4.12014E-1 4.34303E-1 4.38658E-1 3.80045E-1 4.03758E-1 -9999 -9999 -9999 -9999 -9999 -9999 -9999 -9999 -9999 -9999 -9999 -9999 -9999 -9999 -9999 -9999 -9999 -9999 -9999 -9999 -9999 -9999 -9999 -9999 -9999 -9999 -9999 -9999 -9999 -9999 -9999 -9999 -9999 -9999 -9999 -9999 -9999 -9999 -9999 -9999 -9999 -9999
2.81263E-1 2.45477E-1 2.2164E-1 2.06403E-1 1.96216E-1 2.04328E-1 2.26566E-1 1.77957E-1 1.8521E-1 1.58059E-1 1.54392E-1 1.7415E-1 2.00991E-1 2.49437E-1 2.1753E-1 2.6361E-1 2.43584E-1 3.0194E-1 2.69226E-1 2.2849E-1 3.90499E-1 3.58744E-1 3.98572E-1 4.74766E-1 4.73588E-1 4.98772E-1 5.03014E-1 4.17502E-1 4.50548E-1 4.66348E-1 4.77672E-1 5.00781E-1 4.22295E-1 -9999 -9999 -9999 -9999 -9999 -9999 -9999 -9999 -9999 -9999 -9999 -9999 -9999 -9999 -9999 -9999 -9999 -9999 -9999 -9999 -9999 -9999 -9999 -9999 -9999 -9999 -9999 -9999 -9999 -9999 -9999 -9999 -9999 -9999 -9999 -9999 -9999 -9999 -9999
3.02745E-1 2.73739E-1 2.69999E-1 2.05898E-1 1.99634E-1 2.00378E-1 2.20779E-1 2.03048E-1 2.19564E-1 1.56221E-1 1.37871E-1 1.57264E-1 2.09088E-1 2.23232E-1 1.88196E-1 3.07009E-1 2.74478E-1 2.17388E-1 2.26251E-1 2.73062E-1 2.51836E-1 3.81221E-1 4.39204E-1 3.9332E-1 4.63436E-1 4.63569E-1 4.63029E-1 3.99205E-1 4.32571E-1 4.27465E-1 4.51887E-1 4.83491E-1 4.80035E-1 4.03056E-1 -9999 -9999 -9999 -9999 -9999 -9999 -9999 -9999 -9999 -9999 -9999 -9999 -9999 -9999 -9999 -9999 -9999 -9999 -9999 -9999 -9999 -9999 -9999 -9999 -9999 -9999 -9999 -9999 -9999 -9999 -9999 -9999 -9999 -9999 -9999 -9999 -9999 -9999
3.21182E-1 2.87968E-1 2.57154E-1 2.34121E-1 2.2066E-1 2.0432E-1 2.24932E-1 2.26647E-1 2.19306E-1 1.68076E-1 1.4278E-1 1.58685E-1 1.9438E-1 1.51923E-1 2.22514E-1 2.12187E-1 2.5944E-1 2.15021E-1 1.86887E-1 2.16949E-1 2.26573E-1 3.13124E-1 3.56452E-1 3.63626E-1 4.47327E-1 4.89657E-1 4.50281E-1 4.72818E-1 4.97933E-1 4.14098E-1 4.32605E-1 4.62528E-1 3.78257E-1 3.83049E-1 3.31707E-1 -9999 -9999 -9999 -9999 -9999 -9999 -9999 -9999 -9999 -9999 -9999 -9999 -9999 -9999 -9999 -9999 -9999 -9999 -9999 -9999 -9999 -9999 -9999 -9999 -9999 -9999 -9999 -9999 -9999 -9999 -9999 -9999 -9999 -9999 -9999 -9999 -9999
2.91952E-1 2.59768E-1 2.69239E-1 2.78239E-1 2.2571E-1 2.12961E-1 2.22572E-1 2.30875E-1 1.76275E-1 1.47953E-1 1.46074E-1 1.39633E-1 1.36932E-1 1.50313E-1 1.97037E-1 2.05949E-1 2.77412E-1 2.1104E-1 1.67571E-1 1.93341E-1 1.84547E-1 2.46425E-1 2.89898E-1 3.80613E-1 4.50828E-1 4.78806E-1 4.63619E-1 4.82224E-1 4.63015E-1 4.65904E-1 4.06214E-1 4.27663E-1 3.65519E-1 3.87256E-1 3.16525E-1 3.35203E-1 -9999 -9999 -9999 -9999 -9999 -9999 -9999 -9999 -9999 -9999 -9999 -9999 -9999 -9999 -9999 -9999 -9999 -9999 -9999 -9999 -9999 -9999 -9999 -9999 -9999 -9999 -9999 -9999 -9999 -9999 -9999 -9999 -9999 -9999 -9999 -9999
3.16633E-1 2.75845E-1 2.87656E-1 2.67903E-1 2.40733E-1 2.26332E-1 2.35876E-1 1.92689E-1 2.11175E-1 1.74566E-1 1.44969E-1 1.36166E-1 1.28223E-1 1.54421E-1 2.0327E-1 1.9678E-1 2.82865E-1 1.99983E-1 1.5494E-1 1.61965E-1 2.00594E-1 2.5056E-1 4.19292E-1 4.26595E-1 4.57397E-1 4.33751E-1 4.17574E-1 4.20046E-1 4.37014E-1 4.76344E-1 4.54891E-1 4.10286E-1 3.55425E-1 3.73389E-1 3.04731E-1 3.18196E-1 -9999 -9999 -9999 -9999 -9999 -9999 -9999 -9999 -9999 -9999 -9999 -9999 -9999 -9999 -9999 -9999 1.7504E-1 -9999 -9999 -9999 -9999 -9999 -9999 -9999 -9999 -9999 -9999 -9999 -9999 -9999 -9999 -9999 -9999 -9999 -9999 -9999
3.04428E-1 2.93835E-1 3.05828E-1 3.02321E-1 2.27897E-1 2.18526E-1 2.33616E-1 2.25837E-1 2.39717E-1 1.79839E-1 1.39155E-1 1.39236E-1 1.32333E-1 1.73592E-1 2.12983E-1 2.27776E-1 2.00783E-1 2.18905E-1 2.22859E-1 1.63816E-1 1.85235E-1 2.3645E-1 2.38337E-1 4.05049E-1 4.25111E-1 3.82512E-1 3.52168E-1 3.43706E-1 3.38567E-1 3.80256E-1 4.36821E-1 4.68125E-1 4.84108E-1 3.54632E-1 3.01923E-1 3.17026E-1 -9999 -9999 -9999 -9999 -9999 -9999 -9999 -9999 -9999 -9999 -9999 -9999 -9999 -9999 -9999 -9999 1.74721E-1 -9999 -9999 -9999 -9999 -9999 -9999 -9999 -9999 -9999 -9999 -9999 -9999 -9999 -9999 -9999 -9999 -9999 -9999 -9999
3.30405E-1 3.19345E-1 2.98134E-1 2.96803E-1 2.30621E-1 2.21762E-1 2.37492E-1 2.44044E-1 2.54659E-1 2.18357E-1 1.56475E-1 1.68262E-1 1.34394E-1 1.63116E-1 1.58438E-1 2.03397E-1 2.29184E-1 1.98618E-1 2.27757E-1 2.25451E-1 1.77964E-1 2.17519E-1 2.62955E-1 3.58685E-1 3.82925E-1 3.22321E-1 3.05256E-1 3.03407E-1 2.98487E-1 3.20161E-1 3.81313E-1 3.81947E-1 4.01035E-1 4.4984E-1 4.17619E-1 2.99835E-1 -9999 -9999 -9999 -9999 -9999 -9999 -9999 -9999 -9999 -9999 -9999 -9999 -9999 -9999 -9999 -9999 -9999 -9999 -9999 -9999 -9999 -9999 -9999 -9999 -9999 -9999 -9999 -9999 -9999 -9999 -9999 -9999 -9999 -9999 -9999 -9999
3.66399E-1 3.35364E-1 3.17953E-1 3.05231E-1 2.41086E-1 2.33897E-1 2.41715E-1 2.56092E-1 2.65097E-1 2.77045E-1 2.12897E-1 1.84843E-1 1.34576E-1 1.26611E-1 1.63746E-1 1.76527E-1 2.06179E-1 2.38953E-1 2.40818E-1 2.32839E-1 2.36949E-1 2.55026E-1 2.66053E-1 3.56153E-1 3.41612E-1 3.06794E-1 2.91457E-1 2.676E-1 2.66632E-1 3.14968E-1 3.33232E-1 3.26465E-1 3.16501E-1 3.16492E-1 3.32473E-1 3.39675E-1 2.98794E-1 -9999 -9999 -9999 -9999 -9999 -9999 -9999 -9999 -9999 -9999 -9999 -9999 -9999 -9999 -9999 -9999 -9999 -9999 -9999 -9999 2.68488E-1 -9999 -9999 -9999 -9999 -9999 -9999 -9999 -9999 -9999 -9999 -9999 -9999 -9999 -9999
3.91219E-1 3.33019E-1 3.1917E-1 3.08586E-1 2.69667E-1 2.56467E-1 2.69054E-1 2.74241E-1 2.85628E-1 2.41415E-1 1.97811E-1 1.66284E-1 1.46765E-1 1.25567E-1 1.33857E-1 1.62409E-1 1.84096E-1 2.25562E-1 2.64693E-1 2.51057E-1 2.71068E-1 2.94037E-1 3.07617E-1 2.91688E-1 3.12167E-1 2.95041E-1 2.75076E-1 2.21753E-1 2.12463E-1 2.71019E-1 3.18499E-1 2.80859E-1 2.79707E-1 2.80393E-1 2.4144E-1 2.34229E-1 2.74124E-1 -9999 -9999 -9999 -9999 -9999 -9999 -9999 -9999 -9999 -9999 -9999 -9999 -9999 -9999 -9999 -9999 -9999 -9999 -9999 -9999 -9999 -9999 -9999 -9999 -9999 -9999 -9999 -9999 -9999 -9999 -9999 -9999 -9999 -9999 -9999
4.54492E-1 3.85435E-1 3.40121E-1 3.12605E-1 2.85569E-1 2.8311E-1 2.77077E-1 2.7948E-1 2.98204E-1 2.46347E-1 2.1133E-1 1.93867E-1 1.69036E-1 1.33541E-1 1.64388E-1 1.4166E-1 1.76488E-1 1.94481E-1 1.98854E-1 1.97471E-1 2.12813E-1 2.13284E-1 2.2962E-1 2.61153E-1 2.61416E-1 2.8949E-1 2.85105E-1 1.89234E-1 1.9208E-1 2.58164E-1 2.82419E-1 2.12755E-1 1.47885E-1 2.03869E-1 1.67477E-1 2.0433E-1 3.2297E-1 -9999 -9999 -9999 -9999 -9999 -9999 -9999 -9999 -9999 -9999 -9999 -9999 -9999 -9999 4.92383E-1 -9999 4.44532E-1 4.49702E-1 -9999 -9999 -9999 -9999 -9999 -9999 -9999 -9999 -9999 -9999 -9999 -9999 -9999 -9999 -9999 -9999 -9999
5.65784E-1 4.67643E-1 4.67166E-1 3.62712E-1 3.24694E-1 2.81036E-1 3.44308E-1 3.2405E-1 3.04469E-1 2.80621E-1 2.73415E-1 2.18973E-1 1.78819E-1 1.92752E-1 2.09352E-1 1.7153E-1 1.43106E-1 1.84428E-1 1.75533E-1 1.55445E-1 1.81889E-1 1.5275E-1 1.55638E-1 2.2007E-1 2.41166E-1 2.61873E-1 2.77624E-1 2.79243E-1 2.80172E-1 2.83656E-1 2.56007E-1 1.6027E-1 1.36362E-1 1.36277E-1 1.57856E-1 2.43295E-1 3.31363E-1 2.79546E-1 -9999 -9999 -9999 -9999 -9999 -9999 -9999 -9999 -9999 -9999 -9999 6.31019E-1 5.73822E-1 6.14901E-1 5.98183E-1 5.89989E-1 5.77418E-1 3.49494E-1 -9999 -9999 -9999 -9999 -9999 -9999 -9999 -9999 -9999 -9999 -9999 -9999 -9999 -9999 -9999 -9999
5.82288E-1 5.43703E-1 5.8592E-1 5.07364E-1 4.79907E-1 4.38231E-1 3.56895E-1 3.1219E-1 3.12278E-1 2.80072E-1 2.41242E-1 2.23064E-1 2.33783E-1 2.39382E-1 2.29793E-1 2.27962E-1 1.75855E-1 1.75605E-1 1.665E-1 1.48516E-1 1.60104E-1 1.43621E-1 1.73315E-1 1.89546E-1 2.25003E-1 2.40112E-1 2.47877E-1 2.21443E-1 2.32628E-1 1.47105E-1 1.48878E-1 1.96023E-1 2.53115E-1 2.06628E-1 2.7527E-1 2.35757E-1 2.83817E-1 2.77253E-1 3.46057E-1 -9999 -9999 -9999 -9999 -9999 -9999 3.64157E-1 3.62557E-1 3.81266E-1 4.65405E-1 5.80678E-1 4.34538E-1 4.62709E-1 4.76954E-1 4.35319E-1 3.46911E-1 2.20989E-1 -9999 -9999 -9999 -9999 -9999 -9999 -9999 -9999 -9999 -9999 -9999 -9999 -9999 -9999 -9999 -9999
5.61104E-1 5.988E-1 6.06704E-1 5.69736E-1 5.6121E-1 5.23245E-1 4.02368E-1 2.95066E-1 2.84771E-1 2.80296E-1 2.61789E-1 2.33462E-1 2.52167E-1 2.47917E-1 2.30797E-1 2.0251E-1 1.94446E-1 1.68475E-1 1.56453E-1 1.41166E-1 1.16713E-1 1.34403E-1 1.47367E-1 1.61945E-1 2.19743E-1 2.41431E-1 1.90348E-1 1.3504E-1 2.03359E-1 2.26669E-1 2.62081E-1 2.55667E-1 2.09707E-1 2.64191E-1 2.72078E-1 2.30826E-1 1.92175E-1 2.55069E-1 3.31737E-1 3.33991E-1 3.35878E-1 3.36635E-1 3.51888E-1 2.87186E-1 2.89881E-1 3.62557E-1 3.63757E-1 5.16227E-1 5.62709E-1 5.31684E-1 3.6834E-1 3.25325E-1 3.24317E-1 2.44003E-1 1.75531E-1 1.68092E-1 -9999 -9999 -9999 -9999 -9999 -9999 -9999 -9999 -9999 -9999 -9999 -9999 -9999 -9999 -9999 -9999
5.44057E-1 5.84313E-1 6.24696E-1 5.75859E-1 5.86823E-1 5.49327E-1 4.62419E-1 3.37364E-1 3.2598E-1 2.86111E-1 2.72568E-1 2.62479E-1 2.48389E-1 2.50629E-1 2.3467E-1 2.29685E-1 2.05931E-1 1.79307E-1 1.68158E-1 1.30213E-1 1.25195E-1 1.42613E-1 1.51924E-1 1.66497E-1 1.99927E-1 1.69883E-1 1.6304E-1 1.55828E-1 1.56189E-1 2.44341E-1 2.68152E-1 2.55563E-1 2.07654E-1 2.86726E-1 1.9333E-1 1.34584E-1 1.42482E-1 2.31287E-1 2.54764E-1 2.66132E-1 3.33238E-1 2.70264E-1 2.72833E-1 2.74772E-1 2.78029E-1 2.7934E-1 5.09404E-1 4.95871E-1 4.0216E-1 3.60375E-1 3.46795E-1 2.48278E-1 1.64321E-1 1.30001E-1 1.85174E-1 2.01619E-1 -9999 -9999 -9999 -9999 -9999 -9999 -9999 -9999 -9999 -9999 -9999 -9999 -9999 -9999 -9999 -9999
5.18628E-1 5.71675E-1 6.17065E-1 5.76776E-1 5.78414E-1 5.57812E-1 5.1911E-1 4.53075E-1 4.08189E-1 3.51682E-1 3.07534E-1 2.87548E-1 2.59317E-1 2.49164E-1 2.40419E-1 2.33568E-1 1.98585E-1 1.7206E-1 1.70431E-1 1.56742E-1 1.31509E-1 1.5496E-1 1.65114E-1 1.72296E-1 1.74663E-1 1.92846E-1 1.57565E-1 1.84036E-1 1.5149E-1 2.40286E-1 2.66672E-1 2.49545E-1 2.62827E-1 2.11982E-1 1.68874E-1 1.77306E-1 2.79076E-1 2.8426E-1 2.5176E-1 2.65185E-1 3.30614E-1 2.58752E-1 2.6061E-1 2.08935E-1 1.67615E-1 2.22077E-1 5.27967E-1 4.07903E-1 3.39359E-1 2.56734E-1 1.33925E-1 8.78209E-2 1.44667E-1 2.15879E-1 2.05922E-1 1.43453E-1 -9999 -9999 -9999 -9999 -9999 -9999 -9999 -9999 -9999 -9999 -9999 -9999 -9999 -9999 -9999 -9999
5.59176E-1 5.0002E-1 5.33438E-1 5.73447E-1 5.33873E-1 5.79943E-1 5.00237E-1 4.33438E-1 3.8459E-1 3.19639E-1 3.06005E-1 2.75514E-1 2.5641E-1 2.47195E-1 2.35647E-1 2.36937E-1 1.91662E-1 1.79761E-1 1.61923E-1 1.65757E-1 1.45263E-1 1.53195E-1 1.67116E-1 1.28244E-1 1.72757E-1 1.5204E-1 2.11219E-1 1.9791E-1 2.10158E-1 2.48556E-1 2.62012E-1 2.44375E-1 2.56011E-1 2.97465E-1 2.73782E-1 2.21497E-1 2.71812E-1 1.77052E-1 2.45816E-1 2.6177E-1 3.14629E-1 2.55069E-1 2.04084E-1 2.07136E-1 1.64874E-1 1.74236E-1 4.59603E-1 3.942E-1 3.13897E-1 9.61045E-2 1.46746E-1 2.18582E-1 2.48021E-1 2.25737E-1 -9999 -9999 -9999 -9999 -9999 -9999 -9999 -9999 -9999 -9999 -9999 -9999 -9999 -9999 -9999 -9999 -9999 -9999
5.52586E-1 5.13459E-1 5.07251E-1 4.99313E-1 5.27311E-1 5.841E-1 4.27379E-1 3.16661E-1 3.67686E-1 3.25924E-1 2.97825E-1 2.78004E-1 2.76233E-1 2.66914E-1 2.37226E-1 2.37658E-1 2.17421E-1 1.93208E-1 1.14037E-1 1.17678E-1 1.41463E-1 1.32209E-1 1.55265E-1 9.44186E-2 1.4949E-1 1.67912E-1 2.04243E-1 2.43608E-1 1.36659E-1 2.24461E-1 2.63566E-1 2.75603E-1 2.78895E-1 2.48577E-1 1.59787E-1 2.16958E-1 2.16477E-1 1.4085E-1 2.30677E-1 2.42161E-1 3.0665E-1 2.45271E-1 1.97204E-1 1.97941E-1 1.64455E-1 1.72049E-1 1.67615E-1 1.94925E-1 7.79664E-2 9.6012E-2 2.05412E-1 2.43581E-1 2.1372E-1 1.51996E-1 -9999 -9999 -9999 -9999 -9999 -9999 -9999 -9999 -9999 -9999 -9999 -9999 -9999 -9999 -9999 -9999 -9999 -9999
5.8835E-1 6.80783E-1 5.19064E-1 4.09201E-1 4.84556E-1 5.71782E-1 5.34674E-1 4.21467E-1 3.11456E-1 3.74175E-1 3.17227E-1 2.85974E-1 2.78826E-1 2.69448E-1 2.21449E-1 2.17667E-1 2.06983E-1 1.40604E-1 1.79526E-1 1.75922E-1 1.31917E-1 9.02977E-2 1.15851E-1 1.04764E-1 1.64561E-1 1.85643E-1 1.89005E-1 2.27223E-1 2.18488E-1 2.30621E-1 2.66406E-1 2.30005E-1 1.9769E-1 9.46402E-2 1.16512E-1 1.2022E-1 1.29516E-1 1.05557E-1 2.01433E-1 2.29981E-1 1.86957E-1 1.91069E-1 1.84569E-1 1.54578E-1 1.64038E-1 1.65293E-1 1.65503E-1 1.16564E-1 7.43027E-2 1.11413E-1 2.5834E-1 2.53165E-1 1.82544E-1 1.51801E-1 -9999 -9999 -9999 -9999 -9999 -9999 -9999 -9999 -9999 -9999 -9999 -9999 -9999 -9999 -9999 -9999 -9999 -9999
5.87057E-1 6.622E-1 5.46017E-1 2.96969E-1 3.39734E-1 5.12133E-1 3.42263E-1 4.91043E-1 3.97059E-1 3.50971E-1 2.92891E-1 2.80253E-1 2.67173E-1 2.59943E-1 2.11108E-1 2.38592E-1 2.16126E-1 2.18457E-1 2.31631E-1 2.17398E-1 1.4231E-1 1.37273E-1 1.91226E-1 1.17421E-1 1.72993E-1 1.97717E-1 1.3814E-1 2.18816E-1 2.22657E-1 1.82997E-1 2.3767E-1 1.18933E-1 9.85884E-2 1.33032E-1 1.50729E-1 1.21573E-1 1.64562E-1 1.34753E-1 1.60359E-1 2.03931E-1 1.84068E-1 1.8058E-1 1.45917E-1 1.5312E-1 1.55966E-1 1.62792E-1 1.65293E-1 1.66134E-1 9.51412E-2 1.49854E-1 1.98772E-1 1.79586E-1 1.49295E-1 -9999 -9999 -9999 -9999 -9999 -9999 -9999 -9999 -9999 -9999 -9999 -9999 -9999 -9999 -9999 -9999 -9999 -9999 -9999
5.57738E-1 5.92622E-1 4.36312E-1 2.81711E-1 2.40899E-1 3.76424E-1 4.37852E-1 5.19823E-1 3.33222E-1 3.06737E-1 2.96189E-1 2.8669E-1 2.73672E-1 2.7357E-1 2.66733E-1 2.5456E-1 2.40775E-1 2.41006E-1 2.39067E-1 1.99186E-1 1.54984E-1 1.53581E-1 1.08551E-1 1.37394E-1 1.60929E-1 1.20934E-1 2.12463E-1 2.05482E-1 1.25804E-1 1.76141E-1 1.40475E-1 1.10168E-1 1.42834E-1 1.86829E-1 1.18566E-1 2.01404E-1 1.68656E-1 1.73346E-1 1.10992E-1 1.71045E-1 1.67942E-1 1.77779E-1 1.74945E-1 1.93454E-1 1.9525E-1 1.96469E-1 1.98681E-1 1.52102E-1 1.59994E-1 1.27569E-1 1.27735E-1 1.40611E-1 1.41338E-1 -9999 -9999 -9999 -9999 -9999 -9999 -9999 -9999 -9999 -9999 -9999 -9999 -9999 -9999 -9999 -9999 -9999 -9999 -9999
4.02546E-1 4.6647E-1 3.04882E-1 4.27855E-1 2.83592E-1 2.9701E-1 4.66151E-1 4.64084E-1 3.39416E-1 3.08799E-1 2.99623E-1 2.93233E-1 2.77645E-1 2.72383E-1 2.83509E-1 2.59924E-1 2.64179E-1 2.46838E-1 2.21383E-1 2.08889E-1 2.08608E-1 2.08974E-1 1.60118E-1 2.0016E-1 2.09312E-1 1.22936E-1 1.00568E-1 1.08032E-1 1.56679E-1 1.69993E-1 2.65931E-1 2.7134E-1 1.93505E-1 1.20912E-1 1.21805E-1 2.05489E-1 1.69999E-1 1.34291E-1 1.07502E-1 1.12057E-1 1.40793E-1 1.74467E-1 1.8058E-1 1.8228E-1 1.86847E-1 2.36933E-1 2.27721E-1 1.83589E-1 1.9268E-1 1.94612E-1 1.61631E-1 1.70182E-1 1.40974E-1 -9999 -9999 -9999 -9999 -9999 -9999 -9999 -9999 -9999 -9999 -9999 -9999 -9999 -9999 -9999 -9999 -9999 -9999 -9999
-9999 3.99608E-1 3.48262E-1 3.75935E-1 3.71061E-1 3.05343E-1 2.85537E-1 2.91054E-1 3.89704E-1 2.92008E-1 2.9654E-1 2.93085E-1 2.78787E-1 2.93565E-1 2.97512E-1 2.72989E-1 2.66336E-1 2.60271E-1 2.4416E-1 2.20999E-1 2.21916E-1 2.42846E-1 2.403E-1 2.22741E-1 1.98451E-1 8.77E-2 1.6809E-1 1.40346E-1 1.93059E-1 1.61501E-1 1.73624E-1 2.68724E-1 2.49224E-1 1.99725E-1 2.56229E-1 2.74249E-1 1.7788E-1 1.09556E-1 8.31317E-2 1.09579E-1 1.20001E-1 1.81043E-1 2.88271E-1 3.59677E-1 3.28751E-1 3.31365E-1 2.44177E-1 2.1229E-1 2.22599E-1 3.34101E-1 2.71961E-1 1.743E-1 1.64116E-1 1.7936E-1 -9999 -9999 -9999 -9999 -9999 -9999 -9999 -9999 -9999 -9999 -9999 -9999 -9999 -9999 -9999 -9999 -9999 -9999
3.63553E-1 3.4529E-1 3.11272E-1 -9999 3.09727E-1 3.45473E-1 2.45815E-1 3.18406E-1 4.12366E-1 3.31924E-1 2.93988E-1 2.98938E-1 2.88589E-1 2.89971E-1 3.21004E-1 2.96982E-1 2.92915E-1 2.32003E-1 2.28973E-1 2.22747E-1 2.24238E-1 2.47048E-1 2.30351E-1 2.10391E-1 1.80411E-1 1.23417E-1 2.00186E-1 2.15522E-1 2.38644E-1 1.31267E-1 1.37569E-1 1.09428E-1 1.9133E-1 2.54164E-1 2.06842E-1 1.74704E-1 1.87025E-1 1.97318E-1 1.17118E-1 1.08939E-1 1.11354E-1 2.21958E-1 2.25982E-1 2.10989E-1 2.05269E-1 1.89111E-1 1.46155E-1 3.04584E-1 3.44179E-1 3.32245E-1 2.70377E-1 1.60257E-1 1.50431E-1 1.72348E-1 2.27292E-1 2.39081E-1 2.3966E-1 -9999 -9999 -9999 -9999 -9999 -9999 -9999 -9999 -9999 -9999 -9999 -9999 -9999 -9999 -9999
-9999 -9999 -9999 -9999 -9999 2.91562E-1 2.58168E-1 2.98982E-1 3.32254E-1 4.26041E-1 3.18645E-1 2.87701E-1 3.11091E-1 3.05631E-1 2.95468E-1 2.88254E-1 2.79864E-1 3.00529E-1 2.40281E-1 2.35689E-1 2.20618E-1 2.25003E-1 1.70792E-1 2.33292E-1 1.82805E-1 1.03007E-1 2.10487E-1 2.26309E-1 2.37031E-1 2.52997E-1 2.30381E-1 1.10144E-1 1.14059E-1 1.21724E-1 1.27079E-1 1.66133E-1 1.7984E-1 1.94891E-1 2.12934E-1 1.259E-1 8.69128E-2 5.20848E-2 6.80127E-2 1.12282E-1 2.19335E-1 1.63222E-1 2.9272E-1 2.70172E-1 2.7264E-1 1.71798E-1 1.93039E-1 1.25999E-1 1.48996E-1 1.90616E-1 2.18132E-1 2.74245E-1 2.29799E-1 2.98779E-1 3.85413E-1 -9999 -9999 -9999 -9999 -9999 -9999 -9999 -9999 -9999 -9999 -9999 -9999 -9999
-9999 -9999 -9999 -9999 -9999 -9999 -9999 -9999 3.28708E-1 3.30767E-1 3.65902E-1 3.10815E-1 3.2031E-1 2.45002E-1 3.00169E-1 2.87844E-1 2.84652E-1 2.99302E-1 1.8783E-1 2.74621E-1 2.33515E-1 1.82621E-1 2.28245E-1 1.35003E-1 1.3169E-1 1.23152E-1 8.80241E-2 1.19492E-1 1.25159E-1 1.68649E-1 1.81698E-1 1.89514E-1 1.4718E-1 7.03104E-2 1.57502E-1 1.2793E-1 1.01356E-1 1.36726E-1 1.52424E-1 2.14896E-1 1.73277E-1 1.28362E-1 1.24152E-1 1.86731E-1 2.79622E-1 2.97463E-1 2.61621E-1 2.22654E-1 1.15789E-1 8.55284E-2 1.27352E-1 1.19137E-1 1.28621E-1 1.55104E-1 1.9301E-1 2.62283E-1 3.54386E-1 3.53993E-1 3.69794E-1 5.97761E-1 5.998E-1 5.94995E-1 6.3716E-1 6.49364E-1 6.67754E-1 6.65498E-1 6.38789E-1 6.9161E-1 6.58961E-1 -9999 -9999 -9999
