Artocarpus altilis SDM files/MIS19/results (without bias file)/Artalt_max.asc
ncols         1201
nrows         481
xllcorner     119.99986351115
yllcorner     -15.00013828885
cellsize      0.041666667
NODATA_value  -9999
[rows 320 to 351 of 481, columns 504 to 575 of 1201]
3.13666E-1 3.2221E-1 3.10241E-1 3.14803E-1 3.1504E-1 3.27581E-1 3.24739E-1 3.25212E-1 3.27573E-1 3.33957E-1 3.31171E-1 3.4484E-1 3.48485E-1 3.53381E-1 3.52542E-1 3.4587E-1 3.42796E-1 3.70948E-1 3.79222E-1 3.80805E-1 3.77724E-1 3.93368E-1 4.04392E-1 4.18834E-1 3.96077E-1 3.94594E-1 4.09849E-1 4.25163E-1 4.42641E-1 4.42098E-1 4.2415E-1 4.50678E-1 4.44376E-1 4.59235E-1 4.67494E-1 4.70969E-1 4.82152E-1 4.96726E-1 5.25005E-1 5.31065E-1 5.22905E-1 5.50612E-1 5.51765E-1 5.61155E-1 5.71349E-1 5.74313E-1 5.79369E-1 5.89159E-1 5.88522E-1 5.91536E-1 6.13229E-1 6.26037E-1 6.33892E-1 6.45002E-1 6.81287E-1 6.62511E-1 6.606E-1 6.86846E-1 6.84123E-1 6.90815E-1 7.25483E-1 7.08176E-1 7.3082E-1 7.39507E-1 -9999 -9999 -9999 -9999 -9999 -9999 -9999 -9999
3.06616E-1 3.13385E-1 3.21556E-1 3.17115E-1 3.10062E-1 3.18418E-1 3.29706E-1 3.25961E-1 3.3535E-1 3.21256E-1 3.26049E-1 3.3303E-1 3.34511E-1 3.53049E-1 3.35153E-1 3.41248E-1 3.47198E-1 3.63776E-1 3.6519E-1 3.64052E-1 3.76124E-1 3.89782E-1 3.92299E-1 3.97303E-1 3.95139E-1 4.03294E-1 4.29244E-1 4.16914E-1 4.26458E-1 4.09839E-1 4.31372E-1 4.41813E-1 4.55639E-1 4.69461E-1 4.6771E-1 4.90336E-1 5.03545E-1 4.99621E-1 5.13694E-1 5.12254E-1 5.27366E-1 5.41776E-1 5.46346E-1 5.56495E-1 5.67861E-1 5.73434E-1 5.8651E-1 5.80041E-1 6.05012E-1 6.07943E-1 6.12629E-1 6.19202E-1 6.48941E-1 6.73559E-1 6.62331E-1 6.60646E-1 6.81003E-1 6.73263E-1 6.82233E-1 6.92682E-1 7.0439E-1 7.17695E-1 7.10762E-1 7.06984E-1 7.29244E-1 -9999 -9999 -9999 -9999 -9999 -9999 -9999
3.01674E-1 3.08615E-1 3.08349E-1 3.06265E-1 3.06652E-1 3.11287E-1 3.15907E-1 3.24519E-1 3.20956E-1 3.21337E-1 3.19744E-1 3.3919E-1 3.35441E-1 3.35228E-1 3.38518E-1 3.43843E-1 3.38336E-1 3.4093E-1 3.47356E-1 3.58189E-1 3.63129E-1 3.80694E-1 3.75743E-1 3.86718E-1 3.85964E-1 3.81345E-1 4.0298E-1 4.25553E-1 4.18335E-1 4.16857E-1 4.08679E-1 4.333E-1 4.32738E-1 4.51513E-1 4.57599E-1 4.86083E-1 4.87539E-1 5.05694E-1 5.1101E-1 5.02623E-1 5.28491E-1 5.38394E-1 5.57966E-1 5.64146E-1 5.56623E-1 5.79137E-1 5.76772E-1 5.98618E-1 6.06673E-1 6.03006E-1 6.36882E-1 6.31579E-1 6.51308E-1 6.62055E-1 6.43066E-1 6.77741E-1 6.73743E-1 6.73775E-1 6.92822E-1 6.86506E-1 7.17487E-1 7.11701E-1 7.04614E-1 7.19181E-1 7.22347E-1 -9999 -9999 -9999 -9999 -9999 -9999 -9999
3.00563E-1 3.09602E-1 3.12767E-1 3.22275E-1 3.17986E-1 3.07213E-1 3.09806E-1 3.16088E-1 3.20853E-1 3.24473E-1 3.30719E-1 3.29079E-1 3.26706E-1 3.23631E-1 3.39814E-1 3.38078E-1 3.36875E-1 3.5171E-1 3.374E-1 3.40623E-1 3.52159E-1 3.60708E-1 3.64968E-1 3.90268E-1 3.88479E-1 3.81422E-1 4.02182E-1 4.02285E-1 4.05675E-1 4.30247E-1 4.06774E-1 4.15054E-1 4.24021E-1 4.39986E-1 4.60495E-1 4.84062E-1 4.86801E-1 4.99662E-1 4.96608E-1 4.89878E-1 5.18213E-1 5.37881E-1 5.41664E-1 5.4168E-1 5.57651E-1 5.52341E-1 5.85563E-1 5.93496E-1 6.0715E-1 6.12284E-1 6.33559E-1 6.34136E-1 6.54625E-1 6.59436E-1 6.6355E-1 6.62247E-1 6.77562E-1 6.75086E-1 6.89484E-1 6.95843E-1 7.08283E-1 7.12735E-1 7.24759E-1 7.23E-1 7.45002E-1 7.53166E-1 7.53046E-1 -9999 -9999 -9999 -9999 -9999
2.94648E-1 3.22651E-1 3.04788E-1 3.05997E-1 3.13842E-1 3.04091E-1 3.08607E-1 3.11354E-1 3.18316E-1 3.21502E-1 3.20509E-1 3.25016E-1 3.22707E-1 3.36321E-1 3.28481E-1 3.36835E-1 3.46116E-1 3.40208E-1 3.43137E-1 3.35133E-1 3.40551E-1 3.45021E-1 3.50419E-1 3.65874E-1 3.76628E-1 3.65806E-1 3.87354E-1 3.93954E-1 4.06789E-1 4.09069E-1 4.04297E-1 4.0446E-1 4.17187E-1 4.28264E-1 4.45538E-1 4.50046E-1 4.78476E-1 4.93218E-1 4.8613E-1 4.90095E-1 5.03848E-1 5.29133E-1 5.24905E-1 5.15716E-1 5.44258E-1 5.47687E-1 5.55457E-1 5.80749E-1 5.94548E-1 6.12333E-1 6.17656E-1 6.21677E-1 6.2755E-1 6.57695E-1 6.49265E-1 6.7455E-1 6.89529E-1 6.85064E-1 7.15423E-1 7.2298E-1 7.17531E-1 7.23996E-1 7.18309E-1 7.25906E-1 7.38905E-1 7.55179E-1 7.47934E-1 7.53599E-1 -9999 -9999 -9999 -9999
2.90849E-1 3.11276E-1 3.10616E-1 3.03951E-1 3.13391E-1 3.12857E-1 3.04755E-1 3.10773E-1 3.15715E-1 3.17093E-1 3.17172E-1 3.28924E-1 3.16249E-1 3.22263E-1 3.21987E-1 3.32607E-1 3.29888E-1 3.29601E-1 3.42669E-1 3.34551E-1 3.2613E-1 3.37639E-1 3.4028E-1 3.47943E-1 3.54857E-1 3.52121E-1 3.7671E-1 3.96555E-1 3.91509E-1 3.85066E-1 3.9671E-1 4.02324E-1 4.07423E-1 4.23097E-1 4.35045E-1 4.66329E-1 4.49645E-1 4.61834E-1 4.65525E-1 4.7526E-1 4.94135E-1 5.28131E-1 5.26042E-1 5.28854E-1 5.54235E-1 5.56284E-1 5.51411E-1 5.6485E-1 5.67181E-1 5.8374E-1 5.94813E-1 6.21677E-1 6.26626E-1 6.57286E-1 6.76979E-1 6.66292E-1 6.75674E-1 6.8735E-1 7.01315E-1 6.96735E-1 -9999 7.3356E-1 7.41394E-1 7.2881E-1 7.40162E-1 -9999 7.58052E-1 7.71866E-1 -9999 -9999 -9999 -9999
2.92058E-1 2.99365E-1 3.02866E-1 3.15259E-1 3.10214E-1 3.03429E-1 3.12384E-1 3.03531E-1 3.04179E-1 3.16673E-1 3.20658E-1 3.29461E-1 3.21673E-1 3.18308E-1 3.22822E-1 3.3036E-1 3.29675E-1 3.2598E-1 3.25567E-1 3.23156E-1 3.27434E-1 3.45465E-1 3.42654E-1 3.53542E-1 3.44917E-1 3.67547E-1 3.69946E-1 3.77567E-1 3.72648E-1 3.74289E-1 3.85535E-1 3.99202E-1 4.0525E-1 4.30043E-1 4.29488E-1 4.36809E-1 4.5815E-1 4.60669E-1 4.71932E-1 5.04009E-1 5.15205E-1 5.3561E-1 5.3566E-1 5.18351E-1 5.5334E-1 5.53778E-1 5.60544E-1 5.38439E-1 5.58888E-1 5.88448E-1 6.00556E-1 6.01302E-1 6.43487E-1 6.51593E-1 6.57904E-1 6.58409E-1 6.80787E-1 6.98236E-1 6.98945E-1 7.0397E-1 7.19602E-1 7.0507E-1 -9999 -9999 -9999 -9999 -9999 7.93252E-1 -9999 -9999 -9999 -9999
3.05894E-1 3.10498E-1 3.12662E-1 3.16318E-1 3.08836E-1 3.04171E-1 3.07693E-1 3.12744E-1 3.1763E-1 3.13006E-1 3.09806E-1 3.10129E-1 3.09141E-1 3.16552E-1 3.14435E-1 3.17616E-1 3.39441E-1 3.39023E-1 3.25671E-1 3.30018E-1 3.23478E-1 3.3962E-1 3.48312E-1 3.39004E-1 3.53358E-1 3.47547E-1 3.47118E-1 3.66408E-1 3.61734E-1 3.58949E-1 3.72464E-1 3.85222E-1 3.93627E-1 4.04795E-1 4.15163E-1 4.30907E-1 4.38694E-1 4.53352E-1 4.74398E-1 4.82744E-1 5.19109E-1 5.04235E-1 5.24871E-1 5.3501E-1 5.31678E-1 5.46694E-1 5.51187E-1 5.54964E-1 5.61788E-1 5.74823E-1 5.88409E-1 5.99152E-1 6.26531E-1 6.40961E-1 6.52467E-1 6.81972E-1 6.77032E-1 7.11788E-1 7.03201E-1 7.18778E-1 7.25515E-1 7.22988E-1 7.45835E-1 -9999 -9999 -9999 -9999 -9999 -9999 -9999 -9999 -9999
3.10581E-1 3.15598E-1 3.16681E-1 3.14203E-1 3.0804E-1 3.16599E-1 3.05511E-1 3.06989E-1 3.1418E-1 3.157E-1 3.16692E-1 3.09086E-1 3.08456E-1 3.13044E-1 3.0127E-1 3.21542E-1 3.38686E-1 3.42661E-1 3.20578E-1 3.22604E-1 3.19467E-1 3.30782E-1 3.33251E-1 3.3543E-1 3.43207E-1 3.39469E-1 3.39095E-1 3.57947E-1 3.66584E-1 3.77939E-1 3.83831E-1 3.85492E-1 3.8442E-1 3.93368E-1 3.98221E-1 4.16375E-1 4.35941E-1 4.53338E-1 4.67148E-1 4.75489E-1 5.01356E-1 5.09818E-1 5.0987E-1 5.45617E-1 5.30811E-1 5.33112E-1 5.56013E-1 5.50247E-1 5.63052E-1 5.58582E-1 5.95345E-1 6.17188E-1 6.21655E-1 6.42286E-1 6.40016E-1 6.65793E-1 6.92292E-1 6.98453E-1 -9999 7.32819E-1 7.44088E-1 7.37493E-1 7.48983E-1 7.43684E-1 -9999 -9999 -9999 -9999 -9999 -9999 -9999 -9999
3.19267E-1 3.31353E-1 3.1929E-1 3.11785E-1 3.13572E-1 3.09423E-1 3.17312E-1 3.0079E-1 3.01227E-1 3.11761E-1 3.14846E-1 3.14417E-1 3.16999E-1 3.12995E-1 3.16451E-1 3.34505E-1 3.26262E-1 3.22332E-1 3.21797E-1 3.21434E-1 3.27788E-1 3.23913E-1 3.31353E-1 3.41839E-1 3.35454E-1 3.38496E-1 3.45095E-1 3.59022E-1 3.78026E-1 3.76569E-1 3.76428E-1 3.80987E-1 3.93404E-1 3.96069E-1 4.03564E-1 4.12349E-1 4.41339E-1 4.49975E-1 4.50649E-1 4.78359E-1 4.89873E-1 4.84477E-1 5.2913E-1 5.30777E-1 5.3027E-1 5.20048E-1 5.47642E-1 5.53758E-1 5.63632E-1 5.84757E-1 6.04907E-1 6.18635E-1 6.23332E-1 6.30514E-1 6.63676E-1 6.82381E-1 6.83962E-1 6.98248E-1 7.15035E-1 -9999 -9999 -9999 7.50684E-1 7.57945E-1 -9999 -9999 -9999 -9999 -9999 -9999 -9999 -9999
3.15493E-1 3.24053E-1 3.325E-1 3.25894E-1 3.04656E-1 3.0825E-1 3.22184E-1 3.12101E-1 2.98755E-1 3.08293E-1 3.02144E-1 3.1068E-1 2.99301E-1 3.26906E-1 3.21251E-1 3.22359E-1 3.2656E-1 3.29987E-1 3.34191E-1 3.17987E-1 3.18363E-1 3.25087E-1 3.25353E-1 3.3643E-1 3.44102E-1 3.49392E-1 3.35892E-1 3.51112E-1 3.65851E-1 3.79091E-1 3.81785E-1 3.79662E-1 3.85271E-1 3.79558E-1 4.10231E-1 4.23504E-1 4.36481E-1 4.54423E-1 4.68372E-1 4.59307E-1 4.66349E-1 4.84018E-1 5.1697E-1 5.20238E-1 5.14107E-1 5.2251E-1 5.46907E-1 5.6844E-1 5.74745E-1 5.86549E-1 6.09427E-1 6.14467E-1 6.29025E-1 6.54419E-1 6.59998E-1 6.78183E-1 6.85368E-1 6.99545E-1 7.23809E-1 7.52136E-1 -9999 -9999 7.52818E-1 7.52873E-1 -9999 -9999 -9999 -9999 -9999 -9999 -9999 -9999
3.01345E-1 3.15474E-1 3.1891E-1 3.2488E-1 3.23615E-1 3.10492E-1 3.06811E-1 3.09783E-1 3.07924E-1 3.07584E-1 3.25388E-1 3.25422E-1 3.17677E-1 3.35901E-1 3.19608E-1 3.18613E-1 3.23452E-1 3.2161E-1 3.19548E-1 3.33688E-1 3.3891E-1 3.23545E-1 3.25087E-1 3.42191E-1 3.40191E-1 3.40394E-1 3.49514E-1 3.57299E-1 3.68019E-1 3.71029E-1 3.72933E-1 3.80238E-1 3.87547E-1 3.97379E-1 4.08488E-1 4.23269E-1 4.35249E-1 4.38628E-1 4.58638E-1 4.7072E-1 4.8172E-1 4.9168E-1 5.06515E-1 5.19231E-1 5.23916E-1 5.51016E-1 5.5893E-1 5.64616E-1 5.72487E-1 5.99825E-1 6.24327E-1 6.33555E-1 6.38954E-1 6.65847E-1 6.70518E-1 6.84475E-1 7.02585E-1 7.05415E-1 7.09226E-1 7.31344E-1 -9999 -9999 -9999 -9999 -9999 -9999 -9999 -9999 -9999 -9999 -9999 -9999
3.15521E-1 3.21787E-1 3.20255E-1 3.17664E-1 3.18614E-1 3.20185E-1 3.28372E-1 3.08867E-1 3.23876E-1 3.27257E-1 3.1619E-1 3.34049E-1 3.40298E-1 3.3713E-1 3.25711E-1 3.3745E-1 3.21882E-1 3.2063E-1 3.23238E-1 3.2984E-1 3.31428E-1 3.38057E-1 3.43208E-1 3.42191E-1 3.5264E-1 3.59284E-1 3.45172E-1 3.54482E-1 3.5971E-1 3.81571E-1 3.96349E-1 3.89289E-1 4.03525E-1 4.13858E-1 4.21019E-1 4.32191E-1 4.37336E-1 4.386E-1 4.50625E-1 4.67172E-1 4.78072E-1 4.91809E-1 5.15577E-1 5.28382E-1 5.26324E-1 5.36282E-1 5.70122E-1 5.85073E-1 6.11899E-1 6.0041E-1 6.25106E-1 6.47412E-1 6.62363E-1 6.67836E-1 6.88941E-1 6.96312E-1 7.1152E-1 7.17578E-1 -9999 -9999 -9999 -9999 -9999 -9999 -9999 -9999 -9999 -9999 -9999 -9999 -9999 -9999
3.35498E-1 3.46045E-1 3.22748E-1 3.19073E-1 3.1642E-1 3.21487E-1 3.28257E-1 3.15805E-1 3.28906E-1 3.134E-1 3.14838E-1 3.30131E-1 3.35061E-1 3.30971E-1 3.31975E-1 3.47201E-1 3.30776E-1 3.44304E-1 3.49523E-1 3.25874E-1 3.2021E-1 3.25161E-1 3.34231E-1 3.41915E-1 3.47108E-1 3.55003E-1 3.7529E-1 3.7479E-1 3.88914E-1 3.98849E-1 3.9774E-1 4.0285E-1 4.17204E-1 4.24704E-1 4.16377E-1 4.29574E-1 4.39962E-1 4.56384E-1 4.68318E-1 4.80708E-1 4.85298E-1 4.97749E-1 5.20383E-1 5.35999E-1 5.42259E-1 5.68231E-1 5.79291E-1 5.78783E-1 5.86826E-1 5.96958E-1 6.22282E-1 6.35537E-1 6.54128E-1 6.73323E-1 6.80043E-1 7.16301E-1 7.11232E-1 7.03632E-1 -9999 -9999 -9999 -9999 -9999 -9999 -9999 -9999 -9999 -9999 -9999 -9999 -9999 -9999
3.39946E-1 3.60974E-1 3.52567E-1 3.45869E-1 3.11595E-1 3.27517E-1 3.33934E-1 3.33791E-1 3.33909E-1 3.27443E-1 3.33837E-1 3.35979E-1 3.33931E-1 3.30631E-1 3.24687E-1 3.30994E-1 3.49421E-1 3.46216E-1 3.47594E-1 3.34034E-1 3.38133E-1 3.45881E-1 3.47464E-1 3.52718E-1 3.53396E-1 3.56048E-1 3.65437E-1 3.72247E-1 3.81705E-1 3.83257E-1 4.13928E-1 4.21255E-1 4.03879E-1 4.1708E-1 4.26212E-1 4.55803E-1 4.64849E-1 4.66595E-1 4.77429E-1 4.91427E-1 4.96697E-1 5.12178E-1 5.27134E-1 5.45926E-1 5.62785E-1 5.64123E-1 5.78128E-1 5.98192E-1 6.02167E-1 6.03653E-1 6.24145E-1 6.35799E-1 6.62039E-1 6.86001E-1 7.00011E-1 7.05486E-1 7.10461E-1 7.24777E-1 -9999 -9999 -9999 -9999 -9999 -9999 -9999 -9999 -9999 -9999 -9999 -9999 -9999 -9999
3.62862E-1 3.51791E-1 3.68955E-1 3.49894E-1 3.31278E-1 3.18868E-1 3.50933E-1 3.36316E-1 3.42691E-1 3.38706E-1 3.41468E-1 3.47671E-1 3.49221E-1 3.32663E-1 3.26867E-1 3.26071E-1 3.34125E-1 3.42347E-1 3.36308E-1 3.42732E-1 3.44304E-1 3.43284E-1 3.51118E-1 3.66872E-1 3.59441E-1 3.63684E-1 3.62387E-1 3.79668E-1 3.80993E-1 3.91112E-1 4.06126E-1 4.17867E-1 4.27949E-1 4.40091E-1 4.49511E-1 4.52689E-1 4.62947E-1 4.69584E-1 4.94292E-1 5.02467E-1 5.05759E-1 5.26636E-1 5.41031E-1 5.52523E-1 5.6057E-1 5.75334E-1 5.77072E-1 5.94482E-1 6.09414E-1 6.25898E-1 6.20007E-1 6.37861E-1 6.5543E-1 6.81447E-1 6.98411E-1 7.16713E-1 7.22887E-1 7.33556E-1 7.17869E-1 -9999 -9999 -9999 -9999 -9999 -9999 -9999 -9999 -9999 -9999 -9999 -9999 -9999
3.82688E-1 3.58673E-1 3.62573E-1 3.49683E-1 3.43208E-1 3.43077E-1 3.48565E-1 3.50822E-1 3.52155E-1 3.40253E-1 3.44153E-1 3.50464E-1 3.47817E-1 3.54567E-1 3.53204E-1 3.49743E-1 3.34219E-1 3.38319E-1 3.42455E-1 3.51591E-1 3.50556E-1 3.46907E-1 3.59844E-1 3.66582E-1 3.68231E-1 3.76443E-1 3.84804E-1 3.93023E-1 4.0001E-1 4.07238E-1 4.21646E-1 4.38001E-1 4.37263E-1 4.47957E-1 4.52197E-1 4.59818E-1 4.84889E-1 4.88009E-1 4.94308E-1 5.03991E-1 5.20196E-1 5.34264E-1 5.49944E-1 5.5163E-1 5.66521E-1 5.72663E-1 5.82684E-1 6.05475E-1 6.1048E-1 6.34067E-1 6.51889E-1 6.62134E-1 6.55635E-1 6.67866E-1 7.03996E-1 7.03858E-1 7.17586E-1 7.22298E-1 7.37941E-1 -9999 -9999 -9999 -9999 -9999 -9999 -9999 -9999 -9999 -9999 -9999 -9999 -9999
3.91503E-1 3.81029E-1 3.71009E-1 3.76582E-1 3.69441E-1 3.56943E-1 3.46088E-1 3.64686E-1 3.618E-1 3.56241E-1 3.64309E-1 3.56071E-1 3.54717E-1 3.50876E-1 3.57646E-1 3.57357E-1 3.56546E-1 3.50747E-1 3.53667E-1 3.52628E-1 3.50275E-1 3.59558E-1 3.64939E-1 3.73114E-1 3.78633E-1 3.87013E-1 3.89833E-1 4.02489E-1 4.12125E-1 4.21578E-1 4.24332E-1 4.31713E-1 4.36301E-1 4.77933E-1 4.82689E-1 4.61016E-1 4.70322E-1 4.90944E-1 5.02044E-1 5.22731E-1 5.34709E-1 5.51783E-1 5.48557E-1 5.52862E-1 5.79388E-1 5.82521E-1 6.00747E-1 6.18063E-1 6.2702E-1 6.34118E-1 6.76096E-1 6.84285E-1 6.75318E-1 6.90065E-1 7.0411E-1 7.19722E-1 7.24899E-1 7.34629E-1 7.43334E-1 -9999 -9999 -9999 -9999 -9999 -9999 -9999 -9999 -9999 -9999 -9999 -9999 -9999
3.88832E-1 3.9457E-1 3.86989E-1 3.85281E-1 3.96975E-1 3.83651E-1 3.73761E-1 3.89245E-1 3.81962E-1 3.8169E-1 3.71106E-1 3.54794E-1 3.56442E-1 3.62884E-1 3.56512E-1 3.60544E-1 3.61521E-1 3.59351E-1 3.63668E-1 3.61264E-1 3.61264E-1 3.77625E-1 3.72821E-1 3.79724E-1 3.79634E-1 3.89532E-1 3.94905E-1 4.06307E-1 4.14528E-1 4.21412E-1 4.23737E-1 4.23931E-1 4.32772E-1 4.57171E-1 4.83739E-1 4.85311E-1 4.90012E-1 5.0267E-1 4.95234E-1 5.17595E-1 5.39555E-1 5.61253E-1 5.58101E-1 5.74317E-1 5.82728E-1 5.8358E-1 5.86207E-1 6.29774E-1 6.50113E-1 6.63348E-1 6.80407E-1 6.89097E-1 7.07157E-1 7.01801E-1 -9999 -9999 -9999 -9999 -9999 -9999 -9999 -9999 -9999 -9999 -9999 -9999 -9999 -9999 -9999 -9999 -9999 -9999
4.08455E-1 4.03489E-1 3.94426E-1 3.89962E-1 3.97109E-1 4.00059E-1 3.92338E-1 3.92218E-1 3.84569E-1 3.80108E-1 3.78386E-1 3.65859E-1 3.75539E-1 3.80947E-1 3.75211E-1 3.60619E-1 3.64327E-1 3.75243E-1 3.74276E-1 3.86796E-1 3.84289E-1 3.80103E-1 3.8289E-1 4.01334E-1 4.08577E-1 4.14429E-1 4.22765E-1 4.28656E-1 4.33001E-1 4.50195E-1 4.44323E-1 4.53678E-1 4.53678E-1 4.53534E-1 4.80261E-1 4.96489E-1 5.01057E-1 5.03921E-1 5.21963E-1 5.37212E-1 5.41644E-1 5.50732E-1 5.68568E-1 5.87021E-1 5.95805E-1 6.01521E-1 6.27836E-1 6.30891E-1 6.44591E-1 6.79504E-1 6.73065E-1 -9999 7.04131E-1 7.03819E-1 7.13706E-1 -9999 -9999 -9999 -9999 -9999 -9999 -9999 -9999 -9999 -9999 -9999 -9999 -9999 -9999 -9999 -9999 -9999
4.09821E-1 4.21828E-1 4.03314E-1 3.95841E-1 4.11865E-1 4.05771E-1 4.09609E-1 4.03717E-1 3.97648E-1 4.03359E-1 3.90338E-1 3.85711E-1 3.7877E-1 3.97121E-1 3.99719E-1 3.98253E-1 3.96084E-1 3.93809E-1 3.95082E-1 3.86377E-1 3.93446E-1 4.00531E-1 3.94724E-1 3.92329E-1 4.06474E-1 4.12362E-1 4.25371E-1 4.29669E-1 4.28224E-1 4.39414E-1 4.61403E-1 4.80295E-1 4.62119E-1 4.70033E-1 4.95084E-1 5.03446E-1 5.03981E-1 5.21143E-1 5.24547E-1 5.48283E-1 5.65024E-1 5.65608E-1 5.72837E-1 5.93451E-1 6.01996E-1 6.29571E-1 6.37689E-1 6.60315E-1 -9999 -9999 -9999 -9999 6.92254E-1 7.03607E-1 7.09139E-1 -9999 -9999 -9999 -9999 -9999 -9999 -9999 -9999 -9999 -9999 -9999 -9999 -9999 7.50824E-1 7.50824E-1 -9999 -9999
-9999 4.23824E-1 4.24224E-1 4.01743E-1 3.91114E-1 4.0709E-1 3.91152E-1 3.91319E-1 -9999 -9999 -9999 4.03763E-1 4.01961E-1 3.93304E-1 3.74516E-1 4.01673E-1 3.9875E-1 4.01063E-1 3.96334E-1 4.09457E-1 4.22747E-1 4.30286E-1 4.19455E-1 4.31631E-1 4.28374E-1 4.3748E-1 4.45326E-1 4.43905E-1 -9999 4.51814E-1 4.81998E-1 4.94769E-1 4.79638E-1 4.8467E-1 4.94508E-1 5.15866E-1 5.32268E-1 5.35479E-1 5.54114E-1 5.57581E-1 5.64183E-1 5.7227E-1 5.87452E-1 6.03142E-1 6.21356E-1 6.33398E-1 6.4232E-1 -9999 -9999 -9999 -9999 -9999 -9999 -9999 -9999 -9999 -9999 -9999 -9999 -9999 -9999 -9999 -9999 -9999 -9999 -9999 -9999 -9999 -9999 -9999 -9999 -9999
-9999 -9999 4.29056E-1 4.16834E-1 3.96337E-1 4.12109E-1 -9999 -9999 -9999 -9999 -9999 -9999 -9999 -9999 4.21617E-1 4.24413E-1 -9999 -9999 -9999 -9999 -9999 -9999 -9999 -9999 -9999 -9999 -9999 4.69871E-1 4.76011E-1 4.8451E-1 4.74631E-1 4.87227E-1 4.97405E-1 5.03794E-1 5.14011E-1 5.36312E-1 5.5163E-1 5.56842E-1 5.56842E-1 5.59994E-1 5.73261E-1 5.9189E-1 5.93539E-1 6.22904E-1 6.38176E-1 -9999 -9999 -9999 -9999 -9999 -9999 -9999 -9999 -9999 -9999 -9999 -9999 -9999 -9999 -9999 -9999 -9999 -9999 -9999 -9999 -9999 -9999 -9999 -9999 -9999 -9999 -9999
-9999 -9999 -9999 -9999 -9999 -9999 -9999 -9999 -9999 -9999 -9999 -9999 -9999 -9999 -9999 -9999 -9999 -9999 -9999 -9999 -9999 -9999 -9999 -9999 -9999 -9999 -9999 4.74634E-1 4.81235E-1 4.84525E-1 4.89588E-1 4.87892E-1 -9999 -9999 -9999 5.42086E-1 5.48775E-1 5.59254E-1 5.79824E-1 5.80961E-1 6.06879E-1 6.04566E-1 6.20534E-1 6.08272E-1 -9999 -9999 -9999 -9999 -9999 -9999 -9999 -9999 -9999 -9999 -9999 -9999 -9999 -9999 -9999 -9999 -9999 -9999 -9999 -9999 -9999 -9999 -9999 -9999 -9999 -9999 -9999 -9999
-9999 -9999 -9999 -9999 -9999 -9999 -9999 -9999 -9999 -9999 -9999 -9999 -9999 -9999 -9999 -9999 -9999 -9999 -9999 -9999 -9999 -9999 -9999 -9999 -9999 -9999 -9999 -9999 -9999 5.06349E-1 5.08086E-1 -9999 -9999 -9999 -9999 -9999 5.75226E-1 5.76838E-1 5.90685E-1 5.99369E-1 6.00455E-1 6.14677E-1 -9999 -9999 -9999 -9999 -9999 -9999 -9999 -9999 -9999 -9999 -9999 -9999 -9999 -9999 -9999 -9999 -9999 -9999 -9999 -9999 -9999 -9999 -9999 -9999 -9999 -9999 -9999 -9999 -9999 -9999
-9999 -9999 -9999 -9999 -9999 -9999 -9999 -9999 -9999 -9999 -9999 -9999 -9999 -9999 -9999 -9999 -9999 -9999 -9999 -9999 -9999 -9999 -9999 -9999 -9999 -9999 -9999 -9999 -9999 -9999 -9999 -9999 -9999 -9999 -9999 -9999 -9999 -9999 -9999 5.99935E-1 5.96083E-1 6.08319E-1 6.04096E-1 6.32962E-1 -9999 -9999 -9999 -9999 -9999 -9999 -9999 -9999 -9999 -9999 -9999 -9999 -9999 -9999 -9999 -9999 -9999 -9999 -9999 -9999 -9999 -9999 -9999 -9999 -9999 -9999 -9999 -9999
-9999 -9999 -9999 -9999 -9999 -9999 -9999 -9999 -9999 -9999 -9999 -9999 -9999 -9999 -9999 -9999 -9999 -9999 -9999 -9999 -9999 -9999 -9999 -9999 -9999 -9999 -9999 -9999 -9999 -9999 -9999 -9999 -9999 -9999 -9999 -9999 5.90866E-1 -9999 5.96678E-1 6.05346E-1 6.1397E-1 6.11688E-1 6.27039E-1 6.43503E-1 -9999 -9999 -9999 -9999 -9999 -9999 -9999 -9999 -9999 -9999 -9999 -9999 -9999 -9999 -9999 -9999 -9999 -9999 -9999 -9999 -9999 -9999 -9999 -9999 -9999 -9999 -9999 -9999
-9999 -9999 -9999 -9999 -9999 -9999 -9999 -9999 -9999 -9999 -9999 -9999 -9999 -9999 -9999 -9999 -9999 -9999 -9999 -9999 -9999 -9999 -9999 -9999 -9999 -9999 -9999 -9999 -9999 -9999 -9999 -9999 -9999 -9999 -9999 -9999 5.48891E-1 5.77289E-1 6.16585E-1 6.02026E-1 6.00898E-1 6.26739E-1 -9999 -9999 -9999 -9999 -9999 -9999 -9999 -9999 -9999 -9999 -9999 -9999 -9999 -9999 -9999 -9999 -9999 -9999 -9999 -9999 -9999 -9999 -9999 -9999 -9999 -9999 -9999 -9999 -9999 -9999
-9999 -9999 -9999 -9999 -9999 -9999 -9999 -9999 -9999 -9999 -9999 -9999 -9999 -9999 -9999 -9999 -9999 -9999 -9999 -9999 -9999 -9999 -9999 -9999 -9999 -9999 -9999 -9999 -9999 -9999 -9999 -9999 -9999 -9999 -9999 -9999 -9999 -9999 -9999 -9999 -9999 -9999 -9999 -9999 -9999 -9999 -9999 -9999 -9999 -9999 -9999 -9999 -9999 -9999 -9999 -9999 -9999 -9999 -9999 -9999 -9999 -9999 -9999 -9999 -9999 -9999 -9999 -9999 -9999 -9999 -9999 -9999
-9999 -9999 -9999 -9999 -9999 -9999 -9999 -9999 -9999 -9999 -9999 -9999 -9999 5.59633E-1 -9999 -9999 -9999 -9999 -9999 -9999 -9999 -9999 -9999 -9999 -9999 -9999 -9999 -9999 -9999 -9999 -9999 -9999 -9999 -9999 -9999 -9999 -9999 -9999 -9999 -9999 -9999 -9999 -9999 -9999 -9999 -9999 -9999 -9999 -9999 -9999 -9999 -9999 -9999 -9999 -9999 -9999 -9999 -9999 -9999 -9999 6.78203E-1 6.68577E-1 -9999 -9999 -9999 -9999 -9999 -9999 -9999 -9999 -9999 -9999
-9999 -9999 -9999 -9999 -9999 -9999 -9999 -9999 -9999 -9999 -9999 -9999 -9999 -9999 -9999 -9999 -9999 -9999 -9999 -9999 -9999 -9999 -9999 -9999 -9999 -9999 -9999 -9999 -9999 -9999 5.92983E-1 5.79705E-1 -9999 -9999 -9999 -9999 -9999 -9999 -9999 -9999 -9999 -9999 -9999 -9999 -9999 -9999 -9999 -9999 -9999 -9999 -9999 -9999 -9999 -9999 -9999 -9999 -9999 -9999 -9999 6.48363E-1 -9999 -9999 -9999 6.51741E-1 -9999 -9999 7.46086E-1 -9999 -9999 -9999 -9999 -9999
-9999 -9999 -9999 -9999 -9999 -9999 -9999 -9999 -9999 -9999 -9999 -9999 -9999 6.10973E-1 -9999 -9999 -9999 -9999 -9999 -9999 -9999 -9999 -9999 -9999 -9999 -9999 -9999 -9999 -9999 -9999 -9999 -9999 -9999 -9999 -9999 -9999 -9999 -9999 -9999 -9999 -9999 -9999 -9999 -9999 -9999 -9999 -9999 -9999 -9999 -9999 -9999 -9999 -9999 -9999 -9999 6.46586E-1 -9999 -9999 -9999 -9999 -9999 -9999 -9999 6.31932E-1 -9999 -9999 7.40569E-1 -9999 -9999 -9999 -9999 -9999
