Artocarpus altilis SDM files/MIS19/results (without bias file)/Artalt_7.asc
ncols         1201
nrows         481
xllcorner     119.99986351115
yllcorner     -15.00013828885
cellsize      0.041666667
NODATA_value  -9999
[rows 192 to 223 of 481, columns 0 to 71 of 1201]
4.05129E-1 2.87415E-1 3.40418E-1 3.97196E-1 7.36158E-1 7.62142E-1 -9999 -9999 -9999 -9999 -9999 -9999 -9999 -9999 -9999 -9999 -9999 -9999 -9999 -9999 -9999 -9999 -9999 -9999 -9999 6.24172E-1 4.0855E-1 2.99911E-1 3.20816E-1 3.25824E-1 3.40535E-1 3.27455E-1 3.28687E-1 3.4552E-1 3.47163E-1 3.37995E-1 3.29948E-1 3.34249E-1 3.34222E-1 3.28528E-1 3.29885E-1 3.31672E-1 3.53955E-1 3.57677E-1 3.4866E-1 3.64989E-1 3.47149E-1 3.47321E-1 3.45103E-1 3.41658E-1 3.51311E-1 3.43293E-1 4.58832E-1 5.54363E-1 6.40768E-1 7.75271E-1 6.81892E-1 -9999 -9999 -9999 -9999 -9999 -9999 -9999 -9999 -9999 -9999 -9999 -9999 -9999 -9999 -9999
3.18386E-1 3.26017E-1 3.14841E-1 4.71E-1 7.51203E-1 7.69695E-1 -9999 -9999 -9999 -9999 -9999 -9999 -9999 -9999 -9999 -9999 -9999 -9999 -9999 -9999 -9999 -9999 -9999 -9999 -9999 5.59208E-1 4.97697E-1 3.36165E-1 3.18895E-1 3.18389E-1 3.12427E-1 3.26091E-1 3.18935E-1 3.09548E-1 2.99289E-1 3.02947E-1 3.24267E-1 3.24282E-1 3.29118E-1 3.23033E-1 3.14722E-1 3.2818E-1 3.42981E-1 3.41236E-1 3.37722E-1 3.44325E-1 3.8378E-1 3.71056E-1 3.56853E-1 3.72348E-1 3.53805E-1 3.4173E-1 3.01415E-1 3.3133E-1 4.48603E-1 6.43216E-1 6.49837E-1 6.64444E-1 7.02559E-1 -9999 -9999 -9999 -9999 -9999 -9999 -9999 -9999 -9999 -9999 -9999 -9999 -9999
4.36882E-1 4.22823E-1 3.42237E-1 4.4651E-1 6.31305E-1 7.40562E-1 7.43842E-1 -9999 -9999 -9999 -9999 -9999 -9999 -9999 -9999 -9999 -9999 -9999 -9999 -9999 -9999 -9999 -9999 -9999 -9999 5.76775E-1 5.36059E-1 3.19294E-1 3.19239E-1 2.9835E-1 2.94432E-1 3.0443E-1 2.83364E-1 2.63562E-1 2.95475E-1 3.20541E-1 3.15362E-1 3.15267E-1 3.16803E-1 3.20663E-1 3.19962E-1 3.18385E-1 3.07638E-1 3.78962E-1 3.5455E-1 3.53857E-1 4.46357E-1 4.0855E-1 3.56889E-1 3.7778E-1 3.61938E-1 3.58625E-1 3.55129E-1 3.49435E-1 2.8713E-1 3.88624E-1 5.07711E-1 6.69228E-1 7.04114E-1 6.72926E-1 7.52267E-1 -9999 -9999 -9999 -9999 -9999 -9999 -9999 -9999 -9999 -9999 -9999
4.41019E-1 4.45743E-1 3.65166E-1 3.85688E-1 4.87468E-1 7.3513E-1 7.47015E-1 -9999 -9999 -9999 -9999 -9999 -9999 -9999 -9999 -9999 -9999 -9999 -9999 -9999 -9999 -9999 -9999 -9999 -9999 5.92278E-1 5.30594E-1 3.26519E-1 3.09798E-1 2.59968E-1 2.91851E-1 2.85951E-1 2.8887E-1 2.59748E-1 2.96459E-1 3.0651E-1 3.07082E-1 3.23619E-1 3.27541E-1 3.22167E-1 3.05142E-1 3.0014E-1 3.08184E-1 3.12384E-1 2.4473E-1 2.5807E-1 2.71277E-1 3.88051E-1 4.63503E-1 4.33664E-1 3.82408E-1 4.25533E-1 3.72198E-1 3.70049E-1 3.52557E-1 3.78484E-1 3.55421E-1 -9999 5.16616E-1 7.43836E-1 7.47906E-1 6.33792E-1 6.56872E-1 -9999 -9999 -9999 -9999 -9999 -9999 -9999 -9999 -9999
4.41625E-1 4.60615E-1 4.02886E-1 3.10854E-1 3.84951E-1 5.18849E-1 7.36196E-1 -9999 -9999 -9999 -9999 -9999 -9999 -9999 -9999 -9999 -9999 -9999 -9999 -9999 -9999 -9999 -9999 -9999 -9999 5.83498E-1 3.77694E-1 2.90182E-1 2.89367E-1 2.51887E-1 2.52956E-1 2.83229E-1 2.98124E-1 2.82306E-1 2.72924E-1 2.90365E-1 3.20407E-1 3.40369E-1 3.57086E-1 3.36322E-1 3.02216E-1 3.0026E-1 3.09389E-1 2.99501E-1 3.09643E-1 3.16475E-1 2.45956E-1 2.36103E-1 3.82905E-1 5.14714E-1 4.78871E-1 4.5412E-1 4.56534E-1 3.46999E-1 3.49766E-1 3.80252E-1 3.79153E-1 4.48662E-1 6.61024E-1 6.14898E-1 -9999 -9999 6.4866E-1 -9999 -9999 -9999 -9999 -9999 -9999 -9999 -9999 -9999
3.83347E-1 4.38111E-1 4.24644E-1 3.10994E-1 3.44344E-1 6.15984E-1 7.37174E-1 7.21361E-1 7.05651E-1 6.99383E-1 -9999 -9999 -9999 -9999 -9999 -9999 -9999 -9999 -9999 -9999 -9999 -9999 -9999 -9999 5.53749E-1 5.54721E-1 2.97608E-1 2.66123E-1 2.68667E-1 2.40029E-1 2.48853E-1 2.8403E-1 2.95811E-1 2.85622E-1 2.81982E-1 2.81186E-1 3.00303E-1 2.7056E-1 2.94609E-1 3.13281E-1 3.03264E-1 3.09434E-1 2.93766E-1 2.99776E-1 3.05249E-1 2.99801E-1 3.01896E-1 2.53049E-1 2.2577E-1 4.3452E-1 5.83316E-1 5.67442E-1 3.86264E-1 3.63879E-1 4.14629E-1 4.73316E-1 3.92888E-1 3.93119E-1 7.21912E-1 7.47885E-1 -9999 -9999 -9999 -9999 -9999 -9999 -9999 -9999 -9999 -9999 -9999 -9999
3.16468E-1 4.23454E-1 3.97648E-1 3.8223E-1 3.65392E-1 6.71389E-1 6.90258E-1 7.09963E-1 6.98779E-1 6.60502E-1 -9999 -9999 -9999 -9999 -9999 -9999 -9999 -9999 -9999 -9999 -9999 -9999 -9999 5.69036E-1 5.55442E-1 4.27376E-1 2.79712E-1 2.59115E-1 2.25063E-1 2.26794E-1 2.44639E-1 2.62508E-1 2.70217E-1 2.77102E-1 2.41323E-1 2.71964E-1 2.20333E-1 2.71365E-1 3.34583E-1 3.96544E-1 3.02526E-1 3.4891E-1 3.06849E-1 2.37893E-1 2.48863E-1 2.95606E-1 2.8523E-1 2.85556E-1 2.79483E-1 2.71243E-1 3.78543E-1 4.35011E-1 4.02482E-1 4.15539E-1 4.09943E-1 5.08638E-1 5.72482E-1 4.80994E-1 6.80987E-1 -9999 -9999 -9999 6.03659E-1 6.09177E-1 -9999 -9999 -9999 -9999 -9999 -9999 -9999 -9999
2.76058E-1 3.68191E-1 4.62886E-1 4.5718E-1 4.75653E-1 6.83688E-1 7.11545E-1 7.01466E-1 6.93532E-1 6.54862E-1 6.46697E-1 -9999 -9999 -9999 -9999 -9999 -9999 -9999 -9999 -9999 -9999 -9999 -9999 5.53749E-1 5.2654E-1 3.06873E-1 2.45095E-1 2.34062E-1 2.22461E-1 2.43042E-1 2.49945E-1 2.54422E-1 2.72298E-1 2.58989E-1 2.58692E-1 1.83901E-1 2.72713E-1 2.51416E-1 3.02488E-1 2.27803E-1 2.2193E-1 2.23787E-1 2.45054E-1 2.77277E-1 2.81794E-1 2.39589E-1 2.37845E-1 2.84416E-1 2.76774E-1 3.06216E-1 3.85973E-1 2.99947E-1 3.43816E-1 5.06645E-1 5.22434E-1 6.02668E-1 6.47727E-1 6.71518E-1 6.95816E-1 -9999 5.98452E-1 6.24496E-1 -9999 -9999 -9999 -9999 -9999 -9999 -9999 -9999 -9999 -9999
2.97991E-1 2.92988E-1 3.75195E-1 3.91399E-1 4.00236E-1 6.01804E-1 6.30449E-1 7.05606E-1 6.81656E-1 6.47491E-1 -9999 -9999 -9999 -9999 -9999 -9999 -9999 -9999 -9999 -9999 -9999 -9999 5.05362E-1 5.05382E-1 3.70027E-1 2.62566E-1 2.31086E-1 2.43783E-1 2.35248E-1 2.52442E-1 2.39037E-1 2.28965E-1 2.48381E-1 2.42346E-1 2.39056E-1 1.83526E-1 2.3971E-1 2.38459E-1 2.5429E-1 2.14423E-1 1.82685E-1 2.20828E-1 2.67239E-1 2.68666E-1 3.24866E-1 2.39056E-1 2.70879E-1 2.77072E-1 3.13856E-1 3.61043E-1 3.35421E-1 2.35806E-1 2.97358E-1 4.54292E-1 4.62481E-1 5.08806E-1 4.95283E-1 5.4983E-1 -9999 -9999 -9999 -9999 -9999 -9999 -9999 -9999 -9999 -9999 -9999 -9999 -9999 -9999
2.81567E-1 2.55981E-1 3.44583E-1 3.88251E-1 3.92909E-1 5.3525E-1 5.74808E-1 6.82245E-1 6.78641E-1 6.43568E-1 -9999 -9999 -9999 -9999 -9999 -9999 -9999 -9999 -9999 -9999 -9999 4.87248E-1 4.62237E-1 2.7986E-1 2.44026E-1 2.45783E-1 2.31605E-1 2.30655E-1 2.34791E-1 2.57843E-1 2.34075E-1 2.16631E-1 2.30201E-1 2.40279E-1 2.38511E-1 2.28271E-1 2.39472E-1 2.31667E-1 2.29965E-1 2.63588E-1 1.43877E-1 1.67045E-1 2.57143E-1 2.5327E-1 2.2786E-1 1.67871E-1 2.11816E-1 2.64535E-1 3.11439E-1 3.29384E-1 2.35247E-1 2.55498E-1 3.01492E-1 4.52125E-1 5.30984E-1 4.16478E-1 3.07984E-1 4.76885E-1 -9999 -9999 -9999 -9999 5.45355E-1 -9999 -9999 4.95895E-1 -9999 5.29958E-1 -9999 -9999 -9999 -9999
2.47512E-1 2.61856E-1 3.3022E-1 3.80069E-1 3.56225E-1 3.86528E-1 4.97419E-1 6.46832E-1 6.68152E-1 6.40994E-1 -9999 -9999 -9999 -9999 -9999 -9999 -9999 -9999 -9999 -9999 -9999 4.58877E-1 2.70315E-1 2.373E-1 2.32965E-1 2.36273E-1 2.3579E-1 2.23979E-1 2.16723E-1 2.25989E-1 2.58444E-1 2.31753E-1 2.45547E-1 2.32965E-1 2.38259E-1 2.33816E-1 2.13299E-1 2.18793E-1 2.5069E-1 1.66105E-1 2.3239E-1 1.61568E-1 2.42289E-1 2.52448E-1 2.52569E-1 1.75279E-1 2.5819E-1 2.73941E-1 2.7546E-1 3.221E-1 2.3777E-1 2.96312E-1 2.91648E-1 4.32738E-1 5.32451E-1 4.36835E-1 4.36639E-1 3.75863E-1 4.59605E-1 -9999 -9999 -9999 5.1206E-1 -9999 -9999 -9999 -9999 -9999 -9999 -9999 4.78151E-1 -9999
2.59355E-1 2.43265E-1 2.89581E-1 3.60849E-1 3.46429E-1 4.03927E-1 5.85682E-1 5.40878E-1 6.79122E-1 6.44954E-1 -9999 -9999 -9999 -9999 -9999 -9999 -9999 -9999 -9999 -9999 4.60901E-1 2.53782E-1 2.27381E-1 2.21346E-1 2.20105E-1 2.32926E-1 2.37509E-1 2.20905E-1 2.20218E-1 2.27541E-1 2.54762E-1 2.65579E-1 2.59067E-1 2.41181E-1 2.49319E-1 2.34876E-1 2.22365E-1 2.46289E-1 2.44273E-1 2.32123E-1 2.36159E-1 1.43431E-1 2.32376E-1 1.59524E-1 1.20812E-1 1.40837E-1 2.53236E-1 2.8031E-1 2.77741E-1 3.40403E-1 3.20099E-1 3.33975E-1 3.89235E-1 3.64556E-1 4.37226E-1 5.08652E-1 5.30202E-1 3.8622E-1 4.51087E-1 5.969E-1 -9999 -9999 -9999 -9999 -9999 -9999 -9999 -9999 -9999 -9999 -9999 -9999
2.83926E-1 2.63203E-1 2.25978E-1 3.17861E-1 3.2042E-1 3.74246E-1 4.87159E-1 6.33174E-1 6.76043E-1 6.39938E-1 -9999 -9999 -9999 -9999 -9999 -9999 -9999 -9999 -9999 -9999 4.46667E-1 3.19063E-1 2.29551E-1 2.26052E-1 2.14306E-1 2.23163E-1 2.31852E-1 2.14171E-1 2.22103E-1 2.53227E-1 2.58795E-1 2.5279E-1 2.45004E-1 2.32134E-1 2.07913E-1 2.2637E-1 2.37213E-1 1.98567E-1 2.29463E-1 2.10545E-1 2.23121E-1 2.23997E-1 2.31122E-1 2.3384E-1 1.28429E-1 1.269E-1 1.38754E-1 1.70068E-1 2.15935E-1 2.33296E-1 2.84821E-1 3.34683E-1 3.8857E-1 4.11334E-1 4.52579E-1 4.50189E-1 -9999 4.53184E-1 4.1647E-1 6.17662E-1 -9999 -9999 -9999 -9999 -9999 -9999 -9999 -9999 -9999 -9999 -9999 -9999
3.22796E-1 2.39061E-1 2.5428E-1 3.15504E-1 2.88736E-1 3.5029E-1 4.93069E-1 6.01096E-1 6.3504E-1 6.41834E-1 -9999 -9999 -9999 -9999 -9999 -9999 -9999 -9999 -9999 -9999 -9999 3.76998E-1 2.80127E-1 2.19638E-1 2.21457E-1 2.10123E-1 2.01837E-1 2.01715E-1 2.16204E-1 2.41449E-1 2.24113E-1 2.25009E-1 2.55539E-1 2.61849E-1 2.17374E-1 2.07645E-1 2.06103E-1 1.68935E-1 2.16552E-1 1.60868E-1 2.24281E-1 2.30104E-1 2.33567E-1 2.22506E-1 1.59795E-1 2.38214E-1 1.32343E-1 1.40572E-1 1.46652E-1 1.88213E-1 2.63325E-1 1.97759E-1 3.45395E-1 3.4267E-1 3.00745E-1 3.23826E-1 4.91824E-1 -9999 5.30469E-1 -9999 -9999 -9999 -9999 -9999 -9999 -9999 -9999 -9999 -9999 -9999 -9999 -9999
2.74363E-1 2.89901E-1 3.08235E-1 3.22223E-1 2.96934E-1 3.67797E-1 4.68813E-1 5.40172E-1 5.85622E-1 6.27591E-1 5.55242E-1 -9999 -9999 -9999 -9999 -9999 -9999 -9999 -9999 -9999 -9999 3.78325E-1 2.82907E-1 2.18003E-1 2.15367E-1 2.15208E-1 2.08956E-1 1.92321E-1 2.04624E-1 2.32217E-1 2.20068E-1 2.40334E-1 2.33652E-1 1.40545E-1 1.69766E-1 1.8701E-1 1.37168E-1 1.81805E-1 1.69182E-1 1.6328E-1 2.23155E-1 2.36721E-1 2.2558E-1 2.43677E-1 2.31583E-1 2.4371E-1 2.29733E-1 2.04891E-1 2.08669E-1 1.14161E-1 1.53953E-1 2.09577E-1 4.29976E-1 4.27635E-1 3.30734E-1 3.91477E-1 5.4011E-1 -9999 -9999 -9999 -9999 -9999 -9999 -9999 -9999 -9999 -9999 -9999 -9999 -9999 -9999 -9999
3.22344E-1 3.1897E-1 3.21072E-1 3.39244E-1 3.3922E-1 3.53722E-1 4.05338E-1 4.79344E-1 6.20551E-1 6.73443E-1 5.4511E-1 -9999 -9999 -9999 -9999 -9999 -9999 -9999 -9999 -9999 -9999 -9999 3.9077E-1 3.26454E-1 2.34946E-1 2.33815E-1 1.79045E-1 1.9449E-1 1.87558E-1 1.93384E-1 2.24915E-1 2.0944E-1 1.98977E-1 1.98433E-1 2.33E-1 2.55203E-1 1.98225E-1 1.83089E-1 1.47364E-1 1.34857E-1 2.14173E-1 2.39661E-1 2.25419E-1 2.4357E-1 2.5783E-1 2.52542E-1 2.40244E-1 2.34117E-1 2.0864E-1 1.53633E-1 2.1761E-1 1.80815E-1 2.64556E-1 2.45109E-1 4.21075E-1 4.9553E-1 4.8051E-1 -9999 -9999 -9999 -9999 -9999 -9999 -9999 -9999 -9999 -9999 -9999 -9999 -9999 -9999 -9999
3.66363E-1 3.32198E-1 3.05314E-1 3.40983E-1 3.40735E-1 3.92262E-1 4.27103E-1 5.5803E-1 6.63303E-1 6.444E-1 5.63892E-1 -9999 -9999 -9999 -9999 -9999 -9999 -9999 -9999 -9999 -9999 -9999 -9999 4.12941E-1 3.53088E-1 2.29179E-1 1.59877E-1 1.80146E-1 1.85285E-1 1.7142E-1 2.20483E-1 2.22936E-1 2.0185E-1 2.15115E-1 2.33868E-1 2.42176E-1 1.67011E-1 1.32749E-1 1.88515E-1 1.37162E-1 1.60231E-1 2.01661E-1 2.33252E-1 2.31866E-1 2.89413E-1 2.90806E-1 2.26937E-1 2.30882E-1 1.93365E-1 2.41687E-1 2.32067E-1 1.65339E-1 2.37515E-1 2.71546E-1 2.60624E-1 -9999 -9999 -9999 -9999 -9999 -9999 -9999 -9999 -9999 -9999 -9999 -9999 -9999 -9999 -9999 -9999 -9999
4.7974E-1 3.91103E-1 3.04219E-1 3.88089E-1 3.34471E-1 3.13677E-1 4.07617E-1 6.24511E-1 6.61568E-1 6.28676E-1 5.4023E-1 -9999 -9999 -9999 -9999 -9999 -9999 -9999 -9999 -9999 -9999 -9999 -9999 -9999 3.45992E-1 2.69577E-1 1.86985E-1 1.92131E-1 1.80494E-1 1.93678E-1 2.17891E-1 2.22978E-1 2.27677E-1 1.48475E-1 2.07547E-1 2.376E-1 1.73716E-1 1.18676E-1 2.14992E-1 1.67899E-1 1.32113E-1 1.28424E-1 1.99063E-1 1.5566E-1 2.62284E-1 1.92454E-1 2.12183E-1 1.85229E-1 1.64375E-1 2.53217E-1 1.62778E-1 1.69729E-1 2.0007E-1 1.57888E-1 2.38024E-1 2.69453E-1 -9999 -9999 -9999 -9999 -9999 -9999 -9999 -9999 -9999 -9999 -9999 -9999 -9999 -9999 -9999 -9999
5.34464E-1 5.12395E-1 4.49401E-1 4.75241E-1 4.7984E-1 4.42961E-1 5.68366E-1 6.70508E-1 6.14853E-1 5.90563E-1 5.20058E-1 -9999 -9999 -9999 -9999 -9999 -9999 -9999 -9999 -9999 -9999 -9999 -9999 -9999 -9999 -9999 2.65769E-1 2.21453E-1 1.99596E-1 2.22724E-1 2.17991E-1 2.31146E-1 1.76482E-1 1.40778E-1 2.00822E-1 1.67063E-1 1.86628E-1 1.23052E-1 1.32491E-1 1.53318E-1 1.20806E-1 1.18021E-1 1.24747E-1 9.74457E-2 1.2225E-1 1.42944E-1 1.72123E-1 2.56638E-1 2.32802E-1 3.0638E-1 2.56913E-1 2.36634E-1 2.56541E-1 1.33143E-1 1.97592E-1 3.08319E-1 2.3768E-1 2.6971E-1 3.37094E-1 -9999 -9999 -9999 -9999 -9999 -9999 -9999 -9999 -9999 -9999 -9999 -9999 -9999
5.29901E-1 4.75836E-1 4.78009E-1 5.18278E-1 4.73587E-1 5.72068E-1 6.29793E-1 6.23066E-1 6.114E-1 5.48645E-1 5.35039E-1 -9999 -9999 -9999 -9999 -9999 -9999 -9999 -9999 -9999 -9999 -9999 -9999 -9999 -9999 -9999 2.85443E-1 2.84496E-1 2.60673E-1 2.28104E-1 1.6712E-1 1.1097E-1 1.35644E-1 1.79932E-1 1.89867E-1 1.24099E-1 1.28283E-1 1.2811E-1 9.927E-2 1.06945E-1 8.96402E-2 9.05445E-2 8.75395E-2 1.21798E-1 1.10982E-1 1.17481E-1 1.63412E-1 2.33886E-1 2.1668E-1 2.39527E-1 2.14189E-1 3.47365E-1 3.11776E-1 2.13841E-1 2.53977E-1 3.02911E-1 2.02391E-1 2.85939E-1 4.13243E-1 3.9135E-1 -9999 -9999 -9999 -9999 -9999 -9999 -9999 -9999 -9999 -9999 -9999 -9999
4.54317E-1 5.05163E-1 5.09954E-1 5.18089E-1 5.2504E-1 5.70001E-1 6.284E-1 6.13462E-1 5.28846E-1 5.0704E-1 -9999 -9999 -9999 -9999 -9999 -9999 -9999 -9999 -9999 -9999 -9999 -9999 -9999 -9999 -9999 -9999 -9999 3.42186E-1 3.64179E-1 2.96019E-1 2.44322E-1 1.17582E-1 1.44172E-1 1.36638E-1 1.88364E-1 8.08511E-2 1.26174E-1 1.68081E-1 1.8075E-1 1.979E-1 8.13597E-2 9.01416E-2 1.10399E-1 1.67973E-1 1.0707E-1 1.41529E-1 1.94694E-1 2.48336E-1 1.97347E-1 2.04687E-1 2.37266E-1 3.05978E-1 2.13475E-1 2.02116E-1 1.83484E-1 2.42079E-1 3.19991E-1 4.56227E-1 4.30712E-1 3.18458E-1 -9999 -9999 -9999 -9999 -9999 -9999 -9999 -9999 -9999 -9999 -9999 -9999
3.69879E-1 4.82809E-1 4.79166E-1 5.64685E-1 5.5281E-1 6.10975E-1 5.83698E-1 5.13772E-1 4.98876E-1 4.19579E-1 -9999 -9999 -9999 -9999 -9999 -9999 -9999 -9999 -9999 -9999 -9999 -9999 -9999 -9999 -9999 -9999 -9999 -9999 -9999 2.60442E-1 2.36083E-1 1.53292E-1 1.40631E-1 1.639E-1 1.69622E-1 1.14954E-1 1.75821E-1 1.04577E-1 1.76591E-1 1.5156E-1 9.50503E-2 1.9338E-1 1.50228E-1 9.29477E-2 8.38286E-2 1.12993E-1 1.87393E-1 2.48699E-1 2.48624E-1 2.25845E-1 2.2351E-1 2.36722E-1 2.03291E-1 1.75521E-1 2.08712E-1 2.69469E-1 3.30802E-1 4.02409E-1 2.69445E-1 2.31892E-1 2.66285E-1 -9999 -9999 -9999 -9999 -9999 -9999 -9999 -9999 -9999 -9999 -9999
3.75355E-1 4.32749E-1 5.48609E-1 5.66901E-1 5.4166E-1 5.39852E-1 6.02519E-1 5.18885E-1 5.03926E-1 -9999 -9999 -9999 -9999 -9999 -9999 -9999 -9999 -9999 -9999 -9999 -9999 -9999 -9999 -9999 -9999 -9999 -9999 -9999 -9999 3.18263E-1 3.50468E-1 1.8947E-1 1.47017E-1 1.60783E-1 1.84388E-1 1.90795E-1 1.60445E-1 1.6692E-1 1.78784E-1 1.90774E-1 2.01969E-1 2.15592E-1 1.03677E-1 8.48116E-2 1.22766E-1 9.79351E-2 1.6221E-1 2.29971E-1 2.66225E-1 2.36832E-1 2.19829E-1 2.33116E-1 2.16535E-1 1.91826E-1 2.13174E-1 3.45605E-1 3.74072E-1 2.65807E-1 2.60833E-1 2.83903E-1 3.3557E-1 3.36696E-1 3.70375E-1 4.7123E-1 4.36953E-1 -9999 -9999 3.35095E-1 -9999 -9999 -9999 -9999
2.64362E-1 3.53675E-1 5.33983E-1 5.7764E-1 5.43778E-1 5.70972E-1 5.78726E-1 5.17232E-1 4.34868E-1 -9999 -9999 -9999 -9999 -9999 -9999 -9999 -9999 -9999 -9999 -9999 -9999 -9999 -9999 -9999 -9999 -9999 -9999 -9999 -9999 -9999 -9999 2.05221E-1 1.75731E-1 1.96032E-1 1.9396E-1 1.42632E-1 1.95771E-1 1.9386E-1 1.8989E-1 1.96121E-1 2.19859E-1 1.51092E-1 1.28461E-1 1.25245E-1 1.79611E-1 1.82976E-1 1.72571E-1 1.81869E-1 2.79685E-1 2.52823E-1 2.20465E-1 2.32161E-1 2.05348E-1 1.88888E-1 2.28234E-1 2.14514E-1 2.23818E-1 3.47419E-1 2.44833E-1 2.95857E-1 3.91838E-1 3.90442E-1 5.19288E-1 5.41064E-1 4.18879E-1 -9999 -9999 -9999 -9999 -9999 -9999 -9999
2.46671E-1 3.36669E-1 5.20668E-1 5.43778E-1 5.38901E-1 4.74286E-1 4.00423E-1 4.122E-1 4.03452E-1 -9999 -9999 -9999 -9999 -9999 -9999 -9999 -9999 -9999 -9999 -9999 -9999 -9999 -9999 -9999 -9999 -9999 -9999 -9999 -9999 -9999 -9999 2.45163E-1 2.60332E-1 2.71757E-1 2.5671E-1 2.43472E-1 2.38698E-1 1.21739E-1 1.48833E-1 1.86926E-1 1.48102E-1 9.76062E-2 1.02493E-1 1.08611E-1 1.85765E-1 1.83369E-1 1.53641E-1 2.10931E-1 2.71132E-1 2.43703E-1 2.15857E-1 2.05334E-1 1.83393E-1 1.87975E-1 1.86463E-1 2.1258E-1 2.84733E-1 2.61752E-1 2.7062E-1 3.32493E-1 2.57938E-1 2.92575E-1 3.70896E-1 -9999 -9999 -9999 3.39655E-1 -9999 -9999 -9999 -9999 -9999
2.44769E-1 4.32916E-1 5.09126E-1 5.43364E-1 5.33877E-1 4.63081E-1 4.64804E-1 3.90415E-1 3.97686E-1 -9999 -9999 -9999 -9999 -9999 -9999 -9999 -9999 -9999 -9999 -9999 -9999 -9999 -9999 -9999 -9999 -9999 -9999 -9999 -9999 -9999 -9999 -9999 -9999 -9999 3.0312E-1 3.2736E-1 2.60442E-1 1.68424E-1 1.52485E-1 1.54953E-1 1.17955E-1 9.092E-2 9.74917E-2 1.36485E-1 2.32293E-1 2.0968E-1 1.67095E-1 1.81075E-1 1.33721E-1 1.66185E-1 2.22155E-1 1.87103E-1 1.64794E-1 1.55862E-1 1.82506E-1 1.91224E-1 2.19714E-1 3.0634E-1 4.28713E-1 2.98787E-1 2.3381E-1 3.30932E-1 3.56955E-1 4.64107E-1 3.88277E-1 2.52111E-1 2.88453E-1 -9999 -9999 -9999 -9999 2.8713E-1
2.48919E-1 4.92406E-1 4.65452E-1 5.02761E-1 5.10345E-1 5.27366E-1 4.6984E-1 3.87723E-1 3.8786E-1 -9999 -9999 -9999 -9999 -9999 -9999 -9999 -9999 -9999 -9999 -9999 -9999 -9999 -9999 -9999 -9999 -9999 -9999 -9999 -9999 -9999 -9999 2.61745E-1 2.70605E-1 2.55958E-1 2.86521E-1 -9999 -9999 1.93458E-1 1.7584E-1 1.53395E-1 1.09817E-1 1.02649E-1 1.75967E-1 1.98001E-1 2.66337E-1 1.9503E-1 1.28233E-1 1.42351E-1 1.98203E-1 2.73886E-1 2.33568E-1 1.7029E-1 1.37927E-1 1.77937E-1 1.85738E-1 1.83994E-1 1.86695E-1 2.2826E-1 2.84055E-1 2.35985E-1 2.47598E-1 3.69772E-1 3.68503E-1 4.6662E-1 3.68789E-1 -9999 4.1678E-1 3.8988E-1 4.65894E-1 -9999 2.3269E-1 4.4905E-1
2.7651E-1 3.76953E-1 2.76312E-1 2.78635E-1 3.94108E-1 5.02316E-1 4.61969E-1 3.76675E-1 3.75292E-1 -9999 -9999 -9999 -9999 -9999 -9999 -9999 -9999 -9999 -9999 -9999 -9999 -9999 -9999 -9999 -9999 -9999 -9999 -9999 -9999 -9999 -9999 2.65172E-1 2.65043E-1 2.37408E-1 3.24218E-1 3.49684E-1 -9999 -9999 1.81887E-1 1.59532E-1 1.43101E-1 1.5389E-1 1.85217E-1 2.11938E-1 2.53992E-1 2.34036E-1 1.69648E-1 2.17509E-1 2.40155E-1 1.77391E-1 1.53026E-1 1.39761E-1 1.56535E-1 1.83985E-1 2.11096E-1 2.22809E-1 2.0821E-1 1.53778E-1 1.56374E-1 1.77437E-1 2.29035E-1 3.01727E-1 3.54563E-1 3.71616E-1 2.99698E-1 -9999 4.46494E-1 3.95168E-1 4.25037E-1 6.60581E-1 2.33862E-1 4.64991E-1
2.63462E-1 2.36761E-1 2.34822E-1 2.47336E-1 2.71553E-1 4.21347E-1 4.36969E-1 3.6274E-1 3.61523E-1 3.71164E-1 -9999 -9999 -9999 -9999 -9999 -9999 -9999 -9999 -9999 -9999 -9999 -9999 -9999 -9999 -9999 -9999 -9999 -9999 -9999 -9999 -9999 -9999 -9999 3.15019E-1 3.36325E-1 3.25523E-1 -9999 -9999 1.82895E-1 1.62515E-1 1.62609E-1 1.29839E-1 1.74146E-1 2.1529E-1 2.48402E-1 2.60642E-1 1.94696E-1 1.77884E-1 1.57336E-1 1.38602E-1 1.50721E-1 1.50034E-1 1.65552E-1 1.97621E-1 2.06476E-1 1.83404E-1 1.43619E-1 1.78058E-1 1.67506E-1 2.13185E-1 1.93327E-1 2.59578E-1 3.56089E-1 2.68145E-1 2.33548E-1 3.58557E-1 2.83399E-1 3.96833E-1 4.5128E-1 6.26457E-1 2.05983E-1 2.52343E-1
3.8576E-1 2.40695E-1 2.68306E-1 2.49458E-1 2.51797E-1 3.99117E-1 4.21636E-1 4.29408E-1 4.44904E-1 3.58968E-1 -9999 -9999 -9999 -9999 -9999 -9999 -9999 -9999 -9999 -9999 -9999 -9999 -9999 -9999 -9999 -9999 -9999 -9999 -9999 -9999 -9999 -9999 -9999 3.24488E-1 3.858E-1 3.10303E-1 2.46712E-1 1.78884E-1 1.88633E-1 1.69151E-1 1.59322E-1 1.41383E-1 1.78712E-1 2.22031E-1 2.46234E-1 2.90456E-1 2.12655E-1 1.71386E-1 1.41831E-1 1.35117E-1 1.84678E-1 1.16847E-1 1.5366E-1 1.46431E-1 1.72169E-1 1.71748E-1 2.30568E-1 1.97843E-1 2.93466E-1 3.33483E-1 2.86454E-1 3.38844E-1 2.29883E-1 2.29962E-1 2.88415E-1 3.42081E-1 3.1133E-1 3.3376E-1 4.50276E-1 6.08386E-1 -9999 2.2818E-1
5.09244E-1 3.0807E-1 3.23642E-1 2.48447E-1 2.78335E-1 3.07914E-1 4.02281E-1 4.06915E-1 4.38786E-1 -9999 -9999 -9999 -9999 -9999 -9999 -9999 -9999 -9999 -9999 -9999 -9999 -9999 -9999 -9999 -9999 -9999 -9999 -9999 -9999 -9999 -9999 -9999 -9999 -9999 -9999 3.25534E-1 2.43024E-1 1.89098E-1 1.93961E-1 1.58328E-1 1.3801E-1 1.72386E-1 1.84845E-1 2.26875E-1 2.6515E-1 1.99011E-1 2.02656E-1 1.85117E-1 1.47508E-1 1.39943E-1 1.59626E-1 1.68523E-1 1.71252E-1 1.80967E-1 1.97189E-1 2.30309E-1 2.52251E-1 2.28816E-1 2.80162E-1 2.26599E-1 1.61616E-1 1.91033E-1 2.27665E-1 2.7813E-1 2.7027E-1 2.75836E-1 3.16341E-1 3.1267E-1 4.09793E-1 6.07069E-1 -9999 -9999
5.12628E-1 3.46372E-1 3.45874E-1 3.19101E-1 2.91992E-1 2.90854E-1 3.18183E-1 3.87992E-1 3.44193E-1 -9999 -9999 -9999 -9999 -9999 -9999 -9999 -9999 -9999 -9999 -9999 -9999 -9999 -9999 -9999 -9999 -9999 -9999 -9999 -9999 -9999 -9999 -9999 -9999 -9999 -9999 -9999 2.46286E-1 2.09448E-1 2.03051E-1 1.68328E-1 1.57809E-1 1.74557E-1 1.79448E-1 2.21742E-1 2.72752E-1 2.2563E-1 2.13458E-1 1.90048E-1 1.52762E-1 1.15289E-1 1.2114E-1 1.5294E-1 1.5694E-1 1.84808E-1 1.82581E-1 2.49504E-1 2.93836E-1 3.08346E-1 2.97478E-1 1.9431E-1 2.05324E-1 1.87459E-1 3.0133E-1 4.44642E-1 3.78086E-1 2.68106E-1 2.93048E-1 2.30323E-1 3.34636E-1 6.64378E-1 -9999 -9999
