Artocarpus altilis SDM files/MIS19/results (without bias file)/Artalt_7.asc
ncols         1201
nrows         481
xllcorner     119.99986351115
yllcorner     -15.00013828885
cellsize      0.041666667
NODATA_value  -9999
[rows 160 to 191 of 481, columns 0 to 71 of 1201]
2.11715E-1 2.63726E-1 3.44042E-1 2.81976E-1 3.09966E-1 3.34095E-1 3.48081E-1 3.69047E-1 4.11807E-1 3.68366E-1 3.02028E-1 2.97291E-1 3.63254E-1 4.34045E-1 4.73988E-1 5.33264E-1 5.12152E-1 5.09456E-1 5.26193E-1 5.03275E-1 4.35374E-1 3.8185E-1 3.60366E-1 3.377E-1 2.93607E-1 2.69477E-1 3.4314E-1 4.61257E-1 4.14868E-1 4.51241E-1 7.69131E-1 5.62881E-1 3.93204E-1 3.06415E-1 4.2604E-1 3.83364E-1 3.27764E-1 3.97074E-1 4.48771E-1 5.02875E-1 4.24695E-1 5.31976E-1 6.50773E-1 5.4005E-1 6.61174E-1 8.56314E-1 9.17826E-1 9.33555E-1 9.38341E-1 9.49957E-1 9.49957E-1 -9999 -9999 -9999 -9999 -9999 -9999 -9999 -9999 -9999 -9999 -9999 -9999 -9999 -9999 -9999 -9999 -9999 -9999 -9999 -9999 -9999
2.45793E-1 2.80484E-1 3.6558E-1 2.81241E-1 3.22274E-1 3.23069E-1 3.64818E-1 3.78566E-1 4.09992E-1 3.07354E-1 2.84774E-1 3.06803E-1 3.87974E-1 4.34587E-1 4.78112E-1 5.03868E-1 5.21045E-1 5.11473E-1 4.99996E-1 4.29432E-1 3.83656E-1 3.81424E-1 3.16778E-1 2.69947E-1 2.48858E-1 2.97761E-1 4.25155E-1 4.71143E-1 4.38206E-1 4.56211E-1 5.80212E-1 7.03407E-1 4.52737E-1 3.33483E-1 4.4458E-1 4.43498E-1 3.49016E-1 4.20996E-1 4.33974E-1 5.14578E-1 4.76253E-1 5.1714E-1 8.22932E-1 6.60114E-1 8.88995E-1 8.93259E-1 9.16806E-1 9.23923E-1 -9999 -9999 -9999 -9999 -9999 -9999 -9999 -9999 -9999 -9999 -9999 -9999 -9999 -9999 -9999 -9999 -9999 -9999 -9999 -9999 -9999 -9999 -9999 -9999
3.0208E-1 3.14415E-1 3.74794E-1 2.88522E-1 3.35465E-1 3.70942E-1 3.56794E-1 3.68608E-1 3.9786E-1 3.1601E-1 2.89751E-1 3.67356E-1 4.08335E-1 4.54558E-1 4.70174E-1 4.99392E-1 5.08376E-1 4.41767E-1 4.70121E-1 3.49915E-1 3.84466E-1 4.03716E-1 2.84471E-1 2.50159E-1 2.85698E-1 3.80125E-1 4.67283E-1 4.67312E-1 4.52604E-1 3.89834E-1 4.42442E-1 8.13084E-1 5.13862E-1 4.17988E-1 4.17487E-1 4.54319E-1 4.31293E-1 4.744E-1 4.8668E-1 5.78944E-1 6.73052E-1 7.27398E-1 8.42574E-1 8.37394E-1 8.99646E-1 8.96316E-1 -9999 -9999 -9999 -9999 -9999 -9999 -9999 -9999 -9999 -9999 -9999 -9999 -9999 -9999 -9999 -9999 -9999 -9999 -9999 -9999 -9999 -9999 -9999 -9999 -9999 -9999
3.1479E-1 2.86192E-1 3.92075E-1 3.32606E-1 2.98813E-1 2.87652E-1 3.18146E-1 3.82847E-1 3.78468E-1 3.0111E-1 2.99339E-1 3.55752E-1 4.31007E-1 4.86725E-1 5.11724E-1 5.19396E-1 4.51948E-1 4.38441E-1 4.21891E-1 3.34991E-1 4.20377E-1 4.03617E-1 2.78799E-1 2.89761E-1 3.78237E-1 4.55228E-1 4.77589E-1 4.50189E-1 4.29852E-1 3.31064E-1 4.01972E-1 7.85725E-1 5.51854E-1 4.25315E-1 4.14663E-1 4.65146E-1 5.72097E-1 6.44291E-1 7.04483E-1 7.23952E-1 8.28795E-1 8.47169E-1 8.58913E-1 8.62888E-1 -9999 -9999 -9999 -9999 -9999 -9999 -9999 -9999 -9999 -9999 -9999 -9999 -9999 -9999 -9999 -9999 -9999 -9999 -9999 -9999 -9999 -9999 -9999 -9999 -9999 -9999 -9999 -9999
3.48408E-1 3.18451E-1 3.83233E-1 3.5173E-1 2.93417E-1 3.08181E-1 3.4074E-1 3.99809E-1 3.87692E-1 3.32323E-1 2.92598E-1 3.9041E-1 4.69668E-1 4.89944E-1 5.16787E-1 4.67159E-1 4.39609E-1 3.86379E-1 3.77624E-1 3.80883E-1 4.29927E-1 3.609E-1 3.0941E-1 3.62321E-1 4.40488E-1 4.83856E-1 4.7489E-1 4.02877E-1 4.1909E-1 4.04605E-1 3.89731E-1 7.7615E-1 8.03914E-1 7.15457E-1 7.15456E-1 5.94844E-1 7.74487E-1 7.52632E-1 7.80332E-1 7.17094E-1 8.03345E-1 8.19945E-1 8.44881E-1 -9999 -9999 -9999 -9999 -9999 -9999 -9999 -9999 -9999 -9999 -9999 -9999 -9999 -9999 -9999 -9999 -9999 -9999 -9999 -9999 -9999 -9999 -9999 -9999 -9999 -9999 -9999 -9999 -9999
3.10574E-1 3.09224E-1 3.42124E-1 3.68736E-1 3.43644E-1 3.87024E-1 4.23346E-1 4.37865E-1 4.05417E-1 2.7506E-1 3.37369E-1 4.38137E-1 4.72586E-1 4.85124E-1 5.01121E-1 5.07527E-1 4.36915E-1 3.35931E-1 3.95346E-1 4.38774E-1 4.22874E-1 4.37945E-1 3.9055E-1 4.26383E-1 4.86252E-1 4.95005E-1 5.30138E-1 4.30437E-1 4.20678E-1 4.92204E-1 4.88847E-1 7.05126E-1 7.85725E-1 8.03926E-1 7.80396E-1 7.45402E-1 7.97726E-1 7.86187E-1 7.86187E-1 7.8139E-1 8.02837E-1 8.17979E-1 8.37866E-1 -9999 -9999 -9999 -9999 -9999 -9999 -9999 -9999 -9999 -9999 -9999 -9999 -9999 -9999 -9999 -9999 -9999 -9999 -9999 -9999 -9999 -9999 -9999 -9999 -9999 -9999 -9999 -9999 -9999
2.74393E-1 2.89017E-1 3.13938E-1 3.91762E-1 3.97278E-1 4.01795E-1 4.50053E-1 4.45565E-1 3.39034E-1 2.8886E-1 3.55841E-1 4.46146E-1 4.73076E-1 4.80726E-1 4.9501E-1 5.23571E-1 4.24921E-1 3.41258E-1 4.2871E-1 5.08955E-1 4.3946E-1 5.07561E-1 4.73972E-1 4.87446E-1 4.94986E-1 5.41849E-1 5.76283E-1 5.31512E-1 4.84214E-1 6.05838E-1 4.31168E-1 4.90138E-1 8.0701E-1 7.68593E-1 7.99338E-1 8.00289E-1 8.06446E-1 7.85664E-1 7.86188E-1 7.3583E-1 7.72287E-1 8.16004E-1 -9999 -9999 -9999 -9999 -9999 -9999 -9999 -9999 -9999 -9999 -9999 -9999 -9999 -9999 -9999 -9999 -9999 -9999 -9999 -9999 -9999 -9999 -9999 -9999 -9999 -9999 -9999 -9999 -9999 -9999
3.10898E-1 3.27471E-1 3.08704E-1 3.64379E-1 4.1257E-1 4.3078E-1 4.57466E-1 4.53961E-1 3.40777E-1 3.36348E-1 3.83654E-1 4.32602E-1 4.57654E-1 4.55813E-1 4.81266E-1 5.02978E-1 4.38378E-1 3.49233E-1 4.3887E-1 4.86237E-1 5.03029E-1 4.558E-1 5.62381E-1 5.62956E-1 5.46121E-1 5.88587E-1 5.97374E-1 5.51593E-1 3.88685E-1 7.0395E-1 6.1475E-1 6.36697E-1 8.03466E-1 5.80592E-1 7.82017E-1 7.94155E-1 8.02401E-1 7.93553E-1 7.49281E-1 7.61437E-1 8.20983E-1 -9999 -9999 -9999 -9999 -9999 -9999 -9999 -9999 -9999 -9999 -9999 -9999 -9999 -9999 -9999 -9999 -9999 -9999 -9999 -9999 -9999 -9999 -9999 -9999 -9999 -9999 -9999 -9999 -9999 -9999 -9999
2.76363E-1 2.93311E-1 2.67431E-1 3.25997E-1 4.04453E-1 4.07075E-1 4.28094E-1 3.98785E-1 2.88407E-1 3.0247E-1 3.6554E-1 3.30269E-1 3.18924E-1 4.21168E-1 4.69847E-1 4.77748E-1 4.62231E-1 3.7816E-1 4.45746E-1 4.44747E-1 5.02015E-1 4.53165E-1 4.79661E-1 5.85685E-1 5.93303E-1 6.03267E-1 6.00935E-1 4.83733E-1 3.89429E-1 7.84212E-1 7.78338E-1 5.06392E-1 7.33152E-1 5.21575E-1 7.13184E-1 7.91044E-1 -9999 -9999 -9999 -9999 -9999 -9999 -9999 -9999 -9999 -9999 -9999 -9999 -9999 -9999 -9999 -9999 -9999 -9999 -9999 -9999 -9999 -9999 -9999 -9999 -9999 -9999 -9999 -9999 -9999 -9999 -9999 -9999 -9999 -9999 -9999 -9999
2.63155E-1 2.49119E-1 2.27904E-1 2.66924E-1 3.48456E-1 3.54935E-1 3.24017E-1 3.18625E-1 2.85582E-1 2.73399E-1 3.45308E-1 3.72217E-1 2.88161E-1 3.93292E-1 4.69175E-1 4.75489E-1 4.76213E-1 4.71947E-1 4.55326E-1 4.91506E-1 5.02802E-1 5.12965E-1 4.6887E-1 5.42474E-1 5.67687E-1 5.63846E-1 5.61467E-1 4.21084E-1 3.863E-1 7.68118E-1 8.06564E-1 6.60834E-1 7.0169E-1 7.12045E-1 7.56546E-1 7.58184E-1 7.99338E-1 -9999 -9999 -9999 -9999 -9999 -9999 -9999 -9999 -9999 -9999 -9999 -9999 -9999 -9999 -9999 -9999 -9999 -9999 -9999 -9999 -9999 -9999 -9999 -9999 -9999 -9999 -9999 -9999 -9999 -9999 -9999 -9999 -9999 -9999 -9999
2.80486E-1 2.46024E-1 2.23508E-1 2.78141E-1 3.26593E-1 3.42936E-1 3.3481E-1 2.98086E-1 2.61061E-1 2.56037E-1 3.25041E-1 3.80858E-1 2.98278E-1 3.75013E-1 3.90579E-1 4.61046E-1 4.79424E-1 4.99141E-1 4.40141E-1 4.46808E-1 4.79877E-1 5.03556E-1 5.03677E-1 4.74869E-1 5.04866E-1 4.50066E-1 4.79859E-1 3.49818E-1 4.06189E-1 7.7408E-1 7.50563E-1 7.03475E-1 7.49398E-1 7.93662E-1 7.69144E-1 7.80961E-1 7.85175E-1 -9999 -9999 -9999 -9999 -9999 -9999 -9999 -9999 -9999 -9999 -9999 -9999 -9999 -9999 -9999 -9999 -9999 -9999 -9999 -9999 -9999 -9999 -9999 -9999 -9999 -9999 -9999 -9999 -9999 -9999 -9999 -9999 -9999 -9999 -9999
2.78064E-1 2.38642E-1 2.74851E-1 3.29284E-1 3.4132E-1 3.00353E-1 3.80522E-1 3.58487E-1 3.05944E-1 2.46959E-1 2.73205E-1 3.23278E-1 2.69111E-1 4.00019E-1 3.62617E-1 3.7133E-1 4.7106E-1 4.835E-1 4.65767E-1 4.09215E-1 4.59362E-1 4.51195E-1 4.8548E-1 4.41788E-1 4.8139E-1 4.59825E-1 4.2452E-1 3.91728E-1 4.1421E-1 4.63614E-1 5.93591E-1 5.34323E-1 6.76677E-1 5.3811E-1 5.19423E-1 7.58778E-1 7.74015E-1 7.95666E-1 -9999 -9999 -9999 -9999 -9999 -9999 -9999 -9999 -9999 -9999 -9999 -9999 -9999 -9999 -9999 -9999 -9999 -9999 -9999 -9999 -9999 -9999 -9999 -9999 -9999 -9999 -9999 -9999 -9999 -9999 -9999 -9999 -9999 -9999
3.00242E-1 2.4132E-1 3.3262E-1 3.37308E-1 2.76528E-1 3.12651E-1 3.50264E-1 4.02296E-1 3.42574E-1 2.33724E-1 2.42414E-1 2.7591E-1 2.46577E-1 3.18204E-1 3.57888E-1 3.34412E-1 4.19312E-1 4.73959E-1 4.79948E-1 4.32351E-1 3.97571E-1 4.2886E-1 4.73082E-1 4.30651E-1 4.24035E-1 4.57301E-1 3.83673E-1 3.44694E-1 5.28913E-1 7.00036E-1 7.50564E-1 6.93644E-1 6.4622E-1 7.21262E-1 5.89673E-1 6.81353E-1 7.73481E-1 7.70765E-1 -9999 -9999 -9999 -9999 -9999 -9999 -9999 -9999 -9999 -9999 -9999 -9999 -9999 -9999 -9999 -9999 -9999 -9999 -9999 -9999 -9999 -9999 -9999 -9999 -9999 -9999 -9999 -9999 -9999 -9999 -9999 -9999 -9999 -9999
3.2403E-1 2.37975E-1 3.08889E-1 2.24072E-1 2.55213E-1 2.92271E-1 3.34552E-1 3.61907E-1 3.96598E-1 2.85877E-1 2.36958E-1 2.88478E-1 3.27237E-1 3.1761E-1 3.31785E-1 3.50277E-1 2.77017E-1 3.75709E-1 4.60459E-1 4.31949E-1 3.77577E-1 4.13096E-1 4.17515E-1 4.2575E-1 4.10965E-1 4.23356E-1 3.58034E-1 3.74046E-1 4.36413E-1 6.84922E-1 7.30975E-1 7.31536E-1 7.21893E-1 5.12853E-1 6.10851E-1 5.84405E-1 6.91846E-1 7.68077E-1 7.75083E-1 7.75616E-1 7.71301E-1 7.69691E-1 7.92526E-1 -9999 -9999 -9999 -9999 -9999 -9999 -9999 -9999 -9999 -9999 -9999 -9999 -9999 -9999 -9999 -9999 -9999 -9999 -9999 -9999 -9999 -9999 -9999 -9999 -9999 -9999 -9999 -9999 -9999
3.65361E-1 2.32046E-1 2.36881E-1 2.35547E-1 2.10557E-1 2.43988E-1 2.69384E-1 3.3041E-1 3.27784E-1 2.45048E-1 2.80681E-1 2.61133E-1 3.41206E-1 3.77623E-1 3.77864E-1 3.76264E-1 2.79981E-1 2.24146E-1 3.26551E-1 3.72051E-1 3.48326E-1 3.53202E-1 2.9658E-1 2.99309E-1 3.03063E-1 3.37148E-1 3.20487E-1 3.66098E-1 4.37944E-1 5.16524E-1 6.84343E-1 7.21328E-1 7.25347E-1 5.55138E-1 4.57829E-1 4.85119E-1 4.87034E-1 6.88343E-1 7.73481E-1 7.74015E-1 7.74549E-1 7.69153E-1 7.85183E-1 -9999 -9999 -9999 -9999 -9999 -9999 -9999 -9999 -9999 -9999 -9999 -9999 -9999 -9999 -9999 -9999 -9999 -9999 -9999 -9999 -9999 -9999 -9999 -9999 -9999 -9999 -9999 -9999 -9999
3.26775E-1 2.28932E-1 2.57366E-1 2.513E-1 2.19023E-1 2.46515E-1 2.7102E-1 2.48405E-1 2.47243E-1 2.36269E-1 3.61641E-1 2.56446E-1 2.72588E-1 3.5191E-1 3.41445E-1 3.21512E-1 3.26065E-1 2.66999E-1 2.9348E-1 2.97858E-1 2.68148E-1 2.78286E-1 2.67518E-1 2.45193E-1 2.90463E-1 2.44342E-1 2.5136E-1 3.4276E-1 4.62887E-1 3.79064E-1 6.70939E-1 7.07043E-1 7.08184E-1 5.9609E-1 4.37962E-1 4.24416E-1 4.23458E-1 6.13751E-1 7.43844E-1 7.44952E-1 7.55504E-1 7.63166E-1 7.69691E-1 7.85708E-1 -9999 -9999 -9999 -9999 -9999 -9999 -9999 -9999 -9999 -9999 -9999 -9999 -9999 -9999 -9999 -9999 -9999 -9999 -9999 -9999 -9999 -9999 -9999 -9999 -9999 -9999 -9999 -9999
2.99149E-1 2.09651E-1 2.40266E-1 2.82302E-1 2.733E-1 2.44295E-1 2.37684E-1 3.13876E-1 2.86128E-1 2.36212E-1 3.66028E-1 3.46577E-1 2.74225E-1 3.28068E-1 3.27398E-1 2.88128E-1 2.35049E-1 3.23994E-1 3.01187E-1 2.51536E-1 2.44521E-1 2.57455E-1 2.3133E-1 2.40931E-1 2.84721E-1 3.14321E-1 2.61612E-1 4.11129E-1 4.52658E-1 4.53855E-1 5.26277E-1 6.7333E-1 5.41746E-1 4.75092E-1 4.01855E-1 4.57269E-1 4.08025E-1 4.87693E-1 6.60297E-1 6.94768E-1 6.17926E-1 6.62627E-1 5.54748E-1 7.51032E-1 7.85747E-1 -9999 -9999 -9999 -9999 -9999 -9999 -9999 -9999 -9999 -9999 -9999 -9999 -9999 -9999 -9999 -9999 -9999 -9999 -9999 -9999 -9999 -9999 -9999 -9999 -9999 -9999 -9999
3.28318E-1 2.16471E-1 2.06576E-1 2.41785E-1 2.29992E-1 2.33741E-1 2.89823E-1 3.16446E-1 3.07731E-1 3.00474E-1 4.13199E-1 3.15618E-1 2.18278E-1 2.5812E-1 2.47173E-1 2.04349E-1 2.03805E-1 2.48246E-1 3.70539E-1 3.48387E-1 3.12328E-1 2.88069E-1 2.7874E-1 2.95522E-1 3.06282E-1 3.37484E-1 2.94451E-1 3.93033E-1 3.44467E-1 3.23029E-1 3.6975E-1 5.38268E-1 4.4397E-1 3.29782E-1 4.18821E-1 3.88795E-1 3.74704E-1 3.98307E-1 4.81066E-1 5.52504E-1 5.14335E-1 5.23333E-1 4.73943E-1 7.16075E-1 7.59917E-1 -9999 -9999 -9999 -9999 -9999 -9999 -9999 -9999 -9999 -9999 -9999 -9999 -9999 -9999 -9999 -9999 -9999 -9999 -9999 -9999 -9999 -9999 -9999 -9999 -9999 -9999 -9999
2.73541E-1 2.455E-1 2.28853E-1 2.34787E-1 2.61563E-1 2.46981E-1 2.80003E-1 3.30062E-1 3.73082E-1 3.90352E-1 4.38474E-1 3.30761E-1 2.06954E-1 1.71827E-1 1.81536E-1 2.51542E-1 2.33224E-1 2.73792E-1 4.56819E-1 6.78246E-1 6.01958E-1 3.99725E-1 3.47499E-1 3.74832E-1 3.939E-1 3.28652E-1 3.12121E-1 3.21727E-1 3.08805E-1 3.39331E-1 3.54608E-1 4.20808E-1 4.04442E-1 3.46487E-1 4.07468E-1 3.58317E-1 3.96683E-1 3.71456E-1 4.00336E-1 4.25516E-1 4.5413E-1 4.37303E-1 5.78002E-1 6.24945E-1 7.0863E-1 7.54546E-1 -9999 -9999 -9999 -9999 -9999 -9999 -9999 -9999 -9999 -9999 -9999 -9999 -9999 -9999 -9999 -9999 -9999 -9999 -9999 -9999 -9999 -9999 -9999 -9999 -9999 -9999
2.24874E-1 3.14282E-1 3.33063E-1 2.67869E-1 3.18726E-1 2.74891E-1 3.04459E-1 3.08337E-1 3.7222E-1 5.71303E-1 3.9733E-1 2.94479E-1 1.94664E-1 1.68114E-1 2.08586E-1 2.68982E-1 2.85787E-1 3.02298E-1 6.0972E-1 7.09667E-1 7.56535E-1 7.1902E-1 6.55419E-1 5.06827E-1 6.57419E-1 4.43857E-1 4.46714E-1 4.08186E-1 3.75358E-1 4.3711E-1 4.2243E-1 3.88817E-1 3.79167E-1 3.20987E-1 3.59361E-1 3.25413E-1 3.80657E-1 3.67142E-1 3.77759E-1 3.8273E-1 4.03888E-1 4.2367E-1 4.27918E-1 4.78401E-1 5.92807E-1 7.19894E-1 7.79721E-1 -9999 -9999 -9999 -9999 -9999 -9999 -9999 -9999 -9999 -9999 -9999 -9999 -9999 -9999 -9999 -9999 -9999 -9999 -9999 -9999 -9999 -9999 -9999 -9999 -9999
2.80447E-1 3.24508E-1 3.88574E-1 3.34468E-1 3.43014E-1 2.81312E-1 3.2703E-1 4.31267E-1 5.7118E-1 6.11884E-1 3.13717E-1 3.04413E-1 2.74637E-1 2.03213E-1 2.17696E-1 2.48488E-1 3.22479E-1 4.19749E-1 6.51371E-1 7.20799E-1 7.52132E-1 7.54549E-1 7.3496E-1 4.06735E-1 6.21993E-1 6.87425E-1 5.54588E-1 4.35736E-1 3.93425E-1 3.93123E-1 4.08654E-1 4.21885E-1 4.21357E-1 4.26123E-1 3.45457E-1 3.29488E-1 3.56061E-1 3.34881E-1 3.17999E-1 3.81179E-1 3.9199E-1 4.10362E-1 4.15907E-1 4.00919E-1 4.09861E-1 6.14971E-1 7.08024E-1 -9999 -9999 -9999 -9999 -9999 -9999 -9999 -9999 -9999 -9999 -9999 -9999 -9999 -9999 -9999 -9999 -9999 -9999 -9999 -9999 -9999 -9999 -9999 -9999 -9999
3.54723E-1 3.63749E-1 3.52961E-1 3.96135E-1 3.13892E-1 3.47561E-1 4.93128E-1 6.12147E-1 6.63831E-1 6.26543E-1 4.71508E-1 3.65809E-1 2.85783E-1 2.26975E-1 2.95566E-1 2.84272E-1 3.90064E-1 5.41291E-1 6.81434E-1 7.077E-1 7.43866E-1 7.24916E-1 7.06438E-1 6.2414E-1 6.03237E-1 3.48147E-1 5.06531E-1 3.8766E-1 3.26422E-1 2.97178E-1 3.17747E-1 3.53167E-1 4.13255E-1 4.19718E-1 4.25296E-1 3.76891E-1 3.31295E-1 3.61659E-1 3.70865E-1 3.36161E-1 3.88459E-1 3.95216E-1 3.88371E-1 3.95011E-1 3.84626E-1 4.71837E-1 5.92879E-1 7.64852E-1 -9999 -9999 -9999 -9999 -9999 -9999 -9999 -9999 -9999 -9999 -9999 -9999 -9999 -9999 -9999 -9999 -9999 -9999 -9999 -9999 -9999 -9999 -9999 -9999
3.77502E-1 3.28013E-1 2.92043E-1 3.35337E-1 4.80132E-1 5.73384E-1 6.61546E-1 7.21574E-1 7.10458E-1 7.10127E-1 6.59018E-1 4.89568E-1 4.63704E-1 3.08449E-1 3.8905E-1 3.7331E-1 5.9934E-1 6.37134E-1 7.20747E-1 7.14603E-1 7.20472E-1 7.31973E-1 6.64721E-1 7.02515E-1 6.01932E-1 4.50488E-1 5.64329E-1 3.59591E-1 3.45257E-1 3.77757E-1 4.41196E-1 3.09528E-1 3.58063E-1 3.78174E-1 3.98462E-1 3.71755E-1 4.30343E-1 4.26788E-1 4.22934E-1 3.9777E-1 3.67587E-1 3.49061E-1 3.27643E-1 3.66094E-1 3.71667E-1 4.35175E-1 4.35296E-1 6.9437E-1 -9999 -9999 -9999 -9999 -9999 -9999 -9999 -9999 -9999 -9999 -9999 -9999 -9999 -9999 -9999 -9999 -9999 -9999 -9999 -9999 -9999 -9999 -9999 -9999
3.18334E-1 3.99307E-1 3.82308E-1 4.28725E-1 5.84645E-1 6.85618E-1 7.24098E-1 7.32212E-1 7.2197E-1 7.22884E-1 7.12784E-1 6.92712E-1 7.11599E-1 6.91557E-1 6.66823E-1 6.41501E-1 6.9452E-1 7.22072E-1 7.30529E-1 7.29644E-1 7.16019E-1 7.0637E-1 7.03004E-1 7.40586E-1 7.47809E-1 7.53615E-1 6.8976E-1 4.26031E-1 3.0745E-1 3.54955E-1 4.53543E-1 3.60296E-1 3.49574E-1 3.83507E-1 4.00804E-1 4.42142E-1 4.48077E-1 4.43733E-1 4.24201E-1 4.2022E-1 4.06541E-1 3.82712E-1 3.44175E-1 3.47931E-1 3.87105E-1 3.87209E-1 3.8821E-1 5.09894E-1 7.88007E-1 -9999 -9999 -9999 -9999 -9999 -9999 -9999 -9999 -9999 -9999 -9999 -9999 -9999 -9999 -9999 -9999 -9999 -9999 -9999 -9999 -9999 -9999 -9999
3.4761E-1 4.05784E-1 3.6558E-1 3.71403E-1 5.24167E-1 7.31003E-1 7.38832E-1 7.32579E-1 7.23448E-1 7.15736E-1 7.04103E-1 7.03861E-1 7.01872E-1 7.26912E-1 7.0063E-1 7.03636E-1 7.18219E-1 7.23601E-1 7.31384E-1 7.2653E-1 7.21368E-1 7.13511E-1 7.12228E-1 7.2922E-1 7.39633E-1 7.40175E-1 7.4029E-1 4.90128E-1 4.04512E-1 4.63445E-1 3.85827E-1 3.78656E-1 4.1177E-1 4.21367E-1 4.35226E-1 3.98559E-1 4.34994E-1 3.9324E-1 3.65887E-1 3.96215E-1 3.99523E-1 4.06323E-1 3.74657E-1 3.72754E-1 4.01032E-1 3.85211E-1 3.62284E-1 4.02324E-1 7.09899E-1 -9999 -9999 -9999 -9999 -9999 -9999 -9999 -9999 -9999 -9999 -9999 -9999 -9999 -9999 -9999 -9999 -9999 -9999 -9999 -9999 -9999 -9999 -9999
2.8403E-1 3.09798E-1 3.46852E-1 3.67181E-1 6.83187E-1 7.5901E-1 7.45216E-1 7.32944E-1 7.15369E-1 7.08864E-1 7.03134E-1 7.21976E-1 7.25435E-1 7.27055E-1 7.21082E-1 7.19163E-1 -9999 -9999 -9999 -9999 -9999 7.24563E-1 7.1813E-1 7.15518E-1 7.38716E-1 7.56416E-1 7.40653E-1 7.34301E-1 5.03731E-1 4.02747E-1 3.89271E-1 3.78736E-1 3.35009E-1 3.86309E-1 4.32896E-1 4.45152E-1 4.44361E-1 4.42781E-1 4.34456E-1 4.39398E-1 4.2853E-1 3.91341E-1 3.45305E-1 3.46305E-1 3.66342E-1 3.76959E-1 5.74627E-1 6.79172E-1 7.69437E-1 -9999 -9999 -9999 -9999 -9999 -9999 -9999 -9999 -9999 -9999 -9999 -9999 -9999 -9999 -9999 -9999 -9999 -9999 -9999 -9999 -9999 -9999 -9999
3.00923E-1 3.46494E-1 3.71696E-1 6.54447E-1 7.70355E-1 7.52754E-1 7.3493E-1 7.20743E-1 7.19259E-1 7.14793E-1 7.07056E-1 7.29532E-1 7.22137E-1 7.23379E-1 -9999 -9999 -9999 -9999 -9999 -9999 -9999 -9999 -9999 -9999 -9999 7.48088E-1 7.31498E-1 3.87549E-1 5.11546E-1 4.0226E-1 3.13455E-1 3.72034E-1 3.60297E-1 3.17845E-1 3.88139E-1 4.4357E-1 4.42781E-1 4.41205E-1 4.46179E-1 4.28217E-1 4.22308E-1 3.81842E-1 3.35574E-1 3.24891E-1 3.44579E-1 3.52352E-1 3.78695E-1 4.79488E-1 5.68649E-1 6.01961E-1 6.72507E-1 -9999 -9999 -9999 -9999 -9999 -9999 -9999 -9999 -9999 -9999 -9999 -9999 -9999 -9999 -9999 -9999 -9999 -9999 -9999 -9999 -9999
3.99729E-1 3.9003E-1 4.74316E-1 7.56724E-1 7.65302E-1 7.51421E-1 7.6211E-1 7.33438E-1 7.45675E-1 7.3459E-1 7.29799E-1 7.24268E-1 7.13281E-1 -9999 -9999 -9999 -9999 -9999 -9999 -9999 -9999 -9999 -9999 -9999 7.14702E-1 5.48892E-1 3.70798E-1 4.22214E-1 4.8233E-1 4.28851E-1 3.31549E-1 3.20063E-1 3.78382E-1 3.75646E-1 3.68236E-1 4.44596E-1 4.28238E-1 4.10495E-1 4.48002E-1 4.17611E-1 3.98829E-1 3.58858E-1 3.54651E-1 3.18627E-1 3.4959E-1 3.67335E-1 3.8818E-1 4.21536E-1 4.44376E-1 5.51817E-1 5.73021E-1 6.1564E-1 -9999 -9999 -9999 -9999 -9999 -9999 -9999 -9999 -9999 -9999 -9999 -9999 -9999 -9999 -9999 -9999 -9999 -9999 -9999 -9999
4.22006E-1 3.80753E-1 5.30448E-1 7.61666E-1 7.63724E-1 7.80316E-1 7.65428E-1 7.54821E-1 7.37676E-1 7.25027E-1 7.23499E-1 7.24549E-1 -9999 -9999 -9999 -9999 -9999 -9999 -9999 -9999 -9999 -9999 7.26865E-1 6.79833E-1 5.62157E-1 5.14612E-1 3.25153E-1 3.26409E-1 4.06855E-1 4.12041E-1 3.65293E-1 3.12527E-1 3.65823E-1 3.71808E-1 4.15725E-1 4.34931E-1 4.31813E-1 4.31036E-1 4.17737E-1 3.87554E-1 3.2431E-1 3.40728E-1 3.54547E-1 3.62631E-1 3.75186E-1 3.43181E-1 3.80834E-1 3.54804E-1 3.78392E-1 5.15613E-1 4.74741E-1 5.28599E-1 5.98825E-1 -9999 -9999 -9999 -9999 -9999 -9999 -9999 -9999 -9999 -9999 -9999 -9999 -9999 -9999 -9999 -9999 -9999 -9999 -9999
4.27887E-1 4.89368E-1 5.69012E-1 7.42942E-1 7.65302E-1 7.81881E-1 7.66386E-1 7.44277E-1 7.34741E-1 7.26836E-1 7.30977E-1 -9999 -9999 -9999 -9999 -9999 -9999 -9999 -9999 -9999 -9999 -9999 -9999 6.67578E-1 6.63723E-1 6.56316E-1 3.38323E-1 3.36809E-1 4.52341E-1 4.87909E-1 3.55126E-1 3.50998E-1 3.4752E-1 3.45117E-1 4.12824E-1 4.24552E-1 4.26009E-1 4.07537E-1 3.86231E-1 3.69224E-1 3.42397E-1 3.56195E-1 3.55614E-1 3.87662E-1 3.67237E-1 3.6484E-1 3.60552E-1 3.64626E-1 3.69759E-1 4.34351E-1 3.94041E-1 5.01775E-1 6.11153E-1 -9999 -9999 -9999 -9999 -9999 -9999 -9999 -9999 -9999 -9999 -9999 -9999 -9999 -9999 -9999 -9999 -9999 -9999 -9999
3.54225E-1 3.55167E-1 4.08987E-1 7.31736E-1 7.68833E-1 7.75369E-1 7.57635E-1 7.48096E-1 7.47581E-1 -9999 -9999 -9999 -9999 -9999 -9999 -9999 -9999 -9999 -9999 -9999 -9999 -9999 -9999 -9999 -9999 6.81184E-1 4.12847E-1 3.23747E-1 3.75284E-1 4.01493E-1 3.58022E-1 3.06511E-1 2.9472E-1 3.88578E-1 4.04836E-1 4.17618E-1 4.01423E-1 3.68732E-1 3.54373E-1 3.26676E-1 3.2393E-1 3.65897E-1 3.77055E-1 3.6694E-1 3.74917E-1 3.6011E-1 3.52035E-1 3.64885E-1 3.25619E-1 2.87317E-1 3.72079E-1 4.9665E-1 4.17178E-1 4.81438E-1 5.26964E-1 7.1644E-1 -9999 -9999 -9999 -9999 -9999 -9999 -9999 -9999 -9999 -9999 -9999 -9999 -9999 -9999 -9999 -9999
4.08683E-1 3.27476E-1 3.82327E-1 5.22686E-1 7.6637E-1 7.73535E-1 7.64623E-1 -9999 -9999 -9999 -9999 -9999 -9999 -9999 -9999 -9999 -9999 -9999 -9999 -9999 -9999 -9999 -9999 -9999 -9999 6.67404E-1 4.9513E-1 3.04333E-1 3.40132E-1 3.91775E-1 3.4699E-1 3.40132E-1 3.38053E-1 3.7576E-1 3.70811E-1 3.72525E-1 3.53839E-1 3.45124E-1 3.5202E-1 3.50157E-1 3.4945E-1 3.51904E-1 3.72792E-1 3.54974E-1 3.65541E-1 3.54606E-1 3.54358E-1 3.61304E-1 2.79053E-1 3.48398E-1 3.49161E-1 3.94119E-1 3.96141E-1 4.31644E-1 4.59991E-1 6.72236E-1 -9999 -9999 -9999 -9999 -9999 -9999 -9999 -9999 -9999 -9999 -9999 -9999 -9999 -9999 -9999 -9999
