Artocarpus altilis SDM files/MIS19/results (without bias file)/Artalt_9.asc
ncols         1201
nrows         481
xllcorner     119.99986351115
yllcorner     -15.00013828885
cellsize      0.041666667
NODATA_value  -9999
[rows 128 to 159 of 481, columns 0 to 71 of 1201]
1.28902E-1 -9999 -9999 -9999 -9999 -9999 -9999 -9999 -9999 -9999 -9999 -9999 -9999 -9999 -9999 -9999 -9999 -9999 -9999 -9999 -9999 -9999 -9999 -9999 -9999 -9999 -9999 -9999 -9999 -9999 -9999 -9999 -9999 -9999 -9999 -9999 -9999 -9999 -9999 -9999 -9999 -9999 -9999 -9999 7.38249E-1 7.40726E-1 8.1111E-1 7.51487E-1 7.61021E-1 8.31241E-1 9.03069E-1 7.9221E-1 -9999 7.96052E-1 -9999 8.19681E-1 9.45307E-1 -9999 -9999 -9999 -9999 -9999 -9999 -9999 -9999 -9999 -9999 -9999 -9999 -9999 -9999 -9999
1.8256E-1 9.11746E-2 -9999 -9999 -9999 -9999 -9999 -9999 -9999 -9999 -9999 -9999 -9999 -9999 -9999 -9999 -9999 -9999 -9999 -9999 -9999 -9999 -9999 -9999 -9999 -9999 -9999 -9999 -9999 -9999 -9999 -9999 -9999 -9999 -9999 -9999 -9999 -9999 -9999 -9999 -9999 -9999 -9999 7.30471E-1 7.32739E-1 8.58865E-1 8.11352E-1 8.14354E-1 8.22963E-1 8.23617E-1 9.18193E-1 8.83562E-1 -9999 7.98688E-1 -9999 -9999 9.42256E-1 9.2038E-1 -9999 -9999 -9999 -9999 -9999 -9999 -9999 -9999 -9999 -9999 -9999 -9999 -9999 -9999
2.22335E-1 1.06292E-1 -9999 -9999 -9999 -9999 -9999 -9999 -9999 -9999 -9999 -9999 -9999 -9999 -9999 -9999 -9999 -9999 -9999 -9999 -9999 -9999 -9999 -9999 -9999 -9999 -9999 -9999 -9999 -9999 -9999 -9999 -9999 -9999 -9999 -9999 -9999 -9999 -9999 -9999 -9999 -9999 7.29799E-1 7.32007E-1 7.25371E-1 8.90722E-1 8.93968E-1 8.80064E-1 9.09895E-1 8.29412E-1 9.13825E-1 9.22703E-1 -9999 -9999 -9999 -9999 -9999 7.24269E-1 -9999 -9999 -9999 -9999 -9999 -9999 -9999 -9999 -9999 -9999 -9999 -9999 -9999 -9999
2.22028E-1 1.44979E-1 -9999 -9999 -9999 -9999 -9999 -9999 -9999 -9999 -9999 -9999 -9999 -9999 -9999 -9999 -9999 -9999 -9999 -9999 -9999 -9999 -9999 -9999 -9999 -9999 -9999 -9999 -9999 -9999 -9999 -9999 -9999 -9999 -9999 -9999 -9999 -9999 -9999 -9999 7.18443E-1 7.8442E-1 8.48498E-1 8.58147E-1 8.64451E-1 8.58262E-1 8.24008E-1 8.3176E-1 7.71141E-1 7.72702E-1 8.31254E-1 -9999 -9999 -9999 -9999 -9999 -9999 -9999 6.9872E-1 -9999 -9999 -9999 -9999 -9999 -9999 -9999 -9999 -9999 -9999 -9999 -9999 -9999
1.84663E-1 1.40242E-1 -9999 -9999 -9999 -9999 -9999 -9999 -9999 -9999 -9999 -9999 -9999 -9999 -9999 -9999 -9999 -9999 -9999 -9999 -9999 -9999 -9999 -9999 -9999 -9999 -9999 -9999 -9999 -9999 -9999 -9999 -9999 -9999 -9999 -9999 -9999 -9999 -9999 -9999 7.76247E-1 8.72394E-1 8.70479E-1 8.90508E-1 8.60928E-1 9.07805E-1 7.66007E-1 -9999 -9999 -9999 -9999 -9999 -9999 -9999 -9999 -9999 -9999 -9999 -9999 -9999 7.28302E-1 8.0337E-1 7.93543E-1 5.86133E-1 -9999 -9999 -9999 -9999 -9999 -9999 6.4393E-1 -9999
1.40956E-1 9.69623E-2 -9999 -9999 -9999 -9999 -9999 -9999 -9999 -9999 -9999 -9999 -9999 -9999 -9999 -9999 -9999 -9999 -9999 -9999 -9999 -9999 -9999 -9999 -9999 -9999 -9999 -9999 -9999 -9999 -9999 -9999 -9999 -9999 -9999 -9999 -9999 -9999 -9999 7.10629E-1 8.7729E-1 8.8456E-1 8.70129E-1 8.98928E-1 8.74569E-1 9.03569E-1 -9999 -9999 -9999 -9999 -9999 -9999 -9999 -9999 -9999 -9999 -9999 -9999 -9999 -9999 8.08333E-1 8.48105E-1 7.14019E-1 5.81799E-1 -9999 -9999 -9999 -9999 -9999 -9999 -9999 -9999
9.53602E-2 1.1278E-1 -9999 -9999 -9999 -9999 -9999 -9999 -9999 -9999 -9999 -9999 -9999 -9999 -9999 -9999 -9999 -9999 -9999 -9999 -9999 -9999 -9999 -9999 -9999 -9999 -9999 -9999 -9999 -9999 -9999 -9999 -9999 -9999 -9999 -9999 -9999 -9999 7.0725E-1 7.734E-1 8.75403E-1 -9999 -9999 -9999 -9999 -9999 -9999 -9999 -9999 -9999 -9999 -9999 -9999 -9999 -9999 -9999 -9999 -9999 -9999 -9999 -9999 -9999 -9999 -9999 -9999 -9999 -9999 -9999 -9999 -9999 -9999 -9999
9.37813E-2 1.57705E-1 -9999 -9999 -9999 -9999 -9999 -9999 -9999 -9999 -9999 -9999 -9999 -9999 -9999 -9999 -9999 -9999 -9999 -9999 -9999 -9999 -9999 -9999 -9999 -9999 -9999 -9999 -9999 -9999 -9999 -9999 -9999 -9999 -9999 -9999 -9999 -9999 7.08457E-1 -9999 -9999 -9999 -9999 -9999 -9999 -9999 -9999 -9999 -9999 -9999 -9999 -9999 -9999 -9999 -9999 -9999 -9999 -9999 -9999 -9999 -9999 -9999 -9999 5.98312E-1 -9999 -9999 -9999 5.75827E-1 5.95441E-1 5.95918E-1 6.03544E-1 6.25102E-1
9.93928E-2 1.27511E-1 -9999 -9999 -9999 -9999 -9999 -9999 -9999 -9999 -9999 -9999 -9999 -9999 -9999 -9999 -9999 -9999 -9999 -9999 -9999 -9999 -9999 -9999 -9999 -9999 -9999 -9999 -9999 -9999 -9999 -9999 -9999 -9999 -9999 -9999 -9999 -9999 -9999 -9999 -9999 -9999 -9999 -9999 -9999 -9999 -9999 -9999 -9999 -9999 -9999 -9999 -9999 -9999 -9999 -9999 -9999 -9999 -9999 -9999 -9999 -9999 -9999 -9999 -9999 6.46436E-1 5.91506E-1 7.05587E-1 7.21843E-1 7.1707E-1 7.16571E-1 7.56957E-1
8.63576E-2 1.13061E-1 9.59354E-2 -9999 -9999 -9999 -9999 -9999 -9999 -9999 -9999 -9999 -9999 -9999 -9999 -9999 -9999 -9999 -9999 -9999 -9999 -9999 -9999 -9999 -9999 -9999 -9999 -9999 -9999 -9999 -9999 -9999 -9999 -9999 -9999 -9999 -9999 -9999 -9999 -9999 -9999 -9999 -9999 -9999 -9999 -9999 -9999 -9999 -9999 -9999 -9999 -9999 -9999 -9999 -9999 -9999 -9999 -9999 -9999 -9999 -9999 -9999 -9999 -9999 -9999 6.59034E-1 6.66762E-1 6.3904E-1 6.01917E-1 5.84762E-1 6.4619E-1 4.84953E-1
5.86953E-2 8.25448E-2 1.43187E-1 -9999 -9999 -9999 -9999 -9999 -9999 -9999 -9999 -9999 -9999 -9999 -9999 -9999 -9999 -9999 -9999 -9999 -9999 -9999 -9999 -9999 -9999 -9999 -9999 -9999 -9999 -9999 -9999 -9999 -9999 -9999 -9999 -9999 -9999 -9999 -9999 -9999 -9999 -9999 7.84541E-1 -9999 -9999 7.96177E-1 -9999 -9999 -9999 -9999 -9999 -9999 -9999 -9999 -9999 -9999 -9999 -9999 -9999 -9999 -9999 -9999 -9999 -9999 -9999 -9999 -9999 -9999 5.89053E-1 5.01093E-1 4.88059E-1 4.81768E-1
6.26971E-2 6.43594E-2 1.24294E-1 9.00139E-2 -9999 -9999 -9999 -9999 -9999 -9999 -9999 -9999 -9999 -9999 -9999 -9999 -9999 -9999 -9999 -9999 -9999 -9999 -9999 -9999 -9999 -9999 -9999 -9999 -9999 -9999 -9999 -9999 -9999 -9999 -9999 -9999 -9999 -9999 -9999 -9999 -9999 -9999 -9999 -9999 -9999 -9999 -9999 -9999 -9999 -9999 -9999 -9999 6.33548E-1 5.83484E-1 5.50862E-1 5.67147E-1 5.68949E-1 5.79404E-1 5.34708E-1 5.21213E-1 5.28012E-1 5.49842E-1 5.50664E-1 5.05264E-1 -9999 -9999 6.51288E-1 6.31956E-1 6.376E-1 5.88872E-1 5.10356E-1 5.00693E-1
6.79413E-2 7.81737E-2 8.77154E-2 1.4293E-1 1.03886E-1 -9999 -9999 -9999 -9999 -9999 -9999 -9999 -9999 -9999 -9999 -9999 -9999 -9999 -9999 -9999 -9999 -9999 -9999 -9999 -9999 -9999 -9999 -9999 -9999 -9999 -9999 -9999 -9999 -9999 -9999 -9999 -9999 -9999 8.6721E-1 7.70546E-1 -9999 -9999 -9999 -9999 -9999 -9999 -9999 -9999 -9999 -9999 -9999 7.44464E-1 8.14496E-1 8.12298E-1 7.06981E-1 4.88134E-1 4.4334E-1 4.4323E-1 3.68273E-1 4.26326E-1 4.3291E-1 4.10097E-1 4.43255E-1 4.85611E-1 5.23313E-1 5.50323E-1 4.03237E-1 3.99844E-1 3.87327E-1 4.30195E-1 4.23693E-1 3.77827E-1
5.37895E-2 6.26331E-2 6.47003E-2 1.03937E-1 1.18308E-1 1.1166E-1 -9999 -9999 -9999 -9999 -9999 -9999 -9999 -9999 -9999 -9999 -9999 -9999 -9999 -9999 -9999 -9999 -9999 -9999 -9999 -9999 -9999 -9999 -9999 -9999 -9999 -9999 -9999 -9999 -9999 -9999 7.31149E-1 8.02443E-1 8.67112E-1 8.0634E-1 -9999 -9999 -9999 -9999 -9999 -9999 -9999 -9999 -9999 -9999 -9999 7.20547E-1 7.70776E-1 7.54489E-1 6.44041E-1 3.98906E-1 3.48411E-1 3.55382E-1 3.10051E-1 2.94474E-1 2.90817E-1 3.16151E-1 2.9842E-1 3.21377E-1 3.46885E-1 3.61663E-1 3.97689E-1 3.68782E-1 3.42899E-1 3.58961E-1 4.08381E-1 5.06968E-1
5.83669E-2 6.59275E-2 5.96696E-2 6.33334E-2 1.14403E-1 1.21829E-1 1.16182E-1 -9999 -9999 1.36987E-1 -9999 -9999 -9999 -9999 -9999 -9999 -9999 -9999 -9999 -9999 -9999 -9999 -9999 -9999 -9999 -9999 -9999 -9999 -9999 -9999 -9999 -9999 -9999 -9999 -9999 8.22914E-1 7.87249E-1 8.01837E-1 8.1457E-1 8.42292E-1 -9999 -9999 -9999 -9999 -9999 -9999 -9999 -9999 -9999 -9999 -9999 6.87256E-1 6.5365E-1 5.90677E-1 5.01975E-1 3.64405E-1 2.76155E-1 2.85631E-1 3.09577E-1 2.6993E-1 2.35294E-1 2.93645E-1 2.74305E-1 2.89399E-1 3.11681E-1 3.9936E-1 4.3595E-1 3.93618E-1 4.41194E-1 5.02253E-1 5.34505E-1 5.59065E-1
4.23895E-2 6.71497E-2 5.08713E-2 5.04665E-2 5.81851E-2 1.15664E-1 1.24711E-1 1.08963E-1 1.28911E-1 1.25723E-1 1.34803E-1 -9999 -9999 -9999 -9999 -9999 -9999 -9999 -9999 -9999 -9999 -9999 -9999 -9999 -9999 -9999 -9999 -9999 -9999 -9999 -9999 -9999 -9999 -9999 7.3998E-1 7.80654E-1 6.31727E-1 6.50465E-1 6.11161E-1 5.07727E-1 7.90979E-1 7.33258E-1 7.21101E-1 7.00735E-1 -9999 -9999 -9999 6.44504E-1 6.72308E-1 6.28973E-1 6.14138E-1 6.09478E-1 5.55689E-1 4.85285E-1 4.01738E-1 2.80336E-1 2.889E-1 2.64268E-1 2.88156E-1 2.32055E-1 2.65085E-1 2.71271E-1 3.5304E-1 4.44783E-1 4.79598E-1 4.43322E-1 3.77327E-1 4.95819E-1 5.74586E-1 5.59925E-1 -9999 -9999
4.56509E-2 5.81E-2 4.287E-2 4.7124E-2 4.76691E-2 6.00346E-2 1.1226E-1 1.16828E-1 1.08444E-1 1.4874E-1 2.26542E-1 1.51716E-1 1.87683E-1 -9999 -9999 -9999 -9999 -9999 -9999 -9999 -9999 -9999 -9999 -9999 -9999 -9999 -9999 -9999 -9999 -9999 -9999 -9999 -9999 6.91914E-1 7.77764E-1 7.11337E-1 4.95628E-1 4.81272E-1 4.64731E-1 4.34693E-1 5.90185E-1 7.06918E-1 7.14818E-1 6.93208E-1 7.22047E-1 6.57786E-1 6.35542E-1 5.98972E-1 5.6046E-1 5.74451E-1 4.50956E-1 4.75373E-1 4.03388E-1 2.87517E-1 2.91509E-1 2.51817E-1 2.6666E-1 3.24653E-1 2.44576E-1 3.46832E-1 5.2145E-1 5.12159E-1 5.64282E-1 6.08735E-1 6.10295E-1 4.71792E-1 4.21626E-1 4.70846E-1 -9999 -9999 -9999 -9999
4.06106E-2 6.76814E-2 8.74459E-2 5.27286E-2 5.15202E-2 5.28529E-2 6.0574E-2 9.17104E-2 1.39542E-1 1.5116E-1 2.10145E-1 2.48299E-1 1.87174E-1 -9999 -9999 -9999 -9999 -9999 -9999 -9999 -9999 -9999 -9999 -9999 -9999 -9999 -9999 -9999 -9999 -9999 -9999 -9999 6.97869E-1 7.60344E-1 7.49169E-1 5.76073E-1 5.75127E-1 4.75909E-1 3.89684E-1 4.20699E-1 5.16719E-1 5.9266E-1 6.29545E-1 6.2011E-1 7.26092E-1 5.40896E-1 5.2829E-1 4.85148E-1 5.40124E-1 5.09825E-1 4.25159E-1 3.19308E-1 3.28662E-1 3.84786E-1 2.91993E-1 2.7946E-1 3.1392E-1 4.85615E-1 5.10727E-1 5.34075E-1 5.68693E-1 5.59053E-1 6.32291E-1 6.5965E-1 6.64553E-1 6.06218E-1 5.92018E-1 5.81314E-1 -9999 -9999 -9999 -9999
4.59904E-2 8.81519E-2 9.5644E-2 1.1024E-1 1.19168E-1 1.07802E-1 7.86804E-2 8.40615E-2 1.02824E-1 1.17593E-1 1.55874E-1 1.99767E-1 2.55937E-1 2.19571E-1 -9999 -9999 -9999 -9999 -9999 -9999 -9999 -9999 -9999 -9999 -9999 -9999 -9999 -9999 -9999 -9999 -9999 6.7118E-1 5.72548E-1 4.60793E-1 6.86567E-1 7.48491E-1 7.22138E-1 4.91733E-1 3.92738E-1 3.91629E-1 4.94166E-1 5.44061E-1 5.29031E-1 5.23981E-1 5.18688E-1 6.39545E-1 5.64715E-1 5.72518E-1 5.49743E-1 4.05163E-1 5.07017E-1 4.53509E-1 4.2887E-1 4.96573E-1 4.9394E-1 4.94974E-1 5.13397E-1 5.66608E-1 6.10744E-1 6.17511E-1 6.41017E-1 6.32409E-1 6.96939E-1 6.25771E-1 7.02894E-1 7.65025E-1 7.01213E-1 -9999 -9999 -9999 -9999 -9999
5.14788E-2 7.68209E-2 7.70967E-2 1.13656E-1 8.47738E-2 1.02343E-1 1.36722E-1 1.93755E-1 1.97795E-1 1.96339E-1 1.35791E-1 1.6877E-1 2.73618E-1 3.98356E-1 2.99139E-1 -9999 -9999 -9999 -9999 -9999 -9999 -9999 -9999 -9999 -9999 -9999 -9999 -9999 -9999 -9999 6.69676E-1 6.90458E-1 4.46554E-1 4.88068E-1 5.2275E-1 6.22202E-1 6.09267E-1 5.03788E-1 4.15522E-1 4.09594E-1 4.25204E-1 4.0122E-1 3.75453E-1 3.61804E-1 3.58674E-1 4.24161E-1 7.05685E-1 5.9797E-1 5.82555E-1 5.81777E-1 5.19342E-1 5.4372E-1 5.70715E-1 5.87891E-1 5.94993E-1 5.59763E-1 6.18108E-1 6.45434E-1 6.53908E-1 6.80891E-1 7.10294E-1 7.04842E-1 5.9636E-1 7.40055E-1 8.86028E-1 7.6283E-1 -9999 -9999 -9999 -9999 -9999 -9999
4.38474E-2 4.10358E-2 5.07488E-2 5.85127E-2 6.85154E-2 9.87828E-2 8.64035E-2 7.77174E-2 9.77152E-2 1.33422E-1 1.50384E-1 2.46345E-1 3.74674E-1 5.31913E-1 3.86094E-1 -9999 -9999 -9999 -9999 -9999 -9999 -9999 -9999 -9999 -9999 -9999 -9999 -9999 -9999 -9999 7.49232E-1 5.56032E-1 4.74298E-1 4.71963E-1 4.80426E-1 4.46315E-1 5.13533E-1 6.6814E-1 5.15588E-1 4.66037E-1 3.88153E-1 4.70502E-1 4.24716E-1 4.10862E-1 3.96386E-1 4.96389E-1 4.15026E-1 5.47822E-1 4.68055E-1 5.75955E-1 5.54035E-1 5.14545E-1 5.24538E-1 5.64985E-1 5.70339E-1 5.96128E-1 6.74072E-1 6.85739E-1 7.08646E-1 7.34895E-1 8.10727E-1 7.73543E-1 7.3259E-1 9.31946E-1 8.45579E-1 6.87527E-1 -9999 -9999 -9999 -9999 -9999 -9999
4.79489E-2 4.39461E-2 4.43254E-2 4.47258E-2 5.44758E-2 6.0164E-2 7.24812E-2 6.92424E-2 7.1603E-2 8.75444E-2 1.18406E-1 2.23173E-1 3.32641E-1 4.93464E-1 3.89935E-1 -9999 -9999 -9999 -9999 -9999 -9999 -9999 -9999 -9999 -9999 -9999 -9999 -9999 -9999 7.72388E-1 4.9958E-1 5.26144E-1 5.08978E-1 4.51823E-1 3.89503E-1 4.05013E-1 4.59409E-1 4.81544E-1 5.98222E-1 5.25074E-1 5.02981E-1 4.65123E-1 3.94038E-1 4.00422E-1 4.53181E-1 5.01999E-1 4.4852E-1 3.642E-1 3.81634E-1 3.87951E-1 5.55919E-1 5.68298E-1 5.29367E-1 6.20976E-1 6.01744E-1 6.95946E-1 7.22481E-1 7.40034E-1 7.5926E-1 8.6901E-1 9.04317E-1 8.07117E-1 8.92663E-1 9.13834E-1 -9999 -9999 -9999 -9999 -9999 4.79623E-1 4.18114E-1 5.11534E-1
7.95637E-2 7.9471E-2 6.95849E-2 8.13708E-2 6.75348E-2 8.48908E-2 1.07741E-1 1.10858E-1 1.18787E-1 1.09265E-1 1.12472E-1 1.44783E-1 2.45648E-1 4.34855E-1 -9999 -9999 -9999 -9999 -9999 -9999 -9999 -9999 -9999 -9999 -9999 -9999 -9999 -9999 7.81775E-1 7.68649E-1 5.74676E-1 4.89652E-1 4.40431E-1 3.5369E-1 3.1685E-1 4.10166E-1 3.93423E-1 3.70228E-1 4.27223E-1 4.40114E-1 5.02664E-1 5.21882E-1 5.08662E-1 5.11071E-1 5.2382E-1 5.37421E-1 5.24418E-1 5.60019E-1 5.76751E-1 5.23368E-1 5.71916E-1 5.98979E-1 5.93086E-1 6.94855E-1 6.56993E-1 7.35755E-1 7.77237E-1 8.95535E-1 9.43453E-1 9.49098E-1 9.19993E-1 9.05239E-1 9.40667E-1 9.35707E-1 -9999 -9999 -9999 -9999 5.04406E-1 3.80461E-1 2.98417E-1 3.59447E-1
6.77468E-2 1.06208E-1 8.37523E-2 1.17412E-1 1.1342E-1 6.94754E-2 1.20237E-1 1.81218E-1 2.20241E-1 1.89668E-1 1.5504E-1 2.02912E-1 2.02085E-1 3.57824E-1 3.88584E-1 -9999 -9999 -9999 -9999 -9999 -9999 -9999 -9999 -9999 -9999 -9999 -9999 -9999 8.03402E-1 7.23136E-1 5.09671E-1 4.7954E-1 4.14305E-1 3.48661E-1 3.14397E-1 3.65781E-1 3.43911E-1 4.01146E-1 4.10808E-1 4.44524E-1 4.96058E-1 4.26509E-1 5.63589E-1 6.11459E-1 6.23788E-1 6.1938E-1 6.32547E-1 6.43304E-1 6.27564E-1 6.09399E-1 6.06136E-1 6.30314E-1 7.11848E-1 7.10325E-1 7.22375E-1 7.64147E-1 8.85096E-1 9.40015E-1 9.40341E-1 9.3037E-1 9.53633E-1 9.68761E-1 9.7114E-1 -9999 -9999 -9999 -9999 4.5596E-1 3.99977E-1 3.12263E-1 2.84377E-1 3.02477E-1
8.86697E-2 7.47798E-2 6.24867E-2 8.63517E-2 1.09098E-1 1.35592E-1 1.29327E-1 2.51822E-1 1.5702E-1 1.66383E-1 1.94412E-1 2.58918E-1 2.81119E-1 3.0891E-1 5.19288E-1 6.98273E-1 -9999 -9999 -9999 -9999 -9999 -9999 -9999 -9999 -9999 -9999 -9999 7.9556E-1 8.49324E-1 7.52523E-1 4.72209E-1 4.72088E-1 3.87149E-1 3.67536E-1 3.7369E-1 3.29628E-1 3.40204E-1 3.97595E-1 4.60853E-1 4.72871E-1 3.89016E-1 4.48297E-1 4.95907E-1 3.98532E-1 3.91219E-1 3.97506E-1 4.83488E-1 4.20225E-1 3.71061E-1 4.47358E-1 5.52112E-1 6.27039E-1 7.37623E-1 7.98346E-1 8.43213E-1 9.05148E-1 9.60752E-1 9.66087E-1 9.41504E-1 9.60186E-1 9.68562E-1 9.60775E-1 -9999 -9999 -9999 7.94202E-1 7.67067E-1 4.43964E-1 2.97084E-1 4.13954E-1 3.51302E-1 4.39123E-1
9.61037E-2 7.27113E-2 6.91278E-2 7.99182E-2 1.35132E-1 1.98033E-1 2.4663E-1 2.50037E-1 1.78787E-1 2.94664E-1 3.0965E-1 3.31766E-1 3.12866E-1 3.99687E-1 6.12232E-1 7.62255E-1 -9999 7.14649E-1 8.20433E-1 8.44126E-1 8.53133E-1 -9999 -9999 -9999 -9999 -9999 -9999 8.4893E-1 7.6997E-1 4.83642E-1 4.80862E-1 5.02654E-1 4.49272E-1 4.42325E-1 4.21886E-1 3.67918E-1 4.54444E-1 5.09747E-1 4.68676E-1 4.60828E-1 4.47613E-1 4.94827E-1 5.45418E-1 4.91217E-1 5.26587E-1 5.40795E-1 5.04607E-1 3.93257E-1 4.66242E-1 5.25192E-1 5.59374E-1 6.73419E-1 7.40375E-1 8.53462E-1 9.3037E-1 9.5088E-1 9.5595E-1 9.63325E-1 9.6855E-1 9.72624E-1 9.69009E-1 -9999 -9999 -9999 -9999 8.07981E-1 7.83547E-1 3.90357E-1 5.62501E-1 5.5647E-1 5.67194E-1 5.54048E-1
1.51207E-1 1.31522E-1 1.02242E-1 9.81039E-2 1.26488E-1 1.61979E-1 2.56376E-1 2.43447E-1 3.02894E-1 3.17139E-1 3.4738E-1 3.44425E-1 2.94283E-1 3.92521E-1 6.86221E-1 6.59795E-1 6.8336E-1 8.38606E-1 8.55642E-1 8.53756E-1 8.33229E-1 8.39457E-1 8.58343E-1 8.93655E-1 8.55044E-1 -9999 8.62227E-1 8.51079E-1 5.18206E-1 5.02232E-1 5.07025E-1 5.19844E-1 4.311E-1 4.07621E-1 3.71031E-1 3.52806E-1 4.35745E-1 3.79607E-1 4.61855E-1 4.29841E-1 4.96576E-1 3.96914E-1 3.57251E-1 4.76471E-1 5.4294E-1 5.41079E-1 5.15417E-1 5.03429E-1 5.23787E-1 5.79696E-1 6.73663E-1 7.34598E-1 7.68274E-1 9.17656E-1 9.62552E-1 9.65733E-1 9.68911E-1 9.7157E-1 9.71168E-1 9.69969E-1 -9999 -9999 -9999 -9999 -9999 -9999 -9999 6.49962E-1 6.08401E-1 6.06369E-1 6.06886E-1 6.28985E-1
2.16942E-1 2.20262E-1 1.28579E-1 1.5102E-1 2.45815E-1 2.74971E-1 2.64508E-1 2.06212E-1 2.23451E-1 3.93726E-1 3.93012E-1 3.20437E-1 3.07732E-1 4.12612E-1 6.62163E-1 7.07802E-1 8.15715E-1 7.78893E-1 8.66322E-1 8.15338E-1 7.0404E-1 7.68665E-1 7.23626E-1 5.87786E-1 7.34508E-1 8.66202E-1 8.84784E-1 6.89205E-1 6.84371E-1 5.25071E-1 4.76923E-1 4.2972E-1 4.61423E-1 3.86941E-1 3.38786E-1 3.68436E-1 3.89222E-1 4.12289E-1 4.68419E-1 4.35139E-1 4.59728E-1 4.60151E-1 4.41079E-1 5.0213E-1 5.88827E-1 5.61431E-1 5.77592E-1 5.11778E-1 5.58772E-1 6.11304E-1 7.04923E-1 7.30214E-1 8.239E-1 9.61835E-1 9.66814E-1 9.70041E-1 9.74028E-1 9.70212E-1 9.68576E-1 -9999 -9999 -9999 -9999 -9999 -9999 -9999 9.41694E-1 7.73582E-1 6.4813E-1 6.25236E-1 5.84371E-1 6.61521E-1
1.98244E-1 2.04382E-1 3.02256E-1 2.80592E-1 3.24294E-1 3.27515E-1 3.37931E-1 3.04518E-1 2.16843E-1 2.7128E-1 4.51624E-1 3.3476E-1 3.57382E-1 4.28262E-1 6.28928E-1 7.38626E-1 7.08048E-1 7.8293E-1 8.35852E-1 7.02525E-1 5.8821E-1 5.58373E-1 5.45807E-1 5.29602E-1 5.02633E-1 5.59303E-1 6.25381E-1 5.36258E-1 5.02232E-1 5.27898E-1 4.10551E-1 3.4217E-1 3.60614E-1 3.27173E-1 3.57428E-1 3.80417E-1 4.12758E-1 4.34484E-1 4.6237E-1 4.24267E-1 4.0329E-1 4.65933E-1 4.97335E-1 5.17183E-1 5.80864E-1 6.3516E-1 6.18695E-1 5.45532E-1 6.19299E-1 6.96687E-1 7.12174E-1 8.35671E-1 9.24594E-1 9.69891E-1 9.63173E-1 9.68756E-1 9.693E-1 9.72637E-1 -9999 -9999 -9999 -9999 -9999 -9999 -9999 9.35582E-1 9.24802E-1 9.36856E-1 7.34822E-1 6.33506E-1 6.04541E-1 6.84813E-1
1.5956E-1 2.10913E-1 3.2345E-1 3.23551E-1 3.46829E-1 3.36909E-1 3.62682E-1 3.98009E-1 2.69846E-1 3.36718E-1 4.59631E-1 3.43543E-1 3.41036E-1 4.33404E-1 5.39763E-1 6.93374E-1 6.73735E-1 8.34145E-1 7.09874E-1 6.48235E-1 5.75755E-1 5.0581E-1 4.94214E-1 4.84092E-1 4.69308E-1 4.86767E-1 4.72285E-1 4.31083E-1 4.56834E-1 4.33988E-1 4.02582E-1 4.04228E-1 4.17161E-1 3.95243E-1 3.85703E-1 3.92162E-1 3.96811E-1 4.00628E-1 4.38851E-1 4.02418E-1 4.70425E-1 5.63649E-1 5.74359E-1 5.90197E-1 5.85172E-1 5.84106E-1 6.11938E-1 6.5379E-1 6.56673E-1 7.12594E-1 8.07438E-1 8.6863E-1 9.58197E-1 9.73158E-1 9.70922E-1 9.69573E-1 9.67453E-1 9.70736E-1 -9999 -9999 -9999 -9999 -9999 -9999 -9999 -9999 9.34725E-1 9.33736E-1 9.02485E-1 6.70914E-1 6.64172E-1 9.1351E-1
1.87495E-1 2.71977E-1 3.49298E-1 3.34289E-1 3.22378E-1 3.73345E-1 4.04472E-1 4.29195E-1 3.27432E-1 4.52556E-1 4.6296E-1 3.46611E-1 3.63147E-1 4.53797E-1 5.28214E-1 6.44643E-1 6.43461E-1 7.88345E-1 5.91104E-1 5.96808E-1 5.46504E-1 4.72071E-1 4.41037E-1 4.47028E-1 4.28629E-1 3.8346E-1 3.75497E-1 4.20284E-1 4.57985E-1 4.26241E-1 4.92055E-1 4.75506E-1 4.81314E-1 4.09982E-1 3.74212E-1 4.29299E-1 3.5741E-1 3.32407E-1 4.1691E-1 3.99731E-1 4.64361E-1 5.36719E-1 5.5048E-1 5.4779E-1 5.49774E-1 5.71805E-1 6.80742E-1 8.04249E-1 7.47154E-1 7.92466E-1 8.98338E-1 9.55007E-1 9.65973E-1 9.68647E-1 9.66841E-1 9.71938E-1 -9999 -9999 -9999 -9999 -9999 -9999 -9999 -9999 -9999 -9999 -9999 -9999 8.87163E-1 7.20293E-1 9.30703E-1 9.35309E-1
2.02812E-1 1.94691E-1 3.90308E-1 3.3008E-1 3.69354E-1 3.71317E-1 3.6701E-1 3.53655E-1 4.77252E-1 4.89249E-1 4.12575E-1 3.56842E-1 3.83347E-1 4.65107E-1 5.75338E-1 5.9171E-1 6.21219E-1 6.31587E-1 5.86015E-1 5.89419E-1 5.22636E-1 4.35379E-1 4.23743E-1 4.20079E-1 3.7697E-1 3.29578E-1 3.75318E-1 4.59812E-1 4.57813E-1 4.81376E-1 7.16869E-1 5.12681E-1 4.60919E-1 3.36037E-1 3.76227E-1 4.14148E-1 3.31316E-1 4.23618E-1 5.02334E-1 4.55793E-1 4.32609E-1 5.59243E-1 5.48519E-1 5.2068E-1 6.01758E-1 6.71379E-1 8.7566E-1 9.18103E-1 9.33839E-1 9.27593E-1 9.60727E-1 9.64404E-1 9.61807E-1 9.64559E-1 -9999 -9999 -9999 -9999 -9999 -9999 -9999 -9999 -9999 -9999 -9999 -9999 -9999 -9999 9.40932E-1 9.39169E-1 9.50912E-1 -9999
