Artocarpus altilis SDM files/MIS19/results (without bias file)/Artalt_stddev.asc
ncols         1201
nrows         481
xllcorner     119.99986351115
yllcorner     -15.00013828885
cellsize      0.041666667
NODATA_value  -9999
[rows 128 to 159 of 481, columns 0 to 71 of 1201]
2.74349E-2 -9999 -9999 -9999 -9999 -9999 -9999 -9999 -9999 -9999 -9999 -9999 -9999 -9999 -9999 -9999 -9999 -9999 -9999 -9999 -9999 -9999 -9999 -9999 -9999 -9999 -9999 -9999 -9999 -9999 -9999 -9999 -9999 -9999 -9999 -9999 -9999 -9999 -9999 -9999 -9999 -9999 -9999 -9999 3.18502E-2 3.20724E-2 2.76943E-2 3.24487E-2 3.31207E-2 2.78077E-2 1.85901E-2 3.20092E-2 -9999 3.19348E-2 -9999 3.03985E-2 1.28538E-2 -9999 -9999 -9999 -9999 -9999 -9999 -9999 -9999 -9999 -9999 -9999 -9999 -9999 -9999 -9999
3.62635E-2 2.22211E-2 -9999 -9999 -9999 -9999 -9999 -9999 -9999 -9999 -9999 -9999 -9999 -9999 -9999 -9999 -9999 -9999 -9999 -9999 -9999 -9999 -9999 -9999 -9999 -9999 -9999 -9999 -9999 -9999 -9999 -9999 -9999 -9999 -9999 -9999 -9999 -9999 -9999 -9999 -9999 -9999 -9999 3.10548E-2 3.09107E-2 2.74678E-2 2.7817E-2 2.74106E-2 2.76207E-2 2.7346E-2 1.59692E-2 2.54541E-2 -9999 3.19358E-2 -9999 -9999 1.34251E-2 2.19782E-2 -9999 -9999 -9999 -9999 -9999 -9999 -9999 -9999 -9999 -9999 -9999 -9999 -9999 -9999
4.46318E-2 2.52418E-2 -9999 -9999 -9999 -9999 -9999 -9999 -9999 -9999 -9999 -9999 -9999 -9999 -9999 -9999 -9999 -9999 -9999 -9999 -9999 -9999 -9999 -9999 -9999 -9999 -9999 -9999 -9999 -9999 -9999 -9999 -9999 -9999 -9999 -9999 -9999 -9999 -9999 -9999 -9999 -9999 3.14657E-2 3.12941E-2 3.04949E-2 2.15154E-2 1.40674E-2 1.67778E-2 2.04273E-2 2.75944E-2 1.90987E-2 1.55786E-2 -9999 -9999 -9999 -9999 -9999 2.81509E-2 -9999 -9999 -9999 -9999 -9999 -9999 -9999 -9999 -9999 -9999 -9999 -9999 -9999 -9999
4.54151E-2 3.02066E-2 -9999 -9999 -9999 -9999 -9999 -9999 -9999 -9999 -9999 -9999 -9999 -9999 -9999 -9999 -9999 -9999 -9999 -9999 -9999 -9999 -9999 -9999 -9999 -9999 -9999 -9999 -9999 -9999 -9999 -9999 -9999 -9999 -9999 -9999 -9999 -9999 -9999 -9999 3.11069E-2 2.76183E-2 2.91487E-2 2.79579E-2 1.9673E-2 2.76171E-2 2.92557E-2 2.83817E-2 3.27115E-2 3.28148E-2 2.7518E-2 -9999 -9999 -9999 -9999 -9999 -9999 -9999 2.62923E-2 -9999 -9999 -9999 -9999 -9999 -9999 -9999 -9999 -9999 -9999 -9999 -9999 -9999
4.37093E-2 2.95646E-2 -9999 -9999 -9999 -9999 -9999 -9999 -9999 -9999 -9999 -9999 -9999 -9999 -9999 -9999 -9999 -9999 -9999 -9999 -9999 -9999 -9999 -9999 -9999 -9999 -9999 -9999 -9999 -9999 -9999 -9999 -9999 -9999 -9999 -9999 -9999 -9999 -9999 -9999 2.71997E-2 2.2728E-2 1.58042E-2 2.19162E-2 1.61884E-2 1.45274E-2 3.3215E-2 -9999 -9999 -9999 -9999 -9999 -9999 -9999 -9999 -9999 -9999 -9999 -9999 -9999 3.10734E-2 2.60851E-2 2.77399E-2 4.7195E-2 -9999 -9999 -9999 -9999 -9999 -9999 6.33369E-2 -9999
3.07583E-2 2.40455E-2 -9999 -9999 -9999 -9999 -9999 -9999 -9999 -9999 -9999 -9999 -9999 -9999 -9999 -9999 -9999 -9999 -9999 -9999 -9999 -9999 -9999 -9999 -9999 -9999 -9999 -9999 -9999 -9999 -9999 -9999 -9999 -9999 -9999 -9999 -9999 -9999 -9999 3.04279E-2 1.48664E-2 1.33487E-2 3.0413E-2 2.18363E-2 2.84641E-2 2.13365E-2 -9999 -9999 -9999 -9999 -9999 -9999 -9999 -9999 -9999 -9999 -9999 -9999 -9999 -9999 2.37956E-2 2.42965E-2 3.22473E-2 4.78383E-2 -9999 -9999 -9999 -9999 -9999 -9999 -9999 -9999
2.04786E-2 2.78373E-2 -9999 -9999 -9999 -9999 -9999 -9999 -9999 -9999 -9999 -9999 -9999 -9999 -9999 -9999 -9999 -9999 -9999 -9999 -9999 -9999 -9999 -9999 -9999 -9999 -9999 -9999 -9999 -9999 -9999 -9999 -9999 -9999 -9999 -9999 -9999 -9999 3.06286E-2 2.79132E-2 2.17716E-2 -9999 -9999 -9999 -9999 -9999 -9999 -9999 -9999 -9999 -9999 -9999 -9999 -9999 -9999 -9999 -9999 -9999 -9999 -9999 -9999 -9999 -9999 -9999 -9999 -9999 -9999 -9999 -9999 -9999 -9999 -9999
1.96973E-2 3.74906E-2 -9999 -9999 -9999 -9999 -9999 -9999 -9999 -9999 -9999 -9999 -9999 -9999 -9999 -9999 -9999 -9999 -9999 -9999 -9999 -9999 -9999 -9999 -9999 -9999 -9999 -9999 -9999 -9999 -9999 -9999 -9999 -9999 -9999 -9999 -9999 -9999 3.04318E-2 -9999 -9999 -9999 -9999 -9999 -9999 -9999 -9999 -9999 -9999 -9999 -9999 -9999 -9999 -9999 -9999 -9999 -9999 -9999 -9999 -9999 -9999 -9999 -9999 5.24575E-2 -9999 -9999 -9999 7.94699E-2 8.21426E-2 8.50248E-2 8.39042E-2 8.6295E-2
1.90681E-2 3.08905E-2 -9999 -9999 -9999 -9999 -9999 -9999 -9999 -9999 -9999 -9999 -9999 -9999 -9999 -9999 -9999 -9999 -9999 -9999 -9999 -9999 -9999 -9999 -9999 -9999 -9999 -9999 -9999 -9999 -9999 -9999 -9999 -9999 -9999 -9999 -9999 -9999 -9999 -9999 -9999 -9999 -9999 -9999 -9999 -9999 -9999 -9999 -9999 -9999 -9999 -9999 -9999 -9999 -9999 -9999 -9999 -9999 -9999 -9999 -9999 -9999 -9999 -9999 -9999 5.864E-2 6.88411E-2 7.34044E-2 7.78005E-2 8.43473E-2 8.71106E-2 7.59937E-2
1.80235E-2 2.46976E-2 2.63614E-2 -9999 -9999 -9999 -9999 -9999 -9999 -9999 -9999 -9999 -9999 -9999 -9999 -9999 -9999 -9999 -9999 -9999 -9999 -9999 -9999 -9999 -9999 -9999 -9999 -9999 -9999 -9999 -9999 -9999 -9999 -9999 -9999 -9999 -9999 -9999 -9999 -9999 -9999 -9999 -9999 -9999 -9999 -9999 -9999 -9999 -9999 -9999 -9999 -9999 -9999 -9999 -9999 -9999 -9999 -9999 -9999 -9999 -9999 -9999 -9999 -9999 -9999 5.25732E-2 6.28942E-2 5.0954E-2 5.06042E-2 4.92616E-2 5.80565E-2 4.13649E-2
1.53922E-2 2.02398E-2 4.04976E-2 -9999 -9999 -9999 -9999 -9999 -9999 -9999 -9999 -9999 -9999 -9999 -9999 -9999 -9999 -9999 -9999 -9999 -9999 -9999 -9999 -9999 -9999 -9999 -9999 -9999 -9999 -9999 -9999 -9999 -9999 -9999 -9999 -9999 -9999 -9999 -9999 -9999 -9999 -9999 2.57021E-2 -9999 -9999 2.56506E-2 -9999 -9999 -9999 -9999 -9999 -9999 -9999 -9999 -9999 -9999 -9999 -9999 -9999 -9999 -9999 -9999 -9999 -9999 -9999 -9999 -9999 -9999 7.9488E-2 6.394E-2 6.73262E-2 6.89826E-2
1.51892E-2 1.75459E-2 3.48216E-2 2.58562E-2 -9999 -9999 -9999 -9999 -9999 -9999 -9999 -9999 -9999 -9999 -9999 -9999 -9999 -9999 -9999 -9999 -9999 -9999 -9999 -9999 -9999 -9999 -9999 -9999 -9999 -9999 -9999 -9999 -9999 -9999 -9999 -9999 -9999 -9999 -9999 -9999 -9999 -9999 -9999 -9999 -9999 -9999 -9999 -9999 -9999 -9999 -9999 -9999 3.97896E-2 4.59285E-2 5.01848E-2 5.79185E-2 6.83236E-2 7.16499E-2 5.67603E-2 5.82972E-2 6.92255E-2 7.81466E-2 8.1145E-2 7.50139E-2 -9999 -9999 8.59529E-2 8.2566E-2 8.74283E-2 7.38157E-2 6.82089E-2 7.28365E-2
1.54063E-2 1.82558E-2 2.15966E-2 3.9253E-2 2.78848E-2 -9999 -9999 -9999 -9999 -9999 -9999 -9999 -9999 -9999 -9999 -9999 -9999 -9999 -9999 -9999 -9999 -9999 -9999 -9999 -9999 -9999 -9999 -9999 -9999 -9999 -9999 -9999 -9999 -9999 -9999 -9999 -9999 -9999 1.84875E-2 2.3828E-2 -9999 -9999 -9999 -9999 -9999 -9999 -9999 -9999 -9999 -9999 -9999 2.95315E-2 2.76083E-2 2.32112E-2 3.15197E-2 4.18593E-2 5.15702E-2 4.73895E-2 4.47612E-2 7.06418E-2 5.83227E-2 5.57816E-2 6.87092E-2 7.45125E-2 7.50303E-2 7.25078E-2 5.7783E-2 4.64166E-2 4.71553E-2 3.94614E-2 3.84741E-2 4.38191E-2
1.40537E-2 1.61248E-2 1.80593E-2 3.06829E-2 3.25121E-2 2.91286E-2 -9999 -9999 -9999 -9999 -9999 -9999 -9999 -9999 -9999 -9999 -9999 -9999 -9999 -9999 -9999 -9999 -9999 -9999 -9999 -9999 -9999 -9999 -9999 -9999 -9999 -9999 -9999 -9999 -9999 -9999 2.99576E-2 3.3248E-2 1.86269E-2 2.31412E-2 -9999 -9999 -9999 -9999 -9999 -9999 -9999 -9999 -9999 -9999 -9999 3.08382E-2 3.35642E-2 3.76863E-2 4.15574E-2 3.99605E-2 4.15148E-2 5.54119E-2 4.58464E-2 4.68214E-2 4.7463E-2 4.79706E-2 5.00855E-2 5.14313E-2 5.01383E-2 4.09005E-2 2.91432E-2 3.34723E-2 4.40161E-2 4.43944E-2 4.99355E-2 6.87477E-2
1.45319E-2 1.52168E-2 1.68872E-2 1.77631E-2 3.651E-2 3.34939E-2 3.01937E-2 -9999 -9999 3.20615E-2 -9999 -9999 -9999 -9999 -9999 -9999 -9999 -9999 -9999 -9999 -9999 -9999 -9999 -9999 -9999 -9999 -9999 -9999 -9999 -9999 -9999 -9999 -9999 -9999 -9999 3.02467E-2 2.60756E-2 2.85614E-2 2.97188E-2 2.75438E-2 -9999 -9999 -9999 -9999 -9999 -9999 -9999 -9999 -9999 -9999 -9999 3.83333E-2 5.20376E-2 6.51172E-2 5.9816E-2 4.38385E-2 4.41145E-2 4.10466E-2 3.65055E-2 4.01816E-2 4.48383E-2 3.84003E-2 3.57558E-2 3.55933E-2 3.40799E-2 2.74977E-2 2.80924E-2 4.14339E-2 4.68366E-2 4.94387E-2 5.10802E-2 7.21273E-2
1.29462E-2 1.53199E-2 1.52076E-2 1.5701E-2 1.64861E-2 3.58942E-2 3.41056E-2 2.96947E-2 3.19218E-2 3.1368E-2 3.24056E-2 -9999 -9999 -9999 -9999 -9999 -9999 -9999 -9999 -9999 -9999 -9999 -9999 -9999 -9999 -9999 -9999 -9999 -9999 -9999 -9999 -9999 -9999 -9999 3.33403E-2 2.56E-2 3.10276E-2 3.43339E-2 3.43985E-2 2.38848E-2 2.87004E-2 3.01374E-2 2.95513E-2 3.06102E-2 -9999 -9999 -9999 3.58436E-2 4.76129E-2 5.45743E-2 4.83337E-2 4.82249E-2 6.5151E-2 6.68898E-2 5.74123E-2 4.35955E-2 3.76858E-2 3.67346E-2 3.55801E-2 3.85349E-2 3.57819E-2 3.09635E-2 2.7589E-2 2.54107E-2 2.42933E-2 3.11863E-2 4.24612E-2 4.9265E-2 6.55213E-2 7.37685E-2 -9999 -9999
1.35219E-2 1.42712E-2 1.30577E-2 1.45484E-2 1.53579E-2 1.71474E-2 3.68703E-2 3.35702E-2 2.92515E-2 3.61452E-2 4.73013E-2 3.40589E-2 3.62661E-2 -9999 -9999 -9999 -9999 -9999 -9999 -9999 -9999 -9999 -9999 -9999 -9999 -9999 -9999 -9999 -9999 -9999 -9999 -9999 -9999 3.45133E-2 3.32904E-2 2.80026E-2 2.66773E-2 2.74758E-2 2.83081E-2 2.81081E-2 3.14171E-2 3.76339E-2 4.34235E-2 3.9057E-2 3.34792E-2 4.17744E-2 4.32093E-2 5.2453E-2 4.53574E-2 2.53747E-2 5.01354E-2 6.1328E-2 5.407E-2 4.1283E-2 3.65077E-2 3.97603E-2 3.47098E-2 2.90748E-2 3.44303E-2 2.84647E-2 2.65364E-2 2.79681E-2 2.80564E-2 2.72943E-2 2.36981E-2 3.18856E-2 4.52254E-2 7.81525E-2 -9999 -9999 -9999 -9999
1.29112E-2 1.54338E-2 1.6636E-2 1.42748E-2 1.45549E-2 1.59912E-2 1.79966E-2 2.78711E-2 4.17962E-2 4.01205E-2 4.6883E-2 5.09815E-2 3.68643E-2 -9999 -9999 -9999 -9999 -9999 -9999 -9999 -9999 -9999 -9999 -9999 -9999 -9999 -9999 -9999 -9999 -9999 -9999 -9999 3.48761E-2 3.46651E-2 2.38828E-2 3.03148E-2 3.08988E-2 2.7289E-2 3.16956E-2 2.94579E-2 2.57001E-2 3.31028E-2 3.30798E-2 3.15015E-2 2.63941E-2 2.10318E-2 2.17838E-2 3.28919E-2 2.11334E-2 3.57561E-2 3.11787E-2 3.53712E-2 3.15259E-2 2.7737E-2 3.26791E-2 3.26627E-2 2.92897E-2 2.97501E-2 2.87005E-2 2.68788E-2 2.67655E-2 2.79964E-2 2.92148E-2 2.44027E-2 2.21715E-2 2.35396E-2 3.41224E-2 6.55153E-2 -9999 -9999 -9999 -9999
1.38177E-2 1.80112E-2 1.88698E-2 1.87794E-2 1.95666E-2 1.99514E-2 1.91325E-2 2.04498E-2 2.28075E-2 2.98561E-2 4.30951E-2 4.83891E-2 5.05073E-2 3.81517E-2 -9999 -9999 -9999 -9999 -9999 -9999 -9999 -9999 -9999 -9999 -9999 -9999 -9999 -9999 -9999 -9999 -9999 3.6053E-2 3.22619E-2 2.79219E-2 3.70746E-2 3.45942E-2 3.17645E-2 2.64449E-2 3.102E-2 3.12287E-2 2.6688E-2 2.23336E-2 3.44211E-2 3.34243E-2 3.68877E-2 3.00633E-2 1.46471E-2 1.82607E-2 2.03538E-2 3.32881E-2 2.29253E-2 2.82106E-2 3.41428E-2 2.8598E-2 2.85943E-2 3.02779E-2 3.1891E-2 3.15704E-2 3.11115E-2 3.21791E-2 2.71399E-2 2.83349E-2 2.47544E-2 3.14246E-2 2.03111E-2 2.29076E-2 4.19707E-2 -9999 -9999 -9999 -9999 -9999
1.48947E-2 1.82598E-2 1.81514E-2 2.05335E-2 1.87458E-2 2.02687E-2 2.28887E-2 2.62814E-2 2.8198E-2 2.89403E-2 2.98955E-2 3.51916E-2 4.1529E-2 5.24368E-2 3.9268E-2 -9999 -9999 -9999 -9999 -9999 -9999 -9999 -9999 -9999 -9999 -9999 -9999 -9999 -9999 -9999 3.59557E-2 3.35325E-2 2.82086E-2 2.7188E-2 3.38243E-2 3.74762E-2 2.79452E-2 2.48324E-2 2.64398E-2 2.85809E-2 2.98807E-2 3.1783E-2 3.46788E-2 3.55279E-2 3.62406E-2 3.42315E-2 3.25029E-2 1.68771E-2 1.68535E-2 1.74898E-2 2.21838E-2 2.0047E-2 2.66847E-2 2.95912E-2 2.88778E-2 2.81862E-2 3.43393E-2 3.2201E-2 3.35341E-2 2.87749E-2 2.64998E-2 2.50838E-2 3.31354E-2 3.50203E-2 2.05042E-2 3.90593E-2 -9999 -9999 -9999 -9999 -9999 -9999
1.39796E-2 1.41061E-2 1.57405E-2 1.68378E-2 1.71996E-2 1.95579E-2 1.96914E-2 2.07532E-2 2.28941E-2 2.57666E-2 2.77008E-2 2.7565E-2 3.20776E-2 4.44961E-2 4.37632E-2 -9999 -9999 -9999 -9999 -9999 -9999 -9999 -9999 -9999 -9999 -9999 -9999 -9999 -9999 -9999 3.77272E-2 3.14629E-2 2.78128E-2 2.83876E-2 2.77521E-2 3.10969E-2 3.37507E-2 2.85257E-2 2.32101E-2 2.22741E-2 2.97252E-2 2.59767E-2 2.87892E-2 2.94077E-2 3.05993E-2 2.51505E-2 4.00525E-2 3.30416E-2 3.28174E-2 1.71723E-2 1.83309E-2 2.22912E-2 2.26473E-2 2.11651E-2 2.28676E-2 2.77988E-2 3.23878E-2 3.17886E-2 2.79852E-2 2.97724E-2 3.32914E-2 3.42647E-2 2.95579E-2 1.39017E-2 2.30553E-2 4.8167E-2 -9999 -9999 -9999 -9999 -9999 -9999
1.44739E-2 1.43034E-2 1.45645E-2 1.50132E-2 1.57824E-2 1.6957E-2 1.82896E-2 1.87314E-2 2.03948E-2 2.24034E-2 2.48953E-2 3.22346E-2 3.94492E-2 4.67241E-2 4.33681E-2 -9999 -9999 -9999 -9999 -9999 -9999 -9999 -9999 -9999 -9999 -9999 -9999 -9999 -9999 3.54167E-2 2.54986E-2 2.7334E-2 2.67435E-2 2.9831E-2 3.24976E-2 3.04588E-2 2.77842E-2 3.8756E-2 3.04099E-2 2.28338E-2 1.94129E-2 2.35801E-2 3.10685E-2 3.06491E-2 2.62561E-2 2.26238E-2 2.76151E-2 3.69603E-2 3.61874E-2 3.37862E-2 1.85616E-2 1.95969E-2 2.84573E-2 3.10881E-2 3.09241E-2 3.50724E-2 3.11716E-2 3.22138E-2 3.02136E-2 2.76774E-2 1.79901E-2 3.11133E-2 2.01366E-2 1.38004E-2 -9999 -9999 -9999 -9999 -9999 6.0648E-2 5.57972E-2 7.59657E-2
1.67744E-2 1.67766E-2 1.69221E-2 1.78259E-2 1.7248E-2 1.89333E-2 2.00618E-2 1.98708E-2 2.10644E-2 2.28719E-2 2.54822E-2 2.80422E-2 3.30744E-2 5.04014E-2 -9999 -9999 -9999 -9999 -9999 -9999 -9999 -9999 -9999 -9999 -9999 -9999 -9999 -9999 3.22516E-2 3.16739E-2 3.1297E-2 2.71553E-2 2.98274E-2 3.43739E-2 3.40848E-2 3.14094E-2 3.14032E-2 3.4274E-2 4.10139E-2 3.86623E-2 2.59323E-2 2.17536E-2 1.92038E-2 2.17866E-2 2.28914E-2 1.96621E-2 1.69165E-2 1.48111E-2 1.77641E-2 2.0336E-2 1.78923E-2 1.7331E-2 2.99419E-2 2.89889E-2 2.9552E-2 3.5474E-2 3.12021E-2 2.36813E-2 1.22006E-2 1.20235E-2 1.47374E-2 1.79678E-2 1.21754E-2 1.29952E-2 -9999 -9999 -9999 -9999 7.25935E-2 4.90527E-2 4.42553E-2 4.85264E-2
1.65005E-2 1.93904E-2 1.86328E-2 1.97742E-2 1.9533E-2 1.78429E-2 2.10069E-2 2.33677E-2 2.65401E-2 2.44421E-2 2.54348E-2 2.74794E-2 2.97857E-2 4.72589E-2 4.53641E-2 -9999 -9999 -9999 -9999 -9999 -9999 -9999 -9999 -9999 -9999 -9999 -9999 -9999 3.04231E-2 2.89121E-2 2.66107E-2 2.73538E-2 3.08518E-2 3.39209E-2 3.53717E-2 3.40166E-2 3.37406E-2 3.11431E-2 3.09431E-2 2.9644E-2 2.69892E-2 3.11428E-2 2.16762E-2 1.85097E-2 1.83767E-2 1.83081E-2 1.8958E-2 1.86855E-2 1.71406E-2 1.7753E-2 1.7767E-2 2.06587E-2 3.7399E-2 2.89283E-2 3.92716E-2 3.67895E-2 2.54184E-2 1.41842E-2 1.23394E-2 1.38345E-2 1.011E-2 7.65055E-3 8.43708E-3 -9999 -9999 -9999 -9999 7.51376E-2 5.56755E-2 3.86624E-2 3.96821E-2 3.99793E-2
1.82553E-2 1.74384E-2 1.68028E-2 1.94476E-2 2.06769E-2 2.11696E-2 2.12286E-2 2.74797E-2 2.48868E-2 2.50727E-2 2.67362E-2 2.83418E-2 2.83231E-2 3.14247E-2 4.39981E-2 3.30884E-2 -9999 -9999 -9999 -9999 -9999 -9999 -9999 -9999 -9999 -9999 -9999 3.13212E-2 2.9417E-2 3.28764E-2 2.73919E-2 2.7582E-2 3.09177E-2 3.09594E-2 3.26604E-2 3.42769E-2 3.37038E-2 2.9013E-2 2.61146E-2 2.78871E-2 3.20572E-2 2.68684E-2 2.35674E-2 3.69955E-2 3.5288E-2 3.46033E-2 2.6355E-2 3.32802E-2 3.61517E-2 2.79067E-2 1.97594E-2 2.89218E-2 3.35726E-2 3.37297E-2 3.29939E-2 2.18843E-2 9.46075E-3 8.34786E-3 1.20175E-2 9.29781E-3 7.67903E-3 1.17654E-2 -9999 -9999 -9999 2.95995E-2 3.41445E-2 7.29798E-2 4.21883E-2 2.73868E-2 3.29585E-2 2.60562E-2
1.98857E-2 1.80208E-2 1.80728E-2 1.94529E-2 2.25217E-2 2.36186E-2 2.65441E-2 2.77626E-2 2.62713E-2 3.11916E-2 3.19447E-2 3.36777E-2 2.95429E-2 2.946E-2 2.82967E-2 3.09207E-2 -9999 3.94021E-2 3.47752E-2 2.63086E-2 2.31398E-2 -9999 -9999 -9999 -9999 -9999 -9999 2.95855E-2 2.93629E-2 2.67331E-2 2.78127E-2 2.67741E-2 2.9214E-2 2.99596E-2 3.13913E-2 3.2095E-2 2.69349E-2 2.46932E-2 2.82766E-2 2.75781E-2 2.65817E-2 2.17855E-2 2.03299E-2 2.63226E-2 2.07468E-2 1.9638E-2 2.47172E-2 3.1763E-2 2.54015E-2 2.01025E-2 2.36546E-2 3.69767E-2 3.43877E-2 3.13506E-2 1.68324E-2 1.21468E-2 1.05162E-2 8.66606E-3 7.64785E-3 7.58914E-3 8.58864E-3 -9999 -9999 -9999 -9999 2.75209E-2 3.15311E-2 4.19384E-2 1.82672E-2 1.77432E-2 1.76185E-2 1.74806E-2
2.27994E-2 2.24845E-2 2.10959E-2 2.15126E-2 2.36521E-2 2.44574E-2 2.71117E-2 2.82244E-2 2.95723E-2 3.08175E-2 3.25501E-2 3.43225E-2 3.11441E-2 2.94117E-2 2.85455E-2 3.77643E-2 3.92696E-2 2.56008E-2 2.61924E-2 2.63176E-2 3.01648E-2 3.36999E-2 3.21118E-2 2.54653E-2 3.11287E-2 -9999 3.0457E-2 2.52259E-2 2.43311E-2 2.64939E-2 2.68861E-2 2.66854E-2 2.97519E-2 3.15747E-2 3.30577E-2 3.28206E-2 2.96754E-2 3.16443E-2 2.74965E-2 2.79918E-2 2.56485E-2 3.34102E-2 3.65239E-2 2.69989E-2 1.94721E-2 2.07207E-2 2.26369E-2 2.36656E-2 1.98916E-2 2.35315E-2 3.74527E-2 4.11736E-2 3.42929E-2 2.02298E-2 9.98455E-3 9.30534E-3 8.1577E-3 7.33847E-3 7.17576E-3 8.39474E-3 -9999 -9999 -9999 -9999 -9999 -9999 -9999 2.84316E-2 1.57875E-2 1.75534E-2 1.71466E-2 1.80226E-2
2.35677E-2 2.44131E-2 2.30449E-2 2.44946E-2 2.7264E-2 2.8786E-2 2.79068E-2 2.78446E-2 2.91209E-2 3.16252E-2 3.24969E-2 3.39091E-2 3.31787E-2 2.9206E-2 3.45047E-2 4.05697E-2 2.73895E-2 2.81578E-2 3.0464E-2 3.18247E-2 3.91874E-2 3.51802E-2 3.78339E-2 2.66182E-2 3.23684E-2 2.83234E-2 2.68131E-2 3.5992E-2 3.14855E-2 2.55186E-2 2.77716E-2 3.015E-2 2.88424E-2 3.26269E-2 3.18442E-2 3.19868E-2 3.11314E-2 2.97174E-2 2.76568E-2 2.91165E-2 2.79164E-2 2.74008E-2 2.87988E-2 2.27996E-2 1.71524E-2 1.37562E-2 1.48087E-2 1.98256E-2 2.03341E-2 3.43189E-2 3.03751E-2 3.06751E-2 3.44007E-2 9.87112E-3 8.48427E-3 7.4807E-3 6.70593E-3 7.53128E-3 7.80815E-3 -9999 -9999 -9999 -9999 -9999 -9999 -9999 1.58583E-2 2.89938E-2 1.55347E-2 1.62378E-2 1.67239E-2 1.84362E-2
2.42973E-2 2.56312E-2 3.02172E-2 2.82576E-2 2.99951E-2 3.08658E-2 3.09801E-2 2.98046E-2 3.00337E-2 3.10739E-2 3.16741E-2 3.25185E-2 3.18501E-2 2.87361E-2 3.65701E-2 3.51248E-2 3.06443E-2 2.90396E-2 2.97952E-2 3.90263E-2 2.80009E-2 2.78422E-2 2.78785E-2 2.80574E-2 2.71659E-2 2.59796E-2 3.71267E-2 2.55913E-2 2.65021E-2 2.56985E-2 2.74778E-2 3.07567E-2 3.146E-2 3.07296E-2 3.08153E-2 3.11229E-2 3.0482E-2 2.88756E-2 2.76601E-2 2.95109E-2 2.74603E-2 2.21936E-2 2.08272E-2 2.00929E-2 1.88916E-2 1.90726E-2 1.64795E-2 2.09249E-2 3.09671E-2 3.27951E-2 3.99026E-2 3.22501E-2 1.79425E-2 8.2554E-3 8.94865E-3 7.83018E-3 7.85117E-3 7.64978E-3 -9999 -9999 -9999 -9999 -9999 -9999 -9999 1.49653E-2 1.59526E-2 1.30733E-2 3.24123E-2 1.53508E-2 1.56206E-2 1.7716E-2
2.56365E-2 2.73522E-2 2.96022E-2 2.94898E-2 3.08907E-2 3.07101E-2 3.10907E-2 3.20995E-2 3.1069E-2 3.12213E-2 3.16662E-2 3.30267E-2 3.20087E-2 2.87313E-2 3.16641E-2 3.44771E-2 3.13692E-2 3.29143E-2 3.7862E-2 4.07964E-2 2.76172E-2 3.04583E-2 3.09077E-2 3.05208E-2 2.9811E-2 2.79886E-2 2.70026E-2 2.71218E-2 2.73531E-2 2.58546E-2 2.78573E-2 2.74657E-2 2.82641E-2 3.10747E-2 3.06719E-2 3.12093E-2 3.1849E-2 3.13616E-2 2.93625E-2 3.00607E-2 2.17325E-2 1.81927E-2 2.03201E-2 1.91833E-2 2.12899E-2 2.07587E-2 1.35217E-2 2.48836E-2 3.05459E-2 3.11996E-2 3.46626E-2 2.81555E-2 1.09061E-2 6.98413E-3 7.36743E-3 7.70135E-3 8.19097E-3 8.10619E-3 -9999 -9999 -9999 -9999 -9999 -9999 -9999 -9999 1.58378E-2 1.58169E-2 1.7532E-2 2.92344E-2 1.69104E-2 1.53422E-2
2.76664E-2 2.87072E-2 2.99127E-2 2.96136E-2 2.99293E-2 3.13541E-2 3.01643E-2 3.11616E-2 3.13323E-2 3.23937E-2 3.19221E-2 3.13596E-2 3.08147E-2 2.81592E-2 2.70311E-2 3.7471E-2 3.50477E-2 3.36561E-2 3.213E-2 3.02261E-2 2.80505E-2 3.10771E-2 3.36985E-2 3.35344E-2 3.3687E-2 3.08397E-2 2.80882E-2 2.61294E-2 2.69873E-2 2.64295E-2 2.25677E-2 2.53396E-2 2.76957E-2 3.09804E-2 3.01332E-2 3.01144E-2 3.26684E-2 3.23646E-2 2.77584E-2 2.89171E-2 2.66916E-2 2.21978E-2 2.29109E-2 2.25459E-2 1.9436E-2 1.4191E-2 2.1968E-2 2.96683E-2 3.24845E-2 3.35419E-2 2.1689E-2 1.09982E-2 8.36938E-3 7.96836E-3 8.38351E-3 7.88581E-3 -9999 -9999 -9999 -9999 -9999 -9999 -9999 -9999 -9999 -9999 -9999 -9999 1.96323E-2 3.21304E-2 1.34546E-2 1.86513E-2
2.8782E-2 3.00095E-2 3.04531E-2 2.92528E-2 3.00423E-2 3.13572E-2 3.1283E-2 3.133E-2 3.24722E-2 3.24464E-2 3.36563E-2 3.17594E-2 2.97105E-2 2.80365E-2 3.37158E-2 3.48935E-2 3.85268E-2 3.7158E-2 2.79888E-2 2.74436E-2 2.72626E-2 3.09994E-2 3.53319E-2 3.65737E-2 3.43451E-2 3.17766E-2 2.9137E-2 2.5952E-2 2.77628E-2 2.44538E-2 2.72129E-2 2.47741E-2 2.72674E-2 3.03564E-2 2.92591E-2 3.06162E-2 3.25013E-2 2.60257E-2 2.05704E-2 2.32598E-2 2.59427E-2 1.67268E-2 2.0956E-2 1.86139E-2 1.60874E-2 2.21545E-2 2.03147E-2 1.5578E-2 1.35043E-2 1.4001E-2 9.41438E-3 8.94819E-3 9.79194E-3 8.96551E-3 -9999 -9999 -9999 -9999 -9999 -9999 -9999 -9999 -9999 -9999 -9999 -9999 -9999 -9999 1.55978E-2 1.2633E-2 1.39516E-2 -9999
