Artocarpus altilis SDM files/MIS19/results (without bias file)/Artalt_2.asc
ncols         1201
nrows         481
xllcorner     119.99986351115
yllcorner     -15.00013828885
cellsize      0.041666667
NODATA_value  -9999
[rows 320 to 351 of 481, columns 504 to 575 of 1201]
2.62989E-1 2.70597E-1 2.58486E-1 2.62752E-1 2.63634E-1 2.74578E-1 2.72361E-1 2.73269E-1 2.73222E-1 2.79733E-1 2.78204E-1 2.89833E-1 2.93333E-1 2.9805E-1 2.95423E-1 2.90323E-1 2.88748E-1 3.15375E-1 3.23101E-1 3.25405E-1 3.23686E-1 3.37807E-1 3.48354E-1 3.61866E-1 3.39663E-1 3.3789E-1 3.51353E-1 3.65439E-1 3.82239E-1 3.81731E-1 3.63021E-1 3.89799E-1 3.8233E-1 3.9824E-1 4.04308E-1 4.06998E-1 4.17711E-1 4.3138E-1 4.58465E-1 4.64834E-1 4.54948E-1 4.83922E-1 4.85554E-1 4.95105E-1 5.05039E-1 5.08369E-1 5.13381E-1 5.23466E-1 5.23466E-1 5.26845E-1 5.5109E-1 5.6346E-1 5.72119E-1 5.83981E-1 6.23211E-1 6.01768E-1 6.00017E-1 6.30239E-1 6.28168E-1 6.35197E-1 6.74571E-1 6.54901E-1 6.80617E-1 6.91961E-1 -9999 -9999 -9999 -9999 -9999 -9999 -9999 -9999
2.56607E-1 2.62108E-1 2.69695E-1 2.6402E-1 2.58486E-1 2.65988E-1 2.75892E-1 2.73467E-1 2.8152E-1 2.68624E-1 2.72826E-1 2.79531E-1 2.80661E-1 2.97077E-1 2.80209E-1 2.85907E-1 2.91487E-1 3.05962E-1 3.08173E-1 3.07955E-1 3.21391E-1 3.34143E-1 3.36737E-1 3.41735E-1 3.40187E-1 3.4764E-1 3.71041E-1 3.57474E-1 3.6425E-1 3.49718E-1 3.71877E-1 3.81477E-1 3.94394E-1 4.0759E-1 4.0611E-1 4.27404E-1 4.39984E-1 4.3374E-1 4.47711E-1 4.47151E-1 4.61359E-1 4.74474E-1 4.79332E-1 4.89119E-1 5.00653E-1 5.07E-1 5.22454E-1 5.17106E-1 5.41121E-1 5.4454E-1 5.4968E-1 5.56558E-1 5.86348E-1 6.14745E-1 6.03908E-1 6.02469E-1 6.23525E-1 6.16186E-1 6.24968E-1 6.35511E-1 6.47807E-1 6.65413E-1 6.58407E-1 6.54587E-1 6.80526E-1 -9999 -9999 -9999 -9999 -9999 -9999 -9999
2.51572E-1 2.57851E-1 2.57851E-1 2.54464E-1 2.55324E-1 2.59547E-1 2.63827E-1 2.71454E-1 2.69061E-1 2.67728E-1 2.67338E-1 2.85677E-1 2.80864E-1 2.80864E-1 2.85013E-1 2.89626E-1 2.83413E-1 2.85701E-1 2.92446E-1 3.01917E-1 3.0674E-1 3.25178E-1 3.18832E-1 3.31333E-1 3.28715E-1 3.25486E-1 3.46548E-1 3.67372E-1 3.58834E-1 3.55577E-1 3.48383E-1 3.73274E-1 3.73024E-1 3.90315E-1 3.96107E-1 4.23115E-1 4.24632E-1 4.41814E-1 4.44864E-1 4.37816E-1 4.6359E-1 4.70216E-1 4.89705E-1 4.96285E-1 4.89412E-1 5.14351E-1 5.11303E-1 5.34914E-1 5.43441E-1 5.39719E-1 5.76286E-1 5.71078E-1 5.90849E-1 6.02782E-1 5.81432E-1 6.20012E-1 6.165E-1 6.165E-1 6.37971E-1 6.28796E-1 6.64288E-1 6.58721E-1 6.51392E-1 6.67162E-1 6.72479E-1 -9999 -9999 -9999 -9999 -9999 -9999 -9999
2.52653E-1 2.5804E-1 2.6123E-1 2.69891E-1 2.64212E-1 2.55512E-1 2.57617E-1 2.63827E-1 2.68164E-1 2.71454E-1 2.77931E-1 2.7661E-1 2.73024E-1 2.7062E-1 2.85218E-1 2.84073E-1 2.83665E-1 2.96654E-1 2.83209E-1 2.8644E-1 2.9694E-1 3.04106E-1 3.08956E-1 3.33082E-1 3.30225E-1 3.24671E-1 3.45458E-1 3.42995E-1 3.46729E-1 3.68699E-1 3.46198E-1 3.53985E-1 3.647E-1 3.79151E-1 3.98085E-1 4.20629E-1 4.23386E-1 4.35621E-1 4.30944E-1 4.25816E-1 4.53785E-1 4.68897E-1 4.70436E-1 4.71757E-1 4.89705E-1 4.84505E-1 5.19989E-1 5.28429E-1 5.42037E-1 5.4717E-1 5.71698E-1 5.71698E-1 5.94344E-1 5.99593E-1 6.04534E-1 6.02782E-1 6.22157E-1 6.204E-1 6.34771E-1 6.41799E-1 6.54088E-1 6.59034E-1 6.74849E-1 6.73103E-1 6.97812E-1 7.03222E-1 7.06428E-1 -9999 -9999 -9999 -9999 -9999
2.46661E-1 2.71234E-1 2.53837E-1 2.54883E-1 2.623E-1 2.5238E-1 2.56563E-1 2.59547E-1 2.65099E-1 2.68359E-1 2.68164E-1 2.72361E-1 2.7106E-1 2.83388E-1 2.75047E-1 2.81998E-1 2.90996E-1 2.86161E-1 2.89418E-1 2.80936E-1 2.8644E-1 2.90862E-1 2.95548E-1 3.08956E-1 3.19859E-1 3.10745E-1 3.31103E-1 3.35151E-1 3.46967E-1 3.49394E-1 3.43787E-1 3.44636E-1 3.58104E-1 3.67955E-1 3.83662E-1 3.86458E-1 4.14613E-1 4.28496E-1 4.20295E-1 4.24568E-1 4.39984E-1 4.64161E-1 4.59032E-1 4.47645E-1 4.76669E-1 4.76601E-1 4.88066E-1 5.1495E-1 5.28429E-1 5.45764E-1 5.52626E-1 5.59587E-1 5.665E-1 5.9998E-1 5.89103E-1 6.17516E-1 6.31885E-1 6.28056E-1 6.618E-1 6.71982E-1 6.66738E-1 6.73728E-1 6.66738E-1 6.75161E-1 6.91199E-1 7.08759E-1 7.01571E-1 7.08525E-1 -9999 -9999 -9999 -9999
2.42792E-1 2.60589E-1 2.58419E-1 2.52981E-1 2.61421E-1 2.6123E-1 2.54696E-1 2.57806E-1 2.62944E-1 2.6402E-1 2.64906E-1 2.74976E-1 2.63397E-1 2.70864E-1 2.70864E-1 2.77683E-1 2.77081E-1 2.76881E-1 2.88467E-1 2.82322E-1 2.73807E-1 2.86283E-1 2.86234E-1 2.93198E-1 3.0008E-1 2.97277E-1 3.18609E-1 3.36682E-1 3.32566E-1 3.25659E-1 3.3593E-1 3.42233E-1 3.48678E-1 3.62689E-1 3.73775E-1 4.03005E-1 3.86458E-1 3.98023E-1 4.02154E-1 4.1103E-1 4.30735E-1 4.64514E-1 4.59667E-1 4.64161E-1 4.87084E-1 4.85673E-1 4.80134E-1 4.9658E-1 4.98232E-1 5.16928E-1 5.28732E-1 5.59587E-1 5.64769E-1 5.98229E-1 6.1783E-1 6.08742E-1 6.1783E-1 6.30128E-1 6.4777E-1 6.42501E-1 -9999 6.84877E-1 6.93551E-1 6.81086E-1 6.95046E-1 -9999 7.12566E-1 7.26192E-1 -9999 -9999 -9999 -9999
2.43799E-1 2.50103E-1 2.53212E-1 2.63997E-1 2.58419E-1 2.52795E-1 2.60353E-1 2.51528E-1 2.5238E-1 2.63136E-1 2.67269E-1 2.74976E-1 2.69257E-1 2.66686E-1 2.7106E-1 2.7773E-1 2.7753E-1 2.72826E-1 2.73538E-1 2.72036E-1 2.76281E-1 2.92286E-1 2.89956E-1 3.00343E-1 2.90654E-1 3.12464E-1 3.12412E-1 3.18832E-1 3.13371E-1 3.15623E-1 3.25659E-1 3.38535E-1 3.46254E-1 3.68451E-1 3.65627E-1 3.72567E-1 3.95432E-1 3.98085E-1 4.08385E-1 4.40882E-1 4.51827E-1 4.71215E-1 4.64951E-1 4.50121E-1 4.85742E-1 4.8404E-1 4.90585E-1 4.67225E-1 4.89998E-1 5.20591E-1 5.30658E-1 5.35522E-1 5.82825E-1 5.91548E-1 5.98542E-1 6.00293E-1 6.25245E-1 6.4313E-1 6.44572E-1 6.51982E-1 6.6775E-1 6.51982E-1 -9999 -9999 -9999 -9999 -9999 7.48364E-1 -9999 -9999 -9999 -9999
2.55302E-1 2.59524E-1 2.61657E-1 2.65076E-1 2.57361E-1 2.52981E-1 2.5612E-1 2.6123E-1 2.65532E-1 2.59928E-1 2.57617E-1 2.58486E-1 2.58297E-1 2.64713E-1 2.64327E-1 2.68716E-1 2.84735E-1 2.85677E-1 2.72629E-1 2.79176E-1 2.72036E-1 2.8575E-1 2.93876E-1 2.86488E-1 2.99364E-1 2.92988E-1 2.92779E-1 3.0974E-1 3.03624E-1 3.01993E-1 3.14164E-1 3.25659E-1 3.33109E-1 3.42704E-1 3.5312E-1 3.67008E-1 3.73966E-1 3.88149E-1 4.10402E-1 4.17884E-1 4.53966E-1 4.37994E-1 4.57062E-1 4.66618E-1 4.62783E-1 4.79228E-1 4.80784E-1 4.85673E-1 4.91934E-1 5.0516E-1 5.22276E-1 5.32427E-1 5.61931E-1 5.81083E-1 5.9186E-1 6.25559E-1 6.20289E-1 6.5931E-1 6.50541E-1 6.66314E-1 6.73304E-1 6.69811E-1 6.96282E-1 -9999 -9999 -9999 -9999 -9999 -9999 -9999 -9999 -9999
2.59905E-1 2.63997E-1 2.65076E-1 2.62921E-1 2.56308E-1 2.65771E-1 2.54024E-1 2.55932E-1 2.623E-1 2.64258E-1 2.65338E-1 2.57429E-1 2.5724E-1 2.61489E-1 2.5249E-1 2.71107E-1 2.86136E-1 2.88187E-1 2.68233E-1 2.70227E-1 2.67843E-1 2.77802E-1 2.80984E-1 2.83053E-1 2.89956E-1 2.87434E-1 2.87228E-1 3.03941E-1 3.0974E-1 3.19859E-1 3.2594E-1 3.27211E-1 3.24392E-1 3.32281E-1 3.3723E-1 3.53361E-1 3.71172E-1 3.86971E-1 4.03005E-1 4.10402E-1 4.33642E-1 4.42927E-1 4.42649E-1 4.75238E-1 4.60169E-1 4.63069E-1 4.87669E-1 4.80784E-1 4.93873E-1 4.90292E-1 5.31105E-1 5.51902E-1 5.57064E-1 5.81394E-1 5.79654E-1 6.08003E-1 6.36805E-1 6.43832E-1 -9999 6.82716E-1 6.94862E-1 6.8793E-1 7.00045E-1 6.94553E-1 -9999 -9999 -9999 -9999 -9999 -9999 -9999 -9999
2.6744E-1 2.79685E-1 2.6744E-1 2.60971E-1 2.62921E-1 2.58653E-1 2.66159E-1 2.49875E-1 2.50722E-1 2.60163E-1 2.63181E-1 2.63181E-1 2.66228E-1 2.6368E-1 2.66731E-1 2.81568E-1 2.73467E-1 2.70864E-1 2.70667E-1 2.71374E-1 2.76928E-1 2.74298E-1 2.81032E-1 2.90213E-1 2.83053E-1 2.86283E-1 2.92077E-1 3.04156E-1 3.21391E-1 3.17585E-1 3.18609E-1 3.23407E-1 3.33857E-1 3.3645E-1 3.41388E-1 3.49337E-1 3.77338E-1 3.82942E-1 3.84112E-1 4.12159E-1 4.22954E-1 4.16586E-1 4.62179E-1 4.60804E-1 4.58864E-1 4.50402E-1 4.79519E-1 4.86034E-1 4.95885E-1 5.19581E-1 5.39916E-1 5.55722E-1 5.57372E-1 5.66007E-1 6.0481E-1 6.26261E-1 6.28018E-1 6.42389E-1 6.62075E-1 -9999 -9999 -9999 7.00354E-1 7.10744E-1 -9999 -9999 -9999 -9999 -9999 -9999 -9999 -9999
2.65315E-1 2.73175E-1 2.81018E-1 2.75398E-1 2.54442E-1 2.57784E-1 2.70723E-1 2.61657E-1 2.48663E-1 2.56984E-1 2.52424E-1 2.59972E-1 2.51017E-1 2.76186E-1 2.69499E-1 2.71501E-1 2.75739E-1 2.78902E-1 2.83233E-1 2.6719E-1 2.68084E-1 2.74497E-1 2.75411E-1 2.84652E-1 2.92545E-1 2.97252E-1 2.8399E-1 2.9699E-1 3.10229E-1 3.21616E-1 3.22597E-1 3.21113E-1 3.26167E-1 3.21113E-1 3.48536E-1 3.60685E-1 3.71979E-1 3.8898E-1 4.02061E-1 3.91543E-1 3.98807E-1 4.16918E-1 4.49807E-1 4.51312E-1 4.4442E-1 4.52257E-1 4.78186E-1 5.01507E-1 5.08156E-1 5.19882E-1 5.45727E-1 5.50871E-1 5.66389E-1 5.94619E-1 5.99868E-1 6.21305E-1 6.28333E-1 6.4629E-1 6.71134E-1 7.02459E-1 -9999 -9999 7.02459E-1 7.02459E-1 -9999 -9999 -9999 -9999 -9999 -9999 -9999 -9999
2.52773E-1 2.65702E-1 2.68773E-1 2.74285E-1 2.73175E-1 2.59905E-1 2.5654E-1 2.59524E-1 2.58274E-1 2.58085E-1 2.73444E-1 2.74355E-1 2.68451E-1 2.83364E-1 2.68405E-1 2.68015E-1 2.72407E-1 2.71107E-1 2.69811E-1 2.83029E-1 2.87616E-1 2.72478E-1 2.74497E-1 2.89397E-1 2.88102E-1 2.89053E-1 2.97252E-1 3.04423E-1 3.1419E-1 3.14138E-1 3.14085E-1 3.21338E-1 3.27667E-1 3.36682E-1 3.46114E-1 3.59565E-1 3.70585E-1 3.73627E-1 3.92121E-1 4.03794E-1 4.14187E-1 4.23225E-1 4.37277E-1 4.4974E-1 4.54464E-1 4.83714E-1 4.91898E-1 4.9684E-1 5.05124E-1 5.34089E-1 5.61894E-1 5.72281E-1 5.77492E-1 6.07577E-1 6.1284E-1 6.29035E-1 6.46918E-1 6.5187E-1 6.55379E-1 6.785E-1 -9999 -9999 -9999 -9999 -9999 -9999 -9999 -9999 -9999 -9999 -9999 -9999
2.65896E-1 2.7136E-1 2.70064E-1 2.67876E-1 2.68773E-1 2.69868E-1 2.77836E-1 2.58653E-1 2.73689E-1 2.76314E-1 2.64883E-1 2.81293E-1 2.87008E-1 2.84506E-1 2.75269E-1 2.85447E-1 2.704E-1 2.70008E-1 2.7221E-1 2.78701E-1 2.80757E-1 2.8741E-1 2.91657E-1 2.91186E-1 3.01299E-1 3.07328E-1 2.92754E-1 3.01035E-1 3.05847E-1 3.25685E-1 3.38795E-1 3.30738E-1 3.43759E-1 3.53091E-1 3.59866E-1 3.69751E-1 3.72229E-1 3.73627E-1 3.84938E-1 3.99653E-1 4.09979E-1 4.23496E-1 4.48518E-1 4.61156E-1 4.56328E-1 4.6915E-1 5.02466E-1 5.17492E-1 5.46718E-1 5.34393E-1 5.62203E-1 5.86897E-1 6.02633E-1 6.07891E-1 6.32864E-1 6.39893E-1 6.55692E-1 6.62702E-1 -9999 -9999 -9999 -9999 -9999 -9999 -9999 -9999 -9999 -9999 -9999 -9999 -9999 -9999
2.83952E-1 2.93417E-1 2.72464E-1 2.69164E-1 2.66787E-1 2.71163E-1 2.78036E-1 2.66399E-1 2.77434E-1 2.64235E-1 2.65315E-1 2.77186E-1 2.82428E-1 2.78831E-1 2.79958E-1 2.93776E-1 2.80483E-1 2.92938E-1 2.9765E-1 2.74426E-1 2.65552E-1 2.71839E-1 2.83966E-1 2.8542E-1 2.95573E-1 3.02712E-1 3.2114E-1 3.2114E-1 3.33884E-1 3.43023E-1 3.39029E-1 3.44287E-1 3.57688E-1 3.64524E-1 3.5468E-1 3.66978E-1 3.76744E-1 3.91254E-1 4.02911E-1 4.14786E-1 4.19294E-1 4.31459E-1 4.55163E-1 4.69792E-1 4.76242E-1 5.00808E-1 5.1109E-1 5.1109E-1 5.19474E-1 5.29605E-1 5.57335E-1 5.71167E-1 5.92448E-1 6.15611E-1 6.22636E-1 6.58146E-1 6.52886E-1 6.47232E-1 -9999 -9999 -9999 -9999 -9999 -9999 -9999 -9999 -9999 -9999 -9999 -9999 -9999 -9999
2.87808E-1 3.0675E-1 2.99324E-1 2.93417E-1 2.6266E-1 2.76915E-1 2.82356E-1 2.82153E-1 2.82153E-1 2.76314E-1 2.81949E-1 2.84229E-1 2.80363E-1 2.77907E-1 2.73246E-1 2.78831E-1 2.95919E-1 2.93357E-1 2.94531E-1 2.83689E-1 2.81658E-1 2.94413E-1 2.9571E-1 2.974E-1 2.94924E-1 3.02927E-1 3.11428E-1 3.17611E-1 3.2642E-1 3.27694E-1 3.55519E-1 3.62327E-1 3.44524E-1 3.56574E-1 3.6477E-1 3.91832E-1 4.00562E-1 4.02029E-1 4.12394E-1 4.25959E-1 4.30539E-1 4.44731E-1 4.58897E-1 4.80133E-1 4.96509E-1 4.96144E-1 5.13132E-1 5.31979E-1 5.3708E-1 5.38479E-1 5.59368E-1 5.75022E-1 6.03333E-1 6.26464E-1 6.39152E-1 6.44422E-1 6.4969E-1 6.65465E-1 -9999 -9999 -9999 -9999 -9999 -9999 -9999 -9999 -9999 -9999 -9999 -9999 -9999 -9999
3.07236E-1 2.9856E-1 3.14096E-1 2.97162E-1 2.80743E-1 2.69164E-1 2.97923E-1 2.84843E-1 2.90615E-1 2.86934E-1 2.89038E-1 2.94877E-1 2.95844E-1 2.79234E-1 2.74554E-1 2.74355E-1 2.82022E-1 2.89857E-1 2.8164E-1 2.83344E-1 2.88453E-1 2.92597E-1 2.90126E-1 3.02291E-1 3.04562E-1 3.09199E-1 3.0798E-1 3.23074E-1 3.25378E-1 3.34346E-1 3.47708E-1 3.58475E-1 3.68085E-1 3.79283E-1 3.8783E-1 3.8777E-1 3.97899E-1 4.03763E-1 4.29621E-1 4.37309E-1 4.40407E-1 4.59532E-1 4.73945E-1 4.85311E-1 4.93508E-1 5.08419E-1 5.10087E-1 5.30657E-1 5.45996E-1 5.61784E-1 5.54507E-1 5.75333E-1 5.94895E-1 6.19751E-1 6.37395E-1 6.53513E-1 6.60525E-1 6.7277E-1 6.55341E-1 -9999 -9999 -9999 -9999 -9999 -9999 -9999 -9999 -9999 -9999 -9999 -9999 -9999
3.25055E-1 3.04763E-1 3.08183E-1 2.9695E-1 2.90872E-1 2.90872E-1 2.95558E-1 2.97923E-1 2.99111E-1 2.88088E-1 2.91571E-1 2.97449E-1 2.94877E-1 3.00593E-1 2.99187E-1 2.96603E-1 2.8109E-1 2.85059E-1 2.85409E-1 2.96554E-1 2.96927E-1 2.84708E-1 3.00564E-1 3.08712E-1 3.14605E-1 3.22092E-1 3.29711E-1 3.37463E-1 3.44023E-1 3.50674E-1 3.6312E-1 3.78435E-1 3.75308E-1 3.85223E-1 3.88344E-1 3.95569E-1 4.19262E-1 4.22283E-1 4.28366E-1 4.37586E-1 4.53201E-1 4.66196E-1 4.82341E-1 4.83971E-1 4.98752E-1 5.05386E-1 5.15407E-1 5.41172E-1 5.46303E-1 5.72554E-1 5.89965E-1 6.00457E-1 5.93459E-1 6.04273E-1 6.39781E-1 6.41223E-1 6.53827E-1 6.60525E-1 6.74901E-1 -9999 -9999 -9999 -9999 -9999 -9999 -9999 -9999 -9999 -9999 -9999 -9999 -9999
3.32956E-1 3.23563E-1 3.1459E-1 3.19343E-1 3.12914E-1 3.01978E-1 2.93417E-1 3.10188E-1 3.07748E-1 3.02698E-1 3.09969E-1 3.02218E-1 3.00806E-1 2.97026E-1 3.02989E-1 3.02774E-1 3.02559E-1 2.95162E-1 2.98097E-1 2.98287E-1 2.92357E-1 3.0063E-1 3.0438E-1 3.17391E-1 3.22543E-1 3.3017E-1 3.32741E-1 3.44495E-1 3.53842E-1 3.61994E-1 3.64741E-1 3.7167E-1 3.7587E-1 4.13856E-1 4.18357E-1 3.95829E-1 4.04616E-1 4.2407E-1 4.34775E-1 4.56994E-1 4.68152E-1 4.84623E-1 4.7938E-1 4.84262E-1 5.12726E-1 5.16078E-1 5.34661E-1 5.53855E-1 5.62474E-1 5.69396E-1 6.09921E-1 6.18697E-1 6.09921E-1 6.25723E-1 6.39781E-1 6.54214E-1 6.59474E-1 6.69975E-1 6.787E-1 -9999 -9999 -9999 -9999 -9999 -9999 -9999 -9999 -9999 -9999 -9999 -9999 -9999
3.30383E-1 3.35544E-1 3.28874E-1 3.27141E-1 3.3768E-1 3.2587E-1 3.17071E-1 3.30978E-1 3.25589E-1 3.25362E-1 3.16352E-1 3.01234E-1 3.02218E-1 3.08043E-1 3.01789E-1 3.054E-1 3.06394E-1 3.04968E-1 3.0961E-1 3.08035E-1 3.04562E-1 3.23047E-1 3.1651E-1 3.22768E-1 3.22768E-1 3.31684E-1 3.36859E-1 3.47385E-1 3.55433E-1 3.60871E-1 3.63611E-1 3.63611E-1 3.70775E-1 3.93506E-1 4.18627E-1 4.20135E-1 4.24678E-1 4.36935E-1 4.27385E-1 4.49045E-1 4.71654E-1 4.93109E-1 4.91171E-1 5.06349E-1 5.14701E-1 5.16378E-1 5.19738E-1 5.62856E-1 5.82254E-1 5.96219E-1 6.13744E-1 6.22524E-1 6.38726E-1 6.33455E-1 -9999 -9999 -9999 -9999 -9999 -9999 -9999 -9999 -9999 -9999 -9999 -9999 -9999 -9999 -9999 -9999 -9999 -9999
3.47607E-1 3.4363E-1 3.35544E-1 3.31438E-1 3.37913E-1 3.40528E-1 3.33786E-1 3.33786E-1 3.28363E-1 3.24322E-1 3.22833E-1 3.11194E-1 3.1987E-1 3.24682E-1 3.19422E-1 3.054E-1 3.08826E-1 3.18558E-1 3.18335E-1 3.26059E-1 3.24564E-1 3.24537E-1 3.27076E-1 3.43938E-1 3.50589E-1 3.55974E-1 3.64161E-1 3.69691E-1 3.73876E-1 3.88313E-1 3.80862E-1 3.89433E-1 3.89433E-1 3.89433E-1 4.14391E-1 4.29523E-1 4.34126E-1 4.37211E-1 4.54397E-1 4.70688E-1 4.7223E-1 4.81946E-1 5.01732E-1 5.2011E-1 5.28854E-1 5.35341E-1 5.59712E-1 5.63165E-1 5.77033E-1 6.10622E-1 6.03609E-1 -9999 6.35526E-1 6.35526E-1 6.46067E-1 -9999 -9999 -9999 -9999 -9999 -9999 -9999 -9999 -9999 -9999 -9999 -9999 -9999 -9999 -9999 -9999 -9999
3.49178E-1 3.60221E-1 3.44896E-1 3.38091E-1 3.51376E-1 3.4604E-1 3.49798E-1 3.44243E-1 3.38518E-1 3.43534E-1 3.31804E-1 3.28955E-1 3.22607E-1 3.39068E-1 3.41455E-1 3.39909E-1 3.35792E-1 3.35617E-1 3.37064E-1 3.28808E-1 3.35245E-1 3.41774E-1 3.36544E-1 3.35013E-1 3.48156E-1 3.53515E-1 3.65785E-1 3.6994E-1 3.68551E-1 3.78345E-1 3.98713E-1 4.16489E-1 3.96931E-1 4.04258E-1 4.30135E-1 4.37829E-1 4.35943E-1 4.55028E-1 4.58195E-1 4.80679E-1 4.97359E-1 4.98716E-1 5.0535E-1 5.24156E-1 5.32621E-1 5.60021E-1 5.68666E-1 5.89927E-1 -9999 -9999 -9999 -9999 6.2354E-1 6.3584E-1 6.40797E-1 -9999 -9999 -9999 -9999 -9999 -9999 -9999 -9999 -9999 -9999 -9999 -9999 -9999 7.12617E-1 7.12617E-1 -9999 -9999
-9999 3.61833E-1 3.62713E-1 3.43339E-1 3.33731E-1 3.46893E-1 3.32265E-1 3.32265E-1 -9999 -9999 -9999 3.4377E-1 3.42452E-1 3.34385E-1 3.1862E-1 3.43007E-1 3.40143E-1 3.42535E-1 3.38367E-1 3.50264E-1 3.62455E-1 3.69354E-1 3.59477E-1 3.70745E-1 3.6772E-1 3.76091E-1 3.83165E-1 3.81743E-1 -9999 3.88888E-1 4.1709E-1 4.29217E-1 4.15257E-1 4.19769E-1 4.28879E-1 4.49012E-1 4.65134E-1 4.6805E-1 4.8586E-1 4.87857E-1 4.94425E-1 5.02692E-1 5.1772E-1 5.32925E-1 5.51719E-1 5.63784E-1 5.71093E-1 -9999 -9999 -9999 -9999 -9999 -9999 -9999 -9999 -9999 -9999 -9999 -9999 -9999 -9999 -9999 -9999 -9999 -9999 -9999 -9999 -9999 -9999 -9999 -9999 -9999
-9999 -9999 3.7858E-1 3.55658E-1 3.3661E-1 3.60668E-1 -9999 -9999 -9999 -9999 -9999 -9999 -9999 -9999 3.59634E-1 3.62123E-1 -9999 -9999 -9999 -9999 -9999 -9999 -9999 -9999 -9999 -9999 -9999 4.05702E-1 4.11638E-1 4.19133E-1 4.09883E-1 4.21884E-1 4.31022E-1 4.37178E-1 4.46506E-1 4.67375E-1 4.81911E-1 4.86806E-1 4.86806E-1 4.89603E-1 5.02989E-1 5.21386E-1 5.23072E-1 5.50688E-1 5.66205E-1 -9999 -9999 -9999 -9999 -9999 -9999 -9999 -9999 -9999 -9999 -9999 -9999 -9999 -9999 -9999 -9999 -9999 -9999 -9999 -9999 -9999 -9999 -9999 -9999 -9999 -9999 -9999
-9999 -9999 -9999 -9999 -9999 -9999 -9999 -9999 -9999 -9999 -9999 -9999 -9999 -9999 -9999 -9999 -9999 -9999 -9999 -9999 -9999 -9999 -9999 -9999 -9999 -9999 -9999 4.10415E-1 4.16394E-1 4.19403E-1 4.23941E-1 4.22154E-1 -9999 -9999 -9999 4.72483E-1 4.78952E-1 4.88181E-1 5.08575E-1 5.09945E-1 5.33908E-1 5.33533E-1 5.47564E-1 5.35609E-1 -9999 -9999 -9999 -9999 -9999 -9999 -9999 -9999 -9999 -9999 -9999 -9999 -9999 -9999 -9999 -9999 -9999 -9999 -9999 -9999 -9999 -9999 -9999 -9999 -9999 -9999 -9999 -9999
-9999 -9999 -9999 -9999 -9999 -9999 -9999 -9999 -9999 -9999 -9999 -9999 -9999 -9999 -9999 -9999 -9999 -9999 -9999 -9999 -9999 -9999 -9999 -9999 -9999 -9999 -9999 -9999 -9999 4.38072E-1 4.39621E-1 -9999 -9999 -9999 -9999 -9999 5.02586E-1 5.04247E-1 5.17613E-1 5.26039E-1 5.27428E-1 5.41027E-1 -9999 -9999 -9999 -9999 -9999 -9999 -9999 -9999 -9999 -9999 -9999 -9999 -9999 -9999 -9999 -9999 -9999 -9999 -9999 -9999 -9999 -9999 -9999 -9999 -9999 -9999 -9999 -9999 -9999 -9999
-9999 -9999 -9999 -9999 -9999 -9999 -9999 -9999 -9999 -9999 -9999 -9999 -9999 -9999 -9999 -9999 -9999 -9999 -9999 -9999 -9999 -9999 -9999 -9999 -9999 -9999 -9999 -9999 -9999 -9999 -9999 -9999 -9999 -9999 -9999 -9999 -9999 -9999 -9999 5.26341E-1 5.22964E-1 5.3482E-1 5.31119E-1 5.74453E-1 -9999 -9999 -9999 -9999 -9999 -9999 -9999 -9999 -9999 -9999 -9999 -9999 -9999 -9999 -9999 -9999 -9999 -9999 -9999 -9999 -9999 -9999 -9999 -9999 -9999 -9999 -9999 -9999
-9999 -9999 -9999 -9999 -9999 -9999 -9999 -9999 -9999 -9999 -9999 -9999 -9999 -9999 -9999 -9999 -9999 -9999 -9999 -9999 -9999 -9999 -9999 -9999 -9999 -9999 -9999 -9999 -9999 -9999 -9999 -9999 -9999 -9999 -9999 -9999 5.18816E-1 -9999 5.23266E-1 5.31726E-1 5.40236E-1 5.38225E-1 5.53636E-1 5.84894E-1 -9999 -9999 -9999 -9999 -9999 -9999 -9999 -9999 -9999 -9999 -9999 -9999 -9999 -9999 -9999 -9999 -9999 -9999 -9999 -9999 -9999 -9999 -9999 -9999 -9999 -9999 -9999 -9999
-9999 -9999 -9999 -9999 -9999 -9999 -9999 -9999 -9999 -9999 -9999 -9999 -9999 -9999 -9999 -9999 -9999 -9999 -9999 -9999 -9999 -9999 -9999 -9999 -9999 -9999 -9999 -9999 -9999 -9999 -9999 -9999 -9999 -9999 -9999 -9999 4.8167E-1 5.05138E-1 5.57768E-1 5.28639E-1 5.42321E-1 5.68135E-1 -9999 -9999 -9999 -9999 -9999 -9999 -9999 -9999 -9999 -9999 -9999 -9999 -9999 -9999 -9999 -9999 -9999 -9999 -9999 -9999 -9999 -9999 -9999 -9999 -9999 -9999 -9999 -9999 -9999 -9999
-9999 -9999 -9999 -9999 -9999 -9999 -9999 -9999 -9999 -9999 -9999 -9999 -9999 -9999 -9999 -9999 -9999 -9999 -9999 -9999 -9999 -9999 -9999 -9999 -9999 -9999 -9999 -9999 -9999 -9999 -9999 -9999 -9999 -9999 -9999 -9999 -9999 -9999 -9999 -9999 -9999 -9999 -9999 -9999 -9999 -9999 -9999 -9999 -9999 -9999 -9999 -9999 -9999 -9999 -9999 -9999 -9999 -9999 -9999 -9999 -9999 -9999 -9999 -9999 -9999 -9999 -9999 -9999 -9999 -9999 -9999 -9999
-9999 -9999 -9999 -9999 -9999 -9999 -9999 -9999 -9999 -9999 -9999 -9999 -9999 5.1112E-1 -9999 -9999 -9999 -9999 -9999 -9999 -9999 -9999 -9999 -9999 -9999 -9999 -9999 -9999 -9999 -9999 -9999 -9999 -9999 -9999 -9999 -9999 -9999 -9999 -9999 -9999 -9999 -9999 -9999 -9999 -9999 -9999 -9999 -9999 -9999 -9999 -9999 -9999 -9999 -9999 -9999 -9999 -9999 -9999 -9999 -9999 6.50168E-1 6.41388E-1 -9999 -9999 -9999 -9999 -9999 -9999 -9999 -9999 -9999 -9999
-9999 -9999 -9999 -9999 -9999 -9999 -9999 -9999 -9999 -9999 -9999 -9999 -9999 -9999 -9999 -9999 -9999 -9999 -9999 -9999 -9999 -9999 -9999 -9999 -9999 -9999 -9999 -9999 -9999 -9999 5.3344E-1 5.2298E-1 -9999 -9999 -9999 -9999 -9999 -9999 -9999 -9999 -9999 -9999 -9999 -9999 -9999 -9999 -9999 -9999 -9999 -9999 -9999 -9999 -9999 -9999 -9999 -9999 -9999 -9999 -9999 6.24131E-1 -9999 -9999 -9999 6.14277E-1 -9999 -9999 7.09928E-1 -9999 -9999 -9999 -9999 -9999
-9999 -9999 -9999 -9999 -9999 -9999 -9999 -9999 -9999 -9999 -9999 -9999 -9999 5.64241E-1 -9999 -9999 -9999 -9999 -9999 -9999 -9999 -9999 -9999 -9999 -9999 -9999 -9999 -9999 -9999 -9999 -9999 -9999 -9999 -9999 -9999 -9999 -9999 -9999 -9999 -9999 -9999 -9999 -9999 -9999 -9999 -9999 -9999 -9999 -9999 -9999 -9999 -9999 -9999 -9999 -9999 6.24759E-1 -9999 -9999 -9999 -9999 -9999 -9999 -9999 5.88821E-1 -9999 -9999 7.04775E-1 -9999 -9999 -9999 -9999 -9999
