Artocarpus altilis SDM files/MIS19/results (without bias file)/Artalt_6.asc
ncols         1201
nrows         481
xllcorner     119.99986351115
yllcorner     -15.00013828885
cellsize      0.041666667
NODATA_value  -9999
[rows 160 to 191 of 481, columns 360 to 431 of 1201]
-9999 -9999 -9999 -9999 -9999 -9999 -9999 -9999 -9999 -9999 4.78271E-1 6.51811E-1 6.23129E-1 5.35914E-1 4.64323E-1 5.70267E-1 6.06803E-1 6.16388E-1 6.17208E-1 6.16461E-1 3.48063E-1 5.19763E-1 5.81111E-1 4.39853E-1 6.10825E-1 4.90618E-1 4.8143E-1 5.33468E-1 4.41589E-1 3.13514E-1 -9999 -9999 -9999 -9999 -9999 -9999 -9999 -9999 -9999 -9999 -9999 -9999 -9999 -9999 -9999 -9999 -9999 -9999 -9999 -9999 -9999 -9999 -9999 -9999 -9999 -9999 -9999 3.00949E-1 3.0887E-1 3.11163E-1 3.06672E-1 3.03356E-1 3.03356E-1 3.01108E-1 3.48497E-1 2.93497E-1 2.90293E-1 2.91306E-1 2.95623E-1 2.81604E-1 2.84809E-1 2.924E-1
-9999 -9999 -9999 -9999 -9999 -9999 -9999 -9999 -9999 -9999 -9999 4.35456E-1 4.15374E-1 3.93372E-1 5.06214E-1 5.87112E-1 5.88917E-1 5.27467E-1 5.57662E-1 5.75979E-1 4.62024E-1 2.78226E-1 4.0577E-1 3.51698E-1 3.88927E-1 3.17201E-1 3.40149E-1 2.39128E-1 3.14613E-1 3.73328E-1 4.1669E-1 4.89973E-1 3.25296E-1 -9999 2.85467E-1 2.72795E-1 2.71833E-1 -9999 -9999 -9999 -9999 -9999 -9999 -9999 -9999 -9999 -9999 -9999 -9999 -9999 -9999 -9999 -9999 -9999 -9999 3.07729E-1 3.05537E-1 3.02151E-1 3.57142E-1 3.49659E-1 3.48408E-1 3.43524E-1 3.44763E-1 3.43524E-1 3.36248E-1 3.30285E-1 3.32695E-1 2.92322E-1 2.90215E-1 2.87039E-1 2.85961E-1 2.85961E-1
-9999 -9999 -9999 -9999 -9999 -9999 -9999 -9999 -9999 -9999 -9999 -9999 -9999 -9999 -9999 -9999 3.09671E-1 3.06169E-1 2.97268E-1 3.86788E-1 5.48242E-1 3.4826E-1 2.3456E-1 2.14058E-1 2.41119E-1 1.97036E-1 2.02093E-1 2.33267E-1 2.10116E-1 2.3086E-1 2.15025E-1 2.00798E-1 2.68637E-1 4.12083E-1 3.99681E-1 3.54092E-1 3.38465E-1 3.91303E-1 4.75658E-1 4.83156E-1 4.40461E-1 4.29188E-1 3.39678E-1 3.20629E-1 -9999 -9999 -9999 -9999 -9999 -9999 -9999 -9999 -9999 3.03276E-1 3.42289E-1 3.42289E-1 3.44763E-1 3.36161E-1 3.3738E-1 3.36161E-1 3.31403E-1 3.31403E-1 3.31403E-1 3.27887E-1 3.27887E-1 3.23216E-1 3.244E-1 3.36248E-1 3.33905E-1 3.3869E-1 3.38777E-1 3.38777E-1
-9999 -9999 -9999 -9999 -9999 -9999 -9999 -9999 -9999 -9999 -9999 -9999 -9999 -9999 -9999 -9999 -9999 -9999 3.45366E-1 3.34322E-1 3.20085E-1 3.08667E-1 5.19276E-1 3.10399E-1 2.25605E-1 2.82572E-1 2.17985E-1 2.51983E-1 1.77849E-1 1.53673E-1 1.88622E-1 2.00092E-1 1.93069E-1 1.62323E-1 1.39985E-1 1.73578E-1 1.77969E-1 1.70911E-1 1.84443E-1 2.43027E-1 2.64383E-1 2.67271E-1 3.40515E-1 3.84344E-1 3.69418E-1 3.45204E-1 -9999 -9999 -9999 -9999 3.44763E-1 3.48497E-1 3.43524E-1 3.42289E-1 3.43524E-1 3.43524E-1 3.68955E-1 3.31403E-1 3.33819E-1 3.27887E-1 3.25588E-1 3.5756E-1 3.58834E-1 3.5765E-1 3.233E-1 3.26778E-1 3.24484E-1 3.2917E-1 3.32695E-1 3.23216E-1 3.27887E-1 3.71656E-1
-9999 -9999 -9999 -9999 -9999 -9999 -9999 -9999 -9999 -9999 -9999 -9999 -9999 -9999 -9999 -9999 -9999 -9999 -9999 4.25948E-1 -9999 -9999 3.04123E-1 3.3755E-1 4.41588E-1 4.68125E-1 3.97675E-1 2.74717E-1 1.87072E-1 1.68931E-1 1.84009E-1 2.36937E-1 3.12633E-1 1.99849E-1 1.68749E-1 1.72906E-1 1.6423E-1 2.00226E-1 1.62068E-1 1.69699E-1 1.97861E-1 3.46647E-1 3.60214E-1 3.69123E-1 3.4992E-1 3.34898E-1 2.81756E-1 2.84886E-1 3.47338E-1 -9999 3.35205E-1 3.40003E-1 3.75497E-1 3.7035E-1 3.76815E-1 3.5756E-1 3.52584E-1 3.6002E-1 3.67749E-1 3.25503E-1 3.20773E-1 3.17259E-1 3.17259E-1 3.31488E-1 3.437E-1 3.437E-1 3.37641E-1 3.62858E-1 3.45028E-1 3.34077E-1 3.36421E-1 3.7946E-1
-9999 -9999 -9999 -9999 -9999 -9999 -9999 -9999 -9999 -9999 -9999 -9999 -9999 -9999 -9999 -9999 -9999 -9999 -9999 2.75862E-1 -9999 -9999 -9999 -9999 -9999 3.11541E-1 3.08263E-1 4.38322E-1 4.34236E-1 3.52213E-1 2.34474E-1 3.82092E-1 3.51724E-1 3.56463E-1 3.77846E-1 3.76342E-1 3.88939E-1 3.75974E-1 2.78891E-1 3.28104E-1 3.51513E-1 3.42236E-1 -9999 -9999 -9999 -9999 3.54071E-1 3.68165E-1 3.61109E-1 3.34164E-1 3.54026E-1 3.37554E-1 3.65252E-1 3.56515E-1 3.48721E-1 3.46236E-1 3.47481E-1 3.67656E-1 3.66361E-1 3.75404E-1 3.8326E-1 3.8326E-1 3.7531E-1 3.38429E-1 3.75404E-1 3.36248E-1 3.25503E-1 3.24484E-1 3.29255E-1 3.42553E-1 3.49927E-1 3.70443E-1
-9999 -9999 -9999 -9999 -9999 -9999 -9999 -9999 -9999 -9999 -9999 -9999 -9999 -9999 -9999 -9999 -9999 -9999 -9999 3.26166E-1 -9999 -9999 -9999 -9999 -9999 -9999 -9999 -9999 2.78622E-1 3.28356E-1 3.69838E-1 2.75326E-1 3.18559E-1 3.01685E-1 3.55347E-1 3.42836E-1 3.76064E-1 2.947E-1 -9999 -9999 -9999 -9999 -9999 -9999 -9999 -9999 -9999 -9999 -9999 -9999 3.44019E-1 3.42782E-1 3.5016E-1 3.52584E-1 3.55246E-1 3.6162E-1 3.57786E-1 3.53802E-1 3.6539E-1 3.62721E-1 3.33163E-1 3.33809E-1 3.37457E-1 3.50642E-1 3.33804E-1 3.32595E-1 3.49042E-1 3.53846E-1 3.613E-1 3.28999E-1 3.70257E-1 3.41057E-1
-9999 -9999 -9999 -9999 -9999 -9999 -9999 -9999 -9999 -9999 -9999 -9999 -9999 -9999 -9999 -9999 -9999 -9999 -9999 -9999 -9999 -9999 -9999 -9999 -9999 -9999 -9999 -9999 -9999 -9999 2.79678E-1 3.25637E-1 3.619E-1 3.03622E-1 -9999 -9999 -9999 -9999 -9999 -9999 -9999 -9999 -9999 -9999 -9999 -9999 -9999 -9999 -9999 -9999 -9999 3.55201E-1 3.51415E-1 3.42782E-1 3.6162E-1 3.59061E-1 3.62904E-1 3.62813E-1 3.66776E-1 3.60339E-1 3.46546E-1 3.3979E-1 3.55337E-1 3.40363E-1 3.43486E-1 3.6043E-1 3.59152E-1 3.68072E-1 3.80929E-1 3.87516E-1 3.84491E-1 3.78213E-1
-9999 -9999 -9999 -9999 -9999 -9999 -9999 -9999 -9999 -9999 -9999 -9999 -9999 -9999 -9999 -9999 -9999 -9999 -9999 -9999 -9999 -9999 -9999 -9999 -9999 -9999 -9999 -9999 -9999 -9999 -9999 3.16388E-1 3.11758E-1 3.08319E-1 -9999 -9999 -9999 -9999 -9999 -9999 -9999 -9999 -9999 -9999 -9999 -9999 -9999 -9999 -9999 -9999 -9999 -9999 3.47659E-1 3.52719E-1 3.6043E-1 3.57877E-1 3.50294E-1 3.45303E-1 3.50205E-1 3.53981E-1 3.52719E-1 3.53981E-1 3.5155E-1 3.49042E-1 3.54071E-1 3.47211E-1 3.59152E-1 3.6928E-1 3.71796E-1 3.75394E-1 3.62842E-1 3.41841E-1
-9999 -9999 -9999 -9999 -9999 -9999 -9999 -9999 -9999 -9999 -9999 -9999 -9999 -9999 -9999 -9999 -9999 -9999 -9999 -9999 -9999 -9999 -9999 -9999 -9999 -9999 -9999 -9999 -9999 -9999 -9999 -9999 -9999 -9999 -9999 -9999 -9999 -9999 -9999 -9999 -9999 -9999 -9999 -9999 -9999 -9999 -9999 -9999 -9999 -9999 -9999 -9999 3.38521E-1 3.54746E-1 3.4971E-1 3.32172E-1 3.41019E-1 3.49042E-1 3.56189E-1 3.57369E-1 3.58643E-1 3.53657E-1 3.52396E-1 3.53657E-1 3.48721E-1 3.4193E-1 3.55337E-1 3.60339E-1 3.66351E-1 3.60277E-1 3.21816E-1 3.46885E-1
-9999 -9999 -9999 -9999 -9999 -9999 -9999 -9999 -9999 -9999 -9999 -9999 -9999 -9999 -9999 -9999 -9999 -9999 -9999 -9999 -9999 -9999 -9999 -9999 -9999 -9999 -9999 -9999 -9999 -9999 -9999 -9999 -9999 -9999 -9999 -9999 -9999 -9999 -9999 -9999 -9999 -9999 -9999 -9999 -9999 -9999 -9999 -9999 3.39825E-1 -9999 -9999 -9999 3.54746E-1 3.50964E-1 3.39471E-1 3.40699E-1 3.41935E-1 3.52486E-1 3.41621E-1 3.36806E-1 3.20973E-1 3.33809E-1 3.36806E-1 3.32599E-1 3.33804E-1 3.45643E-1 3.49389E-1 3.59061E-1 3.67647E-1 3.62842E-1 3.25283E-1 3.26558E-1
-9999 -9999 -9999 -9999 -9999 -9999 -9999 -9999 -9999 -9999 -9999 -9999 -9999 -9999 -9999 -9999 -9999 -9999 -9999 -9999 -9999 -9999 -9999 -9999 -9999 -9999 -9999 -9999 -9999 -9999 -9999 -9999 -9999 -9999 -9999 -9999 -9999 -9999 -9999 -9999 -9999 -9999 -9999 -9999 -9999 -9999 3.44977E-1 3.43566E-1 3.53563E-1 3.4233E-1 3.43566E-1 3.40783E-1 3.43566E-1 3.47206E-1 3.34674E-1 3.39555E-1 3.37108E-1 3.40699E-1 3.24298E-1 3.22097E-1 3.14046E-1 3.10748E-1 3.11737E-1 3.32599E-1 3.31393E-1 3.3868E-1 3.61382E-1 3.65059E-1 3.60277E-1 3.50457E-1 3.03195E-1 3.07655E-1
-9999 -9999 -9999 -9999 -9999 -9999 -9999 -9999 -9999 -9999 -9999 -9999 -9999 -9999 -9999 -9999 -9999 -9999 -9999 -9999 -9999 -9999 -9999 -9999 -9999 -9999 -9999 -9999 -9999 -9999 -9999 -9999 -9999 -9999 -9999 -9999 -9999 -9999 -9999 -9999 -9999 -9999 -9999 -9999 -9999 -9999 3.4515E-1 3.37448E-1 3.38671E-1 3.35013E-1 3.31384E-1 3.338E-1 3.34844E-1 3.36059E-1 3.37278E-1 3.36059E-1 3.39555E-1 3.40699E-1 3.40704E-1 3.34374E-1 3.21522E-1 3.22151E-1 3.26261E-1 3.3217E-1 3.38158E-1 3.41841E-1 3.22913E-1 3.11947E-1 3.33379E-1 3.03195E-1 2.77747E-1 2.95662E-1
-9999 -9999 -9999 -9999 -9999 -9999 -9999 -9999 -9999 -9999 -9999 -9999 -9999 -9999 -9999 -9999 -9999 -9999 -9999 -9999 -9999 -9999 -9999 -9999 -9999 -9999 -9999 -9999 -9999 -9999 -9999 -9999 -9999 3.8463E-1 3.63028E-1 3.67023E-1 3.60755E-1 -9999 -9999 -9999 -9999 -9999 3.70608E-1 3.45178E-1 3.43766E-1 3.37619E-1 3.36399E-1 3.37619E-1 3.36399E-1 3.36399E-1 3.338E-1 3.3259E-1 3.39726E-1 3.42186E-1 3.27869E-1 3.29066E-1 3.44406E-1 3.34374E-1 3.41621E-1 3.32084E-1 3.22829E-1 2.89525E-1 2.79445E-1 2.66366E-1 3.01997E-1 2.85776E-1 2.91197E-1 2.76727E-1 2.82011E-1 2.92393E-1 2.97911E-1 2.91571E-1
-9999 -9999 -9999 -9999 -9999 -9999 -9999 -9999 -9999 -9999 -9999 -9999 -9999 -9999 -9999 -9999 -9999 -9999 -9999 -9999 -9999 -9999 -9999 -9999 -9999 -9999 -9999 -9999 -9999 3.45433E-1 3.61535E-1 -9999 3.79526E-1 3.65091E-1 3.68949E-1 3.68581E-1 3.58266E-1 3.58608E-1 3.60986E-1 3.64664E-1 3.56803E-1 3.4816E-1 3.48741E-1 3.40239E-1 3.43938E-1 3.40239E-1 3.36569E-1 3.44832E-1 3.42358E-1 3.31638E-1 3.24463E-1 3.29066E-1 3.18622E-1 3.17454E-1 3.18622E-1 3.23333E-1 3.10801E-1 3.02521E-1 2.97529E-1 2.95311E-1 2.7049E-1 2.55914E-1 2.77484E-1 2.84698E-1 2.93821E-1 2.37982E-1 2.01275E-1 2.50304E-1 2.95694E-1 2.95848E-1 3.30567E-1 3.01151E-1
-9999 -9999 -9999 -9999 -9999 -9999 -9999 -9999 -9999 -9999 -9999 -9999 -9999 -9999 -9999 -9999 -9999 -9999 -9999 -9999 -9999 -9999 -9999 -9999 -9999 -9999 -9999 -9999 -9999 -9999 -9999 3.69699E-1 3.61411E-1 3.60909E-1 3.77308E-1 3.66168E-1 3.63385E-1 3.63734E-1 3.60986E-1 3.6209E-1 3.52682E-1 3.47666E-1 3.47492E-1 3.54856E-1 3.34394E-1 3.2837E-1 3.27341E-1 3.30602E-1 3.14369E-1 2.84029E-1 2.90391E-1 2.92424E-1 2.96678E-1 2.78567E-1 2.47445E-1 2.84983E-1 2.93369E-1 2.56763E-1 2.17507E-1 2.44823E-1 2.70634E-1 2.98642E-1 3.06966E-1 2.9394E-1 2.74134E-1 2.04849E-1 1.95131E-1 2.9944E-1 2.94483E-1 2.86146E-1 3.12346E-1 2.78218E-1
-9999 -9999 -9999 -9999 -9999 -9999 -9999 -9999 -9999 -9999 -9999 -9999 -9999 -9999 -9999 -9999 -9999 -9999 -9999 -9999 -9999 -9999 -9999 -9999 -9999 -9999 -9999 -9999 -9999 -9999 -9999 3.64374E-1 3.6289E-1 3.58856E-1 3.5803E-1 3.6023E-1 3.6527E-1 3.49456E-1 3.53033E-1 3.39613E-1 3.30146E-1 2.75256E-1 3.10527E-1 3.20365E-1 2.78088E-1 3.04671E-1 2.73135E-1 3.1024E-1 3.00017E-1 2.76904E-1 2.74666E-1 2.96524E-1 2.86027E-1 2.91178E-1 2.8388E-1 2.97633E-1 2.86654E-1 2.83731E-1 2.81894E-1 2.84952E-1 2.97525E-1 2.4336E-1 2.09625E-1 1.84278E-1 1.57159E-1 1.7027E-1 1.7944E-1 2.38647E-1 1.92644E-1 2.15864E-1 3.15657E-1 3.2489E-1
-9999 -9999 -9999 -9999 -9999 -9999 -9999 -9999 -9999 -9999 -9999 -9999 -9999 -9999 -9999 -9999 -9999 -9999 -9999 -9999 -9999 -9999 -9999 -9999 -9999 -9999 -9999 -9999 -9999 -9999 -9999 3.51351E-1 3.64018E-1 3.67709E-1 3.62671E-1 3.56273E-1 3.41362E-1 3.31458E-1 3.34059E-1 3.28426E-1 3.28836E-1 2.94102E-1 2.30004E-1 2.81392E-1 2.60879E-1 2.55313E-1 2.80948E-1 2.6855E-1 2.61429E-1 2.60568E-1 2.96416E-1 2.53758E-1 2.40892E-1 2.77631E-1 2.68407E-1 2.46461E-1 2.47417E-1 2.31151E-1 2.35583E-1 2.4293E-1 2.82811E-1 2.81714E-1 2.04849E-1 1.79562E-1 1.67823E-1 1.49695E-1 1.50161E-1 1.56843E-1 1.55895E-1 1.50725E-1 2.38301E-1 3.10226E-1
-9999 -9999 -9999 -9999 -9999 -9999 -9999 -9999 -9999 -9999 -9999 -9999 -9999 -9999 -9999 -9999 -9999 -9999 -9999 -9999 -9999 -9999 -9999 -9999 -9999 -9999 -9999 -9999 -9999 -9999 -9999 3.64879E-1 3.57482E-1 3.4504E-1 3.44843E-1 3.45426E-1 3.06378E-1 3.24727E-1 3.15033E-1 2.86891E-1 2.51602E-1 3.03824E-1 2.50677E-1 2.57118E-1 2.3969E-1 1.37675E-1 2.33066E-1 1.51369E-1 1.31228E-1 1.44E-1 1.69217E-1 1.63855E-1 1.51358E-1 1.8667E-1 1.87551E-1 2.25874E-1 2.50169E-1 2.45508E-1 2.49473E-1 2.73739E-1 2.64449E-1 2.3794E-1 2.0802E-1 1.85771E-1 1.6529E-1 1.49363E-1 1.58604E-1 1.62867E-1 1.47517E-1 1.47695E-1 1.53043E-1 1.81712E-1
-9999 -9999 -9999 -9999 -9999 -9999 -9999 -9999 -9999 -9999 -9999 -9999 -9999 -9999 -9999 -9999 -9999 -9999 -9999 -9999 -9999 -9999 -9999 -9999 -9999 -9999 -9999 -9999 -9999 -9999 3.67148E-1 3.59768E-1 3.64687E-1 3.47199E-1 3.60569E-1 3.26124E-1 2.62086E-1 3.0164E-1 2.66532E-1 2.61664E-1 2.44361E-1 2.33298E-1 2.04205E-1 1.8753E-1 1.37019E-1 1.23214E-1 1.77694E-1 2.15626E-1 1.6072E-1 1.6462E-1 1.32846E-1 1.58646E-1 1.44454E-1 1.42246E-1 1.58106E-1 1.94133E-1 2.10537E-1 2.28148E-1 2.28273E-1 2.1894E-1 2.46272E-1 2.17073E-1 2.21342E-1 1.83535E-1 1.64264E-1 1.59566E-1 1.49505E-1 1.43387E-1 1.39745E-1 1.40553E-1 1.49091E-1 1.48477E-1
-9999 -9999 -9999 -9999 -9999 -9999 -9999 -9999 -9999 -9999 -9999 -9999 -9999 -9999 -9999 -9999 -9999 -9999 -9999 -9999 -9999 -9999 -9999 -9999 -9999 -9999 -9999 -9999 -9999 -9999 3.63629E-1 3.45612E-1 3.49267E-1 3.19264E-1 3.06696E-1 2.76134E-1 2.82947E-1 2.8051E-1 2.24207E-1 2.18925E-1 1.83774E-1 1.32885E-1 1.35932E-1 1.43125E-1 1.36806E-1 1.23018E-1 1.27708E-1 1.66554E-1 1.4166E-1 1.52336E-1 1.51592E-1 1.34587E-1 1.16907E-1 1.31973E-1 1.45367E-1 1.50345E-1 1.73105E-1 1.39326E-1 1.4797E-1 1.43917E-1 1.98609E-1 1.60936E-1 1.56169E-1 1.45847E-1 1.55923E-1 1.47666E-1 1.45413E-1 1.461E-1 1.4475E-1 1.39473E-1 1.49005E-1 1.51722E-1
-9999 -9999 -9999 -9999 -9999 -9999 -9999 -9999 -9999 -9999 -9999 -9999 -9999 -9999 -9999 -9999 -9999 -9999 -9999 -9999 -9999 -9999 -9999 -9999 -9999 -9999 -9999 -9999 -9999 -9999 3.56932E-1 3.42341E-1 2.92167E-1 2.63154E-1 2.9002E-1 2.71567E-1 2.60496E-1 2.51119E-1 1.87004E-1 1.34528E-1 1.63445E-1 1.79667E-1 1.76602E-1 1.35608E-1 1.23337E-1 1.41903E-1 1.3862E-1 1.23935E-1 1.20614E-1 1.37288E-1 1.38132E-1 1.31749E-1 1.10235E-1 1.2783E-1 1.31213E-1 1.36667E-1 1.52127E-1 1.41261E-1 1.25427E-1 1.42336E-1 1.69695E-1 1.40883E-1 1.36867E-1 1.26604E-1 1.35527E-1 1.35259E-1 1.30148E-1 1.4342E-1 1.39748E-1 1.44098E-1 1.43129E-1 1.47801E-1
-9999 -9999 -9999 -9999 -9999 -9999 -9999 -9999 -9999 -9999 -9999 -9999 -9999 -9999 -9999 -9999 -9999 -9999 -9999 -9999 -9999 -9999 -9999 -9999 -9999 -9999 -9999 -9999 -9999 3.71266E-1 3.43158E-1 3.26903E-1 2.93149E-1 2.69111E-1 2.44461E-1 2.33687E-1 1.98439E-1 1.79893E-1 2.1054E-1 1.67769E-1 1.35374E-1 1.35505E-1 1.58E-1 1.28343E-1 1.23256E-1 1.29717E-1 1.40867E-1 1.4156E-1 1.33704E-1 1.16182E-1 1.41667E-1 1.18797E-1 1.2228E-1 1.29865E-1 1.20714E-1 1.31374E-1 1.26462E-1 1.19463E-1 1.294E-1 1.35484E-1 1.66459E-1 1.4325E-1 1.30358E-1 1.32975E-1 1.32894E-1 1.34992E-1 1.33245E-1 1.42039E-1 1.31609E-1 1.3598E-1 1.37332E-1 1.4139E-1
-9999 -9999 -9999 -9999 -9999 -9999 -9999 -9999 -9999 -9999 -9999 -9999 -9999 -9999 -9999 -9999 -9999 -9999 -9999 -9999 -9999 -9999 -9999 -9999 -9999 -9999 -9999 -9999 -9999 3.53477E-1 3.3066E-1 3.27176E-1 3.09062E-1 2.7782E-1 2.45994E-1 1.73266E-1 1.26929E-1 2.08896E-1 1.53823E-1 1.38373E-1 1.31087E-1 1.3991E-1 1.463E-1 1.38151E-1 1.29926E-1 1.2984E-1 1.3159E-1 1.32055E-1 1.30051E-1 1.20956E-1 1.31167E-1 1.08069E-1 1.0099E-1 1.28546E-1 1.32084E-1 1.33881E-1 1.18749E-1 1.21178E-1 1.28886E-1 1.33402E-1 1.3449E-1 1.20821E-1 1.31189E-1 1.30706E-1 1.40867E-1 1.273E-1 1.38931E-1 1.50071E-1 1.31029E-1 1.40752E-1 1.41418E-1 1.40024E-1
-9999 -9999 -9999 -9999 -9999 -9999 -9999 -9999 -9999 -9999 -9999 -9999 -9999 -9999 -9999 -9999 -9999 -9999 -9999 -9999 -9999 -9999 -9999 -9999 -9999 -9999 3.75898E-1 3.65163E-1 3.35118E-1 3.30092E-1 3.04623E-1 3.09395E-1 3.17713E-1 2.97492E-1 2.26153E-1 1.84034E-1 1.53104E-1 1.31511E-1 1.64308E-1 1.27949E-1 1.25741E-1 1.20434E-1 1.23084E-1 1.22355E-1 1.27937E-1 1.11657E-1 1.29452E-1 1.29383E-1 1.17719E-1 1.04572E-1 1.07694E-1 1.09469E-1 1.1245E-1 1.07853E-1 1.30727E-1 1.21513E-1 1.29631E-1 1.30468E-1 1.21403E-1 1.34466E-1 1.24952E-1 1.2179E-1 1.38002E-1 1.22549E-1 1.33685E-1 1.42212E-1 1.3508E-1 1.44218E-1 1.4092E-1 1.55497E-1 1.61841E-1 1.56798E-1
-9999 -9999 -9999 -9999 -9999 -9999 -9999 -9999 -9999 -9999 -9999 -9999 -9999 -9999 -9999 -9999 -9999 -9999 -9999 -9999 -9999 -9999 -9999 -9999 3.69024E-1 3.67969E-1 3.4712E-1 3.36331E-1 2.9684E-1 3.43884E-1 3.26926E-1 3.0306E-1 2.69964E-1 2.80051E-1 2.60266E-1 2.07631E-1 1.50247E-1 1.34487E-1 1.84199E-1 1.27441E-1 1.04253E-1 1.31769E-1 1.02038E-1 1.21046E-1 1.1568E-1 6.88418E-2 1.20664E-1 1.15269E-1 1.11174E-1 1.11057E-1 1.23269E-1 1.24969E-1 1.31063E-1 1.27715E-1 1.34122E-1 1.30963E-1 1.32051E-1 1.34286E-1 1.2995E-1 1.4079E-1 1.30084E-1 1.28875E-1 1.40401E-1 1.36976E-1 1.26386E-1 1.34178E-1 1.37371E-1 1.41562E-1 1.68416E-1 1.692E-1 1.59124E-1 1.86757E-1
-9999 -9999 -9999 -9999 -9999 -9999 -9999 -9999 -9999 -9999 -9999 -9999 -9999 -9999 -9999 -9999 -9999 -9999 -9999 -9999 -9999 -9999 -9999 3.8563E-1 3.50491E-1 3.50132E-1 3.2735E-1 3.21821E-1 3.30991E-1 3.50963E-1 3.50503E-1 3.06157E-1 2.81177E-1 2.87965E-1 2.59519E-1 2.0899E-1 1.09405E-1 1.91063E-1 2.19087E-1 1.66323E-1 7.81237E-2 1.63703E-1 1.28983E-1 1.20938E-1 1.07722E-1 1.01932E-1 1.19304E-1 9.74305E-2 7.1299E-2 1.26487E-1 1.3113E-1 1.28763E-1 1.02969E-1 1.2866E-1 1.43862E-1 1.27353E-1 1.37487E-1 1.45742E-1 1.32863E-1 1.44541E-1 1.43945E-1 1.40289E-1 1.47559E-1 1.46951E-1 1.32484E-1 1.35824E-1 1.67048E-1 1.82289E-1 1.82392E-1 2.09108E-1 1.91343E-1 1.87638E-1
-9999 -9999 -9999 -9999 -9999 -9999 -9999 -9999 -9999 -9999 -9999 -9999 -9999 -9999 -9999 -9999 -9999 -9999 -9999 -9999 -9999 -9999 3.86509E-1 3.78356E-1 3.86268E-1 3.51403E-1 3.57319E-1 3.70039E-1 3.54769E-1 3.57939E-1 3.15791E-1 3.06315E-1 2.9633E-1 2.53577E-1 1.93008E-1 1.94819E-1 1.87693E-1 1.6269E-1 2.09087E-1 2.08982E-1 1.76863E-1 1.50716E-1 1.57476E-1 7.77245E-2 1.04711E-1 7.75674E-2 1.08166E-1 5.55844E-2 1.16055E-1 1.26709E-1 1.35603E-1 1.44763E-1 1.48017E-1 1.38336E-1 1.75152E-1 1.98549E-1 1.61312E-1 1.33208E-1 1.71009E-1 1.45513E-1 1.71706E-1 1.42921E-1 1.31263E-1 1.71106E-1 1.52672E-1 1.45234E-1 1.12747E-1 1.3453E-1 1.62597E-1 1.83233E-1 1.98175E-1 2.06695E-1
-9999 -9999 -9999 -9999 -9999 -9999 -9999 -9999 -9999 -9999 -9999 -9999 -9999 -9999 -9999 -9999 -9999 -9999 -9999 -9999 -9999 -9999 3.87358E-1 3.89055E-1 3.84319E-1 3.52934E-1 3.76593E-1 3.62472E-1 3.62799E-1 3.37835E-1 3.27389E-1 3.25636E-1 2.99399E-1 2.82513E-1 2.11853E-1 2.17759E-1 2.60973E-1 2.37091E-1 2.50211E-1 1.72386E-1 1.88634E-1 1.64948E-1 1.72016E-1 1.53508E-1 1.09088E-1 8.4395E-2 1.07625E-1 6.0937E-2 1.27401E-1 1.38524E-1 1.04983E-1 1.50461E-1 1.84325E-1 1.69048E-1 1.61783E-1 1.72426E-1 1.41268E-1 1.17954E-1 1.56462E-1 1.38787E-1 1.49496E-1 1.62616E-1 1.49198E-1 1.86027E-1 2.03589E-1 2.05218E-1 1.92904E-1 1.93487E-1 2.06635E-1 2.35689E-1 2.53359E-1 2.58419E-1
-9999 -9999 -9999 -9999 -9999 -9999 -9999 -9999 -9999 -9999 -9999 -9999 -9999 -9999 -9999 -9999 -9999 -9999 -9999 -9999 -9999 3.96824E-1 4.01469E-1 4.00239E-1 3.79169E-1 3.75175E-1 3.82198E-1 3.56561E-1 3.40156E-1 3.24751E-1 3.30538E-1 3.23512E-1 3.19838E-1 2.97282E-1 2.95597E-1 2.89114E-1 2.58462E-1 1.60751E-1 1.77022E-1 2.37664E-1 1.93022E-1 1.96691E-1 1.73157E-1 1.68972E-1 1.74278E-1 1.62267E-1 1.35987E-1 7.86819E-2 1.29224E-1 1.36751E-1 1.60448E-1 1.44649E-1 1.53709E-1 1.881E-1 1.83611E-1 1.85394E-1 1.92711E-1 1.62663E-1 1.54786E-1 1.868E-1 1.65172E-1 1.89628E-1 1.56541E-1 1.91557E-1 1.89749E-1 2.09499E-1 2.44932E-1 2.66063E-1 2.76122E-1 2.79278E-1 2.81397E-1 2.97425E-1
-9999 -9999 -9999 -9999 -9999 -9999 -9999 -9999 -9999 -9999 -9999 -9999 -9999 -9999 -9999 -9999 4.5484E-1 4.56854E-1 -9999 -9999 -9999 3.98877E-1 3.92226E-1 3.87657E-1 3.84118E-1 3.85413E-1 3.7713E-1 3.60377E-1 3.40148E-1 3.30553E-1 3.22947E-1 3.2753E-1 3.25427E-1 3.25404E-1 3.02421E-1 2.75682E-1 2.23234E-1 8.54506E-2 1.82906E-1 2.10267E-1 1.50162E-1 1.78038E-1 1.7131E-1 1.68617E-1 1.40321E-1 1.57353E-1 1.33207E-1 1.0719E-1 1.3402E-1 1.43815E-1 1.77196E-1 1.70521E-1 1.96974E-1 2.1897E-1 2.31935E-1 2.29477E-1 2.30378E-1 2.32188E-1 2.45778E-1 2.40249E-1 2.49612E-1 2.4496E-1 2.36766E-1 2.49612E-1 2.63169E-1 2.63169E-1 2.66063E-1 2.78223E-1 2.96316E-1 2.94109E-1 3.02735E-1 3.09387E-1
-9999 -9999 -9999 -9999 -9999 -9999 -9999 -9999 -9999 -9999 -9999 -9999 -9999 -9999 -9999 -9999 4.39669E-1 4.37461E-1 4.1903E-1 4.52347E-1 -9999 -9999 3.97992E-1 3.94898E-1 3.91484E-1 3.85063E-1 3.78098E-1 3.69241E-1 3.33439E-1 3.35382E-1 3.37181E-1 3.33828E-1 3.20684E-1 3.36025E-1 3.17385E-1 2.81031E-1 2.43768E-1 1.68314E-1 1.62861E-1 1.56645E-1 1.5354E-1 1.3954E-1 1.76858E-1 1.33667E-1 1.466E-1 1.37016E-1 8.32846E-2 1.27255E-1 1.30474E-1 1.64882E-1 1.90286E-1 2.292E-1 2.36509E-1 2.43748E-1 2.45778E-1 2.56194E-1 2.56194E-1 2.40249E-1 2.41185E-1 2.57181E-1 2.53388E-1 2.58309E-1 2.58309E-1 2.72103E-1 2.76268E-1 2.77317E-1 2.7837E-1 2.95211E-1 2.90821E-1 3.15149E-1 3.24241E-1 3.35041E-1
