Artocarpus altilis SDM files/MIS19/results (without bias file)/Artalt_min.asc
ncols         1201
nrows         481
xllcorner     119.99986351115
yllcorner     -15.00013828885
cellsize      0.041666667
NODATA_value  -9999
[rows 448 to 479 of 481, columns 144 to 215 of 1201]
-9999 -9999 -9999 -9999 -9999 -9999 -9999 -9999 -9999 -9999 -9999 -9999 -9999 -9999 -9999 -9999 -9999 -9999 -9999 -9999 -9999 -9999 -9999 -9999 -9999 -9999 -9999 -9999 -9999 -9999 -9999 -9999 -9999 -9999 -9999 -9999 -9999 -9999 -9999 -9999 -9999 -9999 -9999 -9999 -9999 -9999 -9999 -9999 -9999 -9999 -9999 -9999 -9999 -9999 -9999 -9999 -9999 -9999 -9999 -9999 -9999 -9999 -9999 -9999 -9999 -9999 -9999 -9999 -9999 -9999 -9999 -9999
-9999 -9999 -9999 -9999 -9999 -9999 -9999 -9999 -9999 -9999 -9999 -9999 -9999 -9999 -9999 -9999 -9999 -9999 -9999 -9999 -9999 3.41321E-2 -9999 -9999 -9999 -9999 -9999 -9999 -9999 -9999 -9999 -9999 -9999 -9999 -9999 -9999 -9999 -9999 -9999 -9999 -9999 -9999 -9999 -9999 -9999 -9999 -9999 -9999 -9999 -9999 -9999 -9999 -9999 -9999 -9999 -9999 -9999 -9999 -9999 -9999 -9999 -9999 -9999 -9999 -9999 -9999 -9999 -9999 -9999 -9999 -9999 -9999
-9999 -9999 -9999 5.12469E-2 -9999 -9999 -9999 -9999 4.04434E-2 -9999 -9999 -9999 -9999 -9999 -9999 -9999 -9999 -9999 -9999 3.43279E-2 3.29988E-2 3.37502E-2 3.33086E-2 3.21349E-2 -9999 -9999 -9999 -9999 -9999 -9999 -9999 -9999 -9999 -9999 -9999 -9999 -9999 -9999 -9999 -9999 -9999 -9999 -9999 -9999 -9999 -9999 -9999 -9999 -9999 -9999 -9999 -9999 -9999 -9999 -9999 -9999 -9999 -9999 -9999 -9999 -9999 -9999 -9999 -9999 -9999 -9999 -9999 -9999 -9999 -9999 -9999 -9999
-9999 -9999 -9999 5.0373E-2 -9999 -9999 -9999 -9999 3.98103E-2 -9999 -9999 -9999 -9999 -9999 -9999 -9999 -9999 3.26479E-2 3.1521E-2 3.16294E-2 3.25916E-2 4.46765E-2 3.98436E-2 4.10035E-2 2.15017E-2 -9999 -9999 -9999 -9999 -9999 -9999 -9999 -9999 -9999 -9999 -9999 -9999 -9999 -9999 -9999 -9999 -9999 -9999 -9999 -9999 -9999 -9999 -9999 -9999 -9999 -9999 -9999 -9999 -9999 -9999 -9999 -9999 -9999 -9999 -9999 -9999 -9999 -9999 -9999 -9999 -9999 -9999 -9999 -9999 -9999 -9999 -9999
-9999 -9999 -9999 -9999 -9999 -9999 -9999 -9999 -9999 -9999 -9999 -9999 -9999 -9999 3.37311E-2 -9999 -9999 3.03455E-2 4.82111E-2 4.57209E-2 3.96014E-2 3.96164E-2 5.20852E-2 3.43645E-2 2.74463E-2 1.94396E-2 -9999 -9999 -9999 -9999 2.10884E-2 2.08549E-2 -9999 -9999 -9999 -9999 -9999 -9999 -9999 -9999 -9999 -9999 -9999 -9999 -9999 -9999 -9999 -9999 -9999 -9999 -9999 -9999 -9999 -9999 -9999 -9999 -9999 -9999 -9999 -9999 -9999 -9999 -9999 -9999 -9999 -9999 -9999 -9999 -9999 -9999 -9999 -9999
-9999 -9999 -9999 -9999 -9999 -9999 -9999 3.58331E-2 -9999 -9999 -9999 -9999 3.26292E-2 3.11384E-2 3.2835E-2 2.82949E-2 -9999 -9999 4.64878E-2 6.43455E-2 5.75812E-2 5.39556E-2 4.80538E-2 3.66767E-2 3.98941E-2 2.68841E-2 -9999 -9999 -9999 -9999 2.09231E-2 2.08669E-2 -9999 -9999 -9999 -9999 -9999 -9999 -9999 -9999 -9999 -9999 -9999 -9999 -9999 -9999 -9999 -9999 -9999 -9999 -9999 -9999 -9999 -9999 -9999 -9999 -9999 -9999 -9999 -9999 -9999 -9999 -9999 -9999 -9999 -9999 -9999 -9999 -9999 -9999 -9999 -9999
4.48944E-2 5.07049E-2 6.17531E-2 3.45465E-2 -9999 -9999 -9999 3.32398E-2 -9999 -9999 -9999 -9999 4.56524E-2 2.7674E-2 4.09796E-2 2.59006E-2 -9999 -9999 2.42016E-2 3.96889E-2 7.51795E-2 1.02896E-1 4.58992E-2 3.27186E-2 6.5808E-2 3.01338E-2 1.83247E-2 1.41136E-2 1.67705E-2 3.32282E-2 2.6796E-2 1.63341E-2 2.67806E-2 -9999 -9999 -9999 -9999 -9999 -9999 -9999 -9999 -9999 -9999 -9999 -9999 -9999 -9999 -9999 -9999 -9999 -9999 -9999 -9999 -9999 -9999 -9999 -9999 -9999 -9999 -9999 -9999 -9999 -9999 -9999 -9999 -9999 -9999 -9999 -9999 -9999 -9999 -9999
7.21308E-2 7.68543E-2 8.65438E-2 4.70788E-2 6.32643E-2 -9999 4.66159E-2 2.99948E-2 -9999 -9999 2.63812E-2 2.47367E-2 2.69316E-2 2.40355E-2 2.36923E-2 -9999 2.35336E-2 2.10071E-2 -9999 1.97965E-2 3.10752E-2 6.40515E-2 2.70838E-2 3.95446E-2 8.46655E-2 4.2335E-2 2.17061E-2 2.02181E-2 3.11156E-2 5.90555E-2 6.94654E-2 1.5097E-2 5.16397E-2 2.21949E-2 9.17774E-3 -9999 -9999 -9999 -9999 -9999 -9999 -9999 -9999 -9999 -9999 -9999 -9999 -9999 -9999 -9999 -9999 -9999 -9999 -9999 -9999 -9999 -9999 -9999 -9999 -9999 -9999 -9999 -9999 -9999 -9999 -9999 -9999 -9999 -9999 -9999 -9999 -9999
6.64907E-2 6.60429E-2 1.42926E-1 5.43394E-2 4.30155E-2 3.67998E-2 -9999 2.77916E-2 2.70098E-2 2.67831E-2 2.55018E-2 2.42901E-2 3.59036E-2 2.18126E-2 -9999 -9999 2.07979E-2 1.88426E-2 1.86264E-2 1.69614E-2 2.49865E-2 1.52577E-2 1.26936E-2 3.70021E-2 9.80476E-2 5.75847E-2 5.63827E-2 3.44973E-2 8.40846E-2 9.35294E-2 1.23079E-1 5.12908E-2 2.89411E-2 5.23154E-2 1.70261E-2 6.77857E-3 -9999 -9999 -9999 -9999 -9999 -9999 -9999 -9999 -9999 -9999 -9999 -9999 -9999 -9999 -9999 -9999 -9999 -9999 -9999 -9999 -9999 -9999 -9999 -9999 -9999 -9999 -9999 -9999 -9999 -9999 -9999 -9999 -9999 -9999 -9999 -9999
3.68998E-2 8.60144E-2 7.09492E-2 1.0312E-1 1.41568E-1 5.62229E-2 -9999 -9999 2.60647E-2 2.70348E-2 3.81515E-2 2.93173E-2 2.00572E-2 -9999 -9999 -9999 1.9796E-2 1.6654E-2 2.60364E-2 2.32621E-2 4.96079E-2 2.64626E-2 1.4384E-2 1.5816E-2 4.37525E-2 6.04228E-2 1.46634E-1 1.35159E-1 7.61032E-2 1.43153E-1 1.23424E-1 5.91372E-2 4.48624E-2 1.0028E-1 3.96486E-2 5.35351E-3 -9999 -9999 -9999 -9999 -9999 -9999 -9999 -9999 -9999 -9999 -9999 -9999 -9999 -9999 -9999 -9999 -9999 -9999 -9999 -9999 -9999 -9999 -9999 -9999 -9999 -9999 -9999 -9999 -9999 -9999 -9999 -9999 -9999 -9999 -9999 -9999
1.29455E-1 2.10636E-1 1.35904E-1 1.83641E-1 3.89672E-2 2.33101E-2 -9999 2.0767E-2 4.22509E-2 5.58813E-2 4.21933E-2 1.55701E-2 1.52375E-2 -9999 -9999 1.73802E-2 -9999 1.50096E-2 2.36976E-2 3.12247E-2 4.26295E-2 3.57339E-2 3.24535E-2 2.72473E-2 5.23199E-2 4.47931E-2 9.63745E-2 1.33001E-1 9.98011E-2 1.00855E-1 1.40023E-1 3.97244E-2 1.43658E-1 7.2262E-2 3.05557E-2 6.62291E-3 3.6968E-3 -9999 -9999 -9999 -9999 -9999 -9999 -9999 -9999 -9999 -9999 -9999 -9999 -9999 -9999 -9999 -9999 -9999 -9999 -9999 -9999 -9999 -9999 -9999 -9999 -9999 -9999 -9999 -9999 -9999 -9999 -9999 -9999 -9999 -9999 -9999
1.0009E-1 4.99216E-2 5.13362E-2 1.5088E-1 1.18163E-1 2.23897E-2 -9999 2.19217E-2 3.86804E-2 7.34458E-2 2.05634E-2 1.30236E-2 1.46872E-2 -9999 -9999 1.72162E-2 1.32353E-2 1.48397E-2 3.90392E-2 2.25836E-2 5.1399E-2 4.91166E-2 2.32152E-2 4.3346E-2 6.24606E-2 5.40251E-2 4.65918E-2 8.32994E-2 1.39849E-1 1.00276E-1 4.8763E-2 2.19398E-2 4.1381E-2 5.34038E-2 7.10669E-2 2.92743E-2 8.42847E-3 4.5909E-3 -9999 -9999 -9999 -9999 -9999 -9999 -9999 -9999 -9999 -9999 -9999 -9999 -9999 -9999 -9999 -9999 -9999 -9999 -9999 -9999 -9999 -9999 -9999 -9999 -9999 -9999 -9999 -9999 -9999 -9999 -9999 -9999 -9999 -9999
-9999 -9999 -9999 5.19763E-2 3.63791E-2 1.97403E-2 1.83324E-2 2.15418E-2 4.77511E-2 6.32985E-2 3.40416E-2 1.77689E-2 1.06194E-2 1.19385E-2 -9999 2.06041E-2 1.11479E-2 1.30701E-2 3.36814E-2 3.32206E-2 3.09663E-2 5.86599E-2 3.04757E-2 1.67734E-2 3.91163E-2 5.24265E-2 3.70175E-2 9.55407E-2 1.56728E-1 6.10678E-2 2.39844E-2 2.86936E-2 3.29572E-2 6.88508E-2 1.00799E-1 8.81019E-2 3.8961E-2 9.64948E-3 5.55718E-3 2.92948E-3 -9999 -9999 -9999 -9999 -9999 -9999 -9999 -9999 -9999 -9999 -9999 -9999 -9999 -9999 -9999 -9999 -9999 -9999 -9999 -9999 -9999 -9999 -9999 -9999 -9999 -9999 -9999 -9999 -9999 -9999 -9999 -9999
-9999 3.09126E-2 -9999 4.55371E-2 5.44978E-2 1.68484E-2 1.65877E-2 1.73543E-2 2.87825E-2 3.83867E-2 9.52507E-2 3.46288E-2 6.05482E-2 2.81699E-2 8.24235E-3 1.63854E-2 1.41959E-2 1.47674E-2 3.93194E-2 5.44007E-2 4.996E-2 5.16839E-2 1.97467E-2 8.97435E-3 2.88205E-2 1.4546E-2 2.59714E-2 1.1812E-1 1.87653E-1 6.94423E-2 2.30738E-2 1.94846E-2 2.27907E-2 3.46583E-2 1.91241E-1 1.30058E-1 5.98405E-2 1.73084E-2 7.5998E-3 3.52459E-3 2.51807E-3 -9999 -9999 -9999 -9999 -9999 -9999 -9999 -9999 -9999 -9999 -9999 -9999 -9999 -9999 -9999 -9999 -9999 -9999 -9999 -9999 -9999 -9999 -9999 -9999 -9999 -9999 -9999 -9999 -9999 -9999 -9999
5.00017E-2 3.09295E-2 4.23359E-2 5.81564E-2 3.83901E-2 2.24009E-2 1.50538E-2 1.82365E-2 3.70868E-2 3.42019E-2 5.94088E-2 1.0477E-1 1.77762E-1 1.17276E-2 6.52711E-3 2.19247E-2 1.8591E-2 2.61463E-2 6.76918E-2 6.54004E-2 4.51245E-2 1.40718E-2 1.24673E-2 1.41506E-2 1.28508E-2 3.83481E-2 8.41455E-2 1.40833E-1 1.08729E-1 6.07317E-2 5.92244E-2 4.19979E-2 2.09912E-2 2.37157E-2 1.81912E-1 1.08958E-1 2.79324E-2 1.57358E-2 7.81756E-3 5.20493E-3 2.87396E-3 2.24033E-3 -9999 -9999 -9999 -9999 -9999 -9999 -9999 -9999 -9999 -9999 -9999 -9999 -9999 -9999 -9999 -9999 -9999 -9999 -9999 -9999 -9999 -9999 -9999 -9999 -9999 -9999 -9999 -9999 -9999 -9999
3.27086E-2 5.80799E-2 1.28191E-1 8.78689E-2 1.86228E-2 2.19705E-2 3.79307E-2 1.7164E-2 3.24538E-2 9.48563E-2 1.19353E-1 2.18616E-1 8.09367E-2 1.2011E-2 7.68202E-3 2.58674E-2 4.67029E-2 1.1664E-1 1.26508E-1 8.84688E-2 2.33366E-2 7.1468E-3 1.09212E-2 1.85798E-2 4.48748E-2 4.49312E-2 1.20635E-1 9.11914E-2 2.9646E-2 4.97769E-2 2.86257E-2 2.92574E-2 2.4685E-2 7.27158E-2 5.12456E-2 2.86175E-2 4.68822E-2 5.43327E-2 1.97312E-2 1.24971E-2 7.11494E-3 2.40901E-3 -9999 -9999 -9999 -9999 -9999 -9999 -9999 -9999 -9999 -9999 -9999 -9999 -9999 -9999 -9999 -9999 -9999 -9999 -9999 -9999 -9999 -9999 -9999 -9999 -9999 -9999 -9999 -9999 -9999 -9999
1.05749E-1 2.241E-2 1.05778E-1 1.62763E-1 5.57288E-2 4.41387E-2 6.69205E-2 2.05298E-2 7.3531E-2 1.89299E-1 1.98845E-1 5.05033E-2 2.10232E-2 5.09327E-2 1.32674E-2 7.12256E-3 7.00566E-2 1.48891E-1 1.49716E-1 1.07484E-1 2.74095E-2 5.5666E-3 8.11974E-3 1.61689E-2 6.20411E-2 1.03033E-1 1.13372E-1 5.06E-2 4.0041E-2 3.17833E-2 4.16173E-2 2.59813E-2 3.47314E-2 7.27989E-2 6.20143E-2 3.65355E-2 1.62301E-2 4.54175E-2 2.4682E-2 2.23139E-2 1.02153E-2 3.41503E-3 1.61562E-3 -9999 -9999 -9999 -9999 -9999 -9999 -9999 -9999 -9999 -9999 -9999 -9999 -9999 -9999 -9999 -9999 -9999 -9999 -9999 -9999 -9999 -9999 -9999 -9999 -9999 -9999 -9999 -9999 -9999
3.64733E-2 3.13602E-2 3.97766E-2 1.12039E-1 1.67905E-1 7.25671E-2 6.60471E-2 4.41437E-2 1.38942E-1 2.28063E-1 1.75803E-1 4.63269E-2 1.11199E-1 1.00791E-1 9.50836E-3 1.74199E-2 6.11889E-2 1.13688E-1 1.2297E-1 8.21833E-2 6.2184E-3 5.62958E-3 1.06246E-2 1.61066E-2 8.62673E-2 1.00754E-1 8.53212E-2 2.45389E-2 2.63314E-2 3.27145E-2 6.20596E-2 1.68184E-2 2.16515E-2 5.80747E-2 8.38507E-2 3.78939E-2 2.42049E-2 7.97409E-3 9.77954E-3 7.79958E-3 3.86138E-3 1.98193E-3 1.26367E-3 1.66792E-3 -9999 -9999 -9999 -9999 -9999 -9999 -9999 -9999 -9999 -9999 -9999 -9999 -9999 -9999 -9999 -9999 -9999 -9999 -9999 -9999 -9999 -9999 -9999 -9999 -9999 -9999 -9999 -9999
5.57384E-2 7.30983E-2 9.83836E-2 1.82099E-1 2.02242E-1 2.31307E-1 5.59945E-2 1.10509E-1 1.40341E-1 1.90386E-1 1.95667E-1 9.58469E-2 2.62401E-2 1.35681E-2 9.24108E-3 8.17591E-3 3.06575E-2 6.33493E-2 7.81965E-2 3.73545E-2 5.80901E-3 9.64954E-3 9.46162E-3 2.10422E-2 8.71368E-2 6.9099E-2 5.44616E-2 1.83275E-2 2.61303E-2 7.58903E-2 3.39817E-2 1.32307E-2 4.87857E-2 4.08693E-2 8.28345E-2 4.31758E-2 1.71583E-2 8.79404E-3 5.2006E-3 6.18518E-3 2.99506E-3 1.85921E-3 4.48697E-3 3.07907E-3 -9999 -9999 -9999 -9999 -9999 -9999 -9999 -9999 -9999 -9999 -9999 -9999 -9999 -9999 -9999 -9999 -9999 -9999 -9999 -9999 -9999 -9999 -9999 -9999 -9999 -9999 -9999 -9999
3.46086E-2 8.70522E-2 1.34055E-1 1.92593E-1 2.25613E-1 2.62865E-1 9.03193E-2 1.78264E-1 1.88861E-1 1.73443E-1 1.54572E-1 1.60761E-1 2.1609E-2 1.9564E-2 8.11696E-3 6.47191E-3 4.36891E-2 8.92891E-2 2.82362E-2 8.05939E-3 6.70895E-3 1.13104E-2 1.52516E-2 5.32681E-2 6.63483E-2 2.79875E-2 2.07657E-2 2.65224E-2 2.61999E-2 5.27877E-2 1.83103E-2 1.59803E-2 1.98899E-2 5.18202E-2 6.28074E-2 2.47144E-2 1.07841E-2 1.95161E-2 3.65545E-3 3.63584E-3 2.66206E-3 1.20881E-2 4.80981E-3 3.37995E-3 1.85509E-3 7.9481E-4 -9999 -9999 -9999 -9999 -9999 -9999 -9999 -9999 -9999 -9999 -9999 -9999 -9999 -9999 -9999 -9999 -9999 -9999 -9999 -9999 -9999 -9999 -9999 -9999 -9999 -9999
1.16831E-2 5.24883E-2 1.40853E-1 1.87226E-1 2.21194E-1 2.32242E-1 2.18909E-1 1.7579E-1 1.11286E-1 6.31447E-2 4.33072E-2 9.44284E-2 2.27878E-2 7.28437E-3 6.25282E-3 3.10706E-2 7.13074E-3 7.71037E-3 4.91416E-3 1.40549E-2 7.89775E-3 1.00416E-2 2.7561E-2 6.7294E-2 3.9461E-2 4.08806E-2 1.75627E-2 3.99052E-2 5.50488E-2 3.50989E-2 2.05719E-2 1.21084E-2 1.92483E-2 3.19882E-2 4.50591E-2 7.56317E-3 4.25095E-3 1.08887E-2 8.74883E-3 1.14815E-3 3.09761E-3 2.81603E-2 1.73747E-3 1.55377E-3 1.31571E-3 6.73379E-4 -9999 -9999 -9999 -9999 -9999 -9999 -9999 -9999 -9999 -9999 -9999 -9999 -9999 -9999 -9999 -9999 -9999 -9999 -9999 -9999 -9999 -9999 -9999 -9999 -9999 -9999
9.59899E-3 2.33844E-2 1.42734E-1 1.8385E-1 2.13347E-1 1.3469E-1 1.1558E-1 6.75158E-2 8.08666E-2 7.51611E-2 2.33454E-2 1.16732E-2 8.49383E-3 1.59522E-2 6.26747E-2 7.38061E-2 1.15257E-2 9.75264E-3 4.14382E-3 1.21001E-2 7.49582E-3 6.95683E-3 1.80984E-2 5.54413E-2 3.98891E-2 2.83104E-2 3.37321E-2 2.90758E-2 4.7358E-2 2.39582E-2 1.56168E-2 9.54754E-3 1.53529E-2 4.07562E-2 9.64984E-3 4.76929E-3 2.66176E-3 2.03936E-3 1.04105E-3 6.50582E-4 3.49844E-3 3.63565E-2 8.49457E-3 2.54976E-3 4.41376E-3 1.21566E-3 5.46478E-4 3.63357E-4 -9999 -9999 -9999 -9999 -9999 -9999 -9999 -9999 -9999 -9999 -9999 -9999 -9999 -9999 -9999 -9999 -9999 -9999 -9999 -9999 -9999 -9999 -9999 -9999
1.2197E-2 1.09489E-2 6.04631E-2 1.57696E-1 1.77093E-1 7.52185E-2 6.74736E-2 7.71992E-2 1.15722E-1 5.00426E-2 3.78423E-2 3.57505E-2 1.31218E-2 2.68427E-2 7.59776E-2 6.62292E-2 6.39367E-2 1.21138E-2 5.57916E-3 1.65622E-2 6.87867E-3 5.05472E-3 9.12638E-3 4.29524E-2 4.28791E-2 3.70024E-2 4.11008E-2 2.78653E-2 2.00604E-2 1.52356E-2 1.08517E-2 8.99104E-3 1.72085E-2 3.07308E-2 8.4398E-3 8.42125E-3 7.15744E-3 2.24976E-3 9.85966E-4 1.44068E-3 4.05432E-3 2.46277E-2 1.64169E-2 1.87126E-2 7.19559E-3 2.70655E-3 4.71693E-4 5.39367E-4 6.61259E-4 -9999 -9999 -9999 -9999 -9999 -9999 -9999 -9999 -9999 -9999 -9999 -9999 -9999 -9999 -9999 -9999 -9999 -9999 -9999 -9999 -9999 -9999 -9999
2.6908E-2 4.84503E-2 6.14797E-2 1.48536E-1 1.61762E-1 7.79623E-2 1.18155E-1 1.06792E-1 7.4786E-2 6.91681E-2 8.25327E-2 3.63561E-2 3.62804E-2 6.39583E-2 5.84402E-2 5.31492E-2 5.27787E-2 5.95234E-3 1.1413E-2 2.52316E-2 4.66031E-3 3.18905E-3 1.66572E-2 2.85218E-2 1.249E-2 3.85769E-2 3.13172E-2 1.4464E-2 9.86472E-3 9.30268E-3 8.29518E-3 1.67467E-2 1.88856E-2 2.01622E-2 2.84698E-3 1.70119E-2 7.72142E-3 1.7918E-3 1.67504E-3 4.78175E-3 2.02192E-3 2.0536E-2 2.85458E-2 1.85371E-2 8.32963E-3 4.91768E-3 6.56995E-4 2.41193E-4 1.40968E-3 1.69892E-3 -9999 -9999 -9999 -9999 -9999 -9999 -9999 -9999 -9999 -9999 -9999 -9999 -9999 -9999 -9999 -9999 -9999 -9999 -9999 -9999 -9999 -9999
4.33905E-2 9.27497E-2 1.39713E-1 1.34614E-1 1.17887E-1 1.19816E-1 1.04004E-1 9.84368E-2 8.18779E-2 5.57025E-2 7.83498E-2 7.29406E-2 6.08286E-2 5.56496E-2 4.41354E-2 4.88496E-2 8.45468E-3 3.66293E-3 4.1327E-3 1.15988E-2 1.0853E-2 7.55682E-3 1.10733E-2 5.87508E-3 9.00207E-3 3.5262E-2 2.56369E-2 1.302E-2 9.50949E-3 1.70791E-2 1.59582E-2 1.81886E-2 1.08497E-2 1.51385E-2 5.45944E-3 2.77394E-3 5.44364E-3 3.89042E-3 1.22995E-3 5.65616E-4 1.4261E-3 1.12184E-2 1.62326E-2 1.88192E-3 1.51397E-3 1.35942E-3 7.94852E-4 2.23794E-4 8.49848E-4 1.38795E-3 6.79099E-4 2.66886E-4 -9999 -9999 -9999 -9999 -9999 -9999 -9999 -9999 -9999 -9999 -9999 -9999 -9999 -9999 -9999 -9999 -9999 -9999 -9999 -9999
2.66191E-2 6.60855E-2 1.12068E-1 1.12305E-1 1.10028E-1 8.89515E-2 8.15344E-2 8.13305E-2 6.31893E-2 6.01234E-2 6.13315E-2 5.41989E-2 4.00438E-2 4.79662E-2 4.33637E-2 3.4402E-2 6.83687E-3 2.70229E-3 5.82001E-3 1.01024E-2 3.15549E-2 3.11092E-2 1.2833E-2 3.12562E-3 6.55921E-3 2.92494E-2 2.17542E-2 1.75703E-2 1.1049E-2 1.63702E-2 1.16918E-2 1.35074E-2 9.62873E-3 1.55577E-2 8.64367E-3 8.74086E-3 6.37861E-3 7.78771E-4 6.74767E-4 4.75601E-4 7.9296E-4 1.17396E-3 1.97893E-3 6.79981E-4 1.3926E-3 5.23877E-3 1.00964E-3 2.74023E-4 4.16353E-4 1.96984E-3 2.10244E-3 2.82331E-4 1.64379E-4 1.83599E-4 -9999 -9999 -9999 -9999 -9999 -9999 -9999 -9999 -9999 -9999 -9999 -9999 -9999 -9999 -9999 -9999 -9999 -9999
3.17358E-2 7.50941E-2 1.04058E-1 9.4972E-2 9.14803E-2 7.42043E-2 6.47796E-2 6.459E-2 5.25997E-2 5.68307E-2 4.60384E-2 4.48816E-2 4.35404E-2 3.73017E-2 3.45741E-2 3.34397E-2 1.81088E-2 1.95438E-3 2.78742E-3 2.9899E-2 3.07974E-2 1.21063E-2 2.70321E-3 1.44222E-2 4.61453E-3 1.303E-2 2.56075E-2 1.76408E-2 8.27896E-3 1.18013E-2 1.09512E-2 1.17339E-2 8.00817E-3 1.08436E-2 1.04485E-2 5.33288E-3 8.43974E-4 5.07565E-4 4.10108E-4 6.33493E-4 1.52706E-3 2.27643E-3 2.50692E-3 5.60858E-4 1.37791E-3 8.10832E-3 7.78623E-3 1.79207E-3 1.4338E-3 4.44059E-4 6.68541E-4 1.53448E-4 2.45595E-4 1.56901E-4 -9999 3.67877E-4 -9999 -9999 -9999 -9999 -9999 -9999 -9999 5.23744E-4 -9999 -9999 -9999 -9999 -9999 -9999 -9999 -9999
7.88717E-2 9.9285E-2 8.53525E-2 7.75387E-2 7.39776E-2 6.45382E-2 5.49997E-2 4.88411E-2 4.93529E-2 4.50644E-2 4.02725E-2 3.7536E-2 2.67665E-2 3.35948E-2 1.71731E-2 3.06896E-2 2.71511E-2 2.73021E-3 1.48013E-3 2.03825E-2 2.79007E-2 1.46752E-2 3.20682E-3 1.3537E-2 1.93431E-2 1.16836E-2 1.72209E-2 1.69708E-2 1.06796E-2 1.32238E-2 6.46933E-3 5.31884E-3 3.31787E-3 3.75586E-3 6.57807E-3 3.58085E-3 9.00272E-4 2.34873E-3 3.4605E-4 8.90668E-4 5.92233E-3 2.879E-3 4.52512E-4 8.47723E-4 1.02961E-3 8.66516E-4 8.12977E-3 8.65539E-3 1.73355E-3 1.80133E-3 9.49296E-4 2.92271E-4 7.25204E-5 1.39821E-4 -9999 3.32747E-4 1.75339E-4 -9999 -9999 2.32356E-4 2.32757E-4 2.40764E-4 2.48144E-4 2.79344E-4 -9999 -9999 5.05953E-4 -9999 -9999 -9999 -9999 -9999
9.19892E-2 7.52694E-2 6.5803E-2 6.4012E-2 6.16196E-2 5.58668E-2 4.75772E-2 4.48816E-2 4.00689E-2 2.9767E-2 3.03595E-2 3.27878E-2 3.1042E-2 1.00054E-2 6.44471E-3 4.79163E-3 2.16351E-3 2.40699E-3 2.66138E-3 7.78457E-3 2.40205E-2 6.75583E-3 3.58753E-3 2.12795E-2 1.75788E-2 2.10751E-2 1.15675E-2 8.24503E-3 1.1475E-2 1.2108E-2 5.31731E-3 5.12827E-3 4.07653E-3 3.26605E-3 2.10968E-3 1.71511E-3 1.14846E-3 8.90553E-4 1.85235E-3 9.7981E-4 5.30309E-3 1.14475E-3 1.1561E-3 6.0792E-4 2.15666E-3 7.37132E-4 6.09242E-4 6.84648E-3 6.22648E-4 1.84082E-4 2.41856E-4 2.04056E-4 7.95129E-5 -9999 -9999 -9999 -9999 1.63969E-4 1.8436E-4 2.06909E-4 2.04415E-4 1.99279E-4 2.22609E-4 2.39557E-4 2.433E-4 2.46131E-4 -9999 -9999 -9999 -9999 -9999 -9999
6.59883E-2 5.60153E-2 5.28474E-2 5.17408E-2 5.13007E-2 4.56726E-2 4.02234E-2 3.98969E-2 3.66486E-2 3.34932E-2 3.10705E-2 3.09254E-2 3.02289E-2 1.45308E-2 8.32549E-3 3.84178E-3 4.99647E-3 3.88365E-3 2.68289E-3 1.31553E-2 2.39853E-2 8.28406E-3 2.66357E-3 2.08219E-2 1.75489E-2 1.19268E-2 1.37935E-2 5.63764E-3 7.1718E-3 1.07152E-2 6.7979E-3 4.55534E-3 4.84899E-3 2.27118E-3 1.35982E-3 2.8155E-3 2.93133E-3 2.53857E-3 2.77682E-3 8.76549E-4 3.72091E-3 2.02657E-3 2.71546E-3 4.1858E-4 4.10804E-3 1.70953E-3 3.79869E-4 1.15608E-3 1.48456E-4 9.70182E-5 3.90538E-5 4.73274E-5 5.42803E-5 -9999 -9999 -9999 -9999 9.42021E-5 9.73387E-5 1.54278E-4 1.5545E-4 1.57571E-4 1.68968E-4 1.82264E-4 1.94775E-4 2.06428E-4 2.16261E-4 2.21575E-4 2.26203E-4 3.31132E-4 3.3301E-4 3.36688E-4
5.28689E-2 4.50683E-2 4.27371E-2 4.2231E-2 4.24658E-2 3.73017E-2 3.22306E-2 3.28888E-2 2.67879E-2 2.89894E-2 2.54978E-2 2.4695E-2 2.52265E-2 1.44097E-2 1.74766E-2 5.65293E-3 1.03087E-2 8.16319E-3 2.06557E-3 2.0267E-2 1.75018E-2 1.61618E-2 3.23068E-3 1.81266E-2 1.58237E-2 7.86507E-3 9.78403E-3 4.51295E-3 9.28572E-3 8.28123E-3 3.72361E-3 4.07532E-3 3.95229E-3 1.45074E-3 2.94185E-3 3.91068E-3 5.10536E-3 1.82572E-3 1.01906E-3 4.75708E-4 1.84E-3 1.36591E-3 4.90196E-4 6.44121E-4 4.67456E-3 1.59536E-3 2.63344E-3 5.46021E-4 2.09477E-4 6.934E-5 3.61756E-5 2.89016E-5 -9999 -9999 -9999 -9999 6.9162E-5 7.28882E-5 7.80915E-5 8.24921E-5 8.88656E-5 1.40114E-4 9.76883E-5 1.67839E-4 1.71996E-4 1.77285E-4 1.71912E-4 1.81123E-4 1.89639E-4 2.02176E-4 2.13903E-4 2.28585E-4
4.23502E-2 3.99446E-2 4.14537E-2 3.90416E-2 3.50433E-2 3.04405E-2 2.64644E-2 2.84182E-2 2.32493E-2 2.65291E-2 2.42601E-2 2.3454E-2 2.17177E-2 2.09891E-2 1.25135E-2 8.6858E-3 2.1929E-2 1.52437E-2 8.23602E-3 9.04201E-3 1.85724E-2 1.29255E-2 3.35542E-3 1.29486E-2 1.51301E-2 7.4451E-3 6.97001E-3 5.28635E-3 9.19193E-3 8.9578E-3 4.03021E-3 2.72725E-3 2.60686E-3 8.66569E-4 1.02682E-3 1.81137E-3 1.62311E-3 6.05285E-4 7.26002E-4 9.15296E-4 4.07057E-3 5.43483E-3 1.26711E-3 1.65487E-3 2.97614E-3 2.38496E-3 2.63079E-3 4.28169E-3 3.52281E-4 1.48216E-4 2.06672E-5 2.27825E-5 -9999 -9999 -9999 3.80975E-5 4.2392E-5 4.31703E-5 4.31703E-5 4.42756E-5 6.80995E-5 1.29634E-4 1.99366E-4 2.23358E-4 3.82762E-4 2.31945E-4 1.54911E-4 1.3882E-4 1.52762E-4 1.67226E-4 1.72275E-4 1.79051E-4
