Artocarpus altilis SDM files/MIS19/results (without bias file)/Artalt_max.asc
ncols         1201
nrows         481
xllcorner     119.99986351115
yllcorner     -15.00013828885
cellsize      0.041666667
NODATA_value  -9999
[rows 256 to 287 of 481, columns 432 to 503 of 1201]
6.86988E-1 6.49934E-1 6.56481E-1 6.58198E-1 6.5566E-1 6.49471E-1 6.26393E-1 6.27479E-1 6.26922E-1 6.24672E-1 6.21258E-1 5.8662E-1 5.91096E-1 5.90678E-1 5.83842E-1 5.77105E-1 5.76318E-1 5.73088E-1 5.67864E-1 5.46098E-1 5.48204E-1 5.43845E-1 5.46037E-1 5.40585E-1 5.35742E-1 5.3495E-1 5.4E-1 4.96653E-1 4.86308E-1 5.58376E-1 5.12234E-1 4.02475E-1 4.86598E-1 4.85309E-1 3.98686E-1 3.99101E-1 3.41137E-1 3.47538E-1 2.32842E-1 2.1296E-1 3.30914E-1 2.21041E-1 2.1567E-1 2.53875E-1 3.30107E-1 2.24082E-1 1.70067E-1 1.66388E-1 1.58706E-1 2.40925E-1 3.91211E-1 4.12596E-1 2.70952E-1 2.30233E-1 1.76848E-1 1.75102E-1 1.63887E-1 2.18069E-1 1.75945E-1 1.66736E-1 1.69439E-1 1.66629E-1 1.95788E-1 1.97091E-1 2.33991E-1 3.81658E-1 2.54299E-1 1.56765E-1 2.82068E-1 3.64352E-1 3.62838E-1 2.31836E-1
6.83925E-1 6.01204E-1 6.52187E-1 6.56055E-1 6.57093E-1 6.64371E-1 6.56746E-1 6.25697E-1 6.22681E-1 6.22648E-1 6.15829E-1 5.94129E-1 5.8891E-1 5.83097E-1 5.73745E-1 5.80445E-1 5.70053E-1 5.68564E-1 5.6928E-1 5.499E-1 5.67488E-1 5.47731E-1 5.4228E-1 4.95218E-1 5.33224E-1 5.30365E-1 5.45593E-1 4.08102E-1 4.00985E-1 4.87503E-1 4.2152E-1 4.8995E-1 5.09339E-1 4.2065E-1 4.17935E-1 5.05939E-1 3.43522E-1 3.48868E-1 2.85321E-1 2.18342E-1 3.26098E-1 3.5129E-1 2.18852E-1 2.67432E-1 2.73156E-1 2.24534E-1 1.80013E-1 1.7119E-1 1.99532E-1 1.98246E-1 3.00061E-1 3.1888E-1 2.72665E-1 2.21557E-1 1.7699E-1 1.78097E-1 1.77614E-1 1.66415E-1 2.08051E-1 1.71878E-1 1.66978E-1 1.66094E-1 2.0877E-1 2.57249E-1 2.44643E-1 2.14697E-1 1.67867E-1 1.89265E-1 3.492E-1 3.74048E-1 2.55732E-1 2.43782E-1
-9999 6.1837E-1 6.49231E-1 6.80488E-1 6.60128E-1 5.97831E-1 5.71773E-1 6.28351E-1 6.19649E-1 6.23579E-1 5.5882E-1 5.90197E-1 5.8948E-1 5.78953E-1 5.81531E-1 5.79426E-1 5.72689E-1 5.50998E-1 5.04004E-1 5.03059E-1 4.96157E-1 4.96077E-1 4.90735E-1 4.91792E-1 4.88217E-1 4.89822E-1 4.9516E-1 3.40024E-1 3.33486E-1 4.01881E-1 4.02858E-1 4.05855E-1 3.35927E-1 3.34106E-1 3.46213E-1 3.47785E-1 3.46163E-1 2.85237E-1 2.3733E-1 1.75553E-1 2.51532E-1 4.08055E-1 2.74058E-1 2.70546E-1 2.25826E-1 1.81311E-1 1.70669E-1 1.70889E-1 1.56995E-1 2.03242E-1 2.47274E-1 3.92734E-1 2.7624E-1 2.26421E-1 1.42377E-1 1.67355E-1 1.7004E-1 1.80531E-1 1.81368E-1 1.71163E-1 1.70313E-1 1.67867E-1 2.11533E-1 2.60897E-1 2.10675E-1 1.7034E-1 1.56994E-1 2.35038E-1 3.77395E-1 3.06191E-1 2.1117E-1 2.489E-1
-9999 -9999 -9999 5.26819E-1 4.98135E-1 5.00446E-1 5.85912E-1 5.64319E-1 6.17974E-1 6.2413E-1 4.69615E-1 4.49596E-1 5.40942E-1 5.40578E-1 5.39033E-1 5.27723E-1 5.07285E-1 5.06122E-1 5.04982E-1 4.99223E-1 4.95794E-1 4.95149E-1 4.92679E-1 4.89621E-1 4.10404E-1 4.06511E-1 4.05418E-1 3.38623E-1 3.3382E-1 3.36407E-1 4.03783E-1 4.02261E-1 3.37803E-1 3.35591E-1 2.69574E-1 3.31247E-1 2.73444E-1 2.87789E-1 1.80965E-1 1.68247E-1 2.05361E-1 2.57056E-1 3.39588E-1 2.26527E-1 1.79526E-1 1.7004E-1 1.68761E-1 1.62651E-1 1.51764E-1 2.50501E-1 2.50538E-1 3.07943E-1 4.17488E-1 2.27968E-1 1.69821E-1 1.82063E-1 1.38338E-1 1.36201E-1 1.34912E-1 1.37953E-1 1.34757E-1 1.61265E-1 1.72237E-1 2.07758E-1 2.14395E-1 1.6963E-1 1.99721E-1 2.41813E-1 3.14333E-1 2.57757E-1 2.0936E-1 2.04812E-1
-9999 -9999 -9999 -9999 4.93709E-1 4.94135E-1 4.89879E-1 4.68956E-1 5.66428E-1 5.93081E-1 3.81237E-1 4.65562E-1 4.48703E-1 4.48606E-1 4.41144E-1 4.36013E-1 4.37831E-1 4.21075E-1 4.17862E-1 4.18811E-1 4.11891E-1 4.08427E-1 4.07386E-1 4.07934E-1 3.38237E-1 3.36167E-1 3.39299E-1 3.38719E-1 3.36551E-1 3.40073E-1 3.2521E-1 3.20549E-1 3.39009E-1 3.35112E-1 2.75417E-1 2.7071E-1 2.75747E-1 2.24396E-1 1.82675E-1 1.71742E-1 1.59866E-1 1.98623E-1 2.74922E-1 2.23874E-1 2.25826E-1 1.71604E-1 2.03466E-1 2.07793E-1 1.6768E-1 2.052E-1 2.07597E-1 2.17969E-1 2.65147E-1 2.29773E-1 1.85045E-1 1.39315E-1 1.74069E-1 1.71328E-1 2.14931E-1 1.72818E-1 1.62914E-1 2.16074E-1 1.73985E-1 1.98402E-1 1.75918E-1 1.71273E-1 1.70833E-1 1.61396E-1 2.58265E-1 2.12894E-1 2.14496E-1 1.67544E-1
-9999 -9999 -9999 -9999 -9999 4.39204E-1 4.13604E-1 4.08523E-1 4.06708E-1 3.83946E-1 3.82395E-1 3.80032E-1 3.62529E-1 4.46697E-1 4.40526E-1 4.4027E-1 4.40822E-1 4.23116E-1 4.18324E-1 4.17026E-1 4.13648E-1 4.10294E-1 4.12718E-1 3.4148E-1 3.39541E-1 3.38768E-1 3.41091E-1 3.38961E-1 3.24741E-1 3.38768E-1 2.25373E-1 2.60939E-1 2.6023E-1 3.32247E-1 2.77484E-1 2.75912E-1 2.22905E-1 1.83375E-1 1.80302E-1 1.70588E-1 1.5935E-1 2.00669E-1 2.03627E-1 2.08739E-1 2.23008E-1 1.81629E-1 1.74573E-1 1.77531E-1 1.32935E-1 1.55427E-1 1.55679E-1 1.93788E-1 2.57018E-1 2.18376E-1 1.84399E-1 1.4115E-1 1.64153E-1 1.76088E-1 1.76228E-1 1.64577E-1 2.15603E-1 1.78326E-1 1.30961E-1 2.01586E-1 2.31804E-1 1.42076E-1 1.29674E-1 1.62363E-1 2.03434E-1 2.1117E-1 1.75188E-1 1.35578E-1
-9999 -9999 -9999 -9999 -9999 3.59414E-1 3.29645E-1 3.28147E-1 3.10968E-1 3.09973E-1 3.79616E-1 3.81486E-1 3.7764E-1 3.64091E-1 3.64294E-1 3.61E-1 3.59335E-1 3.46067E-1 3.4543E-1 3.45871E-1 3.44402E-1 3.43182E-1 3.46116E-1 2.80775E-1 2.77899E-1 2.78564E-1 2.79146E-1 2.75376E-1 2.64829E-1 3.40849E-1 2.77028E-1 2.65589E-1 2.5815E-1 3.36216E-1 2.26633E-1 2.24223E-1 1.82675E-1 1.82617E-1 1.61241E-1 1.62181E-1 1.61579E-1 2.04012E-1 2.06137E-1 2.04654E-1 2.62759E-1 2.29242E-1 1.78156E-1 1.31825E-1 1.69142E-1 1.69605E-1 1.59634E-1 1.70315E-1 1.66524E-1 1.66524E-1 2.16784E-1 1.87653E-1 1.41798E-1 1.77871E-1 1.6841E-1 1.68545E-1 1.79756E-1 1.43803E-1 1.32455E-1 2.1594E-1 1.44768E-1 1.39543E-1 1.02558E-1 1.64524E-1 1.74181E-1 1.7119E-1 1.39635E-1 1.30638E-1
-9999 -9999 -9999 -9999 -9999 -9999 3.27873E-1 3.28418E-1 3.30126E-1 3.15452E-1 3.1585E-1 3.8742E-1 3.10743E-1 2.98919E-1 3.64764E-1 2.9892E-1 2.94289E-1 3.59084E-1 2.93465E-1 2.81948E-1 3.45381E-1 2.82536E-1 2.81738E-1 2.7848E-1 2.76367E-1 2.79105E-1 2.76656E-1 2.76326E-1 2.77567E-1 2.65309E-1 2.79772E-1 2.15337E-1 2.08054E-1 3.25398E-1 2.28394E-1 2.26563E-1 1.7382E-1 1.62469E-1 1.61763E-1 1.64473E-1 1.64207E-1 2.05814E-1 2.06008E-1 2.08708E-1 2.02605E-1 2.18106E-1 1.77815E-1 1.74797E-1 1.67761E-1 1.61476E-1 1.61711E-1 1.51519E-1 1.49464E-1 2.4487E-1 2.71606E-1 1.83551E-1 1.44415E-1 1.34781E-1 1.34207E-1 1.77871E-1 1.4555E-1 1.34339E-1 1.30939E-1 1.77928E-1 1.43194E-1 1.06948E-1 1.05125E-1 1.30681E-1 1.74936E-1 1.33722E-1 1.39658E-1 1.29803E-1
-9999 -9999 -9999 -9999 -9999 -9999 -9999 3.2835E-1 3.31016E-1 3.32046E-1 3.19503E-1 3.11014E-1 3.09567E-1 3.10516E-1 2.99359E-1 2.95376E-1 2.96161E-1 2.94115E-1 2.94116E-1 2.81319E-1 2.82705E-1 2.82915E-1 2.80022E-1 2.7736E-1 2.78065E-1 2.81068E-1 2.24084E-1 2.75913E-1 2.23806E-1 2.12763E-1 2.29491E-1 1.72793E-1 2.08903E-1 2.63953E-1 2.2942E-1 1.82676E-1 1.70425E-1 1.61241E-1 1.66284E-1 1.64102E-1 1.65483E-1 1.64579E-1 2.06916E-1 2.18923E-1 1.64924E-1 2.04526E-1 2.20221E-1 1.78413E-1 1.70863E-1 1.7122E-1 1.60747E-1 1.9922E-1 3.0263E-1 3.19716E-1 2.78772E-1 1.85755E-1 1.36158E-1 1.33811E-1 1.70123E-1 1.82938E-1 1.39842E-1 1.27284E-1 1.59659E-1 1.70315E-1 1.45787E-1 1.06734E-1 9.97997E-2 1.31479E-1 1.32651E-1 1.41798E-1 1.33087E-1 1.30939E-1
-9999 -9999 -9999 -9999 -9999 -9999 -9999 3.26855E-1 3.23275E-1 3.27673E-1 3.15122E-1 2.51303E-1 2.51036E-1 3.088E-1 2.98437E-1 2.39748E-1 2.97166E-1 2.9442E-1 2.92816E-1 2.93206E-1 2.29419E-1 2.28181E-1 2.26317E-1 2.81613E-1 2.24223E-1 2.28147E-1 2.24536E-1 2.2391E-1 2.25304E-1 2.23564E-1 2.26669E-1 1.70781E-1 2.09592E-1 2.6523E-1 2.25828E-1 1.83522E-1 1.7111E-1 1.63258E-1 1.65883E-1 1.64129E-1 1.66982E-1 1.6551E-1 1.6591E-1 1.76767E-1 1.65349E-1 1.65669E-1 2.19366E-1 1.81863E-1 1.69388E-1 1.71385E-1 1.27832E-1 1.99001E-1 2.63794E-1 2.62483E-1 2.82454E-1 1.47436E-1 1.37211E-1 1.69333E-1 1.75106E-1 1.48158E-1 1.36471E-1 1.27621E-1 1.69469E-1 1.71632E-1 1.46932E-1 1.06609E-1 1.2674E-1 1.34537E-1 1.6822E-1 1.37774E-1 1.35512E-1 1.30338E-1
-9999 -9999 -9999 -9999 -9999 -9999 -9999 -9999 3.97387E-1 3.27132E-1 3.34114E-1 3.08079E-1 3.11015E-1 3.09161E-1 3.12431E-1 2.41076E-1 2.40485E-1 2.40006E-1 2.38501E-1 2.36566E-1 2.29136E-1 2.27336E-1 2.25967E-1 2.28747E-1 2.26038E-1 2.23702E-1 2.23841E-1 2.23668E-1 2.23183E-1 2.23217E-1 2.25898E-1 2.12465E-1 2.12465E-1 2.24398E-1 2.28324E-1 1.84195E-1 1.7166E-1 1.71275E-1 1.64924E-1 1.6567E-1 1.67763E-1 1.65377E-1 1.65803E-1 1.67736E-1 1.67628E-1 1.66874E-1 2.24259E-1 1.81458E-1 1.69497E-1 1.61685E-1 1.57633E-1 2.03117E-1 2.66031E-1 2.16516E-1 2.30451E-1 1.47532E-1 1.37032E-1 1.37099E-1 1.85106E-1 1.40094E-1 1.38136E-1 1.31566E-1 1.29718E-1 1.74238E-1 1.4655E-1 1.07395E-1 1.27747E-1 1.36829E-1 1.37279E-1 1.3843E-1 1.33482E-1 1.25658E-1
-9999 -9999 -9999 -9999 -9999 -9999 -9999 -9999 4.01834E-1 3.98947E-1 3.29312E-1 3.10924E-1 3.10833E-1 2.528E-1 2.54341E-1 3.11152E-1 2.38867E-1 2.40412E-1 2.35477E-1 2.36167E-1 2.38868E-1 2.35949E-1 2.25373E-1 2.28147E-1 2.25478E-1 2.23668E-1 2.25269E-1 2.25584E-1 2.26178E-1 2.24537E-1 2.28042E-1 2.12881E-1 2.12299E-1 2.14265E-1 1.80937E-1 2.2889E-1 2.11537E-1 1.72544E-1 1.64659E-1 1.645E-1 1.69198E-1 1.66258E-1 1.65483E-1 1.67063E-1 1.76682E-1 1.6717E-1 1.82532E-1 1.70234E-1 1.68682E-1 1.6226E-1 1.62837E-1 1.74016E-1 1.73404E-1 1.81313E-1 1.85372E-1 1.48977E-1 1.37009E-1 1.38046E-1 1.50289E-1 1.40186E-1 1.38046E-1 1.39796E-1 1.30984E-1 1.74882E-1 1.39545E-1 1.36964E-1 1.36292E-1 1.40369E-1 1.403E-1 1.72101E-1 1.60022E-1 1.32782E-1
-9999 -9999 -9999 -9999 -9999 -9999 -9999 -9999 5.21162E-1 5.05719E-1 3.20395E-1 3.08035E-1 2.51572E-1 3.123E-1 3.05524E-1 2.48373E-1 2.36675E-1 2.51649E-1 2.35115E-1 2.36603E-1 2.35079E-1 2.33671E-1 2.37478E-1 2.3704E-1 2.25898E-1 2.2405E-1 2.25269E-1 2.26934E-1 2.17766E-1 2.06194E-1 2.11478E-1 2.09137E-1 2.05612E-1 2.03437E-1 1.74119E-1 2.15771E-1 2.06014E-1 1.63382E-1 1.68847E-1 1.60303E-1 1.65676E-1 1.66647E-1 1.6583E-1 1.66279E-1 1.68006E-1 1.77334E-1 1.81372E-1 1.69797E-1 1.6268E-1 1.62654E-1 1.29549E-1 1.29869E-1 1.62418E-1 1.73515E-1 1.50704E-1 1.82531E-1 1.35936E-1 1.75555E-1 1.42946E-1 1.37933E-1 1.4291E-1 1.33834E-1 1.31049E-1 1.38748E-1 1.39682E-1 1.3934E-1 1.38046E-1 1.40232E-1 1.71467E-1 1.59557E-1 1.27159E-1 1.28169E-1
-9999 -9999 -9999 -9999 -9999 -9999 -9999 -9999 5.40273E-1 6.013E-1 3.99104E-1 4.00199E-1 3.28974E-1 3.1002E-1 3.1002E-1 3.10699E-1 3.08802E-1 3.07587E-1 3.08172E-1 3.06421E-1 2.8779E-1 2.34284E-1 2.35804E-1 2.34321E-1 2.78524E-1 2.22008E-1 2.23079E-1 2.15424E-1 2.1326E-1 2.00239E-1 2.00333E-1 2.01134E-1 2.0244E-1 1.98314E-1 1.95688E-1 2.13118E-1 2.55907E-1 1.87941E-1 1.59884E-1 1.63621E-1 1.64824E-1 2.0296E-1 1.57496E-1 1.58536E-1 1.72691E-1 1.82474E-1 2.07473E-1 2.12134E-1 2.0395E-1 1.62444E-1 1.62313E-1 1.64342E-1 1.72794E-1 1.73794E-1 1.84431E-1 1.74631E-1 1.36494E-1 1.52014E-1 1.49229E-1 1.4346E-1 1.78443E-1 1.65804E-1 1.30898E-1 1.31957E-1 1.38839E-1 1.40622E-1 1.41129E-1 1.73904E-1 1.64076E-1 1.28148E-1 1.36181E-1 1.69089E-1
-9999 -9999 -9999 -9999 -9999 -9999 -9999 -9999 5.32652E-1 6.00638E-1 5.78484E-1 4.77495E-1 4.0028E-1 4.01221E-1 3.78177E-1 3.778E-1 3.67712E-1 3.06824E-1 3.75852E-1 2.89629E-1 2.86554E-1 2.93814E-1 2.91307E-1 2.91178E-1 2.83094E-1 2.73865E-1 2.25065E-1 2.72677E-1 2.64046E-1 2.51626E-1 2.05021E-1 2.04581E-1 2.5058E-1 2.35313E-1 1.87842E-1 2.02511E-1 2.05189E-1 2.3522E-1 1.4529E-1 1.99946E-1 2.42751E-1 2.28006E-1 1.91722E-1 1.58219E-1 1.71757E-1 2.46516E-1 2.4587E-1 1.91656E-1 1.98849E-1 1.61837E-1 1.63095E-1 1.63549E-1 1.65032E-1 1.70974E-1 1.83816E-1 1.85461E-1 1.40095E-1 1.86407E-1 2.19231E-1 2.19778E-1 2.17396E-1 1.29463E-1 1.33659E-1 1.32827E-1 1.38999E-1 1.41337E-1 1.74602E-1 1.71166E-1 2.02002E-1 1.28211E-1 1.71936E-1 1.69524E-1
-9999 -9999 -9999 -9999 -9999 -9999 -9999 -9999 -9999 6.73512E-1 5.8919E-1 4.73616E-1 3.94914E-1 3.94145E-1 3.72934E-1 3.70739E-1 3.03074E-1 3.05123E-1 3.74807E-1 3.52236E-1 2.91306E-1 3.73615E-1 2.85898E-1 3.5259E-1 3.4469E-1 3.36053E-1 2.73168E-1 3.26047E-1 3.10073E-1 3.0392E-1 2.45826E-1 2.46632E-1 3.01015E-1 2.83799E-1 2.22859E-1 1.81782E-1 1.93689E-1 2.4285E-1 1.81088E-1 2.4612E-1 2.31891E-1 2.23512E-1 1.79791E-1 1.4638E-1 2.06282E-1 2.40387E-1 2.387E-1 1.83238E-1 1.93132E-1 1.95252E-1 1.97551E-1 1.62616E-1 1.6456E-1 1.72318E-1 1.82765E-1 1.84843E-1 1.75922E-1 2.20394E-1 2.68244E-1 2.05914E-1 1.63548E-1 1.32457E-1 1.34275E-1 1.40072E-1 1.39181E-1 1.79329E-1 2.16618E-1 2.18346E-1 1.64129E-1 1.63153E-1 1.73849E-1 1.71881E-1
-9999 -9999 -9999 -9999 -9999 -9999 -9999 -9999 -9999 6.77234E-1 6.44364E-1 5.91425E-1 4.79143E-1 4.7949E-1 3.93992E-1 3.94302E-1 3.96864E-1 3.93612E-1 4.56558E-1 4.23454E-1 3.69097E-1 4.4576E-1 4.06825E-1 3.3884E-1 3.21662E-1 3.25584E-1 3.18095E-1 3.76203E-1 2.9229E-1 2.83115E-1 2.90886E-1 2.29541E-1 2.93832E-1 3.34533E-1 2.69241E-1 1.7224E-1 1.87209E-1 2.85708E-1 2.20017E-1 3.52786E-1 4.15971E-1 2.54709E-1 1.73236E-1 1.84988E-1 2.38032E-1 3.41868E-1 2.83689E-1 2.32873E-1 1.80864E-1 1.87829E-1 2.39518E-1 2.26257E-1 1.53001E-1 1.58395E-1 1.68664E-1 1.8313E-1 2.80471E-1 2.67197E-1 2.6776E-1 2.04721E-1 1.68034E-1 1.70208E-1 1.66018E-1 1.76204E-1 1.77391E-1 2.75957E-1 2.67397E-1 2.50772E-1 1.63944E-1 1.726E-1 1.726E-1 2.29209E-1
-9999 -9999 -9999 -9999 -9999 -9999 -9999 -9999 -9999 6.75282E-1 6.6793E-1 6.43098E-1 6.37598E-1 5.72089E-1 5.68394E-1 5.68951E-1 5.64431E-1 5.63327E-1 5.86597E-1 5.23835E-1 4.22403E-1 3.458E-1 4.08541E-1 4.0239E-1 3.93495E-1 3.89905E-1 3.75405E-1 4.5414E-1 4.28759E-1 2.82087E-1 3.41914E-1 2.60161E-1 2.82866E-1 4.14268E-1 2.64867E-1 2.12476E-1 2.2183E-1 2.7219E-1 2.7967E-1 4.40997E-1 3.74721E-1 2.44171E-1 2.01257E-1 1.78668E-1 3.40627E-1 3.96289E-1 2.69225E-1 2.58209E-1 2.14589E-1 2.21854E-1 2.24913E-1 1.81657E-1 1.84683E-1 1.90246E-1 1.92701E-1 2.20224E-1 3.18961E-1 2.61986E-1 3.28222E-1 2.51452E-1 1.76486E-1 2.09103E-1 1.6642E-1 1.73794E-1 2.24679E-1 3.30067E-1 2.54886E-1 2.55467E-1 2.05526E-1 2.17497E-1 2.18448E-1 2.83888E-1
-9999 -9999 -9999 -9999 -9999 -9999 -9999 -9999 -9999 -9999 6.71474E-1 6.40294E-1 6.35537E-1 6.39663E-1 6.0957E-1 6.13221E-1 5.59549E-1 5.34765E-1 5.32229E-1 5.23421E-1 4.39354E-1 4.27467E-1 4.95541E-1 4.88523E-1 4.60608E-1 5.09944E-1 4.92327E-1 4.82984E-1 4.57758E-1 4.11496E-1 3.29075E-1 3.31471E-1 2.61366E-1 4.15609E-1 2.99237E-1 2.49504E-1 2.12055E-1 3.26623E-1 4.47127E-1 4.27798E-1 3.6047E-1 1.92835E-1 1.95308E-1 2.18748E-1 4.08422E-1 3.80646E-1 3.20629E-1 3.10129E-1 2.52991E-1 2.0837E-1 2.1567E-1 2.22521E-1 2.18801E-1 1.79044E-1 1.85743E-1 1.98774E-1 3.24323E-1 4.50808E-1 3.61129E-1 1.93775E-1 1.6035E-1 2.12576E-1 2.03341E-1 2.20471E-1 3.36931E-1 3.30826E-1 3.8276E-1 3.11473E-1 2.54847E-1 2.1618E-1 2.83508E-1 3.47643E-1
-9999 -9999 -9999 -9999 -9999 -9999 -9999 -9999 -9999 -9999 -9999 6.70642E-1 6.43604E-1 6.3995E-1 6.39766E-1 6.05371E-1 5.98552E-1 5.51844E-1 5.59478E-1 5.66268E-1 6.01594E-1 5.4138E-1 5.34459E-1 5.20929E-1 4.96966E-1 4.92555E-1 4.78036E-1 4.67442E-1 4.47413E-1 4.49795E-1 3.90394E-1 3.2252E-1 4.08272E-1 4.34264E-1 2.84688E-1 2.5899E-1 3.1444E-1 4.38708E-1 4.32444E-1 4.08983E-1 3.40738E-1 1.86736E-1 2.4751E-1 3.01423E-1 4.09957E-1 3.66825E-1 4.16256E-1 3.65854E-1 3.01961E-1 2.48543E-1 2.67102E-1 3.17066E-1 2.62259E-1 2.15943E-1 2.28133E-1 1.94717E-1 3.10912E-1 4.73424E-1 3.43241E-1 2.33795E-1 2.01205E-1 2.58816E-1 2.61989E-1 4.08824E-1 5.03233E-1 5.12338E-1 3.05175E-1 2.54293E-1 3.12518E-1 2.66113E-1 3.49122E-1 4.81371E-1
-9999 -9999 -9999 -9999 -9999 -9999 -9999 -9999 -9999 -9999 -9999 -9999 6.68503E-1 6.41835E-1 6.38933E-1 6.03322E-1 6.10892E-1 6.04346E-1 6.1288E-1 5.83652E-1 5.72212E-1 5.39708E-1 5.32167E-1 5.07295E-1 5.03953E-1 4.81255E-1 4.80081E-1 4.71533E-1 4.45387E-1 4.26961E-1 3.09172E-1 3.22349E-1 4.49128E-1 4.04507E-1 2.91562E-1 3.90262E-1 4.37811E-1 4.26642E-1 4.01329E-1 3.69783E-1 2.83962E-1 2.28877E-1 3.919E-1 3.97482E-1 3.94148E-1 3.96315E-1 3.83221E-1 3.47117E-1 3.53231E-1 2.9026E-1 2.39837E-1 3.88215E-1 3.03084E-1 3.1184E-1 2.55791E-1 2.186E-1 2.97476E-1 4.56318E-1 2.78862E-1 2.2249E-1 2.4266E-1 3.90961E-1 4.97356E-1 4.96138E-1 4.84933E-1 4.51903E-1 3.57826E-1 2.57994E-1 3.17143E-1 3.23736E-1 4.29675E-1 5.56751E-1
-9999 -9999 -9999 -9999 -9999 -9999 -9999 -9999 -9999 -9999 -9999 -9999 -9999 6.6497E-1 6.38658E-1 6.35188E-1 6.05383E-1 6.07271E-1 5.84136E-1 5.70596E-1 5.62175E-1 5.67269E-1 5.18328E-1 5.15287E-1 4.9599E-1 4.69854E-1 4.61617E-1 4.57466E-1 4.41335E-1 4.41176E-1 4.36593E-1 4.39113E-1 4.32439E-1 4.1365E-1 4.20102E-1 4.08197E-1 4.23246E-1 3.90954E-1 3.62481E-1 3.54996E-1 2.73266E-1 4.06579E-1 4.06409E-1 3.96116E-1 3.71196E-1 3.76053E-1 3.82688E-1 3.88515E-1 3.7457E-1 3.41844E-1 3.50846E-1 3.01094E-1 4.21296E-1 4.03507E-1 2.92641E-1 2.54633E-1 3.41227E-1 4.46356E-1 3.50176E-1 3.503E-1 4.93292E-1 4.81349E-1 4.701E-1 4.41802E-1 4.42871E-1 3.99713E-1 3.51927E-1 3.59209E-1 4.77306E-1 4.60727E-1 5.43209E-1 5.44501E-1
-9999 -9999 -9999 -9999 -9999 -9999 -9999 -9999 -9999 -9999 -9999 -9999 -9999 -9999 6.65536E-1 6.41291E-1 6.24879E-1 6.20462E-1 6.07231E-1 5.6083E-1 5.47656E-1 5.44796E-1 5.01019E-1 5.04879E-1 4.8656E-1 4.73607E-1 4.66414E-1 4.56538E-1 4.3909E-1 4.29437E-1 4.20535E-1 4.11015E-1 4.12367E-1 4.15669E-1 4.03534E-1 4.05553E-1 3.92394E-1 3.57027E-1 3.60667E-1 3.6354E-1 3.83805E-1 3.92354E-1 3.82956E-1 3.79997E-1 3.59392E-1 3.62707E-1 3.76835E-1 3.87463E-1 3.66066E-1 3.56815E-1 3.51608E-1 3.62846E-1 4.06223E-1 3.90894E-1 3.53834E-1 3.01278E-1 4.05888E-1 4.61426E-1 4.51425E-1 4.52736E-1 4.3461E-1 4.66522E-1 4.28011E-1 4.25571E-1 3.82364E-1 4.12022E-1 3.39542E-1 3.43705E-1 3.66076E-1 5.24293E-1 5.254E-1 5.33988E-1
-9999 -9999 -9999 -9999 -9999 -9999 -9999 -9999 -9999 -9999 -9999 -9999 -9999 -9999 -9999 6.68721E-1 6.28831E-1 6.10907E-1 6.13854E-1 5.635E-1 5.38805E-1 5.42188E-1 5.17412E-1 4.79511E-1 4.70933E-1 4.65652E-1 4.65235E-1 4.58238E-1 4.24802E-1 4.13124E-1 4.07694E-1 4.16731E-1 4.11132E-1 3.95094E-1 3.91546E-1 3.97132E-1 3.6485E-1 3.4523E-1 3.70422E-1 3.69122E-1 3.82244E-1 3.84598E-1 3.67976E-1 3.42142E-1 3.4396E-1 3.70586E-1 3.76149E-1 3.64424E-1 3.67029E-1 3.51582E-1 3.69798E-1 4.0514E-1 3.69645E-1 3.8767E-1 3.78665E-1 2.86176E-1 4.35314E-1 4.46255E-1 4.40225E-1 4.46515E-1 4.11129E-1 4.49219E-1 4.45296E-1 4.15868E-1 3.94798E-1 4.18136E-1 4.05254E-1 4.71878E-1 5.15889E-1 5.20823E-1 5.19399E-1 5.05763E-1
-9999 -9999 -9999 -9999 -9999 -9999 -9999 -9999 -9999 -9999 -9999 -9999 -9999 -9999 -9999 6.62489E-1 6.29225E-1 6.01292E-1 5.95835E-1 5.73726E-1 5.30428E-1 5.29451E-1 5.0099E-1 4.85161E-1 4.79965E-1 4.91247E-1 4.70775E-1 4.38937E-1 4.04907E-1 3.97175E-1 3.88214E-1 3.86988E-1 4.02251E-1 3.78492E-1 3.8194E-1 3.73555E-1 3.5599E-1 3.74647E-1 3.79584E-1 3.63438E-1 3.71684E-1 3.57168E-1 3.53417E-1 3.31513E-1 3.30825E-1 3.52962E-1 3.70356E-1 3.5798E-1 3.63507E-1 3.56602E-1 3.64245E-1 3.87254E-1 3.76789E-1 3.73708E-1 3.84601E-1 4.12261E-1 4.32335E-1 4.4455E-1 4.33091E-1 4.04253E-1 3.85284E-1 4.267E-1 4.34046E-1 4.04523E-1 4.30889E-1 4.51613E-1 4.57539E-1 4.64616E-1 4.9165E-1 4.99698E-1 5.09586E-1 4.74132E-1
-9999 -9999 -9999 -9999 -9999 -9999 -9999 -9999 -9999 -9999 -9999 -9999 -9999 -9999 -9999 6.53847E-1 6.37468E-1 6.14976E-1 5.74265E-1 5.60694E-1 5.44934E-1 5.42524E-1 5.10931E-1 4.79769E-1 4.86392E-1 4.87055E-1 4.48419E-1 4.27463E-1 3.99302E-1 3.84989E-1 3.8034E-1 3.7716E-1 3.95375E-1 3.65396E-1 3.8693E-1 3.64062E-1 3.65588E-1 3.46206E-1 3.53565E-1 3.55715E-1 3.43993E-1 3.37539E-1 3.20863E-1 3.18925E-1 3.37887E-1 3.44332E-1 3.73265E-1 3.48717E-1 3.42366E-1 3.23044E-1 3.44982E-1 3.51688E-1 3.85868E-1 3.58202E-1 3.95166E-1 4.10961E-1 4.23633E-1 4.22789E-1 4.09632E-1 3.85143E-1 3.97406E-1 4.12197E-1 4.03857E-1 3.94337E-1 4.19825E-1 4.49718E-1 4.75837E-1 4.61025E-1 4.8312E-1 5.09599E-1 5.00924E-1 4.59359E-1
-9999 -9999 -9999 -9999 -9999 -9999 -9999 -9999 -9999 -9999 -9999 -9999 -9999 -9999 6.99373E-1 6.75675E-1 6.26523E-1 6.07659E-1 5.71096E-1 5.50107E-1 5.30969E-1 5.24142E-1 5.1482E-1 4.75733E-1 4.57596E-1 4.64857E-1 4.27624E-1 4.10406E-1 3.93883E-1 4.02402E-1 3.7192E-1 3.81747E-1 3.60076E-1 3.67793E-1 3.7896E-1 3.59687E-1 3.54861E-1 3.55783E-1 3.45487E-1 3.40496E-1 3.2042E-1 3.18169E-1 3.26698E-1 3.29097E-1 3.30457E-1 3.30901E-1 3.63986E-1 3.57539E-1 3.37266E-1 3.30467E-1 3.43542E-1 3.60843E-1 3.70987E-1 3.63284E-1 4.07552E-1 3.92222E-1 4.14493E-1 3.97593E-1 3.80329E-1 3.73332E-1 4.14627E-1 4.05195E-1 4.1221E-1 3.9284E-1 4.28441E-1 4.57368E-1 4.57179E-1 4.5008E-1 4.74444E-1 4.85704E-1 4.88585E-1 4.53361E-1
-9999 -9999 -9999 -9999 -9999 -9999 -9999 -9999 -9999 -9999 -9999 -9999 -9999 -9999 6.86183E-1 6.52147E-1 6.33237E-1 6.02169E-1 5.8577E-1 5.5248E-1 5.32443E-1 5.06362E-1 4.96634E-1 4.95617E-1 4.55279E-1 4.50377E-1 4.09055E-1 3.92526E-1 3.85618E-1 3.88595E-1 3.72047E-1 3.72176E-1 3.66477E-1 3.67226E-1 3.59023E-1 3.43707E-1 3.4732E-1 3.38697E-1 3.31379E-1 3.15875E-1 3.05552E-1 3.11026E-1 3.16804E-1 3.10213E-1 3.19729E-1 3.1928E-1 3.53431E-1 3.38992E-1 3.151E-1 3.21064E-1 3.45068E-1 3.51148E-1 3.80496E-1 3.84481E-1 3.91996E-1 4.13031E-1 3.96066E-1 3.97552E-1 3.75176E-1 3.69659E-1 4.03542E-1 3.83514E-1 4.05294E-1 3.8305E-1 4.13135E-1 4.32096E-1 4.32616E-1 4.27475E-1 4.65052E-1 4.69752E-1 4.84176E-1 4.63027E-1
-9999 -9999 -9999 -9999 -9999 -9999 -9999 -9999 -9999 -9999 -9999 -9999 -9999 -9999 6.5693E-1 6.50696E-1 6.14309E-1 5.83587E-1 5.70953E-1 5.58292E-1 5.09514E-1 4.96661E-1 4.83776E-1 4.82682E-1 4.56622E-1 4.42864E-1 3.95341E-1 4.16236E-1 3.76095E-1 3.83006E-1 3.63756E-1 3.58597E-1 3.5807E-1 3.63489E-1 3.35074E-1 3.39166E-1 3.39717E-1 3.38197E-1 3.21269E-1 3.00645E-1 2.99208E-1 2.92371E-1 3.17649E-1 2.96234E-1 3.25888E-1 3.35621E-1 3.56432E-1 3.36942E-1 3.10124E-1 3.30084E-1 3.2786E-1 3.57562E-1 3.70398E-1 3.8385E-1 3.89314E-1 3.94324E-1 3.90499E-1 3.86515E-1 3.58299E-1 3.63991E-1 3.80898E-1 4.06095E-1 3.95716E-1 3.97765E-1 4.12678E-1 4.13069E-1 4.23102E-1 4.15503E-1 4.41437E-1 4.59298E-1 4.77423E-1 4.74992E-1
-9999 -9999 -9999 -9999 -9999 -9999 -9999 -9999 -9999 -9999 -9999 -9999 -9999 -9999 -9999 6.55938E-1 6.12714E-1 5.79635E-1 5.79847E-1 5.57834E-1 5.38209E-1 5.01976E-1 4.90335E-1 4.73689E-1 4.52801E-1 4.25129E-1 4.09511E-1 4.00088E-1 3.96101E-1 3.8839E-1 3.54045E-1 3.66247E-1 3.545E-1 3.55966E-1 3.48246E-1 3.34586E-1 3.33072E-1 3.07086E-1 3.1103E-1 3.01699E-1 3.03354E-1 2.89E-1 2.91928E-1 3.04121E-1 3.25825E-1 3.45711E-1 3.36662E-1 3.18392E-1 3.10817E-1 3.17476E-1 3.19965E-1 3.442E-1 3.62878E-1 3.83282E-1 3.69723E-1 3.80085E-1 3.71329E-1 3.72805E-1 3.5912E-1 3.6817E-1 3.74515E-1 3.9841E-1 3.87576E-1 4.1128E-1 4.13227E-1 4.04926E-1 4.02288E-1 4.10101E-1 4.3332E-1 4.64257E-1 4.68271E-1 4.66552E-1
-9999 -9999 -9999 -9999 -9999 -9999 -9999 -9999 -9999 -9999 -9999 -9999 -9999 7.25919E-1 6.64386E-1 6.45222E-1 6.44851E-1 5.86943E-1 5.62879E-1 5.48905E-1 5.30861E-1 5.10033E-1 4.78742E-1 4.65741E-1 4.504E-1 4.33696E-1 4.06103E-1 3.97234E-1 3.95313E-1 3.8099E-1 3.59536E-1 3.61497E-1 3.41062E-1 3.37666E-1 3.42187E-1 3.14454E-1 3.19043E-1 2.98774E-1 2.97673E-1 2.943E-1 3.00456E-1 2.86109E-1 2.88247E-1 2.89183E-1 3.18308E-1 3.16595E-1 3.17904E-1 3.11409E-1 3.02362E-1 3.18315E-1 3.21845E-1 3.39083E-1 3.49088E-1 3.61387E-1 3.44268E-1 3.39567E-1 3.57689E-1 3.57598E-1 3.65518E-1 3.58703E-1 3.66113E-1 3.87074E-1 3.91388E-1 3.89584E-1 3.96908E-1 4.1048E-1 3.85556E-1 4.00942E-1 4.21066E-1 4.58295E-1 4.77541E-1 4.7779E-1
-9999 -9999 -9999 -9999 -9999 -9999 -9999 -9999 -9999 -9999 -9999 -9999 7.20122E-1 7.03348E-1 6.41012E-1 6.37786E-1 6.31821E-1 5.89507E-1 5.61585E-1 5.38217E-1 5.19952E-1 5.12899E-1 4.75977E-1 4.62358E-1 4.37253E-1 4.17789E-1 4.05266E-1 3.93856E-1 3.80219E-1 3.60565E-1 3.53671E-1 3.47755E-1 3.47283E-1 3.39302E-1 3.10077E-1 3.02478E-1 3.0265E-1 2.97239E-1 2.82241E-1 3.06117E-1 2.9576E-1 2.81762E-1 2.85612E-1 3.09458E-1 3.21701E-1 3.21361E-1 3.16876E-1 3.00531E-1 2.90797E-1 2.94073E-1 3.20785E-1 3.27202E-1 3.36396E-1 3.5964E-1 3.54339E-1 3.37525E-1 3.37769E-1 3.47772E-1 3.50361E-1 3.59224E-1 3.59273E-1 3.89925E-1 3.94432E-1 3.97272E-1 4.04899E-1 3.99489E-1 4.05432E-1 4.10915E-1 4.00827E-1 4.28654E-1 4.27572E-1 4.58232E-1
