Artocarpus altilis SDM files/MIS19/results (without bias file)/Artalt_min.asc
ncols         1201
nrows         481
xllcorner     119.99986351115
yllcorner     -15.00013828885
cellsize      0.041666667
NODATA_value  -9999
[rows 128 to 159 of 481, columns 288 to 359 of 1201]
-9999 -9999 -9999 -9999 -9999 -9999 -9999 -9999 -9999 -9999 -9999 -9999 -9999 -9999 -9999 -9999 -9999 -9999 -9999 -9999 -9999 -9999 -9999 -9999 -9999 -9999 -9999 -9999 -9999 -9999 -9999 -9999 -9999 -9999 -9999 -9999 -9999 -9999 -9999 -9999 -9999 -9999 -9999 -9999 -9999 -9999 -9999 -9999 -9999 -9999 -9999 -9999 -9999 -9999 -9999 -9999 -9999 -9999 -9999 -9999 -9999 -9999 -9999 -9999 -9999 -9999 -9999 -9999 -9999 -9999 -9999 -9999
-9999 -9999 -9999 8.81183E-1 9.01305E-1 -9999 9.45514E-1 9.54927E-1 9.45331E-1 9.30266E-1 9.1024E-1 9.23943E-1 9.47252E-1 9.53641E-1 9.45465E-1 9.70386E-1 9.79128E-1 9.56281E-1 -9999 -9999 -9999 -9999 -9999 -9999 -9999 -9999 -9999 -9999 -9999 -9999 -9999 -9999 -9999 -9999 -9999 -9999 -9999 -9999 -9999 -9999 -9999 -9999 -9999 -9999 -9999 -9999 -9999 -9999 -9999 -9999 -9999 -9999 -9999 -9999 -9999 -9999 -9999 -9999 -9999 -9999 -9999 -9999 -9999 -9999 -9999 -9999 -9999 -9999 -9999 -9999 -9999 -9999
-9999 -9999 -9999 -9999 9.2823E-1 9.29703E-1 8.18095E-1 7.95488E-1 7.18456E-1 5.69888E-1 5.63602E-1 6.00179E-1 6.9285E-1 7.86108E-1 7.54008E-1 7.11014E-1 7.90588E-1 7.583E-1 9.24522E-1 9.75986E-1 -9999 -9999 -9999 -9999 -9999 -9999 -9999 -9999 -9999 -9999 -9999 -9999 -9999 -9999 -9999 -9999 -9999 -9999 -9999 -9999 -9999 -9999 -9999 -9999 -9999 -9999 -9999 -9999 -9999 -9999 -9999 -9999 -9999 -9999 -9999 -9999 -9999 -9999 -9999 -9999 -9999 -9999 -9999 -9999 -9999 -9999 -9999 -9999 -9999 -9999 -9999 -9999
-9999 -9999 9.1124E-1 9.00932E-1 8.86602E-1 7.85244E-1 7.43449E-1 8.43376E-1 8.56434E-1 8.22671E-1 8.52804E-1 6.58E-1 4.07118E-1 5.20267E-1 5.08522E-1 5.66793E-1 5.80914E-1 5.04268E-1 6.50186E-1 9.44979E-1 9.59025E-1 9.8796E-1 9.85407E-1 9.73742E-1 -9999 -9999 -9999 -9999 -9999 -9999 -9999 -9999 -9999 -9999 -9999 -9999 -9999 -9999 -9999 -9999 -9999 -9999 -9999 -9999 -9999 -9999 -9999 -9999 -9999 -9999 -9999 -9999 -9999 -9999 -9999 -9999 -9999 -9999 -9999 -9999 -9999 -9999 -9999 -9999 -9999 -9999 -9999 -9999 -9999 -9999 -9999 -9999
-9999 9.01654E-1 9.01561E-1 8.72079E-1 8.6741E-1 8.5055E-1 8.59625E-1 7.22853E-1 6.46426E-1 6.42766E-1 8.08738E-1 6.16876E-1 4.81465E-1 4.61177E-1 4.03926E-1 3.91938E-1 3.22645E-1 4.83867E-1 7.34508E-1 8.83547E-1 7.35428E-1 6.87076E-1 8.96526E-1 9.85197E-1 9.88014E-1 -9999 -9999 -9999 -9999 -9999 -9999 -9999 -9999 -9999 -9999 -9999 -9999 -9999 -9999 -9999 -9999 -9999 -9999 -9999 -9999 -9999 -9999 -9999 -9999 -9999 -9999 -9999 -9999 -9999 -9999 -9999 -9999 -9999 -9999 -9999 -9999 -9999 -9999 -9999 -9999 -9999 -9999 -9999 -9999 -9999 -9999 -9999
-9999 8.94656E-1 7.10296E-1 5.6892E-1 6.36712E-1 6.97775E-1 6.61445E-1 6.13867E-1 5.85878E-1 5.58541E-1 5.99163E-1 6.0651E-1 6.39722E-1 6.12636E-1 6.10745E-1 5.87967E-1 4.96206E-1 5.37198E-1 5.89108E-1 6.58462E-1 6.07689E-1 6.99254E-1 7.09126E-1 6.42576E-1 9.46706E-1 9.73159E-1 9.87742E-1 9.84187E-1 -9999 -9999 -9999 -9999 -9999 -9999 -9999 -9999 -9999 -9999 -9999 -9999 -9999 -9999 -9999 -9999 -9999 -9999 -9999 -9999 -9999 -9999 -9999 -9999 -9999 -9999 -9999 -9999 -9999 -9999 -9999 -9999 -9999 -9999 -9999 -9999 -9999 -9999 -9999 -9999 -9999 -9999 -9999 -9999
7.88453E-1 7.59377E-1 5.35226E-1 4.38315E-1 5.233E-1 5.5177E-1 5.34461E-1 4.96924E-1 4.73397E-1 4.73898E-1 5.40408E-1 5.63707E-1 5.60308E-1 5.80913E-1 5.77447E-1 5.28259E-1 5.19434E-1 4.15775E-1 5.37989E-1 5.17945E-1 5.21964E-1 6.0232E-1 5.55263E-1 5.13578E-1 6.31934E-1 6.86639E-1 8.88165E-1 9.68581E-1 9.86498E-1 -9999 -9999 -9999 -9999 -9999 -9999 -9999 -9999 -9999 -9999 -9999 -9999 -9999 -9999 -9999 -9999 -9999 -9999 -9999 -9999 -9999 -9999 -9999 -9999 -9999 -9999 -9999 -9999 -9999 -9999 -9999 -9999 -9999 -9999 -9999 -9999 -9999 -9999 -9999 -9999 -9999 -9999 -9999
4.98246E-1 5.28075E-1 5.18819E-1 4.1953E-1 3.09934E-1 3.11415E-1 3.31252E-1 4.33056E-1 3.19242E-1 3.77805E-1 4.7172E-1 4.58767E-1 5.36162E-1 4.72733E-1 4.59636E-1 5.93426E-1 5.12347E-1 4.6645E-1 4.05774E-1 4.11655E-1 4.69764E-1 4.52077E-1 4.20011E-1 4.50212E-1 4.78084E-1 5.54132E-1 6.38211E-1 8.60145E-1 8.95568E-1 9.84388E-1 9.83986E-1 -9999 -9999 -9999 -9999 -9999 -9999 -9999 -9999 -9999 -9999 -9999 -9999 -9999 -9999 -9999 -9999 -9999 -9999 -9999 -9999 -9999 -9999 -9999 -9999 -9999 -9999 -9999 -9999 -9999 -9999 -9999 -9999 -9999 -9999 -9999 -9999 -9999 -9999 -9999 -9999 -9999
4.76315E-1 3.68965E-1 4.04027E-1 3.67212E-1 3.52753E-1 2.62086E-1 2.5341E-1 2.19787E-1 2.34572E-1 3.01366E-1 3.43365E-1 4.15295E-1 4.69772E-1 4.09558E-1 5.09375E-1 5.57962E-1 5.48893E-1 4.9898E-1 3.9485E-1 3.45922E-1 3.60086E-1 2.82806E-1 3.75987E-1 3.77274E-1 3.42555E-1 4.95228E-1 5.82973E-1 6.34153E-1 7.29546E-1 8.8549E-1 9.68802E-1 9.84387E-1 -9999 -9999 -9999 -9999 -9999 -9999 -9999 -9999 -9999 -9999 -9999 -9999 -9999 -9999 -9999 -9999 -9999 -9999 -9999 -9999 -9999 -9999 -9999 -9999 -9999 -9999 -9999 -9999 -9999 -9999 -9999 -9999 -9999 -9999 -9999 -9999 -9999 -9999 -9999 -9999
6.41787E-1 3.66956E-1 3.97513E-1 3.52288E-1 3.19551E-1 3.55469E-1 2.87597E-1 2.33675E-1 2.51334E-1 2.82588E-1 2.79916E-1 2.83769E-1 3.18618E-1 2.83896E-1 4.10536E-1 3.63091E-1 3.15664E-1 2.63615E-1 2.49955E-1 3.10572E-1 3.16728E-1 3.12529E-1 3.25282E-1 3.15726E-1 4.03968E-1 4.27526E-1 4.90098E-1 5.99679E-1 5.98621E-1 6.42542E-1 7.00118E-1 9.84696E-1 9.90745E-1 -9999 -9999 -9999 -9999 -9999 -9999 -9999 -9999 -9999 -9999 -9999 -9999 -9999 -9999 -9999 -9999 -9999 -9999 -9999 -9999 -9999 -9999 -9999 -9999 -9999 -9999 -9999 -9999 -9999 -9999 -9999 -9999 -9999 -9999 -9999 -9999 -9999 -9999 -9999
6.8718E-1 6.3401E-1 6.36277E-1 5.85151E-1 4.31121E-1 4.02286E-1 3.90231E-1 3.14938E-1 3.50118E-1 3.97507E-1 4.13097E-1 4.27634E-1 4.20991E-1 3.62836E-1 3.68085E-1 3.25887E-1 3.64735E-1 2.77775E-1 3.24263E-1 4.1636E-1 4.39738E-1 3.97346E-1 3.36945E-1 3.03042E-1 2.81428E-1 3.13203E-1 3.75763E-1 3.6514E-1 3.88667E-1 5.60528E-1 6.47748E-1 7.9594E-1 9.59785E-1 9.93066E-1 9.93573E-1 9.93899E-1 9.92886E-1 9.92931E-1 9.93687E-1 9.91213E-1 9.84406E-1 9.92026E-1 9.81855E-1 9.79778E-1 9.79298E-1 9.83865E-1 9.80185E-1 9.92634E-1 9.13727E-1 -9999 -9999 -9999 -9999 -9999 -9999 -9999 -9999 -9999 -9999 -9999 -9999 -9999 -9999 -9999 -9999 -9999 -9999 -9999 -9999 -9999 -9999 -9999
6.92381E-1 7.01127E-1 7.05201E-1 6.488E-1 5.38947E-1 4.10586E-1 3.40195E-1 3.12131E-1 4.09837E-1 4.23462E-1 4.15997E-1 4.55578E-1 3.92645E-1 3.84723E-1 3.8916E-1 4.63064E-1 4.47564E-1 4.56081E-1 4.69997E-1 5.30111E-1 5.26019E-1 4.81145E-1 4.82458E-1 4.56483E-1 4.36575E-1 4.5141E-1 4.37059E-1 3.75851E-1 3.5166E-1 4.37928E-1 4.91208E-1 5.41839E-1 6.43139E-1 8.52967E-1 9.76891E-1 9.7815E-1 9.90956E-1 9.88005E-1 9.94178E-1 9.90333E-1 9.9304E-1 9.93724E-1 9.87639E-1 9.94313E-1 9.44934E-1 8.73567E-1 9.47976E-1 9.92675E-1 9.8089E-1 -9999 -9999 -9999 -9999 -9999 -9999 -9999 -9999 -9999 -9999 -9999 -9999 -9999 -9999 -9999 -9999 -9999 -9999 -9999 -9999 -9999 -9999 -9999
6.11118E-1 5.34883E-1 4.41148E-1 4.18803E-1 3.8442E-1 3.83755E-1 3.76062E-1 3.14992E-1 3.30512E-1 4.18045E-1 4.54672E-1 4.29553E-1 3.89011E-1 3.08265E-1 2.9371E-1 3.74341E-1 2.68185E-1 2.50772E-1 2.55003E-1 3.28017E-1 4.35829E-1 5.69763E-1 6.04813E-1 6.08361E-1 6.10119E-1 6.13487E-1 5.92681E-1 5.56005E-1 4.85657E-1 4.36001E-1 5.19773E-1 6.3986E-1 6.7142E-1 6.8117E-1 8.6846E-1 9.31448E-1 9.83144E-1 9.8398E-1 9.81678E-1 9.87929E-1 9.90232E-1 9.94397E-1 9.91898E-1 9.93613E-1 9.82437E-1 8.29176E-1 9.67431E-1 9.82612E-1 9.82459E-1 9.93635E-1 9.15468E-1 -9999 -9999 -9999 -9999 -9999 -9999 -9999 -9999 -9999 -9999 -9999 -9999 -9999 -9999 -9999 -9999 -9999 -9999 -9999 -9999 -9999
3.73958E-1 3.40821E-1 3.91206E-1 3.88502E-1 4.00042E-1 3.88013E-1 3.66088E-1 3.92309E-1 3.43945E-1 3.36634E-1 4.00365E-1 3.97035E-1 4.13095E-1 4.37826E-1 4.73682E-1 3.17246E-1 3.13851E-1 3.98921E-1 4.36328E-1 5.03871E-1 5.38461E-1 5.89041E-1 6.25615E-1 6.2699E-1 5.92644E-1 6.0079E-1 5.95471E-1 5.84036E-1 6.10055E-1 6.26944E-1 6.2373E-1 6.84285E-1 5.76904E-1 5.06895E-1 5.38727E-1 6.8396E-1 6.46072E-1 7.35089E-1 7.84106E-1 8.66558E-1 9.6887E-1 9.91076E-1 9.92177E-1 9.91878E-1 9.8452E-1 9.36293E-1 9.88726E-1 9.64004E-1 9.57625E-1 9.90684E-1 9.86672E-1 9.16058E-1 -9999 -9999 -9999 -9999 -9999 -9999 -9999 -9999 -9999 -9999 -9999 -9999 -9999 -9999 -9999 -9999 -9999 -9999 -9999 -9999
3.85266E-1 3.66998E-1 2.96822E-1 3.49882E-1 4.36741E-1 4.37549E-1 5.00908E-1 4.64896E-1 3.88283E-1 4.03873E-1 3.73191E-1 3.89922E-1 4.26024E-1 4.4384E-1 5.15335E-1 5.55931E-1 4.93191E-1 4.8602E-1 4.97653E-1 4.74552E-1 5.4892E-1 5.63762E-1 5.91099E-1 5.42807E-1 4.4277E-1 3.92013E-1 3.97646E-1 3.73193E-1 4.77413E-1 5.30639E-1 5.2141E-1 5.53656E-1 6.01854E-1 6.03018E-1 4.40013E-1 4.99194E-1 5.9735E-1 5.89506E-1 6.51191E-1 6.71839E-1 6.36053E-1 8.11641E-1 9.5172E-1 9.85585E-1 9.85177E-1 9.86981E-1 9.66455E-1 9.53402E-1 9.46704E-1 9.67946E-1 9.1264E-1 9.1477E-1 -9999 -9999 -9999 -9999 -9999 -9999 -9999 -9999 -9999 -9999 -9999 -9999 -9999 -9999 -9999 -9999 -9999 -9999 -9999 -9999
6.2657E-1 6.1414E-1 5.65456E-1 5.07971E-1 5.15815E-1 5.62718E-1 5.33386E-1 4.96288E-1 3.92573E-1 3.82261E-1 3.4512E-1 3.4798E-1 4.38854E-1 4.50435E-1 3.2718E-1 4.83978E-1 4.7977E-1 5.11946E-1 4.82493E-1 3.91721E-1 3.57647E-1 3.86687E-1 4.55145E-1 4.90044E-1 4.52304E-1 4.68673E-1 4.49533E-1 4.68561E-1 4.79111E-1 4.32731E-1 4.13527E-1 4.23513E-1 4.16777E-1 5.59574E-1 4.61496E-1 3.9326E-1 5.23202E-1 5.91527E-1 4.30716E-1 6.90482E-1 6.38029E-1 5.69331E-1 7.00993E-1 8.83507E-1 9.51517E-1 9.74477E-1 9.23572E-1 9.85332E-1 9.94348E-1 9.68037E-1 9.1691E-1 -9999 -9999 -9999 -9999 -9999 -9999 -9999 -9999 -9999 -9999 -9999 -9999 -9999 -9999 -9999 -9999 6.37986E-1 6.20091E-1 6.12563E-1 4.96089E-1 -9999
6.15571E-1 5.65395E-1 5.25676E-1 5.35803E-1 4.72304E-1 5.57275E-1 4.73661E-1 4.8825E-1 4.24472E-1 4.30473E-1 3.68045E-1 3.31604E-1 3.21626E-1 4.25616E-1 3.57193E-1 3.8253E-1 4.00262E-1 4.78866E-1 4.94236E-1 4.50781E-1 3.4167E-1 4.31631E-1 4.14759E-1 4.77492E-1 5.38543E-1 5.55824E-1 5.47719E-1 5.04549E-1 4.85541E-1 4.32273E-1 3.98732E-1 4.41345E-1 3.66135E-1 4.31584E-1 4.59002E-1 3.66641E-1 5.47044E-1 3.94928E-1 4.01715E-1 4.55245E-1 6.77831E-1 5.54727E-1 5.97511E-1 5.7272E-1 6.33804E-1 8.80068E-1 9.51465E-1 9.64248E-1 9.92982E-1 9.55896E-1 -9999 -9999 -9999 -9999 -9999 -9999 -9999 -9999 -9999 -9999 -9999 -9999 -9999 -9999 -9999 -9999 5.2336E-1 7.18651E-1 9.21138E-1 8.65603E-1 5.82318E-1 -9999
5.64472E-1 5.40246E-1 5.49088E-1 5.20787E-1 4.5718E-1 5.23867E-1 4.55324E-1 3.91741E-1 3.79748E-1 4.14801E-1 4.03175E-1 4.1188E-1 3.43522E-1 3.87581E-1 4.26462E-1 3.02969E-1 3.06388E-1 2.92842E-1 2.85186E-1 2.64678E-1 2.65263E-1 3.33319E-1 4.66505E-1 5.00975E-1 5.19608E-1 4.66427E-1 4.37442E-1 4.73438E-1 3.89711E-1 4.46067E-1 4.53111E-1 3.99753E-1 3.38903E-1 3.78782E-1 4.85835E-1 3.43057E-1 4.5618E-1 3.76526E-1 3.55828E-1 5.17185E-1 6.95661E-1 7.25541E-1 4.81655E-1 4.30474E-1 5.89356E-1 6.75627E-1 6.45614E-1 6.48376E-1 9.0984E-1 9.94383E-1 -9999 -9999 -9999 -9999 -9999 -9999 -9999 -9999 -9999 -9999 -9999 -9999 -9999 -9999 -9999 -9999 5.07047E-1 8.83233E-1 9.16118E-1 8.41417E-1 5.97175E-1 5.7154E-1
6.14078E-1 5.88013E-1 5.94865E-1 5.69829E-1 5.31313E-1 4.63611E-1 4.82341E-1 3.91481E-1 3.94718E-1 4.09129E-1 4.388E-1 4.37746E-1 4.1743E-1 4.18645E-1 4.29445E-1 3.5404E-1 3.58134E-1 2.43731E-1 2.23952E-1 3.35852E-1 4.04807E-1 4.21704E-1 4.8742E-1 4.82555E-1 4.46905E-1 4.68156E-1 4.93076E-1 4.95249E-1 4.6319E-1 4.80499E-1 3.76123E-1 3.41781E-1 3.07691E-1 3.46163E-1 3.64687E-1 3.52549E-1 3.81634E-1 3.43246E-1 4.76944E-1 5.88828E-1 4.53504E-1 6.75039E-1 4.33154E-1 3.8375E-1 4.21355E-1 5.90103E-1 5.41918E-1 4.82991E-1 6.57817E-1 9.65409E-1 -9999 -9999 -9999 -9999 -9999 -9999 -9999 -9999 -9999 -9999 -9999 -9999 -9999 -9999 -9999 -9999 -9999 6.89358E-1 9.12497E-1 8.47436E-1 5.92286E-1 5.50736E-1
5.5539E-1 5.24673E-1 5.32182E-1 5.77529E-1 5.2157E-1 4.53408E-1 3.86591E-1 3.56953E-1 3.55551E-1 3.7804E-1 4.11441E-1 4.26108E-1 4.17449E-1 4.58804E-1 3.92044E-1 3.67522E-1 2.93551E-1 2.52457E-1 2.69538E-1 4.3124E-1 3.97613E-1 2.84796E-1 2.84599E-1 3.0416E-1 3.34079E-1 3.99204E-1 4.81803E-1 3.56699E-1 3.54212E-1 3.07634E-1 3.1272E-1 4.29708E-1 3.87461E-1 3.39343E-1 3.66007E-1 3.10534E-1 3.17577E-1 3.44314E-1 4.23814E-1 4.6904E-1 3.8677E-1 5.25652E-1 5.94298E-1 4.35269E-1 3.99715E-1 4.75609E-1 5.80864E-1 4.27808E-1 5.91756E-1 6.81618E-1 9.8889E-1 -9999 -9999 -9999 -9999 -9999 -9999 -9999 -9999 -9999 -9999 -9999 -9999 -9999 -9999 -9999 6.12266E-1 4.80203E-1 7.50601E-1 8.67193E-1 7.34906E-1 5.45128E-1
5.57154E-1 4.77276E-1 4.50886E-1 4.50081E-1 4.55622E-1 4.07236E-1 3.61898E-1 3.63292E-1 3.52439E-1 3.54566E-1 3.88109E-1 3.85796E-1 3.40804E-1 4.10595E-1 4.32276E-1 3.44239E-1 3.3737E-1 3.163E-1 3.11287E-1 4.24064E-1 4.34878E-1 4.11419E-1 3.5531E-1 3.07569E-1 2.54547E-1 2.81379E-1 3.30583E-1 3.86928E-1 3.15278E-1 3.00201E-1 3.0997E-1 4.45597E-1 4.01303E-1 4.23239E-1 4.31248E-1 3.0049E-1 3.38605E-1 2.9298E-1 3.74577E-1 3.98717E-1 3.47021E-1 4.42169E-1 5.80897E-1 6.14912E-1 5.24738E-1 3.87116E-1 4.94402E-1 3.84584E-1 4.60302E-1 5.38455E-1 9.31203E-1 9.80678E-1 -9999 -9999 -9999 -9999 -9999 -9999 -9999 -9999 -9999 -9999 -9999 -9999 -9999 -9999 -9999 -9999 5.71448E-1 5.33596E-1 5.41084E-1 -9999
4.32549E-1 3.98277E-1 4.49843E-1 4.3679E-1 3.90065E-1 3.5761E-1 3.68855E-1 3.41189E-1 3.08936E-1 3.20459E-1 3.36907E-1 3.50948E-1 3.57592E-1 3.5648E-1 4.73899E-1 3.94078E-1 3.49164E-1 3.00295E-1 2.86708E-1 4.66305E-1 4.02395E-1 2.8048E-1 2.01019E-1 2.81904E-1 2.26226E-1 3.10452E-1 3.10084E-1 4.49182E-1 3.47351E-1 4.69211E-1 4.91476E-1 4.7363E-1 3.76577E-1 4.91762E-1 4.80239E-1 3.79226E-1 3.08166E-1 3.63682E-1 3.5967E-1 4.26895E-1 4.04759E-1 4.48882E-1 5.10399E-1 5.85723E-1 4.80764E-1 4.51853E-1 3.14826E-1 3.26472E-1 5.07392E-1 6.37758E-1 7.68935E-1 9.8628E-1 9.9175E-1 -9999 -9999 -9999 -9999 -9999 -9999 -9999 -9999 -9999 -9999 -9999 -9999 -9999 -9999 -9999 -9999 -9999 -9999 -9999
3.77381E-1 3.10585E-1 3.41131E-1 4.44188E-1 4.44205E-1 4.49263E-1 4.56769E-1 3.75294E-1 3.45073E-1 3.34335E-1 3.55516E-1 3.30407E-1 3.49877E-1 4.48293E-1 4.65577E-1 4.02587E-1 4.19877E-1 3.08485E-1 3.97042E-1 3.8647E-1 3.84733E-1 2.50551E-1 2.49894E-1 3.7925E-1 3.07575E-1 4.38764E-1 2.63474E-1 3.52643E-1 5.24557E-1 5.21769E-1 4.32449E-1 3.55038E-1 4.42608E-1 4.08803E-1 3.74363E-1 4.09058E-1 3.03706E-1 3.73124E-1 3.95484E-1 5.17906E-1 4.59153E-1 4.66841E-1 4.74174E-1 4.4542E-1 4.37581E-1 4.20699E-1 4.21393E-1 3.9156E-1 3.94206E-1 4.34082E-1 5.97305E-1 7.85968E-1 9.63801E-1 9.8879E-1 -9999 -9999 -9999 -9999 -9999 -9999 -9999 -9999 -9999 -9999 -9999 -9999 -9999 -9999 -9999 -9999 -9999 -9999
4.50918E-1 3.28108E-1 3.39754E-1 3.7178E-1 4.51794E-1 4.73472E-1 4.74712E-1 4.74299E-1 4.5947E-1 3.81133E-1 3.56606E-1 3.69079E-1 4.00024E-1 4.19566E-1 4.79054E-1 4.38143E-1 3.6726E-1 2.89424E-1 3.30102E-1 3.57333E-1 2.49028E-1 2.38986E-1 3.94003E-1 3.73296E-1 4.17103E-1 4.62758E-1 4.84857E-1 4.9077E-1 3.65461E-1 4.42519E-1 5.58178E-1 5.15599E-1 3.84906E-1 3.12928E-1 3.60337E-1 3.70144E-1 3.19197E-1 4.34556E-1 3.985E-1 4.44717E-1 4.58619E-1 3.67253E-1 3.58177E-1 4.20979E-1 4.62291E-1 3.97087E-1 2.98473E-1 3.74572E-1 4.65155E-1 4.33284E-1 5.17738E-1 7.0211E-1 8.2905E-1 9.76969E-1 -9999 -9999 -9999 -9999 -9999 -9999 -9999 -9999 -9999 -9999 -9999 -9999 -9999 -9999 -9999 -9999 -9999 -9999
4.53764E-1 4.6028E-1 4.10511E-1 3.85474E-1 3.36171E-1 3.52774E-1 3.67823E-1 3.56373E-1 4.08977E-1 4.09554E-1 3.64171E-1 3.75967E-1 4.07056E-1 5.29501E-1 5.53089E-1 5.66038E-1 4.90649E-1 3.28264E-1 3.06865E-1 4.00362E-1 3.61528E-1 2.46779E-1 3.8973E-1 3.65403E-1 4.86703E-1 5.65424E-1 5.24735E-1 4.47973E-1 4.37787E-1 4.07009E-1 4.19443E-1 4.04606E-1 5.14285E-1 5.11912E-1 3.85865E-1 3.99286E-1 3.4025E-1 4.58472E-1 3.86566E-1 4.22412E-1 4.15462E-1 3.6909E-1 4.07112E-1 3.23784E-1 3.94747E-1 4.03541E-1 3.59579E-1 3.29457E-1 5.40901E-1 4.20113E-1 4.49601E-1 6.65924E-1 9.51025E-1 9.90061E-1 9.7636E-1 -9999 -9999 -9999 -9999 -9999 -9999 -9999 -9999 -9999 -9999 -9999 -9999 -9999 -9999 -9999 -9999 -9999
4.60423E-1 4.43209E-1 4.73449E-1 4.85034E-1 3.89274E-1 3.38475E-1 3.19791E-1 3.41518E-1 3.65338E-1 4.17864E-1 4.59211E-1 4.87934E-1 5.07952E-1 5.76009E-1 6.51811E-1 6.37675E-1 6.36325E-1 5.99181E-1 4.56657E-1 3.69018E-1 3.88041E-1 3.34712E-1 2.5064E-1 4.2224E-1 5.66218E-1 5.36923E-1 4.16351E-1 3.80336E-1 4.18776E-1 5.21169E-1 4.69977E-1 4.66303E-1 3.52788E-1 4.4551E-1 5.0604E-1 4.87059E-1 4.16131E-1 5.10347E-1 4.22868E-1 3.34234E-1 3.36178E-1 4.04105E-1 4.05512E-1 3.30747E-1 3.337E-1 4.58598E-1 3.36376E-1 3.66013E-1 5.04605E-1 5.36106E-1 3.63314E-1 5.30589E-1 7.74071E-1 9.87742E-1 9.67576E-1 -9999 -9999 -9999 -9999 -9999 -9999 -9999 -9999 -9999 -9999 -9999 -9999 -9999 -9999 -9999 -9999 -9999
5.43033E-1 4.51634E-1 4.78178E-1 6.00823E-1 4.78622E-1 3.29244E-1 3.48528E-1 3.69225E-1 4.3225E-1 4.21565E-1 5.53134E-1 5.42133E-1 5.61253E-1 6.01284E-1 6.18859E-1 6.23889E-1 6.57373E-1 6.45915E-1 5.24459E-1 3.85855E-1 3.02445E-1 2.74557E-1 4.09361E-1 4.32859E-1 2.9957E-1 2.94227E-1 3.28841E-1 4.84388E-1 4.26838E-1 4.01247E-1 3.87165E-1 3.96045E-1 3.82268E-1 3.14652E-1 2.88182E-1 4.33979E-1 3.03405E-1 5.17679E-1 3.77708E-1 2.83961E-1 3.0195E-1 4.42977E-1 4.11931E-1 3.75354E-1 3.13874E-1 3.7632E-1 3.95771E-1 4.0855E-1 4.6708E-1 6.3601E-1 4.76301E-1 4.659E-1 6.45047E-1 9.79083E-1 -9999 -9999 -9999 -9999 -9999 -9999 -9999 -9999 -9999 -9999 -9999 -9999 -9999 -9999 -9999 -9999 -9999 -9999
6.41199E-1 5.11854E-1 5.85112E-1 6.52352E-1 6.91625E-1 5.1124E-1 4.30796E-1 5.00768E-1 5.05616E-1 5.45817E-1 5.63647E-1 6.40824E-1 6.33031E-1 6.33931E-1 6.72385E-1 6.43605E-1 6.51391E-1 6.46814E-1 5.75503E-1 5.262E-1 3.95258E-1 3.18353E-1 3.99956E-1 3.21472E-1 3.22329E-1 3.28964E-1 4.39377E-1 3.69773E-1 3.787E-1 4.20085E-1 3.97403E-1 3.75373E-1 3.44457E-1 3.4448E-1 3.46E-1 3.59843E-1 3.1809E-1 4.2705E-1 2.9504E-1 3.08931E-1 3.65227E-1 3.19369E-1 2.71737E-1 3.2121E-1 3.40527E-1 3.53817E-1 3.50271E-1 4.01871E-1 4.95354E-1 6.16434E-1 6.63756E-1 5.68592E-1 8.83448E-1 9.70204E-1 -9999 -9999 -9999 -9999 -9999 -9999 -9999 -9999 -9999 -9999 -9999 -9999 -9999 -9999 -9999 -9999 -9999 -9999
6.84133E-1 6.84715E-1 6.67698E-1 6.83014E-1 7.17394E-1 7.09426E-1 5.96374E-1 5.66512E-1 5.78705E-1 5.82924E-1 6.49906E-1 6.72582E-1 6.07613E-1 5.69136E-1 6.53637E-1 6.36713E-1 6.5184E-1 5.42889E-1 4.7436E-1 6.0695E-1 5.08206E-1 3.8297E-1 3.80655E-1 3.40003E-1 3.9454E-1 4.45234E-1 4.58245E-1 4.30613E-1 4.75161E-1 4.88612E-1 5.01466E-1 4.47515E-1 4.16715E-1 3.74936E-1 3.83133E-1 4.28139E-1 3.97781E-1 4.06739E-1 3.59842E-1 3.3649E-1 4.0256E-1 3.30715E-1 3.10875E-1 2.84082E-1 3.98362E-1 4.19731E-1 3.54264E-1 4.95873E-1 5.62894E-1 5.43866E-1 6.96873E-1 8.83957E-1 9.43415E-1 9.65518E-1 -9999 -9999 -9999 -9999 -9999 -9999 -9999 -9999 -9999 -9999 -9999 -9999 -9999 -9999 -9999 -9999 -9999 -9999
6.70837E-1 7.00978E-1 7.02264E-1 7.1402E-1 6.86137E-1 6.73138E-1 6.46683E-1 6.27218E-1 5.90128E-1 6.02239E-1 6.59594E-1 6.59555E-1 6.12319E-1 5.86456E-1 6.11119E-1 6.8762E-1 5.93507E-1 5.58523E-1 5.27091E-1 6.27999E-1 5.82713E-1 5.86611E-1 3.99977E-1 3.94202E-1 4.36017E-1 4.30558E-1 4.45118E-1 4.99744E-1 4.96025E-1 5.52722E-1 5.56327E-1 5.50142E-1 4.55692E-1 4.62239E-1 3.93241E-1 4.51397E-1 4.23832E-1 4.09104E-1 4.17384E-1 4.58591E-1 4.53734E-1 3.94762E-1 3.3881E-1 3.43833E-1 4.08986E-1 4.26571E-1 3.28707E-1 4.33964E-1 4.43777E-1 5.33472E-1 7.62041E-1 8.94036E-1 9.61681E-1 9.59284E-1 -9999 -9999 -9999 -9999 -9999 -9999 -9999 -9999 -9999 -9999 -9999 -9999 -9999 -9999 -9999 -9999 -9999 -9999
6.66802E-1 6.97375E-1 7.23507E-1 6.97838E-1 6.52774E-1 6.35407E-1 6.63239E-1 6.60483E-1 6.4505E-1 6.68011E-1 7.03662E-1 6.72771E-1 6.72191E-1 5.75037E-1 5.82415E-1 6.89795E-1 6.25282E-1 5.49766E-1 6.1377E-1 6.22457E-1 5.33054E-1 6.5867E-1 5.46127E-1 4.65454E-1 4.94278E-1 4.3442E-1 4.31873E-1 4.71002E-1 5.53101E-1 5.92725E-1 7.06576E-1 7.41522E-1 6.52335E-1 5.69481E-1 5.62563E-1 4.64809E-1 4.56827E-1 4.6044E-1 4.02416E-1 4.30039E-1 5.0941E-1 5.32992E-1 4.21427E-1 4.01866E-1 4.58641E-1 4.10007E-1 4.49283E-1 4.28067E-1 4.96234E-1 6.41219E-1 8.97128E-1 9.26023E-1 9.59499E-1 9.51367E-1 -9999 -9999 -9999 -9999 -9999 -9999 -9999 -9999 -9999 -9999 -9999 -9999 -9999 -9999 -9999 -9999 -9999 -9999
7.08696E-1 7.30831E-1 7.15535E-1 6.74622E-1 6.45241E-1 6.65266E-1 6.79655E-1 6.50255E-1 6.31806E-1 6.88404E-1 7.0777E-1 6.49244E-1 6.0638E-1 5.37571E-1 5.94383E-1 6.7481E-1 6.5897E-1 5.70178E-1 6.35281E-1 6.01383E-1 5.53118E-1 6.73038E-1 6.49062E-1 5.70407E-1 6.03278E-1 6.07461E-1 5.18655E-1 5.28995E-1 5.96755E-1 6.89408E-1 7.47628E-1 7.67772E-1 7.51024E-1 7.2713E-1 6.90212E-1 6.51541E-1 6.35815E-1 6.10546E-1 5.89131E-1 5.83831E-1 5.97595E-1 6.62647E-1 6.99702E-1 6.33313E-1 6.12983E-1 5.58134E-1 3.36096E-1 5.41842E-1 6.38257E-1 7.84794E-1 9.2097E-1 9.58652E-1 9.59234E-1 -9999 -9999 -9999 -9999 -9999 -9999 -9999 -9999 -9999 -9999 -9999 -9999 -9999 -9999 -9999 -9999 -9999 -9999 -9999
