Artocarpus hirsutus SDM files/MIS19/results (with bias file)/Arthir_9.asc
ncols         625
nrows         721
xllcorner     69.99986311115
yllcorner     5.99986187915
cellsize      0.041666667
NODATA_value  -9999
[rows 216 to 242 of 721, columns 122 to 182 of 625]
9.31192E-5 1.10311E-4 1.13579E-4 1.27174E-4 1.53974E-4 1.5957E-4 1.5994E-4 1.44228E-4 1.57384E-4 1.67841E-4 1.99773E-4 2.13485E-4 1.96581E-4 2.05855E-4 2.31281E-4 2.85417E-4 2.99055E-4 3.11187E-4 3.26127E-4 2.28745E-4 2.42935E-4 2.4498E-4 3.35945E-4 4.4164E-4 2.61608E-4 3.43244E-4 3.31504E-4 3.30325E-4 3.3475E-4 3.40208E-4 3.54151E-4 4.13525E-4 3.43202E-4 3.86175E-4 3.84417E-4 4.15535E-4 4.26489E-4 4.35033E-4 4.48756E-4 4.45798E-4 4.29857E-4 4.99584E-4 4.10944E-4 4.5101E-4 3.87937E-4 3.88109E-4 4.05497E-4 4.37493E-4 5.36284E-4 4.53523E-4 4.29025E-4 4.25749E-4 4.01581E-4 3.98107E-4 4.02251E-4 4.21323E-4 4.83712E-4 4.85313E-4 4.9177E-4 5.11943E-4 5.71639E-4
1.04198E-4 1.15471E-4 1.16531E-4 1.22869E-4 1.26201E-4 1.4684E-4 1.45419E-4 1.57719E-4 1.29096E-4 1.62268E-4 1.69801E-4 1.79658E-4 1.97249E-4 2.20512E-4 2.34453E-4 2.32335E-4 2.45738E-4 3.63497E-4 3.49894E-4 2.48762E-4 2.47932E-4 2.71158E-4 3.89526E-4 4.37638E-4 3.18383E-4 3.42099E-4 3.63384E-4 3.74275E-4 3.87231E-4 3.91113E-4 3.51808E-4 3.45984E-4 3.48476E-4 3.94743E-4 3.99823E-4 4.20882E-4 4.26489E-4 4.22277E-4 4.22612E-4 4.22805E-4 4.59418E-4 4.43942E-4 4.16239E-4 3.86654E-4 4.11893E-4 4.68042E-4 4.572E-4 4.53108E-4 5.5227E-4 5.74659E-4 5.56347E-4 4.76811E-4 3.655E-4 3.44428E-4 3.76774E-4 4.05731E-4 4.70332E-4 4.79354E-4 5.08779E-4 5.33263E-4 5.80896E-4
1.07839E-4 1.14488E-4 1.0772E-4 1.29378E-4 1.36889E-4 1.54355E-4 1.68564E-4 1.80732E-4 1.50996E-4 1.93808E-4 2.03437E-4 2.35496E-4 2.39258E-4 2.20611E-4 2.26884E-4 2.30308E-4 2.32619E-4 2.56619E-4 3.28494E-4 3.02544E-4 2.49776E-4 2.82258E-4 2.87493E-4 3.81879E-4 3.67823E-4 4.67003E-4 3.55159E-4 3.82921E-4 3.99949E-4 4.0935E-4 4.00623E-4 3.79642E-4 3.57225E-4 3.871E-4 4.01467E-4 4.74299E-4 4.82199E-4 4.80609E-4 4.75256E-4 4.92644E-4 5.01445E-4 4.78849E-4 4.04322E-4 3.82661E-4 4.40515E-4 3.65528E-4 3.36626E-4 3.31164E-4 3.53975E-4 4.36061E-4 3.96691E-4 4.74982E-4 3.96273E-4 3.87929E-4 4.11409E-4 4.55713E-4 5.67415E-4 5.87846E-4 5.41234E-4 5.53881E-4 5.09509E-4
1.23303E-4 1.25328E-4 1.33543E-4 1.34232E-4 1.39056E-4 1.56416E-4 1.51057E-4 1.46581E-4 1.46452E-4 1.66022E-4 2.01984E-4 2.04617E-4 2.08977E-4 2.18441E-4 2.26401E-4 2.31357E-4 2.09466E-4 2.67393E-4 3.70102E-4 2.74252E-4 2.37043E-4 2.59999E-4 2.61399E-4 3.37332E-4 3.11103E-4 3.40846E-4 3.26507E-4 3.56743E-4 3.74789E-4 3.92222E-4 4.29813E-4 3.88816E-4 3.87406E-4 4.48558E-4 4.78193E-4 4.86153E-4 5.1056E-4 4.51392E-4 4.78802E-4 5.66599E-4 5.62948E-4 4.04236E-4 3.64258E-4 4.1719E-4 3.55983E-4 3.53914E-4 3.62046E-4 2.97874E-4 2.65234E-4 2.74141E-4 2.62851E-4 3.69931E-4 4.08224E-4 3.92765E-4 4.1876E-4 5.51861E-4 5.70046E-4 5.03798E-4 4.88718E-4 4.90548E-4 4.83787E-4
1.30472E-4 1.28273E-4 1.31394E-4 1.32084E-4 1.42379E-4 1.78738E-4 1.7612E-4 1.41557E-4 1.47695E-4 1.68949E-4 1.67647E-4 1.68578E-4 1.92066E-4 2.08669E-4 2.09115E-4 2.35703E-4 2.16621E-4 2.37098E-4 2.71185E-4 2.69069E-4 2.50011E-4 2.7101E-4 2.8458E-4 2.93057E-4 3.67054E-4 4.19533E-4 3.5526E-4 3.4996E-4 3.41645E-4 3.56519E-4 3.97448E-4 4.27512E-4 4.46518E-4 4.58077E-4 4.7955E-4 4.9036E-4 4.99603E-4 4.44544E-4 4.53902E-4 4.63849E-4 3.74601E-4 4.19316E-4 4.10348E-4 3.27636E-4 3.46456E-4 3.67915E-4 3.6085E-4 3.57569E-4 3.60687E-4 3.06365E-4 3.0448E-4 3.09424E-4 3.69888E-4 4.65904E-4 4.42096E-4 4.93084E-4 4.86637E-4 3.9378E-4 4.23838E-4 4.32322E-4 5.07675E-4
1.1842E-4 1.16821E-4 1.22048E-4 1.12035E-4 1.28401E-4 1.64227E-4 1.81562E-4 1.43582E-4 1.37507E-4 1.56263E-4 1.7734E-4 1.81394E-4 1.84245E-4 1.9598E-4 2.34598E-4 2.40711E-4 2.42828E-4 2.38319E-4 2.57316E-4 2.98075E-4 2.69995E-4 2.80247E-4 3.20304E-4 3.80263E-4 3.75458E-4 3.55339E-4 3.61073E-4 3.30523E-4 3.26165E-4 3.37006E-4 3.50501E-4 4.18239E-4 4.35873E-4 4.69539E-4 4.80521E-4 5.0092E-4 3.87385E-4 4.13457E-4 3.11662E-4 3.5244E-4 4.08089E-4 3.78094E-4 3.24538E-4 3.41041E-4 3.5453E-4 4.29886E-4 4.28123E-4 4.19719E-4 4.00707E-4 4.33615E-4 4.19525E-4 4.54E-4 6.22623E-4 6.28397E-4 5.79123E-4 4.98889E-4 3.70982E-4 4.20146E-4 4.36042E-4 4.43295E-4 5.23976E-4
1.16437E-4 1.09282E-4 1.18566E-4 1.29302E-4 1.24322E-4 1.32109E-4 1.39988E-4 1.5762E-4 1.55139E-4 1.5849E-4 2.01362E-4 2.05358E-4 1.91205E-4 2.32149E-4 2.37923E-4 2.46568E-4 2.46455E-4 2.70567E-4 3.00066E-4 2.72911E-4 2.6366E-4 2.89653E-4 2.90718E-4 3.26968E-4 3.28444E-4 3.07138E-4 3.41898E-4 3.40517E-4 3.10151E-4 3.46876E-4 4.29013E-4 4.41346E-4 4.82935E-4 5.30201E-4 5.68122E-4 5.22217E-4 4.2509E-4 3.34394E-4 3.09844E-4 2.88301E-4 2.94931E-4 3.41861E-4 3.52032E-4 4.19492E-4 4.49429E-4 4.44798E-4 4.37727E-4 4.27727E-4 4.43334E-4 4.55874E-4 5.02442E-4 5.18763E-4 6.35747E-4 4.594E-4 4.69302E-4 4.17053E-4 4.18766E-4 4.64528E-4 4.7561E-4 4.91335E-4 5.30192E-4
1.31887E-4 1.1741E-4 1.13589E-4 1.30181E-4 1.33198E-4 1.30605E-4 1.38332E-4 1.5762E-4 1.63271E-4 1.70001E-4 1.87694E-4 1.78861E-4 1.90206E-4 2.08413E-4 2.20656E-4 2.49229E-4 2.49229E-4 2.54859E-4 2.88525E-4 2.84715E-4 3.17712E-4 2.7988E-4 2.81859E-4 2.80971E-4 2.80044E-4 3.08035E-4 3.40884E-4 3.42994E-4 3.38073E-4 3.91575E-4 4.47348E-4 4.59787E-4 5.06554E-4 5.4824E-4 5.01538E-4 3.24577E-4 3.89182E-4 3.07231E-4 3.28127E-4 3.45823E-4 3.54927E-4 3.59937E-4 4.28893E-4 3.95033E-4 4.65352E-4 4.50702E-4 4.47531E-4 4.41667E-4 4.45271E-4 4.5996E-4 4.14814E-4 4.45259E-4 4.34735E-4 4.44688E-4 5.30843E-4 4.74138E-4 5.28091E-4 4.59733E-4 4.78098E-4 4.90881E-4 4.87881E-4
1.04824E-4 1.23107E-4 1.23556E-4 1.27309E-4 1.32834E-4 1.33887E-4 1.38476E-4 1.62403E-4 1.81512E-4 1.94105E-4 1.97321E-4 1.81684E-4 2.0053E-4 2.2096E-4 2.29012E-4 2.5614E-4 2.40564E-4 2.52642E-4 2.82813E-4 2.93583E-4 2.78368E-4 2.87501E-4 2.77719E-4 2.82218E-4 2.97057E-4 2.92173E-4 3.10856E-4 2.8928E-4 3.2286E-4 3.41815E-4 4.00501E-4 4.1842E-4 4.87012E-4 4.86042E-4 2.97393E-4 2.71042E-4 2.82144E-4 3.37747E-4 3.82622E-4 3.54761E-4 4.16149E-4 4.39936E-4 4.39936E-4 4.65131E-4 4.63603E-4 4.69745E-4 4.98854E-4 4.83918E-4 4.29405E-4 5.05998E-4 4.9264E-4 5.17457E-4 4.6259E-4 3.5338E-4 3.25044E-4 3.50519E-4 4.12407E-4 4.32402E-4 5.23751E-4 5.58942E-4 6.13029E-4
1.18404E-4 1.21557E-4 1.24401E-4 1.30899E-4 1.46233E-4 1.45682E-4 1.40781E-4 1.59839E-4 1.90953E-4 1.8534E-4 1.99996E-4 2.06113E-4 2.14411E-4 2.17653E-4 2.45825E-4 2.17599E-4 2.34128E-4 2.58785E-4 2.71736E-4 3.29787E-4 3.16235E-4 2.94347E-4 2.98136E-4 3.05998E-4 3.09051E-4 2.96166E-4 2.97995E-4 3.1678E-4 3.38736E-4 3.48287E-4 3.7336E-4 3.40963E-4 3.75414E-4 2.86823E-4 2.84887E-4 3.02547E-4 3.44199E-4 3.66151E-4 4.42107E-4 4.5304E-4 4.50064E-4 4.72619E-4 4.60342E-4 4.73948E-4 4.71067E-4 4.40843E-4 4.96996E-4 4.88238E-4 5.36475E-4 5.31523E-4 4.75233E-4 4.61899E-4 3.6714E-4 3.13351E-4 3.35891E-4 3.89947E-4 4.1229E-4 4.4609E-4 5.45127E-4 5.65549E-4 6.59385E-4
1.21225E-4 1.30233E-4 1.51829E-4 1.32373E-4 1.25078E-4 1.35022E-4 1.54928E-4 1.58405E-4 1.62595E-4 1.7383E-4 1.88455E-4 1.99944E-4 2.30099E-4 2.2021E-4 2.19176E-4 2.24909E-4 2.55028E-4 2.64952E-4 2.86476E-4 3.22196E-4 3.22457E-4 3.10722E-4 3.02352E-4 3.07255E-4 3.18084E-4 3.02828E-4 3.13905E-4 3.51344E-4 3.84802E-4 4.07867E-4 3.66002E-4 3.2526E-4 3.47138E-4 3.9388E-4 3.22123E-4 3.26279E-4 3.5409E-4 3.8206E-4 3.96943E-4 4.36309E-4 4.53623E-4 4.66869E-4 4.11387E-4 4.40631E-4 4.47708E-4 4.20014E-4 4.37324E-4 4.80769E-4 4.15816E-4 3.49514E-4 4.51988E-4 3.90425E-4 3.63337E-4 4.6573E-4 4.6727E-4 4.43402E-4 4.01149E-4 5.8999E-4 7.03133E-4 5.96663E-4 6.56263E-4
1.27179E-4 1.28079E-4 1.34776E-4 1.34136E-4 1.41223E-4 1.48485E-4 1.54989E-4 1.62308E-4 1.74525E-4 1.79139E-4 1.9286E-4 1.99414E-4 2.13672E-4 2.48373E-4 2.59802E-4 2.63173E-4 2.60436E-4 2.58323E-4 2.83739E-4 3.41462E-4 3.39727E-4 3.54693E-4 3.14583E-4 3.24889E-4 3.02921E-4 3.07979E-4 3.17416E-4 3.30679E-4 3.00061E-4 2.99283E-4 2.61223E-4 3.08408E-4 4.01276E-4 3.8253E-4 3.36307E-4 3.44957E-4 3.88558E-4 3.93524E-4 4.13243E-4 4.26915E-4 4.46777E-4 4.52289E-4 4.72585E-4 4.75466E-4 4.83095E-4 4.52592E-4 4.19426E-4 4.21235E-4 3.86145E-4 4.35709E-4 5.24139E-4 4.93617E-4 5.31849E-4 4.75752E-4 3.83958E-4 4.0455E-4 5.14632E-4 6.01564E-4 7.06198E-4 6.36257E-4 6.76075E-4
1.24184E-4 1.26658E-4 1.45466E-4 1.3146E-4 1.47445E-4 1.53024E-4 1.52964E-4 1.55554E-4 1.69564E-4 1.7347E-4 1.64401E-4 1.73846E-4 2.13112E-4 2.20742E-4 2.33312E-4 2.50216E-4 2.41394E-4 2.7842E-4 3.49273E-4 3.98868E-4 4.22648E-4 3.74929E-4 3.77243E-4 3.71041E-4 3.26222E-4 3.01156E-4 3.40358E-4 3.15021E-4 2.79788E-4 2.6825E-4 2.93702E-4 2.87139E-4 2.90954E-4 2.98798E-4 3.44623E-4 3.64182E-4 3.86063E-4 3.90023E-4 4.23411E-4 4.31835E-4 4.51891E-4 5.3566E-4 5.44006E-4 5.75429E-4 4.66629E-4 5.04112E-4 4.57523E-4 4.34432E-4 4.63439E-4 4.79499E-4 4.58118E-4 3.96766E-4 3.41972E-4 3.97404E-4 4.6672E-4 6.5907E-4 6.44456E-4 6.80053E-4 6.78593E-4 6.98932E-4 6.99639E-4
1.22545E-4 1.27212E-4 1.32373E-4 1.33713E-4 1.37845E-4 1.42977E-4 1.54526E-4 1.5982E-4 1.64069E-4 1.74173E-4 1.79914E-4 2.16884E-4 2.21849E-4 2.39191E-4 2.43113E-4 2.38672E-4 2.55222E-4 2.95083E-4 3.03692E-4 2.99467E-4 3.38888E-4 3.18809E-4 3.53111E-4 3.64635E-4 3.40158E-4 3.3026E-4 3.36244E-4 3.07106E-4 3.19353E-4 2.86141E-4 3.01497E-4 3.32086E-4 3.37117E-4 3.67923E-4 3.67741E-4 3.82201E-4 4.18021E-4 4.2613E-4 4.5715E-4 5.17666E-4 5.56213E-4 5.64562E-4 4.75093E-4 4.92403E-4 5.62887E-4 4.43882E-4 4.79002E-4 5.0974E-4 4.76127E-4 4.87787E-4 4.38799E-4 3.84169E-4 5.79253E-4 6.10652E-4 6.04272E-4 5.49536E-4 5.02935E-4 5.31691E-4 4.52992E-4 4.21942E-4 3.91672E-4
1.34077E-4 1.38156E-4 1.41472E-4 1.42858E-4 1.37378E-4 1.39623E-4 1.53062E-4 1.75982E-4 1.83115E-4 1.72887E-4 2.02136E-4 2.27213E-4 2.33963E-4 2.43221E-4 2.59012E-4 2.58222E-4 2.56508E-4 2.77001E-4 2.95038E-4 3.04401E-4 3.39504E-4 3.10816E-4 3.07055E-4 3.36173E-4 3.61911E-4 3.71943E-4 3.84789E-4 3.34026E-4 3.55153E-4 3.4492E-4 3.32024E-4 3.55125E-4 3.67834E-4 3.89632E-4 3.795E-4 3.84851E-4 4.05037E-4 4.73577E-4 6.01635E-4 6.4126E-4 5.19822E-4 4.71503E-4 4.47023E-4 5.32169E-4 4.80348E-4 5.82045E-4 5.0178E-4 5.60738E-4 5.02753E-4 5.14476E-4 4.95512E-4 5.00837E-4 5.88612E-4 6.14193E-4 5.29556E-4 3.57949E-4 3.024E-4 3.16728E-4 3.36826E-4 3.63974E-4 5.1565E-4
1.2642E-4 1.17961E-4 1.41459E-4 1.34575E-4 1.38262E-4 1.42438E-4 1.51723E-4 1.64981E-4 1.67718E-4 1.74643E-4 1.77582E-4 1.89693E-4 2.0241E-4 2.30394E-4 2.30462E-4 2.28063E-4 2.62413E-4 2.9812E-4 3.09311E-4 3.47153E-4 3.5E-4 2.93746E-4 2.98509E-4 3.00504E-4 3.31184E-4 3.59671E-4 3.30925E-4 4.09655E-4 4.04069E-4 3.85303E-4 3.48288E-4 3.67836E-4 3.69469E-4 4.1676E-4 4.39447E-4 4.06313E-4 4.17913E-4 4.96152E-4 5.81674E-4 4.61316E-4 3.87314E-4 4.03898E-4 5.08794E-4 4.63787E-4 5.5138E-4 5.9722E-4 5.45072E-4 5.46528E-4 5.4005E-4 6.0863E-4 6.01597E-4 6.05232E-4 4.90796E-4 3.45259E-4 3.70947E-4 3.7041E-4 3.46981E-4 4.56829E-4 4.95692E-4 6.30044E-4 6.47791E-4
1.39606E-4 1.29095E-4 1.20867E-4 1.27071E-4 1.51329E-4 1.44382E-4 1.46388E-4 1.55333E-4 1.62213E-4 1.78024E-4 2.01458E-4 2.06915E-4 1.95395E-4 2.10574E-4 2.31127E-4 2.32741E-4 2.54759E-4 2.68864E-4 2.92474E-4 3.73245E-4 2.88236E-4 2.70242E-4 3.16614E-4 2.7591E-4 3.00042E-4 2.7845E-4 3.63505E-4 4.45459E-4 3.42386E-4 3.69163E-4 3.77593E-4 3.74064E-4 3.86191E-4 4.10648E-4 4.15312E-4 4.07746E-4 5.56859E-4 4.59438E-4 4.13533E-4 4.13171E-4 3.90286E-4 5.5404E-4 4.90589E-4 3.78091E-4 5.95882E-4 6.04452E-4 5.54439E-4 5.71842E-4 6.47971E-4 5.74356E-4 4.9101E-4 4.19681E-4 3.13139E-4 3.64053E-4 3.52057E-4 4.18467E-4 4.82296E-4 6.78816E-4 6.33176E-4 6.96752E-4 6.8389E-4
1.25176E-4 1.29092E-4 1.34925E-4 1.23734E-4 1.34486E-4 1.52912E-4 1.41516E-4 1.66535E-4 1.86882E-4 1.73383E-4 1.82033E-4 1.92045E-4 1.99278E-4 2.05253E-4 2.11951E-4 2.0589E-4 2.52323E-4 2.65425E-4 2.66563E-4 2.78491E-4 2.53924E-4 2.63063E-4 3.11977E-4 3.10794E-4 2.91415E-4 3.064E-4 3.51694E-4 3.0172E-4 3.21816E-4 3.42082E-4 3.68021E-4 3.94981E-4 3.94775E-4 4.22282E-4 4.56269E-4 4.00894E-4 4.02508E-4 4.02158E-4 3.93052E-4 4.48448E-4 5.02385E-4 5.25271E-4 4.00412E-4 5.84867E-4 6.84762E-4 6.9442E-4 6.28135E-4 5.65938E-4 3.58418E-4 3.60453E-4 3.87953E-4 3.79092E-4 3.75748E-4 4.05258E-4 5.81571E-4 6.22471E-4 7.06978E-4 6.97549E-4 6.0648E-4 5.89736E-4 5.90047E-4
1.29472E-4 1.29928E-4 1.3626E-4 1.4048E-4 1.37353E-4 1.4484E-4 1.44277E-4 1.72869E-4 2.09808E-4 1.53262E-4 1.60346E-4 1.8123E-4 1.95573E-4 2.10633E-4 2.21981E-4 2.27749E-4 2.8246E-4 2.36505E-4 2.58975E-4 2.73273E-4 2.68057E-4 2.39705E-4 2.68391E-4 2.60681E-4 2.67594E-4 3E-4 2.94312E-4 2.75507E-4 3.24241E-4 3.51313E-4 3.69684E-4 3.97675E-4 4.46986E-4 4.38399E-4 4.46747E-4 4.62643E-4 4.35672E-4 4.41032E-4 4.48042E-4 4.58961E-4 4.48211E-4 5.37745E-4 5.66418E-4 5.98066E-4 5.78268E-4 4.40988E-4 4.51199E-4 3.96953E-4 3.17085E-4 3.41469E-4 3.85609E-4 3.6204E-4 4.10221E-4 5.32987E-4 5.81335E-4 6.27601E-4 6.66729E-4 6.54079E-4 6.37794E-4 6.23939E-4 6.4871E-4
1.30833E-4 1.37192E-4 1.37223E-4 1.44245E-4 1.53313E-4 1.43862E-4 1.49298E-4 1.54447E-4 1.75576E-4 1.66105E-4 1.77376E-4 1.7998E-4 2.04271E-4 2.13528E-4 2.24938E-4 2.31359E-4 2.54041E-4 2.28213E-4 2.69064E-4 3.0396E-4 2.71429E-4 2.68394E-4 2.88338E-4 2.58063E-4 2.6419E-4 2.86514E-4 3.17457E-4 3.23265E-4 3.28613E-4 3.3151E-4 3.84229E-4 4.03808E-4 4.02836E-4 4.16647E-4 4.24678E-4 4.35439E-4 4.45068E-4 4.88274E-4 5.28275E-4 6.28243E-4 8.32709E-4 8.50992E-4 7.21738E-4 6.58059E-4 5.77776E-4 3.48246E-4 5.6453E-4 3.56773E-4 3.57821E-4 3.66667E-4 3.79929E-4 4.71899E-4 5.52112E-4 5.69645E-4 5.91874E-4 8.71959E-4 8.71405E-4 9.04656E-4 6.78389E-4 5.90421E-4 6.43769E-4
1.35809E-4 1.43288E-4 1.47624E-4 1.52697E-4 1.57837E-4 1.59488E-4 1.6263E-4 1.59476E-4 1.66623E-4 1.98558E-4 2.02568E-4 2.07205E-4 2.28231E-4 2.3964E-4 2.49799E-4 2.5533E-4 2.58037E-4 2.86832E-4 2.58511E-4 2.62102E-4 2.56365E-4 2.84266E-4 3.3266E-4 3.24196E-4 2.92135E-4 2.99868E-4 3.20956E-4 3.28718E-4 3.31793E-4 4.04429E-4 4.10434E-4 4.15627E-4 4.55835E-4 4.69917E-4 4.75845E-4 5.52051E-4 4.63198E-4 5.85779E-4 7.78626E-4 7.43456E-4 7.43773E-4 8.57526E-4 6.75999E-4 4.60209E-4 3.85221E-4 3.50248E-4 3.03285E-4 3.62969E-4 4.07983E-4 5.06009E-4 5.77081E-4 6.4804E-4 6.30749E-4 6.33984E-4 7.76464E-4 8.74524E-4 6.78006E-4 4.73331E-4 4.90069E-4 6.35887E-4 8.19158E-4
1.40022E-4 1.42897E-4 1.43882E-4 1.56302E-4 1.48601E-4 1.56726E-4 1.75553E-4 1.92102E-4 1.90302E-4 2.27591E-4 2.06792E-4 2.19281E-4 2.32478E-4 2.33213E-4 2.37266E-4 2.68897E-4 2.64705E-4 3.01084E-4 2.97959E-4 3.09559E-4 2.88804E-4 2.8556E-4 3.00957E-4 3.33441E-4 3.15266E-4 3.37427E-4 3.417E-4 4.37643E-4 4.02539E-4 4.51778E-4 4.40488E-4 4.631E-4 4.73559E-4 4.85825E-4 5.84091E-4 5.79489E-4 4.97506E-4 5.16428E-4 6.93346E-4 7.5529E-4 7.37835E-4 7.68053E-4 6.6619E-4 4.78427E-4 3.97264E-4 4.25662E-4 4.19787E-4 5.20767E-4 5.91815E-4 6.35495E-4 7.04062E-4 7.67983E-4 8.35924E-4 6.31454E-4 6.10943E-4 4.62092E-4 4.07222E-4 4.63731E-4 6.64894E-4 8.35382E-4 9.55449E-4
1.48222E-4 1.48723E-4 1.49717E-4 1.50624E-4 1.48697E-4 1.59907E-4 1.58151E-4 1.87531E-4 2.04012E-4 2.01932E-4 2.06009E-4 2.13382E-4 2.15182E-4 2.36923E-4 2.54041E-4 2.74121E-4 2.96685E-4 2.66091E-4 3.07518E-4 3.09401E-4 3.16734E-4 3.23805E-4 2.81524E-4 3.21079E-4 3.41334E-4 3.51548E-4 3.75378E-4 4.37078E-4 3.8241E-4 4.48833E-4 3.90127E-4 4.57623E-4 4.86872E-4 5.30929E-4 6.943E-4 5.76764E-4 6.41121E-4 5.15526E-4 3.76075E-4 5.03485E-4 5.03599E-4 3.20968E-4 3.60837E-4 3.72104E-4 3.97157E-4 4.59163E-4 5.81491E-4 6.33992E-4 5.66985E-4 6.871E-4 7.32171E-4 8.68891E-4 7.49289E-4 5.98897E-4 4.66783E-4 4.20022E-4 4.93962E-4 6.33264E-4 7.77615E-4 9.34942E-4 1.04271E-3
1.48986E-4 1.43852E-4 1.48647E-4 1.52197E-4 1.56239E-4 1.58403E-4 1.68101E-4 1.94319E-4 1.90371E-4 2.18489E-4 2.06009E-4 2.06742E-4 2.27055E-4 2.48022E-4 2.2456E-4 3.0465E-4 2.94066E-4 2.81761E-4 2.9655E-4 3.0303E-4 3.39407E-4 3.478E-4 3.1462E-4 3.37744E-4 3.28191E-4 3.96077E-4 4.12181E-4 4.07258E-4 3.93425E-4 3.83786E-4 4.13113E-4 4.52605E-4 6.11753E-4 7.4042E-4 6.55252E-4 5.99707E-4 3.95685E-4 4.1711E-4 3.6768E-4 3.94397E-4 3.24894E-4 4.09614E-4 4.21363E-4 4.12478E-4 5.19674E-4 6.33577E-4 7.09992E-4 5.8295E-4 7.05537E-4 6.47569E-4 8.31104E-4 8.32327E-4 7.49554E-4 5.44018E-4 5.12917E-4 5.09545E-4 5.94984E-4 7.27039E-4 8.07163E-4 9.16556E-4 8.88561E-4
1.54599E-4 1.52276E-4 1.69158E-4 1.69091E-4 1.63709E-4 1.59345E-4 1.64671E-4 1.8625E-4 1.94854E-4 2.34183E-4 1.9236E-4 2.07945E-4 2.32828E-4 2.20224E-4 2.21483E-4 2.66199E-4 2.72023E-4 2.94626E-4 3.01788E-4 3.14701E-4 3.05699E-4 3.07759E-4 3.21802E-4 3.09842E-4 3.59582E-4 3.57577E-4 4.392E-4 3.99696E-4 3.89366E-4 3.99951E-4 4.37172E-4 5.80067E-4 6.67723E-4 6.37669E-4 4.65282E-4 4.48884E-4 4.6136E-4 4.23074E-4 4.21861E-4 4.64381E-4 4.74779E-4 4.14442E-4 4.30296E-4 6.24116E-4 6.30586E-4 7.07683E-4 7.5253E-4 5.49349E-4 5.60705E-4 6.52486E-4 7.56066E-4 7.98993E-4 7.02567E-4 4.75142E-4 5.3457E-4 6.65641E-4 8.0219E-4 7.83341E-4 8.22087E-4 9.7899E-4 9.90228E-4
1.69366E-4 1.78523E-4 1.77248E-4 1.80928E-4 1.89467E-4 1.8101E-4 1.80859E-4 1.87655E-4 1.69737E-4 2.58207E-4 1.82886E-4 2.15707E-4 2.17682E-4 2.36871E-4 2.72864E-4 2.88109E-4 2.67425E-4 2.9233E-4 3.27674E-4 2.93167E-4 3.06744E-4 3.18637E-4 2.89933E-4 3.26731E-4 4.24558E-4 4.08054E-4 3.91339E-4 3.9091E-4 3.83529E-4 3.9457E-4 5.09242E-4 5.19743E-4 4.46975E-4 4.25722E-4 6.95718E-4 5.3544E-4 3.70781E-4 4.22917E-4 4.33152E-4 4.67889E-4 4.91703E-4 4.91197E-4 6.36023E-4 6.531E-4 6.70983E-4 6.67157E-4 7.82339E-4 7.12651E-4 4.53902E-4 6.24478E-4 7.38846E-4 7.53669E-4 4.91227E-4 4.61546E-4 6.17586E-4 7.48565E-4 8.43123E-4 8.16947E-4 9.23452E-4 8.425E-4 7.53999E-4
1.60794E-4 1.77849E-4 1.65956E-4 1.70944E-4 1.73741E-4 1.8748E-4 1.86898E-4 1.90036E-4 1.86291E-4 2.30753E-4 1.91032E-4 2.09523E-4 2.23458E-4 2.64338E-4 2.77154E-4 2.78157E-4 3.30132E-4 3.16093E-4 2.73029E-4 2.92645E-4 3.00016E-4 3.09758E-4 2.80874E-4 3.29607E-4 3.69909E-4 3.52991E-4 3.46829E-4 3.46829E-4 3.54655E-4 3.77403E-4 5.40079E-4 3.88738E-4 3.30504E-4 5.73285E-4 4.49352E-4 3.46291E-4 3.97706E-4 4.27781E-4 4.19252E-4 4.42638E-4 4.58634E-4 5.78404E-4 6.42252E-4 7.08017E-4 6.94933E-4 7.25255E-4 5.82378E-4 6.1873E-4 7.41529E-4 4.33086E-4 6.54971E-4 4.92733E-4 4.7183E-4 5.79194E-4 7.31366E-4 8.19713E-4 7.88411E-4 8.72691E-4 7.79947E-4 7.46482E-4 6.60247E-4
