Artocarpus hirsutus SDM files/MIS19/results (with bias file)/Arthir_8.asc
ncols         625
nrows         721
xllcorner     69.99986311115
yllcorner     5.99986187915
cellsize      0.041666667
NODATA_value  -9999
[rows 108 to 134 of 721, columns 61 to 121 of 625]
2.99609E-4 3.11214E-4 2.86172E-4 3.0288E-4 3.12268E-4 2.86683E-4 2.9271E-4 3.51626E-4 2.89735E-4 2.95137E-4 2.78622E-4 2.60057E-4 2.6379E-4 2.33433E-4 2.42591E-4 2.33876E-4 2.44401E-4 2.40694E-4 2.64778E-4 2.44654E-4 2.26791E-4 2.78936E-4 2.46301E-4 2.29288E-4 2.40656E-4 1.6706E-4 2.68593E-4 2.50701E-4 2.56893E-4 2.60775E-4 2.42244E-4 2.59978E-4 2.69079E-4 2.83088E-4 2.98758E-4 3.15052E-4 3.41104E-4 3.40589E-4 3.52317E-4 3.22512E-4 3.62758E-4 3.82517E-4 4.04848E-4 4.3697E-4 4.50009E-4 4.42492E-4 4.10035E-4 4.23787E-4 4.33251E-4 4.93619E-4 5.16572E-4 5.45619E-4 5.56057E-4 5.74488E-4 5.63415E-4 5.06572E-4 5.90467E-4 3.73758E-4 3.79106E-4 3.49579E-4 3.45381E-4
2.99402E-4 2.76325E-4 2.51469E-4 2.61232E-4 2.71224E-4 2.45736E-4 2.60932E-4 2.73978E-4 2.51956E-4 2.56457E-4 2.41429E-4 2.21894E-4 1.96192E-4 2.28604E-4 2.16204E-4 2.2125E-4 2.05372E-4 1.876E-4 2.1684E-4 1.53224E-4 1.41464E-4 2.56315E-4 2.3953E-4 1.73054E-4 2.3098E-4 1.62324E-4 1.51958E-4 1.61706E-4 2.44742E-4 2.61291E-4 2.39705E-4 2.45594E-4 2.60893E-4 2.69079E-4 2.85975E-4 2.54189E-4 3.00997E-4 3.18691E-4 2.94695E-4 2.97454E-4 3.55415E-4 3.76322E-4 3.45779E-4 3.57324E-4 3.79224E-4 4.27873E-4 3.9651E-4 4.09736E-4 4.08058E-4 4.63716E-4 4.80422E-4 4.96442E-4 5.11202E-4 5.24567E-4 4.74933E-4 4.87351E-4 4.88453E-4 4.8981E-4 3.0576E-4 3.12424E-4 3.18594E-4
2.61018E-4 2.72721E-4 2.51513E-4 2.29224E-4 2.36737E-4 2.43258E-4 2.56517E-4 2.37818E-4 2.27404E-4 2.30102E-4 2.33545E-4 2.14658E-4 2.22327E-4 2.37192E-4 2.15172E-4 2.19955E-4 1.34867E-4 1.37307E-4 1.89017E-4 1.98052E-4 1.56587E-4 1.49217E-4 1.54543E-4 1.62553E-4 1.56148E-4 1.42185E-4 1.4577E-4 1.49819E-4 1.63433E-4 1.5238E-4 2.32166E-4 2.07791E-4 2.47893E-4 2.32371E-4 2.40412E-4 2.53875E-4 2.59265E-4 2.6538E-4 2.75224E-4 2.94358E-4 3.06545E-4 3.1907E-4 3.35297E-4 3.05648E-4 3.47879E-4 3.58056E-4 3.76148E-4 3.85763E-4 4.47327E-4 3.91974E-4 4.02372E-4 4.14378E-4 4.29322E-4 4.44641E-4 4.54944E-4 4.49113E-4 4.53233E-4 4.74362E-4 4.22094E-4 4.24679E-4 2.73224E-4
2.00114E-4 2.073E-4 2.12582E-4 1.99414E-4 1.98655E-4 2.16258E-4 1.97695E-4 1.81091E-4 1.83783E-4 1.91547E-4 2.00261E-4 1.83936E-4 1.93012E-4 1.97823E-4 1.80158E-4 1.8512E-4 1.73415E-4 1.79913E-4 1.25759E-4 1.27498E-4 2.0347E-4 1.29209E-4 1.34344E-4 1.2921E-4 1.32901E-4 1.35726E-4 1.28957E-4 1.47806E-4 1.37333E-4 1.48178E-4 1.52868E-4 2.34557E-4 2.37247E-4 2.25294E-4 2.34834E-4 1.65021E-4 2.4396E-4 2.54666E-4 2.81495E-4 2.83735E-4 2.93319E-4 3.03332E-4 3.12576E-4 2.83759E-4 3.28341E-4 3.38283E-4 3.51814E-4 3.72063E-4 3.80616E-4 3.932E-4 3.86635E-4 3.94162E-4 3.64907E-4 3.59709E-4 4.16182E-4 4.35472E-4 3.88834E-4 4.4352E-4 4.05623E-4 4.06669E-4 3.7641E-4
1.98078E-4 1.99977E-4 1.84006E-4 1.93076E-4 1.97359E-4 1.84923E-4 1.70468E-4 1.75362E-4 1.66227E-4 1.66054E-4 1.69164E-4 1.79567E-4 1.67257E-4 1.52776E-4 1.58922E-4 1.11263E-4 1.0222E-4 1.52935E-4 1.64078E-4 1.13005E-4 1.33306E-4 1.23691E-4 1.32008E-4 1.23174E-4 1.28332E-4 1.31999E-4 1.22624E-4 1.44173E-4 1.33494E-4 1.19325E-4 1.3425E-4 1.39478E-4 1.4434E-4 1.4191E-4 2.23706E-4 2.30003E-4 1.46332E-4 2.42812E-4 2.58105E-4 2.67073E-4 2.85486E-4 2.92176E-4 3.04128E-4 2.8247E-4 2.84491E-4 2.90958E-4 2.99903E-4 3.11801E-4 3.65741E-4 3.7544E-4 3.33932E-4 3.36915E-4 3.47017E-4 3.48111E-4 3.4543E-4 3.63088E-4 3.65211E-4 3.70934E-4 3.97564E-4 4.05284E-4 3.7641E-4
2.07979E-4 1.81223E-4 1.83497E-4 1.65052E-4 1.77504E-4 1.63087E-4 1.48972E-4 1.54586E-4 1.60514E-4 1.45412E-4 1.48562E-4 1.58021E-4 1.61409E-4 1.6646E-4 1.53072E-4 1.59798E-4 1.00661E-4 1.03056E-4 9.42201E-5 1.12354E-4 1.18579E-4 1.10296E-4 1.13445E-4 1.219E-4 1.24055E-4 1.137E-4 1.20073E-4 1.26727E-4 1.29883E-4 1.34921E-4 1.22514E-4 1.28368E-4 1.39971E-4 1.24069E-4 1.45132E-4 2.21357E-4 2.322E-4 2.52745E-4 2.22042E-4 2.28876E-4 2.34263E-4 2.52232E-4 2.61653E-4 2.69752E-4 3.11905E-4 2.76627E-4 2.86869E-4 2.94582E-4 3.04525E-4 3.24236E-4 3.32664E-4 3.16451E-4 3.23523E-4 3.41177E-4 3.32718E-4 3.33736E-4 3.48476E-4 3.68567E-4 3.23275E-4 3.38523E-4 3.54393E-4
1.56915E-4 1.6105E-4 1.50206E-4 1.66024E-4 1.54565E-4 1.58489E-4 1.48433E-4 1.35644E-4 1.37811E-4 1.44925E-4 1.47607E-4 1.36153E-4 1.37153E-4 1.45618E-4 1.51134E-4 1.36302E-4 9.90379E-5 9.17491E-5 9.30428E-5 8.61885E-5 1.16539E-4 1.0951E-4 1.13107E-4 1.04373E-4 1.05843E-4 1.11352E-4 1.03079E-4 1.08436E-4 1.14781E-4 1.18514E-4 1.21846E-4 1.22514E-4 1.2878E-4 1.37961E-4 1.50858E-4 1.48829E-4 1.41437E-4 1.4632E-4 2.23397E-4 2.15843E-4 2.23356E-4 2.36415E-4 2.48703E-4 2.57091E-4 2.68406E-4 2.83328E-4 2.8037E-4 2.83879E-4 2.88437E-4 2.93991E-4 3.08167E-4 3.18369E-4 3.13904E-4 3.2207E-4 3.3265E-4 3.24862E-4 3.3682E-4 3.06605E-4 3.07014E-4 3.15149E-4 3.39085E-4
1.52367E-4 1.6105E-4 1.47673E-4 1.35281E-4 1.24215E-4 1.21294E-4 1.21622E-4 1.25941E-4 1.30406E-4 1.25502E-4 1.2414E-4 1.14102E-4 1.20442E-4 1.2489E-4 9.08522E-5 8.33252E-5 8.53982E-5 7.80335E-5 8.31819E-5 8.53429E-5 9.09462E-5 9.29104E-5 9.41968E-5 1.0142E-4 1.04001E-4 9.58986E-5 1.0057E-4 1.04154E-4 1.09566E-4 1.11503E-4 1.17222E-4 1.20946E-4 1.24786E-4 1.22753E-4 1.27978E-4 1.54028E-4 1.37029E-4 1.41375E-4 1.30109E-4 2.17978E-4 1.97315E-4 2.30082E-4 2.52029E-4 2.45161E-4 2.33002E-4 2.66307E-4 2.69154E-4 2.46649E-4 2.81785E-4 2.58818E-4 2.67414E-4 2.74505E-4 3.19099E-4 2.82443E-4 2.8515E-4 2.87646E-4 2.94382E-4 3.04681E-4 3.19657E-4 2.77836E-4 2.80198E-4
1.40322E-4 1.28946E-4 1.20474E-4 1.41192E-4 1.28887E-4 1.29642E-4 1.11696E-4 1.16001E-4 1.05625E-4 1.09706E-4 1.07427E-4 9.96771E-5 7.15988E-5 7.23873E-5 7.76604E-5 8.27963E-5 8.35556E-5 7.65654E-5 7.81785E-5 8.48697E-5 8.66926E-5 7.93996E-5 8.27126E-5 8.7362E-5 8.92179E-5 9.45396E-5 9.75951E-5 9.13787E-5 9.3296E-5 9.75156E-5 1.15196E-4 1.07267E-4 1.15115E-4 1.16588E-4 1.0728E-4 1.09924E-4 1.22135E-4 1.23961E-4 1.27844E-4 1.34891E-4 1.87259E-4 1.93706E-4 1.4883E-4 2.47639E-4 2.21674E-4 2.28778E-4 2.37394E-4 2.30905E-4 2.44642E-4 2.56335E-4 2.61233E-4 2.2788E-4 2.29324E-4 2.39237E-4 2.35499E-4 2.4779E-4 2.39855E-4 2.93862E-4 2.50863E-4 2.50573E-4 2.61707E-4
1.39488E-4 1.28098E-4 1.18412E-4 1.07625E-4 1.08241E-4 1.03E-4 1.18169E-4 1.07607E-4 1.16672E-4 1.06845E-4 1.10736E-4 1.00668E-4 7.43021E-5 7.53346E-5 7.64594E-5 6.69848E-5 8.24985E-5 7.62904E-5 7.83915E-5 7.23109E-5 7.43848E-5 7.77519E-5 8.02577E-5 8.38823E-5 8.79645E-5 8.05121E-5 8.28218E-5 7.59941E-5 9.13514E-5 8.38392E-5 8.71306E-5 9.60417E-5 9.73866E-5 9.60499E-5 1.03992E-4 1.069E-4 1.10625E-4 1.1794E-4 1.24398E-4 1.28246E-4 1.36694E-4 1.86529E-4 1.95311E-4 2.11151E-4 2.14116E-4 2.25118E-4 2.29576E-4 2.68862E-4 2.42949E-4 2.49295E-4 2.55814E-4 2.12274E-4 2.1279E-4 2.22549E-4 2.18433E-4 2.23158E-4 2.29699E-4 2.01495E-4 2.3264E-4 2.46775E-4 2.84646E-4
1.20437E-4 1.11342E-4 1.01489E-4 9.1906E-5 8.39621E-5 8.81773E-5 1.03905E-4 1.07296E-4 9.63469E-5 9.66034E-5 1.06459E-4 9.96587E-5 7.18484E-5 6.751E-5 6.78705E-5 6.93263E-5 6.34928E-5 6.66072E-5 6.97472E-5 6.38895E-5 7.35547E-5 6.73315E-5 7.01269E-5 7.19205E-5 6.59902E-5 7.96536E-5 8.16474E-5 7.46638E-5 7.85594E-5 8.32445E-5 8.59005E-5 8.83228E-5 9.25872E-5 9.80476E-5 9.70112E-5 1.05437E-4 9.76322E-5 1.01424E-4 1.10103E-4 1.13995E-4 1.21936E-4 1.25701E-4 1.71455E-4 1.73544E-4 1.83042E-4 1.88646E-4 1.95235E-4 2.31609E-4 2.30617E-4 2.06506E-4 2.09828E-4 2.16069E-4 2.40589E-4 2.1809E-4 2.22248E-4 2.19488E-4 2.24998E-4 2.33855E-4 2.2724E-4 2.33603E-4 2.42017E-4
9.45524E-5 9.82497E-5 1.00538E-4 9.0764E-5 9.21775E-5 7.58561E-5 7.65791E-5 9.00448E-5 8.219E-5 8.68646E-5 8.45418E-5 8.72834E-5 5.61128E-5 6.49133E-5 6.76258E-5 6.88838E-5 6.30892E-5 5.83316E-5 5.31866E-5 6.26903E-5 6.47285E-5 6.56781E-5 6.96444E-5 7.16321E-5 6.57543E-5 6.73846E-5 7.1572E-5 7.41326E-5 7.59941E-5 7.22553E-5 7.38218E-5 7.84894E-5 8.09883E-5 8.45692E-5 8.74179E-5 8.08936E-5 9.50945E-5 9.10063E-5 9.06219E-5 9.71282E-5 9.62298E-5 1.19779E-4 1.39417E-4 1.24068E-4 1.74469E-4 1.79171E-4 1.8466E-4 2.2242E-4 2.0265E-4 2.20862E-4 2.04271E-4 2.35049E-4 2.3587E-4 2.13084E-4 2.41921E-4 2.49051E-4 2.17925E-4 2.25856E-4 2.32829E-4 2.30025E-4 2.38861E-4
8.30473E-5 7.40143E-5 8.77468E-5 9.04344E-5 9.2114E-5 8.39038E-5 7.60786E-5 6.95985E-5 8.08887E-5 5.54923E-5 5.0381E-5 6.11926E-5 5.55498E-5 5.71212E-5 5.34955E-5 6.01363E-5 5.69328E-5 5.13033E-5 5.22483E-5 5.92487E-5 6.28322E-5 6.52252E-5 6.04829E-5 6.34474E-5 5.80073E-5 6.62268E-5 6.03129E-5 6.49376E-5 6.68088E-5 6.87228E-5 6.19827E-5 6.69062E-5 7.98463E-5 7.39212E-5 7.82895E-5 7.08038E-5 8.11526E-5 8.22515E-5 8.78234E-5 9.03351E-5 9.62715E-5 1.13876E-4 1.16658E-4 1.21108E-4 1.25719E-4 1.76238E-4 1.78375E-4 1.91493E-4 1.9803E-4 2.26344E-4 1.95762E-4 2.024E-4 2.35753E-4 2.3716E-4 2.37894E-4 2.20603E-4 2.12837E-4 2.17084E-4 1.97352E-4 2.31323E-4 2.29087E-4
8.91914E-5 8.04717E-5 7.56024E-5 6.98871E-5 8.06324E-5 7.26362E-5 6.66961E-5 6.89429E-5 4.64647E-5 4.82668E-5 5.00543E-5 4.57153E-5 4.88112E-5 5.07278E-5 4.64554E-5 5.32599E-5 4.89042E-5 5.01909E-5 5.14023E-5 4.71929E-5 5.39939E-5 5.08588E-5 5.94541E-5 5.45152E-5 5.63829E-5 5.81996E-5 5.27672E-5 6.259E-5 6.58806E-5 6.07694E-5 6.31623E-5 5.52648E-5 5.91394E-5 7.28795E-5 6.39787E-5 5.75066E-5 6.85836E-5 7.9422E-5 8.35097E-5 8.81319E-5 9.15194E-5 1.10799E-4 1.14268E-4 1.04095E-4 1.10509E-4 1.26945E-4 1.30845E-4 1.77604E-4 1.8424E-4 1.94071E-4 1.88307E-4 1.93847E-4 2.00317E-4 2.06269E-4 2.00834E-4 2.08731E-4 2.16478E-4 2.13606E-4 2.1701E-4 2.12592E-4 2.02801E-4
7.17391E-5 6.56981E-5 6.58948E-5 6.11783E-5 7.03028E-5 6.41345E-5 5.80705E-5 6.26427E-5 4.61947E-5 4.68715E-5 4.88642E-5 4.43298E-5 4.13317E-5 4.18279E-5 4.27341E-5 4.05586E-5 4.72315E-5 5.00513E-5 5.11187E-5 4.67255E-5 4.77858E-5 5.01454E-5 5.10653E-5 4.71147E-5 5.46967E-5 5.71662E-5 5.24133E-5 5.44872E-5 5.73257E-5 5.26887E-5 6.20653E-5 5.5047E-5 5.66239E-5 5.08963E-5 5.4577E-5 5.61142E-5 6.60917E-5 6.92703E-5 7.16925E-5 8.6622E-5 8.93207E-5 9.70711E-5 1.01466E-4 1.03906E-4 1.04787E-4 1.10421E-4 1.30275E-4 1.71969E-4 1.77235E-4 1.88628E-4 1.90692E-4 1.90684E-4 1.96374E-4 2.01518E-4 1.98269E-4 2.0291E-4 1.99501E-4 2.10678E-4 1.80647E-4 1.84671E-4 1.94184E-4
7.17446E-5 6.46372E-5 6.54592E-5 5.34044E-5 6.13194E-5 5.94478E-5 5.37888E-5 3.96778E-5 4.11359E-5 3.77947E-5 3.82634E-5 3.9251E-5 4.01096E-5 4.17088E-5 3.79247E-5 3.82788E-5 4.07876E-5 4.26653E-5 4.41604E-5 4.04494E-5 4.7443E-5 4.82923E-5 5.06763E-5 4.59689E-5 4.72842E-5 5.09378E-5 5.22402E-5 4.81573E-5 4.97184E-5 5.2329E-5 4.72818E-5 5.6228E-5 4.87795E-5 5.56044E-5 5.78916E-5 6.41737E-5 6.74643E-5 5.91975E-5 6.99864E-5 7.40616E-5 7.81896E-5 8.14836E-5 9.65399E-5 1.0071E-4 1.07012E-4 1.06226E-4 1.12676E-4 1.1885E-4 1.74242E-4 1.27516E-4 1.56652E-4 1.63373E-4 1.61899E-4 1.67807E-4 1.92544E-4 1.67147E-4 1.72675E-4 1.78275E-4 1.76437E-4 1.81519E-4 1.82591E-4
7.0582E-5 6.40159E-5 6.50262E-5 5.30517E-5 5.33691E-5 5.75542E-5 5.34356E-5 3.95339E-5 3.60825E-5 3.64257E-5 3.39258E-5 3.43388E-5 3.58995E-5 3.25272E-5 3.35093E-5 3.37877E-5 3.61731E-5 3.68182E-5 3.81158E-5 3.8929E-5 4.04002E-5 4.72725E-5 4.34839E-5 4.58041E-5 4.69582E-5 4.33115E-5 3.8113E-5 4.79986E-5 4.46901E-5 3.86181E-5 3.87454E-5 4.17132E-5 4.24561E-5 4.87795E-5 5.09685E-5 5.22048E-5 5.80748E-5 5.79706E-5 6.14073E-5 7.09358E-5 7.6307E-5 7.95252E-5 7.86648E-5 8.71415E-5 1.03139E-4 1.0442E-4 1.08735E-4 1.10939E-4 1.50303E-4 1.48472E-4 1.22622E-4 1.5919E-4 1.5666E-4 1.60776E-4 1.67793E-4 1.94979E-4 1.68719E-4 1.74711E-4 1.57645E-4 1.54827E-4 1.81938E-4
5.91101E-5 6.3783E-5 5.80211E-5 5.87591E-5 5.51467E-5 5.03544E-5 3.37578E-5 3.54098E-5 3.19901E-5 3.23893E-5 2.93499E-5 3.05348E-5 3.08006E-5 2.81504E-5 2.90411E-5 3.37968E-5 3.06518E-5 3.26952E-5 3.78727E-5 3.46962E-5 3.52933E-5 4.28732E-5 4.35041E-5 4.01209E-5 4.20893E-5 3.86636E-5 3.82497E-5 3.43472E-5 3.50737E-5 3.71396E-5 4.43718E-5 4.08411E-5 4.76712E-5 4.77479E-5 4.38003E-5 4.59286E-5 4.73923E-5 4.95169E-5 5.876E-5 6.20425E-5 6.44615E-5 7.64423E-5 6.72587E-5 8.53202E-5 8.86151E-5 1.05012E-4 1.03122E-4 1.09456E-4 1.15003E-4 1.45965E-4 1.17903E-4 1.53032E-4 1.60678E-4 1.58706E-4 1.60649E-4 1.64309E-4 1.62109E-4 1.67383E-4 1.47975E-4 1.76742E-4 1.61645E-4
5.05136E-5 5.22297E-5 4.45591E-5 4.58617E-5 4.94297E-5 4.48635E-5 2.96016E-5 3.07266E-5 3.55139E-5 2.86949E-5 3.22719E-5 2.94141E-5 2.73687E-5 2.78669E-5 2.82029E-5 2.61789E-5 3.0455E-5 2.78858E-5 2.96501E-5 2.72219E-5 3.16607E-5 3.275E-5 3.36981E-5 3.05891E-5 3.64547E-5 3.34402E-5 3.23708E-5 3.32749E-5 3.42336E-5 3.57962E-5 4.37419E-5 3.99865E-5 4.17863E-5 4.10451E-5 4.30401E-5 4.39604E-5 4.62421E-5 4.88187E-5 5.05498E-5 5.2694E-5 5.54207E-5 6.4874E-5 6.58735E-5 6.86216E-5 8.32346E-5 8.58452E-5 1.01369E-4 1.05231E-4 1.08075E-4 1.17344E-4 1.01273E-4 1.19454E-4 1.23011E-4 1.59014E-4 1.56472E-4 1.52741E-4 1.62039E-4 1.41356E-4 1.45545E-4 1.55949E-4 1.57973E-4
4.47348E-5 4.53097E-5 4.35732E-5 3.97904E-5 3.60871E-5 2.42349E-5 2.93231E-5 2.63785E-5 2.74621E-5 2.8277E-5 2.87993E-5 2.62306E-5 2.6455E-5 2.46913E-5 2.49717E-5 2.54961E-5 2.37276E-5 2.49059E-5 2.52499E-5 2.32296E-5 2.36581E-5 2.13342E-5 2.47646E-5 2.98362E-5 2.70763E-5 3.60548E-5 3.78331E-5 3.30459E-5 3.02894E-5 3.52874E-5 3.22353E-5 3.77884E-5 4.02785E-5 4.23625E-5 4.14741E-5 3.78859E-5 3.98549E-5 4.70596E-5 4.9677E-5 4.36288E-5 5.28453E-5 5.61719E-5 6.79845E-5 6.74475E-5 7.9717E-5 8.22146E-5 8.79063E-5 1.03807E-4 9.52273E-5 1.12426E-4 1.00261E-4 1.03281E-4 1.00963E-4 1.03266E-4 1.28137E-4 1.63801E-4 1.62121E-4 1.47086E-4 1.27073E-4 1.46393E-4 1.34683E-4
4.92089E-5 4.47076E-5 4.14876E-5 3.92884E-5 3.57176E-5 2.64838E-5 2.53137E-5 2.5538E-5 2.37309E-5 2.79895E-5 2.54953E-5 2.59835E-5 2.34893E-5 2.46019E-5 2.22851E-5 2.27058E-5 2.07573E-5 2.18174E-5 2.54204E-5 2.2871E-5 2.32102E-5 2.0931E-5 2.44984E-5 2.93113E-5 3.00441E-5 3.14283E-5 3.28538E-5 2.92381E-5 2.97593E-5 3.0499E-5 3.17771E-5 3.24577E-5 2.98319E-5 3.46363E-5 3.64477E-5 3.73612E-5 3.9456E-5 4.07145E-5 3.70293E-5 4.27381E-5 4.96219E-5 5.27472E-5 5.73555E-5 6.48243E-5 6.72896E-5 8.13516E-5 8.44943E-5 8.54443E-5 8.80672E-5 9.13745E-5 9.63493E-5 9.66784E-5 9.85735E-5 1.16346E-4 1.21842E-4 1.05735E-4 1.35974E-4 1.4279E-4 1.46961E-4 1.27819E-4 1.35976E-4
4.38704E-5 4.42728E-5 4.00709E-5 4.16134E-5 2.53612E-5 2.3388E-5 2.13095E-5 2.26057E-5 2.28914E-5 2.43786E-5 2.2271E-5 2.28319E-5 2.09013E-5 2.15008E-5 2.22851E-5 2.02483E-5 2.05493E-5 1.88968E-5 1.6922E-5 1.96904E-5 2.03641E-5 1.85871E-5 2.11444E-5 2.47586E-5 2.65049E-5 2.42911E-5 2.53984E-5 2.89197E-5 2.93355E-5 3.01729E-5 2.72685E-5 2.85008E-5 2.932E-5 2.99511E-5 3.52497E-5 3.28193E-5 3.39894E-5 3.55025E-5 3.66367E-5 3.59699E-5 4.37837E-5 4.56391E-5 5.40505E-5 5.61326E-5 6.66065E-5 6.81891E-5 7.24597E-5 8.36965E-5 8.49001E-5 7.83816E-5 9.25652E-5 9.76214E-5 9.53281E-5 9.8921E-5 1.03533E-4 8.94516E-5 1.34566E-4 9.58385E-5 1.23168E-4 1.27303E-4 1.17011E-4
4.31523E-5 3.91777E-5 3.96827E-5 3.59993E-5 2.50406E-5 3.52158E-5 2.43961E-5 2.26057E-5 2.05179E-5 1.84838E-5 2.21251E-5 1.99884E-5 2.043E-5 1.86195E-5 1.69515E-5 1.767E-5 2.0688E-5 1.65179E-5 1.66586E-5 1.6956E-5 1.76263E-5 2.05345E-5 1.86159E-5 2.2047E-5 2.24475E-5 2.04149E-5 2.43785E-5 2.85073E-5 2.54425E-5 2.5989E-5 2.68806E-5 2.82975E-5 2.91111E-5 2.63754E-5 2.71245E-5 2.73415E-5 2.78276E-5 3.29128E-5 3.62458E-5 4.18511E-5 4.24994E-5 4.41297E-5 5.17301E-5 5.37248E-5 5.45089E-5 6.54995E-5 7.97709E-5 8.25611E-5 8.79859E-5 8.6598E-5 9.06805E-5 9.56369E-5 9.91919E-5 9.60188E-5 1.03942E-4 1.01565E-4 8.94371E-5 9.02848E-5 1.07818E-4 1.11329E-4 1.14734E-4
4.74655E-5 3.85368E-5 3.90348E-5 2.67442E-5 2.50406E-5 2.29025E-5 2.0803E-5 1.8758E-5 1.93726E-5 1.84167E-5 1.685E-5 1.7942E-5 1.62464E-5 1.6544E-5 1.68581E-5 1.5138E-5 1.38133E-5 1.59425E-5 1.44479E-5 1.68948E-5 1.7032E-5 1.59747E-5 1.61604E-5 1.90239E-5 1.99075E-5 2.01958E-5 2.05572E-5 2.41616E-5 2.19611E-5 2.57178E-5 2.61805E-5 2.39673E-5 2.87055E-5 2.93241E-5 2.69392E-5 2.34343E-5 2.75317E-5 2.83104E-5 3.3602E-5 3.53597E-5 4.08108E-5 4.32307E-5 4.4887E-5 5.26162E-5 5.4836E-5 5.52403E-5 6.59783E-5 8.03685E-5 7.25494E-5 8.28801E-5 8.83227E-5 9.40601E-5 9.19676E-5 8.10433E-5 8.53798E-5 8.82795E-5 9.05956E-5 7.79355E-5 7.94326E-5 1.0697E-4 9.65524E-5
4.25755E-5 3.89156E-5 2.39662E-5 2.17092E-5 2.54467E-5 1.99017E-5 1.79446E-5 1.96009E-5 1.9968E-5 1.84167E-5 1.5015E-5 1.2914E-5 1.31137E-5 1.35315E-5 1.40876E-5 1.50002E-5 1.51815E-5 1.37633E-5 1.43145E-5 1.46119E-5 1.31932E-5 1.37571E-5 1.40504E-5 1.63013E-5 1.67098E-5 1.9912E-5 2.04099E-5 1.85392E-5 2.16592E-5 2.27211E-5 2.31425E-5 2.38027E-5 2.17742E-5 2.21643E-5 2.66521E-5 2.72056E-5 2.36819E-5 2.82098E-5 2.89126E-5 2.98342E-5 3.51427E-5 4.1661E-5 4.40995E-5 5.20611E-5 5.40671E-5 5.44868E-5 6.38376E-5 6.80474E-5 6.78484E-5 8.23346E-5 7.40819E-5 8.65938E-5 8.92046E-5 8.23365E-5 8.48452E-5 8.71005E-5 8.94309E-5 9.20477E-5 7.06056E-5 7.17469E-5 9.86411E-5
4.11053E-5 3.36531E-5 3.0621E-5 2.78401E-5 2.94794E-5 2.68789E-5 1.68613E-5 1.94712E-5 1.78313E-5 1.80981E-5 1.61957E-5 1.49165E-5 1.35375E-5 1.16241E-5 1.24627E-5 1.486E-5 1.33827E-5 1.37136E-5 1.42112E-5 1.29296E-5 1.16932E-5 1.1897E-5 1.23703E-5 1.25141E-5 1.43596E-5 1.68345E-5 1.57087E-5 1.61632E-5 1.88296E-5 1.64808E-5 1.92453E-5 2.00682E-5 1.83398E-5 1.87945E-5 1.90625E-5 2.30265E-5 2.35136E-5 2.71919E-5 2.87075E-5 2.95177E-5 3.46584E-5 3.43617E-5 4.23586E-5 4.43072E-5 5.24706E-5 6.29224E-5 5.58491E-5 6.58138E-5 6.82994E-5 7.27615E-5 7.15856E-5 7.49783E-5 8.80056E-5 8.15157E-5 8.65005E-5 8.39566E-5 8.62056E-5 7.55557E-5 6.8013E-5 6.19995E-5 6.49816E-5
3.67298E-5 3.34468E-5 3.05274E-5 2.50493E-5 2.03525E-5 2.06135E-5 1.66591E-5 1.69629E-5 1.53175E-5 1.38315E-5 1.44008E-5 1.30214E-5 1.34583E-5 1.22047E-5 1.05023E-5 1.3194E-5 1.19082E-5 1.21681E-5 1.09722E-5 1.14556E-5 1.1651E-5 1.18211E-5 1.20301E-5 1.2469E-5 1.43596E-5 1.3072E-5 1.53031E-5 1.61052E-5 1.67909E-5 1.62502E-5 1.66592E-5 1.7367E-5 1.77347E-5 1.81097E-5 1.89267E-5 1.93949E-5 2.35881E-5 2.69109E-5 2.46941E-5 2.911E-5 2.9836E-5 3.58755E-5 3.57043E-5 4.24661E-5 4.51202E-5 5.25734E-5 5.41543E-5 5.6249E-5 6.62544E-5 6.87514E-5 7.25018E-5 7.35248E-5 7.67364E-5 7.96006E-5 7.82745E-5 8.36648E-5 7.33685E-5 7.50687E-5 6.71082E-5 6.88949E-5 6.23808E-5
