Artocarpus hirsutus SDM files/MIS19/results (with bias file)/Arthir_6.asc
ncols         625
nrows         721
xllcorner     69.99986311115
yllcorner     5.99986187915
cellsize      0.041666667
NODATA_value  -9999
[rows 324 to 350 of 721, columns 427 to 487 of 625]
4.19662E-2 4.15134E-2 4.23527E-2 4.06793E-2 4.2396E-2 4.66963E-2 4.21803E-2 4.63464E-2 4.78704E-2 4.72825E-2 4.7491E-2 2.33309E-2 2.26823E-2 2.35304E-2 2.29178E-2 2.2615E-2 1.75066E-2 1.58456E-2 1.587E-2 1.51774E-2 1.5212E-2 1.46656E-2 1.40068E-2 1.40378E-2 1.32101E-2 1.33457E-2 1.27737E-2 1.33872E-2 1.28187E-2 1.39258E-2 1.45615E-2 1.44058E-2 1.56411E-2 1.65913E-2 1.59429E-2 1.73575E-2 1.74603E-2 1.86166E-2 1.82973E-2 1.93299E-2 2.12332E-2 2.11232E-2 2.26229E-2 2.38184E-2 2.50511E-2 2.69664E-2 2.70257E-2 2.67729E-2 2.92582E-2 2.96674E-2 3.15861E-2 3.3506E-2 3.52298E-2 3.54262E-2 3.66693E-2 3.69125E-2 3.82741E-2 3.67164E-2 3.79265E-2 3.81852E-2 3.9623E-2
3.90151E-2 3.61852E-2 3.74275E-2 3.80877E-2 4.00241E-2 4.13372E-2 4.22933E-2 4.41975E-2 4.35746E-2 4.52617E-2 2.24009E-2 2.35363E-2 2.27905E-2 2.29755E-2 2.27235E-2 2.27941E-2 1.69312E-2 1.70328E-2 1.52144E-2 1.52168E-2 1.46208E-2 1.40427E-2 1.4108E-2 1.32322E-2 1.27183E-2 1.21895E-2 1.3041E-2 1.24918E-2 1.30774E-2 1.30758E-2 1.42516E-2 1.42479E-2 1.51827E-2 1.59976E-2 1.60525E-2 1.78816E-2 1.74842E-2 1.87433E-2 1.9249E-2 1.94969E-2 2.35166E-2 2.34512E-2 2.34589E-2 2.38835E-2 2.67333E-2 2.80191E-2 2.69278E-2 2.77705E-2 2.95133E-2 3.13633E-2 3.13936E-2 3.30823E-2 3.52298E-2 3.51099E-2 3.67497E-2 3.67116E-2 3.80335E-2 3.83551E-2 3.96763E-2 3.94403E-2 3.98504E-2
3.41307E-2 3.78888E-2 3.56154E-2 3.86261E-2 4.3416E-2 4.01881E-2 4.07162E-2 4.22947E-2 4.3328E-2 2.21411E-2 2.23558E-2 2.08318E-2 2.07933E-2 2.12874E-2 2.20205E-2 2.18989E-2 1.61322E-2 1.6307E-2 1.53941E-2 1.47576E-2 1.42552E-2 1.43095E-2 1.4353E-2 1.23436E-2 1.24227E-2 1.31122E-2 1.25615E-2 1.26372E-2 1.31997E-2 1.26825E-2 1.38255E-2 1.44471E-2 1.53729E-2 1.55937E-2 1.56457E-2 1.67161E-2 1.74928E-2 1.98542E-2 2.18365E-2 2.15938E-2 2.46234E-2 2.46214E-2 2.59928E-2 2.37468E-2 2.77846E-2 2.78584E-2 2.82177E-2 2.90642E-2 3.24942E-2 3.24863E-2 3.28984E-2 3.31003E-2 3.44608E-2 3.52651E-2 3.67116E-2 3.65208E-2 3.82235E-2 3.81495E-2 3.92693E-2 3.95034E-2 4.10133E-2
3.26427E-2 3.70383E-2 3.83135E-2 3.74075E-2 3.79234E-2 4.23265E-2 4.02516E-2 4.11215E-2 2.14731E-2 2.16583E-2 2.20571E-2 2.21313E-2 2.11503E-2 2.12783E-2 2.22141E-2 1.61797E-2 1.62939E-2 1.54339E-2 1.47105E-2 1.4175E-2 1.4264E-2 1.43489E-2 1.32489E-2 1.32873E-2 1.24931E-2 1.20052E-2 1.28475E-2 1.28921E-2 1.2354E-2 1.29424E-2 1.37996E-2 1.38386E-2 1.56944E-2 1.57408E-2 1.5088E-2 1.67627E-2 1.75963E-2 2.04369E-2 2.0768E-2 2.10075E-2 2.18407E-2 2.46036E-2 2.63427E-2 2.63387E-2 2.69405E-2 3.11044E-2 3.11329E-2 3.07684E-2 3.13545E-2 3.26829E-2 3.29451E-2 3.48605E-2 3.60349E-2 3.6005E-2 3.65153E-2 3.66553E-2 3.96876E-2 3.76881E-2 3.94689E-2 3.91885E-2 4.05006E-2
3.42268E-2 3.5668E-2 3.75999E-2 3.73941E-2 3.96405E-2 4.05051E-2 3.93976E-2 2.07391E-2 2.0812E-2 2.13424E-2 2.16528E-2 2.20676E-2 2.2754E-2 2.14377E-2 2.11329E-2 2.13781E-2 2.03503E-2 1.84093E-2 1.42697E-2 1.37481E-2 1.32775E-2 1.33955E-2 1.20997E-2 1.21348E-2 1.21682E-2 1.28782E-2 1.29579E-2 1.24569E-2 1.24581E-2 1.3097E-2 1.39186E-2 1.39612E-2 1.33715E-2 1.51724E-2 1.51757E-2 1.70572E-2 1.90471E-2 2.18506E-2 2.10012E-2 2.10049E-2 2.20617E-2 2.44793E-2 2.69865E-2 2.64176E-2 2.8035E-2 3.09833E-2 3.11544E-2 3.10397E-2 3.11969E-2 3.25237E-2 3.326E-2 3.44776E-2 3.58284E-2 3.58926E-2 3.81459E-2 3.80352E-2 3.93651E-2 3.93277E-2 3.54494E-2 4.05868E-2 4.03423E-2
3.32899E-2 3.43098E-2 3.57715E-2 3.53693E-2 3.82116E-2 3.92147E-2 3.68599E-2 1.90883E-2 1.99601E-2 1.95184E-2 2.04863E-2 2.08468E-2 2.17345E-2 2.05042E-2 2.02847E-2 1.96609E-2 1.97831E-2 1.96446E-2 1.36667E-2 1.32047E-2 1.27631E-2 1.28653E-2 1.29362E-2 1.30172E-2 1.25447E-2 1.25843E-2 1.26557E-2 1.21283E-2 1.21999E-2 1.22056E-2 1.41988E-2 1.3602E-2 1.44873E-2 1.55229E-2 1.71524E-2 1.72054E-2 1.90991E-2 2.08381E-2 2.10573E-2 2.1111E-2 2.2107E-2 2.44724E-2 2.70041E-2 2.75778E-2 2.97144E-2 3.05094E-2 3.06905E-2 3.24576E-2 3.24405E-2 3.28159E-2 3.59678E-2 3.44779E-2 3.63214E-2 3.76873E-2 3.73747E-2 3.66479E-2 4.09714E-2 3.91546E-2 4.05006E-2 4.03591E-2 3.76945E-2
3.26124E-2 3.40407E-2 3.42098E-2 3.31463E-2 3.48302E-2 3.28686E-2 1.76548E-2 1.81373E-2 1.87018E-2 1.88611E-2 1.96819E-2 2.00545E-2 2.08502E-2 1.97006E-2 2.02347E-2 1.95554E-2 1.9523E-2 1.87467E-2 1.40614E-2 1.27769E-2 1.29323E-2 1.30492E-2 1.31306E-2 1.27239E-2 1.27961E-2 1.26956E-2 1.22313E-2 1.22285E-2 1.23107E-2 1.23484E-2 1.31241E-2 1.31317E-2 1.40346E-2 1.52627E-2 1.65743E-2 1.73044E-2 1.94818E-2 2.0079E-2 2.21354E-2 2.13715E-2 2.38114E-2 2.49371E-2 2.73458E-2 2.76964E-2 3.04534E-2 3.08715E-2 3.23995E-2 3.23904E-2 3.27913E-2 3.29227E-2 3.57768E-2 3.62325E-2 3.62583E-2 3.73649E-2 3.7543E-2 3.93493E-2 4.11234E-2 3.92853E-2 3.81361E-2 3.93151E-2 3.71452E-2
3.13174E-2 3.10168E-2 3.23005E-2 3.25991E-2 3.29047E-2 1.67434E-2 1.71969E-2 1.81943E-2 1.82948E-2 1.9029E-2 1.96615E-2 1.99865E-2 2.07703E-2 2.09588E-2 1.94661E-2 1.95565E-2 1.79465E-2 1.80517E-2 1.42554E-2 1.43846E-2 1.30728E-2 1.25411E-2 1.26069E-2 1.27625E-2 1.28737E-2 1.23988E-2 1.24751E-2 1.25112E-2 1.20137E-2 1.33825E-2 1.36687E-2 1.34361E-2 1.43126E-2 1.48689E-2 1.72563E-2 1.83044E-2 1.95363E-2 2.17019E-2 2.24815E-2 2.38943E-2 2.39192E-2 2.65134E-2 2.66613E-2 2.80601E-2 3.09359E-2 2.84211E-2 3.16437E-2 3.27248E-2 3.17423E-2 3.49786E-2 3.60559E-2 3.61589E-2 3.75006E-2 3.75313E-2 3.75086E-2 3.88357E-2 4.09697E-2 4.05659E-2 3.73469E-2 3.86295E-2 3.87374E-2
3.18593E-2 3.25982E-2 3.1246E-2 3.09945E-2 1.77823E-2 1.82467E-2 1.85232E-2 1.87694E-2 1.77097E-2 1.91238E-2 1.97119E-2 1.9977E-2 2.06822E-2 2.05608E-2 1.97972E-2 2.01264E-2 1.81127E-2 1.79325E-2 1.42529E-2 1.3782E-2 1.25285E-2 1.27015E-2 1.2826E-2 1.24281E-2 1.25331E-2 1.24675E-2 1.25414E-2 1.26125E-2 1.34484E-2 1.28926E-2 1.28977E-2 1.50834E-2 1.57502E-2 1.49982E-2 1.66687E-2 1.83921E-2 1.92547E-2 2.13742E-2 2.17837E-2 2.53447E-2 2.42462E-2 2.80328E-2 2.79452E-2 2.93109E-2 2.85449E-2 2.89909E-2 3.34653E-2 3.21227E-2 3.27089E-2 3.81197E-2 3.60598E-2 3.64835E-2 3.77242E-2 3.77664E-2 3.78171E-2 3.90133E-2 4.01439E-2 3.71872E-2 3.61914E-2 3.82962E-2 3.78669E-2
3.15596E-2 2.98278E-2 3.12903E-2 1.7003E-2 1.75536E-2 1.76348E-2 1.84147E-2 1.90057E-2 1.95603E-2 1.78034E-2 1.89402E-2 1.92212E-2 1.99689E-2 1.95512E-2 1.97489E-2 1.99263E-2 1.71995E-2 1.35681E-2 1.37665E-2 1.3337E-2 1.21982E-2 1.29814E-2 1.23564E-2 1.19541E-2 1.47017E-2 1.20915E-2 1.21783E-2 1.23062E-2 1.31491E-2 1.31531E-2 1.31996E-2 1.53411E-2 1.60216E-2 1.62846E-2 1.69965E-2 1.88124E-2 1.96208E-2 2.17201E-2 2.17026E-2 2.54749E-2 2.53491E-2 2.82071E-2 2.83235E-2 2.9146E-2 3.20399E-2 3.07071E-2 3.21726E-2 3.21459E-2 3.31434E-2 3.56177E-2 3.55871E-2 3.63909E-2 3.68759E-2 3.86453E-2 3.71113E-2 3.92327E-2 3.65964E-2 3.72782E-2 3.74354E-2 3.83289E-2 3.80732E-2
2.97199E-2 3.01176E-2 1.76745E-2 1.82006E-2 1.70953E-2 1.80367E-2 1.85443E-2 1.91163E-2 1.99085E-2 1.96268E-2 1.79894E-2 1.82437E-2 1.87044E-2 1.89345E-2 1.89981E-2 1.92172E-2 1.43488E-2 1.37123E-2 1.33328E-2 1.32984E-2 1.3006E-2 1.31576E-2 1.27363E-2 1.42379E-2 1.16802E-2 1.17754E-2 1.18177E-2 1.31859E-2 1.32291E-2 1.3196E-2 1.38664E-2 1.6392E-2 1.71037E-2 1.63742E-2 1.70869E-2 1.81782E-2 1.97066E-2 2.18334E-2 2.19185E-2 2.49918E-2 2.42303E-2 2.53875E-2 2.78876E-2 2.9421E-2 2.89013E-2 2.93572E-2 3.40274E-2 3.26462E-2 3.39294E-2 3.51357E-2 3.54881E-2 3.5506E-2 3.71662E-2 3.6977E-2 3.80544E-2 3.5767E-2 3.74854E-2 3.80486E-2 3.71293E-2 3.85503E-2 3.56074E-2
2.96538E-2 1.77976E-2 1.76481E-2 1.81609E-2 1.89458E-2 1.78202E-2 1.86901E-2 1.85481E-2 1.90983E-2 1.8858E-2 1.81453E-2 1.88461E-2 1.86532E-2 1.89257E-2 1.92041E-2 1.91871E-2 1.83582E-2 1.76851E-2 1.41614E-2 1.43731E-2 1.3139E-2 1.32854E-2 1.28829E-2 1.29821E-2 1.24926E-2 1.26044E-2 1.26378E-2 1.33717E-2 1.34159E-2 1.49538E-2 1.49848E-2 1.50722E-2 1.73467E-2 1.74341E-2 1.85406E-2 1.84814E-2 2.13089E-2 2.22457E-2 2.37021E-2 2.44362E-2 2.43936E-2 2.70976E-2 2.85302E-2 2.96495E-2 2.94633E-2 2.96376E-2 3.39741E-2 3.45436E-2 3.46302E-2 3.57883E-2 3.59036E-2 3.58802E-2 3.84768E-2 3.52742E-2 3.58973E-2 3.61499E-2 3.72209E-2 3.71495E-2 3.71709E-2 3.97424E-2 3.49517E-2
1.89787E-2 1.78114E-2 1.8279E-2 1.8326E-2 1.84077E-2 1.88628E-2 1.81668E-2 1.90964E-2 1.8903E-2 2.07229E-2 1.99024E-2 2.06834E-2 2.08059E-2 2.00659E-2 1.9047E-2 1.91929E-2 1.85741E-2 1.78481E-2 1.43146E-2 1.44448E-2 1.41862E-2 1.41618E-2 1.28905E-2 1.31611E-2 1.32374E-2 1.33574E-2 1.33975E-2 1.35711E-2 1.4383E-2 1.50707E-2 1.50237E-2 1.51567E-2 1.74932E-2 1.7484E-2 1.95026E-2 2.15768E-2 2.14851E-2 2.14393E-2 2.37165E-2 2.36431E-2 2.48529E-2 2.8438E-2 2.88458E-2 2.97015E-2 2.96534E-2 3.01228E-2 3.45217E-2 3.45611E-2 3.43877E-2 3.63825E-2 3.36736E-2 3.73428E-2 3.92587E-2 3.62633E-2 3.48016E-2 3.78034E-2 3.73217E-2 3.69211E-2 3.71522E-2 3.59636E-2 3.50962E-2
1.89797E-2 1.97318E-2 1.80825E-2 1.80715E-2 1.89652E-2 1.95761E-2 2.0267E-2 1.97194E-2 1.92102E-2 2.16184E-2 2.08908E-2 2.07439E-2 2.09348E-2 2.02235E-2 2.04933E-2 2.05908E-2 1.86432E-2 1.48479E-2 1.44717E-2 1.44179E-2 1.47858E-2 1.37039E-2 1.40065E-2 1.32304E-2 1.34425E-2 1.42804E-2 1.43601E-2 1.44938E-2 1.45455E-2 1.52433E-2 1.62723E-2 1.71347E-2 1.70372E-2 1.89622E-2 1.97772E-2 2.19165E-2 2.09868E-2 2.17479E-2 2.42446E-2 2.39957E-2 2.49463E-2 2.52551E-2 2.9269E-2 2.91165E-2 3.02052E-2 3.16115E-2 3.48077E-2 3.60303E-2 3.49242E-2 3.62093E-2 -9999 3.74996E-2 3.87503E-2 3.53482E-2 3.53819E-2 3.77739E-2 3.71855E-2 3.67683E-2 3.64849E-2 3.46392E-2 3.52862E-2
1.87207E-2 1.94633E-2 1.84237E-2 1.89276E-2 1.98045E-2 1.97559E-2 2.10768E-2 1.9012E-2 2.0036E-2 2.11766E-2 2.32462E-2 2.11131E-2 2.12564E-2 2.04906E-2 2.05033E-2 1.52016E-2 1.89509E-2 1.7113E-2 1.38307E-2 1.39945E-2 1.3684E-2 1.38854E-2 1.41549E-2 1.40705E-2 1.42592E-2 1.44531E-2 1.4565E-2 1.46546E-2 1.54588E-2 1.62739E-2 1.63201E-2 1.7231E-2 1.81811E-2 1.89639E-2 1.98614E-2 2.10551E-2 2.19941E-2 2.18663E-2 2.55033E-2 2.55945E-2 2.51901E-2 2.8159E-2 3.07498E-2 3.06102E-2 3.06815E-2 3.21139E-2 3.52139E-2 3.4848E-2 3.4705E-2 3.62127E-2 -9999 3.34964E-2 3.27423E-2 3.70723E-2 3.66362E-2 3.76507E-2 3.74988E-2 3.48339E-2 3.59477E-2 3.43101E-2 3.38081E-2
1.9433E-2 2.02795E-2 2.0272E-2 2.09203E-2 2.04047E-2 2.01593E-2 -9999 2.15116E-2 2.21294E-2 2.30033E-2 2.32468E-2 2.24586E-2 2.05071E-2 2.06528E-2 1.50874E-2 1.53572E-2 1.82662E-2 1.85214E-2 1.48455E-2 1.50983E-2 1.5316E-2 1.38879E-2 1.57527E-2 1.42535E-2 1.44153E-2 1.46456E-2 1.64376E-2 1.63049E-2 1.63989E-2 1.65029E-2 1.65507E-2 1.88825E-2 1.85256E-2 1.92687E-2 2.15304E-2 2.14487E-2 2.22513E-2 2.47163E-2 2.59795E-2 2.57188E-2 2.65614E-2 3.00286E-2 3.10912E-2 3.09545E-2 3.09168E-2 3.38833E-2 3.31637E-2 3.30703E-2 3.28832E-2 3.35578E-2 3.4371E-2 -9999 -9999 3.6548E-2 3.67231E-2 3.72337E-2 3.50924E-2 3.46154E-2 3.5973E-2 3.191E-2 3.33136E-2
2.00056E-2 2.06372E-2 2.09633E-2 2.17767E-2 2.23807E-2 -9999 -9999 2.38534E-2 2.35269E-2 2.24766E-2 2.26481E-2 2.18645E-2 2.20374E-2 2.21834E-2 1.61578E-2 1.55191E-2 1.50239E-2 1.48406E-2 1.48781E-2 1.51282E-2 1.53133E-2 1.58025E-2 1.58981E-2 1.60323E-2 1.60386E-2 1.55432E-2 1.63917E-2 1.65403E-2 1.66899E-2 1.66435E-2 1.68814E-2 1.86226E-2 1.85529E-2 1.85407E-2 2.16083E-2 2.15128E-2 2.14403E-2 2.50031E-2 2.61169E-2 2.61816E-2 -9999 3.03111E-2 3.01691E-2 3.09481E-2 3.15279E-2 3.18989E-2 3.28417E-2 3.25278E-2 3.19833E-2 3.3103E-2 -9999 -9999 -9999 3.40081E-2 3.2549E-2 3.30262E-2 3.45295E-2 3.47805E-2 3.508E-2 3.15798E-2 3.19483E-2
2.28349E-2 2.15187E-2 2.27879E-2 2.27049E-2 -9999 -9999 -9999 2.55749E-2 2.57745E-2 2.24319E-2 2.31576E-2 2.21116E-2 2.20897E-2 1.58705E-2 1.6205E-2 1.64632E-2 1.50769E-2 1.57503E-2 1.50075E-2 1.85257E-2 1.85921E-2 1.59795E-2 1.58919E-2 1.60676E-2 1.62631E-2 1.64296E-2 1.66309E-2 1.75483E-2 1.67373E-2 1.77561E-2 1.79064E-2 1.88275E-2 1.87654E-2 1.88687E-2 2.19593E-2 2.1906E-2 2.17989E-2 2.52912E-2 2.63688E-2 2.77163E-2 2.76039E-2 2.869E-2 3.04471E-2 3.13858E-2 3.13061E-2 3.12202E-2 3.24323E-2 3.23688E-2 -9999 -9999 -9999 -9999 -9999 -9999 -9999 3.30424E-2 3.37872E-2 3.12004E-2 3.10175E-2 -9999 3.03956E-2
2.35055E-2 2.39973E-2 2.2307E-2 -9999 -9999 -9999 2.67014E-2 2.57082E-2 2.59256E-2 2.24691E-2 2.31593E-2 2.2151E-2 2.14005E-2 2.14689E-2 2.15785E-2 1.66739E-2 1.68655E-2 2.19165E-2 1.61751E-2 1.64239E-2 1.65581E-2 1.70498E-2 1.71415E-2 1.7338E-2 1.75006E-2 1.59452E-2 1.77463E-2 1.79024E-2 1.80097E-2 1.80585E-2 1.8955E-2 1.90015E-2 2.0202E-2 2.133E-2 2.22641E-2 2.35438E-2 2.22449E-2 2.56844E-2 2.62951E-2 2.62794E-2 2.63658E-2 2.79726E-2 3.03435E-2 3.01441E-2 3.12379E-2 3.11995E-2 -9999 -9999 -9999 -9999 -9999 -9999 -9999 -9999 -9999 -9999 -9999 -9999 -9999 -9999 -9999
2.46525E-2 2.47983E-2 2.48402E-2 -9999 -9999 -9999 2.70459E-2 2.61676E-2 2.53527E-2 2.43994E-2 2.49554E-2 2.39669E-2 2.41695E-2 2.17749E-2 1.65634E-2 1.68592E-2 1.71485E-2 1.66909E-2 1.69351E-2 1.71556E-2 1.66124E-2 1.80027E-2 1.81665E-2 1.74889E-2 1.75726E-2 1.77249E-2 1.79441E-2 1.81104E-2 1.82676E-2 1.81148E-2 1.9478E-2 1.90859E-2 2.03335E-2 -9999 2.23323E-2 2.36371E-2 2.38919E-2 2.57246E-2 2.65997E-2 2.54551E-2 -9999 2.81479E-2 2.86809E-2 3.04704E-2 2.8874E-2 2.86118E-2 -9999 -9999 -9999 -9999 -9999 -9999 -9999 -9999 -9999 -9999 -9999 -9999 -9999 -9999 -9999
2.57366E-2 -9999 -9999 -9999 -9999 2.70823E-2 2.71429E-2 2.63039E-2 2.55174E-2 2.59322E-2 2.39957E-2 2.40231E-2 2.42399E-2 1.55346E-2 1.58898E-2 2.11437E-2 2.0941E-2 1.70193E-2 1.71902E-2 1.66219E-2 1.7651E-2 1.80123E-2 1.74018E-2 1.75441E-2 1.77663E-2 1.79146E-2 1.82113E-2 1.81606E-2 1.91313E-2 1.83704E-2 2.04496E-2 2.04529E-2 -9999 2.26631E-2 2.26484E-2 2.50212E-2 2.5126E-2 2.60837E-2 -9999 -9999 -9999 -9999 2.84296E-2 2.93724E-2 -9999 -9999 -9999 -9999 -9999 -9999 -9999 -9999 -9999 -9999 -9999 -9999 -9999 -9999 -9999 -9999 -9999
-9999 -9999 -9999 -9999 -9999 2.70823E-2 2.66689E-2 2.705E-2 2.60053E-2 2.42811E-2 2.43802E-2 2.34235E-2 2.34969E-2 1.67052E-2 1.6167E-2 2.14548E-2 2.12072E-2 1.71743E-2 1.74183E-2 1.73737E-2 1.69504E-2 2.03529E-2 1.76918E-2 1.77198E-2 1.80846E-2 1.82397E-2 1.82101E-2 1.91833E-2 2.05603E-2 2.06819E-2 2.07697E-2 2.16258E-2 -9999 2.2984E-2 2.26088E-2 2.29043E-2 2.54809E-2 -9999 -9999 -9999 -9999 -9999 -9999 -9999 -9999 -9999 -9999 -9999 -9999 -9999 -9999 -9999 -9999 -9999 -9999 -9999 -9999 -9999 -9999 -9999 -9999
-9999 -9999 -9999 -9999 -9999 -9999 -9999 2.59539E-2 2.50836E-2 2.53405E-2 2.35653E-2 2.44775E-2 2.37496E-2 2.25417E-2 2.27916E-2 2.12195E-2 1.88935E-2 1.83062E-2 1.85988E-2 1.69153E-2 -9999 -9999 1.96669E-2 1.89958E-2 1.80115E-2 2.03045E-2 1.95439E-2 1.96231E-2 2.06728E-2 2.07257E-2 2.08423E-2 2.17608E-2 2.19233E-2 -9999 -9999 -9999 -9999 -9999 -9999 -9999 -9999 -9999 -9999 -9999 -9999 -9999 -9999 -9999 -9999 -9999 -9999 -9999 -9999 -9999 -9999 -9999 -9999 -9999 -9999 -9999 -9999
-9999 -9999 -9999 -9999 -9999 -9999 -9999 -9999 2.40653E-2 2.52821E-2 2.4598E-2 2.48086E-2 2.36163E-2 -9999 -9999 -9999 1.91857E-2 1.85784E-2 1.77485E-2 1.72064E-2 -9999 -9999 1.79462E-2 1.81565E-2 1.92513E-2 2.06725E-2 2.07931E-2 -9999 -9999 -9999 -9999 -9999 -9999 -9999 -9999 -9999 -9999 -9999 -9999 -9999 -9999 -9999 -9999 -9999 -9999 -9999 -9999 -9999 -9999 -9999 -9999 -9999 -9999 -9999 -9999 -9999 -9999 -9999 -9999 -9999 -9999
-9999 -9999 -9999 -9999 -9999 -9999 -9999 -9999 -9999 -9999 -9999 -9999 -9999 -9999 -9999 -9999 1.92228E-2 1.88409E-2 1.71623E-2 -9999 -9999 -9999 -9999 -9999 -9999 2.07592E-2 2.08328E-2 -9999 -9999 -9999 -9999 -9999 -9999 -9999 -9999 -9999 -9999 -9999 -9999 -9999 -9999 -9999 -9999 -9999 -9999 -9999 -9999 -9999 -9999 -9999 -9999 -9999 -9999 -9999 -9999 -9999 -9999 -9999 -9999 -9999 -9999
-9999 -9999 -9999 -9999 -9999 -9999 -9999 -9999 -9999 2.41953E-2 2.43414E-2 -9999 -9999 -9999 -9999 -9999 -9999 -9999 -9999 -9999 -9999 -9999 -9999 -9999 -9999 -9999 -9999 -9999 -9999 -9999 -9999 -9999 -9999 -9999 -9999 -9999 -9999 -9999 -9999 -9999 -9999 -9999 -9999 -9999 -9999 -9999 -9999 -9999 -9999 -9999 -9999 -9999 -9999 -9999 -9999 -9999 -9999 -9999 -9999 -9999 -9999
-9999 -9999 -9999 -9999 -9999 -9999 -9999 -9999 -9999 -9999 -9999 -9999 -9999 -9999 -9999 -9999 -9999 -9999 -9999 -9999 -9999 -9999 -9999 -9999 -9999 -9999 -9999 -9999 -9999 -9999 -9999 -9999 -9999 -9999 -9999 -9999 -9999 -9999 -9999 -9999 -9999 -9999 -9999 -9999 -9999 -9999 -9999 -9999 -9999 -9999 -9999 -9999 -9999 -9999 -9999 -9999 -9999 -9999 -9999 -9999 -9999
