Artocarpus hirsutus SDM files/MIS19/results (with bias file)/Arthir_stddev.asc
ncols         625
nrows         721
xllcorner     69.99986311115
yllcorner     5.99986187915
cellsize      0.041666667
NODATA_value  -9999
[rows 351 to 377 of 721, columns 183 to 243 of 625]
1.04482E-3 1.19199E-3 1.30728E-3 9.69691E-4 1.05919E-3 1.06239E-3 1.27354E-3 1.26326E-3 1.30353E-3 1.14081E-3 1.04564E-3 1.03037E-3 1.43692E-3 1.23045E-3 1.29117E-3 1.34263E-3 1.31259E-3 1.33067E-3 1.26141E-3 1.34884E-3 1.23984E-3 1.40743E-3 1.42565E-3 1.40271E-3 1.39777E-3 1.86313E-3 1.49001E-3 1.61285E-3 1.93792E-3 1.83434E-3 1.84097E-3 1.74012E-3 1.66759E-3 1.47862E-3 1.56091E-3 1.61745E-3 1.77739E-3 1.60273E-3 1.69289E-3 2.0013E-3 1.78533E-3 2.14203E-3 1.56649E-3 1.5332E-3 1.70683E-3 1.83297E-3 1.66809E-3 1.69981E-3 1.70005E-3 1.88336E-3 1.81682E-3 1.6574E-3 1.59058E-3 1.70987E-3 1.72826E-3 1.73564E-3 1.83629E-3 1.98789E-3 2.46597E-3 2.83914E-3 2.08332E-3
1.04303E-3 1.14408E-3 1.2089E-3 1.13388E-3 1.28209E-3 1.3018E-3 1.3992E-3 1.38938E-3 1.43941E-3 1.41578E-3 1.2375E-3 1.27966E-3 1.19501E-3 1.26757E-3 1.34426E-3 1.31148E-3 1.44888E-3 1.52862E-3 1.6287E-3 1.55113E-3 1.345E-3 1.38116E-3 1.29455E-3 1.45499E-3 1.53736E-3 2.09795E-3 2.17287E-3 2.32835E-3 2.04591E-3 2.13045E-3 1.86467E-3 1.87348E-3 1.75002E-3 1.86176E-3 1.72594E-3 1.92061E-3 1.8817E-3 1.82034E-3 1.96793E-3 1.89035E-3 1.77539E-3 1.86495E-3 1.84626E-3 1.82965E-3 1.7985E-3 1.98653E-3 2.09039E-3 1.84331E-3 1.86305E-3 1.85686E-3 2.04127E-3 1.80975E-3 1.84333E-3 2.0085E-3 1.8815E-3 1.79163E-3 1.90869E-3 1.9057E-3 2.10409E-3 2.48934E-3 2.12145E-3
1.33089E-3 1.30667E-3 1.35765E-3 1.52637E-3 1.53361E-3 1.44439E-3 1.50378E-3 1.63876E-3 1.69171E-3 1.47521E-3 1.13016E-3 1.68377E-3 1.89266E-3 1.58125E-3 1.51318E-3 1.39771E-3 1.88005E-3 1.90094E-3 2.21011E-3 1.98748E-3 2.17522E-3 1.89996E-3 1.34319E-3 1.5625E-3 1.86018E-3 2.26594E-3 2.41045E-3 2.14372E-3 1.92593E-3 1.96394E-3 1.9173E-3 1.94574E-3 1.90743E-3 1.85336E-3 2.0817E-3 1.98883E-3 1.95794E-3 1.90391E-3 2.0498E-3 1.98435E-3 2.11504E-3 1.968E-3 2.33742E-3 2.20267E-3 2.15168E-3 2.16439E-3 2.04452E-3 2.25406E-3 1.99789E-3 1.89657E-3 2.11572E-3 1.74472E-3 1.74739E-3 1.78411E-3 2.03332E-3 1.88318E-3 2.11585E-3 2.47727E-3 2.57904E-3 2.27758E-3 1.91603E-3
1.4411E-3 1.32076E-3 1.36538E-3 1.49193E-3 1.59054E-3 1.56133E-3 1.61581E-3 1.459E-3 1.64653E-3 1.44706E-3 1.14851E-3 1.17438E-3 1.66325E-3 2.09032E-3 1.37091E-3 2.06136E-3 1.36077E-3 1.39328E-3 1.28113E-3 1.52864E-3 2.35401E-3 2.51168E-3 1.71415E-3 1.26832E-3 1.4757E-3 1.70397E-3 1.8794E-3 1.92741E-3 1.96858E-3 2.04305E-3 1.89958E-3 1.93482E-3 2.21917E-3 2.1726E-3 2.23284E-3 2.217E-3 1.97218E-3 2.03676E-3 2.14473E-3 2.1304E-3 2.14112E-3 2.21016E-3 2.26511E-3 2.41173E-3 2.44623E-3 2.30882E-3 2.39514E-3 2.24153E-3 2.30934E-3 1.93978E-3 2.0918E-3 1.8134E-3 1.81458E-3 2.0076E-3 2.22703E-3 2.29204E-3 1.98513E-3 2.7876E-3 2.03497E-3 1.82502E-3 1.62136E-3
1.32946E-3 1.53126E-3 1.50887E-3 1.43133E-3 1.59851E-3 1.71472E-3 1.63371E-3 1.60475E-3 1.6502E-3 1.56204E-3 1.20278E-3 1.10548E-3 1.21882E-3 1.40271E-3 1.51973E-3 1.71184E-3 1.92663E-3 1.64541E-3 1.42079E-3 1.32625E-3 1.39107E-3 2.17498E-3 2.07301E-3 1.55077E-3 1.45282E-3 2.08508E-3 2.53292E-3 2.21034E-3 2.03101E-3 2.02618E-3 2.01282E-3 1.97073E-3 2.29473E-3 2.48193E-3 2.49945E-3 2.58519E-3 2.39766E-3 2.12816E-3 2.07764E-3 2.18219E-3 2.38144E-3 2.27928E-3 2.25446E-3 2.25621E-3 2.50139E-3 2.61597E-3 2.61813E-3 2.5183E-3 2.4351E-3 2.048E-3 2.28625E-3 2.00319E-3 1.91374E-3 2.72031E-3 3.11639E-3 1.84024E-3 2.46702E-3 2.38149E-3 1.56419E-3 1.60671E-3 1.5016E-3
1.52997E-3 1.60241E-3 1.56305E-3 1.48777E-3 1.43888E-3 1.3988E-3 1.76842E-3 1.89965E-3 1.66469E-3 1.97218E-3 1.54919E-3 1.05706E-3 1.13128E-3 1.04301E-3 1.51111E-3 1.59138E-3 1.99698E-3 1.58059E-3 1.44701E-3 1.66718E-3 1.78196E-3 1.43744E-3 2.34045E-3 2.22871E-3 1.59441E-3 2.18302E-3 2.47057E-3 2.12419E-3 2.06284E-3 1.79459E-3 2.01251E-3 2.03971E-3 2.72948E-3 2.45521E-3 2.37297E-3 2.22801E-3 2.25551E-3 2.33189E-3 2.4664E-3 2.27738E-3 2.27328E-3 2.38568E-3 2.32943E-3 2.31596E-3 2.40144E-3 2.30533E-3 2.78042E-3 2.40431E-3 2.49459E-3 1.91988E-3 2.18372E-3 2.36112E-3 2.20366E-3 1.77427E-3 1.44881E-3 1.42514E-3 2.08477E-3 2.02796E-3 1.54954E-3 1.71164E-3 1.57367E-3
1.48198E-3 1.50675E-3 1.48222E-3 1.45953E-3 1.35667E-3 1.45736E-3 1.60434E-3 2.07702E-3 1.81291E-3 2.01647E-3 1.94852E-3 1.31057E-3 1.12713E-3 1.0007E-3 1.38437E-3 1.67404E-3 1.88497E-3 1.71028E-3 1.35637E-3 1.54753E-3 1.80471E-3 1.46335E-3 2.01513E-3 2.17638E-3 1.8032E-3 2.03851E-3 1.8962E-3 2.13646E-3 1.92092E-3 1.58402E-3 1.50889E-3 1.61315E-3 2.17763E-3 2.54386E-3 2.51491E-3 2.42476E-3 2.44804E-3 2.37032E-3 2.35858E-3 2.47225E-3 2.54053E-3 2.50423E-3 2.45978E-3 2.5403E-3 2.45243E-3 2.52492E-3 2.48665E-3 2.41043E-3 2.20677E-3 2.22027E-3 2.16382E-3 2.42769E-3 1.9418E-3 2.12624E-3 1.6749E-3 1.68346E-3 1.87024E-3 2.10462E-3 1.8958E-3 2.04377E-3 1.67791E-3
1.50504E-3 1.54084E-3 1.46408E-3 1.49953E-3 1.40836E-3 1.35239E-3 1.74933E-3 1.70444E-3 1.59921E-3 1.66772E-3 1.66497E-3 1.54454E-3 1.17594E-3 1.02803E-3 1.12815E-3 1.35607E-3 1.90878E-3 1.84018E-3 1.55296E-3 1.44518E-3 1.35625E-3 1.31047E-3 1.86975E-3 2.07672E-3 2.07329E-3 2.09271E-3 2.00946E-3 2.06124E-3 2.64414E-3 2.32746E-3 1.90098E-3 1.58631E-3 1.73909E-3 2.19817E-3 2.18733E-3 2.2452E-3 2.36184E-3 2.28607E-3 2.30326E-3 2.26393E-3 2.53624E-3 2.59313E-3 2.42215E-3 2.30096E-3 2.45564E-3 2.34548E-3 2.79104E-3 2.29448E-3 2.68207E-3 2.4639E-3 2.33813E-3 2.55675E-3 2.06943E-3 2.38227E-3 2.24597E-3 1.89556E-3 1.7268E-3 1.98233E-3 2.02442E-3 1.98032E-3 1.71581E-3
1.42967E-3 1.50988E-3 1.51305E-3 1.41617E-3 1.32528E-3 1.34696E-3 1.7379E-3 1.8602E-3 1.65991E-3 1.57563E-3 1.54887E-3 1.44967E-3 1.25486E-3 1.06311E-3 1.01771E-3 1.15742E-3 1.27972E-3 1.58825E-3 1.56821E-3 1.35485E-3 1.15345E-3 1.17609E-3 1.50626E-3 2.15809E-3 1.97225E-3 1.77919E-3 1.32082E-3 1.77648E-3 2.46518E-3 2.85854E-3 2.24165E-3 1.96664E-3 1.59123E-3 2.04747E-3 2.24296E-3 2.16917E-3 2.23222E-3 2.39811E-3 2.3853E-3 2.44987E-3 2.36263E-3 2.36549E-3 2.50728E-3 2.56349E-3 3.13114E-3 2.50991E-3 2.41793E-3 2.09366E-3 2.31726E-3 2.78888E-3 2.91145E-3 2.68985E-3 2.04624E-3 2.14624E-3 2.40968E-3 2.14007E-3 1.82399E-3 1.92409E-3 1.96551E-3 1.84525E-3 1.92042E-3
1.45138E-3 1.40483E-3 1.40538E-3 1.34366E-3 1.35517E-3 1.36161E-3 1.82291E-3 1.67641E-3 1.72727E-3 1.76776E-3 1.68252E-3 1.64221E-3 1.27045E-3 1.11822E-3 1.1094E-3 1.116E-3 1.40751E-3 1.34335E-3 1.22517E-3 1.1595E-3 1.14296E-3 1.28218E-3 1.32662E-3 1.93457E-3 2.24246E-3 1.9919E-3 1.13907E-3 1.57607E-3 2.05995E-3 2.41811E-3 2.32543E-3 2.03137E-3 1.73956E-3 1.73921E-3 2.18408E-3 2.27153E-3 2.34844E-3 2.78359E-3 2.50533E-3 2.39113E-3 2.52617E-3 2.27337E-3 2.94304E-3 2.42651E-3 2.35972E-3 2.31188E-3 2.73899E-3 2.74486E-3 2.24304E-3 2.18029E-3 2.67751E-3 3.35189E-3 2.53908E-3 1.94806E-3 2.34144E-3 2.04579E-3 1.95107E-3 2.15532E-3 1.94623E-3 1.77314E-3 2.04803E-3
1.40636E-3 1.34933E-3 1.36802E-3 1.41436E-3 1.38687E-3 1.43826E-3 1.88635E-3 1.90546E-3 1.97664E-3 1.77633E-3 1.70643E-3 1.61045E-3 1.31729E-3 1.12837E-3 1.09125E-3 1.13964E-3 1.37339E-3 1.71708E-3 1.38994E-3 1.17174E-3 1.1033E-3 1.36224E-3 1.22772E-3 1.34011E-3 1.77506E-3 1.51377E-3 1.31349E-3 1.95105E-3 1.90357E-3 2.08772E-3 2.12474E-3 2.19453E-3 1.67822E-3 1.73323E-3 1.60153E-3 2.43554E-3 2.22167E-3 2.78768E-3 2.56501E-3 2.74989E-3 2.628E-3 2.73411E-3 2.56519E-3 2.46987E-3 2.5997E-3 2.56333E-3 2.86304E-3 2.8727E-3 2.24362E-3 2.51187E-3 2.58684E-3 3.86586E-3 3.11779E-3 2.24782E-3 2.08602E-3 1.97923E-3 1.91628E-3 2.37387E-3 2.05618E-3 1.71521E-3 2.55012E-3
1.28923E-3 1.1644E-3 1.23892E-3 1.25773E-3 1.51833E-3 1.59547E-3 1.9784E-3 1.90152E-3 1.71249E-3 1.60029E-3 1.52142E-3 1.55065E-3 1.41371E-3 1.22898E-3 1.12709E-3 1.15319E-3 1.25733E-3 1.87771E-3 1.8197E-3 1.69427E-3 1.07581E-3 1.21938E-3 1.34984E-3 1.39871E-3 1.65145E-3 1.28998E-3 1.23831E-3 2.15627E-3 1.70361E-3 1.60152E-3 1.60243E-3 2.02087E-3 1.61978E-3 1.56277E-3 1.45907E-3 2.03355E-3 2.39826E-3 2.25964E-3 2.21264E-3 2.51999E-3 2.19979E-3 2.33313E-3 2.31239E-3 2.35269E-3 2.53489E-3 2.53428E-3 2.45209E-3 2.52539E-3 2.02662E-3 2.35728E-3 2.2323E-3 2.65877E-3 2.38278E-3 2.18082E-3 2.12902E-3 2.00368E-3 1.86341E-3 2.04563E-3 1.9269E-3 1.71971E-3 1.73289E-3
1.20507E-3 1.20458E-3 1.14216E-3 1.22868E-3 1.86125E-3 1.54206E-3 1.44482E-3 1.63208E-3 1.75119E-3 1.74877E-3 1.6484E-3 1.42382E-3 1.55615E-3 1.31959E-3 1.21503E-3 1.21161E-3 1.23558E-3 1.46607E-3 1.87334E-3 1.5808E-3 1.4527E-3 1.30552E-3 1.39067E-3 1.54417E-3 1.3693E-3 1.38073E-3 1.22215E-3 1.47253E-3 2.3706E-3 2.20399E-3 1.84156E-3 2.01475E-3 1.85381E-3 1.6111E-3 1.3504E-3 2.25527E-3 2.71503E-3 2.06935E-3 1.83085E-3 1.89515E-3 1.9442E-3 1.95683E-3 2.18342E-3 2.55054E-3 3.0269E-3 3.05857E-3 2.28188E-3 2.33459E-3 2.47223E-3 2.43469E-3 2.43469E-3 2.4363E-3 2.42298E-3 2.11695E-3 2.09234E-3 2.01611E-3 2.13887E-3 1.90331E-3 1.75458E-3 2.1676E-3 1.6463E-3
1.29158E-3 1.18905E-3 1.14396E-3 1.23078E-3 1.54216E-3 1.31386E-3 1.20628E-3 1.28362E-3 1.5402E-3 1.57216E-3 1.47048E-3 1.52557E-3 1.90158E-3 1.53169E-3 1.33442E-3 1.18072E-3 1.19718E-3 1.26914E-3 2.05481E-3 1.81504E-3 1.59892E-3 1.44014E-3 1.41184E-3 1.53233E-3 1.44725E-3 1.48263E-3 1.37131E-3 1.45601E-3 1.7276E-3 1.57682E-3 1.59031E-3 1.72805E-3 1.71121E-3 1.6328E-3 1.3458E-3 1.83049E-3 2.51972E-3 2.23726E-3 2.15273E-3 1.81043E-3 1.96398E-3 2.31158E-3 2.07686E-3 3.11343E-3 3.0973E-3 2.29794E-3 2.44802E-3 2.87775E-3 2.4051E-3 2.44876E-3 2.34177E-3 2.56964E-3 2.15532E-3 2.07271E-3 2.22776E-3 2.40888E-3 2.27028E-3 1.79667E-3 1.71757E-3 2.62858E-3 2.02886E-3
1.20047E-3 1.27635E-3 1.19598E-3 1.2324E-3 1.29461E-3 1.2495E-3 1.20049E-3 1.11537E-3 1.19836E-3 1.49248E-3 1.43686E-3 1.50004E-3 1.4984E-3 1.55278E-3 1.55895E-3 1.28445E-3 1.17605E-3 1.29121E-3 1.87258E-3 1.80285E-3 1.87981E-3 1.7826E-3 1.69229E-3 1.63047E-3 1.5792E-3 1.55682E-3 1.59482E-3 1.74622E-3 1.72542E-3 1.47365E-3 1.42171E-3 1.61331E-3 1.63435E-3 1.48301E-3 1.41349E-3 1.6451E-3 2.30614E-3 1.82898E-3 2.36237E-3 1.93176E-3 2.15379E-3 1.86623E-3 1.96218E-3 2.45386E-3 2.47199E-3 2.36309E-3 2.19828E-3 3.12579E-3 2.17508E-3 2.38308E-3 2.52046E-3 2.42832E-3 2.16931E-3 1.93847E-3 2.13711E-3 2.43098E-3 1.94764E-3 1.57357E-3 1.63845E-3 2.55566E-3 1.71571E-3
1.2945E-3 1.44744E-3 1.25324E-3 1.14161E-3 1.41378E-3 1.24403E-3 1.10578E-3 1.09853E-3 1.14336E-3 1.27882E-3 1.2142E-3 1.52929E-3 1.51491E-3 1.42451E-3 1.54405E-3 1.32146E-3 1.23107E-3 1.34279E-3 1.54711E-3 1.5047E-3 1.54483E-3 1.86511E-3 1.90438E-3 2.04688E-3 1.85347E-3 1.58269E-3 1.66713E-3 1.57733E-3 1.77115E-3 1.58266E-3 1.51961E-3 1.47416E-3 1.53496E-3 1.42066E-3 1.4305E-3 1.37847E-3 1.43097E-3 1.70084E-3 1.8355E-3 2.11545E-3 2.44128E-3 2.08455E-3 1.84146E-3 1.98134E-3 2.0529E-3 2.06199E-3 2.7306E-3 2.51573E-3 2.2229E-3 2.16456E-3 2.28748E-3 2.22864E-3 2.1197E-3 1.84941E-3 2.05902E-3 2.03636E-3 2.01083E-3 1.57786E-3 1.74208E-3 1.76095E-3 1.37197E-3
1.16247E-3 1.21617E-3 1.26105E-3 1.04441E-3 1.19856E-3 1.37563E-3 1.23094E-3 1.10617E-3 1.26961E-3 1.24229E-3 1.23865E-3 1.28817E-3 1.55664E-3 1.53211E-3 1.30832E-3 1.23243E-3 1.29315E-3 1.74484E-3 1.54212E-3 1.5047E-3 1.50624E-3 1.62331E-3 1.52918E-3 2.04657E-3 2.00067E-3 1.76482E-3 1.67853E-3 1.69016E-3 1.65225E-3 1.56671E-3 1.49253E-3 1.54203E-3 1.59304E-3 1.52504E-3 1.60633E-3 1.42712E-3 1.43562E-3 1.40692E-3 1.45456E-3 1.62542E-3 2.22267E-3 2.01467E-3 1.95234E-3 2.08675E-3 2.0345E-3 2.0227E-3 2.52205E-3 2.48124E-3 2.54346E-3 2.40437E-3 2.17011E-3 2.00036E-3 2.0794E-3 2.05256E-3 1.81631E-3 1.79131E-3 1.95378E-3 1.58826E-3 1.58338E-3 1.46648E-3 1.59754E-3
1.22418E-3 1.18842E-3 1.18917E-3 1.04892E-3 1.14153E-3 1.22924E-3 1.38383E-3 1.28601E-3 1.20243E-3 1.29774E-3 1.28981E-3 1.30716E-3 1.51405E-3 1.58777E-3 1.36125E-3 1.24411E-3 1.34824E-3 1.79362E-3 1.65796E-3 1.56801E-3 1.58879E-3 1.39189E-3 1.59305E-3 1.86716E-3 1.85126E-3 2.03833E-3 1.71881E-3 1.67878E-3 1.7372E-3 1.54177E-3 1.43275E-3 1.51847E-3 1.70644E-3 1.77125E-3 1.74211E-3 1.77582E-3 1.56429E-3 1.5269E-3 1.45303E-3 1.529E-3 1.793E-3 2.33884E-3 2.09292E-3 2.15868E-3 1.98635E-3 2.02987E-3 2.2346E-3 2.54147E-3 2.24652E-3 2.31649E-3 2.43003E-3 2.25472E-3 1.99009E-3 1.80749E-3 1.78855E-3 1.72871E-3 1.90877E-3 1.54443E-3 1.72886E-3 1.75054E-3 1.74772E-3
1.32257E-3 1.2389E-3 1.27633E-3 1.3185E-3 1.21302E-3 1.08174E-3 1.19538E-3 1.4408E-3 1.22703E-3 1.20802E-3 1.28708E-3 1.36926E-3 1.3458E-3 1.44023E-3 1.43985E-3 1.25463E-3 1.37124E-3 1.54231E-3 1.60036E-3 1.58887E-3 1.54946E-3 1.50301E-3 1.48114E-3 1.67559E-3 1.52561E-3 1.77429E-3 1.94535E-3 1.73403E-3 1.73354E-3 1.59058E-3 1.41575E-3 1.38502E-3 1.38476E-3 1.48561E-3 1.42209E-3 1.55209E-3 1.61288E-3 1.93587E-3 1.70505E-3 1.47134E-3 1.69075E-3 1.85891E-3 1.97268E-3 1.8436E-3 1.88676E-3 1.87439E-3 1.99682E-3 3.00616E-3 1.95579E-3 2.11084E-3 2.13948E-3 1.94086E-3 1.88968E-3 1.90156E-3 1.7285E-3 1.62674E-3 1.88513E-3 1.49864E-3 1.59042E-3 2.08334E-3 1.7789E-3
1.31159E-3 1.34072E-3 1.39129E-3 1.32045E-3 1.24796E-3 1.34495E-3 1.26071E-3 1.23603E-3 1.32161E-3 1.30315E-3 1.2627E-3 1.26862E-3 1.32642E-3 1.38014E-3 1.39767E-3 1.29888E-3 1.32763E-3 1.57492E-3 1.61553E-3 1.72882E-3 1.76531E-3 1.74534E-3 1.56488E-3 1.57396E-3 1.5169E-3 1.6816E-3 1.92917E-3 1.61221E-3 1.55853E-3 1.46145E-3 1.41815E-3 1.63161E-3 1.54026E-3 1.38415E-3 1.26141E-3 1.38071E-3 1.51329E-3 1.71423E-3 2.11084E-3 1.81307E-3 1.95704E-3 1.54463E-3 1.54757E-3 1.63635E-3 1.52057E-3 1.58402E-3 2.14275E-3 2.55937E-3 2.05441E-3 1.73323E-3 1.78704E-3 2.01773E-3 1.96492E-3 1.68988E-3 1.66718E-3 1.4615E-3 1.73385E-3 1.50608E-3 1.54007E-3 1.9028E-3 1.59399E-3
1.31335E-3 1.23365E-3 1.18948E-3 1.05103E-3 1.08484E-3 1.63765E-3 1.3344E-3 1.19502E-3 1.37854E-3 1.37829E-3 1.33598E-3 1.39768E-3 1.39922E-3 1.37942E-3 1.41084E-3 1.35963E-3 1.35798E-3 1.38127E-3 1.39871E-3 1.43356E-3 1.50452E-3 1.61292E-3 1.86363E-3 1.72614E-3 1.51942E-3 1.66304E-3 1.72122E-3 1.58478E-3 1.33957E-3 1.47234E-3 1.42196E-3 1.57995E-3 1.71552E-3 1.36796E-3 1.28441E-3 1.33633E-3 1.31412E-3 1.34129E-3 1.70421E-3 1.5592E-3 1.68929E-3 1.57505E-3 1.4661E-3 1.50616E-3 1.36916E-3 1.63432E-3 2.67838E-3 1.7506E-3 1.86793E-3 1.82573E-3 1.73523E-3 1.95098E-3 1.8164E-3 1.70173E-3 1.4647E-3 1.38222E-3 1.65718E-3 1.4207E-3 1.5909E-3 1.91424E-3 1.44426E-3
1.16101E-3 1.24768E-3 1.05628E-3 1.16371E-3 1.10948E-3 1.44755E-3 1.2579E-3 1.16293E-3 1.46607E-3 1.43534E-3 1.45001E-3 1.50472E-3 1.51095E-3 1.52223E-3 1.53026E-3 1.52595E-3 1.53489E-3 1.4652E-3 1.51923E-3 1.59271E-3 1.57934E-3 1.45425E-3 1.70393E-3 1.74734E-3 1.71562E-3 1.51347E-3 1.86233E-3 1.69331E-3 1.37998E-3 1.40624E-3 1.38514E-3 1.53269E-3 1.55468E-3 1.32324E-3 1.32166E-3 1.25888E-3 1.2973E-3 1.43297E-3 1.53268E-3 1.53131E-3 1.43076E-3 1.44804E-3 1.32733E-3 1.47537E-3 1.45113E-3 1.38925E-3 2.29674E-3 1.99605E-3 1.34036E-3 1.54105E-3 2.01977E-3 1.77229E-3 1.75488E-3 1.52177E-3 1.43794E-3 1.3071E-3 1.57953E-3 1.275E-3 1.49079E-3 1.77694E-3 1.41758E-3
1.08339E-3 1.06188E-3 1.13315E-3 1.27042E-3 1.2021E-3 1.1876E-3 1.18631E-3 1.26803E-3 1.54541E-3 1.72585E-3 1.41229E-3 1.56103E-3 1.62711E-3 1.6142E-3 1.57717E-3 1.57223E-3 1.63016E-3 1.62592E-3 1.70003E-3 1.69129E-3 1.66105E-3 1.35552E-3 1.74304E-3 1.53217E-3 1.46827E-3 1.56652E-3 1.73912E-3 1.51304E-3 1.38615E-3 1.45332E-3 1.49632E-3 1.63461E-3 1.3548E-3 1.28662E-3 1.40081E-3 1.36917E-3 1.48653E-3 1.2409E-3 1.22243E-3 1.98841E-3 1.50748E-3 1.39183E-3 1.3514E-3 1.29181E-3 1.49184E-3 1.25607E-3 1.60991E-3 1.64594E-3 1.45927E-3 1.37164E-3 1.77779E-3 1.91108E-3 1.56649E-3 1.60253E-3 1.43875E-3 1.2068E-3 1.34817E-3 1.28362E-3 1.56057E-3 1.52621E-3 1.34636E-3
7.21431E-4 9.46347E-4 9.92872E-4 9.8346E-4 8.73712E-4 1.12344E-3 1.14712E-3 1.15979E-3 1.04962E-3 1.45952E-3 1.33645E-3 1.55711E-3 1.89485E-3 1.53541E-3 1.81079E-3 1.89979E-3 1.61757E-3 1.55305E-3 1.7896E-3 1.81979E-3 1.66665E-3 1.61741E-3 1.63766E-3 1.54022E-3 1.47901E-3 1.5039E-3 1.95057E-3 1.60942E-3 1.42644E-3 1.29121E-3 1.38092E-3 1.35937E-3 1.40171E-3 1.36115E-3 1.30448E-3 1.42551E-3 1.34819E-3 1.2309E-3 1.20197E-3 2.27712E-3 1.67931E-3 1.29006E-3 1.26791E-3 1.18911E-3 1.28547E-3 1.43857E-3 1.77569E-3 1.47776E-3 1.43786E-3 1.2351E-3 1.53344E-3 1.84147E-3 1.56822E-3 1.21282E-3 1.32157E-3 1.2049E-3 1.27721E-3 1.32819E-3 1.56618E-3 1.32173E-3 1.48253E-3
8.13394E-4 8.20531E-4 9.49306E-4 9.13818E-4 8.71911E-4 8.64794E-4 9.90834E-4 9.36221E-4 9.05754E-4 1.04075E-3 1.38716E-3 1.6441E-3 1.74589E-3 1.5579E-3 1.6123E-3 1.65826E-3 1.81428E-3 1.59367E-3 2.06688E-3 1.99389E-3 1.82571E-3 1.60971E-3 1.60609E-3 1.6143E-3 1.53395E-3 1.44335E-3 1.61428E-3 1.65765E-3 1.3219E-3 1.44118E-3 1.60125E-3 1.48212E-3 1.42051E-3 1.47821E-3 1.39669E-3 1.6151E-3 1.31498E-3 1.09334E-3 1.09426E-3 1.99202E-3 1.83095E-3 1.38377E-3 1.33118E-3 1.23246E-3 1.36066E-3 1.47607E-3 1.68703E-3 1.32593E-3 1.28653E-3 1.22928E-3 1.58287E-3 1.40767E-3 1.4699E-3 1.39265E-3 1.23758E-3 1.27939E-3 1.19828E-3 1.24667E-3 1.52913E-3 1.40508E-3 1.34989E-3
1.03774E-3 9.99944E-4 1.00412E-3 1.03098E-3 9.29745E-4 8.01225E-4 1.06431E-3 8.15325E-4 8.72743E-4 9.41805E-4 1.17263E-3 1.41297E-3 1.24633E-3 1.4101E-3 1.21548E-3 1.41791E-3 1.37239E-3 1.63377E-3 2.06641E-3 1.87324E-3 1.66564E-3 1.67642E-3 1.52936E-3 1.87617E-3 1.56661E-3 1.48009E-3 1.45332E-3 1.72473E-3 1.33156E-3 1.38699E-3 1.55407E-3 1.26255E-3 1.23454E-3 1.33311E-3 1.29506E-3 1.44098E-3 1.37498E-3 1.13249E-3 1.06905E-3 1.76025E-3 1.74071E-3 1.48265E-3 1.57E-3 1.22449E-3 1.21693E-3 1.30223E-3 1.39725E-3 1.26008E-3 1.18974E-3 1.27824E-3 1.58063E-3 1.43043E-3 1.22956E-3 1.36697E-3 1.10168E-3 1.20695E-3 1.11698E-3 1.28963E-3 1.45396E-3 1.44208E-3 1.83155E-3
8.96645E-4 8.43145E-4 8.50791E-4 8.2461E-4 9.52805E-4 8.31383E-4 9.5173E-4 8.2807E-4 9.74956E-4 1.10277E-3 1.10965E-3 1.39225E-3 1.2404E-3 1.14299E-3 1.45112E-3 1.10977E-3 1.02602E-3 1.56673E-3 1.80558E-3 1.65992E-3 1.81608E-3 1.64034E-3 1.82111E-3 1.75198E-3 1.474E-3 1.40381E-3 1.39503E-3 1.51014E-3 1.29913E-3 1.48624E-3 1.35187E-3 1.25139E-3 1.24191E-3 1.32133E-3 1.16116E-3 1.32872E-3 1.45312E-3 1.17614E-3 9.56501E-4 1.33669E-3 1.52293E-3 1.28447E-3 1.5045E-3 1.33041E-3 1.55785E-3 1.2106E-3 1.12475E-3 1.15124E-3 1.16802E-3 1.38239E-3 1.70077E-3 1.39405E-3 1.10709E-3 1.31264E-3 1.14597E-3 9.98487E-4 1.13101E-3 1.32002E-3 1.26125E-3 1.23645E-3 1.56713E-3
