Artocarpus hirsutus SDM files/MIS19/results (with bias file)/Arthir_8.asc
ncols         625
nrows         721
xllcorner     69.99986311115
yllcorner     5.99986187915
cellsize      0.041666667
NODATA_value  -9999
[rows 297 to 323 of 721, columns 427 to 487 of 625]
3.86133E-3 4.16823E-3 4.15204E-3 4.13637E-3 4.21969E-3 4.22151E-3 4.22331E-3 4.69548E-3 4.66648E-3 4.81979E-3 4.98908E-3 5.08731E-3 5.35447E-3 5.74528E-3 5.78242E-3 6.21477E-3 6.11654E-3 6.55821E-3 6.35174E-3 6.91604E-3 7.35461E-3 7.05549E-3 7.71553E-3 7.61826E-3 8.1224E-3 8.08508E-3 8.2286E-3 8.98498E-3 8.76161E-3 9.05129E-3 9.02086E-3 1.03666E-2 1.08194E-2 1.23451E-2 1.28985E-2 1.30909E-2 1.32644E-2 1.49494E-2 1.53896E-2 1.71642E-2 1.71429E-2 1.73611E-2 1.87975E-2 1.89808E-2 1.96271E-2 2.04376E-2 2.04986E-2 2.37469E-2 2.3891E-2 2.28657E-2 2.30193E-2 2.30744E-2 2.21944E-2 2.3896E-2 2.37891E-2 2.27379E-2 2.28034E-2 2.22723E-2 2.2235E-2 2.13976E-2 1.90949E-2
4.2537E-3 4.23827E-3 4.21734E-3 4.28902E-3 4.28832E-3 4.68146E-3 4.67957E-3 4.55348E-3 4.74948E-3 5.36759E-3 5.04631E-3 5.56661E-3 5.42187E-3 5.85642E-3 5.66607E-3 6.19756E-3 5.9855E-3 6.55171E-3 6.33834E-3 6.61384E-3 7.34112E-3 7.23859E-3 7.53006E-3 7.79101E-3 7.75983E-3 8.10547E-3 8.30917E-3 8.988E-3 8.97737E-3 9.98428E-3 1.01189E-2 1.04516E-2 1.08435E-2 1.24121E-2 1.29687E-2 1.34904E-2 1.3435E-2 1.50432E-2 1.54827E-2 1.68836E-2 1.80703E-2 1.74712E-2 1.89775E-2 1.92248E-2 1.94052E-2 2.06373E-2 2.17618E-2 2.19776E-2 2.42625E-2 2.43198E-2 2.34461E-2 2.44794E-2 2.24449E-2 2.24672E-2 2.25386E-2 2.16066E-2 2.27166E-2 2.01546E-2 2.17029E-2 1.93307E-2 1.84778E-2
4.22188E-3 4.21457E-3 4.20322E-3 4.62961E-3 4.64738E-3 4.63366E-3 4.62756E-3 4.59134E-3 5.1043E-3 5.0803E-3 5.03979E-3 5.32493E-3 5.40086E-3 5.80105E-3 5.75323E-3 6.1432E-3 5.97086E-3 6.51201E-3 6.27245E-3 6.71105E-3 6.63743E-3 7.29768E-3 7.58724E-3 7.84951E-3 8.43414E-3 8.1627E-3 8.33781E-3 9.04995E-3 9.06743E-3 1.00863E-2 1.03207E-2 1.07684E-2 1.0943E-2 1.27823E-2 1.30663E-2 1.36533E-2 1.38244E-2 1.5059E-2 1.5996E-2 1.59304E-2 1.82398E-2 1.76242E-2 1.78508E-2 1.94059E-2 1.96573E-2 2.13282E-2 2.2057E-2 2.22524E-2 2.23787E-2 2.488E-2 2.37929E-2 2.33412E-2 2.51347E-2 2.49197E-2 2.18815E-2 2.092E-2 2.15246E-2 2.2925E-2 2.04853E-2 1.95605E-2 1.96093E-2
4.16966E-3 4.14989E-3 4.70946E-3 4.62647E-3 4.61378E-3 4.60306E-3 4.61378E-3 4.96651E-3 4.95037E-3 4.92889E-3 5.42932E-3 5.27385E-3 5.95273E-3 5.7969E-3 5.71404E-3 6.12848E-3 6.05531E-3 6.51012E-3 6.29606E-3 6.71918E-3 7.21337E-3 7.11912E-3 7.75717E-3 7.725E-3 8.48613E-3 8.21971E-3 9.10113E-3 9.3028E-3 9.68755E-3 9.50793E-3 1.0368E-2 1.11241E-2 1.12681E-2 1.17216E-2 1.28877E-2 1.37732E-2 1.43266E-2 1.5572E-2 1.58759E-2 1.64635E-2 1.66614E-2 1.77251E-2 1.88976E-2 1.97154E-2 1.9844E-2 2.09978E-2 2.18115E-2 2.15648E-2 2.178E-2 2.51272E-2 2.51918E-2 2.42485E-2 2.42424E-2 2.54341E-2 2.26404E-2 2.26706E-2 2.16446E-2 2.16967E-2 2.07661E-2 2.07128E-2 1.99601E-2
1.16278E-2 1.25875E-2 4.68772E-3 4.68111E-3 4.6703E-3 4.56251E-3 4.55805E-3 4.93088E-3 4.87265E-3 4.99161E-3 5.28933E-3 5.81928E-3 5.76546E-3 5.74685E-3 6.1866E-3 6.10848E-3 6.54992E-3 6.49989E-3 6.31356E-3 6.75337E-3 7.40893E-3 7.31243E-3 7.86251E-3 7.79166E-3 8.74712E-3 8.57988E-3 8.73911E-3 9.51342E-3 9.80918E-3 9.91991E-3 1.00529E-2 1.09774E-2 1.15086E-2 1.21648E-2 1.35951E-2 1.38241E-2 1.41228E-2 1.47422E-2 1.61414E-2 1.62837E-2 1.80897E-2 1.89366E-2 1.82495E-2 1.84325E-2 2.00872E-2 2.02891E-2 1.96104E-2 2.17915E-2 2.19265E-2 2.20548E-2 2.26559E-2 2.34765E-2 2.29688E-2 2.29655E-2 2.29529E-2 2.28519E-2 2.19718E-2 2.20113E-2 2.0962E-2 2.10229E-2 2.01554E-2
1.35769E-2 1.29693E-2 4.67828E-3 4.63976E-3 5.03535E-3 5.02596E-3 4.97747E-3 4.96722E-3 5.53772E-3 5.37874E-3 5.14384E-3 5.56315E-3 5.77707E-3 5.71817E-3 6.28981E-3 6.2392E-3 6.42728E-3 6.65432E-3 6.18345E-3 6.67296E-3 6.634E-3 7.39258E-3 7.97959E-3 8.34126E-3 8.08699E-3 8.90734E-3 8.93814E-3 9.65869E-3 9.99893E-3 9.65682E-3 9.76035E-3 1.14068E-2 1.16298E-2 1.2303E-2 1.37999E-2 1.39252E-2 1.43267E-2 1.4849E-2 1.47508E-2 1.64687E-2 1.66919E-2 1.76967E-2 1.8419E-2 1.86011E-2 2.02103E-2 2.04818E-2 1.97296E-2 2.14181E-2 2.16223E-2 2.22692E-2 2.24817E-2 2.31569E-2 2.31132E-2 2.33031E-2 2.42593E-2 2.59375E-2 2.30924E-2 2.21461E-2 2.21294E-2 2.12685E-2 2.03444E-2
1.22849E-2 1.17699E-2 1.19546E-2 4.60549E-3 4.98869E-3 4.97469E-3 4.96262E-3 4.94559E-3 5.49585E-3 5.48745E-3 5.0678E-3 5.64758E-3 5.64907E-3 6.08717E-3 5.88236E-3 6.2392E-3 6.45987E-3 6.40377E-3 6.36546E-3 6.82398E-3 6.63063E-3 7.35955E-3 8.24421E-3 8.38012E-3 8.42614E-3 9.08547E-3 9.09423E-3 8.95653E-3 9.46796E-3 1.0016E-2 1.03739E-2 1.08401E-2 1.18666E-2 1.19637E-2 1.29436E-2 1.4188E-2 1.46973E-2 1.50151E-2 1.50134E-2 1.44672E-2 1.61048E-2 1.71401E-2 1.65764E-2 1.8086E-2 1.90286E-2 2.06062E-2 2.09495E-2 2.16895E-2 2.2734E-2 2.18968E-2 2.26266E-2 2.43617E-2 2.45075E-2 2.56682E-2 2.44971E-2 2.45595E-2 2.45993E-2 2.33983E-2 2.23905E-2 2.15121E-2 2.0597E-2
1.12888E-2 1.18453E-2 1.13723E-2 1.25566E-2 4.93822E-3 4.93033E-3 4.92231E-3 5.57995E-3 5.58051E-3 5.55599E-3 5.98889E-3 5.74475E-3 5.60939E-3 5.47589E-3 6.04138E-3 5.83398E-3 6.29359E-3 6.13349E-3 6.07005E-3 6.86128E-3 6.99452E-3 7.5524E-3 7.56407E-3 8.15758E-3 8.15687E-3 9.03814E-3 9.24546E-3 9.26988E-3 1.01857E-2 1.02565E-2 1.03779E-2 1.03315E-2 1.06421E-2 1.21968E-2 1.32236E-2 1.33883E-2 1.42356E-2 1.47733E-2 1.44878E-2 1.45683E-2 1.62295E-2 1.64892E-2 1.67688E-2 1.81743E-2 1.91979E-2 1.94622E-2 2.10749E-2 2.0309E-2 2.29505E-2 2.31761E-2 2.38029E-2 2.38658E-2 2.47244E-2 2.58187E-2 2.58628E-2 2.47803E-2 2.47476E-2 2.37039E-2 2.27988E-2 2.17819E-2 2.17376E-2
1.25649E-2 1.32871E-2 1.30307E-2 1.27789E-2 5.72775E-3 5.47215E-3 5.46109E-3 5.444E-3 6.02968E-3 6.01968E-3 5.99565E-3 5.68809E-3 6.17749E-3 6.03996E-3 6.01302E-3 6.48714E-3 6.17574E-3 6.58302E-3 7.06391E-3 7.05368E-3 7.29081E-3 7.85573E-3 7.66876E-3 8.50969E-3 8.31659E-3 8.54441E-3 9.71798E-3 9.527E-3 1.06423E-2 1.04177E-2 1.05617E-2 1.04887E-2 1.08364E-2 1.1015E-2 1.28312E-2 1.27384E-2 1.28703E-2 1.30523E-2 1.46619E-2 1.50973E-2 1.52558E-2 1.50979E-2 1.69044E-2 1.70382E-2 1.84123E-2 1.95712E-2 2.11252E-2 2.12747E-2 2.14905E-2 2.33885E-2 2.40086E-2 2.42201E-2 2.31716E-2 2.60463E-2 2.6112E-2 2.60619E-2 2.49563E-2 2.38813E-2 2.29536E-2 2.29255E-2 2.1954E-2
1.35001E-2 1.33024E-2 1.33526E-2 1.46482E-2 1.44407E-2 5.67634E-3 5.41711E-3 5.42334E-3 6.15015E-3 6.14348E-3 6.16359E-3 6.37632E-3 6.3481E-3 6.16808E-3 6.99636E-3 6.84523E-3 6.67088E-3 6.36744E-3 7.19464E-3 7.32798E-3 7.30013E-3 7.91304E-3 8.29581E-3 8.78272E-3 8.85153E-3 8.66095E-3 9.81753E-3 9.69261E-3 1.00069E-2 1.13977E-2 1.12026E-2 1.11278E-2 1.15305E-2 1.11822E-2 1.10717E-2 1.16875E-2 1.30933E-2 1.32239E-2 1.34221E-2 1.35084E-2 1.48207E-2 1.51495E-2 1.50111E-2 1.56017E-2 1.65527E-2 1.80263E-2 1.89162E-2 1.82945E-2 1.99383E-2 2.09678E-2 2.14598E-2 2.32063E-2 2.43143E-2 2.33934E-2 2.33512E-2 2.62898E-2 2.51362E-2 2.52273E-2 2.4141E-2 2.14316E-2 2.14301E-2
1.34352E-2 1.40299E-2 1.36883E-2 1.46296E-2 1.43721E-2 1.41679E-2 6.12634E-3 6.15909E-3 6.13902E-3 6.14959E-3 6.66797E-3 6.34523E-3 6.35172E-3 7.03539E-3 6.97734E-3 7.00836E-3 6.89749E-3 7.40258E-3 7.51925E-3 7.55557E-3 8.16789E-3 8.39269E-3 8.38509E-3 8.23353E-3 9.15125E-3 9.41864E-3 9.9743E-3 1.00669E-2 1.01547E-2 1.02236E-2 1.06897E-2 1.00497E-2 1.17083E-2 1.15775E-2 1.11587E-2 1.13697E-2 1.16512E-2 1.30032E-2 1.32139E-2 1.37168E-2 1.31935E-2 1.46778E-2 1.41494E-2 1.46474E-2 1.66208E-2 1.67502E-2 1.82032E-2 1.83967E-2 1.85884E-2 2.05378E-2 2.16787E-2 2.33618E-2 2.43833E-2 2.46358E-2 2.35501E-2 2.35173E-2 2.64981E-2 2.5292E-2 2.25849E-2 2.254E-2 2.17075E-2
1.36361E-2 1.33376E-2 1.34511E-2 1.48525E-2 1.4689E-2 1.61E-2 1.63665E-2 1.6053E-2 6.6629E-3 6.65267E-3 6.81361E-3 7.36185E-3 7.04401E-3 7.05927E-3 7.03624E-3 7.05552E-3 7.03942E-3 7.62315E-3 7.58906E-3 7.60109E-3 8.42706E-3 8.45156E-3 8.7059E-3 9.4255E-3 9.46394E-3 9.54678E-3 9.64511E-3 1.05157E-2 1.0672E-2 1.09325E-2 1.10193E-2 1.11455E-2 1.18438E-2 1.17428E-2 1.13729E-2 1.11841E-2 1.20762E-2 1.18753E-2 1.18896E-2 1.28979E-2 1.30365E-2 1.30954E-2 1.35983E-2 1.48488E-2 1.4861E-2 1.68604E-2 1.83564E-2 1.97417E-2 1.90212E-2 2.16082E-2 2.16804E-2 2.17426E-2 2.46947E-2 2.46518E-2 2.47291E-2 2.3565E-2 2.47721E-2 2.36197E-2 2.26064E-2 2.27048E-2 2.17086E-2
1.55326E-2 1.49913E-2 1.50236E-2 1.46928E-2 1.66077E-2 1.65329E-2 1.66692E-2 1.78451E-2 1.79328E-2 6.86195E-3 6.82079E-3 7.38959E-3 7.55152E-3 7.40197E-3 7.4215E-3 7.97832E-3 7.24907E-3 8.04496E-3 8.08177E-3 8.06337E-3 8.08267E-3 8.95317E-3 8.6183E-3 8.87408E-3 9.85178E-3 9.98317E-3 9.82001E-3 1.01493E-2 9.71311E-3 1.03301E-2 1.11296E-2 1.12278E-2 1.09362E-2 1.05854E-2 1.04362E-2 1.16186E-2 1.14493E-2 1.15104E-2 1.16234E-2 1.17466E-2 1.18258E-2 1.3166E-2 1.30881E-2 1.31654E-2 1.42715E-2 1.4772E-2 1.74942E-2 1.76442E-2 1.9193E-2 1.92736E-2 2.17486E-2 2.20214E-2 2.29894E-2 2.47437E-2 2.36237E-2 2.38481E-2 2.48362E-2 2.37181E-2 2.38155E-2 2.27753E-2 2.27448E-2
1.62649E-2 1.61875E-2 1.68249E-2 1.67756E-2 1.66683E-2 1.64556E-2 1.81952E-2 1.80517E-2 1.81986E-2 7.98225E-3 7.79104E-3 7.80098E-3 7.83427E-3 7.82645E-3 8.32678E-3 8.28757E-3 8.10414E-3 8.04118E-3 8.12779E-3 8.33012E-3 9.01996E-3 9.04431E-3 9.31377E-3 9.14779E-3 9.2085E-3 9.06187E-3 1.00978E-2 9.97984E-3 1.06978E-2 1.14014E-2 1.12472E-2 1.12145E-2 1.13049E-2 1.08576E-2 1.06994E-2 1.06062E-2 1.09637E-2 1.08969E-2 1.17019E-2 1.14491E-2 1.2009E-2 1.21039E-2 1.11264E-2 1.22776E-2 1.31018E-2 1.47867E-2 1.49201E-2 1.69092E-2 1.78796E-2 1.92713E-2 2.02855E-2 2.20238E-2 2.29939E-2 2.30436E-2 2.48735E-2 2.38069E-2 2.48703E-2 2.48001E-2 2.48785E-2 2.38265E-2 2.28644E-2
1.57118E-2 1.68846E-2 1.68868E-2 1.67256E-2 1.68658E-2 1.8497E-2 1.82303E-2 2.05256E-2 2.0427E-2 2.08926E-2 8.2596E-3 8.76113E-3 8.75456E-3 8.72995E-3 8.71729E-3 8.98065E-3 8.31731E-3 9.84431E-3 8.40145E-3 8.36494E-3 9.30602E-3 9.58168E-3 9.8221E-3 9.05566E-3 9.54446E-3 9.30313E-3 9.48131E-3 1.03268E-2 1.08591E-2 1.07188E-2 1.11426E-2 1.12386E-2 1.13111E-2 1.07252E-2 1.07503E-2 1.04768E-2 1.00818E-2 1.01519E-2 1.09138E-2 1.19085E-2 1.05835E-2 1.1061E-2 1.11459E-2 1.21537E-2 1.24932E-2 1.38125E-2 1.49141E-2 1.70065E-2 1.70861E-2 1.93368E-2 1.9597E-2 2.04825E-2 2.30087E-2 2.32612E-2 2.3202E-2 2.2217E-2 2.49135E-2 2.49723E-2 2.49129E-2 2.36886E-2 2.12209E-2
1.76458E-2 1.75889E-2 1.69505E-2 1.66489E-2 1.90403E-2 1.88581E-2 2.09318E-2 2.10332E-2 2.05662E-2 2.04328E-2 8.1288E-3 8.8512E-3 9.03602E-3 9.02631E-3 8.99297E-3 8.7794E-3 9.19956E-3 8.66201E-3 8.60672E-3 8.49837E-3 8.52265E-3 8.5488E-3 9.52911E-3 9.50592E-3 9.41139E-3 9.47045E-3 9.75333E-3 1.04149E-2 1.04655E-2 1.03436E-2 1.01616E-2 9.95659E-3 9.84033E-3 9.53518E-3 1.01463E-2 9.22846E-3 1.00413E-2 1.01511E-2 1.05603E-2 1.06767E-2 1.01436E-2 1.02526E-2 1.06907E-2 1.10703E-2 1.16496E-2 1.32282E-2 1.51161E-2 1.51407E-2 1.63994E-2 1.73456E-2 1.9597E-2 2.05439E-2 2.31363E-2 2.32548E-2 2.22634E-2 2.32682E-2 2.33576E-2 2.49654E-2 2.48863E-2 2.21006E-2 2.10992E-2
1.7114E-2 1.90455E-2 1.94177E-2 1.9045E-2 1.92628E-2 2.14138E-2 2.14767E-2 2.19294E-2 2.18572E-2 2.44267E-2 2.40369E-2 9.17664E-3 9.18549E-3 1.01109E-2 9.50934E-3 1.0265E-2 9.54025E-3 9.34859E-3 1.03415E-2 9.15053E-3 9.89019E-3 8.79248E-3 8.62076E-3 1.02295E-2 9.64244E-3 9.69604E-3 9.75876E-3 9.38824E-3 1.02304E-2 1.02718E-2 9.91213E-3 1.00323E-2 9.85768E-3 9.50184E-3 9.39911E-3 9.23671E-3 1.00931E-2 1.01919E-2 9.15822E-3 1.02585E-2 1.02594E-2 9.7952E-3 9.92517E-3 1.02296E-2 1.11092E-2 1.27589E-2 1.33896E-2 1.51963E-2 1.52695E-2 1.6579E-2 1.8148E-2 1.96509E-2 2.16398E-2 2.32745E-2 2.22365E-2 2.31673E-2 2.33552E-2 2.42028E-2 2.30956E-2 2.21532E-2 2.19941E-2
1.86818E-2 1.91424E-2 1.88965E-2 2.09267E-2 2.19628E-2 2.1653E-2 2.47409E-2 2.47893E-2 2.48247E-2 2.53772E-2 2.52534E-2 9.85152E-3 9.87096E-3 1.09259E-2 1.05018E-2 1.11809E-2 1.09427E-2 1.04843E-2 9.46112E-3 9.44243E-3 9.4245E-3 9.25262E-3 9.26447E-3 9.31941E-3 8.92757E-3 9.78742E-3 9.84536E-3 9.47732E-3 9.55045E-3 9.57451E-3 1.01776E-2 1.0279E-2 1.034E-2 9.48406E-3 9.18011E-3 9.46449E-3 9.38817E-3 9.65957E-3 8.89365E-3 9.03119E-3 9.93821E-3 9.87281E-3 9.91845E-3 1.02296E-2 1.12131E-2 1.12716E-2 1.33839E-2 1.4522E-2 1.53231E-2 1.66391E-2 1.73551E-2 1.9591E-2 2.0714E-2 2.16001E-2 2.22069E-2 2.32656E-2 2.32458E-2 2.41585E-2 2.31295E-2 2.40127E-2 2.28236E-2
2.05322E-2 2.04626E-2 2.13394E-2 2.27425E-2 2.2141E-2 2.46261E-2 2.56617E-2 2.56187E-2 2.57066E-2 2.57847E-2 2.60401E-2 9.98209E-3 1.10444E-2 1.13107E-2 1.10875E-2 1.05557E-2 1.03324E-2 9.83339E-3 9.80172E-3 9.59968E-3 9.53786E-3 9.55543E-3 9.62294E-3 9.58226E-3 9.60546E-3 9.62067E-3 9.09593E-3 9.46171E-3 9.49695E-3 9.5606E-3 9.62687E-3 1.02234E-2 9.618E-3 9.67756E-3 9.40663E-3 9.71925E-3 9.58183E-3 8.81394E-3 8.95343E-3 9.02807E-3 8.71305E-3 9.97022E-3 9.04702E-3 9.37678E-3 1.06609E-2 1.12591E-2 1.3403E-2 1.35244E-2 1.54359E-2 1.54978E-2 1.74649E-2 1.83764E-2 2.07117E-2 2.06654E-2 2.07999E-2 2.32253E-2 2.31737E-2 2.40544E-2 2.30663E-2 2.38593E-2 2.26747E-2
2.18502E-2 2.456E-2 2.49959E-2 2.52939E-2 2.56983E-2 2.66569E-2 2.70378E-2 2.82637E-2 3.08545E-2 2.86931E-2 2.90707E-2 3.1574E-2 1.20225E-2 1.12174E-2 1.14175E-2 1.0446E-2 1.01802E-2 1.03066E-2 1.031E-2 1.03682E-2 1.03002E-2 1.00749E-2 1.00648E-2 9.6492E-3 9.45875E-3 9.64029E-3 9.47902E-3 9.88207E-3 9.48404E-3 9.55135E-3 9.34258E-3 9.50778E-3 9.66376E-3 9.4706E-3 9.58306E-3 9.46172E-3 9.57092E-3 9.27523E-3 8.94491E-3 9.01728E-3 8.72466E-3 9.54695E-3 9.56018E-3 9.78029E-3 1.06675E-2 1.07123E-2 1.28041E-2 1.35718E-2 1.53895E-2 1.54516E-2 1.67546E-2 1.83051E-2 2.06288E-2 2.07815E-2 2.26136E-2 2.15472E-2 2.15172E-2 2.31811E-2 2.40291E-2 2.2774E-2 2.12574E-2
2.50313E-2 2.56837E-2 2.57639E-2 2.6091E-2 2.63669E-2 2.66934E-2 3.02278E-2 3.06492E-2 3.1153E-2 3.24108E-2 3.32823E-2 3.39132E-2 3.17635E-2 1.15861E-2 1.04634E-2 1.04306E-2 1.06634E-2 1.04436E-2 1.04459E-2 1.02929E-2 1.01407E-2 1.01569E-2 1.01147E-2 9.68245E-3 9.50132E-3 9.47906E-3 9.49028E-3 8.9659E-3 8.99673E-3 9.34308E-3 9.36485E-3 9.00986E-3 8.92729E-3 8.71801E-3 9.75015E-3 9.61655E-3 9.16662E-3 9.31757E-3 8.96639E-3 9.04002E-3 8.87487E-3 9.54383E-3 9.66892E-3 1.04214E-2 1.04386E-2 1.11844E-2 1.21859E-2 1.34911E-2 1.53441E-2 1.55064E-2 1.75206E-2 1.83475E-2 2.05973E-2 2.07351E-2 2.26143E-2 2.15189E-2 2.16201E-2 2.14596E-2 2.2288E-2 2.13403E-2 2.21745E-2
2.51538E-2 2.59728E-2 2.60836E-2 2.90365E-2 3.012E-2 2.97608E-2 3.14994E-2 3.0327E-2 3.14444E-2 3.11425E-2 3.26981E-2 3.25433E-2 3.24093E-2 1.16549E-2 1.07676E-2 1.07547E-2 1.10147E-2 1.07661E-2 1.05124E-2 1.0279E-2 1.02642E-2 1.01932E-2 9.76723E-3 9.76914E-3 9.73394E-3 9.76914E-3 9.10893E-3 8.95342E-3 8.98716E-3 8.61685E-3 9.14234E-3 9.15331E-3 9.0988E-3 9.14323E-3 1.0019E-2 1.01186E-2 9.07372E-3 9.26027E-3 8.95248E-3 9.20716E-3 8.92961E-3 9.74916E-3 9.76957E-3 9.81984E-3 1.11674E-2 1.13131E-2 1.28874E-2 1.34549E-2 1.54025E-2 1.54561E-2 1.74507E-2 1.82657E-2 1.91646E-2 2.06532E-2 2.2534E-2 2.15858E-2 2.24789E-2 2.22767E-2 2.23153E-2 2.21622E-2 2.29521E-2
2.43008E-2 2.70935E-2 2.77013E-2 2.75304E-2 2.90883E-2 2.94807E-2 3.06033E-2 3.1645E-2 3.25561E-2 3.24952E-2 3.25792E-2 3.16532E-2 3.18958E-2 1.06473E-2 1.08633E-2 1.06657E-2 1.09269E-2 1.05594E-2 1.06303E-2 9.62346E-3 1.03218E-2 9.0233E-3 8.66375E-3 8.66655E-3 9.32198E-3 9.35802E-3 8.70831E-3 8.73178E-3 8.75988E-3 8.62669E-3 9.17063E-3 8.97473E-3 8.69115E-3 8.7909E-3 9.62532E-3 9.66935E-3 9.2733E-3 9.48679E-3 9.14267E-3 9.97364E-3 1.00651E-2 1.017E-2 1.08159E-2 1.09091E-2 1.09969E-2 1.27776E-2 1.28732E-2 1.45836E-2 1.53115E-2 1.61073E-2 1.73775E-2 1.83575E-2 1.91178E-2 2.00015E-2 2.26317E-2 2.15537E-2 2.23568E-2 2.23768E-2 2.22426E-2 2.31592E-2 2.30872E-2
2.62858E-2 2.73018E-2 2.79653E-2 2.81087E-2 2.97585E-2 3.10156E-2 3.08167E-2 3.1486E-2 3.11385E-2 3.21969E-2 3.14406E-2 3.50864E-2 3.41637E-2 1.08612E-2 1.11272E-2 1.14285E-2 1.07133E-2 1.07188E-2 9.63524E-3 9.59438E-3 9.61325E-3 9.16609E-3 8.73494E-3 8.73135E-3 8.73827E-3 8.71907E-3 8.80077E-3 8.79356E-3 8.82627E-3 8.44248E-3 8.53083E-3 8.65898E-3 8.63715E-3 8.72569E-3 8.83354E-3 9.64405E-3 8.89115E-3 9.47338E-3 9.13432E-3 9.97307E-3 1.00653E-2 9.73655E-3 1.11416E-2 1.14149E-2 1.14721E-2 1.27055E-2 1.28422E-2 1.5215E-2 1.60134E-2 1.5995E-2 1.62063E-2 1.90845E-2 1.99234E-2 2.00643E-2 2.00316E-2 2.14774E-2 2.24699E-2 2.32898E-2 2.21725E-2 2.32547E-2 2.30612E-2
2.68354E-2 2.74125E-2 2.79773E-2 2.87974E-2 2.9942E-2 3.08167E-2 3.03716E-2 3.30182E-2 3.19089E-2 3.2144E-2 3.48752E-2 3.54541E-2 3.38268E-2 1.2109E-2 1.11303E-2 1.07164E-2 1.08168E-2 9.72108E-3 9.70789E-3 9.25978E-3 9.19299E-3 8.77035E-3 8.79942E-3 8.37539E-3 8.37849E-3 8.35714E-3 7.98514E-3 8.45021E-3 8.45217E-3 8.0733E-3 7.78183E-3 8.66699E-3 8.67738E-3 8.79341E-3 8.90694E-3 9.69631E-3 9.34906E-3 9.45807E-3 9.12945E-3 9.92957E-3 1.00943E-2 1.01623E-2 1.10539E-2 1.16586E-2 1.16705E-2 1.33585E-2 1.34029E-2 1.51929E-2 1.59797E-2 1.67962E-2 1.81614E-2 1.90197E-2 1.98713E-2 1.99777E-2 2.24304E-2 1.99013E-2 2.2282E-2 2.32151E-2 2.07424E-2 2.31457E-2 2.3098E-2
2.5891E-2 2.71082E-2 2.81093E-2 2.96633E-2 2.94379E-2 3.05387E-2 3.03875E-2 3.18995E-2 3.35255E-2 3.61385E-2 3.57395E-2 3.4317E-2 3.46537E-2 1.59561E-2 1.47687E-2 1.42328E-2 9.50961E-3 9.76241E-3 9.29135E-3 9.25606E-3 9.29795E-3 8.49615E-3 8.487E-3 8.46821E-3 8.45769E-3 8.01223E-3 8.01223E-3 8.06304E-3 8.17788E-3 8.15369E-3 7.85723E-3 8.28726E-3 8.78532E-3 8.8356E-3 8.90694E-3 9.27926E-3 9.37183E-3 9.44803E-3 9.91715E-3 1.04863E-2 1.05211E-2 1.14326E-2 1.15195E-2 1.21403E-2 1.31911E-2 1.32755E-2 1.33125E-2 1.48303E-2 1.6701E-2 1.80329E-2 1.80244E-2 1.90815E-2 1.98858E-2 1.98939E-2 2.08466E-2 2.07387E-2 2.06162E-2 2.15708E-2 2.14768E-2 2.23233E-2 2.39501E-2
2.97614E-2 2.98661E-2 2.72474E-2 3.07713E-2 2.98089E-2 2.96802E-2 3.05735E-2 3.08253E-2 3.19057E-2 3.16474E-2 3.24229E-2 3.47548E-2 1.57242E-2 1.59612E-2 1.48331E-2 1.381E-2 1.00864E-2 1.01839E-2 9.3143E-3 8.86265E-3 8.47375E-3 8.50981E-3 8.13347E-3 7.14497E-3 8.14532E-3 7.77933E-3 7.7823E-3 7.42717E-3 8.3991E-3 7.8623E-3 7.91285E-3 7.93424E-3 8.99509E-3 9.08296E-3 9.65352E-3 9.31005E-3 9.39933E-3 9.49218E-3 1.03238E-2 1.04629E-2 1.13335E-2 1.12995E-2 1.1455E-2 1.3067E-2 1.37579E-2 1.37973E-2 1.5057E-2 1.54449E-2 1.6965E-2 1.79168E-2 1.81452E-2 1.98224E-2 2.06564E-2 1.99503E-2 2.067E-2 2.06289E-2 2.16E-2 2.14589E-2 2.13264E-2 2.20549E-2 2.20529E-2
