Artocarpus hirsutus SDM files/MIS19/results (with bias file)/Arthir_0.asc
ncols         625
nrows         721
xllcorner     69.99986311115
yllcorner     5.99986187915
cellsize      0.041666667
NODATA_value  -9999
[rows 108 to 134 of 721, columns 0 to 60 of 625]
3.2702E-3 4.48427E-3 4.99965E-3 6.6096E-3 9.88101E-3 9.14012E-3 6.91442E-3 7.58479E-3 1.02884E-2 1.38209E-2 1.41231E-2 1.40254E-2 1.39439E-2 1.32199E-2 1.2408E-2 1.22607E-2 1.07558E-2 1.07588E-2 1.00961E-2 1.03235E-2 1.02341E-2 9.81831E-3 8.69809E-3 7.84258E-3 7.35915E-3 6.61906E-3 5.86205E-3 4.60471E-3 4.16179E-3 4.12893E-3 3.95009E-3 3.37269E-3 3.04239E-3 2.91841E-3 2.7824E-3 2.62289E-3 2.50372E-3 2.47189E-3 2.36483E-3 2.25932E-3 2.13577E-3 1.90818E-3 1.85424E-3 1.79791E-3 1.83311E-3 1.90913E-3 1.67446E-3 1.60642E-3 1.53147E-3 1.35911E-3 1.36959E-3 1.42842E-3 1.49556E-3 1.41156E-3 1.45015E-3 1.27497E-3 1.28851E-3 1.11905E-3 1.13088E-3 1.1704E-3 1.09232E-3
2.946E-3 3.93727E-3 5.0508E-3 6.98029E-3 8.11348E-3 7.35942E-3 7.50383E-3 9.40815E-3 1.02429E-2 1.37918E-2 1.39532E-2 1.46396E-2 1.44467E-2 1.42833E-2 1.27809E-2 1.27063E-2 1.13921E-2 1.08439E-2 1.06069E-2 1.07485E-2 1.06642E-2 9.60279E-3 9.65702E-3 7.79644E-3 7.29524E-3 6.67154E-3 6.13943E-3 5.08342E-3 4.60471E-3 4.39667E-3 3.75646E-3 3.34262E-3 3.19336E-3 2.85992E-3 2.71828E-3 2.63579E-3 2.48326E-3 2.37637E-3 2.11356E-3 2.02516E-3 2.0039E-3 1.90232E-3 1.81452E-3 1.71506E-3 1.79666E-3 1.73559E-3 1.63875E-3 1.54993E-3 1.52286E-3 1.36678E-3 1.35497E-3 1.38566E-3 1.30722E-3 1.14085E-3 1.32409E-3 1.24185E-3 1.08664E-3 1.20358E-3 1.124E-3 1.05776E-3 1.10411E-3
4.66858E-3 5.53647E-3 5.58142E-3 5.98808E-3 8.24312E-3 1.24176E-2 8.88717E-3 1.03925E-2 1.02011E-2 1.20297E-2 1.45243E-2 1.43771E-2 1.49832E-2 1.5014E-2 1.49723E-2 1.35123E-2 1.18425E-2 1.15759E-2 1.15403E-2 1.19076E-2 1.04626E-2 1.0012E-2 9.54876E-3 8.59285E-3 7.62121E-3 6.77242E-3 6.10096E-3 5.37586E-3 4.81848E-3 4.19405E-3 3.99112E-3 3.50872E-3 3.12777E-3 2.8236E-3 2.66336E-3 2.544E-3 2.45902E-3 2.19565E-3 2.25954E-3 2.00807E-3 1.91188E-3 1.83388E-3 1.6223E-3 1.61565E-3 1.62975E-3 1.54629E-3 1.62946E-3 1.5379E-3 1.38204E-3 1.37379E-3 1.2416E-3 1.1906E-3 1.19669E-3 1.14734E-3 1.07769E-3 1.08586E-3 1.04886E-3 1.04868E-3 1.02464E-3 9.87496E-4 9.92391E-4
8.21702E-3 5.6698E-3 5.24005E-3 6.13979E-3 9.85273E-3 8.92391E-3 8.58428E-3 1.07327E-2 1.11429E-2 1.30489E-2 1.45948E-2 1.5071E-2 1.49832E-2 1.50601E-2 1.49723E-2 1.30127E-2 1.23613E-2 1.26745E-2 1.1975E-2 1.19045E-2 1.04331E-2 1.05421E-2 9.95302E-3 8.83942E-3 7.98627E-3 6.75335E-3 5.96177E-3 5.67648E-3 5.05352E-3 4.40357E-3 3.90975E-3 3.47367E-3 3.10946E-3 2.9763E-3 2.669E-3 2.53003E-3 2.27441E-3 2.14554E-3 2.08164E-3 1.98854E-3 1.87309E-3 1.68138E-3 1.59008E-3 1.41745E-3 1.57117E-3 1.38448E-3 1.43436E-3 1.45403E-3 1.38137E-3 1.24222E-3 1.13582E-3 1.16474E-3 1.08311E-3 1.02635E-3 1.06853E-3 1.00668E-3 9.47454E-4 9.76577E-4 9.23669E-4 8.60644E-4 7.97958E-4
8.15509E-3 3.92315E-3 4.02553E-3 5.75328E-3 8.23319E-3 1.05415E-2 1.41381E-2 1.01029E-2 1.22019E-2 1.33359E-2 1.52309E-2 1.45313E-2 1.58331E-2 1.48327E-2 1.44241E-2 1.35333E-2 1.27886E-2 1.37547E-2 1.36354E-2 1.23613E-2 1.02328E-2 1.101E-2 1.04827E-2 1.01991E-2 7.83505E-3 7.11675E-3 5.90993E-3 5.96177E-3 5.40182E-3 4.62099E-3 4.10737E-3 3.65332E-3 3.30926E-3 2.9425E-3 2.8149E-3 2.52307E-3 2.26119E-3 2.15686E-3 2.039E-3 1.83463E-3 1.88749E-3 1.67173E-3 1.58889E-3 1.50172E-3 1.43704E-3 1.37897E-3 1.20919E-3 1.26256E-3 1.14889E-3 1.17035E-3 1.08058E-3 1.03964E-3 1.08311E-3 9.56303E-4 9.61168E-4 8.41992E-4 8.44011E-4 8.88971E-4 8.40581E-4 8.48993E-4 8.65145E-4
7.73414E-3 4.65503E-3 4.30715E-3 5.96843E-3 8.06838E-3 1.13765E-2 1.37403E-2 1.00797E-2 1.44729E-2 1.28554E-2 1.5258E-2 1.52431E-2 1.55942E-2 1.61429E-2 1.49927E-2 1.36404E-2 1.37547E-2 1.43329E-2 1.42086E-2 1.20904E-2 1.11347E-2 1.09762E-2 1.09142E-2 1.07982E-2 8.17599E-3 7.45796E-3 6.18434E-3 5.90993E-3 5.15141E-3 4.92841E-3 4.25007E-3 3.63291E-3 3.10811E-3 2.92615E-3 2.79846E-3 2.46773E-3 2.18799E-3 1.93256E-3 1.73902E-3 1.64175E-3 1.56086E-3 1.3943E-3 1.57978E-3 1.52206E-3 1.43766E-3 1.37174E-3 1.21213E-3 1.14514E-3 1.05658E-3 9.9882E-4 1.08336E-3 1.01835E-3 8.94136E-4 9.14644E-4 8.56086E-4 8.03279E-4 8.39321E-4 7.9303E-4 7.14824E-4 7.72072E-4 7.90819E-4
5.79722E-3 4.58528E-3 4.25538E-3 5.9111E-3 7.05247E-3 8.52599E-3 1.22909E-2 1.05296E-2 1.56346E-2 1.22831E-2 1.29497E-2 1.42643E-2 1.6915E-2 1.68975E-2 1.74365E-2 1.62032E-2 1.54455E-2 1.4475E-2 1.42086E-2 1.375E-2 1.19307E-2 1.11208E-2 1.07028E-2 1.07663E-2 8.55335E-3 7.81291E-3 6.89906E-3 5.89171E-3 5.12241E-3 4.8994E-3 4.37324E-3 3.85266E-3 3.27248E-3 2.87074E-3 2.70865E-3 2.45334E-3 2.16586E-3 1.92133E-3 1.84129E-3 1.62783E-3 1.54824E-3 1.47963E-3 1.32543E-3 1.27902E-3 1.3055E-3 1.16078E-3 1.17666E-3 1.04927E-3 1.02785E-3 9.66612E-4 9.78491E-4 9.1928E-4 8.70681E-4 8.442E-4 7.81286E-4 8.02852E-4 7.57111E-4 7.03397E-4 6.58878E-4 6.64204E-4 6.73307E-4
6.73225E-3 4.56928E-3 4.5746E-3 5.84822E-3 7.77012E-3 1.01553E-2 1.16428E-2 1.15728E-2 1.48183E-2 1.22566E-2 1.36162E-2 1.60858E-2 1.75473E-2 1.7534E-2 1.83227E-2 1.7639E-2 1.54275E-2 1.45196E-2 1.49524E-2 1.36691E-2 1.24362E-2 1.16356E-2 1.11715E-2 1.00061E-2 8.61873E-3 8.15286E-3 7.20732E-3 6.57995E-3 5.10662E-3 5.1369E-3 4.29656E-3 3.7278E-3 3.37115E-3 3.0503E-3 2.54615E-3 2.43305E-3 2.03147E-3 1.91079E-3 1.82498E-3 1.63588E-3 1.5393E-3 1.38202E-3 1.30561E-3 1.35939E-3 1.20962E-3 1.15292E-3 1.08028E-3 1.04606E-3 9.38354E-4 1.02198E-3 9.6911E-4 9.16468E-4 8.7024E-4 7.58118E-4 7.64324E-4 7.14544E-4 6.88111E-4 6.97739E-4 6.57231E-4 6.14947E-4 5.67493E-4
7.33933E-3 4.19483E-3 4.92823E-3 6.20432E-3 8.07619E-3 1.30378E-2 1.34914E-2 1.65539E-2 1.67118E-2 1.34115E-2 1.46205E-2 1.67013E-2 1.8393E-2 1.74852E-2 1.81843E-2 1.70559E-2 1.61438E-2 1.51256E-2 1.49065E-2 1.44291E-2 1.34494E-2 1.16356E-2 1.17551E-2 1.04181E-2 8.59432E-3 8.01537E-3 7.20732E-3 6.87779E-3 5.40735E-3 4.7872E-3 4.49596E-3 3.74583E-3 3.35134E-3 3.21164E-3 2.70089E-3 2.39649E-3 2.27549E-3 1.73404E-3 1.63421E-3 1.56383E-3 1.38319E-3 1.23381E-3 1.1771E-3 1.11717E-3 1.15969E-3 1.09903E-3 9.80145E-4 8.60536E-4 8.15251E-4 8.25099E-4 9.0114E-4 8.50939E-4 7.37545E-4 7.56187E-4 7.09176E-4 6.60955E-4 6.20724E-4 6.27015E-4 6.73219E-4 6.86406E-4 6.42597E-4
8.21708E-3 4.84916E-3 5.61712E-3 6.85791E-3 1.04419E-2 1.38184E-2 1.00099E-2 1.25585E-2 1.14004E-2 1.29856E-2 1.4626E-2 1.77973E-2 1.84495E-2 1.82401E-2 1.69396E-2 1.68453E-2 1.67E-2 1.55854E-2 1.53635E-2 1.43477E-2 1.34494E-2 1.20943E-2 1.1719E-2 1.02274E-2 8.47341E-3 8.09959E-3 7.18692E-3 6.85834E-3 5.98139E-3 5.43799E-3 4.1456E-3 3.73531E-3 3.57368E-3 3.19279E-3 2.67347E-3 2.53671E-3 2.06458E-3 1.85131E-3 1.63864E-3 1.46279E-3 1.30636E-3 1.31003E-3 1.17079E-3 1.20036E-3 1.06162E-3 1.0237E-3 9.11958E-4 7.96195E-4 7.97906E-4 7.57283E-4 7.16591E-4 7.44263E-4 7.03245E-4 6.89243E-4 7.0881E-4 6.60607E-4 6.18829E-4 5.82291E-4 5.78971E-4 5.5661E-4 5.18928E-4
9.92802E-3 8.74905E-3 8.47099E-3 9.65726E-3 7.91152E-3 1.19913E-2 1.07285E-2 1.6122E-2 1.61686E-2 1.54778E-2 1.56192E-2 1.79245E-2 1.97171E-2 1.86196E-2 1.72521E-2 1.76572E-2 1.71846E-2 1.62134E-2 1.53635E-2 1.53374E-2 1.41173E-2 1.20943E-2 1.22186E-2 1.03377E-2 8.83223E-3 8.4473E-3 7.14446E-3 6.73863E-3 6.52096E-3 5.34788E-3 4.35023E-3 3.9362E-3 3.56266E-3 3.17497E-3 2.67347E-3 2.52889E-3 2.04686E-3 1.84053E-3 1.75371E-3 1.55953E-3 1.39432E-3 1.22008E-3 1.08923E-3 1.11977E-3 9.86642E-4 9.36512E-4 9.14353E-4 7.69087E-4 7.95829E-4 7.63118E-4 7.98124E-4 6.97468E-4 7.24038E-4 6.75242E-4 6.36156E-4 5.99949E-4 6.06379E-4 5.74382E-4 5.75756E-4 5.35737E-4 5.02259E-4
1.28807E-2 1.10556E-2 1.07855E-2 9.77511E-3 8.6097E-3 1.15505E-2 1.4752E-2 2.03581E-2 1.73997E-2 1.53081E-2 1.54398E-2 1.76696E-2 1.82832E-2 1.89374E-2 1.84868E-2 1.76572E-2 1.80027E-2 1.74385E-2 1.59334E-2 1.53336E-2 1.45023E-2 1.26356E-2 1.22186E-2 1.08729E-2 9.57E-3 8.4473E-3 7.56121E-3 6.69883E-3 6.42694E-3 5.68076E-3 4.33681E-3 3.92406E-3 3.53176E-3 3.16517E-3 2.98621E-3 2.30133E-3 2.16235E-3 1.94656E-3 1.85579E-3 1.55473E-3 1.38625E-3 1.31703E-3 1.16767E-3 1.11379E-3 9.79029E-4 8.60669E-4 8.20647E-4 7.66729E-4 8.01748E-4 7.06957E-4 6.56042E-4 6.16903E-4 6.57517E-4 6.09429E-4 5.7238E-4 5.94428E-4 5.51992E-4 5.16242E-4 4.84006E-4 4.95729E-4 4.65662E-4
8.75523E-3 7.73729E-3 7.20518E-3 6.0452E-3 8.30205E-3 1.3341E-2 1.89085E-2 2.05696E-2 1.38636E-2 1.67683E-2 1.42093E-2 1.51947E-2 1.82832E-2 1.83208E-2 1.87994E-2 1.77017E-2 1.89385E-2 1.77968E-2 1.67866E-2 1.53336E-2 1.50912E-2 1.32976E-2 1.22186E-2 1.13401E-2 1.01069E-2 8.34774E-3 7.91459E-3 6.69883E-3 6.40712E-3 5.5806E-3 4.56494E-3 3.92406E-3 3.53176E-3 3.34005E-3 2.80931E-3 2.28856E-3 2.15569E-3 1.93521E-3 1.7286E-3 1.64257E-3 1.47023E-3 1.31346E-3 1.2405E-3 1.02529E-3 9.79975E-4 9.298E-4 9.09749E-4 7.72184E-4 7.2931E-4 7.02959E-4 7.00895E-4 6.13425E-4 5.82757E-4 5.39843E-4 5.20666E-4 5.34269E-4 5.48912E-4 4.76221E-4 4.78634E-4 4.46183E-4 4.18891E-4
1.03316E-2 5.08141E-3 5.53606E-3 7.29882E-3 1.18316E-2 1.37378E-2 1.9836E-2 1.71725E-2 1.38477E-2 1.75516E-2 1.46753E-2 1.47828E-2 1.73154E-2 1.88133E-2 1.87994E-2 1.8958E-2 1.9668E-2 1.87267E-2 1.84359E-2 1.59964E-2 1.50874E-2 1.42231E-2 1.25611E-2 1.13401E-2 1.02155E-2 8.71222E-3 8.3715E-3 6.99812E-3 6.69713E-3 5.56484E-3 4.538E-3 4.10734E-3 3.52086E-3 3.32136E-3 2.52571E-3 2.41498E-3 2.14308E-3 1.91861E-3 1.7286E-3 1.53254E-3 1.37025E-3 1.30587E-3 1.14319E-3 1.02488E-3 9.09367E-4 7.74608E-4 9.02174E-4 7.88876E-4 7.49337E-4 6.84507E-4 6.48651E-4 6.13425E-4 5.76221E-4 4.98521E-4 4.66512E-4 4.7275E-4 4.4805E-4 4.7117E-4 4.75017E-4 4.12182E-4 4.13219E-4
8.1057E-3 7.22917E-3 6.93141E-3 8.1267E-3 1.33085E-2 1.25088E-2 1.95723E-2 1.62543E-2 1.44749E-2 1.6921E-2 1.82992E-2 1.53629E-2 1.79233E-2 1.89565E-2 1.88899E-2 1.98436E-2 2.02596E-2 2.07823E-2 1.83794E-2 1.73513E-2 1.59473E-2 1.48463E-2 1.34738E-2 1.13079E-2 1.06578E-2 8.71222E-3 8.3715E-3 6.97826E-3 6.36929E-3 5.56484E-3 4.23718E-3 4.1096E-3 3.71229E-3 3.12807E-3 2.6697E-3 2.36413E-3 1.96883E-3 1.77595E-3 1.82921E-3 1.62355E-3 1.45773E-3 1.27847E-3 1.18595E-3 1.019E-3 8.6529E-4 9.4303E-4 8.99405E-4 8.41379E-4 7.41183E-4 7.48998E-4 6.52973E-4 5.72352E-4 5.21892E-4 5.32689E-4 4.64126E-4 4.67707E-4 3.99992E-4 4.23006E-4 3.97182E-4 4.41474E-4 3.80768E-4
1.09345E-2 1.29829E-2 6.71147E-3 7.07859E-3 1.08837E-2 1.0857E-2 1.74676E-2 1.3415E-2 1.15734E-2 1.4201E-2 1.50631E-2 1.45929E-2 1.80725E-2 1.87057E-2 1.88257E-2 1.99045E-2 2.03734E-2 2.07823E-2 1.96618E-2 1.75327E-2 1.65294E-2 1.56028E-2 1.46437E-2 1.2109E-2 1.06578E-2 9.90517E-3 8.71008E-3 7.03164E-3 6.35124E-3 5.54767E-3 4.61485E-3 4.02435E-3 3.70083E-3 3.33744E-3 2.65402E-3 2.21419E-3 2.08634E-3 1.87824E-3 1.68704E-3 1.49161E-3 1.37079E-3 1.30952E-3 1.17911E-3 1.07176E-3 9.877E-4 9.37628E-4 8.94651E-4 8.29981E-4 7.35033E-4 6.95669E-4 5.78827E-4 5.8516E-4 5.12334E-4 4.80965E-4 4.00794E-4 4.30329E-4 3.99992E-4 3.72537E-4 3.89055E-4 4.06803E-4 3.79606E-4
1.30706E-2 1.17878E-2 7.33122E-3 7.71242E-3 7.83376E-3 9.61321E-3 1.14083E-2 1.68677E-2 1.44707E-2 1.47218E-2 1.50615E-2 1.50942E-2 1.86241E-2 2.07485E-2 2.23244E-2 1.98436E-2 2.11877E-2 2.07187E-2 2.04076E-2 1.87878E-2 1.69796E-2 1.62813E-2 1.41794E-2 1.17843E-2 1.10842E-2 9.90517E-3 8.71008E-3 7.03164E-3 6.65757E-3 5.17483E-3 4.85093E-3 4.01299E-3 3.66867E-3 3.29163E-3 2.59885E-3 2.33648E-3 2.0799E-3 1.86726E-3 1.67258E-3 1.65386E-3 1.4538E-3 1.2984E-3 1.04065E-3 9.78109E-4 1.05106E-3 9.32254E-4 8.48004E-4 7.3764E-4 7.00436E-4 6.61197E-4 5.72547E-4 5.81851E-4 5.08124E-4 4.77021E-4 4.41425E-4 4.13926E-4 3.79316E-4 3.72537E-4 3.49606E-4 3.42366E-4 3.25205E-4
1.53997E-2 1.25375E-2 9.75451E-3 6.85911E-3 8.83227E-3 9.19812E-3 1.15179E-2 1.83761E-2 1.44676E-2 1.52672E-2 1.5733E-2 1.70285E-2 1.9288E-2 2.14588E-2 2.22562E-2 2.09425E-2 2.29796E-2 2.23749E-2 2.12166E-2 2.02256E-2 1.78688E-2 1.69275E-2 1.47552E-2 1.2651E-2 1.10842E-2 1.0366E-2 8.65858E-3 7.36074E-3 6.61821E-3 5.06745E-3 4.80861E-3 4.56444E-3 3.6027E-3 3.22336E-3 2.59082E-3 2.32927E-3 2.30957E-3 2.05427E-3 1.84672E-3 1.64423E-3 1.44932E-3 1.16502E-3 1.03697E-3 9.13461E-4 9.61817E-4 8.16257E-4 7.82287E-4 7.33426E-4 6.92777E-4 6.10285E-4 5.69299E-4 5.34837E-4 5.05254E-4 4.71655E-4 4.36467E-4 4.09285E-4 3.54523E-4 3.59265E-4 3.1207E-4 3.11257E-4 2.89402E-4
9.44948E-3 1.05843E-2 6.72594E-3 8.2308E-3 7.74256E-3 9.37659E-3 1.06975E-2 1.40288E-2 1.47471E-2 1.53538E-2 1.88815E-2 1.87544E-2 1.79072E-2 2.15245E-2 2.3145E-2 2.31272E-2 2.21089E-2 2.23749E-2 2.01391E-2 2.02256E-2 1.78238E-2 1.68755E-2 1.39074E-2 1.37175E-2 1.14194E-2 1.03341E-2 8.68323E-3 7.36074E-3 6.61985E-3 5.4014E-3 5.06615E-3 4.31426E-3 3.70148E-3 3.20437E-3 2.69487E-3 2.41675E-3 2.29602E-3 2.04161E-3 1.95308E-3 1.63917E-3 1.35863E-3 1.19889E-3 1.13784E-3 1.00394E-3 8.53373E-4 8.05382E-4 7.6373E-4 7.14144E-4 6.87003E-4 6.48272E-4 6.0854E-4 4.94371E-4 4.65349E-4 4.34169E-4 4.34214E-4 4.09285E-4 3.8045E-4 3.31871E-4 3.01264E-4 2.77988E-4 2.64739E-4
7.69358E-3 8.86211E-3 5.97503E-3 7.66643E-3 6.93182E-3 1.07852E-2 1.44233E-2 1.81797E-2 1.36409E-2 1.55639E-2 1.6872E-2 1.75509E-2 1.86185E-2 2.0231E-2 2.30233E-2 2.38277E-2 2.21089E-2 2.25009E-2 2.16729E-2 1.99084E-2 1.81707E-2 1.68755E-2 1.44688E-2 1.37175E-2 1.21937E-2 1.04477E-2 9.42807E-3 8.00851E-3 7.22751E-3 5.89547E-3 5.22884E-3 4.74716E-3 4.05676E-3 3.25816E-3 2.83973E-3 2.54092E-3 2.25817E-3 2.02966E-3 1.83085E-3 1.62513E-3 1.4286E-3 1.27247E-3 1.13125E-3 9.53501E-4 8.43562E-4 7.98285E-4 6.98471E-4 7.10055E-4 6.24607E-4 6.42879E-4 6.01911E-4 5.26032E-4 5.31807E-4 4.63923E-4 4.01754E-4 3.38703E-4 3.15318E-4 3.17757E-4 2.95776E-4 2.54282E-4 2.61125E-4
1.4928E-2 8.4407E-3 6.99984E-3 6.69092E-3 8.33158E-3 1.08002E-2 1.58847E-2 2.22578E-2 1.42761E-2 1.42943E-2 1.99214E-2 2.15004E-2 2.04039E-2 1.95778E-2 2.36482E-2 2.27829E-2 2.34849E-2 2.1796E-2 2.16729E-2 1.99696E-2 1.86287E-2 1.666E-2 1.45169E-2 1.37175E-2 1.18696E-2 1.04155E-2 9.29322E-3 7.98381E-3 7.22751E-3 5.89547E-3 5.2127E-3 4.97588E-3 3.97257E-3 3.22426E-3 3.07188E-3 2.53452E-3 2.25186E-3 2.02339E-3 1.82015E-3 1.61566E-3 1.41249E-3 1.26161E-3 1.19805E-3 1.0082E-3 8.93295E-4 8.45845E-4 7.40637E-4 7.00064E-4 6.65126E-4 5.68806E-4 5.30418E-4 5.59653E-4 4.88557E-4 4.58685E-4 3.95168E-4 3.61412E-4 3.36631E-4 3.12585E-4 2.91714E-4 2.71948E-4 2.58342E-4
1.52461E-2 1.06004E-2 1.54178E-2 1.12378E-2 1.07189E-2 1.08099E-2 1.24824E-2 1.65915E-2 1.2841E-2 1.96391E-2 3.32917E-2 2.02762E-2 1.93785E-2 2.02931E-2 2.1931E-2 2.27829E-2 2.21767E-2 2.00012E-2 2.0026E-2 1.99646E-2 1.8686E-2 1.59748E-2 1.44723E-2 1.37208E-2 1.18331E-2 1.05863E-2 9.26457E-3 7.89881E-3 7.20522E-3 5.87727E-3 5.18188E-3 4.96052E-3 3.95012E-3 3.20524E-3 2.84731E-3 2.7525E-3 2.44826E-3 2.20364E-3 1.79288E-3 1.45735E-3 1.37828E-3 1.33096E-3 1.26855E-3 1.00236E-3 9.45069E-4 7.82744E-4 7.34398E-4 6.94183E-4 6.55778E-4 6.19129E-4 5.23229E-4 4.56795E-4 4.30019E-4 4.00248E-4 3.80437E-4 3.56413E-4 3.31155E-4 3.09225E-4 2.67523E-4 2.66846E-4 2.50027E-4
1.47987E-2 1.55651E-2 1.3182E-2 8.10495E-3 1.12621E-2 1.17606E-2 1.50229E-2 1.77461E-2 1.92525E-2 2.56851E-2 2.61053E-2 1.70031E-2 1.56396E-2 2.0017E-2 2.26743E-2 2.27257E-2 2.15039E-2 2.04345E-2 2.01442E-2 1.99084E-2 1.84431E-2 1.57196E-2 1.44313E-2 1.34552E-2 1.17995E-2 9.81624E-3 9.26457E-3 7.89881E-3 6.77107E-3 6.14515E-3 5.4409E-3 4.85757E-3 4.12643E-3 3.19619E-3 2.8313E-3 2.7363E-3 2.44826E-3 2.04205E-3 1.82003E-3 1.45638E-3 1.36646E-3 1.2172E-3 1.03644E-3 1.05637E-3 9.36707E-4 8.87474E-4 7.80385E-4 6.89921E-4 6.52018E-4 6.09008E-4 5.71594E-4 5.38791E-4 4.58E-4 4.27662E-4 3.71288E-4 3.21631E-4 2.98683E-4 3.05892E-4 2.8608E-4 2.63175E-4 2.73336E-4
1.37611E-2 1.4948E-2 7.59887E-3 7.01701E-3 9.76926E-3 1.17426E-2 1.52603E-2 1.80275E-2 1.9067E-2 2.87988E-2 1.96617E-2 1.80402E-2 1.5795E-2 1.94406E-2 2.3919E-2 2.36416E-2 2.15115E-2 2.03148E-2 2.00825E-2 1.9653E-2 1.83865E-2 1.56713E-2 1.43869E-2 1.27394E-2 1.12848E-2 9.67822E-3 9.91211E-3 7.87636E-3 6.75348E-3 6.1277E-3 4.90326E-3 4.57849E-3 4.11368E-3 3.3605E-3 2.82332E-3 2.54916E-3 2.13258E-3 2.15056E-3 1.91413E-3 1.81441E-3 1.58133E-3 1.41565E-3 1.21085E-3 1.04737E-3 9.28748E-4 8.77992E-4 7.77984E-4 6.84383E-4 6.46544E-4 6.02299E-4 5.30066E-4 4.99587E-4 4.98181E-4 4.68007E-4 3.67251E-4 3.45134E-4 2.95452E-4 2.97768E-4 2.82999E-4 2.62498E-4 2.52721E-4
1.62218E-2 9.24442E-3 6.88034E-3 9.05985E-3 1.41127E-2 1.29065E-2 1.46994E-2 2.22266E-2 2.25804E-2 2.45445E-2 1.72244E-2 2.5616E-2 2.00627E-2 1.87329E-2 1.91325E-2 1.98489E-2 1.98034E-2 2.04797E-2 2.08326E-2 1.97134E-2 1.85833E-2 1.62294E-2 1.43869E-2 1.323E-2 1.17995E-2 9.48404E-3 9.4661E-3 7.7169E-3 7.37238E-3 6.1277E-3 5.0599E-3 4.56413E-3 4.09041E-3 3.3605E-3 2.80666E-3 2.46835E-3 2.54058E-3 2.126E-3 2.01133E-3 1.78507E-3 1.69583E-3 1.39964E-3 1.19449E-3 1.05027E-3 9.06452E-4 7.98046E-4 7.69332E-4 7.27922E-4 6.86226E-4 5.95648E-4 5.62068E-4 5.28437E-4 4.89918E-4 4.29691E-4 3.74209E-4 3.48768E-4 3.24083E-4 3.05946E-4 2.83215E-4 2.62678E-4 2.46143E-4
1.10596E-2 8.20158E-3 9.58784E-3 1.76979E-2 1.36993E-2 1.20414E-2 1.80795E-2 1.8852E-2 2.0224E-2 2.29304E-2 1.89436E-2 1.9889E-2 1.46426E-2 1.67746E-2 2.05823E-2 2.10641E-2 2.11054E-2 2.12392E-2 1.97134E-2 1.9653E-2 1.70449E-2 1.68602E-2 1.4152E-2 1.323E-2 1.17659E-2 9.45479E-3 9.18577E-3 7.92804E-3 6.73425E-3 6.1277E-3 5.04427E-3 4.55003E-3 4.09041E-3 3.35012E-3 2.8059E-3 2.46767E-3 2.22579E-3 2.24463E-3 2.0063E-3 1.76912E-3 1.55856E-3 1.38762E-3 1.30163E-3 1.0413E-3 9.28798E-4 9.34375E-4 7.52934E-4 7.08306E-4 6.58832E-4 6.32306E-4 5.95409E-4 5.17039E-4 4.87326E-4 4.56428E-4 3.97769E-4 3.71184E-4 3.24083E-4 3.03425E-4 2.80025E-4 2.61196E-4 2.44757E-4
9.62052E-3 8.64929E-3 1.64168E-2 1.96156E-2 9.0304E-3 1.12074E-2 1.45659E-2 1.29636E-2 1.29802E-2 1.57867E-2 1.36972E-2 1.37949E-2 1.38182E-2 1.62235E-2 2.01807E-2 2.42199E-2 2.06288E-2 2.04745E-2 1.97134E-2 1.93477E-2 1.69925E-2 1.68602E-2 1.3372E-2 1.31893E-2 1.15696E-2 9.45479E-3 9.00139E-3 7.90358E-3 6.38832E-3 5.93757E-3 5.29643E-3 4.55003E-3 3.7011E-3 3.29047E-3 2.90858E-3 2.30586E-3 2.29936E-3 2.23206E-3 1.97875E-3 1.76366E-3 1.67138E-3 1.47079E-3 1.29762E-3 1.0413E-3 9.23405E-4 8.65586E-4 8.19659E-4 6.96368E-4 6.07035E-4 6.25295E-4 5.50975E-4 5.11337E-4 4.81969E-4 4.55026E-4 3.93346E-4 3.68104E-4 3.20562E-4 3.00922E-4 2.76997E-4 2.59722E-4 2.4275E-4
