Artocarpus hirsutus SDM files/MIS19/results (with bias file)/Arthir_4.asc
ncols         625
nrows         721
xllcorner     69.99986311115
yllcorner     5.99986187915
cellsize      0.041666667
NODATA_value  -9999
[rows 324 to 350 of 721, columns 427 to 487 of 625]
2.35833E-2 2.31748E-2 2.35931E-2 2.2793E-2 2.36688E-2 2.59513E-2 2.3345E-2 2.5954E-2 2.6739E-2 2.63187E-2 2.64551E-2 9.38076E-3 9.17623E-3 9.52636E-3 9.36228E-3 9.21601E-3 6.32155E-3 5.70657E-3 5.65566E-3 5.33927E-3 5.37688E-3 5.13576E-3 4.87583E-3 4.80116E-3 4.52167E-3 4.51417E-3 4.31561E-3 4.51767E-3 4.30541E-3 4.79947E-3 5.10848E-3 5.09974E-3 5.31185E-3 5.70516E-3 5.44381E-3 6.06766E-3 6.097E-3 6.49078E-3 6.22164E-3 6.58224E-3 7.4243E-3 7.3504E-3 7.62351E-3 7.92951E-3 8.31802E-3 8.72305E-3 8.62317E-3 8.19728E-3 8.88858E-3 8.80198E-3 9.06475E-3 9.66279E-3 9.84234E-3 9.89857E-3 1.0057E-2 9.72853E-3 9.9353E-3 9.23589E-3 9.29228E-3 9.08022E-3 9.25335E-3
2.15992E-2 1.99419E-2 2.06676E-2 2.10519E-2 2.21881E-2 2.28268E-2 2.33362E-2 2.43312E-2 2.39295E-2 2.49573E-2 8.92121E-3 9.41291E-3 9.07305E-3 9.08943E-3 9.17155E-3 9.25876E-3 6.02377E-3 6.05351E-3 5.37145E-3 5.36599E-3 5.1258E-3 4.89998E-3 4.85998E-3 4.58351E-3 4.35396E-3 4.11399E-3 4.35662E-3 4.12866E-3 4.37416E-3 4.37885E-3 4.88022E-3 4.8905E-3 5.15306E-3 5.43033E-3 5.41026E-3 6.03843E-3 6.0116E-3 6.47416E-3 6.58699E-3 6.59491E-3 8.04766E-3 8.01524E-3 7.97953E-3 7.81973E-3 8.61377E-3 9.0582E-3 8.49422E-3 8.39818E-3 8.77821E-3 9.05937E-3 8.76937E-3 9.00304E-3 9.84234E-3 9.53778E-3 9.64287E-3 9.41205E-3 9.54377E-3 9.41451E-3 9.53863E-3 9.22372E-3 9.0826E-3
1.87983E-2 2.07605E-2 1.96588E-2 2.12615E-2 2.37681E-2 2.20531E-2 2.23641E-2 2.32154E-2 2.37487E-2 8.88745E-3 8.95665E-3 8.33749E-3 8.28906E-3 8.40899E-3 8.70445E-3 8.77541E-3 5.69847E-3 5.68111E-3 5.39269E-3 5.1153E-3 4.92431E-3 4.90861E-3 4.91798E-3 4.20758E-3 4.21507E-3 4.39645E-3 4.162E-3 4.17754E-3 4.38426E-3 4.15778E-3 4.64056E-3 4.81961E-3 5.16926E-3 5.21521E-3 5.2016E-3 5.43636E-3 5.76455E-3 6.79608E-3 7.42615E-3 7.16323E-3 8.11272E-3 8.08191E-3 8.70288E-3 7.8316E-3 9.00324E-3 8.99382E-3 8.91295E-3 8.73226E-3 9.46193E-3 9.20963E-3 8.95179E-3 8.85941E-3 9.20818E-3 9.21861E-3 9.41205E-3 9.13148E-3 9.36736E-3 9.15424E-3 9.1545E-3 8.90398E-3 9.20133E-3
1.78931E-2 2.01432E-2 2.09054E-2 2.03718E-2 2.07985E-2 2.30982E-2 2.19878E-2 2.24299E-2 8.61057E-3 8.626E-3 8.76015E-3 8.78101E-3 8.44032E-3 8.43014E-3 8.73407E-3 5.67685E-3 5.67109E-3 5.38278E-3 5.11071E-3 4.8904E-3 4.90427E-3 4.92819E-3 4.46009E-3 4.47324E-3 4.24437E-3 4.02591E-3 4.25452E-3 4.24421E-3 3.99478E-3 4.2052E-3 4.42212E-3 4.4402E-3 5.1993E-3 5.20865E-3 4.88575E-3 5.46503E-3 5.77822E-3 6.75604E-3 6.55379E-3 6.72495E-3 6.88137E-3 7.93586E-3 8.40059E-3 8.3782E-3 8.53566E-3 9.81141E-3 9.64614E-3 9.04918E-3 8.88527E-3 9.03947E-3 8.84147E-3 9.36748E-3 9.32879E-3 9.04287E-3 9.18402E-3 8.87129E-3 9.59933E-3 8.68941E-3 8.88214E-3 8.62599E-3 8.73094E-3
1.86639E-2 1.94802E-2 2.05466E-2 2.03257E-2 2.15609E-2 2.19996E-2 2.1553E-2 8.41408E-3 8.3395E-3 8.45888E-3 8.53079E-3 8.65147E-3 8.93583E-3 8.47454E-3 8.27365E-3 8.30932E-3 7.91811E-3 7.09794E-3 4.85564E-3 4.64551E-3 4.46572E-3 4.50076E-3 4.05915E-3 4.07112E-3 4.08734E-3 4.28511E-3 4.2968E-3 4.04799E-3 4.04354E-3 4.23066E-3 4.46632E-3 4.46397E-3 4.2193E-3 4.93751E-3 4.90866E-3 5.45757E-3 6.07001E-3 6.96243E-3 6.58289E-3 6.62516E-3 6.80019E-3 7.44785E-3 8.13492E-3 8.15103E-3 8.77535E-3 9.29129E-3 9.07477E-3 8.84115E-3 8.65095E-3 8.67719E-3 8.76512E-3 8.82768E-3 9.01049E-3 8.83141E-3 9.3618E-3 9.07108E-3 9.2198E-3 8.83571E-3 7.73197E-3 8.82002E-3 8.34286E-3
1.81204E-2 1.86039E-2 1.95135E-2 1.91892E-2 2.0714E-2 2.12156E-2 1.98526E-2 7.59854E-3 7.92909E-3 7.63591E-3 8.07737E-3 8.15331E-3 8.47246E-3 8.02067E-3 7.85695E-3 7.49711E-3 7.53655E-3 7.50674E-3 4.62299E-3 4.43035E-3 4.22722E-3 4.28689E-3 4.32105E-3 4.33324E-3 4.11717E-3 4.12062E-3 4.14931E-3 3.9012E-3 3.91993E-3 3.8984E-3 4.53747E-3 4.26894E-3 4.52833E-3 5.02497E-3 5.53576E-3 5.46538E-3 6.01205E-3 6.60272E-3 6.5679E-3 6.54381E-3 6.7539E-3 7.4266E-3 8.01445E-3 8.22668E-3 8.95462E-3 8.83043E-3 8.6615E-3 9.35911E-3 8.90963E-3 8.58478E-3 9.40441E-3 8.7018E-3 9.03116E-3 9.14492E-3 8.70768E-3 8.39952E-3 9.30737E-3 8.68636E-3 8.73094E-3 8.38711E-3 7.64309E-3
1.77879E-2 1.85853E-2 1.85485E-2 1.77955E-2 1.86256E-2 1.74666E-2 7.05804E-3 7.19521E-3 7.34716E-3 7.3731E-3 7.6615E-3 7.7678E-3 8.04912E-3 7.65626E-3 7.82892E-3 7.4482E-3 7.46733E-3 7.06509E-3 4.68218E-3 4.2629E-3 4.30045E-3 4.32979E-3 4.3419E-3 4.15836E-3 4.18728E-3 4.15273E-3 3.94428E-3 3.95277E-3 3.93725E-3 3.94004E-3 4.15477E-3 4.1173E-3 4.31935E-3 4.78241E-3 5.30564E-3 5.50419E-3 6.10751E-3 6.23964E-3 6.86672E-3 6.43966E-3 7.16461E-3 7.47891E-3 8.00823E-3 8.04935E-3 8.73226E-3 8.68675E-3 9.0451E-3 8.7617E-3 8.7845E-3 8.62552E-3 9.08888E-3 8.95602E-3 8.75405E-3 8.79778E-3 8.46058E-3 8.92659E-3 9.27018E-3 8.40747E-3 7.93951E-3 8.07413E-3 7.30849E-3
1.69687E-2 1.67055E-2 1.74909E-2 1.75207E-2 1.76741E-2 6.75603E-3 6.89329E-3 7.21513E-3 7.13667E-3 7.39921E-3 7.67447E-3 7.74899E-3 8.03443E-3 8.04956E-3 7.45921E-3 7.46287E-3 6.72632E-3 6.71631E-3 4.74337E-3 4.77592E-3 4.34385E-3 4.09761E-3 4.13898E-3 4.16623E-3 4.20315E-3 4.00508E-3 4.01582E-3 4.02764E-3 3.82152E-3 4.24441E-3 4.39901E-3 4.18546E-3 4.42424E-3 4.5729E-3 5.30999E-3 5.65933E-3 6.10971E-3 6.62498E-3 6.83132E-3 7.23616E-3 7.12409E-3 7.67251E-3 7.68194E-3 8.07831E-3 8.57687E-3 7.52841E-3 8.27863E-3 8.56038E-3 8.43618E-3 9.29315E-3 8.9243E-3 8.72945E-3 8.89716E-3 8.49687E-3 8.31059E-3 8.4722E-3 8.88018E-3 8.49964E-3 7.4248E-3 7.63425E-3 7.44598E-3
1.70656E-2 1.74244E-2 1.68212E-2 1.64688E-2 7.21089E-3 7.36549E-3 7.4427E-3 7.51641E-3 7.05197E-3 7.4062E-3 7.65498E-3 7.75865E-3 8.03049E-3 7.87327E-3 7.47834E-3 7.51746E-3 6.74518E-3 6.68539E-3 4.74811E-3 4.52177E-3 4.09927E-3 4.18133E-3 4.18839E-3 4.00628E-3 4.05025E-3 4.03721E-3 4.05673E-3 4.08494E-3 4.30649E-3 4.01636E-3 3.98902E-3 4.65139E-3 4.9039E-3 4.56259E-3 5.02465E-3 5.4519E-3 5.77741E-3 6.25065E-3 6.51606E-3 7.53085E-3 7.16357E-3 7.92117E-3 7.99129E-3 8.0839E-3 7.60368E-3 7.73316E-3 8.66894E-3 7.98953E-3 8.2219E-3 9.37203E-3 8.70492E-3 8.52582E-3 8.67296E-3 8.56457E-3 8.10034E-3 8.22444E-3 8.23283E-3 7.40433E-3 7.01611E-3 7.21807E-3 6.94525E-3
1.68473E-2 1.59497E-2 1.65713E-2 6.99084E-3 7.15797E-3 7.10506E-3 7.39828E-3 7.5639E-3 7.74103E-3 6.97811E-3 7.29898E-3 7.38501E-3 7.66297E-3 7.44554E-3 7.45193E-3 7.46494E-3 6.34307E-3 4.45658E-3 4.52289E-3 4.34093E-3 3.94585E-3 4.15063E-3 3.98277E-3 3.84852E-3 5.12667E-3 3.89807E-3 3.88046E-3 3.83377E-3 4.09408E-3 4.07573E-3 4.03136E-3 4.72847E-3 4.90707E-3 4.85399E-3 5.05174E-3 5.54701E-3 5.78221E-3 6.27698E-3 6.23147E-3 7.54094E-3 7.54195E-3 7.80136E-3 7.93757E-3 7.69048E-3 8.38237E-3 7.79214E-3 8.03653E-3 7.8931E-3 8.16599E-3 8.4183E-3 8.12336E-3 8.27543E-3 8.09466E-3 8.24267E-3 7.73055E-3 7.83646E-3 7.08673E-3 7.15057E-3 7.1696E-3 7.15197E-3 6.82434E-3
1.57424E-2 1.59477E-2 7.26079E-3 7.41602E-3 6.96113E-3 7.28336E-3 7.43267E-3 7.60482E-3 7.89262E-3 7.6336E-3 6.90836E-3 6.9918E-3 7.08209E-3 7.11915E-3 7.09159E-3 7.12993E-3 4.68804E-3 4.50569E-3 4.32015E-3 4.32813E-3 4.16459E-3 4.21396E-3 4.05497E-3 4.89087E-3 3.68706E-3 3.73519E-3 3.72676E-3 4.11068E-3 4.09967E-3 4.05972E-3 4.29213E-3 5.21025E-3 5.17998E-3 4.84485E-3 5.04096E-3 5.32296E-3 5.72702E-3 6.28599E-3 6.22966E-3 6.9631E-3 6.65845E-3 6.83029E-3 7.29806E-3 7.87206E-3 7.35328E-3 7.24104E-3 8.37708E-3 7.84623E-3 8.01912E-3 7.89796E-3 7.83524E-3 7.6848E-3 7.91339E-3 7.65358E-3 7.65273E-3 6.9005E-3 7.31436E-3 7.4975E-3 6.94543E-3 7.03069E-3 6.29339E-3
1.56653E-2 7.38017E-3 7.26346E-3 7.42072E-3 7.73547E-3 7.25722E-3 7.47017E-3 7.27538E-3 7.40451E-3 7.26976E-3 6.98586E-3 7.25473E-3 7.10328E-3 7.12819E-3 7.14545E-3 7.0961E-3 6.69621E-3 6.34223E-3 4.55312E-3 4.61157E-3 4.2237E-3 4.28657E-3 4.07934E-3 4.07152E-3 3.8945E-3 3.92061E-3 3.94053E-3 4.16096E-3 4.14998E-3 4.81342E-3 4.54447E-3 4.51012E-3 5.22507E-3 5.1482E-3 5.40008E-3 5.3554E-3 6.12205E-3 6.32924E-3 6.57428E-3 6.71622E-3 6.56235E-3 7.23019E-3 7.44708E-3 7.58869E-3 7.34065E-3 7.2805E-3 8.16027E-3 8.15558E-3 8.22459E-3 8.3181E-3 7.58464E-3 7.49745E-3 8.10378E-3 7.22792E-3 6.99423E-3 7.03328E-3 7.09686E-3 6.81039E-3 6.75E-3 7.11846E-3 5.96448E-3
7.87473E-3 7.37905E-3 7.54687E-3 7.47732E-3 7.42909E-3 7.56375E-3 7.17021E-3 7.52216E-3 7.41153E-3 8.18563E-3 7.66835E-3 7.92082E-3 7.92344E-3 7.51571E-3 7.12293E-3 7.1039E-3 6.73906E-3 6.35964E-3 4.5988E-3 4.63056E-3 4.52722E-3 4.5131E-3 4.06259E-3 4.12977E-3 4.15411E-3 4.17753E-3 4.18532E-3 4.16503E-3 4.35715E-3 4.57656E-3 4.60105E-3 4.49673E-3 5.23091E-3 5.16319E-3 5.6639E-3 6.27224E-3 6.15787E-3 5.93273E-3 6.4064E-3 6.37764E-3 6.71264E-3 7.20923E-3 7.38679E-3 7.454E-3 7.29491E-3 7.30641E-3 8.13834E-3 7.96935E-3 7.75274E-3 8.27275E-3 6.99491E-3 7.68268E-3 8.28797E-3 7.09036E-3 6.70709E-3 7.22624E-3 6.88855E-3 6.63274E-3 6.64425E-3 6.25387E-3 5.87017E-3
7.79938E-3 8.11001E-3 7.41807E-3 7.35345E-3 7.68291E-3 7.86537E-3 8.03686E-3 7.80494E-3 7.49507E-3 8.48059E-3 8.08651E-3 7.94442E-3 7.97035E-3 7.54987E-3 7.58176E-3 7.53947E-3 6.76307E-3 4.81082E-3 4.64025E-3 4.67587E-3 4.62013E-3 4.22118E-3 4.36744E-3 4.14315E-3 4.14613E-3 4.39533E-3 4.43088E-3 4.43553E-3 4.39293E-3 4.56993E-3 4.7824E-3 5.02894E-3 4.99977E-3 5.48677E-3 5.71235E-3 6.12795E-3 5.91032E-3 6.00092E-3 6.42735E-3 6.38573E-3 6.53206E-3 6.47772E-3 7.28861E-3 7.1987E-3 7.37964E-3 7.55433E-3 8.20745E-3 8.25179E-3 7.73616E-3 7.97524E-3 -9999 7.12274E-3 7.88664E-3 6.48886E-3 6.79153E-3 7.12604E-3 6.74911E-3 6.49404E-3 6.44602E-3 5.94671E-3 5.92346E-3
7.67225E-3 7.97823E-3 7.51275E-3 7.67691E-3 8.027E-3 7.9264E-3 8.25207E-3 7.45104E-3 7.83682E-3 8.17096E-3 8.91046E-3 8.04443E-3 8.04272E-3 7.6331E-3 7.57766E-3 4.91877E-3 6.7572E-3 6.03169E-3 4.36141E-3 4.4088E-3 4.2411E-3 4.29956E-3 4.42075E-3 4.42916E-3 4.42666E-3 4.38199E-3 4.47515E-3 4.48169E-3 4.65474E-3 4.83035E-3 4.8205E-3 5.04508E-3 5.32912E-3 5.49419E-3 5.65703E-3 5.72504E-3 5.97486E-3 6.02634E-3 6.74499E-3 6.84044E-3 6.34536E-3 7.07353E-3 7.65638E-3 7.64246E-3 7.39075E-3 7.57654E-3 8.07564E-3 7.60262E-3 7.43295E-3 7.58225E-3 -9999 6.28372E-3 5.91057E-3 7.10396E-3 6.94967E-3 6.98562E-3 6.67559E-3 6.03254E-3 6.18723E-3 5.75728E-3 5.64168E-3
7.96706E-3 8.30876E-3 8.2389E-3 8.44196E-3 8.21279E-3 8.06875E-3 -9999 8.43524E-3 8.69806E-3 8.88644E-3 8.95552E-3 8.49374E-3 7.6707E-3 7.66313E-3 4.89312E-3 4.97648E-3 6.44963E-3 6.41064E-3 4.63119E-3 4.72803E-3 4.80305E-3 4.35711E-3 4.90102E-3 4.41033E-3 4.47182E-3 4.48028E-3 4.99775E-3 4.95498E-3 4.98405E-3 4.94384E-3 4.83804E-3 5.58247E-3 5.29391E-3 5.48933E-3 6.04727E-3 5.97741E-3 5.94757E-3 6.59642E-3 6.88959E-3 6.77296E-3 6.94623E-3 7.52266E-3 7.48096E-3 7.46879E-3 7.38451E-3 7.65099E-3 7.50961E-3 7.02494E-3 6.84474E-3 6.64866E-3 7.02473E-3 -9999 -9999 6.3779E-3 6.47488E-3 6.53818E-3 6.16184E-3 5.92235E-3 6.01711E-3 5.15652E-3 5.31657E-3
8.24029E-3 8.44864E-3 8.54468E-3 8.77263E-3 8.9589E-3 -9999 -9999 9.53336E-3 9.36754E-3 8.57398E-3 8.57179E-3 8.17276E-3 8.16383E-3 8.16039E-3 5.14857E-3 4.94986E-3 4.76913E-3 4.60898E-3 4.6633E-3 4.76522E-3 4.80777E-3 4.8718E-3 4.89022E-3 4.94394E-3 4.96221E-3 4.72982E-3 4.97755E-3 4.98731E-3 4.97861E-3 4.94637E-3 4.9023E-3 5.28862E-3 5.21514E-3 5.17842E-3 5.97613E-3 5.88744E-3 5.67643E-3 6.68351E-3 6.91747E-3 6.89481E-3 -9999 7.43598E-3 7.30607E-3 7.36009E-3 7.55485E-3 6.92131E-3 6.92145E-3 6.54938E-3 6.20523E-3 6.64895E-3 -9999 -9999 -9999 6.05806E-3 5.36324E-3 5.52916E-3 5.84666E-3 5.79368E-3 5.60341E-3 4.98638E-3 4.80612E-3
9.35959E-3 8.79731E-3 9.2429E-3 9.1339E-3 -9999 -9999 -9999 9.99035E-3 1.00404E-2 8.62031E-3 8.69439E-3 8.23014E-3 8.19195E-3 5.06705E-3 5.16387E-3 5.21131E-3 4.76964E-3 4.92852E-3 4.75471E-3 6.32194E-3 6.27634E-3 4.9112E-3 4.90567E-3 4.98437E-3 5.02237E-3 4.99091E-3 4.99882E-3 5.43603E-3 4.99909E-3 5.25714E-3 5.14171E-3 5.30386E-3 5.13232E-3 5.15443E-3 6.01673E-3 6.01749E-3 5.73992E-3 6.50846E-3 6.76745E-3 6.95549E-3 6.89787E-3 6.83784E-3 7.10265E-3 7.33679E-3 7.05291E-3 7.03312E-3 6.93413E-3 6.68934E-3 -9999 -9999 -9999 -9999 -9999 -9999 -9999 5.37549E-3 5.36522E-3 4.82123E-3 4.75823E-3 -9999 4.78863E-3
9.53083E-3 9.69781E-3 9.03884E-3 -9999 -9999 -9999 1.05612E-2 1.00533E-2 1.01005E-2 8.65186E-3 8.73895E-3 8.26175E-3 7.82705E-3 7.80461E-3 7.76484E-3 5.29852E-3 5.36672E-3 7.60302E-3 5.01802E-3 5.073E-3 5.13309E-3 5.20124E-3 5.24825E-3 5.31583E-3 5.33502E-3 4.80547E-3 5.28179E-3 5.30981E-3 5.29695E-3 5.34401E-3 5.40471E-3 5.38423E-3 5.68248E-3 5.75633E-3 5.96421E-3 6.29427E-3 5.84929E-3 6.48389E-3 6.56364E-3 6.35814E-3 6.38853E-3 6.52876E-3 6.97527E-3 6.86757E-3 6.66619E-3 6.60713E-3 -9999 -9999 -9999 -9999 -9999 -9999 -9999 -9999 -9999 -9999 -9999 -9999 -9999 -9999 -9999
9.98361E-3 1.00439E-2 1.00056E-2 -9999 -9999 -9999 1.06735E-2 1.01813E-2 9.74402E-3 9.27078E-3 9.31841E-3 8.82847E-3 8.81492E-3 7.88278E-3 5.25136E-3 5.34074E-3 5.44667E-3 5.14234E-3 5.31732E-3 5.34423E-3 5.13827E-3 5.53475E-3 5.56632E-3 5.32646E-3 5.2878E-3 5.33451E-3 5.33726E-3 5.29046E-3 5.27861E-3 5.26355E-3 5.60799E-3 5.32692E-3 5.59075E-3 -9999 5.99077E-3 6.26167E-3 6.28575E-3 6.53007E-3 6.4556E-3 6.18772E-3 -9999 6.62787E-3 6.37943E-3 6.78107E-3 6.36594E-3 6.25964E-3 -9999 -9999 -9999 -9999 -9999 -9999 -9999 -9999 -9999 -9999 -9999 -9999 -9999 -9999 -9999
1.03669E-2 -9999 -9999 -9999 -9999 1.07026E-2 1.07022E-2 1.02454E-2 9.79903E-3 9.84423E-3 8.86604E-3 8.85855E-3 8.84112E-3 4.88744E-3 4.94377E-3 7.41179E-3 7.35472E-3 5.24042E-3 5.34997E-3 5.17796E-3 5.48332E-3 5.51167E-3 5.26198E-3 5.331E-3 5.34245E-3 5.40715E-3 5.29029E-3 5.33134E-3 5.56862E-3 5.26969E-3 5.82929E-3 5.85933E-3 -9999 6.18244E-3 6.05026E-3 6.57712E-3 6.56128E-3 6.73013E-3 -9999 -9999 -9999 -9999 6.51286E-3 6.73313E-3 -9999 -9999 -9999 -9999 -9999 -9999 -9999 -9999 -9999 -9999 -9999 -9999 -9999 -9999 -9999 -9999 -9999
-9999 -9999 -9999 -9999 -9999 1.07026E-2 1.0304E-2 1.04134E-2 9.91656E-3 8.96958E-3 8.98897E-3 8.5109E-3 8.44343E-3 5.19452E-3 5.00336E-3 7.48162E-3 7.39357E-3 5.33965E-3 5.4295E-3 5.4396E-3 5.21531E-3 6.54122E-3 5.35274E-3 5.41844E-3 5.36416E-3 5.41754E-3 5.30936E-3 5.5866E-3 5.81355E-3 5.87785E-3 5.75688E-3 6.05993E-3 -9999 6.24387E-3 5.98382E-3 6.00467E-3 6.71531E-3 -9999 -9999 -9999 -9999 -9999 -9999 -9999 -9999 -9999 -9999 -9999 -9999 -9999 -9999 -9999 -9999 -9999 -9999 -9999 -9999 -9999 -9999 -9999 -9999
-9999 -9999 -9999 -9999 -9999 -9999 -9999 9.92042E-3 9.46078E-3 9.49396E-3 8.55969E-3 8.96224E-3 8.50674E-3 7.99785E-3 7.96163E-3 7.43678E-3 5.89992E-3 5.66289E-3 5.70858E-3 5.23545E-3 -9999 -9999 5.89382E-3 5.6387E-3 5.41912E-3 6.06695E-3 5.82534E-3 5.67072E-3 5.81679E-3 5.80275E-3 5.8287E-3 6.14491E-3 6.10614E-3 -9999 -9999 -9999 -9999 -9999 -9999 -9999 -9999 -9999 -9999 -9999 -9999 -9999 -9999 -9999 -9999 -9999 -9999 -9999 -9999 -9999 -9999 -9999 -9999 -9999 -9999 -9999 -9999
-9999 -9999 -9999 -9999 -9999 -9999 -9999 -9999 8.97243E-3 9.46226E-3 9.02146E-3 9.009E-3 8.5011E-3 -9999 -9999 -9999 5.92484E-3 5.70325E-3 5.45239E-3 5.30351E-3 -9999 -9999 5.40057E-3 5.45862E-3 5.79741E-3 6.04881E-3 6.07009E-3 -9999 -9999 -9999 -9999 -9999 -9999 -9999 -9999 -9999 -9999 -9999 -9999 -9999 -9999 -9999 -9999 -9999 -9999 -9999 -9999 -9999 -9999 -9999 -9999 -9999 -9999 -9999 -9999 -9999 -9999 -9999 -9999 -9999 -9999
-9999 -9999 -9999 -9999 -9999 -9999 -9999 -9999 -9999 -9999 -9999 -9999 -9999 -9999 -9999 -9999 6.06107E-3 5.85328E-3 5.32694E-3 -9999 -9999 -9999 -9999 -9999 -9999 6.22221E-3 6.1928E-3 -9999 -9999 -9999 -9999 -9999 -9999 -9999 -9999 -9999 -9999 -9999 -9999 -9999 -9999 -9999 -9999 -9999 -9999 -9999 -9999 -9999 -9999 -9999 -9999 -9999 -9999 -9999 -9999 -9999 -9999 -9999 -9999 -9999 -9999
-9999 -9999 -9999 -9999 -9999 -9999 -9999 -9999 -9999 8.98168E-3 8.99255E-3 -9999 -9999 -9999 -9999 -9999 -9999 -9999 -9999 -9999 -9999 -9999 -9999 -9999 -9999 -9999 -9999 -9999 -9999 -9999 -9999 -9999 -9999 -9999 -9999 -9999 -9999 -9999 -9999 -9999 -9999 -9999 -9999 -9999 -9999 -9999 -9999 -9999 -9999 -9999 -9999 -9999 -9999 -9999 -9999 -9999 -9999 -9999 -9999 -9999 -9999
-9999 -9999 -9999 -9999 -9999 -9999 -9999 -9999 -9999 -9999 -9999 -9999 -9999 -9999 -9999 -9999 -9999 -9999 -9999 -9999 -9999 -9999 -9999 -9999 -9999 -9999 -9999 -9999 -9999 -9999 -9999 -9999 -9999 -9999 -9999 -9999 -9999 -9999 -9999 -9999 -9999 -9999 -9999 -9999 -9999 -9999 -9999 -9999 -9999 -9999 -9999 -9999 -9999 -9999 -9999 -9999 -9999 -9999 -9999 -9999 -9999
