Artocarpus hirsutus SDM files/MIS19/results (with bias file)/Arthir_min.asc
ncols         625
nrows         721
xllcorner     69.99986311115
yllcorner     5.99986187915
cellsize      0.041666667
NODATA_value  -9999
[rows 540 to 566 of 721, columns 122 to 182 of 625]
9.98077E-1 9.64617E-1 6.89734E-1 6.59184E-1 2.8722E-1 1.69366E-1 3.38893E-1 1.56803E-1 4.02893E-2 5.65953E-2 2.54553E-2 1.59215E-2 1.47164E-2 9.43231E-3 1.14085E-2 1.71604E-2 2.10006E-2 1.17628E-2 1.03521E-2 9.88596E-3 8.83954E-3 8.82363E-3 8.46385E-3 8.34686E-3 7.36435E-3 6.7741E-3 7.52253E-3 7.94543E-3 6.71126E-3 5.31335E-3 5.28835E-3 5.80131E-3 5.38495E-3 4.74475E-3 3.9575E-3 3.92286E-3 3.57884E-3 3.61402E-3 3.4796E-3 3.21073E-3 3.59139E-3 4.11871E-3 3.89801E-3 3.92817E-3 3.7606E-3 3.71725E-3 4.11194E-3 4.57989E-3 4.92135E-3 6.69654E-3 6.5348E-3 6.229E-3 6.05282E-3 5.7494E-3 6.84192E-3 8.80449E-3 7.11976E-3 6.20963E-3 7.68356E-3 6.77204E-3 6.58219E-3
9.98718E-1 9.97535E-1 7.11782E-1 7.34466E-1 3.12695E-1 1.29942E-1 2.78918E-1 3.19229E-1 8.71195E-2 3.49571E-2 2.01465E-2 4.84814E-2 1.50256E-2 9.62104E-3 1.12519E-2 1.8684E-2 2.00132E-2 1.15034E-2 9.40924E-3 1.14706E-2 9.39854E-3 8.36957E-3 9.16136E-3 8.63218E-3 7.1814E-3 6.80393E-3 7.26573E-3 8.37721E-3 6.70051E-3 5.65884E-3 5.15133E-3 5.93905E-3 5.63934E-3 4.63245E-3 3.91671E-3 3.85965E-3 3.93093E-3 4.31526E-3 3.65022E-3 3.10235E-3 3.43776E-3 4.54221E-3 4.48787E-3 4.34857E-3 3.91741E-3 3.76382E-3 4.25981E-3 4.74756E-3 5.06256E-3 6.77867E-3 6.07073E-3 6.50437E-3 6.33104E-3 6.3775E-3 7.02152E-3 7.88519E-3 6.59813E-3 6.53283E-3 7.54053E-3 7.99573E-3 6.29481E-3
9.81669E-1 9.98872E-1 8.13509E-1 4.44753E-1 2.29858E-1 3.33207E-1 1.72565E-1 5.01513E-1 7.8352E-2 1.95104E-2 3.21222E-2 8.11292E-2 3.15651E-2 1.16663E-2 1.0507E-2 2.2388E-2 2.12209E-2 1.21007E-2 1.15003E-2 9.87322E-3 9.36353E-3 9.54445E-3 9.67863E-3 8.57901E-3 7.96995E-3 7.74613E-3 7.0447E-3 6.98247E-3 7.7875E-3 6.0051E-3 5.05277E-3 5.79569E-3 5.93287E-3 5.06867E-3 4.14123E-3 3.82051E-3 3.92878E-3 4.46696E-3 4.33437E-3 3.44856E-3 3.2841E-3 4.35618E-3 4.67856E-3 4.3973E-3 3.99661E-3 4.31676E-3 4.82E-3 4.68991E-3 4.81545E-3 5.89633E-3 6.65543E-3 7.47822E-3 6.2801E-3 6.76149E-3 6.2862E-3 8.35224E-3 7.4198E-3 6.95668E-3 8.23741E-3 9.02421E-3 6.93595E-3
9.07729E-1 9.99538E-1 6.95874E-1 3.41546E-1 2.99593E-1 5.23454E-1 1.71283E-1 3.54243E-1 1.20545E-1 3.05273E-2 3.35487E-2 8.21903E-2 5.1709E-2 1.82899E-2 3.3298E-2 2.84947E-2 1.52809E-2 1.61213E-2 1.21346E-2 9.60201E-3 9.12533E-3 1.07332E-2 9.89327E-3 8.28436E-3 8.16905E-3 8.21131E-3 7.38905E-3 6.34268E-3 8.078E-3 8.12191E-3 5.45467E-3 5.9521E-3 5.55053E-3 5.00624E-3 4.41337E-3 4.1178E-3 4.06271E-3 4.11857E-3 5.21358E-3 4.43307E-3 3.42019E-3 4.66304E-3 4.4588E-3 4.80773E-3 4.56499E-3 4.68695E-3 4.70434E-3 4.68298E-3 4.96769E-3 5.6166E-3 7.52193E-3 6.53304E-3 7.43951E-3 6.35955E-3 5.76287E-3 6.97798E-3 9.7604E-3 8.10581E-3 8.30495E-3 9.57009E-3 7.23296E-3
9.77935E-1 9.86925E-1 9.166E-1 7.38862E-1 8.12379E-1 4.58496E-1 3.00227E-1 1.84401E-1 8.464E-2 3.62221E-2 2.88802E-2 5.09947E-2 8.43415E-2 2.63528E-2 3.70376E-2 1.70795E-2 1.2472E-2 1.56196E-2 1.13331E-2 9.17996E-3 1.1738E-2 1.1304E-2 9.24592E-3 7.95371E-3 8.72195E-3 8.53042E-3 8.19282E-3 6.15995E-3 8.24927E-3 8.15473E-3 6.37721E-3 5.43663E-3 6.0126E-3 4.90796E-3 5.34549E-3 4.02537E-3 4.25292E-3 4.43507E-3 5.27036E-3 5.35455E-3 4.77532E-3 4.5324E-3 4.17233E-3 4.7386E-3 4.9536E-3 4.81108E-3 4.83286E-3 4.80763E-3 5.09495E-3 5.92633E-3 7.26213E-3 6.75121E-3 8.86604E-3 6.6891E-3 5.79656E-3 7.163E-3 9.9138E-3 8.91893E-3 9.10039E-3 8.40729E-3 8.09314E-3
9.72449E-1 9.96127E-1 9.90168E-1 8.1702E-1 9.38158E-1 5.04628E-1 3.73325E-1 3.75902E-1 9.70637E-2 4.02397E-2 7.98463E-2 4.4787E-2 4.53026E-2 6.21909E-2 3.79032E-2 2.23128E-2 1.24606E-2 1.2589E-2 1.36433E-2 1.52882E-2 1.21082E-2 1.02303E-2 8.69972E-3 8.30291E-3 8.84438E-3 9.67065E-3 8.77057E-3 7.63306E-3 6.78819E-3 7.07309E-3 7.80618E-3 6.33585E-3 5.80116E-3 4.94402E-3 5.91219E-3 5.58713E-3 5.17928E-3 4.26277E-3 4.69276E-3 5.35439E-3 5.13016E-3 5.21311E-3 4.78661E-3 4.80186E-3 4.94391E-3 4.98862E-3 5.03859E-3 4.98082E-3 5.22798E-3 5.70577E-3 6.26303E-3 6.49724E-3 8.81057E-3 6.94184E-3 6.92733E-3 7.86008E-3 9.5132E-3 8.34954E-3 7.77771E-3 7.78889E-3 9.12251E-3
9.58251E-1 9.51768E-1 9.35067E-1 9.93059E-1 9.28638E-1 7.67139E-1 4.29065E-1 1.91894E-1 8.81002E-2 4.61494E-2 5.69151E-2 1.12987E-1 5.39474E-2 5.2284E-2 4.61892E-2 2.73901E-2 1.49512E-2 1.24928E-2 1.42344E-2 1.39839E-2 1.09496E-2 9.46585E-3 8.76935E-3 8.57725E-3 9.52215E-3 1.02339E-2 9.26786E-3 7.58762E-3 6.55475E-3 6.41557E-3 7.45519E-3 6.55814E-3 6.14268E-3 5.36021E-3 5.43699E-3 5.31044E-3 5.79592E-3 5.19675E-3 4.75825E-3 5.34137E-3 5.28595E-3 5.36292E-3 5.14446E-3 4.6566E-3 5.18777E-3 5.4358E-3 5.37791E-3 5.89288E-3 5.53797E-3 5.68373E-3 5.80609E-3 7.86644E-3 8.65099E-3 7.26585E-3 9.1512E-3 9.33024E-3 8.2364E-3 9.81735E-3 8.28521E-3 8.85571E-3 9.45902E-3
8.54386E-1 9.99029E-1 9.9853E-1 7.41345E-1 8.65906E-1 3.28151E-1 2.59194E-1 2.96427E-1 1.88403E-1 1.4276E-1 4.39558E-2 3.56167E-2 1.06481E-1 7.94872E-2 3.54113E-2 2.40011E-2 1.73218E-2 1.37623E-2 1.34972E-2 1.70082E-2 1.18994E-2 9.8947E-3 8.67232E-3 8.72868E-3 1.07555E-2 1.05551E-2 8.51032E-3 7.19317E-3 6.63915E-3 6.90301E-3 7.48686E-3 6.59945E-3 6.05026E-3 6.37401E-3 5.60952E-3 5.27916E-3 5.89989E-3 5.86831E-3 5.42622E-3 5.266E-3 6.18903E-3 5.38485E-3 5.11529E-3 5.20696E-3 6.1354E-3 5.95207E-3 5.94737E-3 5.89634E-3 5.82522E-3 6.12977E-3 6.91763E-3 9.00992E-3 8.67225E-3 7.63137E-3 9.12302E-3 9.82166E-3 7.96551E-3 1.06594E-2 8.62284E-3 8.76023E-3 1.05238E-2
8.43201E-1 9.94317E-1 9.99273E-1 9.6609E-1 9.51685E-1 4.16608E-1 4.3659E-1 5.17206E-1 2.72063E-1 5.3704E-1 1.47969E-1 3.55171E-2 3.58642E-2 1.2888E-1 6.99746E-2 3.00084E-2 1.9546E-2 1.55842E-2 1.28213E-2 1.53826E-2 1.39271E-2 1.03304E-2 7.48855E-3 8.3909E-3 1.01869E-2 1.12567E-2 8.82727E-3 8.11094E-3 7.14894E-3 7.03861E-3 6.78547E-3 6.51289E-3 6.08088E-3 6.01484E-3 6.014E-3 5.78226E-3 5.7095E-3 5.84607E-3 6.11435E-3 5.6778E-3 5.83267E-3 5.67077E-3 5.39435E-3 6.02909E-3 6.62521E-3 5.80652E-3 6.0736E-3 6.29988E-3 6.40173E-3 6.34457E-3 6.81962E-3 9.66435E-3 9.46753E-3 8.1216E-3 8.33655E-3 1.02199E-2 1.03177E-2 9.16987E-3 8.76023E-3 1.03746E-2 1.2081E-2
4.54616E-1 8.58329E-1 9.98546E-1 9.99456E-1 9.43838E-1 7.61515E-1 1.54638E-1 4.67457E-1 5.04588E-1 6.7981E-1 1.56297E-1 6.38139E-2 5.38656E-2 5.11657E-2 9.30018E-2 3.48646E-2 2.51893E-2 2.21625E-2 1.43947E-2 1.20992E-2 1.47772E-2 1.18838E-2 8.56468E-3 1.01973E-2 1.0877E-2 9.60875E-3 9.23655E-3 8.83907E-3 8.03066E-3 7.22582E-3 6.99485E-3 6.79369E-3 6.07383E-3 6.17583E-3 5.93432E-3 6.10792E-3 5.92826E-3 6.0474E-3 5.89963E-3 6.42019E-3 6.36942E-3 6.22167E-3 5.73483E-3 6.12861E-3 6.20258E-3 6.73834E-3 6.80009E-3 7.01324E-3 6.84786E-3 6.46466E-3 6.96758E-3 1.10748E-2 9.88749E-3 8.32863E-3 7.88755E-3 1.15326E-2 1.1308E-2 8.75005E-3 8.91927E-3 1.16847E-2 1.32406E-2
3.90822E-1 8.97214E-1 9.8097E-1 9.98118E-1 9.92844E-1 6.57159E-1 1.37235E-1 6.45354E-1 4.99901E-1 6.04699E-1 5.33642E-1 1.62791E-1 6.23634E-2 5.01846E-2 4.39281E-2 5.42803E-2 4.25736E-2 2.86012E-2 1.82592E-2 1.36356E-2 1.0425E-2 1.07025E-2 1.12573E-2 1.11835E-2 1.11486E-2 9.63601E-3 8.40622E-3 8.35321E-3 9.05313E-3 7.7373E-3 6.89167E-3 6.80305E-3 6.39099E-3 6.03257E-3 6.41419E-3 6.03904E-3 6.12009E-3 6.44088E-3 6.57436E-3 6.44296E-3 6.61116E-3 5.70383E-3 6.42849E-3 6.86517E-3 7.11695E-3 7.38799E-3 7.3208E-3 8.51718E-3 6.88702E-3 6.94788E-3 7.72952E-3 1.03808E-2 1.11508E-2 9.32949E-3 8.63883E-3 1.2386E-2 1.05728E-2 8.6707E-3 1.01097E-2 1.37391E-2 1.21235E-2
4.72462E-1 8.55594E-1 8.20182E-1 9.45911E-1 9.90945E-1 5.04108E-1 2.39386E-1 5.52925E-1 5.09958E-1 5.3433E-1 8.20181E-1 2.78285E-1 8.33929E-2 6.36384E-2 3.35938E-2 4.40692E-2 4.02365E-2 4.37758E-2 2.44534E-2 1.42999E-2 1.07121E-2 9.10743E-3 1.2467E-2 1.03137E-2 1.01251E-2 1.12539E-2 9.00576E-3 8.17474E-3 8.59864E-3 8.04505E-3 7.53889E-3 6.7716E-3 7.42149E-3 6.1411E-3 6.67399E-3 6.42521E-3 6.27653E-3 6.81637E-3 6.64412E-3 6.69701E-3 6.60071E-3 6.02938E-3 6.44563E-3 7.01173E-3 7.29027E-3 7.89984E-3 7.19186E-3 7.47862E-3 7.12924E-3 7.41822E-3 7.8442E-3 1.13978E-2 1.18627E-2 1.08568E-2 9.29484E-3 1.20336E-2 1.00817E-2 1.02183E-2 1.13817E-2 1.45154E-2 1.27708E-2
4.99371E-1 8.35489E-1 8.97618E-1 8.24012E-1 9.44036E-1 6.59852E-1 4.12454E-1 5.64669E-1 4.61154E-1 6.12596E-1 7.76556E-1 5.51068E-1 2.43257E-1 1.43805E-1 5.97186E-2 2.59001E-2 3.24328E-2 3.61782E-2 3.12665E-2 1.96998E-2 1.4084E-2 1.05157E-2 1.08852E-2 9.89754E-3 9.86062E-3 1.03205E-2 1.04538E-2 7.95338E-3 9.12527E-3 7.83056E-3 7.64462E-3 6.26699E-3 7.29418E-3 7.01063E-3 7.3258E-3 6.6549E-3 6.47319E-3 6.30242E-3 6.57219E-3 7.01043E-3 7.82156E-3 6.62766E-3 6.55356E-3 7.08832E-3 7.12409E-3 8.0713E-3 6.95103E-3 7.44882E-3 7.91343E-3 8.04196E-3 1.03742E-2 1.11667E-2 1.16927E-2 1.0937E-2 1.01987E-2 1.10965E-2 1.0069E-2 1.05898E-2 1.33894E-2 1.50687E-2 1.45275E-2
5.84719E-1 9.06681E-1 8.97491E-1 8.79433E-1 7.86711E-1 7.94481E-1 5.55372E-1 7.95493E-1 4.48112E-1 8.59273E-1 6.03768E-1 5.49263E-1 5.62016E-1 3.3116E-1 9.52979E-2 3.00173E-2 2.35608E-2 2.86221E-2 2.97192E-2 1.85687E-2 1.26696E-2 1.35544E-2 1.05752E-2 9.32345E-3 1.0774E-2 8.45475E-3 1.11812E-2 8.39702E-3 9.28936E-3 7.91175E-3 7.53488E-3 6.38277E-3 6.88345E-3 6.63269E-3 7.46426E-3 6.78872E-3 6.74182E-3 6.2997E-3 6.40223E-3 6.65362E-3 7.59642E-3 7.12008E-3 6.80489E-3 7.08447E-3 7.16534E-3 8.08773E-3 8.30521E-3 7.70176E-3 7.70869E-3 8.92277E-3 1.14914E-2 1.2797E-2 1.10009E-2 1.23232E-2 9.02216E-3 1.16277E-2 1.20206E-2 1.17805E-2 1.23371E-2 1.27152E-2 1.50927E-2
5.84347E-1 7.08946E-1 9.67584E-1 8.57874E-1 8.33257E-1 8.68017E-1 5.64011E-1 7.28539E-1 5.03397E-1 9.33455E-1 3.50834E-1 4.80385E-1 3.05431E-1 4.94776E-1 1.70672E-1 3.39878E-2 3.38505E-2 2.4017E-2 3.09253E-2 3.28597E-2 1.5146E-2 1.10746E-2 9.9609E-3 1.08308E-2 1.17461E-2 8.07101E-3 1.01629E-2 8.86657E-3 9.6207E-3 8.2617E-3 7.30246E-3 6.51777E-3 6.53216E-3 6.55261E-3 7.45405E-3 6.90569E-3 6.62219E-3 6.63255E-3 7.0176E-3 6.96463E-3 7.33402E-3 7.27713E-3 7.03614E-3 6.88504E-3 6.7097E-3 8.99905E-3 8.00471E-3 8.0893E-3 8.82061E-3 1.15017E-2 1.16973E-2 1.24191E-2 1.22935E-2 1.13538E-2 1.21384E-2 1.45244E-2 1.14413E-2 1.06611E-2 1.02372E-2 1.48145E-2 1.69712E-2
7.5486E-1 6.32812E-1 9.6296E-1 9.29501E-1 8.77133E-1 7.59354E-1 7.38749E-1 8.68996E-1 7.9478E-1 7.79754E-1 7.94893E-1 2.28603E-1 5.49728E-1 4.59799E-1 1.97997E-1 4.76804E-2 6.7715E-2 2.41482E-2 3.05221E-2 3.80722E-2 1.69359E-2 1.10847E-2 8.94778E-3 1.25377E-2 1.22682E-2 8.97622E-3 8.43784E-3 9.35216E-3 9.36405E-3 8.35485E-3 7.3708E-3 6.92408E-3 6.42486E-3 6.31498E-3 6.98785E-3 7.22739E-3 7.03272E-3 6.40313E-3 7.35123E-3 7.23135E-3 7.33161E-3 7.35435E-3 7.66404E-3 7.62547E-3 6.64662E-3 7.2539E-3 7.56036E-3 7.75039E-3 8.82629E-3 1.20334E-2 1.1038E-2 1.18825E-2 1.35437E-2 1.28636E-2 1.25166E-2 1.4042E-2 1.2115E-2 1.04555E-2 1.24208E-2 1.53109E-2 1.64142E-2
6.41504E-1 5.51682E-1 9.25117E-1 9.35859E-1 8.34137E-1 8.39738E-1 9.56774E-1 8.56962E-1 9.01298E-1 6.18176E-1 5.06856E-1 4.38446E-1 8.08032E-1 1.995E-1 1.53266E-1 1.56676E-1 1.31534E-1 3.54734E-2 2.49914E-2 2.46996E-2 2.17026E-2 1.62085E-2 9.87947E-3 1.03631E-2 1.05311E-2 9.96031E-3 8.91712E-3 1.11362E-2 8.15956E-3 8.05905E-3 7.20957E-3 7.03337E-3 6.6223E-3 6.35957E-3 6.47753E-3 7.2526E-3 6.93718E-3 6.79007E-3 7.48283E-3 7.31207E-3 7.45604E-3 7.73008E-3 7.93655E-3 7.58161E-3 7.2142E-3 7.46945E-3 7.31589E-3 8.20123E-3 9.13183E-3 1.06043E-2 1.35652E-2 1.26261E-2 1.32054E-2 1.3763E-2 1.25725E-2 1.48668E-2 1.2499E-2 1.14763E-2 1.27247E-2 1.51701E-2 1.93796E-2
7.18861E-1 7.20706E-1 5.87242E-1 8.66236E-1 8.81254E-1 9.76045E-1 9.90074E-1 9.0096E-1 8.49874E-1 5.67201E-1 6.71502E-1 4.25888E-1 7.02228E-1 4.60267E-1 2.67717E-1 2.25768E-1 1.47391E-1 4.40742E-2 2.47598E-2 2.10103E-2 1.53011E-2 1.58676E-2 1.16884E-2 1.1024E-2 9.36172E-3 9.62029E-3 8.75538E-3 9.45195E-3 8.71215E-3 8.13307E-3 6.76988E-3 6.99524E-3 6.87634E-3 6.55615E-3 6.48085E-3 6.38415E-3 7.16873E-3 7.73027E-3 7.91064E-3 7.15667E-3 7.47264E-3 7.8668E-3 8.56396E-3 8.2875E-3 7.64994E-3 6.80443E-3 7.57549E-3 9.30304E-3 9.68784E-3 1.12812E-2 1.18814E-2 1.42417E-2 1.26886E-2 1.18395E-2 1.6863E-2 1.38601E-2 1.15131E-2 1.41381E-2 1.14301E-2 1.53867E-2 1.93148E-2
4.92495E-1 8.18085E-1 7.74538E-1 8.45796E-1 7.72744E-1 8.65038E-1 8.78698E-1 9.42263E-1 6.22948E-1 6.73407E-1 8.32915E-1 2.63289E-1 5.89618E-1 5.95732E-1 4.00744E-1 2.29419E-1 1.22478E-1 5.49151E-2 3.1711E-2 2.94586E-2 1.92845E-2 1.74608E-2 1.24411E-2 1.24966E-2 1.09771E-2 1.21201E-2 9.75766E-3 8.7492E-3 9.08778E-3 8.83379E-3 6.80133E-3 7.27495E-3 7.14939E-3 7.04879E-3 6.11809E-3 5.8541E-3 7.78386E-3 8.1184E-3 8.2364E-3 7.50198E-3 7.85275E-3 8.45211E-3 8.81139E-3 8.13095E-3 8.55705E-3 7.77292E-3 8.25184E-3 8.59645E-3 9.33736E-3 1.14159E-2 1.39233E-2 1.25235E-2 1.38121E-2 1.30695E-2 1.9516E-2 1.334E-2 1.24133E-2 1.3709E-2 1.1504E-2 1.48439E-2 1.8528E-2
7.03445E-1 7.40956E-1 6.60209E-1 8.39453E-1 8.85643E-1 8.46718E-1 9.22873E-1 9.4435E-1 7.40954E-1 6.01683E-1 6.43106E-1 3.73615E-1 5.62994E-1 5.71785E-1 4.87434E-1 3.73728E-1 1.29727E-1 9.14374E-2 2.73536E-2 2.36527E-2 2.84731E-2 2.27517E-2 1.39299E-2 1.3611E-2 1.17112E-2 1.03927E-2 1.03374E-2 1.044E-2 9.45565E-3 8.57067E-3 7.28755E-3 6.97625E-3 7.05905E-3 6.9365E-3 5.98922E-3 6.18151E-3 7.12843E-3 9.11885E-3 8.19059E-3 7.80568E-3 8.17741E-3 8.57063E-3 8.76653E-3 9.07693E-3 9.7691E-3 8.13136E-3 8.12214E-3 8.61845E-3 1.09053E-2 1.14161E-2 1.18724E-2 1.42854E-2 1.19733E-2 1.43412E-2 1.95527E-2 1.37707E-2 1.34791E-2 1.21244E-2 1.4189E-2 1.96098E-2 1.52117E-2
6.3485E-1 6.37498E-1 4.64449E-1 8.5997E-1 9.78947E-1 9.12436E-1 9.6136E-1 8.14251E-1 9.20635E-1 5.27403E-1 5.98243E-1 4.41981E-1 3.79417E-1 5.42202E-1 5.52208E-1 3.47135E-1 1.66565E-1 1.22894E-1 2.66883E-2 3.45045E-2 1.87853E-2 1.85969E-2 1.31177E-2 1.16499E-2 1.19184E-2 9.9881E-3 9.34168E-3 1.25181E-2 1.0994E-2 9.22583E-3 8.13697E-3 6.84925E-3 7.05895E-3 7.32576E-3 6.06594E-3 6.13322E-3 6.8214E-3 9.88443E-3 8.78908E-3 7.92973E-3 8.58964E-3 8.68829E-3 9.28089E-3 9.42493E-3 8.89623E-3 1.00651E-2 8.70276E-3 8.6546E-3 1.13615E-2 1.1861E-2 1.16717E-2 1.43703E-2 1.52886E-2 1.29774E-2 1.7823E-2 1.59943E-2 1.21309E-2 1.29407E-2 1.5093E-2 1.46911E-2 1.45449E-2
9.10553E-1 6.76405E-1 7.88033E-1 8.46001E-1 9.88039E-1 9.6603E-1 9.63701E-1 8.94983E-1 9.93002E-1 8.79379E-1 4.65348E-1 4.58649E-1 3.18833E-1 6.87265E-1 7.50273E-1 3.43056E-1 3.20459E-1 7.02498E-2 4.99753E-2 3.6218E-2 1.95048E-2 1.60183E-2 1.35265E-2 1.13401E-2 1.16784E-2 1.04343E-2 1.00065E-2 1.16568E-2 1.05484E-2 1.03674E-2 9.36729E-3 7.12101E-3 7.74906E-3 7.74878E-3 6.37075E-3 6.45015E-3 8.08074E-3 9.51403E-3 8.55107E-3 8.16551E-3 9.82702E-3 8.7949E-3 9.29568E-3 9.60624E-3 1.00803E-2 1.04776E-2 1.02981E-2 9.17639E-3 1.15559E-2 1.26379E-2 1.06735E-2 1.18309E-2 1.58495E-2 1.74126E-2 1.47989E-2 1.63029E-2 1.32707E-2 1.5703E-2 1.38042E-2 1.3518E-2 1.58549E-2
6.83257E-1 6.27563E-1 7.59192E-1 6.10929E-1 9.17159E-1 9.653E-1 9.4753E-1 9.15356E-1 8.54864E-1 9.69681E-1 6.87227E-1 6.99239E-1 1.7957E-1 3.88306E-1 7.4832E-1 5.68228E-1 2.31088E-1 6.85733E-2 5.44341E-2 3.0501E-2 2.45402E-2 1.62452E-2 1.40102E-2 1.22461E-2 1.11482E-2 1.02474E-2 1.01276E-2 1.21416E-2 1.06676E-2 1.04252E-2 9.61521E-3 7.77991E-3 7.53068E-3 6.96526E-3 6.79283E-3 7.50128E-3 8.80757E-3 8.7146E-3 8.75769E-3 8.32698E-3 9.67189E-3 8.75101E-3 1.01195E-2 1.05241E-2 1.09737E-2 1.1136E-2 1.04303E-2 1.00013E-2 1.17529E-2 1.42778E-2 1.15843E-2 1.1063E-2 1.49742E-2 2.16481E-2 1.86179E-2 1.3799E-2 1.5364E-2 1.62047E-2 1.4008E-2 1.43749E-2 2.01209E-2
8.08275E-1 8.7225E-1 6.76702E-1 4.48493E-1 9.57475E-1 8.40417E-1 8.42738E-1 8.66289E-1 9.8633E-1 8.76866E-1 9.31805E-1 9.69639E-1 4.11692E-1 3.02141E-1 7.39878E-1 6.83513E-1 1.94057E-1 8.5292E-2 5.27371E-2 3.09376E-2 2.9469E-2 1.70637E-2 1.36623E-2 1.86493E-2 1.44791E-2 1.16332E-2 9.60676E-3 1.18445E-2 1.00034E-2 9.98392E-3 1.02906E-2 8.97718E-3 7.68241E-3 6.92934E-3 7.0836E-3 8.86993E-3 9.21727E-3 8.37176E-3 8.66135E-3 7.90717E-3 1.00357E-2 9.04553E-3 9.22825E-3 9.79945E-3 1.1321E-2 1.22593E-2 1.25498E-2 1.00474E-2 1.25883E-2 1.59388E-2 1.14311E-2 1.3766E-2 1.40848E-2 1.8035E-2 2.08927E-2 2.01494E-2 1.32212E-2 1.40205E-2 1.93848E-2 2.11558E-2 2.25719E-2
8.06568E-1 8.7941E-1 6.5102E-1 8.65702E-1 9.43215E-1 9.91365E-1 9.56975E-1 8.6461E-1 8.04328E-1 6.78892E-1 9.29904E-1 9.68306E-1 8.78178E-1 5.65925E-1 7.82047E-1 5.82726E-1 3.2861E-1 5.8695E-2 3.9951E-2 4.2446E-2 2.6556E-2 1.71945E-2 1.90828E-2 2.06452E-2 1.63739E-2 1.21393E-2 1.06584E-2 1.07539E-2 1.01265E-2 8.95879E-3 9.79768E-3 8.88168E-3 7.29515E-3 7.55052E-3 7.97952E-3 9.29715E-3 9.1656E-3 8.95152E-3 7.90322E-3 7.67666E-3 1.1029E-2 1.04237E-2 1.0209E-2 1.03394E-2 1.06474E-2 1.17422E-2 1.20759E-2 1.18395E-2 1.33067E-2 1.40284E-2 1.16114E-2 1.18612E-2 1.89026E-2 2.02432E-2 2.26737E-2 1.92339E-2 1.34099E-2 1.57294E-2 2.0328E-2 1.89443E-2 1.96623E-2
7.59097E-1 8.24629E-1 9.39585E-1 8.00243E-1 7.62941E-1 9.6459E-1 9.85535E-1 9.77612E-1 9.96249E-1 7.59763E-1 5.73812E-1 7.51727E-1 8.6553E-1 9.58056E-1 8.50895E-1 3.38697E-1 1.77637E-1 7.57362E-2 5.5739E-2 3.94249E-2 2.81276E-2 2.16987E-2 2.92403E-2 2.0836E-2 1.70048E-2 1.28441E-2 1.15445E-2 1.17979E-2 1.13699E-2 9.8397E-3 9.26082E-3 8.37309E-3 8.4269E-3 7.71074E-3 7.38202E-3 9.28198E-3 9.4905E-3 8.74219E-3 7.94962E-3 7.01673E-3 9.92285E-3 1.17958E-2 1.129E-2 1.09652E-2 1.24647E-2 1.32558E-2 1.33917E-2 1.35633E-2 1.36959E-2 1.32476E-2 1.25843E-2 1.20674E-2 2.07084E-2 1.92413E-2 2.17154E-2 2.0662E-2 1.38936E-2 1.9839E-2 1.40867E-2 1.72447E-2 1.79789E-2
7.37628E-1 8.0545E-1 6.93075E-1 5.74638E-1 7.32172E-1 9.66812E-1 9.91092E-1 9.94889E-1 9.94417E-1 9.99165E-1 8.57702E-1 6.66604E-1 9.44111E-1 8.28454E-1 7.98348E-1 6.84622E-1 2.6047E-1 8.34148E-2 6.44629E-2 4.9507E-2 2.51161E-2 1.97117E-2 2.66276E-2 2.42536E-2 1.80165E-2 1.47233E-2 1.29305E-2 1.15203E-2 1.24755E-2 1.11179E-2 1.02751E-2 9.91249E-3 8.68973E-3 8.05669E-3 8.31808E-3 9.25988E-3 8.85379E-3 7.7171E-3 7.53941E-3 8.20574E-3 9.49442E-3 1.15875E-2 1.10736E-2 1.27473E-2 1.32973E-2 1.34563E-2 1.4115E-2 1.52887E-2 1.54969E-2 1.53489E-2 1.31881E-2 1.31658E-2 1.3929E-2 1.69652E-2 1.92181E-2 2.26779E-2 1.79288E-2 1.57986E-2 1.5888E-2 1.86851E-2 2.05234E-2
