Artocarpus hirsutus SDM files/MIS19/results (with bias file)/Arthir_2.asc
ncols         625
nrows         721
xllcorner     69.99986311115
yllcorner     5.99986187915
cellsize      0.041666667
NODATA_value  -9999
[rows 216 to 242 of 721, columns 305 to 365 of 625]
1.17868E-2 1.21085E-2 1.19044E-2 1.20523E-2 1.22579E-2 1.25719E-2 1.34662E-2 1.44856E-2 1.4469E-2 1.45748E-2 1.56222E-2 1.6234E-2 1.66219E-2 1.83576E-2 2.06578E-2 1.73828E-2 1.889E-2 1.95023E-2 1.84898E-2 2.24507E-2 1.95553E-2 1.98817E-2 1.94259E-2 3.03522E-3 3.06689E-3 3.10365E-3 3.12711E-3 3.15118E-3 2.90606E-3 2.90392E-3 2.80622E-3 2.84138E-3 2.86731E-3 2.90592E-3 2.92429E-3 2.93469E-3 2.94699E-3 2.7867E-3 2.79089E-3 2.79329E-3 2.68334E-3 2.72396E-3 2.70006E-3 2.6302E-3 2.61399E-3 2.5109E-3 2.70576E-3 2.59631E-3 2.85802E-3 2.72751E-3 2.7171E-3 2.95071E-3 2.9241E-3 2.90986E-3 2.77968E-3 2.95564E-3 2.95011E-3 2.96153E-3 2.94846E-3 2.88976E-3 2.86327E-3
1.12324E-2 1.15867E-2 1.13857E-2 1.17651E-2 1.18496E-2 1.22179E-2 1.28681E-2 1.3732E-2 1.42067E-2 1.48853E-2 1.49233E-2 1.55876E-2 1.58429E-2 1.78227E-2 1.76324E-2 1.60144E-2 1.82817E-2 1.83802E-2 1.92209E-2 1.86041E-2 1.72931E-2 1.90854E-2 1.87841E-2 1.87604E-2 3.10182E-3 3.10622E-3 2.87382E-3 2.85954E-3 2.8707E-3 2.80095E-3 2.81208E-3 2.86509E-3 2.88622E-3 2.90328E-3 2.92713E-3 2.93743E-3 2.56505E-3 2.56752E-3 2.84808E-3 2.84441E-3 2.50414E-3 2.72835E-3 2.70698E-3 2.60332E-3 2.63748E-3 2.53079E-3 2.74951E-3 2.62588E-3 2.65919E-3 2.86724E-3 2.73517E-3 2.72216E-3 2.95166E-3 2.84382E-3 2.82254E-3 2.81655E-3 2.81682E-3 3.08397E-3 3.06014E-3 2.96729E-3 2.95974E-3
1.06218E-2 1.06509E-2 1.24521E-2 1.13483E-2 1.25212E-2 1.26115E-2 1.30472E-2 1.31309E-2 1.3938E-2 1.33715E-2 1.4764E-2 1.50209E-2 1.521E-2 1.66418E-2 1.6643E-2 1.57948E-2 1.83871E-2 1.77755E-2 1.72708E-2 1.69435E-2 1.67848E-2 1.68202E-2 1.68552E-2 1.66719E-2 1.80093E-2 1.66059E-2 1.70533E-2 2.87929E-3 2.90448E-3 2.79738E-3 2.82012E-3 2.87185E-3 2.88668E-3 2.66778E-3 2.53071E-3 2.55373E-3 2.61214E-3 2.62419E-3 2.62019E-3 2.61816E-3 2.52213E-3 2.51392E-3 2.72339E-3 2.60686E-3 2.65753E-3 2.5431E-3 2.53079E-3 2.64954E-3 2.6727E-3 2.55289E-3 2.54711E-3 2.76545E-3 2.75944E-3 2.65184E-3 2.64256E-3 2.8866E-3 2.89283E-3 3.01875E-3 3.24677E-3 3.10441E-3 3.07372E-3
1.05862E-2 1.19823E-2 1.06295E-2 1.17069E-2 1.20367E-2 1.22929E-2 1.27192E-2 1.27404E-2 1.27005E-2 1.46053E-2 1.34938E-2 1.41437E-2 1.45874E-2 1.60143E-2 1.57119E-2 1.51651E-2 1.63264E-2 1.68573E-2 1.68398E-2 1.64904E-2 1.63658E-2 1.64013E-2 1.62528E-2 1.60998E-2 1.61335E-2 1.59242E-2 1.61938E-2 1.51404E-2 1.54461E-2 2.8129E-3 2.83088E-3 2.85498E-3 2.54927E-3 2.56058E-3 2.57686E-3 2.59738E-3 2.60825E-3 2.60825E-3 2.60861E-3 2.61642E-3 2.50775E-3 2.50441E-3 2.4085E-3 2.61008E-3 2.65993E-3 2.54503E-3 2.53486E-3 2.4354E-3 2.63741E-3 2.57011E-3 2.56392E-3 2.55923E-3 2.78891E-3 2.80691E-3 2.81133E-3 3.03138E-3 3.04938E-3 3.07133E-3 3.072E-3 3.04117E-3 3.06041E-3
1.03823E-2 1.01039E-2 1.0281E-2 1.13847E-2 1.16835E-2 1.20128E-2 1.17714E-2 1.22512E-2 1.20988E-2 1.34454E-2 1.41748E-2 1.42095E-2 1.38689E-2 1.52067E-2 1.49676E-2 1.44651E-2 1.47775E-2 1.62732E-2 1.6234E-2 1.58962E-2 1.56961E-2 1.59673E-2 1.57658E-2 1.59325E-2 1.53166E-2 1.53492E-2 1.49016E-2 1.46905E-2 1.37833E-2 1.38109E-2 1.38382E-2 1.31264E-2 2.54379E-3 2.55607E-3 2.57361E-3 2.58313E-3 2.59261E-3 2.60291E-3 2.51292E-3 2.51268E-3 2.51167E-3 2.49879E-3 2.40271E-3 2.41474E-3 2.51663E-3 2.55863E-3 2.54565E-3 2.43855E-3 2.43407E-3 2.585E-3 2.57011E-3 2.57669E-3 2.59512E-3 2.82018E-3 2.83838E-3 2.8559E-3 2.8731E-3 3.11655E-3 3.1175E-3 3.12111E-3 3.12932E-3
9.75313E-3 9.79011E-3 1.00703E-2 1.02469E-2 1.12721E-2 1.16065E-2 1.15256E-2 1.17237E-2 1.20914E-2 1.13286E-2 1.34454E-2 1.39448E-2 1.35655E-2 1.35989E-2 1.34201E-2 1.41291E-2 1.44356E-2 1.45172E-2 1.58756E-2 1.51634E-2 1.53776E-2 1.55936E-2 1.51403E-2 1.55609E-2 1.48337E-2 1.43297E-2 1.44341E-2 1.31901E-2 1.32852E-2 1.34039E-2 1.27113E-2 1.23821E-2 1.2202E-2 1.28519E-2 2.46103E-3 2.47991E-3 2.48829E-3 2.41021E-3 2.41072E-3 2.41061E-3 2.50531E-3 2.40731E-3 2.40554E-3 2.419E-3 2.31584E-3 2.56274E-3 2.55343E-3 2.4527E-3 2.43915E-3 2.44396E-3 2.33731E-3 2.59258E-3 2.61256E-3 2.62549E-3 2.63994E-3 2.8882E-3 3.03093E-3 3.03269E-3 3.04254E-3 3.32193E-3 3.33549E-3
7.79182E-3 9.53631E-3 9.88853E-3 1.00497E-2 1.11665E-2 1.07927E-2 1.11725E-2 1.14181E-2 1.17392E-2 1.13811E-2 1.21824E-2 1.33913E-2 1.30628E-2 1.23814E-2 1.17768E-2 1.3857E-2 1.39744E-2 1.53419E-2 1.46467E-2 1.3349E-2 1.48673E-2 1.51771E-2 1.45355E-2 1.48165E-2 1.50242E-2 1.29758E-2 1.31613E-2 1.29475E-2 1.22377E-2 1.23267E-2 1.2268E-2 1.15755E-2 1.21369E-2 1.19972E-2 1.20818E-2 1.2225E-2 1.13599E-2 2.20727E-3 2.40316E-3 2.40268E-3 2.40268E-3 2.42463E-3 2.41536E-3 2.32743E-3 2.32714E-3 2.36188E-3 2.55749E-3 2.45469E-3 2.45164E-3 2.44769E-3 2.44524E-3 2.35771E-3 2.62833E-3 2.63686E-3 2.7654E-3 2.79156E-3 3.05397E-3 3.06703E-3 3.07542E-3 3.23607E-3 3.52162E-3
7.85402E-3 7.83446E-3 9.69697E-3 9.78222E-3 9.41576E-3 1.10383E-2 1.08058E-2 1.11861E-2 1.12163E-2 1.13958E-2 1.08956E-2 1.28066E-2 1.23525E-2 1.2399E-2 1.20757E-2 1.39677E-2 1.21956E-2 1.5014E-2 1.52324E-2 1.2799E-2 1.4707E-2 1.32845E-2 1.30734E-2 1.44671E-2 1.47749E-2 1.41824E-2 1.24508E-2 1.22871E-2 1.20466E-2 1.18366E-2 1.19018E-2 1.13788E-2 1.14033E-2 1.13898E-2 1.11498E-2 1.15302E-2 1.12632E-2 1.13028E-2 1.03694E-2 2.21311E-3 2.22049E-3 2.42544E-3 2.33184E-3 2.32277E-3 2.3218E-3 2.35416E-3 2.2624E-3 2.55749E-3 2.46319E-3 2.45164E-3 2.46121E-3 2.47514E-3 2.4832E-3 2.76505E-3 2.78436E-3 2.7998E-3 2.93588E-3 3.21494E-3 3.23806E-3 3.26002E-3 3.27665E-3
7.42307E-3 9.18267E-3 9.15992E-3 9.49658E-3 9.2523E-3 1.03167E-2 1.0338E-2 1.10775E-2 1.07778E-2 1.22917E-2 1.26639E-2 1.21422E-2 1.19508E-2 1.16007E-2 1.20126E-2 1.19799E-2 1.16901E-2 1.23073E-2 1.37082E-2 1.30737E-2 1.31159E-2 1.30361E-2 1.30661E-2 1.31841E-2 1.27634E-2 1.22721E-2 1.19307E-2 1.18572E-2 1.18448E-2 1.12087E-2 1.11392E-2 1.09445E-2 1.00411E-2 1.07687E-2 1.10693E-2 1.13557E-2 1.01385E-2 1.01928E-2 1.0255E-2 1.00874E-2 1.02081E-2 9.70533E-3 9.9032E-3 2.31651E-3 2.31479E-3 2.31375E-3 2.26434E-3 2.27042E-3 2.2597E-3 2.26594E-3 2.47395E-3 2.491E-3 2.48971E-3 2.51026E-3 2.52499E-3 2.93822E-3 2.96239E-3 2.98093E-3 3.12368E-3 3.4125E-3 3.44565E-3
7.29452E-3 7.4414E-3 7.54915E-3 7.45394E-3 7.44464E-3 1.04532E-2 1.01589E-2 1.082E-2 1.05144E-2 1.11225E-2 1.21701E-2 1.21223E-2 1.20462E-2 1.19353E-2 1.1448E-2 1.18387E-2 1.15453E-2 1.23248E-2 1.28381E-2 1.29556E-2 1.30285E-2 1.31645E-2 1.29239E-2 1.24949E-2 1.23776E-2 1.2043E-2 1.16037E-2 1.17597E-2 1.17698E-2 1.09338E-2 9.98387E-3 9.75433E-3 9.82758E-3 9.83149E-3 1.00116E-2 9.89482E-3 9.90824E-3 9.86077E-3 9.93208E-3 9.64901E-3 9.63439E-3 9.52495E-3 9.78449E-3 9.7867E-3 1.10141E-2 2.31532E-3 2.26641E-3 2.26434E-3 2.26458E-3 2.27099E-3 2.27757E-3 2.59386E-3 2.59916E-3 2.62285E-3 2.63898E-3 2.65514E-3 2.7423E-3 3.1261E-3 3.13E-3 3.16052E-3 3.31707E-3
7.17426E-3 7.35974E-3 7.46652E-3 7.26786E-3 7.41328E-3 7.5358E-3 8.4784E-3 8.47451E-3 1.07702E-2 1.0466E-2 1.09614E-2 1.05803E-2 1.17313E-2 1.1881E-2 1.16548E-2 1.12001E-2 1.1289E-2 1.15517E-2 1.23073E-2 1.30139E-2 1.23867E-2 1.24176E-2 1.22371E-2 1.23489E-2 1.18519E-2 1.16602E-2 1.14904E-2 1.13068E-2 1.09035E-2 9.75519E-3 9.64888E-3 9.68541E-3 9.90342E-3 9.29283E-3 9.20047E-3 9.50899E-3 9.68929E-3 9.61101E-3 9.61429E-3 9.43717E-3 9.457E-3 9.44272E-3 9.60264E-3 9.7351E-3 1.00829E-2 1.0167E-2 1.12867E-2 1.13628E-2 2.27449E-3 2.28081E-3 2.28745E-3 2.29448E-3 2.30787E-3 2.62799E-3 2.64362E-3 2.67651E-3 2.85378E-3 2.8799E-3 2.89868E-3 3.36103E-3 3.38423E-3
6.72168E-3 7.01481E-3 7.36873E-3 7.10083E-3 7.34157E-3 7.48833E-3 7.57699E-3 8.38316E-3 8.41804E-3 1.0175E-2 1.0565E-2 1.0433E-2 1.15303E-2 1.13274E-2 1.1494E-2 1.16071E-2 1.13029E-2 1.12351E-2 1.13171E-2 1.11374E-2 1.22164E-2 1.21592E-2 1.21661E-2 1.16607E-2 1.1529E-2 1.13215E-2 1.03388E-2 9.65763E-3 9.69479E-3 9.60312E-3 9.67203E-3 9.29397E-3 9.03635E-3 8.95039E-3 8.89079E-3 9.34508E-3 9.44605E-3 9.04029E-3 8.96712E-3 8.97035E-3 9.20124E-3 9.31305E-3 9.42578E-3 9.61721E-3 9.9294E-3 9.93166E-3 9.85136E-3 1.00139E-2 1.11395E-2 1.13451E-2 2.3803E-3 2.39635E-3 2.41176E-3 2.4705E-3 2.48542E-3 2.83767E-3 2.86559E-3 2.89691E-3 3.02748E-3 3.04768E-3 3.50933E-3
6.81327E-3 7.01454E-3 7.31897E-3 7.34401E-3 7.17299E-3 7.31692E-3 7.43822E-3 7.65354E-3 8.33778E-3 8.89856E-3 1.00736E-2 1.0022E-2 1.05239E-2 1.13175E-2 1.12729E-2 1.14392E-2 1.16071E-2 1.14387E-2 1.12574E-2 1.10349E-2 1.09469E-2 1.10703E-2 1.17024E-2 1.04691E-2 1.016E-2 1.00172E-2 1.00228E-2 9.64747E-3 9.63905E-3 9.72714E-3 8.97138E-3 8.85671E-3 8.69734E-3 8.65592E-3 8.87391E-3 9.06156E-3 8.9401E-3 8.86781E-3 7.9392E-3 8.65063E-3 9.03017E-3 9.2932E-3 9.32703E-3 9.423E-3 9.60003E-3 9.73272E-3 9.8759E-3 9.89342E-3 9.99633E-3 1.00821E-2 1.13013E-2 1.15132E-2 1.15524E-2 1.15927E-2 1.23516E-2 2.62075E-3 2.63653E-3 2.6633E-3 3.03255E-3 3.05217E-3 3.17993E-3
6.11565E-3 6.29714E-3 6.83879E-3 6.96883E-3 7.1664E-3 7.35064E-3 7.40679E-3 7.42896E-3 8.17534E-3 8.53133E-3 8.2402E-3 8.30214E-3 1.03352E-2 1.03983E-2 1.03024E-2 1.12956E-2 1.13635E-2 1.13935E-2 1.14387E-2 1.06277E-2 1.0438E-2 1.03959E-2 1.05133E-2 1.0216E-2 9.79538E-3 9.88656E-3 9.63685E-3 9.70675E-3 9.10797E-3 8.97445E-3 8.67887E-3 8.6256E-3 8.42984E-3 8.47468E-3 8.74767E-3 8.81064E-3 8.01224E-3 7.85328E-3 7.81573E-3 8.47192E-3 8.82539E-3 9.08711E-3 9.19815E-3 9.2318E-3 9.46844E-3 9.70632E-3 9.72649E-3 9.8259E-3 1.01213E-2 1.00904E-2 9.99107E-3 1.17673E-2 1.0508E-2 1.0493E-2 1.18731E-2 1.19142E-2 2.64841E-3 2.7616E-3 2.7895E-3 3.16405E-3 3.17428E-3
6.11639E-3 6.21318E-3 6.15292E-3 6.95537E-3 7.1049E-3 7.26361E-3 7.42513E-3 7.56408E-3 8.04249E-3 8.27527E-3 8.244E-3 8.34063E-3 8.49439E-3 8.70809E-3 1.01718E-2 1.01659E-2 1.04066E-2 1.16152E-2 1.06278E-2 1.05643E-2 1.03965E-2 1.00353E-2 9.97499E-3 9.90145E-3 9.80875E-3 1.01541E-2 9.67692E-3 9.06214E-3 8.69309E-3 8.69816E-3 8.616E-3 8.38752E-3 8.26386E-3 8.41341E-3 7.52197E-3 7.5912E-3 7.71228E-3 7.74183E-3 7.74543E-3 7.73424E-3 7.8419E-3 8.70853E-3 8.20274E-3 9.36108E-3 9.46109E-3 9.62208E-3 9.74703E-3 1.02358E-2 1.04464E-2 1.03435E-2 1.01949E-2 1.0422E-2 1.07229E-2 1.07432E-2 1.0588E-2 1.06076E-2 1.15279E-2 1.21611E-2 1.23839E-2 2.79911E-3 1.34996E-2
6.01367E-3 6.214E-3 6.071E-3 6.30098E-3 6.94062E-3 6.97086E-3 7.21485E-3 7.42513E-3 8.41844E-3 7.47901E-3 8.29259E-3 8.40059E-3 8.34063E-3 8.43783E-3 8.65024E-3 8.49611E-3 8.49117E-3 1.06374E-2 9.82194E-3 9.66614E-3 9.31794E-3 8.93296E-3 1.00019E-2 1.01833E-2 8.8637E-3 8.78073E-3 8.18363E-3 8.18866E-3 7.8919E-3 7.82827E-3 7.72835E-3 7.34686E-3 7.12725E-3 7.15988E-3 7.34942E-3 7.44258E-3 7.51131E-3 7.56578E-3 7.6242E-3 7.61325E-3 7.69375E-3 7.96859E-3 8.31676E-3 9.20017E-3 9.18664E-3 1.00218E-2 9.97385E-3 1.0199E-2 1.00983E-2 1.02571E-2 1.01741E-2 1.00404E-2 1.04564E-2 1.05114E-2 1.03758E-2 1.03616E-2 1.04333E-2 1.08615E-2 1.18038E-2 1.17864E-2 1.21275E-2
5.68721E-3 6.16535E-3 6.03839E-3 6.72021E-3 6.88024E-3 6.85559E-3 7.13563E-3 7.34401E-3 7.6339E-3 7.25629E-3 8.15818E-3 8.3204E-3 8.31669E-3 8.29557E-3 8.34718E-3 8.40518E-3 8.60522E-3 8.56939E-3 9.86775E-3 9.32965E-3 9.27402E-3 9.04723E-3 9.33215E-3 8.9715E-3 8.64744E-3 8.14064E-3 7.99433E-3 7.99952E-3 7.91354E-3 7.34324E-3 7.29855E-3 7.10414E-3 7.06077E-3 7.12725E-3 7.20409E-3 7.35973E-3 7.35349E-3 7.38227E-3 7.55117E-3 7.58038E-3 7.73232E-3 7.96501E-3 8.46865E-3 9.61602E-3 8.70468E-3 9.93383E-3 9.82093E-3 1.00918E-2 1.00951E-2 9.96229E-3 1.0153E-2 1.00376E-2 1.05067E-2 1.0528E-2 1.06728E-2 1.00095E-2 1.02701E-2 1.06624E-2 1.036E-2 1.13612E-2 1.14005E-2
5.30685E-3 5.73916E-3 6.04614E-3 6.16265E-3 6.81884E-3 6.89532E-3 7.16164E-3 7.25687E-3 7.56013E-3 7.29881E-3 7.46324E-3 7.55163E-3 7.55795E-3 8.35473E-3 7.72345E-3 8.34002E-3 8.25245E-3 8.49611E-3 8.33071E-3 9.41693E-3 9.44277E-3 9.09044E-3 7.99652E-3 8.78584E-3 8.55339E-3 8.11174E-3 7.93913E-3 7.89118E-3 7.50865E-3 6.55447E-3 6.39537E-3 7.10268E-3 6.95695E-3 6.98507E-3 7.04134E-3 7.21838E-3 6.35841E-3 7.32473E-3 6.7696E-3 7.4755E-3 7.60585E-3 7.75153E-3 8.42384E-3 8.70506E-3 9.72664E-3 9.14452E-3 8.82473E-3 1.01353E-2 1.02254E-2 1.04033E-2 1.0338E-2 1.03225E-2 1.0276E-2 1.04692E-2 1.01569E-2 1.01932E-2 1.01464E-2 1.0064E-2 1.0033E-2 9.81819E-3 9.77274E-3
5.76552E-3 5.8247E-3 5.9378E-3 6.08027E-3 6.69845E-3 6.8501E-3 7.01976E-3 7.15298E-3 7.21485E-3 7.09281E-3 7.35718E-3 7.41328E-3 7.59583E-3 7.6693E-3 7.69152E-3 7.69765E-3 7.58553E-3 7.63266E-3 7.36696E-3 7.60292E-3 6.99997E-3 6.94915E-3 6.75635E-3 6.61283E-3 7.45231E-3 7.29372E-3 7.27434E-3 6.70034E-3 6.62398E-3 6.57509E-3 6.09755E-3 6.10594E-3 6.08127E-3 6.4699E-3 6.22423E-3 6.18621E-3 6.28686E-3 6.61363E-3 6.63379E-3 7.58112E-3 7.78075E-3 7.9551E-3 8.41985E-3 8.59442E-3 8.75947E-3 1.00563E-2 1.00604E-2 9.94191E-3 1.01353E-2 1.02934E-2 1.02441E-2 1.0079E-2 1.01496E-2 9.17873E-3 9.07412E-3 9.77E-3 9.8408E-3 9.84347E-3 9.56815E-3 9.20725E-3 9.42727E-3
5.19329E-3 5.81819E-3 5.85781E-3 5.99871E-3 6.5788E-3 6.84312E-3 6.95869E-3 7.06733E-3 7.20137E-3 7.3216E-3 7.28581E-3 7.52285E-3 7.60536E-3 7.61176E-3 7.58299E-3 7.58916E-3 7.63046E-3 7.228E-3 7.17047E-3 7.53155E-3 6.91584E-3 6.86066E-3 6.70136E-3 6.50872E-3 6.42648E-3 6.77176E-3 5.66649E-3 6.55658E-3 6.49511E-3 6.19289E-3 6.13468E-3 5.42602E-3 5.57547E-3 5.5719E-3 6.21034E-3 6.20596E-3 6.13485E-3 6.58661E-3 6.64221E-3 6.91498E-3 8.22847E-3 8.16189E-3 8.33214E-3 8.83893E-3 9.022E-3 9.03153E-3 9.15124E-3 1.01612E-2 1.01529E-2 1.02096E-2 1.01458E-2 9.9454E-3 8.92592E-3 9.97911E-3 9.72819E-3 8.80091E-3 8.78774E-3 9.54223E-3 8.92189E-3 8.90849E-3 8.77707E-3
5.71317E-3 5.03365E-3 5.79175E-3 5.91116E-3 6.01216E-3 6.78991E-3 6.83504E-3 7.01287E-3 7.04351E-3 7.35523E-3 7.36203E-3 7.37792E-3 7.47521E-3 7.47244E-3 7.7565E-3 7.69502E-3 7.53231E-3 7.1442E-3 7.228E-3 7.27289E-3 6.9662E-3 6.93905E-3 6.48595E-3 6.48223E-3 5.74696E-3 5.388E-3 5.23358E-3 4.99778E-3 5.89425E-3 5.65068E-3 5.60509E-3 4.63725E-3 4.64412E-3 4.61599E-3 4.6666E-3 4.70166E-3 4.73046E-3 6.31947E-3 6.69239E-3 6.86062E-3 7.2973E-3 7.36502E-3 8.27216E-3 8.91168E-3 8.95868E-3 8.92038E-3 9.20072E-3 9.15688E-3 9.19142E-3 1.04405E-2 8.96421E-3 8.81603E-3 7.28881E-3 7.45961E-3 8.00802E-3 7.89531E-3 7.76458E-3 7.66143E-3 7.21596E-3 7.08552E-3 6.99106E-3
5.12827E-3 5.65489E-3 5.81161E-3 5.84459E-3 5.97834E-3 6.1217E-3 6.7133E-3 6.9352E-3 7.06733E-3 7.13965E-3 7.25916E-3 7.29719E-3 7.46858E-3 7.46595E-3 7.68221E-3 7.62134E-3 7.54185E-3 6.6115E-3 7.11119E-3 7.05457E-3 6.36113E-3 6.26822E-3 5.99478E-3 5.97913E-3 5.1687E-3 5.2898E-3 5.19434E-3 4.95529E-3 4.8556E-3 4.26322E-3 4.06208E-3 4.01026E-3 4.05453E-3 4.38362E-3 4.61265E-3 4.6255E-3 4.72726E-3 5.77869E-3 6.72003E-3 6.85235E-3 7.20562E-3 6.06714E-3 6.9379E-3 7.22051E-3 7.2103E-3 7.24844E-3 7.66807E-3 7.75259E-3 7.74144E-3 7.71911E-3 7.52983E-3 7.54408E-3 7.52215E-3 7.13808E-3 6.98591E-3 7.58236E-3 7.59009E-3 7.46395E-3 7.05333E-3 6.85324E-3 6.83022E-3
5.05247E-3 5.60348E-3 5.68081E-3 5.85799E-3 5.91798E-3 6.06797E-3 6.10874E-3 6.83672E-3 6.89714E-3 7.01331E-3 7.0745E-3 7.38025E-3 7.387E-3 7.50964E-3 7.41595E-3 7.32328E-3 7.58629E-3 6.93857E-3 6.43618E-3 6.44148E-3 6.27952E-3 6.16699E-3 5.78314E-3 5.7295E-3 5.40089E-3 5.30359E-3 4.57E-3 4.56406E-3 4.15338E-3 4.09193E-3 4.07272E-3 4.01238E-3 3.9095E-3 3.92908E-3 4.37452E-3 4.64412E-3 4.75284E-3 4.75616E-3 5.0575E-3 5.64415E-3 6.00375E-3 6.01103E-3 6.37071E-3 7.12675E-3 7.25496E-3 7.29338E-3 7.29711E-3 7.67902E-3 7.61699E-3 7.51577E-3 7.55903E-3 7.40878E-3 7.38749E-3 7.01325E-3 6.8735E-3 6.85363E-3 7.31616E-3 7.19013E-3 7.00009E-3 6.77835E-3 6.67476E-3
4.9892E-3 5.52076E-3 5.57805E-3 5.76552E-3 5.85882E-3 5.95918E-3 6.08155E-3 6.13595E-3 6.77448E-3 7.02172E-3 7.13104E-3 7.22595E-3 7.25709E-3 7.36884E-3 7.40024E-3 6.7316E-3 6.84312E-3 6.99408E-3 6.64213E-3 6.08523E-3 6.06982E-3 6.08751E-3 5.75908E-3 5.63648E-3 4.82524E-3 4.78654E-3 4.53555E-3 4.26434E-3 4.12723E-3 4.06617E-3 4.0471E-3 4.03659E-3 4.04509E-3 4.03452E-3 3.93114E-3 4.62151E-3 4.71393E-3 4.77539E-3 5.08503E-3 5.09877E-3 5.86802E-3 6.06473E-3 6.1094E-3 6.54421E-3 6.5132E-3 7.16465E-3 7.21671E-3 7.54406E-3 7.46866E-3 7.51204E-3 7.32376E-3 7.20189E-3 7.26813E-3 6.96972E-3 6.73945E-3 6.64932E-3 6.38225E-3 7.04628E-3 6.7362E-3 6.72649E-3 6.29728E-3
5.15182E-3 5.05247E-3 5.15253E-3 5.78611E-3 5.77294E-3 5.90542E-3 5.90503E-3 6.5725E-3 7.06847E-3 6.34545E-3 7.07624E-3 7.19485E-3 6.65414E-3 7.6377E-3 7.71256E-3 7.77141E-3 6.88923E-3 6.78027E-3 6.51788E-3 6.40112E-3 5.97598E-3 5.98095E-3 5.21954E-3 5.15375E-3 4.86423E-3 4.48811E-3 4.42193E-3 3.85373E-3 3.81463E-3 3.70428E-3 3.54448E-3 3.55951E-3 3.56241E-3 3.54106E-3 4.03452E-3 3.98125E-3 4.22558E-3 4.79803E-3 4.89339E-3 5.0919E-3 5.34419E-3 6.02851E-3 6.11409E-3 6.51468E-3 6.45318E-3 7.02375E-3 7.07513E-3 7.44616E-3 7.2027E-3 7.02189E-3 7.28126E-3 6.81644E-3 6.82013E-3 6.78761E-3 6.59429E-3 6.42769E-3 6.40044E-3 6.96171E-3 6.06586E-3 6.54058E-3 6.43681E-3
5.08087E-3 4.96058E-3 5.51518E-3 5.6622E-3 5.64937E-3 5.7141E-3 5.87854E-3 6.31579E-3 6.44494E-3 6.27499E-3 6.46007E-3 6.48827E-3 7.49633E-3 6.87999E-3 7.61892E-3 7.1108E-3 6.7914E-3 6.766E-3 6.42537E-3 6.4227E-3 5.98356E-3 5.45726E-3 5.17354E-3 4.91604E-3 4.80266E-3 4.13928E-3 3.8403E-3 3.79528E-3 3.77874E-3 3.60698E-3 3.55816E-3 3.54904E-3 3.54855E-3 3.50789E-3 3.71769E-3 4.17883E-3 4.07201E-3 4.3865E-3 4.87999E-3 5.21609E-3 5.20907E-3 5.50163E-3 6.05713E-3 6.13087E-3 6.43267E-3 6.5018E-3 7.00577E-3 7.03351E-3 7.14669E-3 6.90671E-3 6.91071E-3 6.77259E-3 6.71774E-3 6.66328E-3 6.4949E-3 6.38977E-3 6.2278E-3 5.99471E-3 5.91121E-3 5.84313E-3 5.88615E-3
5.01174E-3 4.86513E-3 4.99568E-3 5.5344E-3 5.63008E-3 5.74668E-3 5.82545E-3 6.25903E-3 6.301E-3 6.11427E-3 6.26008E-3 6.6632E-3 6.81266E-3 6.86521E-3 6.97114E-3 6.93059E-3 7.06937E-3 6.76018E-3 6.6308E-3 6.36854E-3 5.62741E-3 5.47768E-3 5.17105E-3 4.81485E-3 4.72795E-3 4.0987E-3 3.81909E-3 3.76742E-3 3.77549E-3 3.30574E-3 3.27211E-3 3.57903E-3 3.56986E-3 3.59725E-3 3.72736E-3 3.77658E-3 4.25922E-3 4.35512E-3 4.45733E-3 5.14566E-3 5.29415E-3 5.519E-3 6.01128E-3 6.10638E-3 6.19305E-3 6.4415E-3 6.9037E-3 6.98763E-3 7.00577E-3 6.88897E-3 6.72847E-3 6.68325E-3 6.62914E-3 6.55327E-3 6.35688E-3 6.29264E-3 5.91999E-3 5.79256E-3 5.91059E-3 5.79145E-3 5.73014E-3
