Artocarpus hirsutus SDM files/MIS19/results (with bias file)/Arthir_1.asc
ncols         625
nrows         721
xllcorner     69.99986311115
yllcorner     5.99986187915
cellsize      0.041666667
NODATA_value  -9999
[rows 162 to 188 of 721, columns 244 to 304 of 625]
3.10303E-2 3.79906E-2 2.95323E-2 7.38083E-2 7.45198E-2 4.02412E-2 3.73526E-2 2.92257E-2 3.28148E-2 3.67034E-2 3.65451E-2 1.81195E-2 3.2655E-2 2.69357E-2 2.33169E-2 1.96707E-2 1.64578E-2 1.13196E-2 9.32611E-3 1.26172E-2 1.17259E-2 1.14999E-2 2.29059E-2 1.5418E-2 1.1753E-2 8.38896E-3 2.0297E-2 2.82E-2 2.88153E-2 2.7764E-2 1.93219E-2 2.00429E-2 1.65643E-2 2.26171E-2 1.09333E-2 2.36338E-2 1.07664E-2 6.84096E-3 1.08937E-2 1.33518E-2 2.00543E-2 1.64449E-2 4.90196E-3 5.52493E-3 1.0595E-2 1.24142E-2 6.11076E-3 2.83114E-3 1.19146E-3 1.57827E-3 2.86245E-3 3.32005E-3 1.94267E-3 4.13435E-3 5.19536E-3 6.16541E-3 5.93363E-3 4.2453E-3 4.375E-3 3.03847E-3 1.95694E-3
7.75821E-2 6.66227E-2 9.76495E-2 1.50114E-1 5.0595E-2 2.26327E-2 7.91769E-3 9.05379E-3 1.17367E-2 1.34892E-2 1.70711E-2 1.40648E-2 3.88172E-2 2.96303E-2 2.96244E-2 2.63594E-2 2.36958E-2 1.50463E-2 1.71635E-2 1.28007E-2 1.24601E-2 1.75071E-2 1.94426E-2 1.79851E-2 8.43246E-3 1.21287E-2 2.20362E-2 2.75759E-2 2.32724E-2 1.58184E-2 1.16475E-2 2.36275E-2 1.88322E-2 2.2533E-2 1.1959E-2 7.54213E-3 1.56574E-2 1.7907E-2 2.77764E-2 2.46288E-2 1.14742E-2 8.40301E-3 2.94721E-3 4.36913E-3 2.56502E-3 3.5996E-3 2.97967E-3 2.22322E-3 4.96997E-3 2.93456E-3 2.2714E-3 1.33662E-3 4.00331E-3 2.90931E-3 4.82565E-3 6.38457E-3 6.59467E-3 4.77776E-3 2.73399E-3 2.00534E-3 4.73624E-3
1.58617E-1 9.31993E-2 5.31975E-2 1.4858E-1 2.01151E-2 9.14805E-2 2.33347E-2 1.1508E-2 1.0381E-2 1.4917E-2 1.07192E-2 1.51547E-2 1.32844E-2 1.27628E-2 1.7585E-2 1.76767E-2 2.66004E-2 2.73061E-2 3.4702E-2 1.83659E-2 1.00889E-2 1.31892E-2 2.11145E-2 2.25239E-2 1.43724E-2 1.50923E-2 1.97478E-2 1.758E-2 1.92618E-2 1.39211E-2 2.11347E-2 2.66734E-2 1.50718E-2 1.46936E-2 1.00308E-2 2.13873E-2 3.26665E-2 2.63244E-2 2.16421E-2 1.64618E-2 1.11422E-2 3.62353E-3 1.06038E-2 6.37803E-3 6.70352E-3 3.47693E-3 1.3515E-2 7.37475E-3 5.58871E-3 9.83151E-3 4.44161E-3 1.78E-3 1.41865E-3 3.48427E-3 2.90542E-3 5.98341E-3 7.4111E-3 7.20069E-3 5.76119E-3 2.12985E-3 6.6836E-3
6.75061E-2 1.01182E-1 4.04662E-2 5.87905E-2 5.8501E-2 5.87499E-2 7.82607E-2 5.67575E-2 5.76942E-2 2.83581E-2 6.17854E-3 4.33621E-3 4.7433E-3 6.97606E-3 6.19246E-3 8.98384E-3 1.90726E-2 2.27396E-2 2.71189E-2 2.02432E-2 1.75637E-2 1.24404E-2 1.7669E-2 1.49246E-2 1.26447E-2 2.33477E-2 2.27766E-2 2.38217E-2 3.22975E-2 2.40086E-2 1.5487E-2 1.68609E-2 1.44992E-2 7.4194E-3 1.02605E-2 2.18205E-2 1.95452E-2 1.84556E-2 6.95329E-3 7.14934E-3 1.10173E-2 1.57939E-2 1.93876E-2 7.14365E-3 8.92522E-3 2.50993E-3 7.34596E-3 1.06175E-2 7.66491E-3 1.02942E-2 8.66953E-3 5.0581E-3 2.92058E-3 3.47822E-3 7.191E-3 3.86637E-3 5.92294E-3 5.94581E-3 6.20924E-3 3.28368E-3 6.76594E-3
1.8311E-1 6.13441E-2 8.95118E-2 1.09123E-1 7.90891E-2 1.15036E-1 1.18553E-1 1.14533E-1 1.04735E-1 3.18468E-2 1.68759E-2 1.02668E-2 1.27949E-2 9.62509E-3 5.08046E-3 1.10669E-2 6.83131E-3 1.46517E-2 1.30534E-2 1.02091E-2 1.09487E-2 1.1065E-2 1.06099E-2 2.0556E-2 3.48699E-2 2.47137E-2 2.20988E-2 2.33782E-2 2.19475E-2 1.02135E-2 6.81507E-3 9.85142E-3 8.06729E-3 2.38361E-2 1.21112E-2 8.82938E-3 8.13746E-3 7.02091E-3 7.92097E-3 1.35149E-2 1.65593E-2 1.2775E-2 1.45969E-2 1.79119E-2 1.23858E-2 4.48577E-3 5.18507E-3 9.11836E-3 1.10988E-2 9.2403E-3 9.0727E-3 6.57964E-3 5.34417E-3 6.82934E-3 3.73685E-3 2.81044E-3 2.83248E-3 4.30913E-3 2.90412E-3 7.09195E-3 8.07319E-3
2.61048E-1 2.04948E-1 2.53923E-1 2.68509E-1 2.15336E-1 1.77289E-1 1.19911E-1 1.3875E-1 2.33617E-1 2.58723E-2 1.69437E-2 1.72784E-2 1.67066E-2 5.60291E-3 1.34412E-2 8.76453E-3 6.36229E-3 7.5623E-3 6.7593E-3 7.77585E-3 1.31448E-2 1.31482E-2 1.3636E-2 1.57081E-2 1.37091E-2 1.21421E-2 1.90574E-2 2.12138E-2 2.11076E-2 8.33202E-3 7.27905E-3 1.36548E-2 2.6741E-2 2.61897E-2 2.36709E-2 2.00268E-2 2.40216E-2 1.25737E-2 1.26603E-2 2.35143E-2 1.91373E-2 1.26804E-2 1.08482E-2 1.69874E-2 1.42688E-2 5.41429E-3 9.20787E-3 1.11608E-2 8.59717E-3 5.2682E-3 8.65014E-3 4.73626E-3 3.88534E-3 9.2277E-3 3.80366E-3 1.62748E-3 2.35341E-3 2.98915E-3 4.11229E-3 8.52187E-3 4.48995E-3
9.27031E-2 9.47742E-2 8.35744E-2 6.59492E-2 8.78753E-2 1.58237E-1 1.8176E-1 2.86305E-1 1.07968E-1 1.22302E-1 9.95451E-2 2.33443E-2 1.62194E-2 1.09195E-2 7.60272E-3 8.4015E-3 9.63497E-3 1.03136E-2 7.614E-3 5.0819E-3 8.20704E-3 1.42453E-2 1.12296E-2 1.21737E-2 1.78806E-2 3.1216E-2 2.1848E-2 2.78123E-2 1.94205E-2 8.52647E-3 9.62762E-3 2.34027E-2 1.92966E-2 8.50243E-3 1.11617E-2 8.60718E-3 1.15573E-2 1.83289E-2 1.76483E-2 1.3709E-2 1.37717E-2 1.56057E-2 1.01978E-2 1.18435E-2 1.21958E-2 1.15744E-2 1.24353E-2 8.8624E-3 4.30851E-3 4.93948E-3 6.17677E-3 4.27343E-3 5.71986E-3 9.49742E-3 7.03791E-3 8.37346E-3 4.66942E-3 2.15806E-3 7.38643E-3 4.75853E-3 5.42232E-3
6.05875E-2 4.96922E-2 4.79617E-2 4.89475E-2 5.63769E-2 5.51947E-2 8.35598E-2 1.42053E-1 1.07705E-1 7.3628E-2 1.27449E-1 2.42781E-2 7.70191E-3 2.70569E-2 5.35505E-2 1.23201E-2 4.25249E-2 5.11602E-3 4.96195E-3 5.97175E-3 5.84435E-3 9.31847E-3 1.01401E-2 1.85024E-2 2.59376E-2 2.27701E-2 9.37562E-3 1.92192E-2 1.46161E-2 7.73848E-3 1.09788E-2 1.56669E-2 9.31374E-3 6.91416E-3 1.06424E-2 6.65232E-3 6.18796E-3 8.39771E-3 7.68575E-3 7.3562E-3 8.90549E-3 1.08396E-2 1.23361E-2 6.07854E-3 6.76266E-3 1.45913E-2 8.99446E-3 8.33927E-3 7.32881E-3 3.79496E-3 4.70712E-3 5.61897E-3 5.68556E-3 6.53145E-3 4.45654E-3 5.65827E-3 2.55374E-3 3.19842E-3 2.76219E-3 2.71027E-3 2.24531E-3
6.1451E-2 4.87065E-2 5.56722E-2 6.20225E-2 5.10454E-2 5.56598E-2 6.80127E-2 8.80614E-2 7.26871E-2 1.33456E-1 2.93745E-1 1.26971E-1 7.44956E-2 2.01976E-2 6.90861E-3 4.35145E-2 2.30809E-2 3.48652E-2 3.87198E-2 4.04844E-2 6.64895E-2 1.94281E-2 1.38964E-2 1.01986E-2 8.71875E-3 8.31507E-3 6.7245E-3 7.95524E-3 9.65462E-3 9.86947E-3 9.88231E-3 7.23415E-3 8.38854E-3 1.22148E-2 7.39184E-3 5.64336E-3 8.95071E-3 1.07991E-2 7.94963E-3 5.03076E-3 7.14959E-3 8.22406E-3 8.16926E-3 5.27208E-3 6.91337E-3 8.17681E-3 8.25972E-3 6.12071E-3 9.25195E-3 5.49944E-3 4.65784E-3 5.11333E-3 5.51864E-3 5.90408E-3 3.69412E-3 5.3961E-3 3.5788E-3 8.51439E-3 5.90322E-3 5.18489E-3 1.13294E-2
6.04135E-2 5.11773E-2 7.30485E-2 6.78938E-2 5.88657E-2 6.09503E-2 6.76457E-2 6.19107E-2 6.42589E-2 1.24788E-1 1.09184E-1 1.45422E-1 1.09203E-1 1.95829E-2 1.37245E-2 1.16084E-1 1.581E-1 1.17665E-1 1.90033E-2 1.54027E-2 6.53744E-2 1.08021E-1 4.82563E-3 6.6598E-3 9.81849E-3 1.25313E-2 1.55047E-2 1.25073E-2 1.02842E-2 1.23481E-2 1.12707E-2 8.52004E-3 9.58634E-3 7.37532E-3 1.07636E-2 5.23841E-3 6.81375E-3 7.17185E-3 4.97781E-3 8.59833E-3 1.68343E-2 1.79862E-2 6.50174E-3 8.67983E-3 5.95334E-3 7.17442E-3 8.20262E-3 7.6991E-3 5.20444E-3 1.20804E-2 6.29324E-3 6.28489E-3 7.4832E-3 5.46569E-3 3.30599E-3 4.46533E-3 4.13708E-3 9.63598E-3 1.30889E-2 7.86912E-3 8.69153E-3
5.83184E-2 5.17328E-2 6.14028E-2 5.89966E-2 5.42495E-2 5.82531E-2 6.57196E-2 6.19454E-2 5.51058E-2 6.32131E-2 7.81044E-2 7.40375E-2 9.82345E-2 9.35429E-2 1.04435E-1 1.50786E-1 2.10402E-1 1.06256E-1 1.64541E-1 4.78595E-3 4.96217E-2 3.35575E-2 4.4762E-2 4.60481E-2 5.08551E-2 5.89187E-2 7.03813E-3 4.80673E-3 9.42721E-3 1.37266E-2 9.24079E-3 8.48608E-3 8.04482E-3 1.41596E-2 1.25077E-2 4.29767E-3 4.58669E-3 8.53211E-3 8.29612E-3 1.60717E-2 9.57469E-3 1.08927E-2 6.00587E-3 1.06735E-2 5.29408E-3 8.59128E-3 4.6769E-3 5.97837E-3 8.39543E-3 6.94397E-3 6.15956E-3 6.07416E-3 5.07339E-3 3.40046E-3 5.09284E-3 6.50978E-3 9.97016E-3 9.06857E-3 5.44017E-3 5.1011E-3 3.90549E-3
3.33283E-2 4.57689E-2 5.67151E-2 5.53359E-2 5.31315E-2 5.51705E-2 7.76336E-2 6.22908E-2 5.06153E-2 5.58808E-2 5.90513E-2 6.99935E-2 5.75959E-2 6.77176E-2 6.95012E-2 8.4842E-2 1.21853E-1 8.42763E-2 1.5055E-1 1.86345E-1 1.47904E-1 1.44323E-1 5.50327E-2 5.29462E-2 3.60972E-2 4.87329E-2 1.13358E-2 2.68142E-2 5.86283E-3 5.79725E-3 7.24149E-3 9.17129E-3 6.79279E-3 7.51425E-3 8.78778E-3 9.77093E-3 4.11455E-3 6.74016E-3 1.03981E-2 1.11484E-2 8.77857E-3 1.31414E-2 6.29204E-3 6.31118E-3 5.03104E-3 6.76201E-3 5.77005E-3 5.67821E-3 1.02682E-2 7.7738E-3 5.56723E-3 4.05055E-3 4.20993E-3 7.60873E-3 1.02883E-2 7.39817E-3 5.43519E-3 3.64536E-3 3.26856E-3 2.28171E-3 1.98579E-3
3.21019E-2 4.22853E-2 4.3733E-2 4.85233E-2 4.79953E-2 4.80316E-2 6.06932E-2 6.11828E-2 4.81458E-2 5.38085E-2 6.46309E-2 6.31348E-2 5.90606E-2 5.92734E-2 6.12027E-2 5.65146E-2 7.08891E-2 5.57374E-2 7.77001E-2 8.82895E-2 1.12467E-1 1.73355E-1 7.67445E-3 1.19018E-2 4.29902E-2 2.18431E-2 5.52852E-2 2.8945E-2 2.43433E-2 3.04931E-2 9.79095E-3 1.05042E-2 5.88488E-3 6.46527E-3 8.85459E-3 5.77771E-3 7.05586E-3 1.67106E-2 1.61674E-2 1.00686E-2 1.47803E-2 1.29635E-2 7.14075E-3 6.45889E-3 6.19363E-3 4.67779E-3 9.74035E-3 1.47186E-2 6.08757E-3 6.48418E-3 5.41655E-3 6.35244E-3 7.13344E-3 8.47249E-3 4.66826E-3 9.20877E-3 7.15891E-3 6.15595E-3 4.08651E-3 3.37303E-3 3.60154E-3
2.82511E-2 3.0205E-2 2.94564E-2 3.97246E-2 4.73242E-2 3.97232E-2 4.82765E-2 4.98356E-2 5.61157E-2 4.77095E-2 5.73512E-2 6.6469E-2 6.03242E-2 6.13277E-2 6.34894E-2 6.31432E-2 6.38008E-2 6.03162E-2 6.08498E-2 7.13942E-2 7.42272E-2 8.20167E-2 1.11986E-1 6.06767E-3 8.78821E-3 3.65344E-2 2.6477E-2 1.64269E-2 1.59742E-2 6.53956E-3 9.35147E-3 1.02097E-2 7.12994E-3 1.22417E-2 1.4885E-2 1.1243E-2 6.27897E-3 1.04926E-2 9.85309E-3 1.1701E-2 8.21496E-3 6.50889E-3 6.81276E-3 4.74828E-3 4.48574E-3 1.4835E-2 9.6149E-3 5.28397E-3 3.60171E-3 2.94915E-3 4.48974E-3 7.7751E-3 1.12124E-2 6.59906E-3 3.60087E-3 2.30149E-3 2.62057E-3 2.55633E-3 2.85449E-3 2.94044E-3 2.65324E-3
2.75931E-2 2.44347E-2 2.91093E-2 2.80984E-2 3.91581E-2 4.00516E-2 4.08988E-2 3.98654E-2 4.98682E-2 4.95033E-2 4.53873E-2 6.1022E-2 5.38689E-2 5.98635E-2 6.53936E-2 5.95228E-2 7.46896E-2 6.04396E-2 7.03064E-2 6.73149E-2 6.69027E-2 6.85261E-2 6.20399E-2 9.84517E-2 1.70572E-1 5.84743E-3 3.37228E-2 6.31323E-2 1.10889E-2 1.75844E-2 7.6637E-3 1.34051E-2 1.03803E-2 1.05471E-2 7.23145E-3 7.38431E-3 8.89481E-3 7.01594E-3 8.86693E-3 5.53106E-3 5.27151E-3 5.6539E-3 4.8527E-3 4.00074E-3 5.69544E-3 7.04323E-3 4.3376E-3 5.41008E-3 3.36515E-3 5.4568E-3 8.05213E-3 7.08691E-3 4.10721E-3 3.93269E-3 3.49029E-3 3.27412E-3 3.28859E-3 2.38861E-3 2.88044E-3 2.57669E-3 2.85671E-3
2.9118E-2 2.16281E-2 2.35086E-2 2.34373E-2 2.43469E-2 3.34845E-2 3.79507E-2 3.51224E-2 5.00025E-2 4.72456E-2 4.09859E-2 4.12834E-2 5.45809E-2 5.24768E-2 5.5695E-2 6.05047E-2 7.18611E-2 6.10466E-2 6.28621E-2 6.63432E-2 6.4539E-2 5.9364E-2 6.0985E-2 6.80172E-2 9.04176E-2 1.34183E-1 5.88982E-2 9.12145E-3 1.31113E-2 8.73151E-3 2.32067E-2 8.22558E-3 4.34665E-3 5.30846E-3 4.58428E-3 2.55835E-3 2.51125E-3 4.12648E-3 6.24071E-3 3.52302E-3 9.1705E-3 4.51957E-3 5.26742E-3 5.50353E-3 4.39379E-3 5.333E-3 5.04603E-3 5.20587E-3 4.47361E-3 8.06567E-3 8.49419E-3 9.86672E-3 7.73023E-3 5.80659E-3 4.70577E-3 6.75957E-3 6.32436E-3 4.57567E-3 3.67834E-3 4.14274E-3 7.09929E-3
2.38883E-2 2.19866E-2 2.17848E-2 2.20935E-2 2.20505E-2 2.212E-2 3.11337E-2 3.30173E-2 3.73162E-2 4.7354E-2 4.02958E-2 3.88068E-2 4.00484E-2 4.53787E-2 5.05265E-2 5.09561E-2 6.62107E-2 6.15494E-2 5.42764E-2 6.67413E-2 5.67357E-2 5.8264E-2 6.64779E-2 7.04647E-2 7.50563E-2 4.97387E-2 4.01041E-2 7.7301E-2 1.21356E-1 5.18633E-3 7.64461E-3 1.78314E-2 4.1308E-3 4.94837E-3 2.83059E-3 2.01186E-3 2.7805E-3 2.94865E-3 2.48151E-3 3.69108E-3 1.14279E-2 5.93327E-3 6.25077E-3 4.62292E-3 7.16265E-3 1.27784E-2 1.187E-2 9.33952E-3 9.25666E-3 1.44528E-2 1.18354E-2 1.022E-2 1.03233E-2 9.30739E-3 5.5363E-3 7.74816E-3 7.99529E-3 9.2456E-3 8.53806E-3 6.92308E-3 5.85181E-3
1.9378E-2 2.39836E-2 2.62021E-2 1.71883E-2 1.91197E-2 2.09914E-2 2.10519E-2 2.67061E-2 2.89339E-2 3.00516E-2 4.16721E-2 4.05211E-2 4.28302E-2 4.2802E-2 4.62696E-2 4.90918E-2 5.93201E-2 6.17722E-2 5.4781E-2 6.03324E-2 5.16753E-2 5.89953E-2 5.91943E-2 6.6684E-2 5.90646E-2 5.05431E-2 5.75354E-2 5.49681E-2 5.9608E-2 7.14733E-2 7.04492E-3 7.55635E-3 4.77143E-3 6.93302E-3 5.8771E-3 4.46334E-3 2.60041E-3 3.92451E-3 5.51055E-3 9.6766E-3 9.17904E-3 4.15566E-3 3.69738E-3 3.30422E-3 7.30195E-3 1.06857E-2 9.59482E-3 1.43357E-2 9.35122E-3 1.06697E-2 1.36414E-2 1.23946E-2 1.31289E-2 1.45973E-2 8.85656E-3 1.68013E-2 8.02609E-3 4.64064E-3 7.54432E-3 4.95437E-3 7.23435E-3
1.81371E-2 1.98805E-2 2.26685E-2 1.55811E-2 1.48916E-2 1.79514E-2 1.89976E-2 2.1024E-2 2.52038E-2 2.88704E-2 4.57178E-2 3.75712E-2 3.65116E-2 3.9887E-2 4.10797E-2 4.57181E-2 4.80622E-2 4.98193E-2 5.34773E-2 4.99199E-2 4.9145E-2 5.07133E-2 5.86874E-2 6.17802E-2 5.93603E-2 5.21906E-2 6.87316E-2 4.92297E-2 6.10658E-2 9.08243E-2 1.25179E-1 2.82538E-3 4.13996E-3 4.40857E-3 5.30231E-3 4.46114E-3 3.63845E-3 4.73254E-3 5.51573E-3 4.4674E-3 4.00819E-3 5.17073E-3 4.66223E-3 4.79554E-3 4.44212E-3 6.65732E-3 8.81112E-3 1.67559E-2 2.25462E-2 1.02989E-2 1.33573E-2 1.36567E-2 1.34599E-2 9.11095E-3 7.97337E-3 6.35031E-3 2.56791E-3 5.94096E-3 8.49137E-3 9.74104E-3 9.36156E-3
1.69552E-2 1.60863E-2 2.01651E-2 1.7746E-2 1.49127E-2 1.48873E-2 1.79239E-2 1.89019E-2 1.97784E-2 2.69385E-2 2.45091E-2 2.85544E-2 3.50335E-2 3.37614E-2 3.57766E-2 4.67703E-2 4.68885E-2 4.08293E-2 4.46855E-2 4.27002E-2 4.62232E-2 4.93479E-2 5.52824E-2 5.83949E-2 4.92239E-2 5.04188E-2 5.42E-2 4.16419E-2 7.43846E-2 1.09415E-1 4.73541E-2 6.93818E-2 8.03097E-2 2.41629E-3 5.0659E-3 7.09039E-3 4.52929E-3 3.64532E-3 4.91108E-3 3.02305E-3 3.76349E-3 4.08453E-3 3.33589E-3 3.71257E-3 6.91839E-3 1.5854E-2 1.7983E-2 1.61908E-2 7.54136E-3 5.96266E-3 6.13195E-3 7.27529E-3 1.64937E-2 1.19988E-2 6.68488E-3 4.94215E-3 3.29053E-3 7.24683E-3 5.74752E-3 6.12154E-3 1.2162E-2
1.59615E-2 1.54389E-2 1.34845E-2 1.46037E-2 1.49104E-2 1.51952E-2 1.38468E-2 1.67641E-2 1.86524E-2 2.39299E-2 2.61154E-2 2.62056E-2 3.16235E-2 3.60465E-2 3.60947E-2 3.94312E-2 4.60193E-2 4.87577E-2 3.84146E-2 4.05454E-2 4.42728E-2 4.56286E-2 4.76883E-2 4.77626E-2 4.40934E-2 4.61933E-2 4.95339E-2 4.2385E-2 5.68667E-2 7.21068E-2 4.15725E-2 3.49069E-2 2.37289E-2 3.62643E-2 3.41182E-3 3.59512E-3 4.453E-3 5.99059E-3 5.83872E-3 4.12579E-3 5.35474E-3 5.41441E-3 8.61389E-3 8.69685E-3 8.24504E-3 1.42835E-2 1.43665E-2 9.80041E-3 3.5607E-3 4.73258E-3 4.33571E-3 1.25368E-2 1.89202E-2 1.05715E-2 5.93654E-3 4.40513E-3 4.35219E-3 6.26926E-3 6.88481E-3 8.84694E-3 7.54564E-3
1.42917E-2 1.39628E-2 1.27875E-2 1.37145E-2 1.42508E-2 1.40403E-2 1.39747E-2 1.49878E-2 1.57306E-2 1.77424E-2 2.27108E-2 2.3638E-2 2.79027E-2 2.5778E-2 3.51214E-2 3.3964E-2 3.79763E-2 4.20169E-2 3.44129E-2 3.48712E-2 3.94699E-2 4.10079E-2 4.0186E-2 4.40904E-2 3.78829E-2 3.91116E-2 5.46228E-2 4.44129E-2 5.14054E-2 6.63405E-2 8.41884E-2 8.41483E-2 9.05095E-2 3.68782E-2 2.58016E-2 5.15312E-2 3.71378E-3 5.93192E-3 9.38074E-3 8.34478E-3 8.30716E-3 1.01963E-2 9.47433E-3 1.18753E-2 1.02397E-2 1.36928E-2 6.62611E-3 3.63576E-3 3.53864E-3 6.71857E-3 1.02985E-2 1.59681E-2 1.21207E-2 1.20283E-2 9.42418E-3 4.54869E-3 4.58018E-3 5.01432E-3 3.71845E-3 3.76953E-3 3.81026E-3
1.28234E-2 1.29764E-2 1.26109E-2 1.20712E-2 1.37057E-2 1.27098E-2 1.37623E-2 1.2247E-2 1.36059E-2 1.56385E-2 1.64173E-2 1.78595E-2 2.37984E-2 2.52526E-2 2.87348E-2 3.03668E-2 2.72529E-2 2.97301E-2 3.12572E-2 3.23713E-2 3.63976E-2 3.84481E-2 3.86081E-2 4.01941E-2 3.83239E-2 4.28186E-2 5.1605E-2 3.64916E-2 4.24094E-2 3.47831E-2 3.27096E-2 3.86929E-2 8.49345E-2 8.57353E-2 7.60458E-2 6.09527E-2 4.03843E-2 3.3291E-2 4.09224E-3 4.55315E-3 4.26845E-3 5.83689E-3 6.92456E-3 5.40869E-3 6.03811E-3 5.38122E-3 5.06611E-3 3.69128E-3 5.75508E-3 5.1344E-3 7.80526E-3 9.09285E-3 8.81491E-3 3.66872E-3 3.29853E-3 4.30841E-3 7.03392E-3 4.78996E-3 4.94686E-3 5.07693E-3 6.43151E-3
1.35832E-2 1.3227E-2 1.31197E-2 1.22711E-2 1.41567E-2 1.21378E-2 1.262E-2 1.13745E-2 1.27455E-2 1.4054E-2 1.51452E-2 1.56065E-2 2.15252E-2 2.37956E-2 2.33639E-2 2.50882E-2 2.61792E-2 2.81519E-2 2.86446E-2 3.25265E-2 3.29191E-2 3.37163E-2 3.28941E-2 3.40025E-2 3.52417E-2 4.28343E-2 4.03135E-2 3.20218E-2 3.46193E-2 3.02051E-2 3.73145E-2 4.30426E-2 4.49939E-2 4.38543E-2 4.04109E-2 3.14073E-2 4.47724E-2 4.62329E-3 5.72429E-3 2.36488E-2 3.46643E-3 3.9591E-3 3.37599E-3 4.36402E-3 4.76444E-3 3.87624E-3 3.92486E-3 3.30807E-3 5.05466E-3 3.80653E-3 8.55076E-3 1.00715E-2 6.95479E-3 4.67298E-3 3.51188E-3 3.60872E-3 3.86366E-3 3.50526E-3 6.76411E-3 1.09246E-2 6.55191E-3
1.35414E-2 1.27371E-2 1.16085E-2 1.09915E-2 1.09693E-2 1.41013E-2 1.08653E-2 1.23986E-2 1.17448E-2 1.29859E-2 1.35598E-2 1.4315E-2 1.5171E-2 2.20766E-2 2.38364E-2 2.43928E-2 2.59236E-2 2.4594E-2 2.83365E-2 2.8767E-2 3.07287E-2 3.04647E-2 3.11972E-2 3.04532E-2 4.20002E-2 4.46227E-2 3.42467E-2 3.20407E-2 2.88781E-2 3.36155E-2 3.77404E-2 3.41894E-2 3.4578E-2 3.01039E-2 2.60287E-2 2.43625E-2 2.63141E-2 3.59347E-2 3.98542E-2 5.51909E-3 7.025E-3 4.40178E-3 4.44376E-3 3.95988E-3 8.35498E-3 6.05838E-3 7.71039E-3 6.47053E-3 9.64728E-3 1.19363E-2 1.39551E-2 1.07396E-2 1.30531E-2 9.5422E-3 5.37072E-3 5.8112E-3 1.10658E-2 7.13606E-3 5.22995E-3 7.71069E-3 4.86971E-3
1.22363E-2 1.21276E-2 1.17551E-2 1.10186E-2 1.34357E-2 1.37505E-2 8.98947E-3 9.98179E-3 1.17604E-2 1.17154E-2 1.34159E-2 1.46229E-2 1.48305E-2 1.58015E-2 1.70217E-2 2.25735E-2 2.23042E-2 2.44089E-2 2.47908E-2 2.55078E-2 2.75243E-2 2.70352E-2 3.04677E-2 2.86864E-2 2.75104E-2 4.20861E-2 3.53315E-2 2.81886E-2 2.74064E-2 3.19592E-2 3.53675E-2 3.06472E-2 3.03941E-2 2.76205E-2 2.81033E-2 2.9551E-2 3.03314E-2 2.81236E-2 3.43785E-2 5.47099E-2 5.95215E-3 4.22872E-3 5.95156E-3 7.17817E-3 8.91207E-3 5.9697E-3 4.02767E-3 5.11619E-3 5.66839E-3 5.85605E-3 4.58404E-3 4.70061E-3 8.5272E-3 4.18187E-3 3.91151E-3 9.76485E-3 7.62261E-3 5.05608E-3 5.42528E-3 5.34153E-3 4.45779E-3
1.12711E-2 1.11134E-2 1.05866E-2 1.14325E-2 1.26525E-2 1.20276E-2 9.2293E-3 9.42118E-3 1.25096E-2 1.11833E-2 1.19855E-2 1.37858E-2 1.37016E-2 1.47172E-2 1.85144E-2 1.95535E-2 2.10694E-2 2.1436E-2 2.31994E-2 2.37994E-2 2.43538E-2 2.45415E-2 2.77249E-2 2.82762E-2 2.75422E-2 3.0179E-2 3.51949E-2 2.86031E-2 2.54429E-2 2.93409E-2 3.09707E-2 3.00962E-2 2.96165E-2 3.12809E-2 3.13817E-2 3.08377E-2 2.85641E-2 3.40914E-2 2.81616E-2 3.0137E-2 4.33354E-2 4.86243E-3 2.37725E-2 7.5813E-3 7.34369E-3 5.7968E-3 4.0842E-3 4.15243E-3 4.48554E-3 3.56361E-3 2.95493E-3 3.04817E-3 4.09967E-3 4.27858E-3 8.09808E-3 1.26599E-2 7.17313E-3 6.11547E-3 6.66681E-3 5.40404E-3 4.81194E-3
