Artocarpus hirsutus SDM files/MIS19/results (with bias file)/Arthir_stddev.asc
ncols         625
nrows         721
xllcorner     69.99986311115
yllcorner     5.99986187915
cellsize      0.041666667
NODATA_value  -9999
[rows 405 to 431 of 721, columns 244 to 304 of 625]
9.52925E-4 1.46004E-3 2.69127E-3 1.72075E-3 1.05389E-3 1.15578E-3 1.35998E-3 1.87922E-3 1.59675E-3 1.48609E-3 1.88942E-3 2.30738E-3 1.64873E-3 1.67197E-3 1.24691E-3 1.31313E-3 1.82508E-3 3.13453E-3 1.63925E-3 1.94786E-3 1.59681E-3 2.31991E-3 1.69277E-3 2.65098E-3 2.67871E-3 2.64173E-3 1.81877E-3 2.40442E-3 1.86298E-3 2.20319E-3 3.60787E-3 3.11203E-3 4.07847E-3 3.83419E-3 2.95577E-3 2.42002E-3 2.51849E-3 2.07549E-3 2.22121E-3 2.20972E-3 2.2622E-3 2.35824E-3 2.9267E-3 2.69845E-3 3.25712E-3 3.35565E-3 2.85756E-3 3.06985E-3 2.85959E-3 3.09531E-3 2.98718E-3 3.20187E-3 3.28555E-3 3.00532E-3 3.0419E-3 2.46807E-3 2.37848E-3 2.86032E-3 2.58097E-3 2.16998E-3 2.45891E-3
8.99808E-4 1.06356E-3 2.57766E-3 1.80671E-3 1.63855E-3 1.34793E-3 1.21721E-3 1.4828E-3 1.68677E-3 1.62224E-3 1.82044E-3 2.70201E-3 1.7487E-3 1.47066E-3 1.56329E-3 1.46069E-3 1.25183E-3 1.87126E-3 1.75275E-3 1.61028E-3 1.36336E-3 1.59299E-3 1.79438E-3 2.00333E-3 2.42423E-3 2.60927E-3 1.74592E-3 1.91601E-3 2.0911E-3 2.25529E-3 3.22156E-3 2.46839E-3 3.29243E-3 4.60208E-3 3.47575E-3 2.32472E-3 2.12676E-3 2.27701E-3 2.52021E-3 2.69269E-3 2.51174E-3 2.51819E-3 2.45811E-3 2.77617E-3 2.71757E-3 2.83026E-3 3.01358E-3 3.46855E-3 2.90112E-3 2.84531E-3 2.99477E-3 3.40678E-3 3.87842E-3 3.57925E-3 3.53723E-3 2.42257E-3 2.41591E-3 2.43888E-3 2.53442E-3 2.11957E-3 2.29228E-3
1.30277E-3 9.49161E-4 1.46028E-3 2.11314E-3 2.72749E-3 1.91111E-3 1.24938E-3 1.17769E-3 1.34019E-3 1.48821E-3 2.2107E-3 2.22877E-3 1.61501E-3 1.75393E-3 1.89388E-3 1.57081E-3 1.3212E-3 1.75416E-3 1.7638E-3 3.01542E-3 1.98004E-3 1.4564E-3 1.73996E-3 2.16956E-3 3.01626E-3 2.40354E-3 2.01325E-3 1.97324E-3 2.15727E-3 2.04917E-3 2.78551E-3 4.04936E-3 2.60213E-3 2.71518E-3 3.93318E-3 2.88195E-3 2.10248E-3 3.46757E-3 2.90489E-3 2.78491E-3 2.84597E-3 3.10419E-3 2.56207E-3 3.54793E-3 2.97507E-3 2.91728E-3 3.3134E-3 3.1469E-3 3.59545E-3 2.98159E-3 2.84569E-3 2.97176E-3 3.67058E-3 3.16126E-3 3.65456E-3 3.08879E-3 2.61244E-3 2.17275E-3 2.54686E-3 2.02054E-3 3.10464E-3
2.30963E-3 1.38078E-3 1.10163E-3 2.02027E-3 3.77755E-3 2.27219E-3 1.82634E-3 1.3114E-3 1.43797E-3 1.38553E-3 1.719E-3 2.31972E-3 1.79639E-3 1.95155E-3 1.82407E-3 1.603E-3 1.35707E-3 1.50567E-3 1.77975E-3 1.94526E-3 2.10601E-3 1.48291E-3 1.5003E-3 1.64289E-3 1.93E-3 1.86058E-3 2.34994E-3 2.77984E-3 2.23282E-3 2.53307E-3 2.30228E-3 2.82381E-3 3.99469E-3 2.71696E-3 2.62621E-3 3.60008E-3 4.68041E-3 3.53271E-3 2.63044E-3 2.40108E-3 2.56958E-3 2.44133E-3 2.84768E-3 3.97353E-3 3.03807E-3 2.74788E-3 3.69714E-3 3.146E-3 3.1939E-3 4.16237E-3 3.26754E-3 2.98495E-3 2.91686E-3 3.1723E-3 3.3493E-3 2.87764E-3 4.00858E-3 2.77325E-3 2.94383E-3 1.91321E-3 3.02161E-3
1.42474E-3 1.44059E-3 1.1204E-3 1.79855E-3 3.05586E-3 2.15634E-3 1.92065E-3 1.71003E-3 1.29254E-3 1.62915E-3 1.47277E-3 2.19827E-3 1.66598E-3 2.63322E-3 2.54012E-3 1.46219E-3 1.35883E-3 1.46075E-3 1.57769E-3 2.25901E-3 2.46492E-3 1.39673E-3 1.52135E-3 1.41671E-3 1.66269E-3 2.40548E-3 1.57702E-3 2.32266E-3 2.22005E-3 2.13397E-3 2.0801E-3 2.46967E-3 3.38614E-3 4.18077E-3 2.90404E-3 2.78675E-3 4.30621E-3 2.8462E-3 2.3127E-3 1.97935E-3 2.58896E-3 2.63292E-3 2.84678E-3 3.42699E-3 3.23557E-3 2.81545E-3 4.20173E-3 3.53902E-3 3.10888E-3 3.86907E-3 3.19085E-3 4.44925E-3 2.78648E-3 2.56456E-3 3.02461E-3 2.58972E-3 2.61458E-3 2.76403E-3 2.69997E-3 1.97422E-3 3.52737E-3
1.44429E-3 1.29758E-3 1.12818E-3 1.53313E-3 2.05502E-3 2.61875E-3 2.9052E-3 2.39611E-3 1.65202E-3 1.38246E-3 1.54314E-3 1.73588E-3 1.82085E-3 2.02741E-3 1.98147E-3 1.46862E-3 1.37296E-3 1.57699E-3 1.9436E-3 1.80732E-3 2.5153E-3 2.05983E-3 1.93213E-3 1.33084E-3 1.57922E-3 2.39184E-3 1.59269E-3 1.63928E-3 1.96139E-3 2.64547E-3 2.79745E-3 2.88433E-3 3.25156E-3 3.61644E-3 3.92544E-3 2.59579E-3 3.86137E-3 4.70979E-3 2.91576E-3 2.50432E-3 2.2771E-3 2.74569E-3 3.37237E-3 3.44143E-3 3.49078E-3 3.65875E-3 3.36928E-3 3.39697E-3 2.86209E-3 3.41009E-3 3.29958E-3 4.46689E-3 3.31881E-3 2.77096E-3 2.53754E-3 2.5963E-3 2.45386E-3 2.50323E-3 4.0792E-3 2.83247E-3 2.45017E-3
1.27804E-3 1.76811E-3 1.45108E-3 1.22539E-3 1.37262E-3 1.98167E-3 3.26398E-3 3.1469E-3 2.85029E-3 1.90051E-3 1.74853E-3 1.75524E-3 1.4451E-3 2.11532E-3 1.89184E-3 1.50388E-3 1.33393E-3 1.44957E-3 1.92768E-3 2.25813E-3 2.83838E-3 3.17166E-3 2.02245E-3 1.38375E-3 1.34802E-3 2.84803E-3 1.69791E-3 1.59203E-3 1.54856E-3 1.76905E-3 1.90418E-3 2.53991E-3 2.39925E-3 2.42789E-3 3.19833E-3 3.42449E-3 3.04261E-3 4.29237E-3 3.89782E-3 2.95212E-3 2.80432E-3 2.09981E-3 2.64687E-3 2.86739E-3 3.5634E-3 3.6113E-3 3.93146E-3 2.88987E-3 2.82638E-3 3.23353E-3 3.98639E-3 3.57939E-3 2.93993E-3 3.3162E-3 2.70486E-3 2.41135E-3 2.65636E-3 2.36343E-3 3.54001E-3 4.16089E-3 2.1427E-3
1.2473E-3 1.49847E-3 1.73793E-3 1.92905E-3 1.20568E-3 1.43556E-3 1.50228E-3 1.49899E-3 2.11229E-3 3.16125E-3 2.6511E-3 1.89723E-3 1.20264E-3 2.02652E-3 1.95238E-3 1.76429E-3 1.54221E-3 1.34189E-3 1.3479E-3 1.51772E-3 1.57606E-3 2.8926E-3 2.63926E-3 1.66829E-3 1.51761E-3 2.85835E-3 1.72183E-3 1.78477E-3 1.66855E-3 2.11092E-3 1.52593E-3 2.44201E-3 3.21676E-3 1.75135E-3 2.22855E-3 2.0223E-3 3.3438E-3 3.54413E-3 4.20772E-3 4.03961E-3 4.601E-3 4.13087E-3 3.24079E-3 2.29375E-3 3.07011E-3 2.68689E-3 4.01287E-3 3.02844E-3 2.81962E-3 4.20115E-3 4.67257E-3 3.12122E-3 3.22299E-3 3.18471E-3 2.45498E-3 2.17237E-3 2.53857E-3 2.32504E-3 2.94391E-3 4.71579E-3 2.47182E-3
1.58516E-3 1.17483E-3 1.67974E-3 1.71782E-3 1.32455E-3 1.30409E-3 1.22309E-3 1.25661E-3 1.31703E-3 1.86334E-3 2.0784E-3 2.26857E-3 1.27135E-3 1.53282E-3 2.42767E-3 1.76856E-3 1.81286E-3 1.36078E-3 1.39031E-3 1.39031E-3 1.30542E-3 1.81314E-3 2.92739E-3 1.66502E-3 1.55625E-3 3.41747E-3 1.70902E-3 1.66905E-3 1.89582E-3 3.13555E-3 2.27978E-3 1.74266E-3 3.51061E-3 2.55363E-3 2.23229E-3 2.19898E-3 3.37026E-3 2.32613E-3 2.00792E-3 2.58003E-3 3.03347E-3 3.80167E-3 4.42436E-3 3.85816E-3 3.04058E-3 2.35554E-3 2.75106E-3 2.57453E-3 3.06398E-3 3.98705E-3 3.76716E-3 3.08371E-3 3.41285E-3 2.89691E-3 3.35091E-3 2.36184E-3 2.56423E-3 2.93215E-3 3.99897E-3 3.97983E-3 3.41012E-3
1.62907E-3 1.28719E-3 1.18901E-3 1.407E-3 2.37471E-3 2.00705E-3 1.5301E-3 1.09707E-3 1.10339E-3 1.2561E-3 1.58934E-3 2.41441E-3 1.48762E-3 1.36448E-3 1.93194E-3 2.0093E-3 1.63314E-3 1.3232E-3 1.26889E-3 1.51216E-3 1.25653E-3 1.30562E-3 1.53008E-3 2.22825E-3 1.58344E-3 3.24787E-3 1.66205E-3 1.62166E-3 1.89342E-3 1.61116E-3 2.76501E-3 2.41527E-3 3.58935E-3 3.88372E-3 3.13508E-3 2.58891E-3 3.28467E-3 4.36573E-3 3.15243E-3 2.20256E-3 3.4303E-3 5.03586E-3 3.90724E-3 5.49026E-3 3.40878E-3 3.2249E-3 2.68688E-3 2.85535E-3 4.50793E-3 4.44007E-3 4.03242E-3 3.81417E-3 3.75522E-3 3.101E-3 2.69647E-3 2.75328E-3 2.65697E-3 3.99573E-3 3.55619E-3 2.98762E-3 3.07641E-3
1.12427E-3 1.21293E-3 1.26853E-3 1.2084E-3 1.78777E-3 1.97776E-3 2.13772E-3 1.48989E-3 1.37702E-3 1.1137E-3 1.11507E-3 1.62316E-3 1.62147E-3 1.19179E-3 1.3851E-3 2.31668E-3 1.77759E-3 1.69166E-3 1.364E-3 1.36143E-3 1.93649E-3 1.33977E-3 1.41639E-3 1.34987E-3 1.94385E-3 2.85268E-3 1.49273E-3 1.56263E-3 1.91549E-3 1.61508E-3 1.90115E-3 2.9262E-3 2.95573E-3 3.65535E-3 3.62729E-3 3.48186E-3 3.32483E-3 4.04105E-3 2.7873E-3 2.21089E-3 2.42101E-3 2.59848E-3 4.15575E-3 6.58963E-3 4.98103E-3 3.64169E-3 2.56875E-3 2.95925E-3 4.95013E-3 4.71397E-3 3.17387E-3 3.44014E-3 4.51096E-3 3.40985E-3 3.51969E-3 2.32442E-3 3.54871E-3 3.83131E-3 3.42617E-3 3.02795E-3 2.47433E-3
1.08072E-3 1.13975E-3 1.31289E-3 1.03358E-3 1.7908E-3 1.59168E-3 2.12875E-3 1.93416E-3 1.41923E-3 1.20761E-3 9.89883E-4 1.19918E-3 1.51045E-3 1.07675E-3 1.3271E-3 2.35924E-3 2.05422E-3 1.48325E-3 1.84219E-3 1.66731E-3 2.10543E-3 2.30138E-3 2.48438E-3 1.48232E-3 2.58009E-3 2.60376E-3 1.44039E-3 1.62533E-3 2.12793E-3 1.90296E-3 1.82673E-3 2.33683E-3 2.63611E-3 1.95446E-3 2.04994E-3 2.52663E-3 3.5681E-3 3.61403E-3 3.24535E-3 2.30996E-3 2.0998E-3 2.34884E-3 3.92206E-3 5.67979E-3 5.75881E-3 4.0255E-3 3.23643E-3 3.32025E-3 5.93378E-3 4.3621E-3 3.8546E-3 4.01832E-3 4.22114E-3 3.90961E-3 3.17257E-3 2.43586E-3 3.51725E-3 3.64585E-3 2.38047E-3 3.52148E-3 3.48632E-3
1.14792E-3 1.1906E-3 1.55255E-3 1.21956E-3 1.31517E-3 1.58897E-3 1.88362E-3 2.06987E-3 2.00053E-3 1.84271E-3 1.25589E-3 9.27225E-4 1.48743E-3 1.14147E-3 1.22431E-3 1.73751E-3 2.3985E-3 1.52429E-3 1.44443E-3 2.02974E-3 2.11383E-3 2.13956E-3 1.87648E-3 2.08266E-3 2.57398E-3 3.17838E-3 1.4508E-3 1.79311E-3 1.74433E-3 1.79295E-3 1.72359E-3 1.90127E-3 2.60431E-3 2.09833E-3 2.48437E-3 1.95094E-3 2.18564E-3 3.08457E-3 3.56994E-3 3.26324E-3 2.88788E-3 2.42285E-3 3.43348E-3 4.48069E-3 3.11834E-3 3.14978E-3 2.8698E-3 3.13532E-3 3.69358E-3 3.36507E-3 4.80117E-3 3.9983E-3 3.49083E-3 3.59724E-3 2.8931E-3 3.82686E-3 4.19062E-3 2.87023E-3 2.54087E-3 2.77339E-3 3.7656E-3
1.03834E-3 1.24098E-3 1.14498E-3 1.13335E-3 1.00179E-3 1.22724E-3 1.53586E-3 1.78031E-3 1.56372E-3 1.24621E-3 1.64653E-3 1.10068E-3 9.1207E-4 1.32167E-3 1.17517E-3 1.44266E-3 1.53341E-3 1.46917E-3 1.15863E-3 1.43034E-3 1.88093E-3 1.99171E-3 1.74991E-3 1.79766E-3 2.95916E-3 3.48982E-3 1.92462E-3 2.04496E-3 2.02945E-3 1.93761E-3 2.40165E-3 2.4331E-3 2.1739E-3 2.17778E-3 2.70777E-3 2.21385E-3 2.20436E-3 3.02794E-3 3.11668E-3 3.02903E-3 2.62321E-3 2.99898E-3 2.60855E-3 2.83399E-3 2.72983E-3 2.81584E-3 3.55606E-3 2.98833E-3 2.91207E-3 3.14465E-3 3.6356E-3 4.3024E-3 3.48303E-3 3.34402E-3 3.88569E-3 4.01504E-3 3.21938E-3 2.43434E-3 2.79419E-3 2.75604E-3 4.52495E-3
9.44371E-4 1.20608E-3 1.06751E-3 1.51352E-3 1.14144E-3 9.38254E-4 1.19205E-3 1.22025E-3 1.42774E-3 1.49022E-3 1.85329E-3 1.20775E-3 1.03037E-3 1.26765E-3 1.28333E-3 1.09621E-3 1.27052E-3 1.20599E-3 1.24332E-3 1.56062E-3 2.27717E-3 1.65048E-3 2.20579E-3 2.00388E-3 2.03698E-3 2.77908E-3 2.11075E-3 2.4672E-3 1.891E-3 1.60447E-3 1.82004E-3 1.74309E-3 2.23479E-3 2.27774E-3 3.07331E-3 2.8253E-3 2.68947E-3 2.30532E-3 2.86925E-3 2.60268E-3 2.41579E-3 3.78253E-3 3.30556E-3 3.76414E-3 3.46101E-3 2.72985E-3 2.98023E-3 3.4621E-3 3.5092E-3 3.23817E-3 3.25612E-3 4.21637E-3 3.59489E-3 3.85791E-3 3.82464E-3 2.6864E-3 2.59152E-3 3.21746E-3 2.80537E-3 2.42389E-3 3.4926E-3
1.05254E-3 1.08691E-3 9.57423E-4 1.04225E-3 9.30589E-4 9.17156E-4 1.02094E-3 1.46116E-3 1.16641E-3 1.24786E-3 1.53353E-3 1.55796E-3 1.04451E-3 1.0247E-3 1.14348E-3 1.35295E-3 1.15805E-3 1.19241E-3 1.28423E-3 1.23033E-3 1.62987E-3 1.69462E-3 1.5288E-3 1.67133E-3 1.95701E-3 2.75048E-3 2.87291E-3 2.2209E-3 1.8769E-3 2.00695E-3 2.19961E-3 1.98888E-3 1.82174E-3 2.84741E-3 2.56707E-3 3.31861E-3 2.76258E-3 2.4332E-3 2.58288E-3 2.48109E-3 3.00724E-3 3.06167E-3 3.02069E-3 3.49828E-3 4.44555E-3 3.59307E-3 2.95405E-3 2.82014E-3 3.03611E-3 3.09223E-3 3.39332E-3 3.0007E-3 2.94646E-3 4.51016E-3 3.09044E-3 3.09091E-3 2.66763E-3 3.49501E-3 3.31647E-3 2.53602E-3 2.85185E-3
1.06727E-3 1.08691E-3 1.05869E-3 1.02242E-3 9.21982E-4 8.79171E-4 9.36552E-4 9.46208E-4 1.12763E-3 1.01765E-3 1.15436E-3 1.53375E-3 1.53715E-3 1.0764E-3 1.08414E-3 1.19102E-3 1.22103E-3 1.13652E-3 1.28056E-3 1.29232E-3 1.51131E-3 1.36295E-3 1.49741E-3 1.59857E-3 1.57229E-3 1.71971E-3 2.17492E-3 3.1787E-3 2.69547E-3 2.36979E-3 1.98886E-3 1.87184E-3 2.14554E-3 2.20924E-3 2.6615E-3 3.25086E-3 2.62175E-3 3.01932E-3 2.39859E-3 2.65982E-3 3.26579E-3 2.98951E-3 3.61983E-3 2.69013E-3 3.58508E-3 3.52762E-3 3.3878E-3 2.95769E-3 2.99311E-3 2.99307E-3 3.81871E-3 3.93625E-3 4.35051E-3 2.83786E-3 2.9852E-3 3.51314E-3 2.52953E-3 3.25861E-3 2.94895E-3 3.01795E-3 2.59377E-3
1.05856E-3 1.00025E-3 1.01427E-3 1.03369E-3 1.02968E-3 1.04567E-3 1.066E-3 8.619E-4 1.02441E-3 1.26766E-3 1.0221E-3 1.00394E-3 1.59964E-3 1.33366E-3 1.00291E-3 1.17024E-3 1.22865E-3 1.23711E-3 1.14678E-3 1.36471E-3 1.60216E-3 1.41569E-3 1.55596E-3 1.52389E-3 1.4265E-3 1.63976E-3 1.93803E-3 2.8995E-3 2.40614E-3 2.83021E-3 2.4977E-3 2.03671E-3 2.10945E-3 2.48887E-3 2.62609E-3 3.1849E-3 2.38046E-3 2.60553E-3 2.93054E-3 2.72687E-3 4.97649E-3 3.31983E-3 3.27322E-3 3.66198E-3 4.10366E-3 3.6761E-3 2.92244E-3 2.86979E-3 2.70823E-3 3.36049E-3 4.89195E-3 3.84405E-3 2.60678E-3 2.41116E-3 4.30588E-3 3.02419E-3 3.03238E-3 2.46422E-3 2.42382E-3 3.81509E-3 2.65194E-3
9.7601E-4 1.02998E-3 9.66275E-4 9.30677E-4 9.31647E-4 9.81204E-4 9.90688E-4 8.64121E-4 8.20047E-4 1.13768E-3 1.21014E-3 1.08841E-3 1.03332E-3 1.64579E-3 1.01591E-3 1.15809E-3 1.13529E-3 1.25559E-3 1.1315E-3 1.39812E-3 1.49301E-3 1.31735E-3 1.47796E-3 1.54568E-3 1.62666E-3 1.79684E-3 1.7863E-3 2.20422E-3 3.26782E-3 2.24623E-3 1.90754E-3 2.15786E-3 2.41414E-3 2.5565E-3 2.67278E-3 2.89894E-3 2.54069E-3 2.63234E-3 2.90618E-3 2.30898E-3 5.00359E-3 4.65872E-3 2.70771E-3 3.12739E-3 4.34004E-3 3.38178E-3 3.69451E-3 2.8314E-3 2.63576E-3 2.99824E-3 4.89557E-3 3.05759E-3 2.33739E-3 3.13266E-3 2.82274E-3 3.55351E-3 3.07494E-3 2.16637E-3 2.30555E-3 2.15909E-3 2.55501E-3
6.8067E-4 8.69963E-4 8.28777E-4 7.98924E-4 9.84093E-4 9.61392E-4 8.33226E-4 8.7704E-4 1.03206E-3 9.82388E-4 1.01934E-3 9.89583E-4 9.7949E-4 1.54314E-3 1.26381E-3 9.71572E-4 1.07208E-3 1.16348E-3 1.25558E-3 1.75377E-3 1.2797E-3 1.28013E-3 1.50116E-3 1.39291E-3 1.55916E-3 1.68179E-3 1.57565E-3 1.87596E-3 3.2286E-3 2.23634E-3 1.94286E-3 1.88266E-3 2.21212E-3 2.32672E-3 2.43958E-3 2.95944E-3 2.82199E-3 3.07536E-3 2.83963E-3 2.73512E-3 2.40245E-3 3.39231E-3 3.22356E-3 4.4593E-3 4.36047E-3 5.22429E-3 4.01359E-3 3.05269E-3 3.05664E-3 4.44489E-3 3.05487E-3 2.12556E-3 3.69927E-3 3.11043E-3 3.50577E-3 2.83818E-3 2.83027E-3 2.75117E-3 2.08339E-3 2.12097E-3 2.24428E-3
8.05016E-4 7.02893E-4 8.18794E-4 9.20165E-4 9.34986E-4 9.79036E-4 8.68992E-4 7.97217E-4 8.48754E-4 8.06416E-4 9.65603E-4 1.35352E-3 1.29273E-3 1.4669E-3 1.24539E-3 9.32677E-4 1.18389E-3 1.06001E-3 1.08651E-3 1.41432E-3 1.60202E-3 1.29463E-3 1.36184E-3 1.50885E-3 1.42183E-3 1.72216E-3 2.15395E-3 2.72292E-3 3.23238E-3 2.23346E-3 2.20815E-3 2.19825E-3 2.26661E-3 2.17597E-3 2.27368E-3 2.63973E-3 2.80856E-3 3.51564E-3 3.55328E-3 2.64684E-3 2.54949E-3 2.89814E-3 3.30342E-3 4.60775E-3 3.25979E-3 4.85971E-3 3.28155E-3 2.85837E-3 5.17315E-3 3.32006E-3 2.35425E-3 3.31625E-3 2.23142E-3 3.13965E-3 4.68216E-3 2.98884E-3 2.72736E-3 1.97409E-3 1.73953E-3 2.70761E-3 2.57127E-3
7.65827E-4 6.72727E-4 9.01479E-4 8.35671E-4 8.41316E-4 8.57374E-4 9.1108E-4 8.77679E-4 8.28309E-4 8.17451E-4 8.47836E-4 1.05781E-3 9.85596E-4 1.32219E-3 1.31942E-3 1.04005E-3 1.04776E-3 1.12094E-3 1.09807E-3 1.08527E-3 1.25988E-3 1.28208E-3 1.36662E-3 1.52196E-3 1.56696E-3 1.68446E-3 2.36665E-3 2.3156E-3 2.49993E-3 2.36345E-3 2.42823E-3 2.23204E-3 2.13065E-3 2.28814E-3 2.51881E-3 2.67111E-3 3.30249E-3 4.01346E-3 3.09025E-3 2.81382E-3 2.88702E-3 3.12759E-3 3.05168E-3 3.19076E-3 3.46909E-3 3.01469E-3 2.59747E-3 3.43821E-3 3.61071E-3 3.23164E-3 3.63113E-3 2.12065E-3 2.18595E-3 3.75089E-3 2.97749E-3 3.95114E-3 2.11526E-3 2.17036E-3 1.49442E-3 3.46595E-3 2.84816E-3
6.03072E-4 7.53385E-4 7.45528E-4 7.99792E-4 9.55904E-4 9.16014E-4 9.67266E-4 9.34094E-4 8.79252E-4 8.74887E-4 8.04861E-4 9.64377E-4 8.90683E-4 8.38012E-4 1.22753E-3 1.15472E-3 9.7666E-4 1.07912E-3 1.05051E-3 1.06486E-3 1.18216E-3 1.27902E-3 1.18043E-3 1.25142E-3 1.52238E-3 1.806E-3 1.54376E-3 1.63236E-3 1.73832E-3 1.87613E-3 2.17969E-3 2.35396E-3 2.15926E-3 2.52897E-3 2.82393E-3 3.15127E-3 4.92059E-3 3.87921E-3 3.23608E-3 2.73856E-3 2.73673E-3 3.06118E-3 3.54405E-3 3.24643E-3 2.56591E-3 2.42386E-3 2.72666E-3 3.91246E-3 2.92067E-3 3.44402E-3 3.13574E-3 3.53526E-3 2.94374E-3 3.14856E-3 4.10564E-3 3.80827E-3 2.71903E-3 2.72421E-3 1.88373E-3 1.77E-3 3.87911E-3
5.92675E-4 7.80168E-4 7.75038E-4 8.78352E-4 7.77104E-4 8.43879E-4 8.60169E-4 8.95798E-4 8.99756E-4 9.58779E-4 1.18223E-3 8.0335E-4 9.20497E-4 1.27996E-3 1.02534E-3 1.34525E-3 1.0651E-3 1.10017E-3 1.09847E-3 1.30448E-3 1.23669E-3 1.61382E-3 1.19499E-3 1.28251E-3 1.55674E-3 1.4463E-3 1.60783E-3 1.51035E-3 1.74198E-3 1.80602E-3 1.98583E-3 2.4202E-3 2.12158E-3 2.51934E-3 3.39152E-3 3.44442E-3 3.30256E-3 3.04394E-3 2.81496E-3 2.91852E-3 3.08828E-3 3.48435E-3 2.63343E-3 2.35182E-3 2.49495E-3 3.29931E-3 3.11022E-3 2.75201E-3 4.12355E-3 3.11899E-3 4.35262E-3 2.23136E-3 2.48908E-3 3.03207E-3 2.77949E-3 2.96229E-3 3.96923E-3 2.81727E-3 2.04575E-3 1.44488E-3 1.88767E-3
6.21181E-4 6.83976E-4 9.43061E-4 8.77522E-4 9.57858E-4 8.16668E-4 8.75624E-4 9.91824E-4 9.42599E-4 9.20875E-4 9.29626E-4 8.93675E-4 8.20351E-4 9.69653E-4 1.35167E-3 1.67864E-3 1.18482E-3 1.00903E-3 1.13909E-3 1.35237E-3 9.88008E-4 1.28942E-3 1.2958E-3 1.50836E-3 1.30071E-3 1.44481E-3 1.42722E-3 1.80959E-3 1.71548E-3 1.79451E-3 1.87773E-3 2.05254E-3 1.98752E-3 2.00152E-3 2.22445E-3 2.83097E-3 2.66899E-3 2.44201E-3 2.53372E-3 2.5598E-3 2.49546E-3 2.98277E-3 2.63904E-3 4.19126E-3 3.10613E-3 4.32364E-3 2.62574E-3 2.62656E-3 2.44982E-3 3.11244E-3 2.97181E-3 2.46636E-3 4.37385E-3 3.89228E-3 2.0722E-3 3.25347E-3 3.52307E-3 2.03414E-3 1.24582E-3 1.65085E-3 1.65089E-3
8.16349E-4 5.70995E-4 8.1512E-4 9.51854E-4 8.47869E-4 8.87211E-4 8.4211E-4 9.50578E-4 1.01996E-3 1.00727E-3 1.00075E-3 1.02608E-3 9.67991E-4 8.81755E-4 1.10139E-3 1.15363E-3 9.6933E-4 1.03949E-3 1.11092E-3 1.19951E-3 1.52209E-3 1.36377E-3 1.13094E-3 1.1527E-3 1.29175E-3 1.37886E-3 1.30404E-3 1.80897E-3 2.17544E-3 2.02031E-3 1.99258E-3 1.96204E-3 1.99191E-3 2.60251E-3 2.69314E-3 2.30719E-3 2.24821E-3 2.65754E-3 2.668E-3 2.7248E-3 3.05887E-3 2.11829E-3 3.70069E-3 4.49111E-3 2.83944E-3 2.54839E-3 2.372E-3 3.35988E-3 2.49005E-3 1.83734E-3 1.93394E-3 3.16236E-3 3.43749E-3 2.84597E-3 2.61697E-3 3.11559E-3 4.20896E-3 2.21671E-3 1.72671E-3 1.77708E-3 1.34556E-3
7.32707E-4 7.27302E-4 6.85481E-4 7.55747E-4 9.40597E-4 9.3012E-4 8.19429E-4 8.22465E-4 8.70663E-4 9.80215E-4 1.1145E-3 1.14329E-3 1.02847E-3 9.76319E-4 9.66497E-4 1.05613E-3 1.0275E-3 1.14427E-3 1.13127E-3 1.18031E-3 1.39466E-3 1.2102E-3 1.04161E-3 1.08495E-3 1.22466E-3 1.53053E-3 1.31151E-3 1.47635E-3 1.83694E-3 1.80727E-3 1.94482E-3 1.76292E-3 2.13958E-3 2.43771E-3 1.91687E-3 2.01811E-3 2.43537E-3 2.20753E-3 2.32643E-3 2.5965E-3 2.46779E-3 4.35621E-3 3.60727E-3 2.77045E-3 2.32248E-3 2.07172E-3 3.03443E-3 3.21154E-3 3.75755E-3 1.80963E-3 2.64705E-3 1.6755E-3 2.29085E-3 2.90488E-3 2.94947E-3 3.2729E-3 3.45001E-3 1.68574E-3 1.78286E-3 1.5608E-3 1.35807E-3
