Artocarpus hirsutus SDM files/MIS19/results (with bias file)/Arthir_median.asc
ncols         625
nrows         721
xllcorner     69.99986311115
yllcorner     5.99986187915
cellsize      0.041666667
NODATA_value  -9999
[rows 324 to 350 of 721, columns 488 to 548 of 625]
3.97313E-2 4.00165E-2 3.99469E-2 4.17269E-2 4.28758E-2 4.11352E-2 4.0011E-2 3.55721E-2 3.50293E-2 3.33835E-2 2.91278E-2 2.84395E-2 2.35532E-2 -9999 -9999 -9999 1.55363E-2 -9999 -9999 1.1655E-2 1.17296E-2 -9999 -9999 -9999 -9999 1.56865E-2 1.53719E-2 1.66931E-2 1.80379E-2 -9999 -9999 -9999 1.91426E-2 1.97276E-2 2.8822E-2 2.79706E-2 2.92418E-2 3.03006E-2 3.02242E-2 3.23377E-2 2.82824E-2 3.14263E-2 3.32835E-2 3.7921E-2 4.77913E-2 5.37421E-2 6.74745E-2 5.24619E-2 3.76247E-2 6.82751E-2 6.24193E-2 6.32225E-2 5.82353E-2 5.30636E-2 5.83613E-2 3.98051E-2 9.09819E-2 7.04633E-2 3.61534E-2 2.81189E-2 2.03359E-2
3.84752E-2 3.99254E-2 4.02196E-2 4.14016E-2 4.24317E-2 3.7664E-2 3.70463E-2 3.4728E-2 3.45123E-2 3.08351E-2 2.80933E-2 2.6833E-2 2.32974E-2 -9999 -9999 1.71296E-2 1.65424E-2 1.31106E-2 1.27811E-2 1.21267E-2 1.15287E-2 -9999 -9999 -9999 -9999 1.41016E-2 1.46028E-2 1.73248E-2 1.78631E-2 1.90588E-2 -9999 -9999 2.05762E-2 1.99698E-2 2.48015E-2 2.77354E-2 2.81867E-2 3.07794E-2 3.1405E-2 3.05973E-2 3.48885E-2 3.76157E-2 4.06159E-2 4.42985E-2 4.87278E-2 5.47089E-2 9.32905E-2 8.81524E-2 5.23231E-2 5.49777E-2 7.41015E-2 6.7335E-2 7.26789E-2 5.66929E-2 5.55675E-2 4.41031E-2 4.48338E-2 7.9365E-2 4.66191E-2 2.01017E-2 2.45129E-2
4.10218E-2 4.071E-2 4.0837E-2 3.79599E-2 3.8828E-2 3.80929E-2 3.62397E-2 3.49764E-2 3.16419E-2 3.02329E-2 2.7415E-2 2.42728E-2 2.26255E-2 -9999 -9999 1.78226E-2 1.48702E-2 1.59817E-2 1.52632E-2 1.27451E-2 1.25058E-2 -9999 -9999 -9999 -9999 1.50401E-2 1.5081E-2 1.49609E-2 1.59993E-2 1.69558E-2 -9999 -9999 -9999 2.08708E-2 2.14208E-2 2.7596E-2 2.94067E-2 3.17897E-2 3.28659E-2 3.36111E-2 4.47792E-2 4.62279E-2 5.08684E-2 5.57866E-2 4.41887E-2 5.60273E-2 5.62901E-2 8.85269E-2 6.91007E-2 4.40842E-2 6.27544E-2 7.07353E-2 8.78723E-2 6.05075E-2 5.09072E-2 5.41624E-2 2.97161E-2 2.85596E-2 5.06896E-2 4.21496E-2 4.27825E-2
4.03966E-2 3.81421E-2 3.781E-2 3.71414E-2 3.83058E-2 3.72376E-2 3.53727E-2 3.22001E-2 3.09644E-2 2.86597E-2 2.54728E-2 2.30267E-2 2.21008E-2 -9999 -9999 -9999 1.61528E-2 1.59479E-2 1.56121E-2 1.39326E-2 1.32428E-2 -9999 -9999 -9999 -9999 -9999 1.57905E-2 1.56174E-2 1.59371E-2 1.72066E-2 -9999 -9999 -9999 2.28364E-2 2.16069E-2 2.59652E-2 3.09698E-2 3.16994E-2 3.46586E-2 3.74097E-2 5.36986E-2 5.84349E-2 4.92204E-2 4.85645E-2 5.88529E-2 5.93938E-2 4.42671E-2 4.32902E-2 8.23114E-2 6.82494E-2 8.0572E-2 6.16158E-2 8.86633E-2 6.89268E-2 5.93447E-2 5.46481E-2 3.58478E-2 2.09684E-2 5.3009E-2 3.81982E-2 3.78699E-2
3.79105E-2 3.75743E-2 3.71559E-2 3.68008E-2 3.72848E-2 3.44334E-2 3.2193E-2 3.24152E-2 3.04419E-2 2.81724E-2 2.51683E-2 2.361E-2 2.06854E-2 -9999 -9999 1.7243E-2 -9999 1.49428E-2 1.37761E-2 1.33971E-2 -9999 -9999 -9999 -9999 -9999 -9999 -9999 1.66889E-2 1.74412E-2 1.81603E-2 -9999 -9999 -9999 -9999 2.21446E-2 2.35697E-2 2.97404E-2 3.42658E-2 3.45219E-2 3.72219E-2 4.76229E-2 6.12343E-2 5.69589E-2 5.2272E-2 5.77026E-2 7.09143E-2 6.66452E-2 5.05542E-2 8.01567E-2 1.02794E-1 1.04805E-1 7.26482E-2 8.00216E-2 8.23586E-2 6.7309E-2 6.13278E-2 5.51609E-2 3.7582E-2 5.59022E-2 4.27355E-2 3.85849E-2
3.58859E-2 3.70347E-2 3.80531E-2 3.62449E-2 3.32532E-2 3.364E-2 3.29711E-2 -9999 3.11043E-2 2.60475E-2 2.47913E-2 2.3521E-2 2.07161E-2 -9999 -9999 1.7685E-2 -9999 1.47884E-2 1.38491E-2 1.37837E-2 1.41531E-2 -9999 -9999 -9999 -9999 -9999 -9999 -9999 -9999 -9999 -9999 -9999 -9999 -9999 2.6319E-2 2.6129E-2 3.09702E-2 3.1396E-2 3.5527E-2 3.67159E-2 3.66858E-2 4.3374E-2 6.07062E-2 6.02256E-2 6.70609E-2 7.06178E-2 6.62535E-2 5.49919E-2 4.86121E-2 8.68505E-2 1.36624E-1 1.10685E-1 1.18249E-1 1.0284E-1 9.7872E-2 6.90192E-2 9.38198E-2 8.51726E-2 8.11263E-2 6.44729E-2 6.91761E-2
3.57049E-2 3.68382E-2 3.76296E-2 3.34383E-2 3.29129E-2 3.26946E-2 3.10782E-2 3.12067E-2 2.90688E-2 2.64591E-2 2.57321E-2 2.21357E-2 2.0644E-2 -9999 1.71914E-2 1.7575E-2 -9999 1.59092E-2 1.46412E-2 1.40602E-2 1.4226E-2 -9999 -9999 -9999 -9999 -9999 -9999 -9999 -9999 -9999 -9999 -9999 -9999 -9999 2.48327E-2 2.8406E-2 3.15597E-2 3.17033E-2 3.57391E-2 3.66979E-2 3.59322E-2 3.77237E-2 4.1217E-2 4.05877E-2 5.18057E-2 4.92812E-2 4.7857E-2 5.87098E-2 5.50763E-2 5.45442E-2 8.14248E-2 1.17479E-1 9.92179E-2 1.24952E-1 1.08629E-1 8.21501E-2 1.14635E-1 8.18532E-2 6.19124E-2 8.22601E-2 7.51781E-2
3.54631E-2 3.61358E-2 3.45775E-2 3.30519E-2 3.18109E-2 2.82733E-2 3.06511E-2 3.07282E-2 2.7652E-2 2.69352E-2 2.45069E-2 2.21317E-2 1.96495E-2 -9999 1.89099E-2 1.67753E-2 -9999 1.63218E-2 1.39539E-2 1.38012E-2 1.30981E-2 -9999 -9999 -9999 -9999 -9999 -9999 -9999 -9999 -9999 -9999 -9999 -9999 -9999 2.53895E-2 2.63176E-2 2.82652E-2 3.19467E-2 3.67835E-2 3.63958E-2 3.56757E-2 3.14517E-2 3.64937E-2 4.01303E-2 6.53102E-2 5.36011E-2 5.51263E-2 6.95611E-2 7.65048E-2 7.82039E-2 8.75921E-2 1.28336E-1 7.45599E-2 1.19315E-1 1.07117E-1 8.2546E-2 7.71488E-2 5.70179E-2 5.16421E-2 8.2013E-2 7.36962E-2
3.26688E-2 3.37618E-2 3.47168E-2 3.22128E-2 2.9563E-2 3.08039E-2 2.95546E-2 2.97948E-2 2.76524E-2 2.60556E-2 2.40701E-2 2.1821E-2 2.06437E-2 1.97321E-2 1.89418E-2 1.68087E-2 -9999 1.5436E-2 1.3797E-2 1.38238E-2 -9999 -9999 -9999 -9999 -9999 -9999 -9999 -9999 -9999 -9999 -9999 -9999 -9999 -9999 -9999 2.65711E-2 2.63013E-2 3.19674E-2 3.87527E-2 4.03632E-2 3.99819E-2 3.42581E-2 2.9576E-2 4.45025E-2 6.80019E-2 8.20807E-2 6.94737E-2 7.29433E-2 8.25519E-2 8.58968E-2 8.79525E-2 8.52077E-2 9.7579E-2 1.53917E-1 1.02258E-1 8.49878E-2 8.9324E-2 3.66959E-2 4.4698E-2 7.60296E-2 6.7257E-2
3.26843E-2 3.34774E-2 3.38943E-2 2.9751E-2 3.11706E-2 3.09475E-2 2.91951E-2 2.92952E-2 2.56423E-2 2.54749E-2 2.34355E-2 2.02911E-2 -9999 2.11396E-2 1.88425E-2 1.61043E-2 1.53833E-2 1.50387E-2 1.47231E-2 1.38246E-2 -9999 -9999 -9999 -9999 -9999 -9999 -9999 -9999 -9999 -9999 -9999 -9999 -9999 -9999 -9999 2.7624E-2 2.82157E-2 2.97813E-2 4.35835E-2 4.82603E-2 4.16497E-2 3.98271E-2 4.15178E-2 5.02045E-2 4.99045E-2 9.82594E-2 8.50211E-2 8.7359E-2 1.02014E-1 7.66318E-2 5.77638E-2 1.34631E-1 1.06883E-1 1.11689E-1 9.23207E-2 8.19163E-2 7.37779E-2 4.97515E-2 5.36901E-2 8.20733E-2 5.73094E-2
3.22313E-2 3.3751E-2 3.34024E-2 3.04542E-2 3.03835E-2 3.07113E-2 2.93366E-2 2.73237E-2 2.50397E-2 2.29906E-2 2.20701E-2 2.06027E-2 -9999 -9999 1.74767E-2 1.85792E-2 1.62583E-2 1.58568E-2 -9999 -9999 -9999 -9999 -9999 -9999 -9999 -9999 -9999 -9999 -9999 -9999 -9999 -9999 -9999 -9999 -9999 2.80837E-2 2.82233E-2 3.00808E-2 3.19414E-2 4.58317E-2 4.41831E-2 4.46691E-2 4.89917E-2 5.74381E-2 6.11308E-2 4.66936E-2 1.21343E-1 9.85604E-2 5.5826E-2 5.24352E-2 9.43117E-2 1.56808E-1 1.06409E-1 1.0437E-1 1.05484E-1 8.77723E-2 5.989E-2 4.54406E-2 7.44612E-2 1.08203E-1 6.79327E-2
3.22563E-2 3.24854E-2 2.98703E-2 3.0563E-2 3.09324E-2 2.74486E-2 2.75247E-2 2.53499E-2 2.55215E-2 2.23963E-2 2.17899E-2 -9999 -9999 -9999 -9999 1.67674E-2 1.58251E-2 -9999 -9999 -9999 -9999 -9999 -9999 -9999 -9999 -9999 -9999 -9999 -9999 -9999 -9999 -9999 -9999 -9999 -9999 -9999 2.96066E-2 2.96429E-2 3.01152E-2 3.94056E-2 4.90229E-2 4.35061E-2 5.0425E-2 4.83773E-2 5.09192E-2 5.56682E-2 7.28122E-2 7.72289E-2 7.25128E-2 5.753E-2 6.79285E-2 6.32696E-2 7.55323E-2 1.23496E-1 1.07024E-1 8.85258E-2 6.10474E-2 4.11737E-2 5.79449E-2 8.68747E-2 8.61965E-2
3.22265E-2 3.42213E-2 3.26341E-2 3.08588E-2 3.114E-2 2.78846E-2 2.76474E-2 2.56036E-2 2.42212E-2 2.27675E-2 -9999 -9999 -9999 -9999 -9999 1.66716E-2 1.61868E-2 -9999 -9999 -9999 -9999 -9999 -9999 -9999 -9999 -9999 -9999 -9999 -9999 -9999 -9999 -9999 -9999 -9999 -9999 -9999 -9999 2.88668E-2 2.87497E-2 2.95658E-2 4.77321E-2 4.53641E-2 5.19389E-2 5.40188E-2 5.77365E-2 6.13117E-2 4.30232E-2 9.40453E-2 5.83484E-2 6.26495E-2 9.9812E-2 9.00532E-2 1.13408E-1 1.14063E-1 9.09486E-2 9.50755E-2 6.10963E-2 4.16415E-2 5.57137E-2 5.89093E-2 6.28218E-2
3.46105E-2 3.20798E-2 3.09315E-2 3.01884E-2 2.92511E-2 2.80849E-2 2.47177E-2 2.55405E-2 2.51846E-2 -9999 -9999 2.15989E-2 2.09897E-2 -9999 -9999 -9999 -9999 -9999 -9999 -9999 -9999 -9999 -9999 -9999 -9999 -9999 -9999 -9999 -9999 -9999 -9999 -9999 -9999 -9999 -9999 -9999 2.72237E-2 2.70223E-2 2.87134E-2 3.18929E-2 3.9161E-2 4.49649E-2 5.57209E-2 5.51776E-2 5.96497E-2 6.26363E-2 4.08421E-2 5.61819E-2 4.74908E-2 5.29672E-2 7.61185E-2 3.94534E-2 1.04804E-1 1.09729E-1 1.02113E-1 7.14972E-2 5.33193E-2 5.65556E-2 6.34991E-2 5.21493E-2 4.94151E-2
3.58632E-2 3.12451E-2 3.05817E-2 2.81469E-2 2.9876E-2 2.81425E-2 2.62252E-2 2.58933E-2 2.3043E-2 2.52451E-2 2.30834E-2 2.21514E-2 2.14866E-2 -9999 -9999 -9999 -9999 -9999 -9999 -9999 -9999 -9999 -9999 -9999 -9999 -9999 -9999 -9999 -9999 -9999 -9999 -9999 -9999 -9999 -9999 -9999 2.84692E-2 2.71248E-2 2.91893E-2 2.74074E-2 2.52574E-2 3.5071E-2 5.48503E-2 5.57247E-2 5.02385E-2 4.38281E-2 2.68488E-2 5.66128E-2 6.11033E-2 2.96273E-2 3.15762E-2 3.1302E-2 3.59387E-2 3.39943E-2 6.56547E-2 6.03951E-2 4.70811E-2 6.76414E-2 5.40182E-2 3.17422E-2 3.95781E-2
3.26483E-2 2.76481E-2 2.79297E-2 -9999 2.97298E-2 2.85157E-2 -9999 2.48858E-2 -9999 2.33265E-2 2.31718E-2 -9999 -9999 -9999 -9999 -9999 -9999 -9999 -9999 -9999 -9999 -9999 -9999 -9999 -9999 -9999 -9999 -9999 -9999 -9999 -9999 -9999 -9999 -9999 -9999 -9999 2.43511E-2 2.48497E-2 2.57789E-2 2.63542E-2 2.25743E-2 2.07434E-2 3.22313E-2 4.67762E-2 3.76875E-2 3.05944E-2 3.7825E-2 2.25813E-2 9.01669E-2 5.75218E-2 5.27318E-2 5.38451E-2 2.40017E-2 1.56578E-2 2.87272E-2 7.44083E-2 7.07749E-2 6.11211E-2 5.09328E-2 4.86659E-2 4.18787E-2
2.84486E-2 2.94364E-2 2.96205E-2 2.91241E-2 2.93765E-2 -9999 -9999 -9999 -9999 -9999 -9999 -9999 -9999 -9999 -9999 -9999 -9999 -9999 -9999 -9999 -9999 -9999 -9999 -9999 -9999 -9999 -9999 -9999 -9999 -9999 -9999 -9999 -9999 -9999 -9999 -9999 2.37585E-2 2.44362E-2 2.50494E-2 2.51786E-2 1.68574E-2 2.1418E-2 2.71512E-2 4.26141E-2 3.58198E-2 2.95915E-2 2.74245E-2 1.39443E-2 2.92471E-2 8.27575E-2 4.97175E-2 6.23634E-2 2.20193E-2 2.1576E-2 6.75097E-2 8.1914E-2 4.98399E-2 4.37723E-2 4.17609E-2 6.84254E-2 6.3815E-2
3.19037E-2 -9999 3.03292E-2 2.64699E-2 2.61539E-2 -9999 -9999 -9999 -9999 -9999 -9999 -9999 -9999 -9999 -9999 -9999 -9999 -9999 -9999 -9999 -9999 -9999 -9999 -9999 -9999 -9999 -9999 -9999 -9999 -9999 -9999 -9999 -9999 -9999 -9999 -9999 2.04413E-2 2.29844E-2 2.38496E-2 2.30574E-2 2.07678E-2 2.26425E-2 1.90048E-2 2.35103E-2 4.06852E-2 2.63414E-2 2.01744E-2 2.03116E-2 9.63691E-3 5.35802E-2 6.94044E-2 4.40945E-2 1.39814E-2 2.77881E-2 4.52989E-2 4.75853E-2 3.81233E-2 4.01634E-2 3.34635E-2 4.45954E-2 5.09023E-2
-9999 -9999 -9999 -9999 -9999 -9999 -9999 -9999 -9999 -9999 -9999 -9999 -9999 -9999 -9999 -9999 -9999 -9999 -9999 -9999 -9999 -9999 -9999 -9999 -9999 -9999 -9999 -9999 -9999 -9999 -9999 -9999 -9999 -9999 -9999 1.88363E-2 1.88364E-2 2.12319E-2 2.19706E-2 2.17586E-2 2.15564E-2 2.24428E-2 2.30583E-2 2.26126E-2 4.33354E-2 3.96971E-2 2.58382E-2 1.87301E-2 1.74752E-2 1.84508E-2 6.69066E-2 5.78829E-2 3.04856E-2 2.26629E-2 1.66127E-2 2.19593E-2 4.99702E-2 3.39557E-2 2.08874E-2 5.49298E-2 4.64065E-2
-9999 -9999 -9999 -9999 -9999 -9999 -9999 -9999 -9999 -9999 -9999 -9999 -9999 -9999 -9999 -9999 -9999 -9999 -9999 -9999 -9999 -9999 -9999 -9999 -9999 -9999 -9999 -9999 -9999 -9999 -9999 -9999 -9999 -9999 -9999 -9999 1.67458E-2 1.84592E-2 2.45635E-2 2.11467E-2 1.8389E-2 1.98144E-2 2.77317E-2 2.81182E-2 1.88215E-2 5.39359E-2 3.2821E-2 2.25284E-2 1.69338E-2 7.22205E-3 3.8822E-2 7.76984E-2 1.95806E-2 2.81369E-2 2.63296E-2 1.46362E-2 3.42087E-2 3.41673E-2 3.30886E-2 7.71573E-2 5.50136E-2
-9999 -9999 -9999 -9999 -9999 -9999 -9999 -9999 -9999 -9999 -9999 -9999 -9999 -9999 -9999 -9999 -9999 -9999 -9999 -9999 -9999 -9999 -9999 -9999 -9999 -9999 -9999 -9999 -9999 -9999 -9999 -9999 -9999 -9999 -9999 -9999 1.48277E-2 1.5574E-2 2.10971E-2 1.92568E-2 1.62507E-2 1.84048E-2 1.83809E-2 1.82743E-2 2.17385E-2 2.00791E-2 3.72983E-2 2.3271E-2 2.38139E-2 9.5571E-3 1.48049E-2 5.06939E-2 3.26517E-2 3.88051E-2 1.34322E-2 1.16462E-2 1.69755E-2 3.49761E-2 3.24376E-2 4.92926E-2 4.27939E-2
-9999 -9999 -9999 -9999 -9999 -9999 -9999 -9999 -9999 -9999 -9999 -9999 -9999 -9999 -9999 -9999 -9999 -9999 -9999 -9999 -9999 -9999 -9999 -9999 -9999 -9999 -9999 -9999 -9999 -9999 -9999 -9999 -9999 -9999 -9999 -9999 1.28198E-2 1.34607E-2 1.43249E-2 1.76474E-2 1.49878E-2 1.67454E-2 1.90726E-2 1.31722E-2 1.35595E-2 7.31179E-3 3.32585E-2 3.40402E-2 3.33036E-2 1.9053E-2 7.89284E-3 1.25422E-2 3.07767E-2 1.30499E-2 1.20234E-2 1.42234E-2 3.1782E-2 2.34033E-2 2.57734E-2 2.13494E-2 3.27221E-2
-9999 -9999 -9999 -9999 -9999 -9999 -9999 -9999 -9999 -9999 -9999 -9999 -9999 -9999 -9999 -9999 -9999 -9999 -9999 -9999 -9999 -9999 -9999 -9999 -9999 -9999 -9999 -9999 -9999 -9999 -9999 -9999 -9999 -9999 -9999 -9999 -9999 1.17281E-2 8.98008E-3 1.06246E-2 1.28675E-2 1.3241E-2 1.52822E-2 1.33507E-2 1.09927E-2 7.48032E-3 6.2755E-3 3.98355E-2 3.62242E-2 1.95451E-2 8.75768E-3 7.07881E-3 3.03928E-2 1.38676E-2 2.07507E-2 2.14455E-2 3.23227E-2 1.73897E-2 2.47409E-2 1.21194E-2 2.69833E-2
-9999 -9999 -9999 -9999 -9999 -9999 -9999 -9999 -9999 -9999 -9999 -9999 -9999 -9999 -9999 -9999 -9999 -9999 -9999 -9999 -9999 -9999 -9999 -9999 -9999 -9999 -9999 -9999 -9999 -9999 -9999 -9999 -9999 -9999 -9999 -9999 1.015E-2 1.03651E-2 7.56335E-3 7.97231E-3 1.05387E-2 1.00805E-2 1.16635E-2 1.42939E-2 8.03835E-3 5.50706E-3 2.74836E-3 4.90247E-3 3.12132E-2 2.52702E-2 1.12274E-2 9.77446E-3 1.12675E-2 2.10309E-2 1.94953E-2 1.1918E-2 1.0778E-2 2.52993E-2 2.78813E-2 1.21734E-2 7.17934E-3
-9999 -9999 -9999 -9999 -9999 -9999 -9999 -9999 -9999 -9999 -9999 -9999 -9999 -9999 -9999 -9999 -9999 -9999 -9999 -9999 -9999 -9999 -9999 -9999 -9999 -9999 -9999 -9999 -9999 -9999 -9999 -9999 -9999 -9999 -9999 -9999 9.12516E-3 9.06022E-3 7.80251E-3 7.8335E-3 1.03791E-2 8.59177E-3 6.49711E-3 7.49272E-3 7.03323E-3 5.87623E-3 5.81015E-3 2.4986E-3 5.62903E-3 2.37067E-2 1.81217E-2 5.16021E-3 1.24743E-2 1.71936E-2 8.40755E-3 1.20318E-2 4.86025E-3 2.55964E-2 1.58952E-2 1.7118E-2 7.87344E-3
-9999 -9999 -9999 -9999 -9999 -9999 -9999 -9999 -9999 -9999 -9999 -9999 -9999 -9999 -9999 -9999 -9999 -9999 -9999 -9999 -9999 -9999 -9999 -9999 -9999 -9999 -9999 -9999 -9999 -9999 -9999 -9999 -9999 -9999 -9999 -9999 8.43118E-3 8.07855E-3 7.99323E-3 8.83984E-3 8.97827E-3 7.94269E-3 6.64847E-3 6.76174E-3 8.24345E-3 6.32984E-3 7.29002E-3 3.32505E-3 2.0734E-3 1.1314E-2 1.77179E-2 6.76959E-3 4.72957E-3 1.78252E-2 5.98807E-3 1.54078E-2 4.36231E-3 1.7107E-2 1.6247E-2 9.30377E-3 7.7005E-3
-9999 -9999 -9999 -9999 -9999 -9999 -9999 -9999 -9999 -9999 -9999 -9999 -9999 -9999 -9999 -9999 -9999 -9999 -9999 -9999 -9999 -9999 -9999 -9999 -9999 -9999 -9999 -9999 -9999 -9999 -9999 -9999 -9999 -9999 -9999 -9999 -9999 -9999 6.02042E-3 6.65695E-3 8.76989E-3 8.24226E-3 6.61394E-3 9.64124E-3 1.19737E-2 9.00643E-3 6.95706E-3 4.41664E-3 1.57375E-3 2.38638E-3 1.94031E-2 1.08784E-2 3.5987E-3 1.46198E-2 1.08536E-2 1.79408E-2 1.09927E-2 8.91288E-3 2.2942E-2 1.27121E-2 1.16228E-2
