Artocarpus hirsutus SDM files/MIS19/results (with bias file)/Arthir_7.asc
ncols         625
nrows         721
xllcorner     69.99986311115
yllcorner     5.99986187915
cellsize      0.041666667
NODATA_value  -9999
[rows 270 to 296 of 721, columns 0 to 60 of 625]
4.58512E-5 4.58512E-5 4.24376E-5 4.45457E-5 4.34766E-5 3.77591E-5 4.20605E-5 3.68139E-5 3.70755E-5 3.37251E-5 3.89515E-5 3.43116E-5 3.53958E-5 3.50293E-5 3.47869E-5 3.5151E-5 3.52732E-5 3.26531E-5 3.40767E-5 3.41903E-5 3.83709E-5 3.37193E-5 3.43091E-5 3.51465E-5 3.57602E-5 3.57602E-5 3.19614E-5 3.27455E-5 3.38932E-5 3.59397E-5 3.27728E-5 3.65709E-5 3.3496E-5 3.45795E-5 3.20579E-5 3.22035E-5 2.98696E-5 2.68119E-5 2.69291E-5 2.45226E-5 2.69823E-5 2.84096E-5 2.62509E-5 2.60052E-5 2.78705E-5 2.8279E-5 2.86188E-5 2.94307E-5 3.03963E-5 3.1289E-5 3.07852E-5 3.08133E-5 3.13619E-5 3.30097E-5 3.29432E-5 3.37523E-5 3.50028E-5 4.40695E-5 3.93435E-5 3.94018E-5 4.64245E-5
4.59567E-5 4.79628E-5 4.64323E-5 4.04426E-5 4.14325E-5 3.72046E-5 3.81101E-5 3.52732E-5 3.53958E-5 3.53958E-5 3.49079E-5 3.56422E-5 3.70172E-5 3.60101E-5 3.49886E-5 3.53549E-5 3.71456E-5 3.6219E-5 3.11595E-5 3.4513E-5 3.51064E-5 3.4864E-5 3.53505E-5 3.4985E-5 3.4985E-5 3.63485E-5 3.80141E-5 3.45598E-5 4.02148E-5 3.63141E-5 3.66923E-5 3.78794E-5 3.86715E-5 3.55364E-5 3.61537E-5 3.32077E-5 3.33577E-5 3.22596E-5 2.97861E-5 2.9711E-5 3.07871E-5 2.83376E-5 2.97521E-5 2.98798E-5 3.11886E-5 3.1753E-5 3.26485E-5 3.04706E-5 3.25114E-5 3.36851E-5 3.34882E-5 3.38554E-5 3.49215E-5 3.26422E-5 3.29146E-5 3.51296E-5 3.76079E-5 3.9846E-5 4.59453E-5 4.01479E-5 4.04452E-5
4.6594E-5 4.28767E-5 4.2158E-5 3.75844E-5 3.91775E-5 3.75455E-5 3.87324E-5 3.6015E-5 3.49886E-5 3.63865E-5 3.60936E-5 3.59687E-5 3.44398E-5 3.7621E-5 3.68471E-5 3.82723E-5 3.80084E-5 3.1884E-5 3.32701E-5 3.29265E-5 3.69721E-5 3.59628E-5 3.4945E-5 3.62126E-5 3.36172E-5 3.46744E-5 3.82297E-5 4.04429E-5 4.05828E-5 4.12893E-5 4.36432E-5 3.90623E-5 3.94682E-5 3.96471E-5 4.01968E-5 4.02398E-5 3.69814E-5 3.6767E-5 3.70542E-5 3.04715E-5 3.1027E-5 3.16675E-5 3.27947E-5 3.06295E-5 3.21579E-5 3.26271E-5 3.29843E-5 3.46292E-5 3.5727E-5 3.63666E-5 3.64004E-5 3.38182E-5 3.45623E-5 3.60817E-5 3.19625E-5 3.7304E-5 4.00193E-5 4.83913E-5 5.06532E-5 5.56122E-5 4.16726E-5
4.12945E-5 3.91775E-5 4.23045E-5 3.79338E-5 4.01342E-5 3.55188E-5 3.66396E-5 3.62606E-5 3.55963E-5 4.05073E-5 3.58441E-5 3.5309E-5 3.69328E-5 3.7877E-5 3.68904E-5 3.86281E-5 3.32326E-5 3.50304E-5 3.30033E-5 3.30033E-5 3.76167E-5 3.74869E-5 3.73103E-5 3.60518E-5 3.70222E-5 3.80978E-5 4.03981E-5 4.30991E-5 4.1569E-5 4.43472E-5 4.45486E-5 4.4905E-5 4.52153E-5 4.46449E-5 4.51565E-5 4.53604E-5 4.24333E-5 4.302E-5 4.02125E-5 3.99728E-5 3.6213E-5 3.17993E-5 3.27107E-5 3.44448E-5 3.67779E-5 3.71868E-5 3.77214E-5 3.8169E-5 3.59707E-5 3.64835E-5 3.74151E-5 3.83401E-5 3.99905E-5 3.96193E-5 4.01409E-5 3.99726E-5 4.81788E-5 5.25723E-5 4.83579E-5 5.1781E-5 4.84431E-5
4.79006E-5 4.17212E-5 4.31881E-5 3.80658E-5 3.6219E-5 3.53501E-5 3.71034E-5 3.71034E-5 3.61773E-5 3.73613E-5 3.80084E-5 3.34601E-5 3.77033E-5 3.49965E-5 3.52396E-5 3.80538E-5 3.88525E-5 3.34256E-5 3.97061E-5 3.34256E-5 3.81815E-5 3.54784E-5 4.50149E-5 3.66397E-5 3.97991E-5 4.45576E-5 4.36918E-5 4.41463E-5 4.44937E-5 4.54231E-5 4.61024E-5 4.67837E-5 4.68333E-5 4.78585E-5 4.8854E-5 4.47677E-5 4.5425E-5 4.59407E-5 4.19225E-5 4.22102E-5 4.21017E-5 4.1714E-5 3.7784E-5 3.89894E-5 4.16289E-5 4.21311E-5 4.2582E-5 3.93415E-5 3.99101E-5 4.13106E-5 4.25064E-5 4.59428E-5 4.37569E-5 4.43411E-5 4.66632E-5 4.43923E-5 5.14895E-5 4.74121E-5 5.11624E-5 5.37609E-5 5.7813E-5
4.39369E-5 4.25931E-5 3.91269E-5 4.07832E-5 3.65926E-5 3.6975E-5 3.72321E-5 3.68471E-5 3.8097E-5 3.77033E-5 3.87564E-5 3.87564E-5 3.83182E-5 3.76603E-5 4.0487E-5 3.92523E-5 4.07677E-5 3.51951E-5 4.34609E-5 3.64229E-5 3.4009E-5 3.5932E-5 3.72282E-5 4.0532E-5 4.26014E-5 4.19492E-5 4.49073E-5 4.51044E-5 4.52669E-5 4.66842E-5 5.17215E-5 4.9073E-5 4.94699E-5 5.04978E-5 4.89949E-5 5.05933E-5 5.08183E-5 5.13426E-5 4.72001E-5 4.77263E-5 4.76502E-5 4.81325E-5 4.42213E-5 4.36649E-5 4.56763E-5 4.63767E-5 4.70405E-5 4.27522E-5 4.88969E-5 4.76814E-5 4.90246E-5 4.99285E-5 4.65887E-5 4.75407E-5 4.89113E-5 4.77908E-5 4.44574E-5 4.61029E-5 4.85843E-5 5.73238E-5 6.09266E-5
3.99897E-5 4.02218E-5 4.12032E-5 4.07832E-5 3.76156E-5 3.70558E-5 3.92964E-5 3.94325E-5 3.82236E-5 3.83182E-5 3.87127E-5 4.0487E-5 4.0487E-5 3.93883E-5 3.63025E-5 4.03023E-5 3.47932E-5 3.6552E-5 3.63006E-5 3.92889E-5 3.24043E-5 3.28519E-5 3.6306E-5 4.29675E-5 4.36372E-5 4.5211E-5 4.59965E-5 4.63569E-5 4.68451E-5 4.76575E-5 4.75286E-5 4.80706E-5 4.95692E-5 5.06499E-5 4.98331E-5 5.03983E-5 5.07952E-5 5.13104E-5 5.21107E-5 4.7702E-5 5.39828E-5 4.89521E-5 4.88722E-5 4.8911E-5 5.27206E-5 5.36573E-5 5.44232E-5 5.31938E-5 5.46899E-5 5.14471E-5 5.25304E-5 5.38156E-5 5.01207E-5 5.24007E-5 5.05109E-5 4.72248E-5 4.65957E-5 4.51267E-5 5.67909E-5 6.7096E-5 6.03386E-5
4.07773E-5 4.14895E-5 3.70981E-5 4.14424E-5 4.19225E-5 3.79599E-5 3.71418E-5 3.98378E-5 3.99757E-5 4.24048E-5 3.93825E-5 4.07224E-5 4.11405E-5 4.1615E-5 4.17128E-5 4.25791E-5 3.66325E-5 3.76983E-5 3.70945E-5 4.36041E-5 3.68898E-5 3.40423E-5 3.43588E-5 3.91896E-5 4.32177E-5 4.58384E-5 4.63143E-5 4.70065E-5 4.79789E-5 4.74788E-5 4.78486E-5 4.90116E-5 5.02451E-5 5.11644E-5 5.19128E-5 5.77025E-5 5.29032E-5 5.30841E-5 5.95801E-5 5.96284E-5 5.44725E-5 5.50759E-5 5.65265E-5 5.61867E-5 5.68068E-5 5.92073E-5 6.10684E-5 6.11133E-5 6.13657E-5 5.91305E-5 6.06289E-5 6.23161E-5 5.85482E-5 5.40736E-5 5.14737E-5 5.37387E-5 4.88983E-5 5.70221E-5 6.86266E-5 6.77851E-5 6.72307E-5
3.95306E-5 4.19164E-5 3.73081E-5 3.88851E-5 4.31932E-5 3.88851E-5 3.85733E-5 3.88412E-5 4.07616E-5 4.04809E-5 4.14715E-5 4.07163E-5 4.22863E-5 4.21406E-5 4.22863E-5 4.04331E-5 4.11405E-5 3.72739E-5 3.87558E-5 4.15555E-5 3.59663E-5 3.85622E-5 3.87806E-5 3.92762E-5 4.37141E-5 4.58384E-5 4.67879E-5 4.22844E-5 4.81279E-5 4.91212E-5 4.90038E-5 5.01937E-5 5.19861E-5 5.70002E-5 5.82389E-5 6.06334E-5 6.00749E-5 6.65067E-5 6.14261E-5 6.78223E-5 6.17813E-5 6.18292E-5 6.25108E-5 6.17136E-5 5.73403E-5 5.85516E-5 5.87815E-5 5.90551E-5 5.97014E-5 6.26291E-5 6.22212E-5 6.21929E-5 6.45799E-5 6.10637E-5 5.64431E-5 5.2073E-5 5.68419E-5 5.5908E-5 5.90613E-5 7.6195E-5 5.70624E-5
3.76923E-5 3.87508E-5 3.83505E-5 3.88793E-5 4.02021E-5 4.04748E-5 3.99251E-5 4.01572E-5 4.05758E-5 4.12766E-5 4.12766E-5 4.17065E-5 4.23858E-5 3.88013E-5 4.34627E-5 4.51825E-5 4.43203E-5 4.06603E-5 2.91714E-5 3.06162E-5 3.67529E-5 3.27973E-5 4.18059E-5 4.38531E-5 4.58933E-5 3.81555E-5 3.90829E-5 4.46588E-5 4.54311E-5 5.06522E-5 5.0704E-5 5.15709E-5 5.30547E-5 5.99563E-5 6.06334E-5 6.13068E-5 6.47271E-5 6.53821E-5 6.95609E-5 6.9852E-5 6.49896E-5 7.19392E-5 6.64245E-5 6.60111E-5 6.60345E-5 6.71986E-5 6.81495E-5 6.88783E-5 6.73267E-5 6.93929E-5 6.80393E-5 7.01517E-5 6.51405E-5 6.82662E-5 5.94334E-5 6.17157E-5 6.01195E-5 6.83544E-5 5.44414E-5 7.42221E-5 6.52634E-5
3.71703E-5 4.0715E-5 3.77704E-5 3.79012E-5 3.86953E-5 3.85619E-5 3.55062E-5 3.57578E-5 3.60001E-5 3.58815E-5 3.62151E-5 3.65865E-5 3.70951E-5 3.73928E-5 4.00527E-5 4.23903E-5 4.32923E-5 4.30034E-5 3.00799E-5 3.11412E-5 3.59722E-5 3.9726E-5 3.95901E-5 4.01373E-5 4.03976E-5 4.44428E-5 4.44428E-5 4.44887E-5 5.23779E-5 5.18725E-5 5.19251E-5 5.2812E-5 5.28649E-5 6.01512E-5 6.14561E-5 7.1587E-5 7.04343E-5 6.85543E-5 7.05013E-5 7.00774E-5 7.18055E-5 7.45485E-5 7.48566E-5 7.54745E-5 7.52045E-5 7.47498E-5 7.52953E-5 7.55871E-5 7.51447E-5 7.03072E-5 7.55196E-5 7.632E-5 7.10879E-5 6.23081E-5 6.51552E-5 6.67745E-5 6.44409E-5 6.88786E-5 7.05414E-5 5.68599E-5 6.21271E-5
3.70363E-5 3.71228E-5 3.77645E-5 3.86463E-5 3.85129E-5 3.85129E-5 3.85129E-5 3.878E-5 3.9184E-5 3.95921E-5 4.0092E-5 4.07898E-5 3.76046E-5 3.81682E-5 4.10582E-5 4.40489E-5 4.67615E-5 4.78508E-5 3.64943E-5 3.49956E-5 3.59339E-5 3.75699E-5 4.0643E-5 4.02114E-5 4.52036E-5 4.56706E-5 4.17833E-5 4.58664E-5 4.63397E-5 4.68178E-5 5.15386E-5 5.36952E-5 6.19559E-5 6.3072E-5 6.39993E-5 7.20499E-5 7.25415E-5 7.21181E-5 7.94808E-5 7.98122E-5 8.09497E-5 8.2956E-5 7.68842E-5 8.39077E-5 7.69929E-5 8.4293E-5 7.63214E-5 7.58432E-5 7.66685E-5 7.80096E-5 7.29351E-5 7.67701E-5 6.984E-5 6.86871E-5 7.25387E-5 6.10213E-5 6.45746E-5 5.81189E-5 6.27416E-5 5.85567E-5 7.29812E-5
3.75042E-5 3.75042E-5 3.78529E-5 3.81156E-5 3.85129E-5 3.86401E-5 3.90427E-5 3.94494E-5 3.97227E-5 4.01362E-5 3.69963E-5 3.77345E-5 3.81268E-5 3.51616E-5 4.14331E-5 3.8996E-5 4.06673E-5 4.17955E-5 4.10939E-5 3.97175E-5 3.87423E-5 4.10566E-5 3.79276E-5 4.14636E-5 4.17908E-5 4.32308E-5 4.33789E-5 4.79437E-5 4.71312E-5 4.79437E-5 5.31389E-5 5.55392E-5 5.65381E-5 6.38995E-5 6.37319E-5 6.28969E-5 7.45266E-5 8.41578E-5 8.47306E-5 8.42194E-5 8.37111E-5 8.37716E-5 8.55521E-5 8.50347E-5 8.56716E-5 8.6003E-5 8.69379E-5 8.55208E-5 8.60819E-5 7.95187E-5 8.01089E-5 7.56923E-5 7.92977E-5 7.51762E-5 7.80523E-5 7.05496E-5 6.56505E-5 6.6366E-5 7.48822E-5 7.29905E-5 7.49647E-5
4.10805E-5 3.76282E-5 3.78893E-5 3.87676E-5 3.89018E-5 3.91715E-5 3.9443E-5 3.98536E-5 4.02684E-5 3.69963E-5 3.76397E-5 3.45611E-5 3.85586E-5 3.56436E-5 3.66382E-5 3.43112E-5 3.86957E-5 3.93651E-5 4.0039E-5 3.9943E-5 4.00456E-5 4.24807E-5 4.21793E-5 4.27532E-5 4.29427E-5 4.36751E-5 4.51792E-5 4.97704E-5 5.07907E-5 4.94232E-5 5.01516E-5 5.70637E-5 5.74984E-5 6.49723E-5 6.54156E-5 7.19222E-5 7.24669E-5 7.37616E-5 8.05165E-5 7.97597E-5 8.39791E-5 8.54749E-5 8.6977E-5 8.9965E-5 9.87028E-5 9.12315E-5 9.03721E-5 9.1352E-5 8.98628E-5 8.08535E-5 8.22097E-5 7.74168E-5 8.25472E-5 8.26161E-5 7.88052E-5 7.34312E-5 6.97302E-5 7.26168E-5 7.38736E-5 7.19612E-5 7.56255E-5
4.20799E-5 4.20799E-5 3.85372E-5 3.903E-5 3.93006E-5 3.95794E-5 3.99849E-5 4.02684E-5 3.71181E-5 3.43182E-5 3.46749E-5 3.86854E-5 3.57607E-5 3.62563E-5 3.68851E-5 3.75182E-5 3.46665E-5 3.86957E-5 3.93651E-5 4.20034E-5 4.26264E-5 4.33548E-5 3.90916E-5 4.36316E-5 4.42757E-5 4.48765E-5 4.5493E-5 4.67765E-5 4.70964E-5 5.14789E-5 5.13443E-5 5.18717E-5 5.82756E-5 6.56263E-5 6.60739E-5 7.23991E-5 7.26996E-5 8.25917E-5 8.2109E-5 9.07644E-5 8.27401E-5 8.42109E-5 9.46403E-5 9.92842E-5 1.01385E-4 1.01089E-4 9.18907E-5 9.21813E-5 9.31788E-5 8.96002E-5 8.29738E-5 9.00019E-5 8.36454E-5 8.36952E-5 7.79762E-5 7.50946E-5 7.82495E-5 7.4047E-5 7.55776E-5 7.91375E-5 7.60369E-5
4.22116E-5 4.22116E-5 3.89321E-5 3.93006E-5 3.95663E-5 3.64773E-5 4.04009E-5 3.7375E-5 3.43127E-5 3.46693E-5 3.51446E-5 3.57548E-5 3.63753E-5 3.6879E-5 3.41879E-5 3.478E-5 3.88222E-5 3.93585E-5 4.0039E-5 4.11443E-5 4.33548E-5 3.93531E-5 4.00312E-5 4.07135E-5 4.10328E-5 4.57962E-5 4.6575E-5 4.662E-5 4.80602E-5 5.30621E-5 5.34657E-5 5.36479E-5 6.00636E-5 6.71806E-5 6.71806E-5 6.70155E-5 7.4181E-5 8.37034E-5 8.3687E-5 8.3747E-5 8.41078E-5 9.26558E-5 9.21137E-5 9.43014E-5 9.66032E-5 9.69939E-5 1.04511E-4 1.03525E-4 9.53603E-5 8.15344E-5 8.84337E-5 9.12001E-5 9.21031E-5 8.50427E-5 8.06148E-5 7.55804E-5 7.97517E-5 8.3026E-5 7.64956E-5 7.01598E-5 8.25413E-5
3.86641E-5 3.90668E-5 3.92019E-5 3.93309E-5 3.65973E-5 3.69781E-5 3.73689E-5 3.76275E-5 3.81498E-5 3.526E-5 3.58721E-5 3.61259E-5 3.67464E-5 3.7512E-5 3.45363E-5 3.5255E-5 3.94871E-5 3.67296E-5 4.09966E-5 3.78725E-5 4.43899E-5 4.02986E-5 4.09852E-5 4.16904E-5 4.25519E-5 4.25856E-5 4.75278E-5 4.78982E-5 4.93685E-5 4.97054E-5 5.43724E-5 5.52937E-5 6.19036E-5 6.25724E-5 6.92378E-5 6.83677E-5 7.69267E-5 8.41623E-5 8.47953E-5 8.34468E-5 9.1345E-5 9.31301E-5 1.01521E-4 9.51738E-5 9.46447E-5 9.66462E-5 8.98542E-5 8.9912E-5 8.93076E-5 8.11513E-5 8.89358E-5 9.23793E-5 8.40695E-5 8.61287E-5 8.10725E-5 8.30402E-5 7.94061E-5 8.05134E-5 7.31579E-5 7.57056E-5 7.98509E-5
3.91886E-5 3.91886E-5 3.93241E-5 3.97402E-5 3.67641E-5 3.73627E-5 3.77511E-5 3.8137E-5 3.50179E-5 3.5626E-5 3.58721E-5 3.64945E-5 3.72488E-5 3.80245E-5 3.5249E-5 3.59758E-5 3.65977E-5 3.74857E-5 3.76458E-5 3.82951E-5 3.92223E-5 3.80012E-5 4.16904E-5 4.28353E-5 4.31618E-5 4.36049E-5 4.44959E-5 4.45381E-5 4.92008E-5 5.07104E-5 5.52937E-5 5.6421E-5 6.27371E-5 7.03432E-5 7.08867E-5 6.99823E-5 7.69114E-5 8.64401E-5 8.5644E-5 8.59946E-5 8.83956E-5 9.85839E-5 9.89842E-5 1.00059E-4 9.83832E-5 9.78069E-5 9.72579E-5 9.01176E-5 8.98918E-5 8.56511E-5 8.85426E-5 7.98542E-5 8.14629E-5 8.66381E-5 7.94136E-5 8.21458E-5 8.32771E-5 7.72898E-5 8.01969E-5 8.29289E-5 8.59939E-5
3.93173E-5 3.93173E-5 3.62541E-5 3.65052E-5 3.67579E-5 3.71338E-5 3.7875E-5 3.84006E-5 3.53756E-5 3.58661E-5 3.63631E-5 3.67339E-5 3.76283E-5 3.82799E-5 3.92036E-5 3.63414E-5 3.69757E-5 3.7134E-5 3.80341E-5 3.72306E-5 3.79945E-5 3.54384E-5 3.86069E-5 3.92702E-5 4.38946E-5 4.46391E-5 4.49437E-5 4.59036E-5 5.03656E-5 5.13943E-5 5.62298E-5 5.71809E-5 5.70287E-5 7.03292E-5 7.01556E-5 6.62844E-5 7.55326E-5 8.55484E-5 8.4188E-5 8.47428E-5 8.53784E-5 9.53046E-5 9.69102E-5 9.73043E-5 9.76992E-5 9.86945E-5 9.74798E-5 8.95117E-5 8.15417E-5 8.78747E-5 8.85426E-5 8.85219E-5 7.933E-5 8.17071E-5 7.64603E-5 7.82556E-5 7.04825E-5 7.62251E-5 7.83084E-5 8.01163E-5 8.33996E-5
3.77336E-5 3.59986E-5 3.64989E-5 3.64989E-5 3.68786E-5 3.7006E-5 3.7006E-5 3.38627E-5 3.76148E-5 3.7875E-5 3.47716E-5 3.57367E-5 3.68604E-5 3.82732E-5 3.89356E-5 3.5358E-5 3.52796E-5 3.57607E-5 3.14537E-5 3.5612E-5 3.69704E-5 3.56744E-5 3.83381E-5 3.99372E-5 3.75662E-5 4.10624E-5 4.1766E-5 4.62075E-5 4.65132E-5 5.17344E-5 5.14322E-5 5.79391E-5 6.46416E-5 6.31626E-5 6.60402E-5 7.04151E-5 7.88883E-5 7.89602E-5 7.84818E-5 8.55903E-5 8.59401E-5 9.68022E-5 9.68892E-5 9.76125E-5 9.89192E-5 8.90546E-5 8.99407E-5 1.04942E-4 9.59558E-5 8.69174E-5 8.84475E-5 8.87456E-5 7.9512E-5 8.14332E-5 8.23048E-5 7.58692E-5 7.56441E-5 7.16167E-5 7.26181E-5 7.35948E-5 8.01343E-5
3.35159E-5 3.57447E-5 3.67452E-5 3.71208E-5 3.83312E-5 3.6123E-5 3.46623E-5 3.10671E-5 3.34895E-5 3.40739E-5 3.22656E-5 3.11723E-5 3.37279E-5 3.68674E-5 3.77926E-5 3.68162E-5 3.0321E-5 2.87737E-5 2.88728E-5 3.02896E-5 3.26492E-5 3.48327E-5 3.69634E-5 3.77201E-5 4.09231E-5 4.1758E-5 4.23209E-5 4.54208E-5 4.88394E-5 4.9499E-5 4.97146E-5 5.75358E-5 5.97508E-5 5.79567E-5 6.73202E-5 7.22532E-5 7.27941E-5 7.89266E-5 7.91772E-5 9.45003E-5 9.42451E-5 9.5508E-5 9.59173E-5 9.7201E-5 8.86762E-5 8.9862E-5 9.08351E-5 9.61967E-5 9.52886E-5 9.75414E-5 8.74638E-5 8.64014E-5 8.00294E-5 8.16398E-5 7.48149E-5 7.38669E-5 7.53306E-5 7.46368E-5 7.53719E-5 7.71809E-5 8.03602E-5
3.19518E-5 3.27334E-5 3.67321E-5 3.71141E-5 3.89823E-5 4.38723E-5 4.32943E-5 3.87186E-5 3.36024E-5 2.90599E-5 3.18464E-5 3.32674E-5 3.47803E-5 3.7369E-5 3.67122E-5 3.69538E-5 3.94833E-5 3.98167E-5 3.38455E-5 2.87463E-5 3.34613E-5 3.1691E-5 3.33472E-5 3.46786E-5 4.13266E-5 4.24648E-5 4.36558E-5 4.49937E-5 4.17658E-5 4.75639E-5 4.91907E-5 5.05362E-5 5.93352E-5 5.62051E-5 6.44072E-5 6.52721E-5 7.25166E-5 7.96802E-5 8.71921E-5 8.69564E-5 8.78437E-5 8.79224E-5 8.76057E-5 8.82586E-5 8.9158E-5 1.02289E-4 9.45046E-5 9.48852E-5 9.61744E-5 8.65306E-5 8.60027E-5 8.77379E-5 8.89809E-5 7.94544E-5 8.05103E-5 7.25601E-5 7.28455E-5 7.45386E-5 7.76178E-5 7.71404E-5 7.92111E-5
3.62619E-5 3.65129E-5 3.65129E-5 3.71074E-5 3.76225E-5 3.63947E-5 3.99526E-5 4.05442E-5 3.44768E-5 3.20548E-5 3.26944E-5 3.39482E-5 3.48936E-5 3.62348E-5 3.35361E-5 3.5811E-5 3.69538E-5 3.47915E-5 3.42052E-5 3.35208E-5 4.33731E-5 3.36924E-5 3.1935E-5 3.64803E-5 4.07585E-5 4.40528E-5 4.93089E-5 4.90094E-5 4.85276E-5 4.70321E-5 4.57292E-5 5.36852E-5 5.48252E-5 5.75329E-5 6.59244E-5 6.68086E-5 7.17681E-5 8.06755E-5 8.02035E-5 8.71528E-5 8.6643E-5 8.78238E-5 8.72899E-5 8.78824E-5 9.25049E-5 9.40593E-5 9.47801E-5 9.51612E-5 8.64356E-5 8.76632E-5 8.91839E-5 8.83094E-5 9.32623E-5 8.49225E-5 7.29706E-5 7.36908E-5 7.39801E-5 7.40211E-5 7.59934E-5 7.65447E-5 8.46807E-5
3.61304E-5 3.68858E-5 3.70132E-5 3.70132E-5 3.7141E-5 3.39804E-5 3.85677E-5 3.66457E-5 3.77888E-5 3.58662E-5 3.66139E-5 3.77635E-5 3.51274E-5 3.06859E-5 3.17498E-5 3.36781E-5 3.47221E-5 3.24778E-5 3.29234E-5 3.4903E-5 3.57354E-5 3.43993E-5 3.42825E-5 3.86956E-5 3.96184E-5 4.33383E-5 4.73421E-5 4.75337E-5 4.75337E-5 4.38385E-5 4.84147E-5 5.76526E-5 5.42479E-5 5.84992E-5 6.72018E-5 6.65532E-5 7.31416E-5 7.85436E-5 7.98421E-5 7.93569E-5 7.93569E-5 8.69168E-5 8.74869E-5 9.24225E-5 9.3681E-5 9.43776E-5 9.32355E-5 8.63402E-5 8.7567E-5 8.87335E-5 8.9387E-5 8.27251E-5 9.47178E-5 8.45951E-5 8.68784E-5 7.54155E-5 7.43983E-5 7.41901E-5 7.44198E-5 8.23759E-5 8.4026E-5
3.42025E-5 3.75128E-5 3.75128E-5 3.70063E-5 3.72622E-5 3.4209E-5 3.44454E-5 3.81715E-5 3.89605E-5 3.62314E-5 3.67331E-5 3.81401E-5 3.2218E-5 3.03976E-5 3.09974E-5 3.23245E-5 3.25464E-5 3.26579E-5 3.42514E-5 3.19227E-5 3.21411E-5 3.27987E-5 3.68967E-5 3.79069E-5 3.9209E-5 4.52758E-5 4.53069E-5 4.56144E-5 4.51442E-5 4.45372E-5 4.98921E-5 5.73821E-5 5.45552E-5 5.40527E-5 6.1086E-5 6.60891E-5 7.2386E-5 7.17193E-5 7.95539E-5 7.80242E-5 7.8803E-5 7.94103E-5 8.02018E-5 8.41551E-5 8.39118E-5 8.45554E-5 8.56847E-5 8.6611E-5 8.80621E-5 8.84133E-5 8.21008E-5 9.49332E-5 8.55758E-5 8.56253E-5 8.79357E-5 8.769E-5 7.58841E-5 7.43593E-5 7.56378E-5 8.3936E-5 8.28847E-5
3.77649E-5 3.77649E-5 3.7635E-5 3.75056E-5 3.75056E-5 3.77649E-5 3.78952E-5 3.82886E-5 3.52722E-5 3.90873E-5 3.63879E-5 3.57445E-5 3.3137E-5 3.20917E-5 3.14454E-5 3.29819E-5 3.35836E-5 3.25729E-5 3.30948E-5 3.03293E-5 3.08517E-5 3.43551E-5 3.13766E-5 3.59052E-5 3.44039E-5 4.08499E-5 4.51036E-5 4.41965E-5 4.3898E-5 4.4227E-5 4.95445E-5 5.43707E-5 5.41749E-5 5.3846E-5 6.64474E-5 6.60587E-5 7.23523E-5 7.18808E-5 7.1929E-5 7.1929E-5 7.12666E-5 7.12666E-5 7.80818E-5 8.2991E-5 8.30651E-5 8.41757E-5 8.5664E-5 8.59327E-5 7.96002E-5 8.17553E-5 8.20802E-5 8.60812E-5 8.5842E-5 8.69818E-5 8.78895E-5 8.75948E-5 8.79382E-5 8.81862E-5 8.50177E-5 8.70853E-5 9.57208E-5
3.8011E-5 3.78804E-5 3.8011E-5 3.78804E-5 3.77576E-5 3.80185E-5 3.80185E-5 3.82812E-5 3.85456E-5 3.57539E-5 3.61247E-5 3.70041E-5 3.25734E-5 3.39353E-5 3.35882E-5 3.13638E-5 3.23383E-5 3.26717E-5 3.26717E-5 3.33485E-5 3.38337E-5 3.42917E-5 3.02741E-5 3.08638E-5 3.65345E-5 3.94795E-5 4.00189E-5 3.85525E-5 4.3435E-5 4.88163E-5 5.50751E-5 5.50751E-5 5.41381E-5 5.98075E-5 6.00103E-5 6.66414E-5 6.62515E-5 6.53602E-5 7.16519E-5 7.14097E-5 7.14097E-5 7.12497E-5 7.49646E-5 7.4526E-5 7.60362E-5 7.81704E-5 7.8947E-5 7.87497E-5 8.03201E-5 8.17347E-5 7.31262E-5 7.80281E-5 8.69093E-5 8.01142E-5 8.04292E-5 8.7866E-5 8.87318E-5 8.78666E-5 9.7152E-5 9.88196E-5 1.00798E-4
