Artocarpus hirsutus SDM files/MIS19/results (with bias file)/Arthir_5.asc
ncols         625
nrows         721
xllcorner     69.99986311115
yllcorner     5.99986187915
cellsize      0.041666667
NODATA_value  -9999
[rows 162 to 188 of 721, columns 61 to 121 of 625]
4.88856E-5 4.92171E-5 4.43107E-5 4.16432E-5 4.18097E-5 3.90043E-5 3.66064E-5 3.73733E-5 3.16713E-5 3.23305E-5 2.30351E-5 2.35874E-5 2.16465E-5 2.02358E-5 2.07821E-5 1.91687E-5 1.90081E-5 1.93639E-5 1.77521E-5 1.80164E-5 1.65713E-5 1.68176E-5 1.55953E-5 1.43511E-5 1.4325E-5 1.44833E-5 1.33949E-5 1.354E-5 1.1874E-5 1.09278E-5 1.10889E-5 1.01035E-5 1.13143E-5 1.00542E-5 1.01488E-5 1.03718E-5 1.06779E-5 1.08691E-5 1.10134E-5 1.30393E-5 1.34714E-5 1.51797E-5 1.4016E-5 1.64598E-5 1.68205E-5 1.90384E-5 1.96972E-5 2.02679E-5 2.07444E-5 2.29295E-5 2.15264E-5 2.48798E-5 2.83206E-5 2.95005E-5 3.37963E-5 3.48871E-5 3.95242E-5 4.14559E-5 4.58607E-5 4.85345E-5 4.89397E-5
4.89705E-5 4.57705E-5 4.27358E-5 4.13472E-5 4.2222E-5 3.93535E-5 3.68124E-5 3.45272E-5 3.49356E-5 2.9045E-5 2.97441E-5 2.34356E-5 2.17702E-5 2.22893E-5 2.06911E-5 2.04871E-5 1.89642E-5 1.93194E-5 1.97229E-5 1.82457E-5 1.84213E-5 1.70316E-5 1.56208E-5 1.57322E-5 1.58829E-5 1.46675E-5 1.35123E-5 1.18498E-5 1.20046E-5 1.09057E-5 1.10479E-5 1.12918E-5 1.03109E-5 1.00542E-5 1.02776E-5 1.04647E-5 1.17145E-5 1.23904E-5 1.26614E-5 1.29886E-5 1.3521E-5 1.52633E-5 1.56523E-5 1.43729E-5 1.85347E-5 1.89742E-5 1.94544E-5 2.03069E-5 2.08542E-5 2.10407E-5 2.43125E-5 2.49214E-5 2.80713E-5 2.92977E-5 3.39985E-5 3.45352E-5 3.95922E-5 4.13927E-5 4.20414E-5 4.85345E-5 4.88668E-5
4.9409E-5 4.22199E-5 4.27358E-5 4.18756E-5 3.93295E-5 3.99886E-5 4.05407E-5 3.44138E-5 3.50009E-5 3.58472E-5 2.99132E-5 2.37345E-5 2.41332E-5 2.0534E-5 2.2068E-5 2.25664E-5 2.0904E-5 1.91783E-5 1.96074E-5 1.81129E-5 1.83824E-5 1.69325E-5 1.71812E-5 1.57909E-5 1.59062E-5 1.45587E-5 1.27749E-5 1.2892E-5 1.19359E-5 1.08653E-5 1.11055E-5 1.02318E-5 1.1458E-5 1.01464E-5 1.13615E-5 1.31743E-5 1.21884E-5 1.24124E-5 1.27777E-5 1.46424E-5 1.50167E-5 1.54566E-5 1.58504E-5 1.60215E-5 1.86026E-5 1.91441E-5 1.97723E-5 2.20854E-5 2.08188E-5 2.41982E-5 2.41844E-5 2.50615E-5 2.8173E-5 2.60965E-5 3.08969E-5 3.11698E-5 3.25142E-5 4.12583E-5 4.19922E-5 4.77006E-5 4.89691E-5
5.00409E-5 4.61804E-5 4.31184E-5 4.22506E-5 3.60972E-5 3.67196E-5 3.72825E-5 3.49681E-5 3.54477E-5 3.29287E-5 3.00259E-5 2.79997E-5 2.83232E-5 2.39358E-5 2.44769E-5 2.0703E-5 2.0904E-5 2.13721E-5 1.97091E-5 1.98253E-5 1.84091E-5 1.69325E-5 1.71812E-5 1.58758E-5 1.59655E-5 1.46345E-5 1.27726E-5 1.30558E-5 1.19359E-5 1.21572E-5 1.11882E-5 1.13952E-5 1.1458E-5 1.00737E-5 1.06539E-5 1.20363E-5 1.2255E-5 1.37136E-5 1.27308E-5 1.15014E-5 1.33998E-5 1.40673E-5 1.59086E-5 1.7947E-5 1.8398E-5 1.92451E-5 2.16611E-5 2.22084E-5 2.31339E-5 2.40643E-5 2.77984E-5 2.47498E-5 2.56885E-5 3.0045E-5 3.41794E-5 3.46647E-5 3.1895E-5 3.65492E-5 3.71107E-5 4.32744E-5 4.334E-5
5.00409E-5 4.65938E-5 4.53588E-5 3.9077E-5 3.94003E-5 3.67364E-5 3.74921E-5 3.84047E-5 3.56983E-5 3.32236E-5 3.10177E-5 2.79241E-5 2.60236E-5 2.80407E-5 2.24649E-5 2.26867E-5 2.31953E-5 2.15634E-5 1.9783E-5 2.00777E-5 1.8547E-5 1.87496E-5 1.7335E-5 1.58731E-5 1.60251E-5 1.54584E-5 1.42014E-5 1.27343E-5 1.33475E-5 1.22024E-5 1.24259E-5 1.24971E-5 1.18798E-5 1.15842E-5 1.16678E-5 1.19062E-5 1.23003E-5 1.2237E-5 1.13563E-5 1.48001E-5 1.50993E-5 1.54848E-5 1.59379E-5 1.64594E-5 1.66977E-5 1.71214E-5 1.96262E-5 2.33477E-5 2.37238E-5 2.6973E-5 2.78528E-5 2.85992E-5 2.90547E-5 2.93039E-5 3.05726E-5 3.49155E-5 3.61124E-5 3.61004E-5 3.65369E-5 4.26715E-5 4.31192E-5
4.14193E-5 4.23025E-5 4.2419E-5 4.28667E-5 3.99037E-5 3.72057E-5 3.79531E-5 3.84047E-5 3.60179E-5 3.3521E-5 3.41059E-5 2.91784E-5 3.03963E-5 3.10842E-5 2.85716E-5 2.28898E-5 2.34029E-5 2.14027E-5 2.18033E-5 2.00777E-5 1.83699E-5 1.70452E-5 1.72705E-5 1.5172E-5 1.53719E-5 1.40696E-5 1.29855E-5 1.28483E-5 1.28746E-5 1.21776E-5 1.23848E-5 1.29545E-5 1.31452E-5 1.16272E-5 1.15281E-5 1.17381E-5 1.08538E-5 1.22822E-5 1.40904E-5 1.47457E-5 1.51229E-5 1.55662E-5 1.59631E-5 1.81413E-5 1.85047E-5 1.93483E-5 1.98385E-5 2.25613E-5 2.37696E-5 2.42398E-5 2.70112E-5 2.8243E-5 3.03822E-5 2.93625E-5 3.01951E-5 3.06731E-5 3.6044E-5 3.62307E-5 3.79378E-5 4.26754E-5 4.47718E-5
4.17902E-5 4.26813E-5 4.11575E-5 3.50477E-5 3.68857E-5 3.75388E-5 3.78455E-5 3.48301E-5 3.5558E-5 3.33268E-5 3.38263E-5 3.01309E-5 3.02199E-5 2.82958E-5 2.88274E-5 2.51952E-5 2.54398E-5 2.35751E-5 2.16409E-5 2.00316E-5 2.0225E-5 1.871E-5 1.63611E-5 1.66013E-5 1.53719E-5 1.41956E-5 1.29397E-5 1.31777E-5 1.47285E-5 1.38127E-5 1.28355E-5 1.15851E-5 1.17121E-5 1.0257E-5 1.16314E-5 1.1779E-5 1.19102E-5 1.38099E-5 1.42166E-5 1.63677E-5 1.66635E-5 1.70307E-5 1.74654E-5 1.78166E-5 2.07806E-5 2.13081E-5 2.16543E-5 2.22023E-5 2.33477E-5 2.38493E-5 3.03624E-5 3.11856E-5 3.20846E-5 3.3008E-5 2.94596E-5 3.44247E-5 3.49691E-5 4.08644E-5 4.11461E-5 4.16432E-5 4.3225E-5
4.20388E-5 4.05238E-5 3.79383E-5 3.85973E-5 3.62307E-5 3.00615E-5 3.05785E-5 3.50264E-5 3.58763E-5 3.30934E-5 3.55556E-5 3.33781E-5 3.38313E-5 2.80262E-5 3.15494E-5 2.88262E-5 2.34364E-5 2.38375E-5 2.19985E-5 2.00316E-5 2.04824E-5 1.878E-5 1.66311E-5 1.71803E-5 1.75002E-5 1.59107E-5 1.48002E-5 1.45139E-5 1.44427E-5 1.45259E-5 1.25887E-5 1.16048E-5 1.3153E-5 1.26649E-5 1.16744E-5 1.22103E-5 1.51637E-5 1.40367E-5 1.57803E-5 1.63076E-5 1.67288E-5 1.71563E-5 1.97259E-5 2.03773E-5 2.05591E-5 2.10813E-5 2.13804E-5 2.41395E-5 2.25222E-5 2.63433E-5 2.77998E-5 3.09093E-5 3.1125E-5 3.66931E-5 3.42759E-5 3.49473E-5 3.45492E-5 3.59435E-5 3.71823E-5 4.22791E-5 4.29443E-5
4.20388E-5 4.48985E-5 3.78464E-5 3.47136E-5 3.54485E-5 2.97695E-5 3.0969E-5 3.12201E-5 2.92334E-5 2.79167E-5 2.85507E-5 3.26376E-5 3.06249E-5 2.84018E-5 3.20985E-5 2.72823E-5 2.68139E-5 2.33158E-5 2.14028E-5 2.16096E-5 2.01524E-5 1.6836E-5 1.70834E-5 1.72474E-5 1.53998E-5 1.42746E-5 1.40509E-5 1.43119E-5 1.32333E-5 1.482E-5 1.36267E-5 1.29364E-5 1.31044E-5 1.16085E-5 1.33678E-5 1.36112E-5 1.51671E-5 1.54424E-5 1.56645E-5 1.63368E-5 1.84226E-5 1.93361E-5 1.98296E-5 2.01545E-5 2.07431E-5 2.10044E-5 2.15372E-5 2.78841E-5 2.80805E-5 2.89923E-5 2.69209E-5 3.18119E-5 3.53496E-5 3.31415E-5 3.38378E-5 3.59806E-5 3.65521E-5 3.55681E-5 3.69209E-5 3.77034E-5 4.74724E-5
4.16382E-5 3.71381E-5 3.75767E-5 3.50245E-5 3.20359E-5 2.98234E-5 2.76959E-5 2.82771E-5 2.76565E-5 2.67669E-5 2.48283E-5 2.55764E-5 2.16369E-5 2.39385E-5 2.23395E-5 2.50947E-5 2.04382E-5 2.06396E-5 1.90777E-5 1.94315E-5 1.78195E-5 1.80846E-5 1.65692E-5 1.68781E-5 1.56282E-5 1.57422E-5 1.42295E-5 1.44186E-5 1.33073E-5 1.50083E-5 1.50386E-5 1.42848E-5 1.332E-5 1.51611E-5 1.35374E-5 1.5082E-5 1.54127E-5 1.56959E-5 1.58386E-5 1.85875E-5 1.89236E-5 1.91992E-5 1.96895E-5 2.02606E-5 2.05918E-5 2.32035E-5 2.45789E-5 2.83893E-5 2.87981E-5 2.92042E-5 3.34588E-5 3.44359E-5 3.54993E-5 3.29222E-5 3.7379E-5 3.81647E-5 3.94086E-5 3.997E-5 4.15652E-5 4.10327E-5 4.69776E-5
3.43404E-5 3.21331E-5 3.25694E-5 3.05574E-5 2.82585E-5 2.84913E-5 2.66075E-5 2.7346E-5 2.41308E-5 2.45866E-5 2.53316E-5 2.53883E-5 2.35326E-5 2.39385E-5 2.44765E-5 2.25569E-5 2.34176E-5 2.06396E-5 2.09475E-5 1.93621E-5 1.78452E-5 1.97626E-5 1.82821E-5 1.53676E-5 1.70649E-5 1.54087E-5 1.55789E-5 1.44938E-5 1.47408E-5 1.50669E-5 1.53428E-5 1.59331E-5 1.50752E-5 1.67319E-5 1.33882E-5 1.37838E-5 1.53864E-5 1.56382E-5 1.60393E-5 2.07562E-5 2.10587E-5 2.11758E-5 1.96895E-5 2.21074E-5 2.32439E-5 2.39282E-5 2.42289E-5 2.50179E-5 2.84354E-5 3.2818E-5 3.38258E-5 3.44359E-5 3.19465E-5 3.67912E-5 3.72439E-5 3.77642E-5 3.98384E-5 3.99826E-5 4.42382E-5 4.51923E-5 4.5341E-5
3.17432E-5 3.24208E-5 3.25694E-5 3.32608E-5 3.10859E-5 2.65676E-5 2.68856E-5 2.59586E-5 2.64495E-5 2.47135E-5 2.51417E-5 2.57086E-5 2.57694E-5 2.40623E-5 2.23395E-5 2.25044E-5 2.32428E-5 2.16769E-5 2.08693E-5 1.93176E-5 1.95772E-5 1.97626E-5 1.66553E-5 1.68781E-5 1.67629E-5 1.69512E-5 1.71739E-5 1.58683E-5 1.64795E-5 1.69102E-5 1.73483E-5 1.74705E-5 1.61643E-5 1.69442E-5 1.50265E-5 1.51642E-5 1.54433E-5 1.79522E-5 1.82774E-5 2.07611E-5 2.11363E-5 2.15969E-5 2.17165E-5 2.53955E-5 2.59531E-5 2.61841E-5 2.69396E-5 2.73843E-5 2.90515E-5 3.34207E-5 3.42628E-5 3.14418E-5 3.61513E-5 3.65253E-5 3.6975E-5 4.2569E-5 3.92267E-5 4.40356E-5 4.47483E-5 4.50439E-5 4.45588E-5
3.17432E-5 3.24208E-5 3.00891E-5 2.82144E-5 2.85556E-5 2.90478E-5 2.80139E-5 2.62901E-5 2.66864E-5 2.44388E-5 2.4991E-5 2.55159E-5 2.58054E-5 2.37927E-5 2.43313E-5 2.52247E-5 2.34176E-5 2.08244E-5 2.46335E-5 1.94626E-5 1.97208E-5 1.81492E-5 1.83504E-5 1.69659E-5 1.67658E-5 1.70144E-5 1.79317E-5 1.81969E-5 1.68133E-5 1.70616E-5 1.72201E-5 1.74739E-5 1.79258E-5 1.8253E-5 1.72531E-5 1.52469E-5 1.75982E-5 1.78902E-5 1.99425E-5 2.0717E-5 2.10587E-5 2.36327E-5 2.49863E-5 2.53955E-5 2.59531E-5 2.628E-5 2.69468E-5 2.74844E-5 3.1889E-5 2.95772E-5 3.02736E-5 3.55803E-5 3.5501E-5 3.97805E-5 4.16792E-5 4.24281E-5 4.27364E-5 4.3104E-5 4.79344E-5 4.85197E-5 4.88559E-5
2.95373E-5 3.00532E-5 3.05764E-5 2.82144E-5 2.63513E-5 2.68055E-5 2.81199E-5 2.60924E-5 2.64858E-5 2.67469E-5 2.4991E-5 2.80346E-5 2.61926E-5 2.62543E-5 2.45146E-5 2.52247E-5 2.54699E-5 2.38565E-5 2.06803E-5 1.90711E-5 1.96473E-5 1.81756E-5 1.83504E-5 2.05416E-5 1.90022E-5 1.74771E-5 1.7802E-5 1.82646E-5 1.86035E-5 1.71886E-5 1.75036E-5 1.76958E-5 1.78631E-5 1.82568E-5 1.85859E-5 1.73104E-5 1.91967E-5 1.95454E-5 1.98737E-5 2.28372E-5 2.11793E-5 2.42812E-5 2.47189E-5 2.54422E-5 2.60482E-5 2.93188E-5 2.9687E-5 3.12667E-5 3.15509E-5 3.24751E-5 3.3053E-5 3.43733E-5 3.92952E-5 4.08744E-5 3.97073E-5 4.66884E-5 4.71981E-5 4.73547E-5 4.77763E-5 4.77615E-5 5.29771E-5
3.55693E-5 3.29326E-5 3.03585E-5 2.84671E-5 2.90692E-5 2.78409E-5 2.82613E-5 2.6326E-5 2.91903E-5 2.97418E-5 2.75579E-5 2.80736E-5 2.85625E-5 2.62543E-5 2.44228E-5 2.52247E-5 2.5698E-5 2.36786E-5 2.16669E-5 2.18763E-5 2.03328E-5 2.06352E-5 2.23917E-5 2.06953E-5 2.09242E-5 1.9428E-5 1.96425E-5 2.01531E-5 1.88398E-5 1.91143E-5 1.92954E-5 1.77615E-5 1.97906E-5 1.87817E-5 2.08948E-5 1.92329E-5 1.90888E-5 1.94778E-5 1.99779E-5 2.26802E-5 2.38059E-5 2.67929E-5 2.74336E-5 2.79342E-5 2.86972E-5 2.94261E-5 3.04943E-5 3.43013E-5 3.17818E-5 3.23571E-5 3.71117E-5 3.78466E-5 4.44302E-5 4.53065E-5 3.95636E-5 4.3451E-5 4.81203E-5 4.51893E-5 4.90798E-5 4.97643E-5 4.96651E-5
3.25471E-5 3.03222E-5 3.34521E-5 3.07824E-5 3.24415E-5 2.78786E-5 2.8052E-5 2.60296E-5 2.87532E-5 2.68849E-5 2.73512E-5 2.5459E-5 2.85625E-5 2.62543E-5 2.72572E-5 2.52247E-5 2.83654E-5 2.38644E-5 2.43113E-5 2.24712E-5 2.00305E-5 2.19816E-5 2.23917E-5 2.09549E-5 2.09242E-5 1.9428E-5 1.96425E-5 1.82575E-5 1.87318E-5 1.88363E-5 1.92529E-5 1.95367E-5 2.23143E-5 1.87817E-5 1.89874E-5 2.11233E-5 2.15124E-5 2.08653E-5 2.23884E-5 2.34192E-5 2.38936E-5 2.68979E-5 2.73398E-5 2.80437E-5 2.48985E-5 2.85242E-5 3.19695E-5 3.36991E-5 3.45524E-5 3.60664E-5 3.68529E-5 3.77201E-5 3.86694E-5 4.28503E-5 4.33789E-5 4.37671E-5 4.82949E-5 4.37671E-5 4.83744E-5 5.38232E-5 4.9338E-5
3.27142E-5 3.01057E-5 3.34378E-5 3.11624E-5 3.24415E-5 3.02515E-5 2.79463E-5 3.19765E-5 3.22923E-5 3.03212E-5 2.73512E-5 2.89497E-5 2.93392E-5 2.97373E-5 2.73723E-5 2.56504E-5 2.58997E-5 2.63475E-5 2.45817E-5 2.47305E-5 2.00305E-5 2.23445E-5 2.26397E-5 2.26397E-5 2.10331E-5 2.12656E-5 2.15006E-5 1.98184E-5 1.85932E-5 1.89346E-5 1.97033E-5 2.00679E-5 2.0435E-5 2.06277E-5 2.08536E-5 2.12015E-5 2.1592E-5 2.18699E-5 2.45374E-5 2.56121E-5 2.60412E-5 2.68057E-5 2.75913E-5 2.42418E-5 2.81765E-5 3.11864E-5 3.1978E-5 3.35763E-5 3.8773E-5 3.94116E-5 3.6719E-5 4.14257E-5 4.1787E-5 4.23861E-5 4.21504E-5 4.29095E-5 4.74421E-5 4.81203E-5 4.85498E-5 4.86443E-5 4.91599E-5
4.05744E-5 4.12088E-5 3.79024E-5 3.65807E-5 3.37041E-5 3.44732E-5 3.45483E-5 3.24588E-5 3.29028E-5 3.02008E-5 2.80219E-5 2.83996E-5 2.93392E-5 2.99992E-5 2.74713E-5 2.81978E-5 2.85743E-5 2.648E-5 2.67363E-5 2.45817E-5 2.11825E-5 2.14977E-5 2.44815E-5 2.25555E-5 2.28052E-5 2.11079E-5 1.95291E-5 1.9774E-5 2.07318E-5 2.33343E-5 2.17406E-5 2.17844E-5 2.2183E-5 2.05516E-5 2.11599E-5 2.12799E-5 2.39596E-5 2.47499E-5 2.58033E-5 2.52653E-5 2.61431E-5 2.62273E-5 2.70962E-5 2.39765E-5 2.76792E-5 3.09591E-5 3.20951E-5 3.83613E-5 3.85016E-5 3.91253E-5 3.95445E-5 4.02487E-5 4.46533E-5 4.54593E-5 4.62027E-5 4.68646E-5 4.6943E-5 4.73632E-5 5.22337E-5 5.28748E-5 5.91275E-5
2.98145E-5 3.37727E-5 3.52217E-5 3.5755E-5 3.36136E-5 3.39425E-5 3.42826E-5 3.19668E-5 3.2282E-5 2.99742E-5 3.04251E-5 2.83996E-5 2.8894E-5 3.26952E-5 2.9957E-5 2.79872E-5 2.82593E-5 2.62866E-5 2.5657E-5 2.59423E-5 2.683E-5 2.69877E-5 2.44815E-5 2.25884E-5 2.27203E-5 2.37728E-5 2.19254E-5 2.23661E-5 2.26596E-5 2.09603E-5 2.127E-5 2.1472E-5 1.99976E-5 2.05148E-5 2.10084E-5 2.33989E-5 2.45257E-5 2.49769E-5 2.53033E-5 2.51725E-5 2.60079E-5 2.6812E-5 2.80448E-5 2.714E-5 2.74771E-5 3.07413E-5 3.15222E-5 3.80925E-5 3.85016E-5 3.86997E-5 4.49163E-5 3.98915E-5 4.48288E-5 4.95249E-5 5.03198E-5 4.61264E-5 5.17706E-5 5.14976E-5 5.20448E-5 5.25095E-5 5.75703E-5
3.99435E-5 3.82055E-5 3.5537E-5 3.5755E-5 3.18584E-5 3.67902E-5 3.43293E-5 3.46686E-5 3.23263E-5 2.99742E-5 3.06551E-5 2.72233E-5 2.91527E-5 2.98911E-5 3.3014E-5 3.06344E-5 3.1277E-5 2.91097E-5 2.82454E-5 2.58455E-5 2.63287E-5 2.40777E-5 2.7389E-5 2.58034E-5 2.60507E-5 2.65353E-5 2.4523E-5 2.03874E-5 2.04597E-5 2.26554E-5 2.11912E-5 2.1472E-5 2.18696E-5 2.05148E-5 2.29799E-5 2.19866E-5 2.15636E-5 2.46769E-5 2.41835E-5 2.47189E-5 2.52597E-5 2.88285E-5 2.97837E-5 3.10432E-5 3.4641E-5 3.03098E-5 3.14235E-5 3.80925E-5 4.3042E-5 3.88517E-5 4.5909E-5 4.64934E-5 4.47425E-5 4.57155E-5 5.03346E-5 4.6943E-5 5.18722E-5 5.1958E-5 5.70613E-5 5.76668E-5 6.38581E-5
3.76849E-5 3.621E-5 3.06072E-5 3.11888E-5 3.16183E-5 3.5134E-5 2.98885E-5 3.05277E-5 2.84489E-5 2.89423E-5 2.92671E-5 2.72233E-5 2.79411E-5 2.83199E-5 3.3513E-5 3.10925E-5 3.15121E-5 3.06866E-5 2.85595E-5 2.88352E-5 2.68205E-5 2.71369E-5 2.73977E-5 2.56728E-5 2.9431E-5 2.70734E-5 2.4886E-5 2.55325E-5 2.77255E-5 2.54946E-5 2.33862E-5 2.38194E-5 2.45266E-5 2.55644E-5 2.36096E-5 2.38681E-5 2.29907E-5 2.39698E-5 2.48594E-5 2.79221E-5 2.90479E-5 3.20767E-5 2.98932E-5 3.12717E-5 3.57357E-5 3.60419E-5 3.66302E-5 3.79738E-5 3.92359E-5 4.4941E-5 4.55016E-5 4.63245E-5 4.53977E-5 4.58061E-5 5.12411E-5 4.63717E-5 5.24391E-5 5.78759E-5 5.77789E-5 5.83912E-5 5.84859E-5
3.6396E-5 3.66198E-5 3.4062E-5 3.14989E-5 3.20964E-5 3.22922E-5 3.03395E-5 3.05277E-5 3.41085E-5 3.15687E-5 3.1879E-5 3.0157E-5 2.80462E-5 2.85291E-5 3.26572E-5 3.29693E-5 3.07019E-5 3.12765E-5 3.02989E-5 3.23138E-5 3.33871E-5 3.11923E-5 3.2138E-5 2.59993E-5 2.93217E-5 2.41631E-5 2.21985E-5 2.27416E-5 2.64482E-5 2.63108E-5 2.69916E-5 2.45361E-5 2.24441E-5 2.34805E-5 2.36143E-5 2.29456E-5 2.35875E-5 2.35826E-5 2.39279E-5 2.49071E-5 2.87807E-5 2.93631E-5 3.02241E-5 3.36745E-5 3.8328E-5 3.87364E-5 3.67738E-5 3.77073E-5 4.28275E-5 4.50319E-5 5.03807E-5 4.42947E-5 4.55629E-5 4.59727E-5 5.1412E-5 5.14976E-5 5.25255E-5 5.32588E-5 5.83912E-5 5.90096E-5 6.03803E-5
3.97041E-5 3.67588E-5 3.43209E-5 2.84895E-5 3.27088E-5 3.27839E-5 3.01151E-5 3.35263E-5 3.39802E-5 3.16879E-5 2.91571E-5 2.72612E-5 3.03378E-5 3.09039E-5 2.86767E-5 2.64538E-5 2.75766E-5 2.79884E-5 2.78518E-5 2.84791E-5 2.87538E-5 3.08954E-5 2.85224E-5 2.54617E-5 2.58397E-5 2.55524E-5 2.58889E-5 2.18745E-5 2.26615E-5 2.08107E-5 2.37713E-5 2.44775E-5 2.48279E-5 2.51936E-5 2.56203E-5 2.26926E-5 2.5222E-5 2.36697E-5 2.70358E-5 2.53697E-5 2.9168E-5 2.99072E-5 3.31388E-5 3.36827E-5 3.76426E-5 3.96555E-5 3.9154E-5 4.11034E-5 4.32987E-5 4.93189E-5 5.05503E-5 4.46055E-5 4.96377E-5 5.07013E-5 5.1513E-5 5.24391E-5 5.34683E-5 5.39274E-5 5.44982E-5 5.97676E-5 5.99649E-5
3.65342E-5 3.4066E-5 3.37885E-5 3.12879E-5 3.15984E-5 2.94246E-5 2.97598E-5 3.09134E-5 3.12181E-5 3.18118E-5 2.92711E-5 2.73639E-5 3.07202E-5 2.82535E-5 2.89969E-5 3.47975E-5 3.23022E-5 3.0081E-5 3.33456E-5 3.10514E-5 2.89031E-5 2.92239E-5 2.60591E-5 3.08849E-5 2.77771E-5 2.86094E-5 2.8991E-5 2.65697E-5 2.75985E-5 2.72656E-5 2.63244E-5 2.45995E-5 2.72222E-5 2.5287E-5 2.42685E-5 2.4895E-5 2.5129E-5 2.33279E-5 2.62098E-5 2.75263E-5 2.87935E-5 3.18564E-5 3.23737E-5 3.31479E-5 3.73178E-5 4.51039E-5 4.50204E-5 4.49407E-5 4.59926E-5 4.32869E-5 5.08362E-5 4.4931E-5 4.9985E-5 5.0434E-5 5.17001E-5 5.21465E-5 5.30828E-5 5.41226E-5 5.96429E-5 5.8882E-5 5.95038E-5
3.61043E-5 3.31587E-5 3.36609E-5 3.3867E-5 3.17181E-5 3.2319E-5 3.25156E-5 3.04335E-5 3.08452E-5 2.86399E-5 3.2358E-5 2.98187E-5 3.06095E-5 3.1749E-5 3.23456E-5 3.01269E-5 3.55777E-5 3.58395E-5 3.62385E-5 3.07591E-5 2.8267E-5 3.09304E-5 2.86833E-5 2.92807E-5 2.74282E-5 2.54202E-5 2.5851E-5 3.30789E-5 3.06734E-5 2.55628E-5 2.59409E-5 2.63781E-5 2.68267E-5 2.36925E-5 2.39166E-5 2.44973E-5 2.5129E-5 2.55919E-5 2.61134E-5 2.71356E-5 2.84838E-5 3.1507E-5 3.24928E-5 3.31479E-5 3.71814E-5 4.45405E-5 4.14085E-5 4.69887E-5 4.83546E-5 4.80862E-5 4.44561E-5 5.22055E-5 5.05324E-5 4.68928E-5 5.11378E-5 5.14079E-5 5.25201E-5 5.81908E-5 5.8882E-5 6.01512E-5 5.98135E-5
3.30812E-5 3.35376E-5 3.40412E-5 3.44255E-5 3.15984E-5 3.50306E-5 3.2393E-5 3.30058E-5 3.05025E-5 3.08494E-5 3.18996E-5 3.28485E-5 3.10698E-5 3.3432E-5 3.23456E-5 3.24672E-5 3.28296E-5 3.21814E-5 3.55721E-5 2.97449E-5 2.98093E-5 3.10463E-5 2.78517E-5 2.91717E-5 2.60717E-5 2.7183E-5 2.76438E-5 3.29561E-5 2.78096E-5 2.78619E-5 2.83792E-5 2.86491E-5 2.53167E-5 2.56516E-5 2.62281E-5 2.41471E-5 2.47704E-5 2.27959E-5 2.60737E-5 2.66402E-5 3.07264E-5 3.14578E-5 3.24492E-5 3.3217E-5 3.86812E-5 4.0828E-5 4.58387E-5 4.75059E-5 4.82761E-5 5.56358E-5 4.99274E-5 4.89362E-5 5.09859E-5 5.04321E-5 5.12376E-5 5.25201E-5 5.26055E-5 5.35312E-5 5.4576E-5 5.56386E-5 6.13215E-5
2.99287E-5 3.01125E-5 3.31286E-5 3.40412E-5 3.42493E-5 3.52918E-5 3.52392E-5 3.27577E-5 3.32058E-5 3.10785E-5 3.56713E-5 3.20199E-5 3.32128E-5 3.3711E-5 3.47565E-5 3.26872E-5 3.34221E-5 3.10985E-5 3.49174E-5 3.49933E-5 3.24423E-5 3.0324E-5 3.12341E-5 2.92857E-5 3.21881E-5 2.96002E-5 2.7546E-5 2.87367E-5 2.9011E-5 2.6986E-5 2.71418E-5 2.75427E-5 2.77011E-5 2.82138E-5 2.36213E-5 2.40626E-5 2.42847E-5 2.49161E-5 2.31304E-5 3.01789E-5 3.06788E-5 3.09572E-5 3.20939E-5 3.29822E-5 3.93232E-5 4.15706E-5 4.22361E-5 4.83674E-5 5.37846E-5 5.62466E-5 5.71371E-5 5.11869E-5 5.00826E-5 5.10678E-5 5.23464E-5 5.29871E-5 4.90702E-5 5.42008E-5 5.49535E-5 5.56205E-5 6.19467E-5
