Artocarpus hirsutus SDM files/MIS19/results (with bias file)/Arthir_9.asc
ncols         625
nrows         721
xllcorner     69.99986311115
yllcorner     5.99986187915
cellsize      0.041666667
NODATA_value  -9999
[rows 216 to 242 of 721, columns 427 to 487 of 625]
2.20404E-3 1.73397E-3 1.53999E-3 1.09002E-3 3.05195E-3 1.59392E-3 5.10584E-4 2.97901E-4 1.19486E-3 9.78315E-4 1.14573E-3 1.20356E-3 3.87842E-4 3.88417E-4 4.45837E-4 1.49436E-3 3.155E-3 3.15067E-3 5.13822E-4 1.56312E-4 1.19725E-4 2.23707E-4 1.49066E-4 2.20033E-4 2.73669E-4 4.67914E-4 1.12499E-3 1.29864E-3 1.06331E-3 2.07437E-4 8.52946E-4 4.93539E-4 1.17873E-3 4.22087E-3 4.39405E-3 1.20403E-3 1.53126E-3 8.29111E-4 1.88825E-3 3.23687E-3 1.81615E-3 1.12347E-3 1.48021E-3 2.15912E-3 2.91459E-3 9.79219E-4 8.40652E-4 1.46803E-3 2.13811E-3 1.77654E-3 3.23564E-3 4.1727E-3 2.60096E-3 2.50543E-3 4.51051E-3 5.35825E-3 4.47804E-3 4.23077E-3 2.53696E-3 2.10381E-3 3.05426E-3
3.19921E-3 2.13487E-3 1.44519E-3 1.61117E-3 3.50794E-3 9.24756E-4 8.54298E-4 9.41485E-4 3.90468E-4 3.09479E-4 6.62765E-4 3.92831E-4 1.13248E-4 5.28637E-4 1.07972E-3 2.36583E-3 2.01367E-3 3.05543E-4 1.33314E-4 2.67358E-4 2.12155E-4 3.90436E-4 2.74037E-4 3.89883E-4 4.12775E-4 7.279E-4 2.42573E-3 1.62588E-3 5.87057E-4 5.33766E-4 1.03983E-3 2.02706E-4 5.0697E-4 1.60388E-3 4.64658E-3 2.32553E-3 2.13134E-3 8.08459E-4 1.59221E-3 7.54903E-3 4.32497E-3 6.34928E-4 3.99473E-4 2.04477E-3 9.62587E-4 6.18278E-4 1.12575E-3 8.44388E-4 2.0731E-3 2.9586E-3 2.75079E-3 5.05171E-3 3.10659E-3 2.95588E-3 5.41654E-3 4.54014E-3 2.64746E-3 2.37863E-3 1.64771E-3 2.04677E-3 1.73482E-3
3.85038E-3 1.73312E-3 1.60173E-3 2.33385E-3 2.49536E-3 1.33949E-3 2.17385E-3 9.40508E-4 4.79934E-4 4.23367E-4 1.04687E-3 1.05013E-3 1.44844E-4 5.45167E-4 6.07186E-4 8.65885E-4 5.05562E-4 3.00198E-4 2.55952E-4 2.9789E-4 5.11627E-4 7.16487E-4 5.01526E-4 6.5651E-4 5.75065E-4 7.87095E-4 1.11372E-3 6.80698E-4 6.27244E-4 6.96073E-4 9.22557E-4 9.51036E-4 1.59613E-3 1.5033E-3 9.0259E-4 3.4195E-3 1.17264E-3 9.64114E-4 3.28087E-3 3.10696E-3 6.04893E-4 5.20166E-4 1.2795E-3 2.02589E-3 5.67921E-4 3.93395E-4 2.04273E-3 1.14749E-3 8.49856E-4 1.61535E-3 1.92523E-3 4.02695E-3 4.32692E-3 4.83221E-3 6.39762E-3 4.03378E-3 3.81233E-3 1.73815E-3 1.98121E-3 3.11806E-3 2.65911E-3
3.21194E-3 1.37077E-3 1.67939E-3 3.13028E-3 3.23107E-3 2.33371E-3 1.16226E-3 8.52203E-4 3.66103E-4 4.6507E-4 1.14225E-3 1.20949E-3 1.41777E-4 2.69443E-4 2.42689E-4 3.67378E-4 5.59403E-4 4.24833E-4 4.41089E-4 5.81229E-4 9.20116E-4 5.97822E-4 5.35909E-4 6.80019E-4 6.2456E-4 6.38773E-4 6.79339E-4 8.22837E-4 9.59424E-4 1.10275E-3 1.46517E-3 1.73886E-3 6.03998E-4 1.78571E-4 5.74173E-4 9.39212E-4 9.18162E-4 1.04287E-3 1.10078E-3 4.87088E-4 5.43537E-4 4.86083E-4 6.41505E-4 2.00079E-3 1.73416E-3 2.29839E-4 6.7649E-4 2.32323E-3 1.04389E-3 1.96132E-3 1.87353E-3 1.18535E-3 1.96109E-3 6.10276E-3 5.64109E-3 5.53046E-3 2.95706E-3 2.20594E-3 2.60956E-3 3.13231E-3 2.63192E-3
1.89061E-3 1.50758E-3 2.11354E-3 2.97075E-3 1.30769E-3 7.78029E-4 2.00553E-3 5.32549E-4 4.519E-4 5.28783E-4 6.36856E-4 3.81439E-4 3.30093E-4 4.47503E-4 4.07133E-4 5.84685E-4 1.55964E-3 1.35964E-3 1.06639E-3 1.07899E-3 9.64258E-4 7.59786E-4 1.00573E-3 1.25374E-3 1.09105E-3 7.58172E-4 9.49232E-4 1.39376E-3 1.34159E-3 1.20327E-3 9.94739E-4 1.19819E-3 6.91081E-4 1.92518E-4 1.44863E-4 1.47375E-4 3.19423E-4 1.42993E-3 1.33118E-3 8.14126E-4 1.83377E-3 5.15761E-4 1.82665E-4 1.86082E-3 2.39527E-4 1.15229E-4 1.86436E-4 9.43022E-4 1.86912E-3 1.22272E-3 2.38389E-3 1.25636E-3 4.58104E-3 5.36199E-3 3.643E-3 2.24299E-3 1.9805E-3 2.61798E-3 3.19981E-3 3.75194E-3 3.71556E-3
2.58473E-3 1.71123E-3 1.85016E-3 1.80955E-3 1.11323E-3 1.2777E-3 8.01399E-4 4.6283E-4 4.69063E-4 6.4684E-4 6.96502E-4 7.32895E-4 7.49799E-4 7.0266E-4 8.67472E-4 1.35156E-3 1.15069E-3 1.12099E-3 1.26299E-3 1.24994E-3 1.00547E-3 9.68422E-4 1.29846E-3 1.79421E-3 1.45037E-3 7.32626E-4 1.12806E-3 1.09198E-3 1.05062E-3 9.59508E-4 8.03653E-4 7.45664E-4 3.82645E-4 3.70987E-4 2.54616E-4 2.15968E-4 6.39294E-4 1.93505E-3 1.42598E-3 1.17442E-3 4.36254E-4 4.11156E-4 3.0776E-4 2.08379E-3 2.89589E-3 5.77634E-4 2.76589E-4 2.45281E-3 4.5841E-4 7.65786E-4 1.54315E-3 3.46961E-3 4.95441E-3 2.01553E-3 1.39664E-3 1.85197E-3 2.45375E-3 2.95431E-3 4.17682E-3 4.43179E-3 4.40887E-3
2.34043E-3 2.26684E-3 2.74643E-3 1.70669E-3 1.28743E-3 1.32893E-3 9.81387E-4 7.68268E-4 8.18314E-4 9.94301E-4 1.12424E-3 1.10872E-3 1.11632E-3 1.08906E-3 1.20467E-3 1.49206E-3 1.15688E-3 9.68599E-4 1.20124E-3 1.16274E-3 8.69735E-4 8.7251E-4 1.19385E-3 1.44158E-3 6.85173E-4 7.08262E-4 9.36475E-4 1.02921E-3 9.65976E-4 7.27727E-4 6.20946E-4 6.03157E-4 5.27985E-4 3.66639E-4 3.16771E-4 3.66267E-4 1.1422E-3 1.25026E-3 1.00844E-3 8.02946E-4 5.86884E-4 2.13133E-4 1.13713E-4 7.7639E-5 1.96303E-4 9.14161E-4 7.0091E-4 5.16258E-4 2.27703E-4 3.63612E-4 1.4333E-3 2.8084E-3 1.13265E-3 1.36479E-3 1.68992E-3 2.29415E-3 3.1742E-3 3.43708E-3 4.5477E-3 4.39618E-3 5.28883E-3
1.94901E-3 1.90932E-3 2.18551E-3 1.26068E-3 1.69899E-3 1.50714E-3 1.34257E-3 1.11605E-3 1.20824E-3 1.23857E-3 1.21079E-3 1.22494E-3 1.17224E-3 1.19674E-3 1.32794E-3 1.33571E-3 1.25912E-3 1.06296E-3 9.41636E-4 1.08147E-3 9.35727E-4 9.25546E-4 9.92016E-4 9.75972E-4 6.00956E-4 8.11671E-4 9.62037E-4 9.32866E-4 8.67373E-4 6.88591E-4 6.7665E-4 6.03213E-4 4.87731E-4 4.52175E-4 5.33066E-4 8.77894E-4 1.08055E-3 1.02661E-3 8.31173E-4 8.94047E-4 6.56873E-4 5.06357E-4 3.49358E-4 2.41824E-4 2.12139E-4 8.37448E-5 3.41828E-4 4.38158E-4 5.17146E-4 1.19203E-3 1.60687E-3 1.31649E-3 1.48915E-3 1.77642E-3 2.12896E-3 2.78747E-3 3.3131E-3 3.25414E-3 3.66009E-3 3.87958E-3 3.62964E-3
1.63829E-3 1.1875E-3 1.34362E-3 1.45652E-3 1.85229E-3 1.49471E-3 1.34822E-3 1.48652E-3 1.56561E-3 1.50955E-3 1.30427E-3 1.29429E-3 1.12165E-3 1.19962E-3 1.32088E-3 1.23767E-3 1.12228E-3 9.6617E-4 8.20945E-4 9.12023E-4 1.02403E-3 9.32948E-4 9.5223E-4 9.38318E-4 9.07963E-4 9.46055E-4 9.34124E-4 9.28896E-4 8.38551E-4 7.74262E-4 7.54752E-4 7.70866E-4 7.51885E-4 9.64087E-4 1.20637E-3 1.14664E-3 1.04948E-3 1.00613E-3 9.07384E-4 8.42394E-4 7.33402E-4 7.80155E-4 6.87503E-4 4.71428E-4 3.34469E-4 4.78208E-4 9.40043E-4 1.24398E-3 1.14237E-3 1.7651E-3 2.17938E-3 2.1949E-3 2.20301E-3 2.32207E-3 2.6401E-3 3.06281E-3 3.40792E-3 3.68989E-3 3.98496E-3 4.15656E-3 4.47577E-3
1.69291E-3 1.69806E-3 2.0209E-3 1.90008E-3 1.67729E-3 1.53521E-3 1.31898E-3 1.47779E-3 1.5994E-3 1.16903E-3 1.17747E-3 1.28052E-3 1.09378E-3 1.26784E-3 1.36226E-3 1.25563E-3 1.14262E-3 1.0933E-3 9.73823E-4 9.52149E-4 9.31194E-4 9.50686E-4 1.00773E-3 9.76444E-4 9.70267E-4 9.43747E-4 9.61948E-4 9.05152E-4 9.66388E-4 9.06335E-4 9.84291E-4 9.37097E-4 1.04179E-3 1.27131E-3 1.12011E-3 1.00652E-3 1.05272E-3 1.02052E-3 9.40114E-4 9.59968E-4 8.98759E-4 8.36553E-4 7.15041E-4 5.82055E-4 6.36722E-4 1.0226E-3 1.2794E-3 1.44488E-3 1.62337E-3 1.87782E-3 2.30384E-3 2.56347E-3 2.46563E-3 2.3633E-3 2.64605E-3 3.15323E-3 3.37758E-3 3.98907E-3 4.3112E-3 4.63696E-3 5.29758E-3
1.85909E-3 1.85442E-3 1.91018E-3 1.80772E-3 1.56298E-3 1.45136E-3 1.29077E-3 1.45875E-3 1.48373E-3 1.34018E-3 1.30367E-3 1.4118E-3 1.20506E-3 1.31035E-3 1.34168E-3 1.23942E-3 1.17145E-3 1.10623E-3 1.05583E-3 9.3917E-4 9.55676E-4 9.15238E-4 9.18141E-4 1.03284E-3 1.04657E-3 9.3413E-4 9.89444E-4 9.65295E-4 9.90815E-4 1.05495E-3 1.12256E-3 1.18771E-3 1.20593E-3 1.2953E-3 1.23646E-3 1.16324E-3 1.09102E-3 1.08435E-3 9.41898E-4 1.01471E-3 9.49592E-4 9.89801E-4 8.77477E-4 7.89533E-4 9.04882E-4 1.29351E-3 1.47546E-3 1.40535E-3 1.75877E-3 2.02231E-3 2.25981E-3 2.60081E-3 2.98955E-3 2.95907E-3 3.20898E-3 3.55034E-3 4.12178E-3 4.52824E-3 5.29248E-3 5.57857E-3 6.13562E-3
1.87727E-3 1.86821E-3 1.83897E-3 1.73183E-3 1.55906E-3 1.41812E-3 1.36018E-3 1.42783E-3 1.43325E-3 1.44024E-3 1.57431E-3 1.42187E-3 1.43314E-3 1.39336E-3 1.27464E-3 1.25105E-3 1.17608E-3 1.02608E-3 1.03489E-3 9.51519E-4 9.57642E-4 9.71414E-4 9.77823E-4 9.52737E-4 1.01236E-3 9.92557E-4 9.84179E-4 1.05635E-3 1.07195E-3 1.06804E-3 1.10882E-3 1.27395E-3 1.32079E-3 1.3204E-3 1.36141E-3 1.24384E-3 1.26311E-3 1.16988E-3 1.03412E-3 1.13438E-3 1.11039E-3 1.15102E-3 1.00294E-3 1.21355E-3 1.48785E-3 1.43409E-3 1.32356E-3 1.48741E-3 1.90117E-3 1.85261E-3 2.25569E-3 2.5776E-3 3.03019E-3 3.61426E-3 3.92521E-3 4.35126E-3 4.68611E-3 5.43E-3 5.79507E-3 6.14461E-3 6.62521E-3
1.7841E-3 1.77647E-3 1.88338E-3 1.96838E-3 2.09678E-3 1.65812E-3 1.35545E-3 1.38006E-3 1.40682E-3 1.57196E-3 1.51743E-3 1.53108E-3 1.56284E-3 1.4388E-3 1.29894E-3 1.26987E-3 1.20522E-3 1.08698E-3 1.04579E-3 1.04448E-3 1.02226E-3 9.56545E-4 9.92855E-4 1.02066E-3 9.92647E-4 1.08828E-3 1.08392E-3 1.06362E-3 1.14195E-3 1.19349E-3 1.24244E-3 1.27314E-3 1.45359E-3 1.44486E-3 1.40014E-3 1.48842E-3 1.45976E-3 1.53267E-3 1.4637E-3 1.45481E-3 1.47865E-3 1.46424E-3 1.61269E-3 1.75238E-3 1.66093E-3 1.6505E-3 1.68908E-3 1.80862E-3 1.94058E-3 1.93527E-3 2.39367E-3 2.69977E-3 3.33487E-3 3.94021E-3 4.3977E-3 4.83334E-3 5.10361E-3 5.91485E-3 6.33336E-3 6.89036E-3 8.19252E-3
1.85928E-3 1.71248E-3 1.61928E-3 1.74197E-3 1.36044E-3 9.75959E-4 1.08495E-3 1.43339E-3 1.49728E-3 1.62025E-3 1.58064E-3 1.60947E-3 1.55086E-3 1.45487E-3 1.32285E-3 1.26614E-3 1.29615E-3 1.20778E-3 1.14842E-3 1.07131E-3 1.11047E-3 1.09859E-3 1.07959E-3 1.1456E-3 1.15145E-3 1.11856E-3 1.19162E-3 1.16498E-3 1.22925E-3 1.3158E-3 1.33512E-3 1.42155E-3 1.49135E-3 1.64012E-3 1.62361E-3 1.74899E-3 1.77535E-3 1.63828E-3 1.73589E-3 1.70513E-3 1.71165E-3 1.63323E-3 1.85393E-3 1.82759E-3 1.85174E-3 1.89686E-3 1.95223E-3 2.08514E-3 2.12764E-3 2.40403E-3 2.79987E-3 3.42044E-3 3.79852E-3 4.24729E-3 4.89857E-3 5.39037E-3 6.20714E-3 6.62206E-3 7.18061E-3 8.28155E-3 9.02395E-3
1.88412E-3 1.74196E-3 1.60893E-3 1.53275E-3 1.35819E-3 1.37659E-3 1.51673E-3 1.54049E-3 1.48911E-3 1.66505E-3 1.61292E-3 1.56071E-3 1.46837E-3 1.49805E-3 1.35125E-3 1.4201E-3 1.32266E-3 1.34265E-3 1.27825E-3 1.20008E-3 1.21829E-3 1.25486E-3 1.27978E-3 1.2804E-3 1.29694E-3 1.27765E-3 1.25273E-3 1.33009E-3 1.36027E-3 1.38701E-3 1.63967E-3 1.69252E-3 1.70232E-3 1.91202E-3 1.95195E-3 1.89258E-3 2.02802E-3 1.94252E-3 2.01762E-3 1.97916E-3 1.94526E-3 2.09861E-3 2.18511E-3 2.0591E-3 2.09519E-3 2.10075E-3 2.21392E-3 2.35663E-3 2.47324E-3 2.97325E-3 3.63672E-3 4.30077E-3 4.77163E-3 4.96151E-3 5.32664E-3 6.28631E-3 6.88703E-3 7.42656E-3 8.57722E-3 9.45516E-3 1.13325E-2
1.92022E-3 1.79307E-3 1.69105E-3 1.5881E-3 1.49869E-3 1.66865E-3 1.68138E-3 1.61686E-3 1.59936E-3 1.70258E-3 1.74192E-3 1.70103E-3 1.63486E-3 1.66853E-3 1.68701E-3 1.5182E-3 1.44285E-3 1.37907E-3 1.38385E-3 1.35041E-3 1.3171E-3 1.43331E-3 1.48601E-3 1.35503E-3 1.44978E-3 1.45931E-3 1.42248E-3 1.4639E-3 1.63191E-3 1.66011E-3 1.73876E-3 1.9864E-3 2.03309E-3 2.07199E-3 2.25675E-3 2.20837E-3 2.31147E-3 2.28755E-3 2.3795E-3 2.32172E-3 2.35238E-3 2.47055E-3 2.47055E-3 2.43749E-3 2.39725E-3 2.54606E-3 2.65125E-3 2.9119E-3 3.29253E-3 3.5897E-3 4.45122E-3 5.08287E-3 5.6595E-3 6.64422E-3 6.34487E-3 7.11335E-3 7.45488E-3 8.08997E-3 9.13341E-3 1.04656E-2 1.39108E-2
2.01213E-3 1.85786E-3 1.76368E-3 1.67296E-3 1.62262E-3 1.64844E-3 1.80155E-3 1.75145E-3 1.72922E-3 1.93497E-3 1.87579E-3 1.85677E-3 1.79269E-3 1.72444E-3 1.72681E-3 1.68952E-3 1.59842E-3 1.52946E-3 1.53592E-3 1.54626E-3 1.53376E-3 1.54229E-3 1.6644E-3 1.58866E-3 1.51952E-3 1.65986E-3 1.65443E-3 1.71294E-3 1.91701E-3 1.97831E-3 2.02763E-3 2.21978E-3 2.25557E-3 2.53541E-3 2.61473E-3 2.55791E-3 2.76134E-3 2.69903E-3 2.57455E-3 2.69419E-3 2.62473E-3 2.79819E-3 2.84482E-3 2.78524E-3 2.8467E-3 3.10855E-3 3.32762E-3 3.47827E-3 3.78071E-3 4.11397E-3 5.33928E-3 5.17501E-3 6.14273E-3 6.57956E-3 7.71422E-3 8.18967E-3 8.57184E-3 8.97872E-3 9.42729E-3 1.12748E-2 1.29074E-2
1.94713E-3 1.80811E-3 1.87942E-3 1.7998E-3 1.75033E-3 1.81996E-3 1.92982E-3 1.89867E-3 1.87236E-3 1.88315E-3 1.95481E-3 1.86513E-3 1.83193E-3 1.83402E-3 1.79084E-3 1.85196E-3 1.80472E-3 1.71505E-3 1.63966E-3 1.77157E-3 1.74837E-3 1.77564E-3 1.90146E-3 1.79625E-3 1.74415E-3 1.89233E-3 1.95426E-3 1.99143E-3 2.17107E-3 2.23183E-3 2.291E-3 2.54297E-3 2.60867E-3 2.61986E-3 2.81851E-3 2.90056E-3 3.04163E-3 2.96669E-3 2.9612E-3 3.11242E-3 2.99638E-3 3.16644E-3 3.2173E-3 3.29415E-3 3.28068E-3 3.67741E-3 3.85171E-3 4.05363E-3 4.53905E-3 4.9385E-3 5.97147E-3 5.93002E-3 6.97244E-3 7.88866E-3 8.02707E-3 8.82194E-3 9.54715E-3 1.08753E-2 1.06833E-2 1.04159E-2 8.50847E-3
2.04038E-3 1.93486E-3 2.03205E-3 1.93363E-3 1.93755E-3 1.93098E-3 1.90748E-3 2.042E-3 1.9725E-3 1.89232E-3 1.83206E-3 1.89371E-3 2.02466E-3 2.00052E-3 1.96245E-3 1.8818E-3 2.03164E-3 1.92467E-3 1.86635E-3 1.99531E-3 1.99468E-3 2.01556E-3 1.98234E-3 2.07203E-3 2.06293E-3 2.08925E-3 2.22904E-3 2.26427E-3 2.28727E-3 2.50105E-3 2.58069E-3 2.8349E-3 2.86496E-3 2.94085E-3 3.08164E-3 3.16771E-3 3.37254E-3 3.3607E-3 3.35478E-3 3.58248E-3 3.51821E-3 3.82708E-3 3.90888E-3 3.78545E-3 3.89178E-3 4.37743E-3 4.57986E-3 4.7684E-3 5.01625E-3 6.35963E-3 6.93316E-3 6.61159E-3 7.49893E-3 8.40806E-3 9.71563E-3 1.02968E-2 1.1306E-2 1.17547E-2 1.23551E-2 1.31029E-2 1.32516E-2
2.11606E-3 2.08261E-3 2.0009E-3 2.09885E-3 2.10914E-3 2.05738E-3 2.02063E-3 1.99021E-3 2.02861E-3 2.01384E-3 2.05585E-3 2.07671E-3 2.19504E-3 2.18995E-3 2.1331E-3 2.05245E-3 2.25255E-3 2.13814E-3 2.14039E-3 2.21031E-3 2.22796E-3 2.29577E-3 2.31414E-3 2.41418E-3 2.38984E-3 2.43315E-3 2.54663E-3 2.55272E-3 2.59925E-3 2.85482E-3 2.89165E-3 3.08505E-3 3.14146E-3 3.22234E-3 3.44512E-3 3.44485E-3 3.70024E-3 3.70662E-3 3.94672E-3 4.02029E-3 3.99697E-3 4.23069E-3 4.3292E-3 4.46858E-3 4.91874E-3 5.11215E-3 5.32604E-3 5.53197E-3 5.99603E-3 7.06595E-3 6.9472E-3 7.27669E-3 7.96298E-3 8.90633E-3 1.01464E-2 1.09116E-2 1.21572E-2 1.28413E-2 1.31549E-2 1.44655E-2 1.59089E-2
2.24967E-3 2.17923E-3 2.12556E-3 2.28418E-3 2.25125E-3 2.19501E-3 2.14867E-3 2.0837E-3 2.18755E-3 2.19498E-3 2.23589E-3 2.24233E-3 2.37155E-3 2.37773E-3 2.31222E-3 2.23954E-3 2.29996E-3 2.35337E-3 2.35846E-3 2.35106E-3 2.51001E-3 2.61307E-3 2.63456E-3 2.75163E-3 2.67744E-3 2.73796E-3 2.93619E-3 2.89579E-3 2.91875E-3 3.18098E-3 3.20653E-3 3.39928E-3 3.4086E-3 3.47802E-3 3.73933E-3 3.71202E-3 4.10834E-3 4.10944E-3 4.34608E-3 4.39045E-3 4.40199E-3 4.87956E-3 5.01619E-3 5.41914E-3 5.59695E-3 5.8341E-3 6.00715E-3 6.24221E-3 7.23544E-3 7.72317E-3 7.65401E-3 7.8247E-3 8.76393E-3 9.9387E-3 1.01249E-2 1.20247E-2 1.31273E-2 1.36438E-2 1.40868E-2 1.5583E-2 1.63575E-2
2.37112E-3 2.31475E-3 2.29128E-3 2.45529E-3 2.3894E-3 2.32359E-3 2.23919E-3 2.19483E-3 2.3101E-3 2.40168E-3 2.43251E-3 2.47258E-3 2.39821E-3 2.59077E-3 2.44893E-3 2.46047E-3 2.54216E-3 2.66653E-3 2.57434E-3 2.64601E-3 2.89072E-3 2.8822E-3 2.93451E-3 3.06685E-3 3.03894E-3 3.14429E-3 3.28217E-3 3.22232E-3 3.25693E-3 3.55582E-3 3.50385E-3 3.77963E-3 3.70776E-3 3.78135E-3 4.05781E-3 4.04188E-3 4.46968E-3 4.39848E-3 4.74652E-3 4.81689E-3 5.20722E-3 5.38782E-3 5.54553E-3 6.04841E-3 6.18059E-3 6.53293E-3 6.71476E-3 7.48712E-3 7.86182E-3 8.34126E-3 8.20919E-3 8.9555E-3 1.04249E-2 1.06955E-2 1.21541E-2 1.33253E-2 1.37362E-2 1.41211E-2 1.5831E-2 1.67612E-2 1.76607E-2
2.48806E-3 2.44115E-3 2.44115E-3 2.51067E-3 2.5204E-3 2.41724E-3 2.3653E-3 2.3894E-3 2.53763E-3 2.60591E-3 2.6422E-3 2.63285E-3 2.55468E-3 2.70051E-3 2.644E-3 2.68304E-3 2.77516E-3 2.92818E-3 2.86468E-3 2.88222E-3 3.20896E-3 3.21016E-3 3.20961E-3 3.37818E-3 3.41434E-3 3.43943E-3 3.68388E-3 3.61787E-3 3.89067E-3 3.92157E-3 3.86154E-3 4.15058E-3 4.02549E-3 4.42285E-3 4.43795E-3 4.70771E-3 4.78325E-3 4.84247E-3 5.2691E-3 5.3104E-3 5.772E-3 5.85403E-3 5.93058E-3 6.50894E-3 6.76951E-3 7.09103E-3 7.95015E-3 8.19358E-3 8.66661E-3 9.02133E-3 9.97574E-3 1.06633E-2 1.14161E-2 1.27612E-2 1.32722E-2 1.37362E-2 1.51965E-2 1.59196E-2 1.68445E-2 1.76697E-2 1.9296E-2
2.57616E-3 2.56601E-3 2.5346E-3 2.69423E-3 2.6132E-3 2.54286E-3 2.54911E-3 2.53725E-3 2.71113E-3 2.80769E-3 2.81115E-3 2.72997E-3 2.95083E-3 2.91287E-3 2.8846E-3 2.928E-3 3.26378E-3 3.15397E-3 3.17979E-3 3.35021E-3 3.43176E-3 3.54322E-3 3.80301E-3 3.71989E-3 3.72608E-3 4.02756E-3 3.99684E-3 3.95302E-3 4.24688E-3 4.22619E-3 4.20461E-3 4.48068E-3 4.44694E-3 4.75561E-3 4.73923E-3 5.09938E-3 5.09911E-3 5.48799E-3 5.63822E-3 5.77292E-3 6.26303E-3 6.40865E-3 6.47622E-3 7.05323E-3 7.43329E-3 8.16865E-3 8.5156E-3 8.71148E-3 9.15925E-3 1.02605E-2 1.06949E-2 1.12586E-2 1.25199E-2 1.3124E-2 1.35885E-2 1.50952E-2 1.54781E-2 1.62077E-2 1.83482E-2 1.90661E-2 1.96875E-2
2.65799E-3 2.64232E-3 2.59207E-3 2.57893E-3 2.75431E-3 2.71718E-3 2.67551E-3 2.6982E-3 2.91105E-3 2.92736E-3 2.90608E-3 2.86732E-3 3.13189E-3 3.07903E-3 3.06578E-3 3.1485E-3 3.39116E-3 3.33801E-3 3.37089E-3 3.64749E-3 3.70684E-3 3.75752E-3 4.07801E-3 4.05708E-3 4.02387E-3 4.34285E-3 4.34193E-3 4.31113E-3 4.57173E-3 4.52302E-3 4.82053E-3 4.81483E-3 4.81722E-3 5.03494E-3 5.03211E-3 5.40997E-3 5.42072E-3 5.93323E-3 6.02415E-3 6.12836E-3 6.63304E-3 6.78773E-3 7.45676E-3 7.55992E-3 7.77138E-3 8.50694E-3 8.87779E-3 9.17928E-3 1.02239E-2 1.05993E-2 1.1026E-2 1.23859E-2 1.2904E-2 1.34417E-2 1.4821E-2 1.53335E-2 1.57187E-2 1.6186E-2 1.78211E-2 1.83513E-2 2.0186E-2
2.73892E-3 2.68906E-3 2.66798E-3 2.88303E-3 2.88769E-3 2.84228E-3 2.79376E-3 3.03631E-3 3.07267E-3 2.99165E-3 3.06806E-3 3.02117E-3 3.3016E-3 3.26749E-3 3.2269E-3 3.31791E-3 3.56542E-3 3.53416E-3 3.63531E-3 3.87009E-3 3.90787E-3 3.98058E-3 4.30783E-3 4.28658E-3 4.64123E-3 4.58236E-3 4.60608E-3 4.92556E-3 4.9152E-3 4.89229E-3 5.14715E-3 5.05403E-3 5.11907E-3 5.35923E-3 5.39277E-3 5.77676E-3 5.83912E-3 6.26117E-3 6.33336E-3 6.84784E-3 7.06588E-3 7.10936E-3 7.79688E-3 8.00311E-3 8.81225E-3 8.90571E-3 9.10691E-3 1.00833E-2 1.0497E-2 1.09734E-2 1.12969E-2 1.24005E-2 1.30384E-2 1.32516E-2 1.49122E-2 1.64709E-2 1.72874E-2 1.74445E-2 1.72995E-2 1.85544E-2 1.84537E-2
2.79238E-3 2.7629E-3 2.97742E-3 2.97742E-3 2.96149E-3 2.92767E-3 2.89939E-3 3.14335E-3 3.1429E-3 3.14442E-3 3.17695E-3 3.39708E-3 3.44324E-3 3.38652E-3 3.3937E-3 3.75173E-3 3.74739E-3 3.74087E-3 3.80486E-3 4.0486E-3 4.11443E-3 4.15868E-3 4.51121E-3 4.53202E-3 4.88184E-3 4.79146E-3 4.81134E-3 5.23157E-3 5.14825E-3 5.47205E-3 5.35645E-3 5.33046E-3 5.76077E-3 5.73013E-3 6.07395E-3 6.07978E-3 6.15349E-3 6.54574E-3 6.63961E-3 7.19507E-3 7.38487E-3 8.07247E-3 8.09755E-3 8.83219E-3 9.13434E-3 9.30495E-3 9.4532E-3 1.03336E-2 1.07346E-2 1.11413E-2 1.21604E-2 1.27464E-2 1.30938E-2 1.45746E-2 1.4922E-2 1.65512E-2 1.86195E-2 1.86195E-2 1.81471E-2 1.77599E-2 1.89181E-2
