Artocarpus hirsutus SDM files/MIS19/results (with bias file)/Arthir_avg.asc
ncols         625
nrows         721
xllcorner     69.99986311115
yllcorner     5.99986187915
cellsize      0.041666667
NODATA_value  -9999
[rows 297 to 323 of 721, columns 122 to 182 of 625]
8.98323E-4 9.61517E-4 9.62651E-4 1.01461E-3 1.2842E-3 1.15159E-3 8.89897E-4 1.06425E-3 1.19973E-3 1.20617E-3 1.11078E-3 1.01203E-3 8.93717E-4 1.11455E-3 1.21082E-3 1.30808E-3 1.10963E-3 1.0054E-3 1.11097E-3 1.26926E-3 1.44561E-3 1.44513E-3 1.22071E-3 1.28337E-3 1.53302E-3 1.35979E-3 1.21074E-3 1.24837E-3 1.82557E-3 1.93652E-3 1.63582E-3 1.38777E-3 1.34041E-3 1.45874E-3 1.59135E-3 1.67101E-3 1.66104E-3 1.67335E-3 1.44911E-3 1.64129E-3 1.75166E-3 1.9374E-3 2.05909E-3 2.06358E-3 2.02212E-3 1.8935E-3 2.16597E-3 2.14618E-3 2.27877E-3 1.64622E-3 2.07996E-3 2.22278E-3 2.2981E-3 2.25486E-3 1.98445E-3 1.84625E-3 2.00386E-3 2.0171E-3 2.13954E-3 2.16176E-3 1.9536E-3
9.46362E-4 9.14074E-4 9.14728E-4 1.01766E-3 1.31162E-3 1.12468E-3 9.20552E-4 1.09697E-3 1.2449E-3 1.25945E-3 1.22944E-3 1.06599E-3 9.47402E-4 1.15543E-3 1.35488E-3 1.3194E-3 1.28811E-3 1.09598E-3 1.12701E-3 1.36369E-3 1.34488E-3 1.48482E-3 1.3619E-3 1.18153E-3 1.25487E-3 1.24534E-3 1.25929E-3 1.23632E-3 1.71855E-3 2.03302E-3 1.79407E-3 1.52554E-3 1.39147E-3 1.5026E-3 1.76654E-3 1.57186E-3 1.78325E-3 1.59222E-3 1.41193E-3 1.75524E-3 1.83847E-3 2.0349E-3 2.25841E-3 2.03983E-3 2.02239E-3 1.94393E-3 2.18307E-3 1.85139E-3 1.63463E-3 1.56078E-3 2.2869E-3 2.12671E-3 2.21374E-3 2.24586E-3 2.07175E-3 1.8111E-3 2.27635E-3 2.45323E-3 2.4571E-3 2.53713E-3 1.95044E-3
1.07693E-3 1.00269E-3 1.04473E-3 9.55173E-4 1.30229E-3 1.13317E-3 9.92377E-4 1.11689E-3 1.27059E-3 1.34036E-3 1.06791E-3 1.08546E-3 9.49869E-4 1.05376E-3 1.28241E-3 1.41531E-3 1.39679E-3 1.10452E-3 1.13953E-3 1.16208E-3 1.35188E-3 1.48846E-3 1.57117E-3 1.75172E-3 1.56003E-3 1.56545E-3 1.43246E-3 1.22338E-3 1.51272E-3 1.97503E-3 2.03571E-3 1.63132E-3 1.3443E-3 1.38103E-3 1.64899E-3 1.86474E-3 1.72868E-3 1.57489E-3 1.51395E-3 1.57344E-3 1.76141E-3 2.02809E-3 2.12351E-3 2.18031E-3 2.12751E-3 2.16147E-3 2.24643E-3 2.16179E-3 1.85004E-3 1.76576E-3 1.95885E-3 1.9738E-3 2.09507E-3 2.21371E-3 2.19142E-3 2.18861E-3 2.10465E-3 1.76252E-3 2.1186E-3 2.03049E-3 1.86833E-3
9.64785E-4 1.01596E-3 1.01134E-3 1.01653E-3 1.266E-3 1.31131E-3 9.27777E-4 1.05799E-3 1.1968E-3 1.312E-3 1.09615E-3 1.10415E-3 1.11708E-3 1.02954E-3 1.28466E-3 1.47298E-3 1.37376E-3 1.15223E-3 1.22002E-3 1.27312E-3 1.25324E-3 1.47721E-3 1.47191E-3 1.80437E-3 1.82875E-3 1.54197E-3 1.57961E-3 1.35645E-3 1.34477E-3 1.88033E-3 2.00339E-3 1.54442E-3 1.35258E-3 1.41554E-3 1.68959E-3 1.89201E-3 1.61696E-3 1.57834E-3 1.46042E-3 1.7977E-3 1.78884E-3 1.96737E-3 2.24179E-3 2.34203E-3 2.12751E-3 2.28034E-3 2.0073E-3 1.95576E-3 1.83985E-3 2.04795E-3 2.23007E-3 2.20035E-3 2.24552E-3 2.57198E-3 2.37431E-3 1.97301E-3 1.97616E-3 2.00823E-3 2.09835E-3 2.63976E-3 2.26162E-3
1.06164E-3 1.11412E-3 1.03062E-3 1.19865E-3 1.31863E-3 1.35763E-3 1.06491E-3 9.21128E-4 1.23391E-3 1.39228E-3 1.08153E-3 1.10035E-3 1.02312E-3 1.08153E-3 1.31099E-3 1.50608E-3 1.54047E-3 1.2679E-3 1.36846E-3 1.35419E-3 1.29006E-3 1.42673E-3 1.58991E-3 1.79282E-3 1.67146E-3 1.62604E-3 1.50115E-3 1.27369E-3 1.46012E-3 1.7833E-3 1.88597E-3 1.56984E-3 1.49367E-3 1.66062E-3 1.7935E-3 1.74709E-3 1.66995E-3 1.55438E-3 1.62099E-3 1.95879E-3 1.88215E-3 1.92426E-3 2.22072E-3 2.3945E-3 2.22394E-3 1.87762E-3 1.93034E-3 1.90362E-3 2.0268E-3 2.43505E-3 2.65476E-3 2.51259E-3 2.65456E-3 3.00985E-3 2.63279E-3 2.39939E-3 2.37094E-3 2.09927E-3 2.39673E-3 2.27505E-3 1.80821E-3
1.03278E-3 1.02459E-3 1.07072E-3 1.30375E-3 1.20294E-3 1.33582E-3 1.03744E-3 9.41167E-4 1.19727E-3 1.37789E-3 1.19684E-3 1.03137E-3 1.02576E-3 1.30478E-3 1.49203E-3 1.56268E-3 1.45356E-3 1.3812E-3 1.43901E-3 1.50378E-3 1.44614E-3 1.18886E-3 1.53409E-3 1.77563E-3 1.74278E-3 1.79159E-3 1.47687E-3 1.66339E-3 1.56605E-3 1.99315E-3 1.94536E-3 1.61864E-3 1.46133E-3 1.76628E-3 2.05781E-3 1.71058E-3 1.75E-3 1.561E-3 1.42306E-3 1.84515E-3 2.09529E-3 1.92426E-3 2.14313E-3 2.34203E-3 1.92606E-3 2.07827E-3 1.96821E-3 2.15452E-3 2.4198E-3 2.28373E-3 2.72049E-3 2.57713E-3 2.81195E-3 3.00895E-3 2.49269E-3 2.19299E-3 2.42339E-3 2.24015E-3 2.66857E-3 2.4797E-3 2.24999E-3
1.02709E-3 1.03807E-3 1.101E-3 1.20808E-3 1.42216E-3 1.28723E-3 1.14076E-3 9.2896E-4 1.23907E-3 1.41159E-3 1.14885E-3 1.01796E-3 1.16501E-3 1.19832E-3 1.27148E-3 1.18881E-3 1.32442E-3 1.49489E-3 1.58285E-3 1.32581E-3 1.32917E-3 1.28721E-3 1.46383E-3 2.01862E-3 1.82979E-3 1.74503E-3 1.52439E-3 1.84802E-3 1.61564E-3 1.97611E-3 2.01791E-3 1.53762E-3 1.46181E-3 1.77782E-3 2.11269E-3 1.96059E-3 1.68105E-3 1.70828E-3 1.55839E-3 1.72226E-3 1.76166E-3 1.90991E-3 2.25518E-3 2.22823E-3 2.11512E-3 1.85724E-3 2.39452E-3 2.21492E-3 2.578E-3 2.53213E-3 2.64256E-3 2.5814E-3 3.14334E-3 2.70883E-3 2.58495E-3 2.40703E-3 2.33445E-3 2.61799E-3 3.17804E-3 2.34777E-3 2.82946E-3
1.03953E-3 1.01803E-3 1.17875E-3 1.15789E-3 1.44489E-3 1.22747E-3 1.14373E-3 1.1001E-3 1.00633E-3 1.32887E-3 1.31312E-3 1.08013E-3 1.16041E-3 1.36488E-3 1.05658E-3 1.28104E-3 1.40098E-3 1.55129E-3 1.74344E-3 1.44367E-3 1.40772E-3 1.27469E-3 1.61649E-3 1.78427E-3 1.87331E-3 1.4918E-3 1.37352E-3 1.76883E-3 1.98516E-3 1.83498E-3 2.08246E-3 1.7449E-3 1.37409E-3 1.77724E-3 2.11253E-3 1.92295E-3 1.70695E-3 1.61201E-3 1.66048E-3 1.93372E-3 2.0069E-3 2.1985E-3 2.50624E-3 2.25115E-3 2.16437E-3 1.89154E-3 2.55652E-3 2.41961E-3 2.24179E-3 2.29144E-3 2.58193E-3 2.77328E-3 2.80776E-3 2.5958E-3 2.53117E-3 2.3461E-3 2.55031E-3 3.06154E-3 3.38476E-3 2.63992E-3 3.90641E-3
1.13864E-3 1.18116E-3 1.22769E-3 1.41541E-3 1.38144E-3 1.08815E-3 1.19936E-3 1.10692E-3 9.83274E-4 1.11708E-3 1.30542E-3 1.24437E-3 1.20966E-3 1.39275E-3 1.19888E-3 1.16056E-3 1.39049E-3 1.30078E-3 1.56784E-3 1.73241E-3 1.57345E-3 1.28981E-3 1.4177E-3 1.76556E-3 1.92472E-3 1.53936E-3 1.90797E-3 1.49933E-3 2.00034E-3 1.98448E-3 1.99807E-3 1.56881E-3 1.39202E-3 1.81205E-3 2.17543E-3 1.98263E-3 1.70148E-3 1.6109E-3 1.6412E-3 2.09908E-3 1.97171E-3 2.18217E-3 2.36235E-3 2.17371E-3 2.14557E-3 1.88284E-3 2.39413E-3 2.59711E-3 2.51631E-3 2.43505E-3 2.45201E-3 2.64452E-3 3.30827E-3 2.71495E-3 2.88183E-3 2.575E-3 2.55015E-3 2.76556E-3 2.58334E-3 3.07257E-3 2.5509E-3
1.05702E-3 1.24743E-3 1.23933E-3 1.57223E-3 1.25624E-3 1.08591E-3 1.27276E-3 1.16246E-3 1.06324E-3 1.15677E-3 1.30523E-3 1.35668E-3 1.16097E-3 1.42826E-3 1.3442E-3 1.19329E-3 1.21384E-3 1.33319E-3 1.49155E-3 1.863E-3 1.4821E-3 1.57455E-3 1.5052E-3 1.58816E-3 2.06397E-3 1.86277E-3 1.87637E-3 1.57421E-3 1.96533E-3 2.24914E-3 1.9056E-3 1.70326E-3 1.56195E-3 1.90946E-3 1.99237E-3 2.01151E-3 1.67566E-3 1.51879E-3 1.63435E-3 2.0531E-3 2.07475E-3 2.17271E-3 2.29271E-3 2.28792E-3 2.11586E-3 1.94203E-3 2.51796E-3 2.8169E-3 2.62464E-3 2.92508E-3 2.79861E-3 3.28787E-3 2.83569E-3 2.57285E-3 2.85185E-3 3.07468E-3 2.60999E-3 2.54232E-3 2.28168E-3 2.45252E-3 2.26275E-3
1.0597E-3 1.05785E-3 1.18603E-3 1.36168E-3 1.12195E-3 1.10125E-3 1.3041E-3 1.14431E-3 1.13369E-3 1.11251E-3 1.17022E-3 1.4135E-3 1.18496E-3 1.18379E-3 1.41909E-3 1.49924E-3 1.15554E-3 1.36647E-3 1.49926E-3 1.77391E-3 1.76669E-3 1.5214E-3 1.53435E-3 1.70008E-3 1.69633E-3 1.93887E-3 1.82247E-3 1.80423E-3 1.82869E-3 2.51717E-3 2.13841E-3 1.74353E-3 1.48155E-3 1.8016E-3 2.1361E-3 1.77121E-3 1.68807E-3 1.75286E-3 1.91315E-3 2.19156E-3 2.2037E-3 2.17596E-3 2.39022E-3 2.03541E-3 2.02382E-3 2.16585E-3 2.63458E-3 2.77088E-3 2.73723E-3 3.00119E-3 3.06888E-3 2.86087E-3 2.59724E-3 2.80095E-3 2.82856E-3 3.35796E-3 2.95298E-3 2.67664E-3 2.70621E-3 2.41321E-3 2.26955E-3
1.11721E-3 1.07134E-3 1.17459E-3 1.33026E-3 1.23236E-3 9.51347E-4 1.07608E-3 1.06524E-3 1.22739E-3 1.21674E-3 1.22864E-3 1.39027E-3 1.20365E-3 1.14377E-3 1.48249E-3 1.3773E-3 1.24678E-3 1.37337E-3 1.53781E-3 1.82611E-3 1.63953E-3 1.60127E-3 1.56057E-3 1.83186E-3 1.75775E-3 1.85307E-3 1.91135E-3 2.09164E-3 1.81137E-3 2.07567E-3 1.76746E-3 1.61212E-3 1.66285E-3 2.06838E-3 2.22178E-3 1.92583E-3 1.67834E-3 1.91854E-3 2.13546E-3 2.21773E-3 2.37663E-3 2.2209E-3 2.00327E-3 2.11246E-3 2.32105E-3 2.55357E-3 2.65535E-3 2.61086E-3 2.54844E-3 2.91851E-3 3.07504E-3 2.72806E-3 2.99482E-3 3.14564E-3 2.78909E-3 2.77626E-3 2.46009E-3 2.39636E-3 2.65376E-3 2.50258E-3 2.34259E-3
9.67085E-4 1.07364E-3 1.15589E-3 1.30155E-3 1.06208E-3 1.11115E-3 1.06247E-3 1.00731E-3 1.3554E-3 1.16777E-3 1.21545E-3 1.43684E-3 1.35442E-3 1.22298E-3 1.50228E-3 1.44681E-3 1.31418E-3 1.47748E-3 1.57881E-3 1.7097E-3 1.82192E-3 1.67464E-3 1.69149E-3 1.74377E-3 1.82005E-3 1.91684E-3 1.88615E-3 2.05779E-3 2.29939E-3 1.75879E-3 1.57699E-3 1.6491E-3 1.84034E-3 2.2027E-3 2.06142E-3 1.88232E-3 1.85409E-3 2.2661E-3 2.22371E-3 2.29665E-3 2.45329E-3 2.07163E-3 2.14476E-3 2.32509E-3 2.09626E-3 2.368E-3 2.68467E-3 2.95758E-3 2.97275E-3 3.21082E-3 2.77635E-3 2.99427E-3 3.01959E-3 3.31983E-3 3.32884E-3 2.48593E-3 2.43046E-3 2.65046E-3 2.7083E-3 3.19037E-3 2.54851E-3
9.77296E-4 1.0756E-3 1.11648E-3 1.26703E-3 1.1165E-3 1.09052E-3 1.09848E-3 1.11582E-3 1.39755E-3 1.26812E-3 1.16557E-3 1.38493E-3 1.32906E-3 1.31044E-3 1.56796E-3 1.6806E-3 1.3854E-3 1.34714E-3 1.57544E-3 1.69683E-3 1.75599E-3 1.92958E-3 1.77713E-3 1.64873E-3 1.92364E-3 1.93205E-3 2.01162E-3 2.13613E-3 1.98236E-3 1.74297E-3 1.62264E-3 1.68738E-3 2.06841E-3 2.15588E-3 2.23314E-3 1.8609E-3 2.11816E-3 2.35328E-3 2.15052E-3 2.3075E-3 2.10824E-3 1.93989E-3 2.31487E-3 2.49846E-3 2.20503E-3 2.47301E-3 2.55388E-3 3.01069E-3 2.96927E-3 2.75446E-3 2.57326E-3 2.83691E-3 2.62227E-3 3.19041E-3 4.15039E-3 2.63458E-3 2.53714E-3 2.53102E-3 2.91404E-3 2.72829E-3 3.16827E-3
1.04226E-3 1.03136E-3 1.06452E-3 1.2237E-3 1.10195E-3 1.17851E-3 1.15031E-3 1.08067E-3 1.33293E-3 1.26398E-3 1.21744E-3 1.34596E-3 1.2999E-3 1.2591E-3 1.49852E-3 1.578E-3 1.4383E-3 1.41551E-3 1.46609E-3 1.6707E-3 1.70288E-3 1.79903E-3 1.84134E-3 1.63993E-3 1.91442E-3 2.01162E-3 2.29302E-3 1.73132E-3 1.67752E-3 1.79607E-3 1.5733E-3 2.28153E-3 2.17823E-3 2.17823E-3 1.86368E-3 1.96561E-3 2.13951E-3 2.33601E-3 2.25271E-3 2.03547E-3 2.11497E-3 2.22186E-3 2.30757E-3 2.21723E-3 2.51007E-3 2.28692E-3 2.66765E-3 2.81546E-3 2.22779E-3 2.15716E-3 2.32874E-3 2.44318E-3 2.13254E-3 2.72904E-3 4.17112E-3 2.72705E-3 2.65047E-3 2.73452E-3 2.73546E-3 2.5653E-3 2.69456E-3
9.5729E-4 1.06098E-3 1.0145E-3 1.20303E-3 1.23716E-3 1.24861E-3 1.09298E-3 1.07639E-3 1.40719E-3 1.18159E-3 1.24073E-3 1.34159E-3 1.46134E-3 1.2577E-3 1.5034E-3 1.60675E-3 1.45248E-3 1.43783E-3 1.65716E-3 1.50918E-3 1.85115E-3 1.75034E-3 1.75475E-3 1.81787E-3 1.95238E-3 2.15256E-3 2.06923E-3 1.71386E-3 1.7414E-3 1.70708E-3 1.84834E-3 2.33673E-3 2.43399E-3 2.28469E-3 2.01445E-3 2.1813E-3 2.19335E-3 2.35216E-3 1.95104E-3 1.88611E-3 2.36867E-3 2.28784E-3 2.40662E-3 2.25726E-3 2.42185E-3 2.60456E-3 2.68557E-3 2.63182E-3 2.42665E-3 2.24233E-3 2.43813E-3 2.83974E-3 2.24363E-3 2.57176E-3 2.99524E-3 3.6354E-3 3.37591E-3 3.14818E-3 3.04593E-3 2.54007E-3 2.69824E-3
1.00544E-3 1.04025E-3 1.15837E-3 1.07033E-3 1.18986E-3 1.10804E-3 9.77552E-4 1.10476E-3 1.26415E-3 1.12103E-3 1.26464E-3 1.4736E-3 1.41857E-3 1.23684E-3 1.53327E-3 1.79326E-3 1.60447E-3 1.39066E-3 1.71022E-3 1.61043E-3 1.56066E-3 1.76027E-3 1.81513E-3 2.17768E-3 1.84498E-3 1.97665E-3 1.80116E-3 1.65198E-3 1.83966E-3 2.15548E-3 1.76435E-3 1.99506E-3 2.52453E-3 1.98913E-3 2.26814E-3 2.20277E-3 2.31175E-3 2.09553E-3 2.05329E-3 2.19633E-3 2.16036E-3 2.49568E-3 2.79965E-3 2.43991E-3 2.3879E-3 2.6233E-3 3.05185E-3 2.84943E-3 2.84544E-3 2.40328E-3 2.43123E-3 2.61393E-3 2.57746E-3 2.72955E-3 2.07058E-3 2.45394E-3 3.10249E-3 3.88399E-3 3.05508E-3 2.81593E-3 3.10908E-3
9.35966E-4 1.19332E-3 1.10806E-3 1.12927E-3 1.04051E-3 1.02971E-3 1.0376E-3 1.28141E-3 1.13275E-3 1.09735E-3 1.37546E-3 1.46373E-3 1.47989E-3 1.32699E-3 1.31584E-3 1.75837E-3 1.6891E-3 1.6021E-3 1.52356E-3 1.75397E-3 1.6345E-3 1.53538E-3 1.83125E-3 2.41758E-3 1.84359E-3 1.75639E-3 1.78766E-3 1.89054E-3 2.10895E-3 2.06338E-3 1.84312E-3 2.05386E-3 2.87484E-3 2.18178E-3 2.39233E-3 2.59291E-3 2.05262E-3 1.97369E-3 2.00768E-3 2.26543E-3 2.08451E-3 2.19778E-3 2.45037E-3 2.60899E-3 2.61723E-3 2.74098E-3 2.38505E-3 2.4962E-3 2.39383E-3 2.69956E-3 2.71098E-3 2.69069E-3 2.69779E-3 3.00144E-3 3.21321E-3 2.9341E-3 2.54049E-3 4.54207E-3 4.44653E-3 3.23323E-3 4.16851E-3
9.47289E-4 1.14188E-3 1.11498E-3 1.02392E-3 1.00753E-3 9.56542E-4 1.14038E-3 1.21075E-3 1.09047E-3 1.07314E-3 1.29579E-3 1.36207E-3 1.55352E-3 1.38435E-3 1.32539E-3 1.67958E-3 1.7496E-3 1.62735E-3 1.60974E-3 1.76668E-3 1.82708E-3 1.53363E-3 1.75072E-3 2.54751E-3 1.756E-3 1.82378E-3 1.93607E-3 2.11032E-3 2.07918E-3 1.93756E-3 1.96334E-3 1.88261E-3 2.06873E-3 2.34311E-3 2.5384E-3 2.17922E-3 2.11035E-3 1.87359E-3 1.99968E-3 2.41048E-3 2.11351E-3 2.47069E-3 2.51182E-3 2.46508E-3 2.56663E-3 2.41175E-3 2.28996E-3 2.32088E-3 2.02344E-3 2.57485E-3 2.14547E-3 2.13541E-3 1.97637E-3 3.96526E-3 2.70202E-3 2.06502E-3 1.99179E-3 3.34844E-3 3.27986E-3 2.74578E-3 4.02778E-3
9.23385E-4 1.11655E-3 1.017E-3 9.47628E-4 9.97635E-4 9.93488E-4 1.23568E-3 1.15132E-3 1.16243E-3 1.07302E-3 1.32816E-3 1.33185E-3 1.5313E-3 1.34415E-3 1.2818E-3 1.62087E-3 1.75532E-3 1.65078E-3 1.81582E-3 1.56321E-3 1.84718E-3 1.45216E-3 1.49013E-3 1.82174E-3 2.03703E-3 2.07982E-3 2.34282E-3 2.07114E-3 2.21539E-3 1.83358E-3 1.97021E-3 2.13173E-3 1.9549E-3 2.09952E-3 2.55042E-3 2.38671E-3 2.07151E-3 1.99425E-3 1.95986E-3 2.4128E-3 2.29858E-3 1.97363E-3 1.5901E-3 1.68675E-3 1.9557E-3 1.76904E-3 1.77937E-3 1.88373E-3 2.49767E-3 1.87277E-3 2.00191E-3 1.71091E-3 2.30532E-3 3.36207E-3 2.08772E-3 1.79439E-3 2.67235E-3 2.76753E-3 2.644E-3 2.36965E-3 3.29828E-3
9.0555E-4 9.65501E-4 1.09624E-3 9.62641E-4 8.7513E-4 1.02517E-3 1.1736E-3 1.0383E-3 1.1801E-3 1.09722E-3 1.30437E-3 1.51846E-3 1.37371E-3 1.35301E-3 1.18719E-3 1.55656E-3 1.7433E-3 1.57878E-3 1.63967E-3 1.55491E-3 1.85319E-3 1.73811E-3 1.66708E-3 1.619E-3 1.823E-3 1.9981E-3 2.67891E-3 2.42017E-3 1.8435E-3 1.80209E-3 1.73491E-3 1.84368E-3 2.09522E-3 2.4401E-3 2.50343E-3 2.17005E-3 2.08576E-3 2.12268E-3 1.7694E-3 1.61449E-3 1.78542E-3 1.33877E-3 1.44917E-3 1.92753E-3 1.77841E-3 1.75218E-3 2.0907E-3 1.97602E-3 3.4675E-3 2.11943E-3 1.88425E-3 1.93651E-3 2.18442E-3 3.13505E-3 2.12792E-3 1.93614E-3 2.20905E-3 2.12487E-3 2.09516E-3 2.44791E-3 3.55961E-3
9.19632E-4 9.67292E-4 1.10902E-3 9.0901E-4 9.5951E-4 1.14599E-3 1.09273E-3 1.0832E-3 1.17803E-3 1.11856E-3 1.2732E-3 1.41808E-3 1.42664E-3 1.40625E-3 1.23687E-3 1.41959E-3 1.86726E-3 1.67212E-3 1.47588E-3 1.65741E-3 1.82978E-3 1.63786E-3 1.64474E-3 1.56082E-3 1.70419E-3 2.08054E-3 2.47778E-3 1.82689E-3 1.72282E-3 1.97529E-3 2.04319E-3 1.84694E-3 1.87111E-3 2.44943E-3 1.8739E-3 1.62363E-3 1.56194E-3 1.2419E-3 1.37829E-3 1.31561E-3 1.61365E-3 1.6604E-3 1.72884E-3 2.22392E-3 1.8687E-3 1.89072E-3 2.39021E-3 2.07883E-3 2.48012E-3 2.52849E-3 2.13128E-3 2.40086E-3 2.33874E-3 2.39129E-3 2.38737E-3 2.1357E-3 2.11288E-3 3.71099E-3 4.44804E-3 2.51528E-3 2.06338E-3
9.28911E-4 1.08478E-3 9.62826E-4 8.67037E-4 9.52904E-4 1.17884E-3 1.16108E-3 1.06552E-3 1.18776E-3 1.09742E-3 1.14266E-3 1.31593E-3 1.49739E-3 1.46727E-3 1.23031E-3 1.20807E-3 1.58167E-3 1.62521E-3 1.46398E-3 1.72867E-3 1.70407E-3 1.66435E-3 1.66293E-3 1.57882E-3 1.5953E-3 1.71024E-3 2.31683E-3 1.93119E-3 1.86134E-3 2.09042E-3 1.79976E-3 1.711E-3 1.83436E-3 2.54368E-3 1.858E-3 1.45536E-3 1.46849E-3 1.48545E-3 1.66392E-3 1.72121E-3 2.10792E-3 1.93161E-3 2.00299E-3 1.93613E-3 2.02836E-3 2.00694E-3 2.47103E-3 2.10759E-3 2.19236E-3 2.31267E-3 2.16739E-3 2.46615E-3 2.57053E-3 2.4351E-3 2.45618E-3 2.39066E-3 2.23851E-3 2.71438E-3 2.74265E-3 2.18106E-3 2.22062E-3
1.0429E-3 1.03041E-3 9.18687E-4 9.53979E-4 1.05287E-3 1.11797E-3 1.05291E-3 1.07893E-3 1.26131E-3 1.1737E-3 1.17192E-3 1.16893E-3 1.27465E-3 1.54356E-3 1.36106E-3 1.19269E-3 1.44262E-3 1.70303E-3 1.45042E-3 1.63224E-3 1.68951E-3 1.62447E-3 1.58065E-3 1.63861E-3 1.45003E-3 1.61344E-3 2.51151E-3 2.11148E-3 1.91402E-3 1.67096E-3 1.8502E-3 1.85412E-3 1.69827E-3 1.76582E-3 2.16937E-3 1.58997E-3 1.66461E-3 1.5638E-3 1.43936E-3 1.67386E-3 1.74549E-3 1.64281E-3 2.0157E-3 2.13677E-3 2.10738E-3 2.0609E-3 2.36587E-3 2.4065E-3 2.39493E-3 2.37917E-3 2.31314E-3 2.68496E-3 2.61564E-3 2.46735E-3 2.52517E-3 2.69769E-3 2.61722E-3 2.61635E-3 2.60662E-3 2.50761E-3 2.53254E-3
1.03157E-3 9.48699E-4 8.60304E-4 9.75374E-4 1.14716E-3 1.04882E-3 1.0357E-3 1.05916E-3 1.09945E-3 1.16906E-3 1.05711E-3 1.24623E-3 1.23368E-3 1.46835E-3 1.55972E-3 1.10606E-3 1.33775E-3 1.67189E-3 1.49681E-3 1.51815E-3 1.64581E-3 1.63656E-3 1.50284E-3 1.51811E-3 1.30432E-3 1.36558E-3 1.51066E-3 1.53876E-3 2.22379E-3 1.75066E-3 1.99606E-3 1.71637E-3 1.7796E-3 1.50631E-3 1.38011E-3 1.73143E-3 1.70941E-3 1.47865E-3 1.44521E-3 1.78747E-3 2.29474E-3 2.0731E-3 1.91406E-3 2.08923E-3 2.19477E-3 2.21545E-3 2.24771E-3 2.56517E-3 2.51184E-3 2.39796E-3 2.44778E-3 2.47139E-3 2.5634E-3 2.51865E-3 2.55903E-3 2.64937E-3 2.57011E-3 2.7056E-3 2.8405E-3 2.89675E-3 2.66878E-3
9.4524E-4 8.65424E-4 8.43002E-4 9.25842E-4 1.0163E-3 1.06276E-3 1.05574E-3 1.03243E-3 1.21994E-3 1.08147E-3 1.02151E-3 1.19594E-3 1.19236E-3 1.29237E-3 1.43772E-3 1.23114E-3 1.11909E-3 1.36651E-3 1.72004E-3 1.53935E-3 1.44661E-3 1.35674E-3 1.40443E-3 1.43303E-3 1.39458E-3 1.23554E-3 1.1469E-3 1.30384E-3 1.93372E-3 2.27876E-3 2.1412E-3 1.57365E-3 1.35113E-3 1.32477E-3 1.41017E-3 1.6387E-3 1.65442E-3 1.47778E-3 1.62628E-3 1.80591E-3 1.97786E-3 2.02634E-3 1.96347E-3 1.97802E-3 2.32113E-3 2.15297E-3 2.4462E-3 2.60973E-3 2.32185E-3 2.30648E-3 2.45257E-3 2.65892E-3 2.60799E-3 2.60786E-3 2.72502E-3 2.85786E-3 3.05609E-3 2.88339E-3 3.24962E-3 2.95137E-3 2.97487E-3
7.81707E-4 7.6042E-4 7.87799E-4 9.12805E-4 8.2556E-4 9.08647E-4 1.08302E-3 1.12271E-3 1.07095E-3 1.0598E-3 1.0875E-3 1.06684E-3 1.20422E-3 1.2244E-3 1.47967E-3 1.27757E-3 1.11109E-3 1.25307E-3 1.57263E-3 1.35509E-3 1.26618E-3 1.2718E-3 1.32399E-3 1.41131E-3 1.2791E-3 1.22503E-3 1.025E-3 1.03175E-3 1.41477E-3 1.80258E-3 1.31182E-3 1.29941E-3 1.35507E-3 1.43529E-3 1.63952E-3 1.85943E-3 1.68648E-3 1.67491E-3 1.66558E-3 1.6503E-3 1.74348E-3 2.22345E-3 2.05944E-3 2.01679E-3 2.26921E-3 2.0763E-3 2.53487E-3 2.41402E-3 2.48029E-3 2.34873E-3 2.5421E-3 2.60593E-3 2.77451E-3 2.59701E-3 2.70497E-3 3.04494E-3 2.9824E-3 2.83872E-3 2.89226E-3 2.91775E-3 3.01999E-3
