Artocarpus hirsutus SDM files/MIS19/results (with bias file)/Arthir_stddev.asc
ncols         625
nrows         721
xllcorner     69.99986311115
yllcorner     5.99986187915
cellsize      0.041666667
NODATA_value  -9999
[rows 324 to 350 of 721, columns 183 to 243 of 625]
7.03679E-4 7.35929E-4 8.89046E-4 1.24392E-3 9.11348E-4 8.64676E-4 8.8504E-4 6.54444E-4 7.72861E-4 9.16085E-4 1.29921E-3 2.08568E-3 1.80324E-3 1.60366E-3 2.32369E-3 2.55483E-3 3.18748E-3 3.35831E-3 4.84995E-3 4.27347E-3 2.54135E-3 2.35056E-3 2.56646E-3 2.5055E-3 2.46377E-3 2.05496E-3 1.2672E-3 1.57277E-3 1.75977E-3 1.82295E-3 2.09693E-3 1.85064E-3 1.44591E-3 1.2915E-3 1.2825E-3 1.367E-3 2.25331E-3 1.91206E-3 1.32568E-3 2.30746E-3 1.73496E-3 1.7208E-3 2.20667E-3 1.55157E-3 1.50479E-3 1.46255E-3 1.13634E-3 1.19118E-3 1.26675E-3 1.54324E-3 1.97315E-3 2.78562E-3 2.36431E-3 2.6265E-3 3.08433E-3 3.30097E-3 2.73262E-3 1.93848E-3 1.97026E-3 3.00383E-3 3.28029E-3
7.22195E-4 8.27824E-4 1.05476E-3 9.21252E-4 6.7542E-4 5.67149E-4 7.54458E-4 7.50426E-4 7.25655E-4 7.17513E-4 8.09091E-4 9.77213E-4 1.06565E-3 9.17747E-4 1.74417E-3 2.19496E-3 1.91095E-3 2.68841E-3 4.09371E-3 4.07214E-3 1.80025E-3 1.79098E-3 2.13374E-3 1.9542E-3 2.78067E-3 2.03712E-3 1.62148E-3 1.71117E-3 2.3665E-3 2.15737E-3 2.60596E-3 2.10365E-3 1.53032E-3 1.61075E-3 1.19814E-3 1.16006E-3 2.37529E-3 2.29263E-3 1.54034E-3 2.45584E-3 2.14301E-3 2.15201E-3 1.92601E-3 1.51473E-3 1.83038E-3 2.65514E-3 2.12474E-3 1.85773E-3 1.32316E-3 1.3703E-3 1.58132E-3 1.98806E-3 1.60476E-3 1.74136E-3 2.58927E-3 3.81233E-3 3.40728E-3 2.58352E-3 2.06956E-3 2.4558E-3 2.4234E-3
1.06797E-3 8.12655E-4 8.93207E-4 6.98593E-4 6.75577E-4 7.59907E-4 7.24662E-4 6.7297E-4 7.43701E-4 8.88749E-4 9.77192E-4 9.36883E-4 1.05141E-3 9.32595E-4 1.10965E-3 1.09584E-3 1.60044E-3 2.57204E-3 3.90947E-3 2.4134E-3 2.02062E-3 1.80359E-3 1.22077E-3 1.77385E-3 2.74873E-3 3.15702E-3 3.241E-3 2.40153E-3 2.18147E-3 2.80197E-3 2.69195E-3 2.04448E-3 1.63236E-3 1.34445E-3 1.17384E-3 1.10388E-3 2.05762E-3 2.01355E-3 1.1588E-3 1.38058E-3 1.16125E-3 1.57388E-3 1.89291E-3 1.91326E-3 2.1866E-3 2.29238E-3 2.61774E-3 2.21611E-3 1.60653E-3 1.78744E-3 1.44693E-3 1.69159E-3 1.69884E-3 1.8536E-3 2.29667E-3 2.28325E-3 2.55668E-3 2.72796E-3 2.2667E-3 2.18158E-3 2.39541E-3
9.28738E-4 1.03217E-3 6.61079E-4 6.9001E-4 6.56794E-4 7.39663E-4 7.39558E-4 8.62086E-4 1.05046E-3 9.15237E-4 1.13879E-3 1.09235E-3 1.30092E-3 1.07494E-3 1.78677E-3 1.29301E-3 1.55392E-3 2.08123E-3 2.91287E-3 1.38458E-3 1.46189E-3 1.44272E-3 1.80657E-3 1.87005E-3 2.44861E-3 2.97846E-3 3.7851E-3 3.95756E-3 3.80468E-3 3.30077E-3 1.89767E-3 1.90872E-3 1.77452E-3 2.10988E-3 1.7192E-3 1.92257E-3 1.20316E-3 2.15305E-3 1.35436E-3 1.71336E-3 1.9039E-3 1.77458E-3 1.78208E-3 1.4952E-3 1.4839E-3 1.18628E-3 1.63648E-3 2.43722E-3 2.12848E-3 2.71839E-3 1.95019E-3 1.94067E-3 1.8648E-3 1.94801E-3 1.82935E-3 2.16595E-3 2.30236E-3 2.28742E-3 2.17067E-3 2.39335E-3 2.54186E-3
7.66712E-4 1.09098E-3 7.06209E-4 7.70008E-4 1.03814E-3 9.4929E-4 8.06082E-4 8.0143E-4 1.26607E-3 1.58021E-3 1.7623E-3 1.7864E-3 1.56504E-3 1.06959E-3 1.53518E-3 1.58948E-3 1.7884E-3 2.18965E-3 3.10391E-3 1.84181E-3 1.96029E-3 1.74797E-3 2.91097E-3 3.9042E-3 3.42071E-3 4.3836E-3 2.90624E-3 2.14095E-3 1.32865E-3 1.72033E-3 1.6399E-3 1.33225E-3 1.49805E-3 2.14008E-3 2.1774E-3 1.75512E-3 1.45449E-3 1.49545E-3 1.4895E-3 1.95198E-3 2.55743E-3 1.90693E-3 1.98832E-3 1.68014E-3 1.42451E-3 1.9831E-3 1.60906E-3 1.81411E-3 2.45116E-3 2.57197E-3 2.87495E-3 2.53448E-3 2.44039E-3 2.51261E-3 2.44701E-3 3.01646E-3 3.48702E-3 3.15026E-3 2.4156E-3 2.00232E-3 2.24022E-3
6.10177E-4 1.05109E-3 9.33968E-4 8.37351E-4 8.31072E-4 8.00899E-4 7.23561E-4 8.0325E-4 8.87969E-4 1.07E-3 1.36541E-3 1.5628E-3 1.20208E-3 1.8731E-3 1.7571E-3 1.55997E-3 1.49229E-3 1.75188E-3 2.63889E-3 1.74113E-3 2.23967E-3 3.5195E-3 5.68569E-3 5.14752E-3 2.57766E-3 1.8475E-3 1.51849E-3 1.99082E-3 1.30789E-3 1.34394E-3 1.70605E-3 1.34661E-3 9.50401E-4 1.2608E-3 2.21235E-3 2.4178E-3 2.17093E-3 1.92992E-3 1.9525E-3 2.08767E-3 2.6419E-3 2.30388E-3 2.60041E-3 2.03669E-3 1.87907E-3 2.43233E-3 2.45592E-3 2.49907E-3 2.86278E-3 3.12529E-3 2.61149E-3 2.52811E-3 2.46028E-3 2.59041E-3 3.17624E-3 3.60199E-3 3.20995E-3 2.05674E-3 1.67338E-3 1.93484E-3 2.39639E-3
6.50666E-4 8.25671E-4 1.29882E-3 1.04681E-3 7.69998E-4 8.56581E-4 7.62538E-4 8.2457E-4 8.60495E-4 9.35728E-4 1.01092E-3 8.77976E-4 1.11072E-3 1.603E-3 3.5637E-3 3.31364E-3 2.99506E-3 3.03953E-3 4.85203E-3 3.70573E-3 2.63709E-3 5.17435E-3 2.71725E-3 2.56652E-3 2.08866E-3 1.59652E-3 1.73285E-3 1.5804E-3 1.29513E-3 1.6426E-3 1.90676E-3 1.47812E-3 1.09189E-3 1.1953E-3 1.37309E-3 1.656E-3 2.05463E-3 1.32106E-3 1.16951E-3 1.66763E-3 2.35672E-3 2.54653E-3 2.5654E-3 2.24895E-3 2.15415E-3 2.32608E-3 2.5923E-3 2.7447E-3 3.02251E-3 2.98969E-3 2.40023E-3 2.30566E-3 2.62125E-3 2.80228E-3 3.33823E-3 3.37685E-3 3.30219E-3 2.24208E-3 1.89363E-3 1.72492E-3 1.81813E-3
6.90918E-4 9.82426E-4 1.0167E-3 7.94395E-4 8.12197E-4 9.46647E-4 9.07912E-4 8.45872E-4 9.25337E-4 1.08302E-3 1.19924E-3 1.16715E-3 1.12611E-3 1.23614E-3 2.46904E-3 1.2691E-3 2.14862E-3 1.3187E-3 2.57928E-3 1.45302E-3 1.49054E-3 2.27902E-3 1.66782E-3 1.4831E-3 1.35417E-3 1.3462E-3 1.60872E-3 1.80667E-3 1.618E-3 1.81605E-3 1.61312E-3 1.84917E-3 1.28866E-3 1.30246E-3 1.15518E-3 1.52142E-3 1.94343E-3 1.36668E-3 1.14614E-3 1.49037E-3 2.14183E-3 1.68247E-3 2.20335E-3 2.23382E-3 2.02588E-3 1.90312E-3 2.80788E-3 2.71706E-3 2.64825E-3 2.20494E-3 2.30723E-3 2.2958E-3 2.73454E-3 2.24819E-3 1.87232E-3 2.48041E-3 2.23255E-3 2.03533E-3 2.03825E-3 1.94573E-3 2.83043E-3
6.86539E-4 8.50062E-4 1.06551E-3 1.09642E-3 9.80442E-4 1.11554E-3 8.44654E-4 9.52636E-4 8.85163E-4 1.04828E-3 1.08837E-3 9.15755E-4 9.31663E-4 9.95471E-4 1.38993E-3 1.20796E-3 1.20015E-3 1.48901E-3 1.32753E-3 1.6551E-3 1.37594E-3 1.38696E-3 1.29172E-3 1.37013E-3 2.33302E-3 3.34442E-3 3.22195E-3 2.40007E-3 1.89682E-3 1.80269E-3 2.00095E-3 1.86587E-3 1.74636E-3 1.56249E-3 1.30278E-3 1.77204E-3 1.43365E-3 1.25145E-3 1.39652E-3 1.63971E-3 1.89881E-3 1.81902E-3 1.92723E-3 1.8417E-3 1.93211E-3 1.93952E-3 2.814E-3 2.77285E-3 2.49293E-3 2.28854E-3 2.34096E-3 2.36461E-3 2.29019E-3 2.16725E-3 1.48388E-3 2.03569E-3 1.85861E-3 1.68178E-3 2.22117E-3 4.1686E-3 2.48225E-3
9.4013E-4 8.26498E-4 1.00053E-3 7.9294E-4 7.75191E-4 1.18484E-3 1.22508E-3 1.09168E-3 1.0656E-3 9.7693E-4 1.37671E-3 1.19822E-3 1.27164E-3 1.19644E-3 1.16496E-3 1.06998E-3 1.1335E-3 1.09724E-3 1.16299E-3 1.59341E-3 1.7754E-3 1.56275E-3 1.44711E-3 1.73183E-3 2.10769E-3 2.85916E-3 2.81374E-3 2.42506E-3 2.33239E-3 2.36285E-3 3.42209E-3 2.80241E-3 2.85545E-3 2.45381E-3 1.57115E-3 1.73432E-3 1.65947E-3 1.47155E-3 1.97224E-3 2.0044E-3 1.80766E-3 1.99219E-3 1.99012E-3 1.90405E-3 1.90818E-3 2.20903E-3 2.46893E-3 3.00048E-3 2.32705E-3 2.47036E-3 2.33625E-3 2.56065E-3 2.9904E-3 3.51231E-3 2.66807E-3 3.01326E-3 2.66807E-3 1.96291E-3 1.80448E-3 2.67048E-3 1.63297E-3
9.03414E-4 1.01771E-3 9.74207E-4 1.18224E-3 1.18982E-3 1.41737E-3 1.71434E-3 1.35254E-3 1.05765E-3 1.03997E-3 1.0677E-3 1.13127E-3 1.36348E-3 1.95728E-3 1.91016E-3 1.71913E-3 2.12388E-3 2.6225E-3 2.4029E-3 2.4779E-3 3.02833E-3 2.33216E-3 1.43458E-3 1.28E-3 1.58616E-3 2.22379E-3 2.68915E-3 2.2859E-3 2.09378E-3 1.60061E-3 1.95018E-3 2.50147E-3 2.51861E-3 2.85521E-3 2.63519E-3 2.15324E-3 2.01291E-3 1.56902E-3 2.07253E-3 2.4304E-3 2.18251E-3 2.08033E-3 2.1154E-3 2.17283E-3 1.76599E-3 1.82627E-3 2.38069E-3 2.58922E-3 2.29451E-3 2.17253E-3 2.26951E-3 2.52698E-3 2.63791E-3 3.14961E-3 3.04837E-3 2.70416E-3 2.58483E-3 2.89512E-3 1.74457E-3 2.07362E-3 1.81813E-3
1.00127E-3 9.46447E-4 1.13308E-3 9.30959E-4 1.20754E-3 1.39667E-3 1.47949E-3 1.16959E-3 1.10418E-3 1.05575E-3 1.14537E-3 1.44284E-3 1.43574E-3 2.10503E-3 2.73746E-3 2.56209E-3 2.07644E-3 2.44768E-3 2.11906E-3 1.71982E-3 1.9359E-3 1.98321E-3 1.6799E-3 1.20747E-3 1.62781E-3 1.93595E-3 2.40965E-3 1.72304E-3 1.70589E-3 1.67167E-3 1.63155E-3 1.72594E-3 2.40916E-3 3.34225E-3 2.86606E-3 2.237E-3 2.01402E-3 1.60966E-3 2.42097E-3 2.36831E-3 2.09264E-3 2.15542E-3 2.51134E-3 2.30826E-3 2.08321E-3 1.73661E-3 2.2434E-3 3.12905E-3 2.17053E-3 2.03247E-3 2.09836E-3 2.27177E-3 2.47319E-3 2.85868E-3 2.7878E-3 3.12405E-3 1.99127E-3 2.08502E-3 1.98964E-3 1.71186E-3 1.90063E-3
9.3435E-4 1.05088E-3 1.1319E-3 9.08509E-4 9.53644E-4 1.39804E-3 1.48956E-3 1.24635E-3 1.05416E-3 1.46064E-3 1.7679E-3 1.83943E-3 1.36247E-3 1.80658E-3 1.46163E-3 1.3402E-3 1.16303E-3 1.25902E-3 1.2419E-3 1.23066E-3 1.29816E-3 1.34125E-3 1.29851E-3 1.1806E-3 1.66596E-3 2.08551E-3 2.56589E-3 2.01035E-3 2.16919E-3 2.2247E-3 1.90141E-3 1.67497E-3 2.22492E-3 2.92925E-3 2.51835E-3 2.06343E-3 1.92178E-3 1.65082E-3 2.32985E-3 2.15596E-3 1.63408E-3 1.50259E-3 1.66755E-3 2.57433E-3 2.19913E-3 1.98365E-3 2.15816E-3 2.76588E-3 2.36824E-3 2.08406E-3 2.11965E-3 1.92406E-3 2.50504E-3 2.89151E-3 3.47111E-3 3.87413E-3 2.44382E-3 1.93343E-3 1.9754E-3 1.8185E-3 1.93439E-3
8.41337E-4 1.10067E-3 1.10417E-3 9.14876E-4 9.70761E-4 1.40993E-3 1.21044E-3 1.3098E-3 1.41176E-3 1.2616E-3 1.76952E-3 1.91352E-3 1.46461E-3 1.18599E-3 1.23425E-3 1.20664E-3 1.38652E-3 1.34092E-3 1.45352E-3 1.42353E-3 1.34138E-3 1.98112E-3 1.98559E-3 1.1527E-3 1.27228E-3 1.58364E-3 2.93398E-3 2.1374E-3 2.79053E-3 2.55494E-3 2.16421E-3 1.57776E-3 2.02971E-3 2.23623E-3 1.98096E-3 1.98794E-3 1.73594E-3 1.82442E-3 2.07843E-3 1.60058E-3 1.67951E-3 1.50787E-3 1.57143E-3 1.67862E-3 2.17919E-3 2.00839E-3 2.01164E-3 2.49368E-3 2.36979E-3 1.99122E-3 1.81965E-3 1.73885E-3 2.1961E-3 2.69704E-3 2.84755E-3 3.19404E-3 2.68032E-3 2.06237E-3 2.0907E-3 1.90922E-3 2.41394E-3
8.96594E-4 1.1955E-3 1.05149E-3 9.4598E-4 1.14844E-3 1.21117E-3 1.37864E-3 1.36457E-3 1.15599E-3 1.43068E-3 1.29311E-3 1.4409E-3 1.19609E-3 1.15993E-3 1.11392E-3 1.14066E-3 1.24161E-3 1.32857E-3 1.33144E-3 1.79255E-3 1.7439E-3 2.55714E-3 2.08081E-3 1.63808E-3 1.09375E-3 1.37531E-3 2.40815E-3 1.84656E-3 1.98048E-3 2.10141E-3 1.87993E-3 1.57182E-3 1.82072E-3 1.97038E-3 2.04046E-3 2.26511E-3 1.77959E-3 1.90661E-3 1.9471E-3 1.9635E-3 1.81488E-3 1.41256E-3 1.60969E-3 1.71726E-3 1.73664E-3 2.17531E-3 1.99074E-3 1.67158E-3 1.68358E-3 1.97178E-3 1.8941E-3 1.72731E-3 2.30321E-3 2.592E-3 2.33168E-3 2.49205E-3 2.50773E-3 2.32493E-3 2.17339E-3 1.96739E-3 1.6761E-3
7.90462E-4 8.66559E-4 9.74877E-4 9.48656E-4 1.02618E-3 9.8727E-4 9.63799E-4 9.81432E-4 9.13212E-4 1.26753E-3 1.55742E-3 1.36979E-3 1.51706E-3 1.57568E-3 1.45216E-3 1.55543E-3 1.89993E-3 1.98781E-3 1.73912E-3 1.96736E-3 1.79855E-3 2.14426E-3 1.69528E-3 1.35052E-3 1.05684E-3 1.40965E-3 1.22665E-3 1.64207E-3 1.89996E-3 1.9082E-3 2.09185E-3 1.87544E-3 2.15033E-3 2.07943E-3 2.81076E-3 2.67161E-3 2.23132E-3 1.87898E-3 2.15174E-3 2.51106E-3 1.84644E-3 2.0946E-3 2.19937E-3 1.92514E-3 1.61814E-3 1.70584E-3 1.68295E-3 1.40682E-3 1.81273E-3 2.11406E-3 1.71657E-3 1.68627E-3 2.31496E-3 1.97863E-3 1.68617E-3 3.37167E-3 3.23987E-3 2.19383E-3 2.19015E-3 2.18246E-3 1.85362E-3
7.65342E-4 7.7389E-4 8.79963E-4 8.77824E-4 9.20931E-4 1.08532E-3 1.07344E-3 1.01925E-3 1.08514E-3 1.20817E-3 1.5464E-3 1.40422E-3 1.50184E-3 1.39484E-3 1.13514E-3 1.26878E-3 1.76256E-3 1.6541E-3 1.58058E-3 1.92226E-3 1.83277E-3 1.62636E-3 1.82639E-3 1.6569E-3 1.12864E-3 1.38529E-3 1.40445E-3 1.10649E-3 1.38907E-3 2.13332E-3 2.19299E-3 2.10517E-3 2.18594E-3 2.15431E-3 2.78824E-3 2.37816E-3 3.01872E-3 2.766E-3 2.44358E-3 1.65138E-3 1.68272E-3 1.92596E-3 1.59139E-3 1.80093E-3 1.40359E-3 1.22519E-3 1.33636E-3 1.00926E-3 1.5362E-3 1.45989E-3 1.2908E-3 1.23141E-3 1.58733E-3 1.38622E-3 1.29069E-3 1.37385E-3 1.83303E-3 1.84945E-3 2.29875E-3 2.70022E-3 2.31245E-3
7.60519E-4 8.38117E-4 7.45246E-4 8.18436E-4 8.46086E-4 1.05173E-3 1.23544E-3 1.07174E-3 1.14693E-3 1.08016E-3 1.09002E-3 1.07136E-3 1.01718E-3 1.10307E-3 1.32893E-3 1.37415E-3 1.26465E-3 1.37672E-3 1.5003E-3 1.67069E-3 1.36226E-3 1.42598E-3 1.80922E-3 1.81967E-3 1.54007E-3 1.25492E-3 1.43104E-3 1.01211E-3 1.43496E-3 1.65168E-3 1.61036E-3 1.29275E-3 1.21116E-3 1.99127E-3 2.53097E-3 2.68546E-3 2.40576E-3 1.86191E-3 1.86494E-3 1.63539E-3 1.66977E-3 1.4764E-3 1.38619E-3 1.42111E-3 1.21877E-3 1.04873E-3 1.05838E-3 9.92404E-4 1.24285E-3 1.93006E-3 1.75152E-3 1.23396E-3 1.20392E-3 1.28664E-3 1.50365E-3 1.72368E-3 1.85592E-3 1.97589E-3 2.11448E-3 2.96094E-3 2.63991E-3
1.35113E-3 1.69532E-3 1.31402E-3 1.44961E-3 7.79122E-4 1.17712E-3 1.14683E-3 1.03607E-3 9.70753E-4 9.78467E-4 1.04455E-3 9.27779E-4 9.35918E-4 1.09806E-3 1.04524E-3 1.26007E-3 1.17991E-3 1.13133E-3 1.29111E-3 1.45261E-3 1.34901E-3 1.25456E-3 1.39787E-3 1.62438E-3 1.87923E-3 2.15712E-3 2.732E-3 1.42421E-3 9.92951E-4 1.08963E-3 2.15513E-3 1.13603E-3 1.15737E-3 1.3312E-3 1.60775E-3 1.85849E-3 2.26386E-3 1.86102E-3 1.43414E-3 1.45108E-3 1.89071E-3 1.43511E-3 1.26677E-3 1.36251E-3 1.3867E-3 1.31147E-3 1.34644E-3 1.34646E-3 1.16691E-3 1.30422E-3 1.13936E-3 1.26741E-3 1.4422E-3 1.54533E-3 1.814E-3 1.96636E-3 2.03054E-3 2.08224E-3 2.26603E-3 2.68714E-3 2.86548E-3
1.34416E-3 1.62581E-3 1.53894E-3 1.48841E-3 8.31388E-4 8.94752E-4 1.0661E-3 9.22238E-4 1.05873E-3 1.03601E-3 1.11456E-3 1.02402E-3 1.04007E-3 9.99405E-4 1.10807E-3 1.32161E-3 9.99009E-4 1.25954E-3 1.53317E-3 1.42034E-3 1.17169E-3 1.35153E-3 1.46527E-3 1.51718E-3 1.40221E-3 1.42326E-3 2.03612E-3 1.86023E-3 1.15108E-3 1.07402E-3 1.39489E-3 1.23114E-3 1.07153E-3 1.22415E-3 1.65522E-3 1.72177E-3 1.66502E-3 1.6905E-3 1.44308E-3 2.02445E-3 1.97289E-3 1.66137E-3 1.57906E-3 1.46989E-3 1.45339E-3 1.31533E-3 1.50978E-3 1.29379E-3 1.28903E-3 1.32803E-3 1.5856E-3 1.74293E-3 1.74E-3 1.77292E-3 1.95016E-3 2.15771E-3 2.23138E-3 1.90566E-3 2.17912E-3 2.83679E-3 2.78542E-3
1.48438E-3 1.2893E-3 1.25214E-3 1.37588E-3 1.28578E-3 1.46429E-3 1.50795E-3 1.3031E-3 1.14872E-3 1.04002E-3 1.07711E-3 1.07742E-3 1.13723E-3 1.1503E-3 1.28238E-3 1.36298E-3 1.10281E-3 1.33519E-3 1.20298E-3 1.20019E-3 1.21647E-3 1.2935E-3 1.36945E-3 1.54956E-3 1.59096E-3 1.2402E-3 1.86593E-3 1.7047E-3 1.80809E-3 1.12862E-3 1.75973E-3 1.29018E-3 1.36687E-3 1.75632E-3 1.86805E-3 2.41713E-3 2.69168E-3 2.13369E-3 1.52288E-3 2.02776E-3 2.01622E-3 2.08575E-3 1.76447E-3 1.53188E-3 1.43999E-3 1.40627E-3 1.51487E-3 1.52234E-3 1.44758E-3 1.3679E-3 1.43312E-3 1.85877E-3 1.98238E-3 1.88272E-3 2.02771E-3 2.54107E-3 1.89407E-3 1.90701E-3 2.11996E-3 2.61725E-3 2.58297E-3
1.39888E-3 1.35319E-3 1.27448E-3 1.14656E-3 1.12374E-3 1.72429E-3 1.44897E-3 1.53806E-3 1.49764E-3 1.23114E-3 1.36311E-3 1.14606E-3 1.15518E-3 1.35351E-3 1.48248E-3 1.44435E-3 1.15823E-3 1.14082E-3 1.32022E-3 1.20088E-3 1.18455E-3 1.41458E-3 1.35785E-3 1.47595E-3 1.54789E-3 1.5245E-3 1.40122E-3 1.59182E-3 1.35822E-3 1.09021E-3 1.57928E-3 2.06739E-3 1.64714E-3 1.74369E-3 2.01472E-3 2.36134E-3 2.20306E-3 1.89215E-3 1.54593E-3 2.41783E-3 2.03911E-3 1.79806E-3 1.66225E-3 1.60319E-3 1.64774E-3 1.66559E-3 1.6612E-3 1.60942E-3 1.50782E-3 1.41312E-3 1.43354E-3 1.4438E-3 1.99203E-3 2.34558E-3 2.54052E-3 1.99913E-3 2.11997E-3 1.95403E-3 2.10671E-3 2.33643E-3 2.55696E-3
1.21652E-3 1.14695E-3 1.31904E-3 1.47737E-3 1.34551E-3 1.61617E-3 1.4718E-3 1.27818E-3 1.08022E-3 1.15762E-3 1.40097E-3 1.57121E-3 1.42041E-3 1.51461E-3 1.38376E-3 1.28448E-3 1.15043E-3 1.08959E-3 1.19478E-3 1.14667E-3 1.39584E-3 1.39111E-3 1.49427E-3 1.79592E-3 1.70682E-3 1.62333E-3 1.50559E-3 1.81434E-3 1.61037E-3 1.22136E-3 1.11857E-3 1.18261E-3 1.33896E-3 1.34413E-3 1.65562E-3 1.76645E-3 1.28018E-3 1.2559E-3 1.39545E-3 2.05929E-3 1.8922E-3 1.58789E-3 1.64363E-3 1.58895E-3 1.48932E-3 1.53269E-3 1.87601E-3 1.92967E-3 1.74841E-3 1.58713E-3 1.30743E-3 1.27384E-3 1.81293E-3 2.28555E-3 1.52902E-3 1.547E-3 1.81984E-3 2.28125E-3 2.00484E-3 2.23963E-3 2.40407E-3
1.27348E-3 9.56819E-4 1.09677E-3 1.74799E-3 1.48974E-3 1.41486E-3 1.20812E-3 9.70828E-4 8.79489E-4 8.13128E-4 9.28211E-4 1.55446E-3 1.89506E-3 1.54262E-3 1.33463E-3 1.10212E-3 1.08132E-3 1.02995E-3 1.36706E-3 1.16986E-3 1.49513E-3 1.9662E-3 1.99076E-3 2.25496E-3 2.30011E-3 2.11677E-3 1.78376E-3 2.28051E-3 1.83384E-3 1.56331E-3 1.16704E-3 1.35865E-3 1.12728E-3 1.34035E-3 1.91729E-3 1.51264E-3 1.22952E-3 1.04297E-3 1.49914E-3 1.7158E-3 1.67586E-3 1.82908E-3 1.72164E-3 1.92097E-3 1.89976E-3 1.58673E-3 1.67715E-3 1.71754E-3 1.81677E-3 2.1928E-3 2.31527E-3 1.84153E-3 1.52292E-3 1.70633E-3 1.71534E-3 1.61587E-3 1.7886E-3 1.95626E-3 2.09492E-3 2.3891E-3 2.35852E-3
1.30998E-3 7.55509E-4 1.0563E-3 1.50637E-3 2.02946E-3 1.68521E-3 1.45123E-3 1.13308E-3 8.3709E-4 1.13879E-3 1.1946E-3 1.44051E-3 1.55677E-3 1.19221E-3 1.21735E-3 1.07627E-3 1.22183E-3 1.13231E-3 1.4393E-3 1.18303E-3 1.20499E-3 1.44778E-3 1.19211E-3 1.92476E-3 2.27165E-3 2.21839E-3 2.21569E-3 2.55736E-3 2.0646E-3 1.7479E-3 1.48822E-3 1.25354E-3 1.36268E-3 1.67481E-3 2.33895E-3 2.56301E-3 2.00085E-3 1.19684E-3 1.50138E-3 1.89108E-3 2.01488E-3 2.01183E-3 1.93865E-3 1.97646E-3 1.96054E-3 1.92288E-3 2.08321E-3 2.21352E-3 1.93282E-3 1.94809E-3 1.88439E-3 1.82254E-3 2.07844E-3 1.85091E-3 1.59752E-3 1.76201E-3 2.0095E-3 2.03101E-3 2.23179E-3 2.37463E-3 2.62498E-3
1.1338E-3 8.61095E-4 1.11342E-3 1.0504E-3 1.47857E-3 1.14915E-3 1.77291E-3 1.39853E-3 1.02992E-3 1.83189E-3 1.51218E-3 1.21769E-3 1.31905E-3 1.17136E-3 1.29927E-3 1.23795E-3 1.22737E-3 1.22421E-3 1.30443E-3 1.30443E-3 1.16602E-3 1.10985E-3 1.07417E-3 1.50608E-3 1.91139E-3 1.767E-3 2.05584E-3 2.27789E-3 2.30193E-3 2.1905E-3 1.72246E-3 1.28804E-3 1.18038E-3 1.40125E-3 1.50154E-3 1.77438E-3 1.70805E-3 1.28173E-3 1.68718E-3 1.68379E-3 1.59482E-3 1.63632E-3 1.45215E-3 2.53087E-3 2.5104E-3 2.3804E-3 2.31963E-3 2.30775E-3 2.1078E-3 1.39561E-3 1.7637E-3 2.11021E-3 1.7811E-3 1.6481E-3 1.69371E-3 1.67671E-3 2.02488E-3 2.22218E-3 2.20986E-3 2.31036E-3 2.44161E-3
1.08286E-3 1.14416E-3 1.08528E-3 9.01372E-4 1.08531E-3 1.13231E-3 2.01253E-3 2.27129E-3 1.40938E-3 1.2797E-3 1.19282E-3 1.08512E-3 1.35786E-3 1.256E-3 1.36292E-3 1.33667E-3 1.29915E-3 1.33267E-3 1.21809E-3 1.37354E-3 1.27597E-3 1.18212E-3 1.32615E-3 1.26537E-3 1.38344E-3 1.47539E-3 1.38753E-3 1.62979E-3 1.68827E-3 1.83029E-3 1.60166E-3 1.40463E-3 1.3136E-3 1.47481E-3 1.413E-3 1.92616E-3 1.78645E-3 1.34029E-3 1.66908E-3 1.93447E-3 1.55946E-3 1.41033E-3 1.38794E-3 2.0631E-3 2.3371E-3 1.92932E-3 1.47411E-3 1.61969E-3 1.75938E-3 1.56437E-3 1.46068E-3 1.66064E-3 1.55728E-3 1.55581E-3 1.70347E-3 1.77614E-3 2.04383E-3 2.06664E-3 2.77046E-3 3.15188E-3 2.37427E-3
