Artocarpus hirsutus SDM files/MIS19/results (with bias file)/Arthir_2.asc
ncols         625
nrows         721
xllcorner     69.99986311115
yllcorner     5.99986187915
cellsize      0.041666667
NODATA_value  -9999
[rows 297 to 323 of 721, columns 305 to 365 of 625]
1.32362E-2 1.20103E-2 1.11393E-2 2.10072E-2 2.27248E-2 1.96048E-2 1.65444E-2 8.99002E-3 9.07241E-3 1.02239E-2 8.50381E-3 7.14647E-3 9.90417E-3 9.75714E-3 9.01005E-3 1.36446E-2 1.08852E-2 1.20584E-2 1.38842E-2 1.05729E-2 1.08107E-2 1.21124E-2 1.73599E-2 1.69201E-2 1.16333E-2 1.1823E-2 1.60318E-2 1.14991E-2 1.02735E-2 1.21742E-2 1.69848E-2 2.50528E-2 1.41444E-2 1.29162E-2 1.64036E-2 1.42016E-2 1.9552E-2 2.01026E-2 1.4803E-2 1.96537E-2 2.57718E-2 2.41858E-2 1.68171E-2 1.56095E-2 1.51944E-2 1.4812E-2 1.92497E-2 1.63834E-2 1.22529E-2 1.09317E-2 9.01598E-3 1.53843E-2 1.14811E-2 1.38753E-2 1.35063E-2 1.51726E-2 1.42919E-2 2.18473E-2 2.61685E-2 2.00865E-2 1.32676E-2
1.3805E-2 1.44537E-2 6.02919E-3 6.27557E-3 1.03676E-2 1.94011E-2 2.05297E-2 1.54422E-2 1.39978E-2 1.4717E-2 9.89224E-3 1.40259E-2 1.62773E-2 2.10209E-2 1.7675E-2 1.33805E-2 1.27985E-2 1.79276E-2 1.72005E-2 1.09452E-2 1.06838E-2 1.21726E-2 1.07717E-2 9.19141E-3 9.4729E-3 1.05314E-2 1.42426E-2 2.19172E-2 2.51554E-2 2.5238E-2 1.75086E-2 1.25841E-2 1.22735E-2 1.90605E-2 2.3025E-2 1.9186E-2 3.72951E-2 1.89084E-2 1.12445E-2 1.88767E-2 1.75905E-2 1.51016E-2 1.76903E-2 2.15547E-2 3.19147E-2 2.07765E-2 2.6524E-2 2.55901E-2 1.73576E-2 1.81848E-2 1.49149E-2 2.13439E-2 1.85291E-2 2.12423E-2 2.41373E-2 2.14116E-2 1.75823E-2 2.02691E-2 2.28978E-2 2.42785E-2 2.46263E-2
1.05875E-2 6.12422E-3 5.78758E-3 1.56077E-2 1.58652E-2 1.24105E-2 1.84149E-2 1.06457E-2 9.54576E-3 1.89316E-2 1.40053E-2 2.15066E-2 2.00055E-2 1.81093E-2 1.50641E-2 1.70089E-2 1.99943E-2 1.65852E-2 1.05439E-2 1.25291E-2 1.7148E-2 1.23973E-2 1.28655E-2 1.80793E-2 1.035E-2 8.73298E-3 9.42126E-3 1.08875E-2 1.57934E-2 2.69897E-2 2.9383E-2 2.75618E-2 1.97347E-2 1.8482E-2 2.1994E-2 3.63024E-2 2.6353E-2 2.06807E-2 1.05778E-2 1.48841E-2 1.43766E-2 2.03328E-2 1.711E-2 1.4279E-2 2.37309E-2 3.56987E-2 2.25581E-2 1.18743E-2 1.47639E-2 1.84958E-2 2.08555E-2 2.19212E-2 2.31743E-2 2.69121E-2 2.36838E-2 1.61455E-2 1.79173E-2 2.0384E-2 2.04629E-2 2.37824E-2 1.66717E-2
1.24014E-2 1.16429E-2 5.99045E-3 1.17396E-2 6.58119E-3 6.43174E-3 5.47103E-3 8.05979E-3 1.65231E-2 1.5429E-2 1.14698E-2 1.06608E-2 1.28235E-2 1.04086E-2 7.59453E-3 9.6741E-3 1.15583E-2 1.4592E-2 2.00863E-2 1.53505E-2 1.88755E-2 2.06143E-2 1.80578E-2 1.1993E-2 8.21869E-3 8.66056E-3 8.88759E-3 1.13429E-2 1.06611E-2 1.38737E-2 2.42311E-2 2.45487E-2 1.32708E-2 1.44873E-2 2.08059E-2 2.01202E-2 4.45535E-2 2.266E-2 8.30735E-3 1.19201E-2 1.19802E-2 2.15127E-2 2.80681E-2 1.91856E-2 2.01445E-2 2.38958E-2 1.03109E-2 1.02169E-2 1.21334E-2 1.5378E-2 1.56625E-2 1.86371E-2 2.40107E-2 2.18805E-2 2.19231E-2 2.19575E-2 2.48539E-2 2.25951E-2 2.09212E-2 2.50433E-2 1.82526E-2
5.37688E-3 6.37818E-3 9.46212E-3 9.7447E-3 1.47271E-2 2.58347E-2 1.84181E-2 9.23315E-3 7.7128E-3 7.51026E-3 8.7521E-3 8.20859E-3 7.19499E-3 7.61028E-3 9.70135E-3 1.37811E-2 1.48753E-2 8.80915E-3 7.69398E-3 6.29443E-3 1.09405E-2 1.99246E-2 2.79581E-2 1.07393E-2 8.06394E-3 9.90345E-3 1.11432E-2 2.10644E-2 1.84801E-2 2.2039E-2 2.49433E-2 1.08301E-2 7.29607E-3 8.63518E-3 1.24735E-2 2.03378E-2 3.23665E-2 3.00439E-2 8.3551E-3 1.60917E-2 2.81103E-2 1.81886E-2 2.58547E-2 2.17449E-2 3.69405E-2 2.18321E-2 1.09479E-2 1.0589E-2 1.13966E-2 1.36337E-2 1.43848E-2 1.66364E-2 1.8732E-2 1.50833E-2 1.53232E-2 1.99824E-2 1.88078E-2 2.20049E-2 2.21309E-2 2.47917E-2 2.18002E-2
6.72526E-3 1.41145E-2 1.52068E-2 1.7925E-2 1.85327E-2 1.15016E-2 9.00318E-3 8.01561E-3 7.16044E-3 7.67815E-3 7.91285E-3 1.17952E-2 1.24534E-2 1.24285E-2 1.19801E-2 1.3419E-2 1.55025E-2 1.1719E-2 6.35283E-3 7.75795E-3 1.80318E-2 1.32726E-2 2.23927E-2 8.23554E-3 1.45794E-2 1.91298E-2 1.07657E-2 1.84822E-2 2.43401E-2 2.83305E-2 1.67232E-2 1.01549E-2 7.10216E-3 8.62253E-3 1.13578E-2 1.67702E-2 3.06149E-2 1.46525E-2 8.34006E-3 1.96293E-2 3.54481E-2 2.91629E-2 2.96891E-2 2.86917E-2 1.70341E-2 1.08599E-2 1.26774E-2 1.42396E-2 1.61459E-2 2.03136E-2 1.89683E-2 1.96863E-2 2.51178E-2 1.76551E-2 1.78885E-2 1.69848E-2 1.71989E-2 1.85478E-2 1.94375E-2 2.37324E-2 2.57415E-2
1.63021E-2 1.51498E-2 1.35895E-2 1.11502E-2 1.15662E-2 1.04571E-2 1.07151E-2 9.99922E-3 9.20611E-3 1.05321E-2 1.23303E-2 9.93525E-3 9.47236E-3 7.53452E-3 6.4202E-3 7.37498E-3 6.81135E-3 6.177E-3 7.98761E-3 6.75856E-3 1.10906E-2 1.63055E-2 2.18125E-2 9.02081E-3 7.85703E-3 1.95028E-2 1.35989E-2 2.12634E-2 2.35184E-2 1.71175E-2 1.51377E-2 9.10707E-3 1.10846E-2 1.09071E-2 1.49136E-2 2.50961E-2 3.95975E-2 3.1729E-2 1.85687E-2 1.05545E-2 2.54537E-2 5.36938E-2 4.13138E-2 3.83365E-2 1.21716E-2 1.18109E-2 1.36446E-2 1.43467E-2 1.70802E-2 2.11544E-2 2.69235E-2 2.2826E-2 2.26681E-2 2.44459E-2 2.01975E-2 1.88778E-2 2.27478E-2 1.95127E-2 2.05902E-2 2.46041E-2 2.69737E-2
1.49634E-2 1.3496E-2 1.13978E-2 1.08292E-2 9.76908E-3 9.57041E-3 1.27561E-2 1.38297E-2 1.16021E-2 9.42376E-3 9.45369E-3 8.89438E-3 7.93424E-3 8.0864E-3 1.06137E-2 7.28531E-3 8.97975E-3 1.19273E-2 1.38979E-2 1.07115E-2 1.14255E-2 8.03549E-3 9.0637E-3 7.5096E-3 8.36162E-3 1.03514E-2 1.47613E-2 1.84561E-2 1.73426E-2 1.42849E-2 1.50088E-2 1.68853E-2 1.75078E-2 1.79489E-2 2.85461E-2 3.56264E-2 4.32985E-2 2.9582E-2 1.58425E-2 9.78135E-3 1.63984E-2 2.99255E-2 2.89058E-2 1.71848E-2 1.24041E-2 1.36796E-2 1.44653E-2 1.99963E-2 2.34098E-2 2.76981E-2 2.99104E-2 2.41738E-2 2.95935E-2 2.64558E-2 1.87278E-2 2.00784E-2 2.23329E-2 2.40796E-2 2.19015E-2 2.26464E-2 2.33317E-2
8.82269E-3 1.14084E-2 1.14012E-2 1.52012E-2 1.31459E-2 1.19946E-2 1.17887E-2 1.42515E-2 1.23961E-2 1.11444E-2 1.02907E-2 1.06697E-2 1.12894E-2 1.17674E-2 1.01504E-2 1.07129E-2 1.01642E-2 8.47096E-3 1.21207E-2 1.27904E-2 8.28925E-3 7.23203E-3 1.08133E-2 1.06486E-2 7.56723E-3 8.32077E-3 7.1315E-3 7.9571E-3 1.01332E-2 7.18295E-3 8.56354E-3 8.55338E-3 1.1111E-2 1.07979E-2 2.26038E-2 3.55432E-2 3.0496E-2 2.58038E-2 1.61379E-2 1.2332E-2 4.01952E-2 2.59748E-2 1.29934E-2 1.23587E-2 1.35549E-2 1.32612E-2 2.35276E-2 2.75647E-2 3.0484E-2 3.00403E-2 3.20165E-2 2.65381E-2 3.14354E-2 2.52234E-2 2.38651E-2 2.40066E-2 2.25365E-2 2.45321E-2 2.72419E-2 2.75525E-2 1.94167E-2
9.64679E-3 9.8241E-3 1.2067E-2 1.61341E-2 1.28989E-2 1.34502E-2 1.6205E-2 1.57761E-2 1.39624E-2 1.05716E-2 1.17512E-2 9.66036E-3 1.08639E-2 1.09319E-2 1.20256E-2 1.56672E-2 1.66816E-2 1.58853E-2 1.37688E-2 1.1509E-2 9.61035E-3 1.03939E-2 1.46799E-2 1.43038E-2 9.29499E-3 1.59054E-2 1.03345E-2 7.64871E-3 6.63244E-3 8.20228E-3 9.02445E-3 1.68057E-2 1.1024E-2 8.36999E-3 1.41615E-2 2.37327E-2 1.80377E-2 2.87325E-2 1.4864E-2 1.318E-2 2.31684E-2 2.65696E-2 1.4246E-2 1.45901E-2 1.4883E-2 1.5625E-2 2.3052E-2 2.66094E-2 2.14302E-2 2.01793E-2 2.27886E-2 2.04007E-2 2.17368E-2 2.11867E-2 2.52499E-2 2.36747E-2 2.30805E-2 2.23587E-2 2.59832E-2 2.45472E-2 2.02326E-2
1.31737E-2 1.57551E-2 1.39621E-2 1.65283E-2 1.27657E-2 1.37981E-2 1.20268E-2 1.30641E-2 1.35789E-2 1.29606E-2 1.23001E-2 1.2599E-2 9.4193E-3 1.16802E-2 1.39008E-2 1.09535E-2 1.0567E-2 1.13221E-2 1.48632E-2 1.72284E-2 1.06966E-2 1.83409E-2 2.01468E-2 1.15704E-2 1.49479E-2 8.0829E-3 1.08073E-2 1.62058E-2 1.07074E-2 1.20381E-2 1.16353E-2 1.53702E-2 3.30257E-2 1.31557E-2 9.24262E-3 1.12377E-2 1.27539E-2 3.54029E-2 1.8823E-2 1.27574E-2 3.87822E-2 1.62303E-2 1.47686E-2 1.83071E-2 2.77313E-2 2.7252E-2 1.97987E-2 1.70759E-2 2.03717E-2 2.17024E-2 2.02982E-2 1.93234E-2 2.24731E-2 2.29873E-2 2.11617E-2 1.57925E-2 1.5536E-2 2.04493E-2 2.49073E-2 2.06416E-2 1.77528E-2
1.42394E-2 1.87319E-2 1.69757E-2 2.12241E-2 1.35913E-2 1.12513E-2 1.37622E-2 1.50845E-2 1.33662E-2 1.37954E-2 1.36456E-2 1.26227E-2 1.02056E-2 1.51723E-2 1.57891E-2 1.25447E-2 1.17195E-2 8.05832E-3 9.06177E-3 2.46138E-2 1.60963E-2 1.99005E-2 2.0729E-2 1.11222E-2 1.41739E-2 1.11897E-2 1.36589E-2 8.96314E-3 1.33257E-2 1.07329E-2 1.20355E-2 1.18651E-2 1.05734E-2 8.40998E-3 9.90669E-3 1.38759E-2 1.68458E-2 2.30828E-2 1.73831E-2 2.08757E-2 2.84018E-2 1.9123E-2 1.35153E-2 1.4825E-2 1.70488E-2 2.23361E-2 1.81542E-2 2.57344E-2 2.59519E-2 2.32202E-2 2.19616E-2 2.2335E-2 2.21034E-2 2.52871E-2 2.26603E-2 1.43086E-2 1.57269E-2 2.3551E-2 2.56798E-2 1.97776E-2 1.82069E-2
1.13816E-2 1.27866E-2 1.71278E-2 2.01547E-2 1.711E-2 1.16645E-2 1.07936E-2 1.12226E-2 1.78519E-2 1.88148E-2 1.43013E-2 1.19983E-2 1.26275E-2 2.03236E-2 1.7108E-2 1.29027E-2 1.58178E-2 1.26294E-2 7.35023E-3 9.78076E-3 1.78481E-2 1.90168E-2 1.37449E-2 1.54943E-2 8.18236E-3 9.23937E-3 1.66946E-2 1.24442E-2 1.76011E-2 1.11448E-2 9.42453E-3 1.56214E-2 1.39629E-2 1.16397E-2 1.86376E-2 1.24909E-2 1.36996E-2 1.5073E-2 1.79889E-2 2.92067E-2 3.68568E-2 3.13152E-2 1.4622E-2 1.77167E-2 1.97887E-2 1.88824E-2 1.82798E-2 2.44408E-2 2.86774E-2 3.09098E-2 3.59728E-2 2.2312E-2 1.75272E-2 2.07321E-2 2.09905E-2 1.91984E-2 1.63778E-2 2.37401E-2 2.10456E-2 2.02894E-2 1.86541E-2
1.3343E-2 1.17269E-2 1.32245E-2 1.66836E-2 1.43472E-2 1.14945E-2 1.32576E-2 1.09045E-2 1.2816E-2 1.04922E-2 1.08813E-2 9.72116E-3 1.73213E-2 1.36933E-2 1.69729E-2 1.09596E-2 1.15097E-2 1.64733E-2 1.22768E-2 1.37165E-2 1.97648E-2 2.29799E-2 1.6123E-2 1.52726E-2 6.8356E-3 7.38784E-3 1.06911E-2 1.78793E-2 1.78685E-2 1.02984E-2 1.07829E-2 1.61267E-2 2.9692E-2 2.70532E-2 1.7311E-2 1.4007E-2 1.18789E-2 1.87925E-2 1.95769E-2 2.79921E-2 3.22491E-2 4.23306E-2 1.88067E-2 1.60264E-2 1.89192E-2 1.91925E-2 2.1429E-2 2.03609E-2 2.45547E-2 2.40231E-2 3.04549E-2 1.9893E-2 1.64632E-2 1.87879E-2 1.7697E-2 1.62364E-2 2.05805E-2 2.59211E-2 2.10018E-2 2.38122E-2 2.09851E-2
1.06099E-2 9.70759E-3 1.10554E-2 1.21655E-2 1.38564E-2 1.4358E-2 1.26172E-2 1.24011E-2 8.75194E-3 8.49345E-3 8.72359E-3 9.64953E-3 1.28049E-2 1.89661E-2 1.7001E-2 1.07485E-2 1.00457E-2 1.44109E-2 2.36171E-2 2.27631E-2 2.28318E-2 1.52155E-2 1.6673E-2 1.11798E-2 1.25941E-2 9.50277E-3 8.1546E-3 1.05691E-2 1.71251E-2 1.44388E-2 1.1308E-2 2.34657E-2 3.54101E-2 2.60373E-2 2.06372E-2 1.29417E-2 1.45234E-2 1.23535E-2 1.30116E-2 1.9441E-2 2.1047E-2 4.59976E-2 2.00446E-2 2.00868E-2 2.47477E-2 2.78296E-2 2.5264E-2 2.10074E-2 1.93186E-2 2.40149E-2 3.2863E-2 2.82402E-2 1.58215E-2 1.85477E-2 1.66138E-2 2.03133E-2 2.30171E-2 1.95086E-2 1.99815E-2 2.39703E-2 1.82286E-2
2.4675E-2 1.56681E-2 1.11869E-2 1.11618E-2 1.21455E-2 1.21461E-2 1.31376E-2 1.23749E-2 1.30843E-2 1.25146E-2 9.18879E-3 8.59278E-3 7.84176E-3 7.4097E-3 1.10303E-2 1.19907E-2 6.54816E-3 8.45437E-3 8.77337E-3 9.17012E-3 1.53012E-2 1.18112E-2 9.58387E-3 1.46899E-2 1.52066E-2 1.40612E-2 1.83439E-2 1.43848E-2 1.13259E-2 1.89387E-2 1.95304E-2 1.22698E-2 1.91426E-2 2.10482E-2 1.85966E-2 1.47186E-2 2.39351E-2 1.84207E-2 1.79833E-2 1.29438E-2 1.9215E-2 2.67832E-2 2.39528E-2 1.87977E-2 2.30262E-2 2.51154E-2 2.36072E-2 2.4949E-2 1.92721E-2 2.07837E-2 2.94386E-2 3.00148E-2 1.85281E-2 1.51441E-2 1.7491E-2 2.16163E-2 1.6119E-2 1.78057E-2 1.67895E-2 1.7909E-2 1.88715E-2
1.83502E-2 1.03577E-2 1.44314E-2 2.32748E-2 1.99354E-2 1.28583E-2 1.59046E-2 1.47834E-2 1.32759E-2 1.47692E-2 9.50006E-3 1.06091E-2 1.0508E-2 8.19829E-3 7.79907E-3 8.47358E-3 7.651E-3 6.51123E-3 6.94157E-3 7.84821E-3 8.72932E-3 1.04872E-2 7.02368E-3 8.87524E-3 6.42411E-3 8.01481E-3 1.23653E-2 1.71426E-2 1.7705E-2 1.75415E-2 1.82198E-2 1.17271E-2 8.61238E-3 9.66584E-3 1.07399E-2 1.36818E-2 2.97202E-2 1.92605E-2 2.46919E-2 1.47258E-2 1.81309E-2 2.55177E-2 2.63553E-2 1.52557E-2 1.53769E-2 1.76249E-2 1.67559E-2 1.75313E-2 1.75773E-2 2.20149E-2 2.311E-2 3.00593E-2 2.45118E-2 1.48701E-2 1.53617E-2 1.75356E-2 1.72628E-2 1.64478E-2 1.78985E-2 1.79041E-2 1.95436E-2
1.49486E-2 1.02029E-2 1.48173E-2 1.85991E-2 1.78061E-2 1.30479E-2 1.11474E-2 1.57922E-2 1.9511E-2 1.84403E-2 1.50525E-2 1.1719E-2 1.56868E-2 1.33807E-2 2.07955E-2 1.33089E-2 1.90817E-2 7.96226E-3 7.16395E-3 1.60535E-2 6.99031E-3 6.25137E-3 7.67646E-3 6.99284E-3 6.8514E-3 5.96699E-3 8.30462E-3 1.16886E-2 1.6112E-2 1.28383E-2 1.97909E-2 1.46913E-2 1.99594E-2 1.58091E-2 1.35235E-2 1.52038E-2 2.07538E-2 2.0188E-2 1.91659E-2 1.71701E-2 1.40308E-2 2.27879E-2 2.43725E-2 1.92684E-2 3.24781E-2 2.5206E-2 1.92128E-2 1.97995E-2 1.59739E-2 2.50418E-2 3.10368E-2 2.94296E-2 2.0931E-2 1.68972E-2 1.75123E-2 1.61348E-2 1.47275E-2 1.94562E-2 1.91531E-2 2.31892E-2 2.1682E-2
1.73377E-2 1.3751E-2 1.27667E-2 1.13096E-2 1.74189E-2 1.54912E-2 1.30042E-2 1.14347E-2 1.57221E-2 2.38783E-2 1.63933E-2 1.30931E-2 2.42952E-2 1.7887E-2 2.19562E-2 1.36934E-2 1.60762E-2 6.42527E-3 6.76772E-3 1.24348E-2 1.75556E-2 6.72867E-3 8.83724E-3 1.67109E-2 8.60978E-3 7.69053E-3 6.89581E-3 1.04854E-2 1.07429E-2 1.21637E-2 1.60889E-2 2.56657E-2 2.42597E-2 2.28457E-2 1.44483E-2 1.69693E-2 2.3989E-2 2.06934E-2 1.74002E-2 1.8123E-2 1.68922E-2 2.53556E-2 3.82939E-2 3.48348E-2 4.12622E-2 2.48139E-2 2.29288E-2 2.05198E-2 1.54577E-2 1.74577E-2 1.84282E-2 1.74258E-2 1.59072E-2 1.92698E-2 2.28657E-2 1.95798E-2 1.54453E-2 1.91214E-2 1.6707E-2 1.91299E-2 1.52316E-2
1.99308E-2 1.56706E-2 1.29645E-2 1.2299E-2 1.21448E-2 1.369E-2 1.55269E-2 1.07202E-2 1.01464E-2 1.69229E-2 2.54855E-2 2.31348E-2 1.37534E-2 1.85913E-2 1.85329E-2 1.42436E-2 5.46945E-3 5.88675E-3 6.48838E-3 7.80872E-3 1.00872E-2 1.27892E-2 7.49937E-3 1.3869E-2 1.51074E-2 9.49854E-3 6.61132E-3 7.08943E-3 7.68111E-3 8.23036E-3 8.59724E-3 1.40722E-2 3.26939E-2 3.03565E-2 1.61942E-2 1.3714E-2 1.65E-2 2.18903E-2 1.42657E-2 1.32282E-2 1.75497E-2 1.71321E-2 1.43736E-2 1.63353E-2 1.87126E-2 1.83179E-2 1.86486E-2 1.7445E-2 1.6003E-2 1.97481E-2 1.33291E-2 1.28329E-2 1.21639E-2 1.32526E-2 1.60715E-2 1.99743E-2 1.39142E-2 1.19139E-2 1.35042E-2 1.24488E-2 2.11765E-2
1.46735E-2 1.47555E-2 1.5786E-2 1.16625E-2 8.54631E-3 1.15847E-2 1.25329E-2 1.32705E-2 9.32807E-3 1.37338E-2 3.22651E-2 2.18046E-2 2.31533E-2 1.91676E-2 1.56956E-2 1.49461E-2 8.76076E-3 1.0941E-2 7.23305E-3 8.0171E-3 1.22127E-2 1.6291E-2 7.6658E-3 1.41351E-2 2.22055E-2 1.78926E-2 9.06512E-3 8.44222E-3 9.20274E-3 1.25634E-2 1.07801E-2 1.2886E-2 2.63316E-2 2.32657E-2 2.11422E-2 1.27306E-2 1.38222E-2 1.9519E-2 1.83549E-2 1.6325E-2 1.85806E-2 1.60645E-2 1.45246E-2 1.14018E-2 2.2691E-2 2.1746E-2 1.53607E-2 1.5292E-2 1.69037E-2 1.68922E-2 1.37747E-2 1.2403E-2 1.27985E-2 1.1448E-2 1.12536E-2 1.33957E-2 1.79839E-2 1.38015E-2 1.39807E-2 7.99678E-3 1.67266E-2
1.35044E-2 8.86075E-3 9.4863E-3 7.60045E-3 9.21365E-3 1.42013E-2 1.68751E-2 1.1978E-2 9.80843E-3 1.17019E-2 1.54846E-2 1.09422E-2 1.35739E-2 1.30864E-2 1.3887E-2 1.3481E-2 7.96217E-3 6.03575E-3 7.34943E-3 8.51387E-3 1.01081E-2 1.06452E-2 8.55798E-3 1.09175E-2 1.85718E-2 2.32521E-2 9.17755E-3 8.52168E-3 8.89341E-3 1.36451E-2 1.74128E-2 1.32938E-2 1.20191E-2 1.21151E-2 1.60629E-2 1.27295E-2 1.13988E-2 1.21474E-2 1.47687E-2 2.27101E-2 1.39323E-2 1.05406E-2 1.90384E-2 1.06356E-2 3.00068E-2 2.91592E-2 2.15291E-2 2.09733E-2 1.78965E-2 1.62333E-2 1.73863E-2 1.85033E-2 1.99565E-2 1.60279E-2 1.22303E-2 1.01529E-2 1.79967E-2 2.42601E-2 1.49598E-2 1.07531E-2 1.34257E-2
1.00663E-2 6.528E-3 6.7022E-3 1.06078E-2 1.51851E-2 2.37614E-2 1.61189E-2 1.59029E-2 1.04554E-2 2.08702E-2 1.08726E-2 3.95084E-3 8.26108E-3 8.95274E-3 8.47067E-3 1.13984E-2 7.69924E-3 6.51678E-3 7.92421E-3 1.14333E-2 8.90871E-3 7.7065E-3 1.03677E-2 9.15092E-3 1.05746E-2 1.72556E-2 1.30204E-2 1.18664E-2 9.17461E-3 1.5355E-2 1.74571E-2 1.46361E-2 1.30032E-2 1.36319E-2 1.37408E-2 1.40766E-2 9.4052E-3 9.85251E-3 1.2648E-2 1.88717E-2 1.40554E-2 1.2387E-2 1.75504E-2 1.10179E-2 1.98041E-2 2.54776E-2 2.47893E-2 1.7249E-2 1.39985E-2 1.21649E-2 1.23633E-2 1.21216E-2 1.5163E-2 1.90283E-2 2.05055E-2 1.40102E-2 8.71544E-3 1.57138E-2 1.08523E-2 8.25369E-3 1.04819E-2
1.01005E-2 8.9903E-3 8.33777E-3 1.17386E-2 1.58882E-2 1.38686E-2 2.58888E-2 1.99152E-2 1.23534E-2 1.66038E-2 8.18989E-3 6.81171E-3 5.57212E-3 1.06337E-2 7.38259E-3 6.7282E-3 7.5431E-3 8.2132E-3 1.03955E-2 9.87568E-3 9.58325E-3 7.73527E-3 8.07964E-3 9.75521E-3 9.96263E-3 1.43164E-2 7.7627E-3 7.43569E-3 7.74726E-3 1.05231E-2 1.6353E-2 1.70579E-2 1.77346E-2 1.56533E-2 1.83187E-2 1.80181E-2 1.5098E-2 9.17002E-3 1.13727E-2 1.33538E-2 1.00588E-2 1.17695E-2 1.44267E-2 1.10329E-2 1.47075E-2 1.60353E-2 1.9298E-2 1.66065E-2 1.32558E-2 1.10409E-2 1.05552E-2 8.76265E-3 9.82509E-3 1.90865E-2 1.22792E-2 6.68178E-3 8.97363E-3 1.95481E-2 1.50542E-2 1.00509E-2 1.50419E-2
1.16484E-2 1.68537E-2 9.22916E-3 9.38222E-3 1.01158E-2 1.16654E-2 1.16486E-2 1.31912E-2 5.73817E-3 6.48262E-3 1.00189E-2 1.05086E-2 7.53001E-3 6.81097E-3 1.18597E-2 9.19896E-3 7.91589E-3 9.56183E-3 1.27133E-2 8.92912E-3 6.56573E-3 7.671E-3 6.67221E-3 7.99573E-3 8.6134E-3 8.66509E-3 7.89977E-3 7.74458E-3 8.9253E-3 9.26153E-3 1.50523E-2 2.38336E-2 1.76313E-2 1.01979E-2 1.47064E-2 1.14562E-2 9.7205E-3 9.60252E-3 1.09553E-2 1.31431E-2 1.20697E-2 1.08444E-2 1.2385E-2 1.55899E-2 1.82488E-2 1.76924E-2 2.19534E-2 1.61446E-2 1.23026E-2 1.0426E-2 1.12909E-2 8.90758E-3 9.70939E-3 1.13751E-2 8.52727E-3 8.95882E-3 8.62638E-3 1.64237E-2 2.3446E-2 1.03146E-2 2.20414E-2
1.608E-2 2.32135E-2 1.6854E-2 1.08433E-2 8.26497E-3 1.27738E-2 1.0872E-2 6.3091E-3 4.81615E-3 5.35929E-3 6.67046E-3 1.54734E-2 7.86239E-3 7.13925E-3 1.2787E-2 9.93705E-3 9.7697E-3 1.14908E-2 1.15891E-2 9.91402E-3 7.11639E-3 7.62393E-3 8.21336E-3 8.13472E-3 7.97945E-3 7.81733E-3 8.57837E-3 1.1157E-2 1.02911E-2 9.90624E-3 1.65963E-2 2.71876E-2 2.26212E-2 9.43769E-3 1.25526E-2 1.01291E-2 9.36507E-3 1.09834E-2 1.09293E-2 1.22568E-2 1.24304E-2 1.57328E-2 1.73218E-2 1.57676E-2 1.61713E-2 1.53493E-2 1.69869E-2 1.26137E-2 9.68962E-3 9.74195E-3 1.28632E-2 9.09628E-3 1.1916E-2 1.2814E-2 1.57143E-2 1.26033E-2 8.56003E-3 1.28079E-2 9.09569E-3 9.02478E-3 8.35778E-3
2.46916E-2 2.27424E-2 8.44639E-3 1.20519E-2 1.62676E-2 1.67218E-2 1.01474E-2 4.42984E-3 5.27724E-3 5.71206E-3 6.32427E-3 8.82387E-3 9.13795E-3 9.75488E-3 1.61903E-2 9.83806E-3 1.04985E-2 1.18577E-2 1.35837E-2 1.69388E-2 1.3144E-2 1.16954E-2 9.56216E-3 9.88972E-3 9.09401E-3 1.00961E-2 1.30456E-2 1.00187E-2 9.53723E-3 9.82993E-3 1.45909E-2 1.35275E-2 1.50079E-2 1.18784E-2 1.02827E-2 1.16082E-2 1.15122E-2 9.60775E-3 1.20759E-2 1.5941E-2 2.26511E-2 2.03104E-2 1.30019E-2 1.23104E-2 1.55377E-2 1.84386E-2 1.70469E-2 1.05002E-2 1.00077E-2 9.08783E-3 1.21993E-2 9.94783E-3 7.75943E-3 6.6087E-3 1.197E-2 1.59652E-2 1.04777E-2 1.09954E-2 1.16335E-2 1.23802E-2 8.86191E-3
