Artocarpus hirsutus SDM files/MIS19/results (with bias file)/Arthir_7.asc
ncols         625
nrows         721
xllcorner     69.99986311115
yllcorner     5.99986187915
cellsize      0.041666667
NODATA_value  -9999
[rows 270 to 296 of 721, columns 305 to 365 of 625]
5.29431E-3 5.9051E-3 5.51037E-3 5.57815E-3 5.51037E-3 5.88188E-3 5.97355E-3 6.29894E-3 6.71317E-3 7.1721E-3 7.31917E-3 6.72099E-3 6.75511E-3 7.28908E-3 9.34926E-3 9.0279E-3 7.7376E-3 8.32411E-3 1.00712E-2 1.18638E-2 1.0752E-2 1.15428E-2 1.00482E-2 8.2591E-3 1.15053E-2 7.64488E-3 8.45409E-3 9.39057E-3 1.17175E-2 1.23267E-2 1.5393E-2 6.81368E-3 6.01718E-3 6.22288E-3 9.07362E-3 8.24897E-3 7.77112E-3 7.92745E-3 8.01435E-3 8.03841E-3 8.15971E-3 8.24897E-3 6.8228E-3 7.25134E-3 7.1233E-3 7.39811E-3 6.88956E-3 7.14788E-3 6.98336E-3 6.87899E-3 7.10062E-3 6.35904E-3 6.69671E-3 5.67954E-3 6.86127E-3 5.62592E-3 5.3824E-3 5.05729E-3 5.74192E-3 5.67964E-3 6.2446E-3
4.78843E-3 4.84311E-3 4.95887E-3 4.8043E-3 5.59527E-3 5.96884E-3 6.10526E-3 6.17454E-3 6.34078E-3 6.99886E-3 7.38619E-3 7.02088E-3 8.87129E-3 8.12136E-3 8.0061E-3 8.09587E-3 1.01419E-2 8.7984E-3 8.72149E-3 9.95338E-3 1.2195E-2 1.4087E-2 1.07834E-2 1.17595E-2 6.81422E-3 9.13261E-3 1.48597E-2 1.19933E-2 1.10443E-2 1.5411E-2 1.37462E-2 6.25552E-3 6.05196E-3 7.63586E-3 9.16545E-3 8.21983E-3 8.96011E-3 9.1302E-3 9.28336E-3 8.18418E-3 8.41426E-3 7.54006E-3 7.84142E-3 7.0245E-3 6.97581E-3 8.149E-3 8.36165E-3 6.47258E-3 7.11838E-3 6.88083E-3 7.6724E-3 6.6186E-3 6.31625E-3 5.88314E-3 6.39457E-3 6.04259E-3 6.37525E-3 5.25643E-3 6.61555E-3 5.87298E-3 5.09101E-3
5.33922E-3 4.78508E-3 6.00907E-3 5.85123E-3 6.7439E-3 6.64789E-3 6.35859E-3 6.65811E-3 6.85779E-3 6.33777E-3 7.10626E-3 7.48301E-3 7.54417E-3 7.94135E-3 7.419E-3 9.41272E-3 9.02287E-3 8.33729E-3 9.21292E-3 8.54566E-3 1.10353E-2 9.83754E-3 1.22338E-2 1.17737E-2 8.42796E-3 1.11206E-2 1.69761E-2 1.55325E-2 6.51588E-3 1.01929E-2 9.15075E-3 5.75389E-3 7.73798E-3 9.38984E-3 8.98919E-3 9.30603E-3 9.47495E-3 9.65258E-3 9.33367E-3 9.14013E-3 9.32353E-3 7.80295E-3 7.6636E-3 7.269E-3 6.96966E-3 6.9596E-3 1.28984E-2 6.27515E-3 6.1749E-3 6.70803E-3 7.07568E-3 6.87498E-3 6.73179E-3 6.21679E-3 6.62264E-3 5.94067E-3 5.98152E-3 5.85638E-3 5.70543E-3 5.75486E-3 5.38591E-3
4.91635E-3 4.94368E-3 4.48931E-3 5.35403E-3 8.10023E-3 8.13511E-3 9.00666E-3 7.98129E-3 7.23482E-3 6.12098E-3 6.75744E-3 7.22862E-3 6.94744E-3 7.75801E-3 1.04432E-2 1.08742E-2 1.14467E-2 1.03041E-2 1.01491E-2 9.59236E-3 1.19429E-2 9.87044E-3 1.48625E-2 1.13424E-2 1.01271E-2 1.27382E-2 1.6415E-2 1.36195E-2 1.15536E-2 9.50034E-3 6.4104E-3 7.06488E-3 9.19079E-3 1.00554E-2 9.73151E-3 9.35409E-3 9.41627E-3 9.46264E-3 9.54804E-3 8.87242E-3 8.75526E-3 8.40371E-3 7.95332E-3 7.8426E-3 7.81057E-3 7.7259E-3 7.72768E-3 7.03508E-3 7.2045E-3 6.92607E-3 7.01209E-3 7.32374E-3 6.85293E-3 6.67736E-3 6.72301E-3 6.38939E-3 6.2868E-3 6.09567E-3 5.75022E-3 6.55452E-3 6.05718E-3
2.72196E-3 2.82749E-3 3.22687E-3 3.2098E-3 3.97302E-3 3.92078E-3 4.45052E-3 3.88416E-3 3.67191E-3 6.45475E-3 7.42219E-3 7.6089E-3 7.34775E-3 7.88541E-3 1.11149E-2 1.13819E-2 1.34791E-2 1.22204E-2 9.44956E-3 1.10176E-2 1.54963E-2 1.37549E-2 1.65418E-2 1.77927E-2 1.37681E-2 1.37708E-2 1.07166E-2 8.38584E-3 1.10843E-2 6.94832E-3 6.21579E-3 8.75242E-3 1.08412E-2 1.10028E-2 1.02463E-2 1.0297E-2 1.03901E-2 1.03169E-2 1.01828E-2 9.37672E-3 8.31868E-3 8.63589E-3 8.08062E-3 8.15367E-3 1.20633E-2 1.23687E-2 7.64106E-3 8.32082E-3 7.962E-3 7.4144E-3 7.16132E-3 7.3399E-3 7.4262E-3 6.91496E-3 6.81187E-3 6.50601E-3 6.45267E-3 6.40563E-3 6.55646E-3 6.5984E-3 5.78894E-3
3.87862E-3 4.50895E-3 5.88819E-3 6.90926E-3 7.65367E-3 5.36006E-3 4.35082E-3 4.31701E-3 4.76001E-3 9.79359E-3 1.2537E-2 1.41533E-2 1.25788E-2 1.216E-2 1.04313E-2 1.46878E-2 1.40927E-2 1.54142E-2 1.11376E-2 1.5624E-2 1.33198E-2 1.39319E-2 1.0597E-2 1.29355E-2 9.01848E-3 6.94269E-3 6.55386E-3 6.93253E-3 7.21995E-3 7.48202E-3 8.66869E-3 1.03685E-2 1.10171E-2 1.10933E-2 1.16624E-2 1.19518E-2 1.166E-2 9.80509E-3 1.05685E-2 9.6279E-3 7.8953E-3 1.19088E-2 1.38085E-2 1.58087E-2 1.39261E-2 8.9846E-3 8.84005E-3 8.18911E-3 8.48836E-3 6.75607E-3 6.72825E-3 7.98591E-3 8.34743E-3 7.10194E-3 6.58487E-3 6.54532E-3 6.63393E-3 6.66357E-3 6.62885E-3 6.3532E-3 6.39976E-3
4.96815E-3 6.3788E-3 6.38568E-3 4.50435E-3 3.90794E-3 4.29859E-3 4.1968E-3 4.87455E-3 7.03471E-3 1.48101E-2 1.14525E-2 8.69995E-3 7.49828E-3 7.45529E-3 6.62174E-3 5.8013E-3 5.44811E-3 6.19372E-3 5.1792E-3 5.67199E-3 5.45783E-3 6.18744E-3 6.34614E-3 6.36003E-3 6.49032E-3 7.17827E-3 7.46253E-3 8.48064E-3 1.02036E-2 9.78055E-3 1.16294E-2 1.23024E-2 1.18729E-2 1.16251E-2 1.40205E-2 1.79665E-2 1.06796E-2 8.06523E-3 9.08434E-3 1.31423E-2 1.4295E-2 1.47578E-2 1.59862E-2 1.30016E-2 1.03168E-2 7.72018E-3 6.80752E-3 6.00055E-3 6.95711E-3 8.0099E-3 7.7668E-3 8.76912E-3 7.53833E-3 7.81752E-3 7.09257E-3 7.38207E-3 7.24989E-3 6.5962E-3 6.13487E-3 6.64286E-3 7.12227E-3
5.57358E-3 6.67444E-3 6.35053E-3 4.45862E-3 3.86725E-3 6.82501E-3 4.42861E-3 5.99332E-3 4.80423E-3 6.11713E-3 4.69832E-3 3.99582E-3 4.31444E-3 4.62395E-3 5.50532E-3 7.22717E-3 7.15332E-3 7.40745E-3 8.63851E-3 7.84882E-3 7.84677E-3 9.47824E-3 1.06182E-2 8.07488E-3 9.78294E-3 1.01671E-2 1.09489E-2 9.6155E-3 1.20862E-2 1.16058E-2 1.22429E-2 1.22918E-2 1.28448E-2 1.37051E-2 1.31411E-2 1.23862E-2 7.94048E-3 9.58098E-3 1.29987E-2 1.70788E-2 1.53045E-2 1.22939E-2 1.20253E-2 9.18416E-3 7.87206E-3 5.79846E-3 7.15434E-3 9.47119E-3 1.02853E-2 1.03143E-2 7.21949E-3 7.56931E-3 7.49156E-3 7.35399E-3 7.78303E-3 7.90748E-3 7.41507E-3 6.82596E-3 5.63092E-3 9.22015E-3 9.03756E-3
3.03043E-3 3.12288E-3 3.38567E-3 4.05279E-3 4.55149E-3 5.53394E-3 5.73493E-3 6.85703E-3 8.88016E-3 7.24574E-3 5.3284E-3 7.54557E-3 7.98245E-3 8.2163E-3 9.71441E-3 8.49675E-3 9.53448E-3 7.63119E-3 1.10857E-2 1.02643E-2 1.24618E-2 1.84451E-2 1.32594E-2 8.62559E-3 1.3255E-2 1.1165E-2 1.06505E-2 9.7242E-3 1.25164E-2 1.83628E-2 1.48155E-2 1.37282E-2 1.26683E-2 1.65299E-2 1.50626E-2 1.05777E-2 1.15045E-2 1.25807E-2 1.22912E-2 1.05171E-2 7.98356E-3 7.70636E-3 7.57746E-3 7.52413E-3 7.34413E-3 7.06285E-3 8.32939E-3 9.85876E-3 8.75338E-3 7.90601E-3 6.75876E-3 7.13176E-3 7.8317E-3 7.52354E-3 8.69462E-3 7.14989E-3 9.04736E-3 7.10846E-3 5.82732E-3 7.1085E-3 7.48609E-3
3.52847E-3 3.66485E-3 4.3413E-3 5.22396E-3 6.66509E-3 5.31532E-3 4.85726E-3 6.41224E-3 9.26627E-3 9.38997E-3 6.16336E-3 1.01743E-2 1.25483E-2 1.22964E-2 1.02616E-2 7.42337E-3 1.06555E-2 8.93596E-3 1.23475E-2 9.10834E-3 9.33409E-3 1.01236E-2 1.18951E-2 1.28248E-2 1.09631E-2 1.08235E-2 7.6026E-3 1.0196E-2 1.814E-2 2.2757E-2 1.61574E-2 1.52461E-2 1.49072E-2 1.51914E-2 1.35274E-2 1.07088E-2 1.01794E-2 1.05124E-2 1.16018E-2 1.06246E-2 1.0839E-2 1.15134E-2 9.54217E-3 8.6047E-3 8.40043E-3 9.47417E-3 9.09339E-3 9.79298E-3 1.164E-2 7.88028E-3 6.90043E-3 8.87649E-3 1.29694E-2 7.39574E-3 1.18063E-2 9.52094E-3 7.80824E-3 6.21522E-3 9.15312E-3 9.14888E-3 9.83732E-3
3.54652E-3 4.49746E-3 5.87148E-3 6.82911E-3 7.22686E-3 6.45305E-3 4.56609E-3 8.8613E-3 1.07402E-2 7.43854E-3 6.01879E-3 7.02755E-3 9.46277E-3 1.26183E-2 8.07943E-3 7.68045E-3 1.32306E-2 1.60698E-2 1.57558E-2 1.28964E-2 1.31591E-2 1.70631E-2 1.53522E-2 1.02817E-2 7.70942E-3 8.78017E-3 7.46525E-3 1.23921E-2 1.55592E-2 1.25436E-2 8.57372E-3 9.04048E-3 9.88132E-3 1.20146E-2 1.19007E-2 1.20062E-2 1.22612E-2 9.40173E-3 1.25917E-2 1.42938E-2 1.35433E-2 1.29878E-2 9.40541E-3 8.24808E-3 8.90407E-3 1.01641E-2 9.86091E-3 1.21148E-2 1.29647E-2 8.79794E-3 6.64864E-3 8.64362E-3 1.0179E-2 1.03696E-2 1.27935E-2 1.0976E-2 1.05709E-2 8.49951E-3 1.01171E-2 1.07265E-2 8.9886E-3
4.92648E-3 5.14754E-3 6.13287E-3 6.73903E-3 5.87E-3 5.64127E-3 4.38894E-3 6.31446E-3 8.96959E-3 8.82526E-3 9.75009E-3 6.13465E-3 5.83829E-3 9.73801E-3 1.249E-2 8.76005E-3 1.41265E-2 1.12082E-2 1.08865E-2 9.12978E-3 1.12177E-2 1.02543E-2 9.06143E-3 7.07268E-3 7.88236E-3 9.61216E-3 8.92099E-3 1.09044E-2 1.2048E-2 1.06877E-2 9.81649E-3 1.19785E-2 1.54503E-2 1.78856E-2 1.32078E-2 1.56613E-2 1.25133E-2 8.83097E-3 1.16115E-2 1.18021E-2 1.3594E-2 1.3632E-2 8.43349E-3 7.71157E-3 9.69462E-3 1.07945E-2 1.14001E-2 1.05249E-2 1.07798E-2 7.59076E-3 6.53998E-3 1.04176E-2 1.19856E-2 1.13487E-2 1.18182E-2 1.12475E-2 9.21261E-3 7.96917E-3 8.46946E-3 8.79244E-3 8.22787E-3
5.42808E-3 6.38537E-3 6.76447E-3 7.68785E-3 6.49215E-3 6.55841E-3 6.47009E-3 5.94778E-3 1.06344E-2 1.16192E-2 1.20617E-2 1.19895E-2 9.46935E-3 8.95132E-3 9.43396E-3 7.47085E-3 7.18271E-3 7.79238E-3 7.36052E-3 7.16084E-3 7.1176E-3 7.29491E-3 7.17016E-3 9.21017E-3 1.40946E-2 1.30456E-2 1.01896E-2 1.14309E-2 1.18377E-2 1.32953E-2 1.58291E-2 1.63615E-2 1.52338E-2 1.58784E-2 1.36011E-2 1.66204E-2 1.80355E-2 1.40747E-2 1.64597E-2 1.97959E-2 1.2384E-2 8.28325E-3 7.10832E-3 8.02102E-3 1.11983E-2 1.23905E-2 1.26952E-2 1.63137E-2 1.73003E-2 7.14996E-3 7.41631E-3 1.16929E-2 1.2026E-2 1.13884E-2 1.13527E-2 8.81572E-3 8.00798E-3 8.62995E-3 7.89439E-3 9.43656E-3 9.35138E-3
5.23596E-3 5.28586E-3 5.25998E-3 7.9922E-3 7.27723E-3 8.03302E-3 6.27568E-3 6.36243E-3 1.10066E-2 1.23166E-2 1.14389E-2 5.9508E-3 5.17685E-3 5.06594E-3 8.00428E-3 9.10954E-3 8.56957E-3 1.02741E-2 1.16006E-2 1.36404E-2 1.0167E-2 1.044E-2 9.68682E-3 1.33246E-2 1.91864E-2 1.29052E-2 1.01805E-2 9.94795E-3 1.0483E-2 1.60228E-2 1.82668E-2 1.84292E-2 9.76651E-3 1.15751E-2 1.10911E-2 1.39423E-2 1.02055E-2 8.8954E-3 1.25813E-2 1.40922E-2 9.38417E-3 8.89726E-3 9.77845E-3 1.14191E-2 1.30839E-2 1.39578E-2 1.69366E-2 1.40744E-2 8.50807E-3 7.81185E-3 1.1183E-2 1.31927E-2 1.24519E-2 1.24857E-2 1.06737E-2 9.03277E-3 8.31901E-3 8.40593E-3 7.38601E-3 9.42225E-3 8.83872E-3
5.83014E-3 3.03884E-3 3.22825E-3 3.84463E-3 3.77008E-3 4.56875E-3 4.91679E-3 7.56827E-3 9.61118E-3 8.15709E-3 5.30521E-3 6.69696E-3 6.77324E-3 6.71097E-3 8.80891E-3 1.48043E-2 1.3553E-2 1.46733E-2 1.92897E-2 1.88221E-2 1.21998E-2 1.09602E-2 1.25284E-2 1.14811E-2 1.22709E-2 1.14516E-2 1.01852E-2 9.14057E-3 9.37431E-3 1.01322E-2 1.14318E-2 1.02316E-2 8.42248E-3 9.37273E-3 1.03029E-2 9.54739E-3 9.09042E-3 1.09817E-2 1.21241E-2 1.07726E-2 1.31318E-2 1.327E-2 1.59732E-2 1.66E-2 1.38561E-2 1.13451E-2 1.41233E-2 1.27553E-2 1.08336E-2 9.21783E-3 1.28273E-2 1.23265E-2 1.1343E-2 1.11163E-2 1.01046E-2 9.41589E-3 8.3021E-3 9.64056E-3 7.4695E-3 1.04261E-2 1.0612E-2
6.01128E-3 3.4233E-3 3.81003E-3 4.34088E-3 4.49604E-3 5.17118E-3 8.8704E-3 1.18567E-2 1.31383E-2 9.76913E-3 8.85693E-3 7.51416E-3 8.43197E-3 9.3508E-3 6.97308E-3 9.97216E-3 1.167E-2 1.40743E-2 1.49223E-2 1.01296E-2 8.41541E-3 8.49026E-3 9.02256E-3 9.12467E-3 9.19059E-3 9.34181E-3 9.29451E-3 9.65847E-3 1.15149E-2 1.03757E-2 1.16459E-2 1.05763E-2 9.38463E-3 1.04234E-2 1.07153E-2 1.08186E-2 1.11343E-2 1.09385E-2 1.25223E-2 1.24174E-2 1.26296E-2 1.05123E-2 1.45438E-2 1.32797E-2 1.36623E-2 1.24271E-2 9.76709E-3 1.02472E-2 1.18634E-2 9.69842E-3 1.12203E-2 1.18396E-2 1.19059E-2 1.04557E-2 1.13016E-2 1.11225E-2 9.99584E-3 1.02259E-2 7.62712E-3 8.64446E-3 9.06091E-3
3.55937E-3 3.60466E-3 4.35926E-3 5.32258E-3 6.14889E-3 6.07358E-3 8.51965E-3 1.04854E-2 1.29089E-2 1.06518E-2 7.79063E-3 1.05E-2 1.17092E-2 7.49101E-3 9.63083E-3 1.22009E-2 1.2148E-2 1.32166E-2 1.10806E-2 1.0156E-2 9.20868E-3 8.53587E-3 8.51902E-3 1.1133E-2 1.07333E-2 1.29992E-2 1.332E-2 1.30929E-2 1.11584E-2 1.16844E-2 1.29745E-2 1.2597E-2 1.09217E-2 1.08508E-2 1.11703E-2 1.16326E-2 1.10535E-2 1.01416E-2 9.8661E-3 9.97227E-3 8.87522E-3 8.97912E-3 9.40361E-3 7.8823E-3 9.36179E-3 9.94121E-3 8.09135E-3 1.25994E-2 1.44793E-2 1.48287E-2 1.11912E-2 1.20769E-2 1.1212E-2 1.31661E-2 1.43504E-2 1.01584E-2 7.52483E-3 1.013E-2 7.8531E-3 8.11083E-3 9.91997E-3
3.94389E-3 4.27092E-3 5.1558E-3 5.75756E-3 7.64289E-3 8.10863E-3 1.2108E-2 1.23502E-2 1.25655E-2 9.16014E-3 9.00182E-3 1.09139E-2 9.04042E-3 7.21922E-3 1.12765E-2 1.32261E-2 1.41833E-2 1.09493E-2 1.4182E-2 1.40652E-2 1.39247E-2 1.28578E-2 1.45586E-2 1.73061E-2 1.34493E-2 1.38937E-2 1.32636E-2 1.07092E-2 1.26843E-2 1.11864E-2 1.35145E-2 1.3701E-2 1.11338E-2 1.20992E-2 1.20263E-2 1.16952E-2 1.20997E-2 1.09022E-2 1.12217E-2 1.16037E-2 1.17183E-2 1.10814E-2 9.52473E-3 1.05076E-2 9.70778E-3 1.32288E-2 1.53528E-2 1.6929E-2 1.43835E-2 1.3785E-2 1.31832E-2 1.40656E-2 1.39885E-2 1.39127E-2 1.22149E-2 1.10524E-2 1.13278E-2 9.80041E-3 9.79268E-3 1.35114E-2 1.15723E-2
4.59472E-3 6.15185E-3 9.59164E-3 9.84588E-3 9.22148E-3 1.07277E-2 1.24532E-2 1.37857E-2 1.52314E-2 1.34539E-2 1.20768E-2 1.01236E-2 8.05034E-3 8.21089E-3 1.04133E-2 1.19488E-2 1.06655E-2 1.41941E-2 1.38021E-2 1.06324E-2 1.32531E-2 1.56883E-2 1.72431E-2 1.34577E-2 1.58416E-2 1.5598E-2 1.44982E-2 1.21795E-2 1.73859E-2 1.11516E-2 1.17002E-2 1.29517E-2 9.99563E-3 1.46026E-2 1.67885E-2 1.15837E-2 1.39558E-2 1.50819E-2 1.37237E-2 1.74518E-2 1.55394E-2 1.13682E-2 1.22933E-2 9.83365E-3 1.27456E-2 1.49393E-2 1.17061E-2 1.05712E-2 1.22706E-2 1.28186E-2 1.23192E-2 1.31414E-2 1.23182E-2 1.34016E-2 1.32303E-2 1.24559E-2 1.41875E-2 1.41654E-2 1.69009E-2 1.53898E-2 1.13926E-2
7.78877E-3 8.68714E-3 1.1368E-2 1.14383E-2 9.77117E-3 9.53E-3 1.22147E-2 1.14288E-2 1.08561E-2 8.1749E-3 6.89911E-3 7.68769E-3 8.04501E-3 1.30515E-2 2.17122E-2 1.41365E-2 1.11458E-2 1.54727E-2 1.78325E-2 1.14426E-2 1.70761E-2 1.62538E-2 2.18095E-2 1.91662E-2 1.48286E-2 1.15109E-2 1.1725E-2 1.01715E-2 1.17304E-2 1.08363E-2 1.5882E-2 1.73959E-2 1.55568E-2 1.13222E-2 1.61292E-2 1.14225E-2 1.21781E-2 1.4646E-2 1.47211E-2 1.53113E-2 1.76477E-2 1.49029E-2 1.81652E-2 1.19242E-2 1.19625E-2 1.06311E-2 1.37614E-2 1.62079E-2 1.53321E-2 1.34098E-2 1.19908E-2 1.28051E-2 1.70658E-2 9.9791E-3 8.29649E-3 8.2759E-3 1.22834E-2 1.28222E-2 1.62662E-2 1.33773E-2 1.27422E-2
1.27342E-2 1.27972E-2 1.20311E-2 1.17651E-2 1.12412E-2 1.17425E-2 1.14347E-2 1.13023E-2 1.3994E-2 9.5896E-3 1.0981E-2 1.02798E-2 9.95458E-3 1.2621E-2 1.32116E-2 1.16659E-2 1.77043E-2 1.82793E-2 1.54204E-2 9.11359E-3 1.17118E-2 2.02616E-2 2.39296E-2 1.74201E-2 1.10161E-2 9.89339E-3 1.04387E-2 1.06694E-2 1.52394E-2 1.49949E-2 1.79633E-2 2.20106E-2 1.81147E-2 1.09849E-2 1.08658E-2 1.3149E-2 1.17574E-2 1.23553E-2 1.72585E-2 1.75139E-2 1.80929E-2 2.07224E-2 1.87119E-2 1.56246E-2 1.80529E-2 1.77406E-2 1.72127E-2 1.62363E-2 1.4528E-2 1.34913E-2 1.4262E-2 1.56616E-2 1.65932E-2 1.28239E-2 9.6336E-3 7.8663E-3 1.30094E-2 1.03971E-2 8.3184E-3 7.68982E-3 1.00214E-2
7.40519E-3 7.17472E-3 9.48427E-3 1.20517E-2 1.31282E-2 1.45795E-2 1.58305E-2 1.46789E-2 1.72483E-2 1.29633E-2 1.00887E-2 1.02032E-2 1.3599E-2 1.61979E-2 2.1589E-2 1.87432E-2 1.42606E-2 1.36154E-2 9.12233E-3 8.96631E-3 9.15127E-3 1.17006E-2 1.39315E-2 1.12911E-2 1.14023E-2 1.12888E-2 9.04107E-3 1.4214E-2 1.73597E-2 1.92009E-2 2.24278E-2 1.80078E-2 1.33426E-2 9.56309E-3 1.06236E-2 1.60083E-2 1.51349E-2 1.44577E-2 1.63529E-2 1.60755E-2 1.84717E-2 1.61182E-2 1.39504E-2 1.7817E-2 2.02992E-2 1.56004E-2 1.4452E-2 1.27311E-2 1.33423E-2 1.43255E-2 1.44389E-2 1.61005E-2 1.5469E-2 9.07538E-3 8.95604E-3 8.18758E-3 1.04227E-2 7.03924E-3 7.07852E-3 6.95103E-3 7.40283E-3
1.02014E-2 7.95344E-3 8.63016E-3 9.96878E-3 1.1098E-2 1.1144E-2 1.4268E-2 1.28795E-2 1.23811E-2 1.42845E-2 1.3046E-2 1.38103E-2 1.50299E-2 1.49452E-2 1.47664E-2 1.60799E-2 1.27357E-2 1.10699E-2 1.13171E-2 1.67831E-2 1.32173E-2 1.03537E-2 1.0551E-2 9.72335E-3 1.05852E-2 1.21805E-2 1.15707E-2 1.77849E-2 1.55921E-2 1.92943E-2 1.57777E-2 1.01341E-2 7.42379E-3 9.14857E-3 1.38826E-2 1.92755E-2 1.46674E-2 1.29101E-2 1.85837E-2 1.62604E-2 1.20033E-2 1.22257E-2 1.78169E-2 1.65326E-2 8.9358E-3 9.61111E-3 1.03113E-2 1.2651E-2 1.41508E-2 1.44548E-2 1.65613E-2 1.42838E-2 1.08052E-2 1.03692E-2 9.26491E-3 7.95956E-3 7.75275E-3 1.03903E-2 9.98644E-3 8.59784E-3 7.3777E-3
8.61577E-3 8.21604E-3 9.37477E-3 1.07378E-2 1.56612E-2 1.19294E-2 8.19653E-3 7.53825E-3 8.74132E-3 7.17377E-3 7.40858E-3 7.53752E-3 8.55374E-3 8.68403E-3 8.87773E-3 8.74409E-3 8.54373E-3 8.06484E-3 8.83456E-3 9.38608E-3 8.65939E-3 9.34851E-3 1.54991E-2 1.34388E-2 1.17229E-2 1.30123E-2 1.54615E-2 1.62971E-2 1.26022E-2 9.46812E-3 7.83004E-3 8.08429E-3 1.18934E-2 1.44576E-2 1.64021E-2 1.6816E-2 1.17215E-2 1.04367E-2 1.11507E-2 1.15928E-2 1.00299E-2 1.29829E-2 1.11294E-2 8.83036E-3 9.42682E-3 8.45245E-3 8.79768E-3 1.24476E-2 1.37958E-2 1.72651E-2 1.17483E-2 9.24468E-3 9.04809E-3 9.83918E-3 9.55462E-3 8.28746E-3 1.21307E-2 1.66827E-2 1.80062E-2 2.11916E-2 1.19072E-2
6.93424E-3 7.87493E-3 1.15952E-2 8.71969E-3 7.31257E-3 7.55462E-3 6.83346E-3 8.12266E-3 7.0158E-3 8.94101E-3 8.45507E-3 1.20129E-2 1.20391E-2 1.32272E-2 1.33517E-2 1.26559E-2 1.18172E-2 1.50635E-2 1.13284E-2 9.65913E-3 9.29492E-3 8.72005E-3 1.20462E-2 1.22407E-2 1.04232E-2 1.35891E-2 1.25732E-2 1.17353E-2 1.98149E-2 9.68809E-3 1.04115E-2 1.05783E-2 1.86589E-2 1.75748E-2 1.82276E-2 2.0456E-2 1.43181E-2 1.38365E-2 1.51299E-2 1.29237E-2 1.27554E-2 1.12568E-2 1.22814E-2 1.52195E-2 1.28098E-2 1.13948E-2 1.11576E-2 1.17216E-2 1.41191E-2 1.31016E-2 9.63864E-3 8.25752E-3 8.0567E-3 9.46761E-3 1.73328E-2 1.20266E-2 8.83872E-3 1.21617E-2 2.00535E-2 1.74419E-2 7.96409E-3
7.73177E-3 1.03919E-2 1.40699E-2 1.68358E-2 9.70236E-3 1.26778E-2 1.25248E-2 1.32802E-2 1.41134E-2 1.02616E-2 9.602E-3 1.2211E-2 1.43424E-2 1.79431E-2 1.45282E-2 1.31848E-2 1.50733E-2 2.03392E-2 1.82797E-2 1.27732E-2 1.33452E-2 9.39082E-3 1.63151E-2 1.19264E-2 1.06018E-2 1.34444E-2 1.97335E-2 1.90284E-2 1.09128E-2 1.04405E-2 9.44608E-3 1.69812E-2 2.40422E-2 2.03623E-2 2.02968E-2 2.61325E-2 1.50618E-2 1.90327E-2 1.91424E-2 2.81019E-2 2.52033E-2 1.07978E-2 1.03665E-2 1.08821E-2 9.75786E-3 1.05306E-2 1.09403E-2 2.1356E-2 1.95933E-2 1.18554E-2 1.09676E-2 1.15433E-2 1.16763E-2 9.85915E-3 1.01212E-2 9.0149E-3 7.89826E-3 8.83666E-3 8.95724E-3 8.45431E-3 1.1113E-2
1.30828E-2 9.05954E-3 1.04411E-2 1.4603E-2 9.76263E-3 1.41746E-2 1.13129E-2 1.73197E-2 1.56586E-2 1.15104E-2 1.20912E-2 9.86663E-3 9.40037E-3 8.15047E-3 7.005E-3 9.17455E-3 8.42095E-3 1.23288E-2 9.27099E-3 8.46814E-3 9.07669E-3 8.43096E-3 1.1677E-2 1.26774E-2 1.05366E-2 1.49643E-2 2.33466E-2 1.04883E-2 9.35536E-3 7.42577E-3 9.70379E-3 1.25098E-2 1.17371E-2 1.18912E-2 1.39936E-2 1.32193E-2 1.24874E-2 1.14422E-2 1.49568E-2 2.3831E-2 1.11834E-2 1.03216E-2 1.12152E-2 1.36466E-2 1.29842E-2 1.1E-2 1.47146E-2 1.48367E-2 1.06652E-2 8.90464E-3 8.56954E-3 8.98855E-3 9.55325E-3 8.98698E-3 1.0114E-2 8.62335E-3 1.1088E-2 1.44359E-2 1.17983E-2 1.04963E-2 8.12348E-3
