Artocarpus hirsutus SDM files/MIS19/results (with bias file)/Arthir_4.asc
ncols         625
nrows         721
xllcorner     69.99986311115
yllcorner     5.99986187915
cellsize      0.041666667
NODATA_value  -9999
[rows 189 to 215 of 721, columns 488 to 548 of 625]
1.51907E-4 1.70185E-4 1.61134E-4 1.49381E-4 1.52271E-4 1.77949E-4 1.85817E-4 1.99811E-4 2.1195E-4 2.02894E-4 2.06751E-4 2.19478E-4 2.25821E-4 2.48066E-4 2.76646E-4 2.91824E-4 2.96603E-4 2.55011E-4 3.62653E-4 3.52104E-4 3.32653E-4 2.92157E-4 2.78664E-4 2.18235E-4 1.8345E-4 2.27999E-4 2.34042E-4 2.01392E-4 1.9431E-4 1.82695E-4 1.8322E-4 1.75963E-4 1.82618E-4 1.4964E-4 1.3232E-4 1.7571E-4 1.52427E-4 1.05005E-4 1.04825E-4 1.23579E-4 1.09217E-4 1.26236E-4 1.25724E-4 1.16982E-4 9.44334E-5 8.14583E-5 7.92193E-5 9.96119E-5 1.00695E-4 1.07776E-4 9.46126E-5 1.19491E-4 1.17113E-4 1.01687E-4 1.11081E-4 1.18258E-4 1.32009E-4 1.76843E-4 2.36021E-4 2.87522E-4 7.28545E-4
1.91002E-4 1.85036E-4 1.50875E-4 1.54919E-4 1.58013E-4 1.91181E-4 2.12527E-4 2.3287E-4 2.34105E-4 2.33042E-4 2.41482E-4 2.39703E-4 2.36983E-4 2.643E-4 2.82837E-4 2.90712E-4 3.41775E-4 3.43476E-4 3.16486E-4 3.63705E-4 3.27909E-4 3.55471E-4 3.11831E-4 2.79283E-4 2.25924E-4 2.75217E-4 2.17465E-4 2.19281E-4 2.33102E-4 2.23684E-4 2.12217E-4 1.72663E-4 1.98431E-4 1.95617E-4 1.33509E-4 1.94503E-4 1.76569E-4 1.18112E-4 1.35255E-4 1.55283E-4 1.30692E-4 1.05587E-4 1.15076E-4 9.71672E-5 9.06037E-5 1.1012E-4 1.05493E-4 1.16569E-4 1.19026E-4 1.0516E-4 1.04947E-4 1.22891E-4 1.22032E-4 1.23236E-4 1.50345E-4 1.27469E-4 1.19541E-4 1.62658E-4 2.36222E-4 3.29316E-4 6.35384E-4
1.75714E-4 1.8352E-4 1.57528E-4 1.55293E-4 1.95376E-4 2.32294E-4 2.29871E-4 2.43856E-4 2.90135E-4 3.10937E-4 2.66198E-4 2.82014E-4 2.65927E-4 2.88465E-4 3.01245E-4 2.98297E-4 3.35957E-4 3.30673E-4 3.78445E-4 4.03658E-4 3.77634E-4 4.12616E-4 3.55056E-4 2.79308E-4 2.81796E-4 2.78934E-4 2.38294E-4 2.59649E-4 2.21633E-4 1.9007E-4 2.16272E-4 2.00443E-4 1.71706E-4 1.81634E-4 1.44516E-4 1.89178E-4 1.90398E-4 1.65457E-4 1.71938E-4 1.84639E-4 1.55067E-4 1.44274E-4 1.47374E-4 1.35794E-4 1.38916E-4 1.42015E-4 1.165E-4 9.91217E-5 9.90605E-5 1.28864E-4 1.63275E-4 1.46872E-4 1.39488E-4 1.24377E-4 1.69225E-4 1.7301E-4 1.39051E-4 1.85605E-4 2.27736E-4 5.0757E-4 8.49759E-4
1.82637E-4 2.01011E-4 1.98361E-4 2.16573E-4 2.33244E-4 3.05799E-4 2.70514E-4 2.39413E-4 3.10723E-4 4.00466E-4 4.16142E-4 3.41357E-4 3.18083E-4 4.26854E-4 3.58414E-4 3.4456E-4 3.8003E-4 3.89777E-4 3.97784E-4 4.09337E-4 4.89512E-4 4.32295E-4 4.10486E-4 2.85949E-4 2.9626E-4 2.91044E-4 2.89038E-4 2.37721E-4 2.46345E-4 2.27464E-4 2.23723E-4 2.04194E-4 2.44215E-4 2.4707E-4 1.644E-4 2.12771E-4 2.1991E-4 1.63726E-4 1.54353E-4 1.99946E-4 1.76337E-4 1.64428E-4 1.62799E-4 1.47112E-4 1.26014E-4 1.30732E-4 1.16003E-4 1.13373E-4 1.11542E-4 1.22638E-4 1.82949E-4 1.86581E-4 1.86325E-4 1.83189E-4 1.97821E-4 2.30017E-4 2.16406E-4 2.6726E-4 4.29465E-4 5.62694E-4 6.95953E-4
1.9009E-4 2.05008E-4 1.86568E-4 2.38659E-4 2.45553E-4 2.61499E-4 3.50716E-4 2.98713E-4 3.09931E-4 4.92909E-4 4.99094E-4 2.69012E-4 3.64385E-4 3.66718E-4 3.84045E-4 3.62763E-4 4.11609E-4 4.44671E-4 4.39051E-4 5.00179E-4 5.46996E-4 5.81719E-4 3.54865E-4 3.41278E-4 3.53285E-4 3.71368E-4 3.25842E-4 2.85368E-4 2.64421E-4 2.86756E-4 2.56521E-4 2.48107E-4 2.42881E-4 2.76089E-4 2.06674E-4 2.28941E-4 2.58967E-4 2.21275E-4 1.82447E-4 1.74741E-4 1.87828E-4 1.63034E-4 1.64214E-4 1.72992E-4 1.62925E-4 1.77329E-4 1.54844E-4 1.56139E-4 1.5498E-4 1.49592E-4 1.65631E-4 1.77624E-4 1.89668E-4 1.91753E-4 1.70322E-4 1.96994E-4 2.34926E-4 3.82298E-4 4.6569E-4 1.00201E-3 1.3889E-3
2.09754E-4 2.78745E-4 2.20506E-4 3.20032E-4 3.13216E-4 2.66819E-4 3.21243E-4 3.79907E-4 3.48413E-4 4.75138E-4 5.05849E-4 3.2003E-4 3.5854E-4 5.25841E-4 6.02622E-4 5.01912E-4 4.24533E-4 5.18796E-4 4.71298E-4 5.69074E-4 6.441E-4 6.6038E-4 4.12084E-4 3.13933E-4 4.08727E-4 3.56202E-4 3.40209E-4 3.12408E-4 3.29334E-4 3.29864E-4 2.81149E-4 2.46414E-4 2.31096E-4 2.92196E-4 2.74903E-4 2.61283E-4 2.88774E-4 2.09762E-4 1.93793E-4 1.73618E-4 2.27373E-4 2.16657E-4 2.1992E-4 2.07987E-4 2.07693E-4 2.05961E-4 1.8392E-4 1.63392E-4 1.62665E-4 1.67751E-4 1.51681E-4 1.697E-4 1.60676E-4 1.843E-4 1.83453E-4 2.43673E-4 3.17119E-4 7.21331E-4 2.0235E-3 1.95404E-3 3.72648E-3
2.14177E-4 2.96323E-4 2.33512E-4 3.34481E-4 4.01328E-4 4.63002E-4 2.94764E-4 3.1631E-4 3.93594E-4 4.25422E-4 5.84187E-4 5.63994E-4 4.0578E-4 3.96086E-4 5.22184E-4 6.93173E-4 4.76467E-4 4.96434E-4 5.78313E-4 7.08117E-4 7.93895E-4 9.34517E-4 6.00102E-4 3.69075E-4 4.92778E-4 3.55723E-4 3.98193E-4 3.83061E-4 3.90605E-4 3.67016E-4 3.20243E-4 3.03752E-4 2.9138E-4 2.72435E-4 3.21891E-4 2.84284E-4 2.73025E-4 2.06855E-4 2.15637E-4 2.02277E-4 2.62607E-4 2.45882E-4 2.09415E-4 2.00744E-4 1.82512E-4 2.01321E-4 2.09838E-4 1.74257E-4 1.7599E-4 1.55644E-4 1.5464E-4 1.6391E-4 1.8117E-4 1.79546E-4 3.03028E-4 4.09741E-4 9.36153E-4 1.07081E-3 2.97818E-3 4.49829E-3 3.05206E-3
3.22949E-4 2.53936E-4 3.27038E-4 2.75809E-4 4.26643E-4 5.66898E-4 3.14635E-4 3.067E-4 4.68652E-4 4.51216E-4 4.54337E-4 5.85323E-4 5.89784E-4 4.77606E-4 4.42879E-4 5.55221E-4 5.53061E-4 6.45001E-4 7.06554E-4 7.69353E-4 1.00244E-3 8.96767E-4 4.79436E-4 4.58784E-4 6.25008E-4 3.88958E-4 4.62028E-4 4.47521E-4 3.94259E-4 3.92639E-4 3.37903E-4 3.59611E-4 3.30998E-4 3.40689E-4 3.37674E-4 2.99886E-4 2.79904E-4 2.66979E-4 2.76061E-4 2.47248E-4 2.53329E-4 2.33943E-4 2.11371E-4 2.31296E-4 2.32155E-4 2.54279E-4 2.54076E-4 2.00766E-4 2.11339E-4 1.81375E-4 1.75598E-4 1.9461E-4 2.6897E-4 2.32492E-4 4.77037E-4 6.36603E-4 1.08617E-3 2.94728E-3 2.29066E-3 6.2276E-3 6.82486E-3
4.39852E-4 4.05487E-4 2.7948E-4 3.70042E-4 4.26941E-4 5.64429E-4 4.68742E-4 3.65522E-4 3.64069E-4 4.92542E-4 5.63723E-4 5.87185E-4 5.8668E-4 5.14156E-4 4.55274E-4 4.91685E-4 5.5297E-4 6.22152E-4 6.82909E-4 7.1312E-4 1.04024E-3 9.93949E-4 6.70004E-4 6.04416E-4 6.68308E-4 4.00471E-4 4.93552E-4 5.04579E-4 4.5933E-4 4.2262E-4 3.66903E-4 3.51638E-4 3.20692E-4 3.40746E-4 3.86035E-4 3.50168E-4 3.07833E-4 3.15413E-4 3.16207E-4 2.66764E-4 3.2773E-4 2.59425E-4 2.54331E-4 2.80117E-4 2.39692E-4 2.9286E-4 2.9146E-4 2.84313E-4 2.61572E-4 2.43017E-4 3.18715E-4 3.37009E-4 3.92668E-4 6.95312E-4 1.55679E-3 1.36252E-3 2.62336E-3 4.03953E-3 4.1806E-3 4.25741E-3 7.93437E-3
5.65639E-4 7.27904E-4 4.84971E-4 4.47661E-4 4.93688E-4 5.6949E-4 5.57699E-4 6.1241E-4 3.84062E-4 4.47101E-4 8.13886E-4 7.54635E-4 5.55358E-4 7.10418E-4 6.84795E-4 5.20654E-4 5.75226E-4 5.91398E-4 7.72989E-4 8.23415E-4 8.59412E-4 1.01675E-3 6.61836E-4 7.3334E-4 6.86037E-4 4.84517E-4 5.61425E-4 5.77929E-4 4.62618E-4 4.38335E-4 4.69206E-4 4.21034E-4 3.39521E-4 4.11198E-4 4.34453E-4 3.81501E-4 3.40071E-4 3.35787E-4 3.1195E-4 2.75842E-4 3.65147E-4 3.71693E-4 3.27987E-4 3.22966E-4 2.89908E-4 3.1763E-4 3.35096E-4 4.4462E-4 4.05872E-4 3.67971E-4 4.42161E-4 4.55865E-4 6.29516E-4 1.43749E-3 2.55833E-3 2.79566E-3 3.88896E-3 6.5866E-3 4.38275E-3 4.59489E-3 6.0937E-3
4.07729E-4 4.2029E-4 5.05E-4 5.34294E-4 8.94837E-4 6.10971E-4 4.68643E-4 5.88193E-4 6.08732E-4 4.4086E-4 8.16494E-4 7.30815E-4 4.41222E-4 7.79894E-4 7.81571E-4 5.19047E-4 5.16827E-4 5.88705E-4 6.59798E-4 7.6694E-4 7.76636E-4 8.26531E-4 7.40005E-4 8.54507E-4 6.30423E-4 5.33222E-4 6.1637E-4 5.55162E-4 5.42782E-4 5.91109E-4 5.81308E-4 4.05538E-4 3.79588E-4 4.77439E-4 4.99555E-4 4.33438E-4 4.07457E-4 3.54594E-4 3.8272E-4 3.2508E-4 3.6548E-4 4.80607E-4 3.70458E-4 3.36719E-4 4.40517E-4 4.64247E-4 4.24685E-4 5.38596E-4 5.84549E-4 5.85316E-4 4.46742E-4 5.88686E-4 6.46646E-4 6.69169E-4 3.01385E-3 2.93966E-3 3.86229E-3 8.03017E-3 8.64551E-3 7.72223E-3 7.77881E-3
8.11835E-4 6.92393E-4 5.13804E-4 5.11105E-4 1.04617E-3 7.14868E-4 4.16397E-4 4.27003E-4 6.11021E-4 4.79624E-4 7.50332E-4 6.92237E-4 5.46521E-4 5.9753E-4 9.45338E-4 8.58333E-4 5.15811E-4 6.22289E-4 6.62243E-4 6.21913E-4 7.76332E-4 8.36477E-4 7.97831E-4 7.69306E-4 6.31966E-4 5.37435E-4 6.1957E-4 6.21055E-4 6.55445E-4 6.78311E-4 5.48149E-4 4.75282E-4 4.90998E-4 5.64729E-4 5.43579E-4 4.60424E-4 4.3561E-4 4.11929E-4 4.78719E-4 4.72457E-4 4.52816E-4 5.44933E-4 5.48617E-4 5.73263E-4 4.60021E-4 3.79623E-4 5.69466E-4 6.78867E-4 8.22926E-4 9.74026E-4 6.98715E-4 1.11059E-3 1.34043E-3 1.76506E-3 1.93054E-3 1.95109E-3 2.2419E-3 6.72562E-3 1.00388E-2 1.03174E-2 7.73397E-3
8.7221E-4 8.70634E-4 9.24032E-4 6.03536E-4 9.67937E-4 9.65807E-4 5.49245E-4 6.31135E-4 5.61442E-4 4.90785E-4 5.43238E-4 5.25321E-4 5.47658E-4 5.79396E-4 7.91459E-4 8.30117E-4 5.44314E-4 6.28328E-4 6.49517E-4 6.55355E-4 7.2336E-4 8.40687E-4 7.47265E-4 6.77901E-4 5.74707E-4 5.5065E-4 5.45727E-4 5.82927E-4 6.74247E-4 6.21665E-4 5.32513E-4 5.77857E-4 5.25091E-4 6.12278E-4 5.75431E-4 4.30347E-4 5.08239E-4 5.62763E-4 5.26376E-4 5.24036E-4 5.22386E-4 4.76941E-4 3.82325E-4 3.98709E-4 5.15597E-4 4.2248E-4 4.39766E-4 6.23137E-4 1.29778E-3 1.369E-3 9.99247E-4 1.0854E-3 3.31866E-3 2.0691E-3 1.17271E-3 1.46497E-3 1.38883E-3 3.68845E-3 9.40191E-3 1.21645E-2 1.08135E-2
9.32358E-4 5.82924E-4 6.6802E-4 7.32148E-4 8.65237E-4 1.13169E-3 5.67458E-4 5.12883E-4 5.53619E-4 4.89126E-4 7.06959E-4 6.50054E-4 5.34796E-4 5.81828E-4 6.19901E-4 5.07941E-4 5.55168E-4 6.71715E-4 8.68098E-4 7.15255E-4 7.69423E-4 8.7921E-4 7.85794E-4 8.76775E-4 5.51371E-4 5.73621E-4 5.81895E-4 5.75726E-4 7.22963E-4 6.94108E-4 5.48838E-4 5.5748E-4 6.58266E-4 6.47679E-4 6.26603E-4 5.88225E-4 6.31488E-4 6.04607E-4 6.57122E-4 6.08849E-4 5.48139E-4 4.16684E-4 4.34107E-4 3.76975E-4 4.45674E-4 4.95617E-4 5.64236E-4 1.00187E-3 1.67466E-3 1.77549E-3 2.1652E-3 1.1305E-3 3.92331E-3 3.46773E-3 3.55752E-3 2.00196E-3 1.84722E-3 2.52768E-3 6.33871E-3 1.33306E-2 1.05607E-2
6.57226E-4 5.82459E-4 5.54853E-4 6.83382E-4 7.41292E-4 1.20259E-3 1.06602E-3 7.8959E-4 4.83913E-4 5.46174E-4 5.54106E-4 5.75349E-4 5.45554E-4 5.67638E-4 6.47479E-4 5.49287E-4 5.53487E-4 6.43351E-4 7.4708E-4 7.42972E-4 7.9825E-4 8.82184E-4 7.68858E-4 6.72093E-4 6.08327E-4 5.65678E-4 5.70297E-4 5.9242E-4 7.05917E-4 7.4631E-4 5.83705E-4 5.95568E-4 7.42193E-4 7.44681E-4 6.92304E-4 6.66047E-4 6.36352E-4 5.9688E-4 5.4396E-4 4.86176E-4 5.95579E-4 6.19311E-4 5.55911E-4 4.83284E-4 5.35901E-4 8.45121E-4 5.94932E-4 9.1201E-4 2.53784E-3 1.65801E-3 2.75082E-3 1.09358E-3 4.10372E-3 5.36329E-3 7.19722E-3 3.15947E-3 4.10401E-3 4.74992E-3 4.50816E-3 1.15504E-2 1.61015E-2
8.6847E-4 8.05646E-4 5.71434E-4 7.60131E-4 1.25015E-3 1.31941E-3 8.44602E-4 6.97015E-4 1.00234E-3 7.48095E-4 6.74469E-4 5.54535E-4 5.64798E-4 4.95802E-4 5.49175E-4 5.40488E-4 5.42155E-4 6.56768E-4 6.78008E-4 7.74268E-4 8.8281E-4 8.31063E-4 7.2265E-4 5.71211E-4 5.93227E-4 6.44961E-4 6.32543E-4 6.19063E-4 6.96378E-4 6.69621E-4 7.48508E-4 7.40804E-4 8.08857E-4 7.65487E-4 6.16206E-4 5.62154E-4 5.10604E-4 4.95245E-4 5.40607E-4 7.12984E-4 6.07972E-4 5.60001E-4 6.85001E-4 7.0234E-4 5.69439E-4 1.24033E-3 1.46467E-3 8.00456E-4 2.75666E-3 1.41285E-3 2.3214E-3 1.59497E-3 2.38886E-3 6.08571E-3 7.98653E-3 7.04851E-3 6.46983E-3 6.18342E-3 7.15363E-3 6.44387E-3 7.36499E-3
6.27576E-4 9.24268E-4 8.65008E-4 7.92922E-4 9.32162E-4 1.08785E-3 8.74054E-4 6.7103E-4 6.65191E-4 6.28373E-4 6.13087E-4 6.59281E-4 5.50554E-4 5.08654E-4 5.31384E-4 5.68964E-4 4.80707E-4 6.54974E-4 6.68756E-4 7.48642E-4 8.8636E-4 7.75021E-4 7.42346E-4 5.61912E-4 5.83726E-4 7.60041E-4 6.19996E-4 5.9261E-4 6.43184E-4 7.66452E-4 8.79979E-4 8.08554E-4 6.42886E-4 6.26484E-4 6.18706E-4 6.38229E-4 6.17736E-4 6.00004E-4 5.7314E-4 6.51447E-4 6.3102E-4 5.66374E-4 6.74175E-4 9.54338E-4 8.08696E-4 1.03446E-3 1.6778E-3 1.09483E-3 3.00013E-3 1.93765E-3 1.30397E-3 2.89939E-3 2.04837E-3 6.39704E-3 6.4434E-3 7.55598E-3 8.01825E-3 6.35746E-3 7.49924E-3 1.23141E-2 1.28291E-2
5.54157E-4 5.98269E-4 6.9056E-4 8.44548E-4 1.18732E-3 1.23873E-3 1.22873E-3 1.0193E-3 4.2248E-4 3.73667E-4 4.33858E-4 4.62243E-4 5.17624E-4 5.12716E-4 4.82169E-4 5.18567E-4 5.54496E-4 6.30854E-4 6.79346E-4 8.01896E-4 8.88671E-4 7.53555E-4 6.81445E-4 5.78874E-4 6.22372E-4 7.24606E-4 6.31774E-4 5.53325E-4 6.314E-4 8.27561E-4 8.65854E-4 7.6432E-4 7.19747E-4 6.61723E-4 7.22786E-4 7.51475E-4 7.78309E-4 8.14318E-4 7.4998E-4 8.17448E-4 6.99703E-4 4.5169E-4 6.19605E-4 8.6835E-4 8.13901E-4 1.136E-3 1.19542E-3 1.19058E-3 3.10974E-3 2.498E-3 1.52719E-3 1.47787E-3 2.34862E-3 6.95688E-3 6.16056E-3 7.16438E-3 8.59052E-3 6.52019E-3 7.6509E-3 1.11479E-2 1.63484E-2
5.80447E-4 5.42618E-4 6.25151E-4 7.81925E-4 1.01804E-3 1.11285E-3 1.21866E-3 1.19779E-3 1.0494E-3 3.35964E-4 2.9501E-4 3.39526E-4 4.63485E-4 5.51333E-4 4.99385E-4 4.64514E-4 4.92036E-4 5.14916E-4 6.10048E-4 7.61241E-4 8.4224E-4 8.77922E-4 8.10083E-4 6.6776E-4 7.59233E-4 7.34514E-4 5.87069E-4 6.33492E-4 7.9059E-4 9.2943E-4 8.73055E-4 8.21778E-4 8.97007E-4 8.52116E-4 7.85466E-4 7.03557E-4 6.45333E-4 5.57302E-4 5.6258E-4 6.44351E-4 5.43395E-4 5.29911E-4 6.4123E-4 7.1169E-4 7.98026E-4 9.46163E-4 9.36236E-4 1.66352E-3 2.27987E-3 1.81302E-3 3.38627E-3 2.68072E-3 2.02301E-3 5.79899E-3 7.01342E-3 8.46989E-3 6.74109E-3 7.09568E-3 8.9425E-3 8.38393E-3 1.30629E-2
7.17834E-4 6.28877E-4 6.66735E-4 8.08791E-4 8.41258E-4 9.74147E-4 1.08826E-3 1.3262E-3 1.10727E-3 3.00398E-4 2.64415E-4 3.18051E-4 3.28993E-4 5.47206E-4 5.21252E-4 4.68639E-4 5.17913E-4 5.39906E-4 5.99178E-4 6.93707E-4 9.14768E-4 8.50113E-4 6.53646E-4 7.80005E-4 8.72374E-4 8.14782E-4 6.45993E-4 7.53066E-4 8.94692E-4 9.84676E-4 9.34733E-4 8.48168E-4 8.26287E-4 7.17227E-4 6.52199E-4 6.1044E-4 5.48534E-4 5.64267E-4 5.88579E-4 5.34825E-4 4.48626E-4 5.37301E-4 6.40469E-4 7.27043E-4 7.66697E-4 8.22395E-4 9.48767E-4 1.4425E-3 1.95451E-3 1.67338E-3 3.04554E-3 2.99941E-3 3.00408E-3 3.09824E-3 5.04486E-3 7.50863E-3 7.03878E-3 8.64149E-3 1.09958E-2 6.73821E-3 1.27111E-2
6.05883E-4 4.60335E-4 5.53086E-4 6.84693E-4 7.19751E-4 9.18732E-4 1.06904E-3 1.04295E-3 8.51601E-4 8.45711E-4 9.20727E-4 9.37714E-4 3.29281E-4 4.95953E-4 1.10797E-3 4.2285E-4 4.71835E-4 5.73864E-4 7.94889E-4 8.65497E-4 9.47741E-4 1.02472E-3 7.10474E-4 8.00001E-4 8.45984E-4 7.93492E-4 8.04142E-4 1.00182E-3 9.35505E-4 8.62453E-4 7.33624E-4 7.56212E-4 6.8844E-4 6.20292E-4 5.49803E-4 5.53172E-4 4.56109E-4 4.29719E-4 5.06227E-4 5.09414E-4 5.34051E-4 5.84099E-4 7.8539E-4 9.51513E-4 9.74328E-4 9.73548E-4 1.06663E-3 1.38854E-3 1.38591E-3 1.29512E-3 1.5397E-3 1.94565E-3 2.29843E-3 3.12869E-3 2.75985E-3 5.72183E-3 7.67637E-3 7.99645E-3 6.62743E-3 7.90238E-3 1.41072E-2
5.63164E-4 3.44971E-4 5.46295E-4 6.50291E-4 8.06181E-4 9.76507E-4 1.1735E-3 9.84637E-4 8.56463E-4 1.00548E-3 1.00274E-3 9.76256E-4 1.04457E-3 4.21998E-4 1.2694E-3 4.65261E-4 4.86042E-4 7.06363E-4 1.19733E-3 1.34995E-3 1.58367E-3 9.23075E-4 8.29193E-4 6.55435E-4 7.24899E-4 8.96827E-4 1.0488E-3 9.49289E-4 7.52608E-4 7.30642E-4 5.54668E-4 6.15147E-4 5.10682E-4 4.12076E-4 4.07389E-4 4.68359E-4 5.26806E-4 4.45267E-4 5.38562E-4 5.78183E-4 6.24802E-4 7.68847E-4 8.20038E-4 9.85301E-4 1.17945E-3 1.33335E-3 1.51377E-3 1.60913E-3 2.29687E-3 2.44025E-3 2.78092E-3 3.53381E-3 4.16432E-3 5.23543E-3 5.02223E-3 5.39968E-3 5.12242E-3 5.77788E-3 9.35413E-3 1.00068E-2 1.0649E-2
4.06266E-4 2.99092E-4 4.37342E-4 5.56655E-4 6.86129E-4 7.34282E-4 1.19862E-3 1.06668E-3 1.01523E-3 9.45341E-4 1.20337E-3 1.07013E-3 9.69711E-4 9.8095E-4 1.36172E-3 1.36053E-3 4.17015E-4 4.85291E-4 5.78368E-4 1.42069E-3 1.52354E-3 9.05116E-4 6.3022E-4 6.67053E-4 6.52041E-4 9.00539E-4 9.03354E-4 7.88711E-4 6.85718E-4 5.08206E-4 4.18362E-4 3.96365E-4 4.70696E-4 4.15069E-4 3.83191E-4 4.12445E-4 5.68302E-4 5.75217E-4 4.99345E-4 6.9284E-4 5.78168E-4 6.85805E-4 7.7773E-4 9.46171E-4 1.1653E-3 1.16024E-3 1.33666E-3 1.61291E-3 1.90725E-3 2.02009E-3 2.88516E-3 3.08106E-3 3.80572E-3 4.25223E-3 3.91618E-3 5.50337E-3 6.00509E-3 6.30076E-3 7.19025E-3 7.76763E-3 8.96718E-3
3.29197E-4 3.74282E-4 5.70346E-4 8.9233E-4 1.0549E-3 9.70232E-4 7.85182E-4 1.32381E-3 1.04376E-3 1.23101E-3 1.16516E-3 1.02365E-3 1.10228E-3 1.17449E-3 1.48244E-3 1.404E-3 2.76836E-4 3.40183E-4 6.05635E-4 7.89646E-4 1.62302E-3 1.74789E-3 6.53734E-4 7.27681E-4 8.3382E-4 9.00569E-4 6.45299E-4 6.7399E-4 5.27135E-4 5.9518E-4 5.64757E-4 4.80528E-4 5.20008E-4 6.40446E-4 6.19229E-4 7.43848E-4 8.03637E-4 6.89207E-4 6.0306E-4 7.30537E-4 8.02074E-4 8.44202E-4 7.00914E-4 8.51311E-4 1.20125E-3 1.44273E-3 1.40794E-3 1.66078E-3 1.70538E-3 1.38231E-3 2.75881E-3 2.23641E-3 3.16044E-3 3.56632E-3 3.77627E-3 4.76519E-3 5.42594E-3 4.88235E-3 4.79821E-3 6.24426E-3 8.23052E-3
1.78439E-4 3.29622E-4 3.83311E-4 3.55682E-4 4.95839E-4 7.22658E-4 1.14403E-3 1.32172E-3 1.54806E-3 1.33357E-3 9.88832E-4 1.20079E-3 9.18183E-4 1.23111E-3 1.5702E-3 1.36941E-3 3.25609E-4 4.54472E-4 4.02059E-4 6.0775E-4 1.771E-3 1.87629E-3 7.04426E-4 5.7232E-4 8.51499E-4 7.06828E-4 7.00066E-4 8.51948E-4 8.59262E-4 5.26815E-4 4.79904E-4 5.12979E-4 7.32866E-4 7.88531E-4 8.53587E-4 9.26931E-4 8.59877E-4 8.00078E-4 8.62963E-4 8.62296E-4 1.05787E-3 1.12007E-3 9.87108E-4 6.24535E-4 1.147E-3 1.31745E-3 1.25394E-3 2.09285E-3 1.33762E-3 1.8073E-3 2.1686E-3 2.69326E-3 2.00156E-3 2.23885E-3 2.94143E-3 4.28632E-3 4.59332E-3 4.93892E-3 4.91671E-3 5.02823E-3 4.59707E-3
1.75943E-4 3.09145E-4 4.92405E-4 2.57247E-4 2.95406E-4 3.58092E-4 8.12288E-4 1.00896E-3 1.2592E-3 1.47205E-3 1.56976E-3 1.183E-3 8.30283E-4 1.14759E-3 1.62729E-3 1.44381E-3 2.74831E-4 1.72327E-3 2.03297E-3 4.68147E-4 2.07851E-3 2.20019E-3 5.79893E-4 7.7348E-4 2.13801E-3 1.0194E-3 9.7428E-4 7.48817E-4 7.57182E-4 5.65122E-4 7.65998E-4 8.23716E-4 7.11634E-4 5.46549E-4 5.21461E-4 7.37957E-4 9.31259E-4 7.99012E-4 9.21107E-4 6.82057E-4 6.96699E-4 1.321E-3 1.14626E-3 6.68114E-4 7.38379E-4 1.12702E-3 1.34507E-3 9.73652E-4 8.3992E-4 8.29149E-4 1.09957E-3 1.34172E-3 2.11019E-3 3.01959E-3 2.68373E-3 4.33361E-3 3.68796E-3 4.57201E-3 3.35343E-3 3.08247E-3 3.89021E-3
5.34808E-4 3.78314E-4 3.95693E-4 2.08612E-4 2.10434E-4 2.66364E-4 2.15811E-4 2.9635E-4 8.45795E-4 1.17663E-3 1.58688E-3 1.33124E-3 9.93872E-4 1.42605E-3 1.95452E-3 1.90865E-3 1.59621E-3 1.86986E-3 1.98282E-3 2.06581E-3 2.23299E-3 2.24235E-3 2.31554E-3 9.54355E-4 9.01918E-4 6.65244E-4 6.07649E-4 6.82311E-4 6.41161E-4 6.3661E-4 3.67818E-4 4.68999E-4 2.75843E-4 2.44843E-4 2.78041E-4 4.10204E-4 3.86291E-4 4.69111E-4 1.207E-3 1.07451E-3 5.52635E-4 1.06351E-3 1.29021E-3 9.67518E-4 5.38698E-4 5.67363E-4 6.89516E-4 8.64664E-4 1.10674E-3 8.86405E-4 1.15331E-3 1.8959E-3 2.86244E-3 2.99402E-3 2.49538E-3 2.86516E-3 2.48619E-3 3.4876E-3 3.39945E-3 2.47138E-3 1.99609E-3
