Artocarpus hirsutus SDM files/MIS19/results (with bias file)/Arthir_0.asc
ncols         625
nrows         721
xllcorner     69.99986311115
yllcorner     5.99986187915
cellsize      0.041666667
NODATA_value  -9999
[rows 0 to 26 of 721, columns 549 to 609 of 625]
1.31743E-5 1.4179E-5 1.4066E-5 1.39161E-5 1.36485E-5 1.27448E-5 1.17556E-5 1.1618E-5 1.23357E-5 1.21003E-5 1.33677E-5 1.11094E-5 1.15631E-5 1.43963E-5 1.45862E-5 1.40113E-5 1.36431E-5 1.43593E-5 1.40129E-5 1.12876E-5 1.30239E-5 1.50157E-5 1.49462E-5 1.36369E-5 1.21155E-5 1.34901E-5 1.49295E-5 1.62616E-5 1.40781E-5 1.29083E-5 1.3667E-5 1.40944E-5 1.3868E-5 1.69925E-5 1.50105E-5 1.83143E-5 1.90786E-5 1.7803E-5 1.64611E-5 1.62993E-5 1.76091E-5 1.93629E-5 2.25605E-5 2.61217E-5 3.14761E-5 3.5991E-5 4.28831E-5 4.7512E-5 4.75946E-5 4.02385E-5 3.86118E-5 3.62395E-5 2.62285E-5 2.70767E-5 3.16453E-5 3.12943E-5 3.33785E-5 3.1793E-5 3.16043E-5 3.49852E-5 3.22731E-5
1.40575E-5 1.39838E-5 1.49214E-5 1.42936E-5 1.48036E-5 1.48056E-5 1.43721E-5 1.42872E-5 1.47323E-5 1.43233E-5 1.4138E-5 1.28862E-5 1.2841E-5 1.65473E-5 1.68182E-5 1.37595E-5 1.32314E-5 1.48929E-5 1.47025E-5 1.36358E-5 1.37038E-5 1.59965E-5 1.49714E-5 1.45144E-5 1.57866E-5 1.42359E-5 1.52326E-5 1.70058E-5 1.7654E-5 1.65222E-5 1.54246E-5 1.781E-5 1.70199E-5 1.64799E-5 1.68249E-5 1.45562E-5 1.9446E-5 2.44852E-5 2.38283E-5 2.09453E-5 1.63104E-5 2.13151E-5 2.24484E-5 2.44388E-5 2.4784E-5 3.13316E-5 4.43754E-5 4.66404E-5 4.88064E-5 4.83591E-5 4.53559E-5 5.20095E-5 3.87855E-5 3.35132E-5 2.68271E-5 2.88648E-5 2.39415E-5 3.03802E-5 2.82524E-5 2.94275E-5 3.08525E-5
1.46309E-5 1.45548E-5 1.49951E-5 1.44398E-5 1.42441E-5 1.43697E-5 1.36561E-5 1.4063E-5 1.56236E-5 1.76056E-5 1.60229E-5 1.38497E-5 1.52837E-5 1.3626E-5 1.66777E-5 1.36177E-5 1.55889E-5 1.64227E-5 1.65947E-5 1.53482E-5 1.54923E-5 1.63961E-5 1.37916E-5 1.70334E-5 1.7168E-5 1.95423E-5 1.72505E-5 1.59425E-5 2.15597E-5 1.84359E-5 1.58323E-5 1.93334E-5 2.23807E-5 1.98993E-5 2.08351E-5 1.91001E-5 2.28161E-5 2.78384E-5 2.22794E-5 2.30241E-5 2.32342E-5 2.93332E-5 3.15886E-5 3.65708E-5 3.27209E-5 3.51724E-5 3.7667E-5 4.25148E-5 3.55957E-5 3.20003E-5 3.16583E-5 3.50434E-5 3.87977E-5 4.4148E-5 3.74392E-5 2.876E-5 2.98414E-5 2.74172E-5 2.65473E-5 2.47856E-5 2.35581E-5
1.39266E-5 1.35306E-5 1.42854E-5 1.45124E-5 1.33158E-5 1.2902E-5 1.35736E-5 1.25299E-5 1.36891E-5 1.56252E-5 1.6662E-5 1.4402E-5 1.50524E-5 1.62125E-5 1.48491E-5 1.45015E-5 1.40814E-5 1.64053E-5 1.76673E-5 1.67742E-5 1.75269E-5 1.58053E-5 1.683E-5 1.68094E-5 1.91787E-5 1.85224E-5 2.24193E-5 2.06211E-5 2.29286E-5 1.99669E-5 2.02222E-5 2.08848E-5 2.51932E-5 2.004E-5 2.45E-5 2.44276E-5 2.92197E-5 2.92739E-5 2.9915E-5 2.76602E-5 3.33324E-5 3.58296E-5 3.22466E-5 3.59497E-5 3.76268E-5 3.74467E-5 3.48793E-5 3.77575E-5 4.70775E-5 4.02226E-5 3.04743E-5 2.67108E-5 2.49431E-5 2.44127E-5 2.35695E-5 3.19872E-5 3.41993E-5 4.07964E-5 3.82445E-5 3.26626E-5 3.49336E-5
1.1945E-5 1.22609E-5 1.30709E-5 1.27791E-5 1.21245E-5 1.16852E-5 1.1908E-5 1.19618E-5 1.3507E-5 1.61701E-5 1.7102E-5 1.6828E-5 1.62941E-5 1.74032E-5 1.81674E-5 1.75162E-5 1.8863E-5 1.81658E-5 1.89239E-5 1.73517E-5 2.09731E-5 1.86764E-5 1.8686E-5 1.91685E-5 1.90344E-5 2.02598E-5 2.33211E-5 2.34263E-5 2.35414E-5 2.24724E-5 2.51773E-5 2.24933E-5 2.56793E-5 2.44231E-5 2.62914E-5 2.51096E-5 2.64362E-5 2.60644E-5 3.25416E-5 3.35754E-5 3.32486E-5 2.99533E-5 3.06531E-5 2.68888E-5 3.37049E-5 3.48858E-5 2.78894E-5 3.03373E-5 3.50457E-5 3.57026E-5 4.3615E-5 4.08419E-5 3.41656E-5 2.90851E-5 2.75689E-5 2.64723E-5 3.64128E-5 4.0499E-5 4.72363E-5 3.92142E-5 3.71628E-5
1.36197E-5 1.37667E-5 1.27708E-5 1.1816E-5 1.09252E-5 1.03783E-5 1.11015E-5 1.37974E-5 1.34298E-5 1.59831E-5 1.55943E-5 1.46629E-5 1.61407E-5 1.56727E-5 1.52135E-5 1.54402E-5 1.60122E-5 1.70015E-5 1.81838E-5 1.48528E-5 1.6448E-5 1.80288E-5 1.66217E-5 1.95438E-5 1.68139E-5 1.48208E-5 1.90875E-5 2.25375E-5 2.34102E-5 2.50193E-5 2.16414E-5 2.34379E-5 2.7201E-5 1.91659E-5 1.92464E-5 2.61938E-5 2.92182E-5 2.14753E-5 2.21159E-5 2.35731E-5 2.17551E-5 2.31677E-5 2.64897E-5 2.75861E-5 3.21067E-5 3.48515E-5 3.26308E-5 2.84644E-5 3.67825E-5 3.02219E-5 2.87339E-5 3.47216E-5 4.34743E-5 4.05018E-5 4.23246E-5 4.3368E-5 4.19921E-5 5.09321E-5 5.09374E-5 4.9311E-5 4.44589E-5
1.33464E-5 1.32851E-5 1.49189E-5 1.33666E-5 1.30823E-5 1.22308E-5 1.2364E-5 1.487E-5 1.31565E-5 1.58843E-5 1.49729E-5 1.51467E-5 1.2828E-5 1.31067E-5 1.49324E-5 1.41089E-5 1.5187E-5 1.39616E-5 1.46258E-5 1.29845E-5 1.38503E-5 1.58955E-5 1.57134E-5 1.73172E-5 1.51774E-5 1.48208E-5 1.79787E-5 1.86105E-5 2.09416E-5 2.2196E-5 2.30851E-5 2.30828E-5 2.65074E-5 2.34016E-5 1.91369E-5 2.42138E-5 2.41541E-5 2.41681E-5 2.08522E-5 2.09901E-5 2.27066E-5 2.28964E-5 2.39501E-5 2.46628E-5 3.26972E-5 3.46015E-5 3.68535E-5 2.92889E-5 3.32778E-5 3.40824E-5 2.98573E-5 2.78026E-5 2.98557E-5 3.2047E-5 3.54529E-5 3.57475E-5 4.04227E-5 4.26541E-5 4.25015E-5 4.84502E-5 5.58544E-5
1.49962E-5 1.46326E-5 1.57355E-5 1.46462E-5 1.43347E-5 1.51626E-5 1.39537E-5 1.49189E-5 1.46388E-5 1.44032E-5 1.50222E-5 1.38317E-5 1.34632E-5 1.41931E-5 1.49957E-5 1.56273E-5 1.43691E-5 1.45554E-5 1.40936E-5 1.42609E-5 1.26805E-5 1.42506E-5 1.46812E-5 1.74449E-5 1.44747E-5 1.53215E-5 1.65642E-5 1.73328E-5 1.78423E-5 1.8626E-5 1.94441E-5 2.28261E-5 2.61313E-5 2.62218E-5 2.26303E-5 2.89896E-5 2.75298E-5 2.82727E-5 2.68967E-5 2.60757E-5 2.8801E-5 2.83054E-5 3.16935E-5 3.51918E-5 3.39041E-5 4.02975E-5 4.08705E-5 3.66907E-5 3.6367E-5 3.76146E-5 3.43627E-5 3.27927E-5 3.44857E-5 3.61034E-5 3.43178E-5 3.49607E-5 3.74714E-5 3.79491E-5 4.02762E-5 3.89465E-5 4.40517E-5
1.67046E-5 1.64789E-5 1.60774E-5 1.58181E-5 1.57789E-5 1.57825E-5 1.57855E-5 1.58718E-5 1.66879E-5 1.7584E-5 1.6111E-5 1.60668E-5 1.6929E-5 1.6656E-5 1.6342E-5 1.59503E-5 1.56925E-5 1.55248E-5 1.66105E-5 1.70618E-5 1.48598E-5 1.51045E-5 1.61598E-5 1.69266E-5 1.51045E-5 1.74881E-5 1.69923E-5 1.76415E-5 1.86652E-5 1.79338E-5 1.79338E-5 2.02831E-5 2.04271E-5 1.93051E-5 1.99428E-5 2.30848E-5 2.24678E-5 2.26761E-5 2.22966E-5 2.1103E-5 2.27039E-5 2.3263E-5 2.4216E-5 2.6224E-5 2.88887E-5 2.60532E-5 3.06528E-5 2.65319E-5 2.91228E-5 2.84419E-5 2.76784E-5 3.07334E-5 2.69442E-5 3.22627E-5 3.20192E-5 2.59406E-5 2.87186E-5 3.25235E-5 3.38307E-5 3.44665E-5 3.50132E-5
1.62672E-5 1.70699E-5 1.81432E-5 1.79008E-5 1.6571E-5 1.75162E-5 1.60813E-5 1.60372E-5 1.71369E-5 1.60372E-5 1.8206E-5 1.69072E-5 1.80565E-5 1.79127E-5 1.74356E-5 1.86105E-5 1.70598E-5 1.6697E-5 1.75826E-5 1.74368E-5 1.7107E-5 1.81044E-5 1.79609E-5 1.7628E-5 1.60033E-5 1.79735E-5 1.68429E-5 1.81176E-5 1.9511E-5 1.95839E-5 1.73767E-5 1.70998E-5 1.52355E-5 1.31609E-5 1.53824E-5 1.79556E-5 1.94461E-5 1.74228E-5 1.89715E-5 1.81399E-5 2.03867E-5 2.39646E-5 1.99069E-5 2.3395E-5 2.5591E-5 2.21874E-5 2.34651E-5 2.43251E-5 2.68351E-5 2.26737E-5 2.46859E-5 2.55514E-5 2.75438E-5 2.80063E-5 3.18903E-5 2.4268E-5 2.73662E-5 2.63136E-5 2.74443E-5 2.87946E-5 2.84116E-5
1.7095E-5 1.65267E-5 1.90859E-5 1.75315E-5 1.7162E-5 1.6841E-5 1.67955E-5 1.76539E-5 1.75574E-5 1.62959E-5 1.74612E-5 1.72221E-5 1.8291E-5 1.8291E-5 1.94757E-5 1.80069E-5 1.91725E-5 1.74837E-5 1.73876E-5 1.96895E-5 1.81084E-5 1.92641E-5 1.8847E-5 1.84462E-5 1.8011E-5 1.77756E-5 1.73615E-5 1.85331E-5 2.08296E-5 2.02151E-5 2.10112E-5 1.86338E-5 2.06275E-5 1.88187E-5 1.72056E-5 1.76692E-5 1.86909E-5 1.70305E-5 2.12339E-5 1.73192E-5 1.7627E-5 1.84012E-5 1.76762E-5 2.13954E-5 2.03405E-5 2.06758E-5 1.96788E-5 2.24906E-5 2.4169E-5 2.19904E-5 2.37442E-5 2.41214E-5 2.67906E-5 2.76431E-5 3.11193E-5 2.9861E-5 3.01837E-5 2.87457E-5 3.07499E-5 2.92493E-5 2.91061E-5
1.82777E-5 1.83705E-5 1.92339E-5 1.85664E-5 1.84774E-5 1.78152E-5 1.71153E-5 1.88387E-5 1.88387E-5 1.84882E-5 1.82897E-5 1.76984E-5 1.87402E-5 1.8585E-5 1.85399E-5 1.97463E-5 1.9697E-5 1.94865E-5 1.93264E-5 2.05607E-5 2.03409E-5 2.0068E-5 2.00061E-5 2.09269E-5 2.17645E-5 1.9982E-5 1.77234E-5 2.05022E-5 2.13299E-5 2.10315E-5 2.19666E-5 2.10112E-5 1.92443E-5 1.89308E-5 2.01029E-5 1.90267E-5 1.99316E-5 2.17841E-5 2.47247E-5 1.97186E-5 2.30566E-5 2.23251E-5 2.21499E-5 2.35657E-5 2.3414E-5 2.36628E-5 2.47729E-5 2.21228E-5 2.61583E-5 2.28985E-5 2.3865E-5 2.41478E-5 2.21874E-5 2.59583E-5 2.84646E-5 2.66818E-5 2.91781E-5 2.78288E-5 3.38219E-5 3.41873E-5 3.27681E-5
1.5698E-5 1.59164E-5 1.73464E-5 1.91365E-5 1.83849E-5 1.78597E-5 1.80521E-5 1.90916E-5 2.08835E-5 1.80554E-5 1.79621E-5 1.89407E-5 1.96358E-5 2.07319E-5 2.16957E-5 2.01753E-5 1.99597E-5 2.1293E-5 2.11235E-5 2.12984E-5 2.10707E-5 2.07883E-5 2.222E-5 2.16807E-5 2.13895E-5 2.1212E-5 2.05962E-5 2.13768E-5 2.08644E-5 2.33056E-5 1.97382E-5 1.99515E-5 2.12988E-5 2.00974E-5 1.8892E-5 1.98411E-5 2.01467E-5 2.17353E-5 2.4663E-5 2.27409E-5 2.56813E-5 2.58107E-5 2.75635E-5 2.39832E-5 2.73266E-5 2.91649E-5 2.56974E-5 2.69349E-5 2.86038E-5 2.89129E-5 3.25045E-5 2.83213E-5 2.75424E-5 3.13282E-5 2.76428E-5 3.21112E-5 2.89398E-5 2.85282E-5 2.91617E-5 3.1031E-5 3.16128E-5
1.45272E-5 1.60059E-5 1.82259E-5 1.72522E-5 1.70443E-5 1.71453E-5 2.06326E-5 2.05799E-5 2.00647E-5 2.01238E-5 1.97588E-5 2.00773E-5 1.94028E-5 2.13042E-5 2.24826E-5 2.21817E-5 2.18209E-5 2.17014E-5 2.17611E-5 2.14105E-5 2.15876E-5 2.14155E-5 2.10654E-5 2.25221E-5 2.21588E-5 2.17937E-5 2.29113E-5 2.22995E-5 2.14719E-5 2.23954E-5 2.35831E-5 2.1564E-5 2.12104E-5 2.04444E-5 1.92794E-5 2.08067E-5 1.98946E-5 2.14289E-5 2.27928E-5 2.52709E-5 2.54331E-5 2.7088E-5 2.53473E-5 2.34785E-5 2.34507E-5 2.36209E-5 2.5055E-5 2.66944E-5 2.70397E-5 2.91234E-5 3.08386E-5 3.07493E-5 2.90392E-5 3.01828E-5 3.06222E-5 3.26487E-5 2.89316E-5 2.95253E-5 3.2898E-5 3.13322E-5 3.28516E-5
1.71306E-5 1.86387E-5 1.98741E-5 1.92703E-5 1.72731E-5 1.95423E-5 2.05689E-5 1.95523E-5 1.91664E-5 2.05899E-5 2.08022E-5 2.08022E-5 2.02354E-5 2.12207E-5 2.34743E-5 2.15943E-5 2.13042E-5 2.06752E-5 2.18156E-5 2.30749E-5 2.19407E-5 2.19407E-5 2.33983E-5 2.33381E-5 2.13517E-5 2.21437E-5 2.34742E-5 2.4802E-5 2.40727E-5 2.21754E-5 2.35657E-5 2.30647E-5 2.37815E-5 2.19892E-5 2.05768E-5 2.36221E-5 2.20811E-5 2.05545E-5 2.1569E-5 2.18412E-5 2.5617E-5 2.76905E-5 2.74272E-5 2.58491E-5 2.61778E-5 2.63371E-5 2.84375E-5 2.88516E-5 3.07883E-5 3.07883E-5 2.66242E-5 2.97584E-5 2.95017E-5 3.38318E-5 3.35931E-5 3.0928E-5 3.39297E-5 3.08406E-5 3.30216E-5 3.09907E-5 2.72261E-5
1.80165E-5 1.81681E-5 1.70283E-5 1.86953E-5 1.92613E-5 2.00799E-5 1.99899E-5 2.01729E-5 2.12712E-5 2.10037E-5 2.10037E-5 2.10158E-5 2.07055E-5 2.02815E-5 2.11649E-5 2.25938E-5 2.23589E-5 2.17106E-5 2.26019E-5 2.36411E-5 2.21778E-5 2.35223E-5 2.5483E-5 2.27921E-5 2.17611E-5 2.44461E-5 2.43191E-5 2.39842E-5 2.33995E-5 2.45957E-5 2.97257E-5 2.7276E-5 2.50134E-5 2.34342E-5 2.66961E-5 2.54186E-5 2.56536E-5 2.21863E-5 2.18985E-5 2.17206E-5 2.33814E-5 2.65668E-5 2.8614E-5 2.88763E-5 2.60244E-5 2.81278E-5 3.0032E-5 2.80545E-5 3.30216E-5 2.75707E-5 2.94183E-5 3.01305E-5 3.23519E-5 3.38032E-5 3.31073E-5 3.52189E-5 3.32386E-5 3.52815E-5 3.8772E-5 2.89581E-5 2.87575E-5
1.73196E-5 1.46715E-5 1.52163E-5 1.48001E-5 1.71314E-5 1.64001E-5 1.79744E-5 1.83063E-5 1.98382E-5 2.13787E-5 2.08973E-5 2.06959E-5 2.03342E-5 2.1551E-5 2.30134E-5 2.2773E-5 2.27176E-5 2.24185E-5 2.21821E-5 2.27874E-5 2.24788E-5 2.37714E-5 2.41684E-5 2.279E-5 2.38415E-5 2.326E-5 2.49979E-5 2.47181E-5 2.50709E-5 2.61295E-5 2.51483E-5 2.31494E-5 2.47813E-5 2.28275E-5 2.58932E-5 2.87447E-5 2.60438E-5 2.5099E-5 2.27807E-5 2.24049E-5 2.4216E-5 2.84062E-5 3.00814E-5 2.78406E-5 2.48249E-5 2.60341E-5 2.51039E-5 3.10446E-5 3.73422E-5 2.90883E-5 3.34576E-5 2.76866E-5 3.6558E-5 3.15757E-5 3.16182E-5 3.35797E-5 3.75753E-5 4.50187E-5 3.70473E-5 3.02463E-5 2.78371E-5
1.71613E-5 1.61801E-5 1.55614E-5 1.50789E-5 1.57074E-5 1.6672E-5 1.74442E-5 1.91962E-5 1.91083E-5 1.90593E-5 2.08555E-5 2.11231E-5 2.12429E-5 2.2174E-5 2.18407E-5 2.145E-5 2.25976E-5 2.11155E-5 2.22416E-5 2.34126E-5 2.29085E-5 2.39623E-5 2.38966E-5 2.38966E-5 2.41649E-5 2.41604E-5 2.32452E-5 2.49163E-5 2.91412E-5 2.93025E-5 2.55513E-5 2.32659E-5 2.36966E-5 2.71133E-5 2.96742E-5 3.27259E-5 2.44687E-5 2.2868E-5 2.43392E-5 2.64992E-5 3.3562E-5 3.16321E-5 2.7276E-5 3.2142E-5 2.62431E-5 2.68788E-5 2.72909E-5 2.79348E-5 2.71844E-5 2.88406E-5 3.32301E-5 3.35602E-5 3.73111E-5 3.02029E-5 3.05731E-5 3.138E-5 3.91588E-5 4.33068E-5 3.87628E-5 2.88621E-5 3.12527E-5
1.74199E-5 1.75108E-5 1.67181E-5 1.60391E-5 1.6672E-5 1.8723E-5 1.99731E-5 2.03403E-5 2.03909E-5 2.19756E-5 2.214E-5 2.19925E-5 2.29678E-5 2.12429E-5 2.25871E-5 2.23559E-5 2.21917E-5 2.35065E-5 2.3329E-5 2.27813E-5 2.39213E-5 2.35383E-5 2.32825E-5 2.43546E-5 2.43546E-5 2.25862E-5 2.38824E-5 2.50977E-5 2.64318E-5 2.71294E-5 2.74468E-5 2.15364E-5 2.6003E-5 3.24157E-5 3.36522E-5 2.75379E-5 2.15366E-5 2.44273E-5 2.54233E-5 2.69068E-5 2.84801E-5 3.02125E-5 2.97381E-5 3.60996E-5 2.68109E-5 2.49901E-5 2.86082E-5 2.66948E-5 3.38673E-5 3.74173E-5 3.35053E-5 3.11329E-5 3.85247E-5 3.6023E-5 2.94892E-5 3.27464E-5 3.64994E-5 3.60867E-5 3.91588E-5 3.86405E-5 3.39745E-5
1.73464E-5 1.74354E-5 1.7614E-5 1.96461E-5 1.90159E-5 1.91744E-5 2.21891E-5 2.22103E-5 2.1849E-5 2.25504E-5 2.23793E-5 2.17575E-5 2.12846E-5 2.30988E-5 2.31126E-5 2.28782E-5 2.45626E-5 2.27141E-5 2.36985E-5 2.27234E-5 2.2664E-5 2.37284E-5 2.523E-5 2.34062E-5 2.32153E-5 2.29623E-5 2.60826E-5 2.57241E-5 2.55002E-5 2.51456E-5 2.65679E-5 2.53786E-5 2.861E-5 3.27559E-5 2.82721E-5 2.68395E-5 2.48987E-5 2.61967E-5 2.79765E-5 3.12348E-5 3.71874E-5 3.76289E-5 3.67335E-5 3.31058E-5 2.96948E-5 2.49295E-5 2.72748E-5 3.43949E-5 4.25965E-5 3.55273E-5 3.08303E-5 3.08266E-5 3.67069E-5 3.29478E-5 3.11494E-5 4.04803E-5 3.28648E-5 3.41688E-5 3.66611E-5 4.24461E-5 4.15655E-5
2.27892E-5 2.13689E-5 2.11405E-5 1.96984E-5 2.04869E-5 2.18653E-5 2.01229E-5 2.01386E-5 2.13103E-5 2.20303E-5 2.16641E-5 2.08124E-5 2.20116E-5 2.24713E-5 2.27033E-5 2.40517E-5 2.25974E-5 2.22494E-5 2.27827E-5 2.43316E-5 2.37052E-5 2.54916E-5 2.39546E-5 2.52311E-5 2.50319E-5 2.60611E-5 2.5711E-5 2.54333E-5 2.68771E-5 2.62917E-5 2.60648E-5 2.7451E-5 2.67796E-5 3.14653E-5 3.19275E-5 2.57266E-5 2.55002E-5 2.68673E-5 3.19134E-5 3.7901E-5 3.48297E-5 3.39857E-5 3.88549E-5 2.9429E-5 3.25269E-5 2.45095E-5 2.77261E-5 4.27953E-5 4.46852E-5 3.81463E-5 3.17665E-5 3.15912E-5 3.44244E-5 3.19461E-5 3.63726E-5 4.23514E-5 3.60985E-5 3.23044E-5 3.5634E-5 3.46381E-5 4.50807E-5
2.43987E-5 2.1962E-5 2.11817E-5 1.99789E-5 2.25456E-5 2.27493E-5 2.15411E-5 2.30898E-5 2.3199E-5 2.33139E-5 2.32027E-5 2.26372E-5 2.37883E-5 2.57155E-5 2.57569E-5 2.605E-5 2.61392E-5 2.59711E-5 2.5929E-5 2.53245E-5 2.68855E-5 2.69538E-5 2.70222E-5 2.66958E-5 2.67091E-5 2.55653E-5 2.54365E-5 2.67666E-5 2.64135E-5 2.79214E-5 2.77707E-5 2.87762E-5 2.78253E-5 2.72846E-5 2.72079E-5 2.5632E-5 2.57038E-5 3.41E-5 3.68617E-5 3.34557E-5 3.89677E-5 3.80355E-5 3.59075E-5 2.82254E-5 3.5986E-5 2.6235E-5 2.9965E-5 4.13674E-5 4.71974E-5 3.668E-5 3.48443E-5 3.42475E-5 3.29794E-5 3.72768E-5 3.75991E-5 3.87017E-5 3.29376E-5 3.60779E-5 4.00349E-5 3.81002E-5 3.90108E-5
2.11547E-5 2.14503E-5 1.90702E-5 1.95649E-5 2.4973E-5 2.20946E-5 2.22334E-5 2.26935E-5 2.28513E-5 2.0683E-5 2.38225E-5 2.24327E-5 2.30898E-5 2.46719E-5 2.69827E-5 2.60053E-5 2.56421E-5 2.44234E-5 2.52324E-5 2.5505E-5 2.74075E-5 2.72338E-5 2.87146E-5 2.53981E-5 2.68689E-5 2.88526E-5 2.71071E-5 2.82754E-5 2.77011E-5 2.76285E-5 2.91419E-5 2.64134E-5 2.56286E-5 2.6567E-5 2.64831E-5 2.7981E-5 2.78253E-5 2.73614E-5 2.91233E-5 2.90414E-5 2.87156E-5 3.11607E-5 2.92095E-5 2.69634E-5 3.2047E-5 3.51499E-5 4.21245E-5 3.67678E-5 3.48642E-5 3.72662E-5 3.40105E-5 4.24554E-5 4.07144E-5 3.55415E-5 3.10826E-5 3.73771E-5 3.79807E-5 3.75775E-5 3.54886E-5 3.54785E-5 3.9889E-5
1.95769E-5 2.0813E-5 2.00908E-5 2.0505E-5 2.15707E-5 2.1626E-5 2.13402E-5 2.40985E-5 2.23733E-5 1.98654E-5 2.15416E-5 2.06705E-5 2.38219E-5 2.26615E-5 2.16729E-5 2.54728E-5 2.43729E-5 2.56826E-5 2.64565E-5 2.40801E-5 2.45791E-5 2.58565E-5 2.61904E-5 2.49781E-5 2.85943E-5 3.0078E-5 2.83136E-5 2.87146E-5 2.71592E-5 2.88503E-5 3.01104E-5 2.84097E-5 2.76347E-5 2.69146E-5 2.76817E-5 2.89188E-5 2.83623E-5 2.84298E-5 2.80345E-5 2.98539E-5 3.62098E-5 3.23593E-5 3.35725E-5 3.06121E-5 3.25744E-5 4.26951E-5 4.21224E-5 3.78841E-5 4.29408E-5 4.03482E-5 3.77594E-5 4.30183E-5 4.61781E-5 3.92907E-5 3.06718E-5 4.38792E-5 4.14309E-5 3.47929E-5 3.79835E-5 3.60293E-5 3.40265E-5
2.00526E-5 2.0103E-5 2.14319E-5 2.21069E-5 2.24933E-5 2.19935E-5 2.18706E-5 2.35291E-5 2.20394E-5 2.20394E-5 2.17584E-5 2.15909E-5 2.31786E-5 2.3169E-5 2.17025E-5 2.76422E-5 2.74462E-5 2.36714E-5 2.43145E-5 2.64361E-5 2.60235E-5 2.47839E-5 2.45228E-5 2.47458E-5 2.62391E-5 2.60614E-5 2.85632E-5 2.56196E-5 2.48997E-5 2.89037E-5 2.94072E-5 3.30199E-5 2.97336E-5 3.11748E-5 3.08116E-5 3.26165E-5 3.19678E-5 3.07979E-5 2.99649E-5 3.11149E-5 3.0092E-5 3.7309E-5 2.89188E-5 3.53701E-5 2.9993E-5 3.46199E-5 2.96724E-5 2.72547E-5 3.37726E-5 4.09916E-5 4.425E-5 4.63245E-5 4.84596E-5 3.71521E-5 3.64737E-5 4.15281E-5 3.36018E-5 3.4408E-5 4.22091E-5 3.82703E-5 3.46964E-5
1.86223E-5 1.98757E-5 2.00394E-5 2.18976E-5 2.07143E-5 2.08754E-5 2.2126E-5 2.22983E-5 2.24713E-5 2.27615E-5 2.2423E-5 2.36909E-5 2.3575E-5 2.35065E-5 2.48192E-5 2.46245E-5 2.44896E-5 2.4547E-5 2.74477E-5 2.6915E-5 2.5267E-5 2.25836E-5 2.72054E-5 2.51846E-5 2.37728E-5 2.60569E-5 2.495E-5 2.92486E-5 2.81176E-5 2.87519E-5 2.73912E-5 2.78156E-5 3.02641E-5 3.12937E-5 3.21336E-5 3.01959E-5 3.08519E-5 3.23379E-5 3.16261E-5 3.52057E-5 3.16308E-5 3.54469E-5 3.66235E-5 3.84728E-5 3.11306E-5 3.16256E-5 3.0317E-5 3.97486E-5 4.61947E-5 4.87456E-5 4.7451E-5 4.78215E-5 4.17113E-5 4.14802E-5 3.96346E-5 3.86713E-5 3.28772E-5 3.45782E-5 4.17453E-5 4.18541E-5 3.85504E-5
1.85966E-5 1.94902E-5 2.08917E-5 2.07291E-5 2.22057E-5 2.22571E-5 2.21992E-5 2.38297E-5 2.24898E-5 2.2615E-5 2.26739E-5 2.41502E-5 2.37733E-5 2.40799E-5 2.52977E-5 2.51646E-5 2.66172E-5 2.69631E-5 2.46946E-5 2.63327E-5 2.60459E-5 2.76067E-5 3.34904E-5 3.13654E-5 2.53403E-5 2.42213E-5 2.46349E-5 2.86295E-5 2.90288E-5 2.89376E-5 2.81245E-5 2.85172E-5 3.07848E-5 3.23597E-5 3.17683E-5 3.03783E-5 3.13479E-5 3.24807E-5 2.82509E-5 3.83822E-5 3.50697E-5 3.4782E-5 3.4856E-5 3.23638E-5 3.67083E-5 3.62339E-5 3.23132E-5 3.61559E-5 3.82503E-5 4.69398E-5 3.73447E-5 4.85906E-5 3.62492E-5 5.31139E-5 4.42115E-5 3.95152E-5 3.43365E-5 3.28194E-5 3.71096E-5 3.56317E-5 4.58165E-5
