Artocarpus hirsutus SDM files/MIS19/results (with bias file)/Arthir_9.asc
ncols         625
nrows         721
xllcorner     69.99986311115
yllcorner     5.99986187915
cellsize      0.041666667
NODATA_value  -9999
[rows 324 to 350 of 721, columns 61 to 121 of 625]
1.67685E-4 1.72743E-4 1.86301E-4 1.8921E-4 1.95447E-4 2.01208E-4 1.98289E-4 2.01422E-4 2.24754E-4 2.2437E-4 2.56665E-4 3.05548E-4 3.39291E-4 3.20875E-4 3.83787E-4 3.93344E-4 4.09938E-4 4.35094E-4 4.92174E-4 5.154E-4 5.10111E-4 5.36102E-4 6.19276E-4 5.83708E-4 4.99575E-4 4.72273E-4 5.93519E-4 6.87019E-4 6.31996E-4 6.25296E-4 6.90752E-4 8.36406E-4 1.00584E-3 5.81405E-4 8.12499E-4 7.28535E-4 9.60742E-4 9.32218E-4 1.09495E-3 9.651E-4 1.07748E-3 8.70478E-4 8.54953E-4 7.55981E-4 7.144E-4 9.43959E-4 1.09759E-3 1.12538E-3 1.00661E-3 7.64053E-4 8.3572E-4 9.75929E-4 7.86651E-4 8.48262E-4 9.58853E-4 7.58939E-4 8.84742E-4 9.86428E-4 1.08401E-3 9.4183E-4 1.09713E-3
1.69358E-4 1.74922E-4 1.84904E-4 1.91727E-4 1.85932E-4 1.93329E-4 2.19973E-4 2.19601E-4 2.18673E-4 2.52659E-4 2.54731E-4 3.45921E-4 3.68006E-4 3.88504E-4 4.03578E-4 4.42033E-4 4.60264E-4 4.87522E-4 5.05558E-4 5.16987E-4 5.29343E-4 5.90987E-4 6.99454E-4 7.65176E-4 4.58437E-4 4.83123E-4 6.02767E-4 8.69901E-4 7.63173E-4 6.13392E-4 5.45193E-4 6.37973E-4 6.36465E-4 6.78649E-4 7.63173E-4 7.52643E-4 8.55823E-4 8.40792E-4 8.12721E-4 9.04387E-4 1.31977E-3 7.39494E-4 9.49125E-4 9.44083E-4 7.89213E-4 8.1356E-4 9.731E-4 1.01424E-3 9.0598E-4 7.87832E-4 8.68663E-4 9.16886E-4 7.19758E-4 8.41846E-4 1.07437E-3 7.601E-4 9.16395E-4 1.01887E-3 8.22546E-4 9.71967E-4 9.91954E-4
1.81042E-4 1.89655E-4 1.95141E-4 1.98453E-4 2.02956E-4 2.10078E-4 2.1832E-4 2.40068E-4 2.44547E-4 2.74211E-4 2.83021E-4 3.83598E-4 3.58495E-4 4.09862E-4 4.63533E-4 4.50162E-4 4.61061E-4 4.79088E-4 5.44865E-4 5.61895E-4 5.85301E-4 5.98586E-4 7.07944E-4 7.31674E-4 5.13663E-4 5.81004E-4 9.27856E-4 7.30422E-4 6.99788E-4 6.93581E-4 7.32644E-4 6.50565E-4 7.62562E-4 8.2644E-4 7.59715E-4 8.36943E-4 8.41111E-4 8.32351E-4 7.79562E-4 7.34753E-4 9.31277E-4 1.00058E-3 1.15282E-3 1.10069E-3 9.09115E-4 7.39985E-4 8.07265E-4 8.75705E-4 8.20038E-4 8.41458E-4 1.08337E-3 1.14781E-3 7.52279E-4 7.29302E-4 8.94705E-4 8.51642E-4 8.47692E-4 8.98802E-4 1.03005E-3 9.0775E-4 7.86247E-4
1.79154E-4 1.88229E-4 1.92467E-4 1.9306E-4 1.97532E-4 2.25225E-4 2.34739E-4 2.40716E-4 2.76814E-4 2.8195E-4 3.15926E-4 3.18751E-4 4.09113E-4 4.73836E-4 4.74898E-4 5.09938E-4 5.18006E-4 5.37482E-4 5.5296E-4 5.69168E-4 5.73641E-4 6.18343E-4 6.12558E-4 6.61602E-4 6.24257E-4 8.13685E-4 7.62631E-4 6.90728E-4 4.77181E-4 6.23729E-4 6.09996E-4 6.681E-4 8.71732E-4 8.24512E-4 8.04846E-4 8.89848E-4 8.50031E-4 8.14783E-4 8.36825E-4 7.65971E-4 7.86094E-4 8.65418E-4 1.11823E-3 1.05681E-3 1.03824E-3 8.40435E-4 7.22525E-4 8.47973E-4 8.28082E-4 9.53007E-4 1.13314E-3 9.9954E-4 8.30049E-4 7.34473E-4 8.00988E-4 9.14809E-4 7.88413E-4 8.05836E-4 8.83835E-4 9.33333E-4 8.23378E-4
1.90747E-4 2.06466E-4 2.13396E-4 2.10352E-4 2.13698E-4 2.29519E-4 2.32968E-4 2.63858E-4 2.7494E-4 3.14884E-4 3.28023E-4 3.61471E-4 4.34497E-4 4.93198E-4 5.33095E-4 5.22694E-4 5.84453E-4 5.66687E-4 5.94474E-4 6.1293E-4 6.32484E-4 6.4833E-4 6.29085E-4 6.59695E-4 7.35094E-4 6.1585E-4 8.23488E-4 7.3572E-4 5.70775E-4 6.43852E-4 6.71326E-4 7.43008E-4 8.16801E-4 7.98953E-4 8.39816E-4 8.8125E-4 8.47648E-4 9.3036E-4 9.87584E-4 7.90032E-4 8.23721E-4 8.73335E-4 9.17895E-4 9.43768E-4 8.6697E-4 8.8469E-4 9.08463E-4 7.50555E-4 8.30965E-4 9.23876E-4 1.09523E-3 8.3133E-4 8.75142E-4 7.48178E-4 7.25346E-4 9.75694E-4 8.30379E-4 8.04073E-4 8.40595E-4 8.88951E-4 8.27265E-4
1.89438E-4 2.04223E-4 2.25357E-4 2.22112E-4 2.41273E-4 2.53266E-4 2.578E-4 2.70426E-4 3.1203E-4 3.14824E-4 3.56699E-4 3.72992E-4 3.63596E-4 5.26583E-4 5.30491E-4 5.97376E-4 5.97376E-4 5.66867E-4 5.97693E-4 6.15135E-4 6.34344E-4 6.43394E-4 6.61681E-4 7.14366E-4 7.24369E-4 7.49644E-4 6.62946E-4 7.8777E-4 7.26387E-4 6.89976E-4 7.67156E-4 7.89418E-4 8.24377E-4 7.93772E-4 7.77308E-4 8.09364E-4 9.99156E-4 1.07089E-3 9.1948E-4 9.4588E-4 9.29034E-4 9.43958E-4 9.16153E-4 8.49387E-4 7.36911E-4 7.80224E-4 8.10196E-4 8.84524E-4 8.26064E-4 9.93753E-4 9.5923E-4 7.53067E-4 8.88956E-4 7.00793E-4 7.81803E-4 8.76739E-4 7.67816E-4 7.54683E-4 8.5717E-4 9.96639E-4 8.63417E-4
-9999 1.99541E-4 2.02291E-4 2.34318E-4 2.42844E-4 2.68221E-4 2.57753E-4 2.92708E-4 3.15077E-4 3.33109E-4 3.43339E-4 3.81887E-4 4.06511E-4 4.11458E-4 5.27049E-4 5.55849E-4 6.04413E-4 6.18072E-4 6.54393E-4 6.76898E-4 6.35675E-4 6.55883E-4 6.82257E-4 6.97468E-4 7.00909E-4 6.96393E-4 6.99635E-4 7.28886E-4 7.24179E-4 7.76882E-4 8.34792E-4 8.23287E-4 9.24559E-4 8.1441E-4 9.67282E-4 8.06207E-4 8.85189E-4 1.06143E-3 9.9011E-4 1.05038E-3 1.08244E-3 1.00034E-3 1.00186E-3 9.77287E-4 9.09687E-4 7.16334E-4 7.21428E-4 7.28018E-4 9.02704E-4 9.40512E-4 9.37747E-4 6.8173E-4 7.9085E-4 7.37925E-4 7.45781E-4 8.36483E-4 7.39426E-4 7.97626E-4 9.55498E-4 9.0166E-4 8.34877E-4
-9999 2.32817E-4 2.47644E-4 2.47023E-4 2.52448E-4 2.71142E-4 2.94039E-4 2.96703E-4 3.37417E-4 3.59372E-4 3.81689E-4 3.9355E-4 4.47156E-4 4.56826E-4 5.89769E-4 6.2049E-4 6.2029E-4 6.31668E-4 6.51892E-4 6.67942E-4 6.93091E-4 6.97202E-4 6.57242E-4 7.27637E-4 7.50688E-4 7.27206E-4 7.3387E-4 7.32746E-4 7.39451E-4 8.31215E-4 8.3581E-4 8.23793E-4 9.4713E-4 7.70855E-4 1.01136E-3 9.08136E-4 8.2755E-4 8.74485E-4 9.60793E-4 1.07762E-3 1.16408E-3 7.6856E-4 8.31356E-4 1.07983E-3 9.86934E-4 7.18446E-4 7.94864E-4 6.97818E-4 9.54547E-4 1.08467E-3 1.02529E-3 7.92662E-4 7.07361E-4 6.71401E-4 7.15081E-4 7.45378E-4 7.69053E-4 8.83329E-4 8.25668E-4 8.4429E-4 7.77219E-4
2.30946E-4 2.3872E-4 2.63937E-4 2.62174E-4 2.55311E-4 2.64638E-4 2.79701E-4 3.17118E-4 3.60381E-4 3.75633E-4 3.91285E-4 4.37567E-4 4.55327E-4 4.65409E-4 6.00826E-4 6.26262E-4 6.44241E-4 6.47652E-4 6.72336E-4 6.71916E-4 6.88827E-4 6.99061E-4 7.1893E-4 7.24853E-4 7.17839E-4 7.64016E-4 7.44951E-4 7.26337E-4 7.36617E-4 8.17886E-4 7.93665E-4 9.37299E-4 7.60877E-4 8.87909E-4 8.56464E-4 8.35918E-4 8.62502E-4 8.83679E-4 8.50771E-4 9.85044E-4 1.14002E-3 1.04404E-3 6.75906E-4 9.37857E-4 8.10779E-4 9.6917E-4 6.93266E-4 8.56571E-4 1.13979E-3 1.21257E-3 1.24449E-3 8.01199E-4 6.60216E-4 6.27131E-4 6.96171E-4 7.31837E-4 8.93458E-4 7.82089E-4 7.0926E-4 8.54012E-4 8.32613E-4
2.52734E-4 2.57757E-4 2.63693E-4 2.6275E-4 2.76783E-4 2.85893E-4 3.24064E-4 3.46782E-4 3.61493E-4 3.74006E-4 4.26407E-4 4.37097E-4 4.54212E-4 4.717E-4 4.92611E-4 6.32083E-4 6.41907E-4 6.57172E-4 6.7414E-4 7.0017E-4 7.10081E-4 7.21265E-4 7.2981E-4 7.27448E-4 7.41282E-4 7.46914E-4 7.53741E-4 7.37307E-4 7.99568E-4 7.91838E-4 8.16114E-4 1.00818E-3 7.94441E-4 8.37928E-4 8.5265E-4 9.19972E-4 1.01167E-3 9.69057E-4 1.04502E-3 1.02119E-3 1.03524E-3 9.7889E-4 8.20731E-4 7.15258E-4 6.62071E-4 7.93763E-4 6.40501E-4 8.44017E-4 1.00927E-3 1.04253E-3 1.21984E-3 9.48225E-4 7.03277E-4 6.41417E-4 6.45608E-4 7.76619E-4 7.5123E-4 7.53325E-4 7.40325E-4 7.69013E-4 6.95403E-4
2.4746E-4 2.54081E-4 2.50054E-4 2.61811E-4 3.0082E-4 3.13844E-4 3.24149E-4 3.42037E-4 3.59927E-4 4.13116E-4 4.21984E-4 4.35424E-4 4.52474E-4 6.40731E-4 6.65142E-4 6.1924E-4 6.41174E-4 6.63247E-4 6.80363E-4 7.04324E-4 7.29079E-4 7.35092E-4 7.08818E-4 6.96453E-4 7.13827E-4 7.97398E-4 8.04154E-4 7.26255E-4 8.3237E-4 8.19024E-4 8.38634E-4 9.24673E-4 9.93052E-4 9.06246E-4 8.35584E-4 8.3888E-4 8.6122E-4 9.73402E-4 1.07909E-3 1.03299E-3 1.19327E-3 1.28063E-3 9.83109E-4 7.18679E-4 6.53095E-4 6.08575E-4 8.2217E-4 9.13027E-4 1.06582E-3 1.00039E-3 9.13132E-4 9.32473E-4 7.51563E-4 6.12306E-4 6.46899E-4 7.72101E-4 7.13284E-4 7.22174E-4 6.9862E-4 6.86857E-4 6.68828E-4
2.67326E-4 2.68945E-4 2.67372E-4 2.79019E-4 2.92745E-4 3.1145E-4 3.29091E-4 3.37181E-4 3.87276E-4 4.06131E-4 4.2607E-4 4.82082E-4 4.99297E-4 5.23184E-4 6.77193E-4 6.8141E-4 7.00325E-4 6.65027E-4 6.90716E-4 7.06201E-4 7.08013E-4 7.11546E-4 6.98876E-4 6.79065E-4 6.86832E-4 7.09692E-4 8.36972E-4 8.10956E-4 8.04464E-4 7.86509E-4 8.61722E-4 8.70401E-4 1.01755E-3 1.09109E-3 8.99393E-4 8.85157E-4 7.81968E-4 7.56487E-4 8.3224E-4 9.82219E-4 1.07994E-3 1.13289E-3 9.48245E-4 8.01748E-4 7.95297E-4 6.52671E-4 8.27327E-4 6.55055E-4 8.10205E-4 1.0567E-3 7.22579E-4 6.37114E-4 6.60874E-4 7.12392E-4 6.99947E-4 6.72583E-4 7.53994E-4 7.29113E-4 7.33264E-4 7.38086E-4 7.52456E-4
2.67843E-4 2.69465E-4 2.65201E-4 2.76888E-4 2.9267E-4 3.04113E-4 3.20285E-4 3.70375E-4 3.85591E-4 4.03239E-4 4.62744E-4 4.87934E-4 5.07005E-4 5.32672E-4 5.58512E-4 7.1631E-4 7.31764E-4 6.94815E-4 7.22015E-4 7.3242E-4 7.38442E-4 7.33673E-4 6.60953E-4 7.41103E-4 7.22664E-4 7.8212E-4 7.28777E-4 7.65841E-4 8.31496E-4 8.29618E-4 8.7789E-4 9.4568E-4 1.00105E-3 1.13716E-3 1.13351E-3 1.21291E-3 9.39873E-4 8.55302E-4 8.76359E-4 1.31723E-3 1.29083E-3 1.08362E-3 9.35303E-4 6.77469E-4 7.43328E-4 7.87094E-4 1.05043E-3 1.12078E-3 6.74674E-4 7.01751E-4 7.53872E-4 7.87525E-4 8.88344E-4 7.08686E-4 8.558E-4 1.00169E-3 7.96702E-4 7.6922E-4 6.75496E-4 8.38168E-4 8.15455E-4
2.64006E-4 2.987E-4 2.92779E-4 2.80072E-4 2.89461E-4 3.28114E-4 3.43273E-4 3.62689E-4 4.17168E-4 4.42072E-4 4.60718E-4 4.78391E-4 5.07817E-4 5.30627E-4 5.5819E-4 7.27536E-4 6.81383E-4 7.16489E-4 6.88144E-4 7.12634E-4 7.18452E-4 6.56287E-4 7.01633E-4 7.19136E-4 6.83703E-4 7.51744E-4 7.58094E-4 8.3284E-4 8.49321E-4 8.76681E-4 9.76785E-4 9.72976E-4 9.84953E-4 8.84409E-4 1.04122E-3 1.16611E-3 9.70638E-4 6.2875E-4 8.18767E-4 1.15145E-3 1.24673E-3 7.17555E-4 7.19293E-4 7.88943E-4 1.29375E-3 8.17276E-4 1.02637E-3 1.28987E-3 8.09393E-4 8.08923E-4 1.06753E-3 8.6051E-4 6.42179E-4 5.95601E-4 7.77654E-4 1.28145E-3 1.18262E-3 9.7851E-4 7.3701E-4 7.50776E-4 7.97387E-4
2.92446E-4 2.96407E-4 2.99139E-4 3.05062E-4 3.1937E-4 3.32091E-4 3.73664E-4 3.92383E-4 4.15343E-4 4.37234E-4 4.57435E-4 4.83653E-4 5.15635E-4 5.31758E-4 5.61198E-4 5.92521E-4 6.6229E-4 7.00957E-4 7.53406E-4 7.01207E-4 7.41816E-4 6.64638E-4 7.7981E-4 7.67364E-4 7.19544E-4 6.3232E-4 7.6991E-4 8.7609E-4 8.17356E-4 9.39561E-4 1.05059E-3 1.1752E-3 1.27134E-3 1.02246E-3 6.99186E-4 6.28779E-4 6.2476E-4 9.3046E-4 8.59401E-4 7.98616E-4 7.54037E-4 7.63443E-4 7.93024E-4 1.1274E-3 1.41596E-3 8.84024E-4 7.05755E-4 8.49441E-4 1.36407E-3 9.03504E-4 8.63509E-4 7.71631E-4 5.48201E-4 6.09425E-4 7.23763E-4 7.40265E-4 7.14363E-4 1.01322E-3 1.06907E-3 8.70985E-4 8.03247E-4
2.89222E-4 2.91275E-4 2.99841E-4 3.03733E-4 3.17978E-4 3.66073E-4 3.52798E-4 4.02314E-4 4.12376E-4 4.39896E-4 4.67085E-4 5.3482E-4 5.21546E-4 5.92328E-4 5.67577E-4 6.24376E-4 7.24315E-4 7.18615E-4 7.23217E-4 7.18972E-4 7.3674E-4 6.92097E-4 6.08341E-4 7.50721E-4 7.08394E-4 6.09569E-4 6.63251E-4 6.95098E-4 9.33475E-4 1.01005E-3 1.02774E-3 1.10467E-3 1.10605E-3 7.21986E-4 8.27314E-4 8.93299E-4 1.26757E-3 1.04086E-3 6.67227E-4 1.16935E-3 8.96766E-4 7.48E-4 7.23481E-4 1.18371E-3 1.20874E-3 9.66437E-4 1.12979E-3 7.37439E-4 1.05329E-3 7.91706E-4 7.84517E-4 7.74497E-4 7.02915E-4 6.87444E-4 6.42066E-4 8.71288E-4 7.19217E-4 6.79317E-4 9.16893E-4 1.29496E-3 9.31574E-4
-9999 2.90004E-4 2.96746E-4 3.08386E-4 3.2085E-4 3.36974E-4 3.86582E-4 4.1225E-4 4.25343E-4 4.45015E-4 4.681E-4 5.38041E-4 5.65763E-4 5.87771E-4 5.60547E-4 6.24187E-4 7.85497E-4 7.97269E-4 7.81695E-4 7.66283E-4 7.61807E-4 7.25249E-4 6.1094E-4 6.27537E-4 6.58425E-4 6.90878E-4 6.49096E-4 5.32676E-4 6.865E-4 8.75574E-4 7.57584E-4 7.35497E-4 6.80487E-4 9.73811E-4 9.07369E-4 9.94234E-4 1.15472E-3 8.08817E-4 6.75497E-4 1.12009E-3 8.36205E-4 7.99278E-4 7.4943E-4 8.90605E-4 9.4901E-4 9.76673E-4 1.1259E-3 9.75349E-4 9.58726E-4 7.71506E-4 7.4729E-4 6.83277E-4 8.61142E-4 7.27055E-4 7.10269E-4 1.13445E-3 8.8593E-4 6.43947E-4 6.33101E-4 9.12762E-4 1.2185E-3
3.04117E-4 3.34903E-4 3.01296E-4 3.07195E-4 3.21587E-4 3.41911E-4 3.89829E-4 4.15688E-4 4.34693E-4 4.54147E-4 5.1763E-4 5.40654E-4 5.61403E-4 5.96764E-4 5.72562E-4 6.29537E-4 8.62587E-4 8.95859E-4 7.4314E-4 7.80064E-4 8.33623E-4 8.08575E-4 7.19078E-4 5.38295E-4 7.67197E-4 1.10765E-3 9.62839E-4 6.61034E-4 6.87892E-4 5.85326E-4 5.81971E-4 1.05757E-3 9.34367E-4 1.08027E-3 1.2929E-3 7.59001E-4 7.43177E-4 6.61336E-4 7.99868E-4 8.53394E-4 7.36723E-4 1.01859E-3 1.06312E-3 7.83908E-4 1.05066E-3 9.98902E-4 5.40869E-4 5.9669E-4 9.85578E-4 1.07472E-3 8.63306E-4 8.48388E-4 9.7245E-4 7.86304E-4 7.50221E-4 9.61247E-4 8.11949E-4 8.06141E-4 5.68933E-4 7.28024E-4 1.14481E-3
3.36454E-4 2.96971E-4 3.03806E-4 3.16981E-4 3.27401E-4 3.41543E-4 3.95496E-4 4.18907E-4 4.36839E-4 4.62167E-4 5.33409E-4 5.55243E-4 5.69672E-4 5.89872E-4 5.82913E-4 6.29537E-4 8.73278E-4 8.93862E-4 8.97916E-4 9.57701E-4 1.0798E-3 9.44938E-4 6.7783E-4 5.71407E-4 7.17749E-4 1.13967E-3 1.27357E-3 1.00226E-3 1.02012E-3 7.55422E-4 6.02798E-4 7.26558E-4 1.17462E-3 9.61309E-4 1.35543E-3 1.05025E-3 7.58171E-4 8.93979E-4 7.99853E-4 6.61196E-4 8.9962E-4 1.15289E-3 9.82181E-4 9.95631E-4 8.80334E-4 5.57723E-4 4.92545E-4 5.06642E-4 8.35845E-4 6.90886E-4 8.63515E-4 1.01675E-3 7.34241E-4 6.64059E-4 1.12972E-3 1.01745E-3 9.1538E-4 8.2493E-4 8.2043E-4 6.91678E-4 7.54375E-4
3.3497E-4 2.99656E-4 3.12434E-4 3.2906E-4 3.44409E-4 3.93827E-4 4.09064E-4 4.29179E-4 4.58966E-4 4.84164E-4 5.60206E-4 5.96194E-4 5.85816E-4 6.05311E-4 6.57143E-4 6.73417E-4 7.19881E-4 1.0628E-3 9.73763E-4 1.09597E-3 1.20865E-3 8.93919E-4 5.45779E-4 6.78637E-4 8.26851E-4 9.95328E-4 1.07563E-3 1.08037E-3 1.10422E-3 1.15837E-3 7.37081E-4 5.96427E-4 7.61543E-4 9.26872E-4 1.37962E-3 1.10657E-3 9.02921E-4 7.81376E-4 6.85478E-4 7.38768E-4 9.69959E-4 9.81772E-4 1.09361E-3 7.04747E-4 5.84407E-4 5.08694E-4 5.15233E-4 6.7279E-4 6.18835E-4 6.67405E-4 6.52281E-4 6.69264E-4 6.49289E-4 6.44284E-4 1.01008E-3 1.01346E-3 1.0184E-3 8.37708E-4 7.77262E-4 8.14433E-4 8.33335E-4
3.22807E-4 3.15302E-4 3.04406E-4 3.48254E-4 3.60827E-4 4.18042E-4 4.34146E-4 4.45264E-4 4.79231E-4 5.09842E-4 5.26524E-4 5.79377E-4 6.08166E-4 6.59797E-4 6.64794E-4 7.60173E-4 7.60548E-4 1.02265E-3 9.94274E-4 1.06781E-3 1.0089E-3 1.03118E-3 6.65238E-4 9.31314E-4 7.13439E-4 8.36299E-4 8.49343E-4 9.89764E-4 9.72424E-4 1.01419E-3 1.25679E-3 1.14206E-3 7.58425E-4 1.16797E-3 1.15807E-3 1.30882E-3 1.0407E-3 8.97462E-4 9.48045E-4 8.86638E-4 6.44581E-4 4.82201E-4 6.58719E-4 6.41375E-4 5.9274E-4 6.15442E-4 6.64616E-4 7.31507E-4 6.63788E-4 6.78117E-4 6.47977E-4 6.63251E-4 6.79057E-4 7.21549E-4 8.03032E-4 1.05341E-3 1.03367E-3 8.66452E-4 8.10165E-4 9.08323E-4 9E-4
2.88402E-4 2.99202E-4 3.05933E-4 3.47664E-4 3.55655E-4 4.08211E-4 4.33384E-4 4.50388E-4 4.66201E-4 4.80839E-4 5.65882E-4 6.12101E-4 5.74745E-4 6.5709E-4 7.04011E-4 6.75095E-4 7.02905E-4 7.91799E-4 9.6083E-4 1.03333E-3 1.02924E-3 1.07516E-3 7.87567E-4 1.05195E-3 7.03867E-4 8.67434E-4 8.70013E-4 1.11589E-3 9.49387E-4 1.09975E-3 1.15927E-3 1.17565E-3 1.12759E-3 7.46166E-4 1.11079E-3 8.79491E-4 8.41351E-4 1.05852E-3 1.00353E-3 7.19775E-4 5.62046E-4 7.28332E-4 6.49766E-4 6.94459E-4 6.66719E-4 7.08933E-4 6.70066E-4 7.04455E-4 7.10562E-4 6.69892E-4 6.6453E-4 7.65507E-4 7.87473E-4 7.10943E-4 7.69864E-4 8.74321E-4 1.1576E-3 1.10755E-3 8.84334E-4 1.12653E-3 1.06522E-3
-9999 3.14539E-4 3.55247E-4 3.69057E-4 3.78763E-4 3.97356E-4 4.08543E-4 4.80649E-4 5.05258E-4 5.24895E-4 5.71426E-4 6.26431E-4 6.12567E-4 6.34866E-4 6.6943E-4 7.19212E-4 7.35475E-4 7.46123E-4 9.77914E-4 9.44682E-4 1.00873E-3 9.74039E-4 7.73048E-4 1.04957E-3 8.9489E-4 8.14601E-4 9.34936E-4 1.16474E-3 1.09946E-3 1.13471E-3 1.16607E-3 8.42593E-4 7.15679E-4 9.97195E-4 9.33428E-4 6.60626E-4 7.75646E-4 7.48937E-4 7.56576E-4 7.71277E-4 8.13449E-4 7.64358E-4 7.52751E-4 6.9896E-4 7.3611E-4 7.01436E-4 7.21767E-4 7.66449E-4 7.19335E-4 7.76937E-4 8.34081E-4 8.69884E-4 9.05874E-4 8.32993E-4 7.90906E-4 7.97846E-4 1.22935E-3 1.24081E-3 1.17688E-3 1.33346E-3 1.12344E-3
-9999 3.34818E-4 3.42223E-4 3.45646E-4 4.13812E-4 4.3223E-4 4.52986E-4 4.68376E-4 4.9136E-4 5.25273E-4 5.77167E-4 6.52824E-4 7.1332E-4 7.14945E-4 7.07011E-4 7.29292E-4 8.11116E-4 7.75957E-4 1.02764E-3 9.9837E-4 1.17612E-3 1.14536E-3 8.36627E-4 8.82858E-4 9.88572E-4 1.02679E-3 9.59146E-4 1.01168E-3 8.18708E-4 1.1033E-3 8.51689E-4 7.97871E-4 8.70444E-4 7.73433E-4 7.75533E-4 8.48621E-4 7.97498E-4 7.98161E-4 7.42852E-4 7.80365E-4 7.65953E-4 7.84116E-4 7.99505E-4 7.70653E-4 7.32393E-4 6.81486E-4 7.082E-4 7.59205E-4 9.14688E-4 8.00925E-4 8.09179E-4 8.8286E-4 9.00294E-4 9.68286E-4 9.14457E-4 6.97094E-4 7.49604E-4 8.28179E-4 8.01947E-4 8.51146E-4 8.18349E-4
-9999 -9999 -9999 3.96045E-4 3.94742E-4 4.10897E-4 4.40286E-4 5.06402E-4 5.19479E-4 5.76026E-4 6.50984E-4 6.92275E-4 6.64984E-4 7.27505E-4 7.42627E-4 7.98592E-4 7.87548E-4 8.55646E-4 1.07813E-3 1.06572E-3 1.22822E-3 1.24033E-3 1.01937E-3 9.1858E-4 8.336E-4 8.3991E-4 9.56436E-4 9.51657E-4 6.81363E-4 6.39361E-4 6.76509E-4 8.25533E-4 8.88431E-4 8.55596E-4 8.56613E-4 7.9782E-4 8.28776E-4 7.61314E-4 8.44416E-4 7.85029E-4 8.43864E-4 7.8991E-4 7.39261E-4 7.75597E-4 7.57101E-4 7.32077E-4 7.20872E-4 7.07925E-4 7.89195E-4 7.42142E-4 7.98856E-4 8.90965E-4 9.71794E-4 7.91017E-4 7.88349E-4 8.20136E-4 7.62509E-4 6.79461E-4 7.29736E-4 6.46633E-4 8.50853E-4
-9999 -9999 3.71343E-4 4.22522E-4 4.22522E-4 4.44066E-4 4.83169E-4 4.96792E-4 5.56216E-4 6.10635E-4 5.91949E-4 6.76505E-4 6.44012E-4 6.82187E-4 7.12621E-4 7.67269E-4 8.43705E-4 9.08366E-4 1.15826E-3 1.11603E-3 1.17327E-3 1.44849E-3 1.26383E-3 1.17241E-3 1.00844E-3 7.80227E-4 9.79328E-4 8.83747E-4 7.11941E-4 7.31384E-4 6.72387E-4 8.01165E-4 8.44194E-4 8.32727E-4 9.20778E-4 8.84147E-4 8.29311E-4 8.59053E-4 8.67057E-4 8.52243E-4 8.62665E-4 7.91808E-4 8.43159E-4 6.76197E-4 6.74946E-4 7.3555E-4 7.21852E-4 7.45561E-4 7.18888E-4 6.65268E-4 7.21083E-4 8.38865E-4 9.2179E-4 8.60709E-4 7.62494E-4 6.29618E-4 9.25673E-4 8.39009E-4 6.89386E-4 7.55521E-4 9.92266E-4
-9999 -9999 3.7927E-4 4.11722E-4 4.10023E-4 4.24496E-4 5.02752E-4 5.19908E-4 5.18822E-4 5.64029E-4 6.04581E-4 6.42145E-4 6.83408E-4 7.4853E-4 7.74336E-4 7.74545E-4 8.75E-4 9.35285E-4 1.12069E-3 9.43529E-4 1.2394E-3 1.55515E-3 1.52011E-3 1.31228E-3 1.16709E-3 8.92922E-4 1.0553E-3 8.35675E-4 7.2605E-4 7.24472E-4 7.2029E-4 8.25115E-4 9.45926E-4 9.13545E-4 9.09418E-4 9.81945E-4 8.9194E-4 8.81434E-4 9.73785E-4 8.93676E-4 8.36504E-4 8.70204E-4 8.35144E-4 6.87592E-4 5.97998E-4 6.9814E-4 7.10267E-4 6.87451E-4 7.11344E-4 6.88924E-4 7.08925E-4 6.75067E-4 7.47131E-4 7.18776E-4 6.94219E-4 6.8341E-4 1.05915E-3 7.28929E-4 7.81189E-4 9.82168E-4 1.26277E-3
