Artocarpus hirsutus SDM files/MIS19/results (with bias file)/Arthir_stddev.asc
ncols         625
nrows         721
xllcorner     69.99986311115
yllcorner     5.99986187915
cellsize      0.041666667
NODATA_value  -9999
[rows 108 to 134 of 721, columns 183 to 243 of 625]
1.32324E-3 1.99539E-3 2.12019E-3 1.46632E-3 3.31769E-3 3.40058E-3 2.72934E-3 2.79284E-3 2.6979E-3 1.19387E-3 8.65437E-4 1.18226E-3 1.00721E-3 2.97128E-3 2.53398E-3 4.11955E-4 2.73778E-3 4.63593E-3 2.50945E-3 1.77444E-3 7.20559E-4 2.4507E-3 2.01429E-3 1.96222E-3 2.51268E-3 2.54444E-3 2.29848E-3 2.24258E-3 1.65519E-3 1.52496E-3 2.00608E-3 1.86597E-3 7.79603E-4 4.03974E-4 3.2783E-4 6.2078E-4 2.10751E-3 1.87812E-3 8.76189E-4 7.64069E-4 1.26232E-4 3.81296E-4 3.22441E-4 9.19832E-5 4.46243E-5 9.16312E-5 2.96649E-4 2.21653E-4 8.16529E-5 1.83873E-4 1.76202E-4 1.19554E-4 8.77618E-5 1.13887E-4 1.69031E-4 2.69692E-4 2.66378E-4 2.82641E-4 2.69368E-4 2.76867E-4 2.23633E-4
1.74963E-3 1.66501E-3 3.92589E-3 2.18154E-3 3.10222E-3 3.2862E-3 3.01589E-3 2.75162E-3 2.14947E-3 2.31603E-3 2.13933E-3 2.47298E-3 1.84931E-3 6.07217E-4 2.58703E-3 3.24608E-3 4.07703E-3 2.97571E-3 2.28897E-3 2.35102E-3 2.35113E-3 9.88835E-4 2.23607E-3 2.68332E-3 3.19196E-3 2.66887E-3 2.23868E-3 3.08307E-3 2.38299E-3 1.15607E-3 2.07135E-3 1.03492E-3 4.00661E-4 1.52862E-3 1.79267E-3 9.92766E-4 9.8481E-4 1.09447E-3 3.19801E-4 4.66665E-4 7.84973E-4 3.19688E-4 1.66472E-4 7.44112E-5 5.77319E-5 7.91073E-5 5.3231E-5 1.39262E-4 3.43267E-5 2.64285E-5 2.86145E-5 2.67263E-5 2.50435E-5 3.88086E-5 4.7142E-5 1.94327E-4 2.39749E-4 2.27684E-4 2.69126E-4 2.92394E-4 2.44701E-4
2.50842E-3 2.99705E-3 2.36033E-3 3.20118E-3 3.33337E-3 3.5517E-3 2.83628E-3 1.39946E-3 1.84225E-3 2.24197E-3 2.08567E-3 1.68048E-3 1.93895E-3 1.22309E-3 1.23715E-3 2.10257E-3 3.38567E-3 2.73633E-3 3.24981E-3 2.92922E-3 2.07233E-3 1.81387E-3 5.59093E-4 2.07747E-3 2.57087E-3 2.27162E-3 1.79633E-3 2.92469E-3 2.07985E-3 2.13955E-3 4.68512E-4 2.43256E-3 1.1975E-3 1.82139E-3 1.47964E-3 1.55064E-3 1.9368E-3 1.23111E-3 4.13104E-4 1.13566E-3 1.61612E-3 6.709E-4 4.16281E-4 2.14599E-4 1.0404E-4 1.14592E-4 6.98039E-5 1.81941E-4 7.0231E-5 4.13899E-5 4.04986E-5 7.25079E-5 1.27885E-4 2.07365E-4 2.97038E-5 2.00841E-4 5.17832E-4 4.36349E-4 3.24664E-4 2.36755E-4 2.14732E-4
2.58671E-3 2.60811E-3 2.3281E-3 2.97492E-3 3.51257E-3 3.83873E-3 3.40984E-3 1.86176E-3 1.37352E-3 1.16798E-3 1.41492E-3 1.62094E-3 2.2232E-3 1.8641E-3 1.68649E-3 1.45193E-3 9.1672E-4 1.59463E-3 2.93683E-3 2.21075E-3 2.53933E-3 2.71443E-3 2.39739E-3 1.96243E-3 1.2056E-3 1.63612E-3 2.75413E-3 2.37582E-3 1.61578E-3 9.54608E-4 9.9698E-4 1.99954E-3 2.20333E-3 1.60013E-3 1.299E-3 1.46875E-3 1.37695E-3 1.67853E-3 7.41947E-4 1.43046E-3 1.18081E-3 1.18008E-3 7.72666E-4 5.49933E-4 2.88408E-4 1.90245E-4 2.07056E-4 3.04371E-4 1.28782E-4 1.23483E-4 9.61364E-5 1.30082E-4 2.54204E-4 4.5401E-5 3.45988E-5 4.30032E-5 3.58458E-4 5.68285E-4 4.90148E-4 3.701E-4 2.54024E-4
4.61819E-3 4.52066E-3 4.38233E-3 4.58993E-3 3.54172E-3 8.65078E-4 1.91248E-3 2.14587E-3 1.25599E-3 1.76262E-3 2.60396E-3 3.15892E-3 2.7386E-3 2.18633E-3 3.07772E-3 3.79509E-3 2.70152E-3 1.73722E-3 9.92442E-4 1.53761E-3 2.30796E-3 3.42776E-3 3.20687E-3 2.76727E-3 1.83658E-3 2.52738E-3 2.61461E-3 2.86794E-3 2.50444E-3 1.82057E-3 1.67561E-3 1.78655E-3 1.59245E-3 1.52047E-3 1.07151E-3 1.46266E-3 1.8587E-3 1.74957E-3 1.6252E-3 8.7465E-4 1.54056E-3 1.41668E-3 7.1894E-4 4.35712E-4 5.76164E-4 2.95427E-4 5.20167E-4 3.87611E-4 2.72733E-4 3.24407E-4 4.6777E-4 1.86356E-4 4.31563E-5 5.94476E-5 4.41803E-5 3.6684E-5 4.64073E-5 3.0577E-4 3.09283E-4 3.79951E-4 3.80031E-4
4.57034E-3 3.63713E-3 2.8504E-3 9.33472E-4 1.87402E-3 1.10867E-3 2.19565E-3 2.00581E-3 1.6812E-3 2.63939E-3 2.25311E-3 2.21778E-3 2.76038E-3 2.67751E-3 3.69416E-3 4.51072E-3 2.84119E-3 3.18192E-3 2.58214E-3 1.73522E-3 1.84892E-3 1.20677E-3 3.01231E-3 2.54036E-3 2.34297E-3 2.28761E-3 3.13871E-3 2.94946E-3 2.10471E-3 1.39154E-3 1.65791E-3 1.35157E-3 1.67634E-3 1.18145E-3 1.28506E-3 1.53849E-3 1.2455E-3 1.65065E-3 1.54069E-3 1.1598E-3 1.44431E-3 1.40048E-3 8.56216E-4 3.12792E-4 9.69047E-4 4.12919E-4 5.43343E-4 4.87026E-4 4.79096E-4 7.15506E-4 2.83421E-4 1.97442E-4 2.13214E-4 1.45464E-4 5.81182E-5 8.12672E-5 3.18996E-5 9.55199E-5 4.06648E-4 6.31371E-4 5.99069E-4
2.06861E-3 2.1425E-3 2.13248E-3 1.25058E-3 1.87642E-3 2.04183E-3 2.38694E-3 2.14114E-3 2.41943E-3 3.3907E-3 1.86222E-3 2.29834E-3 1.81194E-3 3.68843E-3 3.93225E-3 3.78664E-3 3.3316E-3 3.48993E-3 2.98797E-3 2.59542E-3 2.31121E-3 2.65056E-3 1.58845E-3 1.45697E-3 1.37366E-3 1.97574E-3 3.02904E-3 2.4541E-3 1.35461E-3 1.46834E-3 1.27786E-3 1.94359E-3 1.48025E-3 1.37567E-3 9.18259E-4 1.27529E-3 1.85456E-3 1.61207E-3 1.23302E-3 1.32404E-3 1.21166E-3 1.33511E-3 1.19303E-3 7.83131E-4 8.8599E-4 5.18375E-4 5.64682E-4 1.2588E-3 1.07581E-3 4.92506E-4 3.19126E-4 4.36691E-4 3.84743E-4 2.08972E-4 8.43056E-5 9.35459E-5 5.92326E-5 3.46045E-5 1.38607E-4 4.89686E-4 3.10242E-4
1.23333E-3 2.00909E-3 1.64223E-3 2.11042E-3 1.65608E-3 2.06945E-3 2.95192E-3 2.99722E-3 4.23081E-3 1.90527E-3 2.1596E-3 1.73324E-3 3.76695E-3 3.54351E-3 2.51932E-3 3.20196E-3 3.97087E-3 3.6364E-3 3.21163E-3 2.94714E-3 3.35135E-3 3.02094E-3 2.36081E-3 1.83316E-3 1.64848E-3 1.61055E-3 2.15002E-3 1.23713E-3 1.46017E-3 1.30553E-3 1.42192E-3 1.39864E-3 1.14429E-3 1.17759E-3 1.30807E-3 1.72574E-3 1.34324E-3 7.07055E-4 9.31993E-4 1.23167E-3 1.29795E-3 1.30902E-3 1.14347E-3 1.22286E-3 1.06105E-3 8.75974E-4 7.30355E-4 6.27388E-4 3.53933E-4 6.38144E-4 6.28523E-4 3.23799E-4 2.41813E-4 1.8894E-4 1.77484E-4 1.02806E-4 1.74266E-4 7.39335E-5 6.93892E-5 8.46485E-5 4.83492E-4
2.01255E-3 1.91255E-3 1.83983E-3 3.85987E-3 4.82744E-3 5.41236E-3 5.23427E-3 4.07187E-3 1.57449E-3 1.51087E-3 1.57527E-3 2.82461E-3 2.78003E-3 3.15483E-3 2.66741E-3 3.66564E-3 3.48852E-3 3.65422E-3 2.80329E-3 2.92205E-3 3.50703E-3 3.01515E-3 2.88224E-3 1.87001E-3 1.63307E-3 1.52017E-3 1.80662E-3 1.57092E-3 1.71075E-3 1.62678E-3 1.30957E-3 1.62799E-3 7.91013E-4 1.23455E-3 1.67481E-3 1.76027E-3 9.91558E-4 8.4256E-4 1.19894E-3 1.42264E-3 1.40714E-3 1.25983E-3 1.04397E-3 1.22732E-3 1.05577E-3 1.10717E-3 9.58693E-4 8.13279E-4 8.21093E-4 7.79318E-4 7.33865E-4 5.6497E-4 3.52975E-4 3.47701E-4 3.75246E-4 1.79354E-4 3.69619E-4 2.60959E-4 3.03056E-4 6.7158E-5 1.39465E-4
1.23813E-3 2.61916E-3 2.25043E-3 3.41963E-3 2.93706E-3 2.97843E-3 2.40591E-3 2.00399E-3 1.05452E-3 1.18539E-3 1.87413E-3 1.69136E-3 3.51463E-3 2.75187E-3 1.8351E-3 2.95887E-3 3.94776E-3 3.06063E-3 2.96382E-3 2.84148E-3 3.42551E-3 3.3733E-3 2.36477E-3 1.70642E-3 1.55049E-3 1.59143E-3 1.86759E-3 1.2785E-3 1.84637E-3 1.10848E-3 1.20272E-3 1.2234E-3 9.54289E-4 1.06346E-3 1.17166E-3 1.65286E-3 6.12365E-4 1.35814E-3 1.13741E-3 8.1999E-4 8.25191E-4 1.11744E-3 1.1006E-3 9.46236E-4 1.13444E-3 9.55808E-4 9.13305E-4 1.03628E-3 1.01608E-3 8.12905E-4 1.36472E-3 1.05184E-3 7.38855E-4 4.84393E-4 3.80818E-4 2.89468E-4 4.06071E-4 4.57427E-4 1.11631E-4 2.51756E-4 7.91445E-5
1.85995E-3 3.25428E-3 3.25357E-3 2.17018E-3 2.61795E-3 2.80645E-3 1.86167E-3 2.0819E-3 1.92699E-3 1.72131E-3 1.89966E-3 2.27791E-3 2.57541E-3 1.69235E-3 2.36487E-3 3.02206E-3 2.30076E-3 2.74718E-3 2.50106E-3 3.14117E-3 3.36942E-3 2.76984E-3 2.14368E-3 1.50898E-3 1.56589E-3 1.25259E-3 1.85533E-3 1.06172E-3 1.87901E-3 7.56847E-4 7.17283E-4 1.12988E-3 1.17686E-3 1.01657E-3 1.15671E-3 1.28795E-3 8.36054E-4 1.20986E-3 1.21381E-3 1.16095E-3 1.10314E-3 9.7725E-4 8.75992E-4 1.16226E-3 1.16514E-3 1.02213E-3 9.56145E-4 1.05E-3 1.2173E-3 8.43169E-4 1.27822E-3 1.19859E-3 8.76169E-4 6.57913E-4 6.47468E-4 5.90138E-4 6.37842E-4 2.7384E-4 4.30856E-4 1.36021E-4 1.9443E-4
1.30037E-3 1.37511E-3 2.06956E-3 3.36081E-3 2.62532E-3 2.4986E-3 2.82859E-3 2.60953E-3 1.82083E-3 2.0687E-3 1.58215E-3 1.26751E-3 3.15255E-3 2.90909E-3 2.59146E-3 3.16864E-3 4.04396E-3 3.90829E-3 2.56132E-3 2.63239E-3 2.56059E-3 2.85103E-3 2.47871E-3 1.5211E-3 9.76998E-4 1.58179E-3 2.00631E-3 2.36487E-3 2.27494E-3 2.05898E-3 1.69305E-3 1.61377E-3 1.87967E-3 1.38679E-3 1.42173E-3 1.38443E-3 1.28481E-3 1.20548E-3 1.00592E-3 1.20745E-3 1.06938E-3 7.63032E-4 5.47573E-4 1.02811E-3 8.60902E-4 9.13469E-4 9.77294E-4 1.03338E-3 1.07012E-3 9.64423E-4 1.14416E-3 1.14387E-3 1.13913E-3 9.61859E-4 9.12479E-4 1.01123E-3 6.61223E-4 4.89523E-4 3.1938E-4 4.06897E-4 2.56644E-4
1.52482E-3 1.69018E-3 1.04132E-3 8.78247E-4 2.25669E-3 2.79979E-3 2.05649E-3 1.19041E-3 1.27447E-3 1.34506E-3 1.64124E-3 3.51024E-3 3.18237E-3 2.27141E-3 2.8032E-3 2.87202E-3 2.51081E-3 2.0108E-3 2.06191E-3 2.69563E-3 2.76308E-3 2.39315E-3 1.8028E-3 9.72769E-4 8.87594E-4 1.56446E-3 1.40154E-3 1.14708E-3 1.53811E-3 9.00104E-4 1.26566E-3 1.63586E-3 1.05155E-3 7.28342E-4 8.93991E-4 1.08301E-3 1.03277E-3 7.49664E-4 9.88378E-4 1.11516E-3 6.46608E-4 5.89E-4 4.08691E-4 2.36997E-4 3.3382E-4 4.44393E-4 9.31959E-4 1.07127E-3 9.06541E-4 9.31868E-4 1.04522E-3 7.18244E-4 8.88853E-4 8.90414E-4 1.30828E-3 9.70821E-4 5.53692E-4 5.54074E-4 4.03806E-4 4.04102E-4 3.49172E-4
1.96563E-3 1.75035E-3 1.97467E-3 1.0571E-3 1.98142E-3 1.84505E-3 1.66958E-3 1.53442E-3 1.7365E-3 2.15358E-3 2.92185E-3 3.31588E-3 2.69544E-3 2.49577E-3 2.24204E-3 2.60542E-3 2.33705E-3 1.67177E-3 1.97512E-3 1.93306E-3 3.09089E-3 2.09786E-3 1.525E-3 9.26673E-4 1.33519E-3 1.22483E-3 2.45962E-3 1.99771E-3 1.82828E-3 1.4903E-3 1.08116E-3 8.96618E-4 1.45641E-3 1.23945E-3 9.30895E-4 4.10112E-4 4.43621E-4 7.56853E-4 8.03888E-4 8.6277E-4 4.90526E-4 6.46899E-4 6.70409E-4 2.4467E-4 2.45028E-4 2.88438E-4 8.56821E-4 8.46999E-4 6.95226E-4 3.85749E-4 3.67408E-4 5.50059E-4 5.87505E-4 7.7216E-4 1.31005E-3 6.63001E-4 6.41431E-4 9.02127E-4 4.28521E-4 1.0436E-3 5.41114E-4
2.04017E-3 2.27105E-3 2.24486E-3 1.23825E-3 1.80493E-3 3.82306E-3 2.67432E-3 4.42529E-3 3.429E-3 4.26829E-3 3.91346E-3 2.05708E-3 2.56567E-3 2.45724E-3 2.12526E-3 2.26764E-3 2.08947E-3 2.07386E-3 1.502E-3 2.72402E-3 2.58514E-3 1.94817E-3 1.46854E-3 7.78708E-4 1.54385E-3 1.42138E-3 2.31047E-3 2.03967E-3 1.65688E-3 1.21926E-3 1.26581E-3 1.42852E-3 1.24766E-3 1.12913E-3 1.17832E-3 9.15484E-4 1.02225E-3 7.63188E-4 4.55236E-4 3.13529E-4 2.99617E-4 2.26212E-4 4.17584E-4 6.23783E-4 2.72447E-4 3.54207E-4 3.79869E-4 5.67096E-4 5.06425E-4 5.7313E-4 4.68134E-4 5.98797E-4 9.58336E-4 1.34019E-3 1.20407E-3 1.2652E-3 1.12006E-3 1.35642E-3 8.84387E-4 7.68711E-4 7.40089E-4
3.32895E-3 4.28403E-3 6.44525E-3 1.69764E-3 3.87696E-3 2.871E-3 3.06667E-3 4.12104E-3 1.77232E-3 2.3782E-3 1.85411E-3 1.37086E-3 2.90282E-3 2.21368E-3 1.77294E-3 2.20021E-3 1.50108E-3 2.43878E-3 2.56547E-3 2.33305E-3 1.88906E-3 1.8702E-3 1.67363E-3 1.13056E-3 1.78454E-3 1.41917E-3 2.06297E-3 1.51196E-3 1.73702E-3 1.17162E-3 1.29904E-3 1.01676E-3 1.21915E-3 7.80791E-4 9.796E-4 1.34141E-3 1.20246E-3 1.16118E-3 9.59469E-4 5.06138E-4 3.29526E-4 4.58226E-4 1.93925E-4 2.87891E-4 3.6157E-4 1.20279E-4 3.03745E-4 3.2419E-4 4.23209E-4 5.22286E-4 8.83061E-4 6.75143E-4 2.26723E-4 1.25416E-3 1.38685E-3 7.75906E-4 1.26946E-3 1.45294E-3 8.68038E-4 1.30352E-3 1.09242E-3
1.38807E-3 1.16384E-3 5.80789E-3 5.90474E-3 4.21463E-3 4.17659E-3 4.55579E-3 4.30422E-3 2.72809E-3 1.60788E-3 1.8068E-3 2.04995E-3 2.5003E-3 1.58668E-3 1.32794E-3 1.46426E-3 2.24243E-3 2.393E-3 1.71545E-3 1.5473E-3 1.95527E-3 2.39751E-3 1.46015E-3 1.7496E-3 1.30969E-3 1.82977E-3 2.07633E-3 1.73863E-3 1.59293E-3 9.6224E-4 9.09838E-4 7.98439E-4 8.22435E-4 7.06205E-4 1.00007E-3 1.22294E-3 6.76231E-4 6.59119E-4 5.7814E-4 2.3661E-4 4.03899E-4 5.97161E-4 5.15658E-4 5.753E-4 7.00666E-4 1.61284E-4 2.17688E-4 1.39273E-4 1.21684E-4 1.47332E-4 2.18351E-4 8.43884E-4 1.1592E-3 1.07889E-3 7.22087E-4 1.05704E-3 1.46711E-3 1.29666E-3 1.54857E-3 1.20389E-3 1.2406E-3
4.99276E-3 6.36256E-3 5.16632E-3 1.05042E-2 1.05991E-2 3.85886E-3 2.79231E-3 1.41548E-3 1.4848E-3 1.29741E-3 1.25839E-3 1.48852E-3 1.32765E-3 1.37825E-3 1.72943E-3 2.79144E-3 2.64269E-3 1.57226E-3 1.75376E-3 1.36599E-3 1.99833E-3 1.99311E-3 1.3328E-3 1.29442E-3 2.08745E-3 1.68424E-3 1.85226E-3 1.37841E-3 1.15329E-3 8.58381E-4 7.14781E-4 9.41769E-4 9.34351E-4 7.69427E-4 6.94585E-4 8.2094E-4 9.30195E-4 5.28056E-4 4.18943E-4 5.25747E-4 3.10479E-4 2.14754E-4 7.12647E-5 5.94096E-5 3.89498E-4 2.21454E-4 9.88397E-5 6.46126E-5 2.19247E-4 5.29567E-4 7.70052E-4 4.46395E-4 1.23074E-3 4.33256E-4 3.05512E-4 1.02532E-3 1.1366E-3 1.28362E-3 1.53007E-3 1.66985E-3 1.67091E-3
5.21396E-3 5.74733E-3 9.158E-3 1.38291E-3 1.41735E-3 2.92558E-3 1.6245E-3 9.28304E-4 8.09475E-4 1.24641E-3 1.26218E-3 1.2842E-3 2.7702E-3 3.17341E-3 2.90048E-3 2.67782E-3 1.61127E-3 1.18764E-3 1.37906E-3 1.64977E-3 1.5661E-3 2.26455E-3 1.93181E-3 1.27796E-3 2.0023E-3 2.18184E-3 2.19044E-3 1.88096E-3 1.66889E-3 7.83654E-4 8.23611E-4 9.93739E-4 8.99305E-4 4.20272E-4 5.09644E-4 4.87699E-4 4.93526E-4 7.19359E-4 4.85672E-4 5.67898E-4 3.90568E-4 2.81039E-4 8.41097E-4 5.74673E-4 9.332E-4 7.34212E-4 2.53151E-4 5.9389E-5 7.19809E-5 5.33642E-4 6.08535E-4 7.45227E-4 1.06368E-3 1.35403E-3 3.9744E-4 4.65923E-4 1.05066E-3 1.57786E-3 1.22737E-3 1.45042E-3 1.85204E-3
1.34885E-2 9.80547E-3 6.10498E-3 8.84407E-3 7.56246E-4 6.12158E-4 5.74928E-4 5.8586E-4 4.63471E-3 7.97802E-4 3.37908E-3 5.66763E-3 1.82426E-3 2.05312E-3 1.1895E-3 1.38553E-3 1.47127E-3 1.00866E-3 1.73828E-3 1.30215E-3 2.19956E-3 1.57784E-3 2.59692E-3 2.41938E-3 2.24142E-3 2.04898E-3 1.20747E-3 1.11037E-3 7.59925E-4 6.52509E-4 1.36132E-3 6.55154E-4 4.47375E-4 2.23987E-4 5.95915E-4 3.47246E-4 2.72593E-4 3.33801E-4 4.16109E-4 2.46408E-4 3.72149E-4 4.68939E-4 1.41903E-4 9.1672E-5 5.7272E-4 2.05272E-4 2.5033E-5 4.91693E-4 8.44911E-4 5.20006E-4 4.27597E-4 2.57727E-4 9.40954E-4 1.33518E-3 1.48641E-3 1.08299E-3 1.45166E-3 1.09065E-3 1.29376E-3 8.19402E-4 5.76269E-4
8.73823E-3 7.82847E-3 6.71129E-3 6.1708E-3 8.54015E-3 7.61275E-3 5.95618E-3 5.66048E-3 4.30792E-3 7.6973E-4 3.54956E-3 1.04127E-2 1.75893E-3 1.94984E-3 1.27072E-3 1.38964E-3 1.45593E-3 2.51479E-3 1.84909E-3 1.87387E-3 2.48596E-3 2.46056E-3 2.00049E-3 1.57372E-3 1.26409E-3 1.26524E-3 1.31457E-3 1.18432E-3 6.83921E-4 1.42836E-3 6.95797E-4 6.84646E-4 1.22802E-3 9.12962E-4 9.04513E-4 5.12283E-4 5.1615E-4 2.06832E-4 7.81111E-4 5.16102E-4 2.119E-4 2.83906E-4 3.19125E-4 4.3717E-4 8.79563E-4 1.02868E-3 1.86216E-4 1.13932E-3 5.29113E-4 2.05035E-4 7.85056E-5 2.57935E-4 7.08477E-4 1.13005E-3 6.18553E-4 8.93071E-4 7.14401E-4 9.72515E-4 1.49841E-3 1.6937E-3 1.34694E-3
9.24932E-3 7.44044E-3 7.16537E-3 5.83796E-3 1.1233E-2 9.29519E-3 7.98555E-3 6.30078E-3 4.38636E-3 3.93549E-3 1.25414E-2 1.27139E-2 1.6026E-3 1.79586E-3 3.43505E-3 4.59707E-3 3.47799E-3 1.90422E-3 2.0231E-3 2.45674E-3 2.19484E-3 1.52424E-3 9.90071E-4 1.72696E-3 1.38063E-3 1.71257E-3 1.421E-3 1.38328E-3 8.0906E-4 1.36794E-3 9.1219E-4 9.39806E-4 1.07644E-3 1.49271E-3 8.87411E-4 1.24807E-3 3.53687E-4 1.24212E-3 7.65041E-4 4.77679E-4 2.82327E-4 1.34229E-4 5.92743E-5 1.36281E-4 1.03739E-4 1.13409E-3 1.36299E-3 9.83875E-4 3.60556E-4 5.40367E-4 5.79532E-5 2.43521E-4 1.21335E-3 1.61755E-3 1.46939E-3 1.0433E-3 1.38158E-3 1.42319E-3 8.37886E-4 1.11524E-3 1.71163E-3
8.58008E-3 1.02459E-2 7.27708E-3 5.93021E-3 1.56333E-2 1.03525E-2 9.19388E-3 9.15865E-3 5.2009E-3 5.43359E-3 9.53866E-3 9.68702E-3 1.16126E-3 1.20268E-3 5.34866E-3 6.63426E-3 2.89483E-3 8.70822E-3 1.47695E-3 1.89476E-3 1.53165E-3 9.3717E-4 1.63978E-3 1.58955E-3 1.24601E-3 1.23888E-3 1.42134E-3 1.34714E-3 1.1643E-3 1.24978E-3 8.61918E-4 5.95217E-4 1.03053E-3 1.06785E-3 1.47199E-3 1.56447E-3 1.311E-3 1.41359E-3 1.71452E-3 1.17822E-3 3.04644E-4 4.28221E-5 5.05449E-5 1.31711E-4 2.67749E-5 3.22339E-4 1.4819E-3 1.37477E-3 3.71632E-4 8.90144E-5 8.48959E-5 1.36483E-3 1.15554E-3 1.26544E-3 1.40383E-3 1.14566E-3 1.48366E-3 1.26568E-3 1.58503E-3 1.5199E-3 1.06679E-3
2.96111E-2 7.77638E-3 7.2878E-3 6.6204E-3 5.74447E-3 5.62082E-3 5.86147E-3 7.69726E-3 4.34506E-3 7.27372E-3 1.23349E-2 7.54417E-4 3.94303E-4 4.15172E-4 7.83522E-4 6.07232E-3 2.79278E-3 4.1624E-3 6.53373E-4 1.09064E-3 1.22373E-3 9.58939E-4 1.40584E-3 1.48854E-3 9.4E-4 1.25169E-3 1.47759E-3 1.30738E-3 1.05162E-3 1.26863E-3 1.155E-3 1.05645E-3 7.55187E-4 1.09404E-3 9.21153E-4 1.44673E-3 1.3693E-3 1.10451E-3 6.1984E-4 2.85483E-4 6.64924E-5 2.97226E-4 1.59135E-4 6.95624E-4 2.95465E-4 1.46061E-3 1.14096E-3 1.75543E-3 9.29047E-4 5.55475E-5 6.36333E-4 1.34745E-3 1.54427E-3 1.23192E-3 1.44866E-3 1.54125E-3 1.30614E-3 9.41426E-4 1.18227E-3 1.24526E-3 1.36141E-3
2.63262E-2 2.40272E-2 2.61533E-2 2.78785E-2 1.85472E-2 2.4019E-2 3.33985E-2 6.84315E-3 1.82848E-2 7.26099E-3 7.41684E-3 5.61633E-3 5.15974E-3 6.94557E-3 3.9488E-4 7.36281E-4 5.76388E-3 2.94809E-3 4.34767E-3 8.07768E-4 5.02497E-3 9.78431E-4 1.82315E-3 1.0534E-3 1.07477E-3 1.71454E-3 9.72806E-4 1.30159E-3 1.69635E-3 1.38011E-3 1.21727E-3 1.00019E-3 1.10342E-3 8.16041E-4 1.22476E-3 1.29763E-3 1.5522E-3 1.58252E-3 7.31602E-4 8.83106E-4 2.45524E-4 7.95571E-4 7.4596E-4 7.83194E-4 1.37831E-3 1.29074E-3 1.4101E-3 1.31695E-3 7.45178E-4 2.15414E-4 1.6259E-3 1.7081E-3 1.18828E-3 8.53889E-4 8.09924E-4 1.25739E-3 9.42886E-4 1.04951E-3 1.28832E-3 1.64894E-3 1.27259E-3
2.83383E-2 2.05198E-2 1.9618E-2 2.17652E-2 2.67202E-2 5.78197E-2 6.13452E-2 1.34848E-2 1.13213E-2 1.3053E-2 1.2226E-2 1.17115E-2 1.03834E-2 8.83951E-3 6.1309E-3 1.25827E-2 5.6167E-3 3.83296E-3 2.87471E-3 4.0396E-3 6.77416E-3 1.53634E-3 1.56327E-3 3.44918E-3 3.99952E-3 1.3248E-3 1.38219E-3 1.75779E-3 1.48239E-3 1.21937E-3 1.22011E-3 1.23057E-3 1.19477E-3 1.36384E-3 1.20034E-3 1.23635E-3 1.58515E-3 1.2036E-3 7.45414E-4 1.32888E-3 8.51119E-4 3.65672E-4 1.12998E-3 1.5656E-3 1.2765E-3 1.96627E-3 9.45203E-4 1.31181E-3 1.16897E-3 1.14453E-3 1.45142E-3 1.42555E-3 8.37417E-4 4.73344E-4 7.28789E-4 6.71112E-4 1.05749E-3 1.00651E-3 1.16609E-3 1.24642E-3 1.2677E-3
3.37945E-2 2.93913E-2 3.0596E-2 3.43868E-2 4.63428E-2 5.23959E-2 5.28885E-2 4.67285E-2 4.52388E-3 4.89091E-3 4.73848E-3 7.07023E-3 7.08559E-3 9.0887E-3 9.69176E-3 9.10823E-4 9.42701E-3 7.70585E-3 5.58294E-3 2.4795E-3 5.82627E-3 1.19627E-3 5.53176E-3 4.58543E-3 1.8676E-3 3.21686E-3 1.89906E-3 1.3894E-3 1.43488E-3 1.04495E-3 1.05355E-3 1.25015E-3 9.83895E-4 1.04746E-3 9.21936E-4 1.42812E-3 1.54155E-3 1.31668E-3 1.18191E-3 1.30962E-3 1.62409E-3 1.53962E-3 1.67177E-3 1.51081E-3 1.5954E-3 1.40257E-3 8.28527E-4 6.00588E-4 8.35167E-4 9.15684E-4 1.45253E-3 1.54868E-3 1.47345E-3 1.39488E-3 9.4755E-4 1.3074E-3 1.44097E-3 9.48819E-4 1.22663E-3 1.48008E-3 1.10807E-3
