Artocarpus hirsutus SDM files/MIS19/results (with bias file)/Arthir_8.asc
ncols         625
nrows         721
xllcorner     69.99986311115
yllcorner     5.99986187915
cellsize      0.041666667
NODATA_value  -9999
[rows 378 to 404 of 721, columns 305 to 365 of 625]
2.37397E-3 2.55396E-3 2.87968E-3 2.38719E-3 3.34679E-3 3.21504E-3 2.84774E-3 2.99789E-3 3.80729E-3 3.16857E-3 3.48097E-3 4.20988E-3 3.59558E-3 3.32151E-3 5.25615E-3 3.7321E-3 3.3487E-3 3.26876E-3 3.8099E-3 5.66747E-3 4.23377E-3 5.41718E-3 7.32439E-3 7.52351E-3 6.6595E-3 5.89818E-3 4.43215E-3 3.51619E-3 3.72502E-3 4.24378E-3 6.18126E-3 8.74508E-3 8.75214E-3 7.60801E-3 8.28521E-3 8.0956E-3 5.37276E-3 5.69491E-3 4.82062E-3 8.60151E-3 1.4614E-2 6.40026E-3 4.79658E-3 7.98458E-3 1.09077E-2 1.58379E-2 3.26254E-2 6.67348E-3 1.50389E-2 8.59352E-3 8.72849E-3 1.07716E-2 1.90414E-2 1.07047E-2 8.19143E-3 1.34413E-2 2.86213E-2 2.28169E-2 1.29392E-2 9.25642E-3 1.15867E-2
2.66951E-3 2.54889E-3 3.73094E-3 2.39033E-3 2.49226E-3 3.24181E-3 3.40803E-3 3.15794E-3 3.32761E-3 2.94888E-3 3.07625E-3 3.74794E-3 3.12393E-3 4.02985E-3 5.64732E-3 3.88418E-3 3.41405E-3 3.12055E-3 3.62762E-3 4.25646E-3 5.28862E-3 4.10303E-3 7.06415E-3 7.39394E-3 9.31424E-3 7.61249E-3 4.63814E-3 4.15298E-3 3.9218E-3 3.60439E-3 5.14423E-3 6.8248E-3 1.03712E-2 9.0029E-3 8.1169E-3 9.83474E-3 6.39876E-3 1.04142E-2 1.13029E-2 6.25678E-3 1.58773E-2 7.81338E-3 8.48412E-3 9.45699E-3 5.97736E-3 8.19705E-3 2.99889E-2 1.13183E-2 1.06991E-2 1.36395E-2 1.70554E-2 1.53033E-2 1.29081E-2 1.52256E-2 1.24143E-2 1.72648E-2 1.64329E-2 2.73998E-2 1.63212E-2 1.11483E-2 1.72687E-2
3.59677E-3 2.97086E-3 4.08939E-3 2.36896E-3 2.71038E-3 2.77051E-3 2.92849E-3 3.11857E-3 3.59525E-3 3.41206E-3 3.12108E-3 3.17134E-3 3.54045E-3 4.49975E-3 5.2829E-3 4.08851E-3 3.37594E-3 3.22686E-3 3.56687E-3 3.83009E-3 4.63136E-3 3.83307E-3 6.74966E-3 7.33664E-3 7.15503E-3 6.17291E-3 6.00532E-3 6.42381E-3 4.1079E-3 3.37614E-3 5.94155E-3 4.98515E-3 8.30394E-3 1.27157E-2 1.3354E-2 6.00475E-3 6.34135E-3 7.26601E-3 9.86063E-3 8.16977E-3 2.287E-2 1.17839E-2 1.55612E-2 1.01953E-2 1.08886E-2 1.13958E-2 2.73309E-2 3.55377E-2 1.06286E-2 8.49716E-3 1.3053E-2 1.60415E-2 2.8869E-2 8.37918E-3 8.65945E-3 1.53211E-2 9.72682E-3 1.17384E-2 1.81766E-2 1.20117E-2 1.34404E-2
4.26107E-3 5.16646E-3 3.90782E-3 2.8534E-3 3.14708E-3 3.03404E-3 2.66028E-3 2.87082E-3 2.65669E-3 2.94787E-3 3.67411E-3 3.05641E-3 3.31516E-3 3.85992E-3 4.06301E-3 3.48925E-3 3.36444E-3 3.25334E-3 3.67246E-3 6.12636E-3 4.12147E-3 2.67663E-3 4.16851E-3 5.48824E-3 3.44857E-3 6.447E-3 6.90727E-3 6.88417E-3 7.6581E-3 2.96105E-3 6.50341E-3 4.97467E-3 4.79992E-3 6.66568E-3 1.05214E-2 1.43548E-2 9.63059E-3 1.04892E-2 1.29201E-2 5.49304E-3 1.69093E-2 1.11382E-2 1.18418E-2 5.7102E-3 1.49753E-2 7.83222E-3 2.97237E-2 1.62941E-2 8.40126E-3 9.25939E-3 2.67832E-2 9.24772E-3 9.95476E-3 1.11203E-2 9.43536E-3 8.40865E-3 9.55784E-3 1.56371E-2 1.0049E-2 1.30082E-2 2.32326E-2
2.19546E-3 2.59921E-3 2.47077E-3 2.39256E-3 2.59958E-3 4.89844E-3 4.719E-3 2.86421E-3 2.43283E-3 4.46125E-3 3.4116E-3 3.09325E-3 3.32683E-3 3.37991E-3 3.96144E-3 3.18527E-3 3.36357E-3 3.39433E-3 3.19032E-3 5.20498E-3 4.04257E-3 4.05597E-3 3.53852E-3 4.73388E-3 5.68632E-3 3.92589E-3 7.25342E-3 9.04289E-3 7.8028E-3 4.47942E-3 3.08337E-3 8.10762E-3 1.04155E-2 5.1613E-3 7.0706E-3 6.58627E-3 7.79676E-3 1.00044E-2 2.14255E-2 7.60952E-3 1.90106E-2 8.50585E-3 1.5336E-2 8.96929E-3 6.50598E-3 9.39333E-3 3.36633E-2 1.31215E-2 1.99235E-2 1.4255E-2 2.77261E-2 2.61108E-2 1.46229E-2 1.05101E-2 3.68649E-2 4.05708E-2 1.34673E-2 1.35195E-2 1.0933E-2 1.63127E-2 4.35131E-2
2.74228E-3 2.67726E-3 2.62311E-3 2.42558E-3 3.70045E-3 3.91E-3 2.74657E-3 2.22035E-3 2.45723E-3 2.80002E-3 3.55865E-3 3.3862E-3 3.13312E-3 3.903E-3 5.81581E-3 3.33958E-3 3.23986E-3 3.40711E-3 5.32157E-3 5.44342E-3 3.87486E-3 4.17773E-3 4.99108E-3 3.18887E-3 4.06148E-3 3.87798E-3 4.89909E-3 8.57509E-3 1.28047E-2 6.93309E-3 3.44821E-3 7.54183E-3 1.32542E-2 1.44732E-2 1.21633E-2 4.56643E-3 6.28823E-3 1.34475E-2 2.25999E-2 1.45795E-2 1.44563E-2 8.84325E-3 6.09669E-3 1.55504E-2 2.24775E-2 1.0537E-2 1.64467E-2 1.39244E-2 1.73535E-2 2.31902E-2 1.73501E-2 1.79573E-2 1.51526E-2 1.40584E-2 1.89944E-2 2.00975E-2 1.97816E-2 1.2651E-2 1.22554E-2 1.13701E-2 1.47547E-2
3.483E-3 2.71592E-3 2.60933E-3 2.3538E-3 5.06016E-3 5.2754E-3 4.21785E-3 2.39782E-3 5.11191E-3 2.81645E-3 3.30795E-3 2.98704E-3 3.33447E-3 4.05467E-3 4.6718E-3 3.90532E-3 4.8365E-3 3.84433E-3 4.38639E-3 6.32994E-3 4.71491E-3 8.26138E-3 4.3355E-3 2.165E-3 3.0332E-3 6.08337E-3 5.80865E-3 5.77996E-3 1.12409E-2 1.14363E-2 4.12484E-3 4.03969E-3 6.79833E-3 1.61512E-2 2.19114E-2 9.85269E-3 8.55568E-3 1.3398E-2 2.32949E-2 2.04085E-2 1.47228E-2 1.46766E-2 6.89445E-3 1.23062E-2 1.70254E-2 1.58081E-2 1.15548E-2 1.52597E-2 2.13385E-2 3.31763E-2 1.65161E-2 1.47408E-2 1.89869E-2 1.07247E-2 1.24482E-2 9.23555E-3 1.24026E-2 9.00858E-3 8.61417E-3 1.14904E-2 2.50337E-2
4.12779E-3 3.08721E-3 2.7684E-3 2.64692E-3 4.97077E-3 2.82072E-3 3.76885E-3 3.24564E-3 7.99691E-3 2.91462E-3 3.17461E-3 4.1773E-3 3.38571E-3 3.88733E-3 3.06899E-3 3.85132E-3 3.06424E-3 6.07806E-3 3.50333E-3 5.54016E-3 6.09514E-3 9.63127E-3 6.47458E-3 2.82616E-3 3.5791E-3 4.84423E-3 7.96482E-3 5.36671E-3 1.00332E-2 1.55643E-2 5.37888E-3 3.85562E-3 4.26011E-3 7.26702E-3 7.97313E-3 1.94656E-2 8.94157E-3 1.03478E-2 2.44624E-2 1.13417E-2 9.40239E-3 7.87116E-3 8.2085E-3 1.37295E-2 1.53806E-2 2.83346E-2 1.80796E-2 1.71282E-2 2.17757E-2 2.27776E-2 1.50589E-2 1.69008E-2 1.97946E-2 2.7244E-2 2.75395E-2 1.11023E-2 2.21767E-2 1.38027E-2 1.84671E-2 2.47631E-2 1.39954E-2
2.73471E-3 2.58805E-3 2.64856E-3 2.46145E-3 2.6074E-3 2.55152E-3 3.15569E-3 2.66001E-3 5.25247E-3 3.38221E-3 3.38053E-3 3.79661E-3 4.83737E-3 6.76443E-3 3.76615E-3 6.28222E-3 2.48463E-3 7.34473E-3 2.56118E-3 5.2942E-3 5.76648E-3 7.59148E-3 1.11288E-2 4.80277E-3 2.53762E-3 3.5589E-3 7.24744E-3 6.25678E-3 7.99928E-3 1.30764E-2 1.22115E-2 7.74422E-3 7.32509E-3 8.66865E-3 1.46586E-2 9.98226E-3 1.22646E-2 6.71742E-3 1.40517E-2 3.21553E-2 1.47993E-2 1.70851E-2 7.4438E-3 8.76226E-3 1.09093E-2 1.55257E-2 1.66945E-2 2.74346E-2 1.8768E-2 1.69698E-2 1.71393E-2 1.97963E-2 1.46958E-2 1.99001E-2 1.78196E-2 1.2624E-2 3.03232E-2 3.20423E-2 1.77188E-2 1.30207E-2 3.48757E-2
2.56934E-3 2.46014E-3 2.75675E-3 2.70437E-3 2.68678E-3 2.69707E-3 4.21517E-3 3.03551E-3 3.63166E-3 5.51879E-3 3.01195E-3 4.27553E-3 4.82617E-3 6.50882E-3 6.02359E-3 8.29578E-3 2.47397E-3 3.75613E-3 5.74809E-3 8.16268E-3 7.25406E-3 7.79601E-3 8.87494E-3 1.06508E-2 2.27668E-3 4.97039E-3 5.08457E-3 4.79747E-3 8.5338E-3 9.31992E-3 1.31959E-2 1.73021E-2 8.6212E-3 9.83009E-3 1.94019E-2 1.6828E-2 7.5709E-3 1.01199E-2 6.85154E-3 1.47594E-2 1.81591E-2 3.43436E-2 1.90302E-2 1.3933E-2 1.17015E-2 1.24481E-2 1.69461E-2 1.66716E-2 1.72462E-2 2.59468E-2 3.60435E-2 3.06396E-2 1.22542E-2 1.72199E-2 3.60201E-2 2.9212E-2 2.20044E-2 1.31208E-2 2.37916E-2 3.52592E-2 2.03887E-2
2.87325E-3 2.99172E-3 3.00418E-3 2.85324E-3 2.55213E-3 2.76688E-3 3.09369E-3 5.36426E-3 5.14115E-3 3.06507E-3 3.35625E-3 3.85381E-3 9.14925E-3 6.44142E-3 4.458E-3 7.35397E-3 5.52025E-3 2.19279E-3 3.42359E-3 5.1084E-3 6.53012E-3 8.80158E-3 9.67901E-3 1.142E-2 1.98796E-3 5.12698E-3 9.9145E-3 9.71821E-3 7.08661E-3 1.14042E-2 1.68707E-2 2.13129E-2 1.3104E-2 8.01634E-3 1.20387E-2 2.05503E-2 1.26347E-2 6.95756E-3 7.7443E-3 1.11872E-2 1.79085E-2 3.62785E-2 4.384E-2 2.39572E-2 1.84807E-2 1.25417E-2 1.96566E-2 2.30114E-2 2.46224E-2 2.2315E-2 2.22565E-2 1.4281E-2 1.58374E-2 2.31698E-2 4.43356E-2 1.95515E-2 1.40102E-2 2.38017E-2 1.38182E-2 1.12432E-2 1.11222E-2
2.87438E-3 3.32036E-3 2.7033E-3 3.35503E-3 2.92339E-3 3.43824E-3 3.47574E-3 3.23794E-3 4.03234E-3 4.35605E-3 2.87995E-3 2.79276E-3 8.80702E-3 1.16235E-2 5.05386E-3 3.56591E-3 5.81914E-3 1.94517E-3 3.65066E-3 5.28511E-3 4.54451E-3 7.74485E-3 7.456E-3 8.40903E-3 3.05784E-3 8.37937E-3 9.59931E-3 1.40365E-2 1.27867E-2 8.4351E-3 1.36416E-2 9.46599E-3 1.69318E-2 9.70235E-3 1.26978E-2 1.21748E-2 1.47529E-2 5.83016E-3 6.99651E-3 5.91449E-3 9.75685E-3 2.79765E-2 2.94318E-2 1.58053E-2 1.40044E-2 1.1955E-2 1.56129E-2 3.17345E-2 2.2043E-2 1.89327E-2 2.39153E-2 3.14345E-2 3.12466E-2 2.68078E-2 1.34764E-2 1.53527E-2 8.64145E-3 1.94408E-2 6.30296E-3 9.47632E-3 2.04853E-2
2.89176E-3 3.04744E-3 2.70053E-3 2.97407E-3 2.52487E-3 3.41339E-3 3.87541E-3 3.37555E-3 4.80718E-3 4.15366E-3 5.73173E-3 2.28534E-3 3.81985E-3 9.58367E-3 4.80135E-3 5.17088E-3 4.39198E-3 2.33605E-3 2.38082E-3 3.60835E-3 4.60111E-3 6.84268E-3 5.03165E-3 5.62334E-3 3.5228E-3 8.80738E-3 9.82799E-3 1.04674E-2 9.2534E-3 1.18469E-2 1.00252E-2 5.10122E-3 8.19642E-3 1.74528E-2 4.9473E-3 6.30149E-3 7.52034E-3 1.62794E-2 1.0885E-2 8.02363E-3 9.98656E-3 1.18589E-2 1.78119E-2 2.35686E-2 1.71155E-2 1.80617E-2 1.0618E-2 2.21878E-2 1.95789E-2 2.21537E-2 1.47475E-2 1.6855E-2 1.75056E-2 1.03658E-2 1.56052E-2 2.02224E-2 1.03316E-2 1.47E-2 5.80209E-3 5.8855E-3 7.55724E-3
2.76937E-3 3.06879E-3 3.00843E-3 2.89432E-3 2.83576E-3 4.31695E-3 6.41272E-3 6.34221E-3 4.21387E-3 4.10031E-3 9.90984E-3 3.23155E-3 4.24916E-3 8.05231E-3 6.15617E-3 5.10974E-3 2.70908E-3 4.83139E-3 2.68762E-3 4.1625E-3 4.17322E-3 8.43711E-3 5.29744E-3 3.0119E-3 4.09976E-3 6.83235E-3 9.20227E-3 1.02889E-2 1.10021E-2 7.30198E-3 7.12991E-3 1.54988E-2 1.59542E-2 2.13716E-2 1.00449E-2 8.23008E-3 1.52444E-2 8.35307E-3 1.36732E-2 1.39096E-2 8.80677E-3 1.15712E-2 2.55504E-2 1.41511E-2 3.47247E-2 3.42795E-2 1.71598E-2 1.62144E-2 2.3514E-2 2.81064E-2 1.47916E-2 1.57057E-2 4.52852E-2 3.36557E-2 2.95901E-2 9.77946E-3 1.55894E-2 2.05591E-2 1.46805E-2 3.74764E-3 5.66209E-3
2.88029E-3 3.13963E-3 2.90427E-3 3.21851E-3 3.10991E-3 3.74162E-3 7.02443E-3 5.5849E-3 6.13819E-3 3.76831E-3 7.46378E-3 7.73308E-3 4.68892E-3 4.27563E-3 7.34638E-3 4.62738E-3 7.46825E-3 4.69193E-3 2.87133E-3 2.57306E-3 3.02901E-3 5.48521E-3 5.97668E-3 3.70821E-3 2.66094E-3 5.60337E-3 9.32124E-3 1.6189E-2 1.01343E-2 6.36376E-3 1.38805E-2 1.37499E-2 1.0158E-2 1.98457E-2 2.90748E-2 1.21679E-2 1.18541E-2 9.35601E-3 6.00603E-3 8.54648E-3 7.84641E-3 9.35504E-3 2.41898E-2 9.93745E-3 1.24681E-2 2.13507E-2 1.8015E-2 1.53237E-2 2.84755E-2 1.83318E-2 1.4643E-2 2.47681E-2 2.0521E-2 3.41535E-2 1.08945E-2 1.24784E-2 1.4557E-2 5.22987E-3 1.5122E-2 6.2727E-3 4.89883E-3
3.34914E-3 3.65974E-3 3.18496E-3 2.95611E-3 3.56341E-3 7.86898E-3 1.12919E-2 5.19978E-3 6.81552E-3 5.27393E-3 6.70473E-3 8.33958E-3 3.94968E-3 2.56834E-3 3.93238E-3 7.65665E-3 1.2331E-2 6.34408E-3 2.53906E-3 1.96069E-3 3.48168E-3 3.06012E-3 9.33924E-3 7.82331E-3 2.46384E-3 6.51385E-3 1.11049E-2 1.96112E-2 5.19831E-3 1.26753E-2 2.60567E-2 1.08218E-2 1.20219E-2 9.67637E-3 1.57259E-2 2.0147E-2 2.11048E-2 9.19328E-3 8.46761E-3 1.40883E-2 7.55636E-3 8.32857E-3 2.43871E-2 8.44064E-3 1.71129E-2 1.07759E-2 1.37423E-2 2.31788E-2 1.75504E-2 1.82456E-2 2.00481E-2 1.88327E-2 1.2245E-2 1.14687E-2 9.62197E-3 8.25115E-3 5.03144E-3 3.64134E-3 3.41922E-3 4.0807E-3 4.17181E-3
3.43278E-3 3.53895E-3 3.29478E-3 2.81701E-3 3.11561E-3 6.89321E-3 7.84284E-3 6.68921E-3 7.95711E-3 3.95447E-3 4.72124E-3 8.44251E-3 4.63282E-3 2.45297E-3 3.35925E-3 7.41367E-3 1.10404E-2 6.1185E-3 2.52966E-3 1.91785E-3 2.554E-3 3.31519E-3 2.94685E-3 5.16775E-3 4.27754E-3 5.61558E-3 7.60988E-3 1.00033E-2 5.4313E-3 1.69212E-2 1.67553E-2 6.23335E-3 1.84581E-2 1.7561E-2 1.32787E-2 2.7513E-2 2.31071E-2 1.21779E-2 8.31898E-3 1.59398E-2 1.69264E-2 9.73258E-3 1.05349E-2 1.0835E-2 1.85924E-2 1.33257E-2 1.10476E-2 1.28969E-2 1.50451E-2 1.70802E-2 2.38709E-2 1.39656E-2 1.00679E-2 9.00102E-3 5.95339E-3 7.42522E-3 6.20202E-3 5.18316E-3 2.33815E-3 3.34718E-3 3.76949E-3
3.4741E-3 3.47886E-3 3.60654E-3 3.22119E-3 4.87493E-3 7.14449E-3 5.89571E-3 8.53236E-3 9.71969E-3 4.93803E-3 4.03768E-3 9.4591E-3 3.57028E-3 2.41668E-3 2.5762E-3 6.4017E-3 1.29858E-2 1.06059E-2 2.39284E-3 1.97158E-3 4.12054E-3 6.21645E-3 3.5564E-3 4.7357E-3 2.10777E-3 5.51567E-3 4.6812E-3 7.43319E-3 1.05982E-2 1.15543E-2 1.31857E-2 6.51689E-3 1.74887E-2 1.3172E-2 1.52759E-2 2.12966E-2 1.48333E-2 2.96706E-2 1.93814E-2 1.90658E-2 1.92461E-2 2.68469E-2 6.87041E-3 8.10536E-3 1.35465E-2 1.37141E-2 1.51444E-2 1.53608E-2 9.82239E-3 1.61596E-2 1.76812E-2 2.20369E-2 1.2776E-2 7.66536E-3 6.7536E-3 5.89809E-3 7.0874E-3 4.01336E-3 2.60015E-3 2.94776E-3 3.52128E-3
3.44805E-3 3.49921E-3 3.29882E-3 3.33444E-3 5.79333E-3 7.42111E-3 7.28685E-3 7.71021E-3 1.02779E-2 8.09884E-3 8.18173E-3 3.85542E-3 3.89527E-3 2.43128E-3 2.21705E-3 5.75773E-3 1.22655E-2 8.866E-3 2.54419E-3 2.30425E-3 3.56221E-3 6.29542E-3 6.71019E-3 2.52314E-3 1.83499E-3 7.76241E-3 9.31818E-3 1.05557E-2 1.04688E-2 7.63361E-3 7.17713E-3 1.0953E-2 7.61836E-3 9.51293E-3 8.83905E-3 1.2479E-2 2.02803E-2 3.47476E-2 2.15715E-2 2.93456E-2 1.53862E-2 3.5781E-2 1.4158E-2 2.16822E-2 7.55596E-3 1.04084E-2 2.24538E-2 2.37412E-2 1.06437E-2 1.77357E-2 1.21317E-2 1.01867E-2 8.45221E-3 4.2882E-3 7.59298E-3 7.23759E-3 3.50084E-3 1.40901E-3 1.61117E-3 2.25012E-3 2.91293E-3
3.79308E-3 3.51478E-3 3.31974E-3 4.77748E-3 9.04692E-3 5.95818E-3 5.91505E-3 6.30136E-3 6.77251E-3 6.74947E-3 1.17346E-2 8.19956E-3 4.18554E-3 2.58926E-3 2.09906E-3 4.66986E-3 1.01906E-2 6.61266E-3 3.22604E-3 2.65675E-3 7.51991E-3 3.97067E-3 7.61838E-3 2.86261E-3 1.91408E-3 7.93565E-3 7.10631E-3 1.00243E-2 9.04423E-3 2.09062E-2 5.44714E-3 1.37966E-2 1.09704E-2 1.24574E-2 4.95446E-3 5.7152E-3 1.61739E-2 2.79371E-2 1.73646E-2 4.11977E-2 1.83846E-2 1.3494E-2 3.09824E-2 3.95291E-2 1.20894E-2 1.03396E-2 1.13894E-2 1.2273E-2 1.32347E-2 8.90443E-3 9.59283E-3 8.59164E-3 4.36575E-3 3.25814E-3 3.80433E-3 5.51423E-3 6.51544E-3 2.84586E-3 1.74826E-3 2.41738E-3 2.40132E-3
3.80818E-3 3.27021E-3 3.26345E-3 3.7842E-3 8.26605E-3 5.99108E-3 6.80909E-3 6.76197E-3 7.64973E-3 9.02066E-3 6.40343E-3 7.91716E-3 7.46607E-3 4.48529E-3 1.81183E-3 3.67894E-3 4.48142E-3 6.4015E-3 9.66579E-3 5.16954E-3 8.01282E-3 5.0596E-3 9.89279E-3 7.52031E-3 3.43396E-3 3.1533E-3 5.04901E-3 1.17427E-2 1.28566E-2 1.16386E-2 1.17287E-2 1.43404E-2 3.16869E-2 8.62857E-3 1.4731E-2 1.11264E-2 1.01047E-2 9.2241E-3 1.4055E-2 2.54293E-2 7.17218E-3 4.82114E-3 8.12944E-3 2.30556E-2 1.33656E-2 9.93169E-3 9.71366E-3 1.04533E-2 1.12967E-2 8.01431E-3 7.979E-3 6.18343E-3 3.85709E-3 2.61719E-3 3.26305E-3 4.29311E-3 4.2627E-3 4.64218E-3 2.41892E-3 -9999 -9999
4.65375E-3 3.27773E-3 6.87795E-3 9.50754E-3 6.34504E-3 7.13958E-3 6.24855E-3 7.03542E-3 9.0236E-3 8.80305E-3 5.2909E-3 3.87899E-3 3.11383E-3 3.3664E-3 2.50054E-3 2.69597E-3 5.16626E-3 4.77706E-3 5.50287E-3 6.3153E-3 8.10021E-3 8.47986E-3 3.79845E-3 4.04741E-3 7.58748E-3 2.44247E-3 5.8039E-3 1.18656E-2 1.35263E-2 1.26149E-2 2.01825E-2 2.74285E-2 2.89129E-2 2.56122E-2 3.50207E-2 1.49485E-2 1.03688E-2 1.46776E-2 1.17705E-2 2.34876E-2 9.50457E-3 5.10805E-3 6.61535E-3 1.17723E-2 8.87439E-3 9.70594E-3 8.16932E-3 6.52871E-3 6.89152E-3 2.82696E-3 4.26171E-3 5.91252E-3 4.70247E-3 2.63881E-3 1.77726E-3 1.99813E-3 2.22291E-3 2.0543E-3 -9999 -9999 -9999
4.95717E-3 3.85863E-3 8.76546E-3 8.40499E-3 6.28566E-3 9.33969E-3 1.06505E-2 8.09356E-3 8.56397E-3 7.46617E-3 1.17348E-2 5.82153E-3 3.10035E-3 3.69867E-3 7.59577E-3 2.35859E-3 2.6815E-3 2.53911E-3 4.84557E-3 6.7512E-3 6.54313E-3 5.64937E-3 1.38276E-2 2.52896E-3 3.81922E-3 2.00813E-3 7.09383E-3 1.11597E-2 1.11355E-2 1.70568E-2 1.09196E-2 1.34849E-2 1.57414E-2 1.42351E-2 1.43361E-2 2.1641E-2 9.46027E-3 6.72351E-3 1.95249E-2 7.05064E-3 4.81893E-3 4.73555E-3 5.54011E-3 1.29922E-2 7.65921E-3 9.9164E-3 1.08993E-2 3.69617E-3 1.61397E-3 2.46463E-3 3.72844E-3 4.66815E-3 4.51441E-3 5.33128E-3 2.6067E-3 2.26759E-3 2.0186E-3 -9999 -9999 -9999 -9999
6.90255E-3 6.64391E-3 8.00624E-3 5.26908E-3 6.4071E-3 9.38387E-3 1.21475E-2 6.62607E-3 7.98658E-3 7.04641E-3 1.28556E-2 6.86445E-3 5.8462E-3 5.47439E-3 7.03064E-3 4.3246E-3 1.47717E-3 1.98602E-3 4.41823E-3 6.20036E-3 1.2637E-2 3.7583E-3 1.01905E-2 8.29924E-3 3.88244E-3 2.29075E-3 4.96257E-3 7.36205E-3 9.85321E-3 1.45721E-2 1.7978E-2 1.76538E-2 1.95488E-2 3.44062E-2 3.08117E-2 3.11495E-2 2.54271E-2 1.28483E-2 1.27151E-2 4.97463E-3 8.60328E-3 3.73492E-3 5.07585E-3 1.05634E-2 5.97838E-3 1.16211E-2 1.48906E-2 3.04612E-3 1.14393E-3 1.91513E-3 2.63871E-3 4.08999E-3 2.74489E-3 4.33664E-3 2.15037E-3 2.07928E-3 -9999 -9999 -9999 -9999 -9999
6.95461E-3 8.97406E-3 8.57116E-3 7.08212E-3 8.06287E-3 6.0439E-3 6.88494E-3 6.42768E-3 8.1779E-3 9.38039E-3 1.12951E-2 4.13814E-3 5.66864E-3 6.88528E-3 6.3675E-3 4.58207E-3 2.21838E-3 2.01116E-3 4.26151E-3 8.41844E-3 9.4573E-3 2.88679E-3 4.10785E-3 1.13896E-2 3.40896E-3 3.06382E-3 6.72719E-3 9.61577E-3 1.43155E-2 1.44349E-2 1.38963E-2 3.32341E-2 2.26877E-2 7.29006E-3 2.28324E-2 1.19013E-2 1.33647E-2 1.84253E-2 1.92533E-2 6.5536E-3 6.51579E-3 5.23748E-3 1.57723E-2 5.16952E-3 9.70813E-3 1.086E-2 1.63883E-2 7.01503E-3 1.58502E-3 1.97269E-3 1.88439E-3 3.5317E-3 2.76436E-3 2.15253E-3 -9999 -9999 -9999 -9999 -9999 -9999 -9999
6.74766E-3 6.48052E-3 7.93525E-3 7.78449E-3 1.15789E-2 1.14454E-2 5.40462E-3 5.84438E-3 9.68732E-3 1.00538E-2 9.87888E-3 3.95402E-3 5.26172E-3 3.73241E-3 1.0175E-2 4.33344E-3 2.26448E-3 2.6623E-3 3.786E-3 1.26977E-2 7.83511E-3 5.07839E-3 3.69796E-3 3.95141E-3 5.17026E-3 3.17662E-3 6.35704E-3 9.96439E-3 1.87303E-2 1.92417E-2 1.29005E-2 1.91122E-2 1.40508E-2 1.08557E-2 3.0847E-2 1.89056E-2 7.03991E-3 8.12388E-3 1.85035E-2 2.02234E-2 1.01856E-2 8.84768E-3 4.84936E-3 3.62284E-3 3.99623E-3 1.14542E-2 1.28662E-2 3.91948E-3 1.49506E-3 1.86251E-3 2.04488E-3 2.31277E-3 2.39879E-3 -9999 -9999 -9999 -9999 -9999 -9999 -9999 -9999
9.10895E-3 9.20361E-3 9.67338E-3 1.08433E-2 1.16893E-2 1.47841E-2 1.24078E-2 5.25557E-3 1.08763E-2 8.6619E-3 6.71163E-3 4.82743E-3 7.62078E-3 3.95026E-3 4.03847E-3 4.52722E-3 2.69306E-3 4.39023E-3 7.09935E-3 1.25202E-2 1.133E-2 3.1983E-3 2.35968E-3 6.77414E-3 4.70556E-3 3.79248E-3 5.50642E-3 1.15841E-2 1.33991E-2 1.07665E-2 1.58455E-2 2.21612E-2 9.24365E-3 8.66104E-3 1.98013E-2 3.13257E-2 1.03024E-2 8.3344E-3 9.3638E-3 2.91404E-3 3.71744E-3 3.56482E-3 4.20213E-3 3.23737E-3 9.66072E-4 2.33937E-3 5.4383E-3 5.9659E-3 3.5868E-3 1.73257E-3 2.02018E-3 1.86176E-3 -9999 -9999 -9999 -9999 -9999 -9999 -9999 -9999 -9999
