Artocarpus hirsutus SDM files/MIS19/results (with bias file)/Arthir_4.asc
ncols         625
nrows         721
xllcorner     69.99986311115
yllcorner     5.99986187915
cellsize      0.041666667
NODATA_value  -9999
[rows 108 to 134 of 721, columns 366 to 426 of 625]
2.6491E-5 2.51313E-5 2.45303E-5 2.43987E-5 2.56642E-5 2.64136E-5 2.63917E-5 2.71975E-5 2.60639E-5 2.64328E-5 2.70148E-5 2.6409E-5 2.76939E-5 2.88831E-5 2.86567E-5 2.9523E-5 3.02198E-5 2.94554E-5 2.78638E-5 2.37004E-5 2.55806E-5 2.72439E-5 2.50516E-5 2.77057E-5 2.97472E-5 2.87792E-5 2.71279E-5 2.54917E-5 2.75581E-5 2.83969E-5 2.81671E-5 2.63147E-5 2.64866E-5 2.08247E-5 2.12722E-5 2.91242E-5 3.07357E-5 2.93529E-5 2.70682E-5 2.82654E-5 2.92662E-5 3.00491E-5 2.84785E-5 2.66405E-5 2.2831E-5 2.95163E-5 3.09558E-5 3.1148E-5 3.05458E-5 2.85403E-5 2.38951E-5 1.81417E-5 1.83569E-5 2.6618E-5 2.98736E-5 3.01854E-5 2.42596E-5 2.39129E-5 2.9069E-5 2.43275E-5 2.01554E-5
2.62188E-5 2.49518E-5 2.63725E-5 2.48854E-5 2.65092E-5 2.71345E-5 2.81699E-5 2.99055E-5 3.02198E-5 2.96631E-5 3.02505E-5 3.01496E-5 2.99385E-5 2.83436E-5 2.675E-5 2.60242E-5 2.68068E-5 3.00564E-5 2.84243E-5 2.79771E-5 2.87033E-5 2.91623E-5 2.71717E-5 2.78937E-5 2.86743E-5 2.85271E-5 2.74385E-5 2.69523E-5 2.66323E-5 2.56787E-5 2.51752E-5 2.63247E-5 2.70353E-5 2.2327E-5 2.51007E-5 3.23536E-5 2.83738E-5 2.56304E-5 2.68191E-5 2.70217E-5 2.72109E-5 2.72601E-5 2.55197E-5 2.50306E-5 2.52071E-5 2.49343E-5 2.72259E-5 3.02394E-5 2.31719E-5 2.90081E-5 2.57864E-5 2.35916E-5 2.34377E-5 2.34482E-5 2.29336E-5 2.15944E-5 2.14554E-5 2.92127E-5 3.11234E-5 2.98199E-5 2.71375E-5
2.71071E-5 2.53764E-5 2.47231E-5 2.58981E-5 2.71065E-5 2.76611E-5 2.83085E-5 2.89201E-5 2.87427E-5 2.92987E-5 2.94735E-5 2.87162E-5 3.00374E-5 3.00133E-5 3.10186E-5 2.89452E-5 2.87792E-5 2.73381E-5 2.68818E-5 2.86504E-5 2.78455E-5 2.78046E-5 2.78854E-5 2.87227E-5 2.85588E-5 2.82202E-5 2.91582E-5 2.93844E-5 2.6858E-5 2.7247E-5 2.45675E-5 2.61411E-5 2.67883E-5 2.23782E-5 3.20324E-5 3.09871E-5 2.54826E-5 2.53436E-5 2.59023E-5 2.65639E-5 2.71577E-5 2.6847E-5 2.47592E-5 2.52532E-5 2.69448E-5 2.79795E-5 2.56824E-5 2.99858E-5 2.95453E-5 3.14725E-5 2.94295E-5 2.47086E-5 2.4883E-5 2.73459E-5 2.67696E-5 2.5057E-5 2.35368E-5 2.31719E-5 2.3603E-5 2.83698E-5 3.22035E-5
2.66465E-5 2.61162E-5 2.51526E-5 2.39724E-5 2.4819E-5 2.6473E-5 2.77238E-5 3.12275E-5 2.83549E-5 2.72762E-5 3.1621E-5 3.1521E-5 3.10089E-5 3.15283E-5 3.20699E-5 3.1084E-5 2.95955E-5 2.78137E-5 2.66881E-5 2.79787E-5 2.72039E-5 2.52855E-5 2.75581E-5 3.04303E-5 3.05532E-5 3.09136E-5 2.94681E-5 2.96797E-5 3.01443E-5 2.75913E-5 2.63222E-5 2.50634E-5 2.70453E-5 2.68614E-5 3.22562E-5 3.3061E-5 2.7212E-5 2.79632E-5 2.71127E-5 2.5532E-5 2.63498E-5 2.70471E-5 2.71033E-5 2.82408E-5 2.83174E-5 2.84085E-5 2.69359E-5 2.61561E-5 3.38046E-5 3.06793E-5 2.948E-5 2.78811E-5 2.56069E-5 2.57714E-5 2.59998E-5 2.4907E-5 2.58588E-5 2.61371E-5 2.41067E-5 1.96928E-5 1.85272E-5
2.80283E-5 2.72464E-5 2.53727E-5 2.83729E-5 2.95102E-5 2.81984E-5 2.82364E-5 3.22441E-5 3.14078E-5 2.74802E-5 2.96489E-5 3.18678E-5 3.27111E-5 3.16447E-5 3.24242E-5 3.27475E-5 3.10352E-5 2.9731E-5 2.81893E-5 2.71882E-5 2.66961E-5 2.78034E-5 2.88411E-5 3.03871E-5 2.97376E-5 2.94977E-5 3.09794E-5 3.21427E-5 3.18871E-5 3.20187E-5 2.79071E-5 2.60666E-5 2.75835E-5 2.31129E-5 2.5117E-5 2.97528E-5 3.38166E-5 2.92374E-5 2.71525E-5 2.53993E-5 2.48422E-5 2.61364E-5 2.70451E-5 2.83257E-5 2.91503E-5 2.87705E-5 2.53978E-5 2.34746E-5 3.04564E-5 3.22336E-5 2.78903E-5 2.69046E-5 2.55209E-5 2.59558E-5 2.52015E-5 2.68329E-5 2.50606E-5 2.55792E-5 2.79585E-5 2.64106E-5 2.48901E-5
2.72622E-5 2.93922E-5 2.99801E-5 2.94748E-5 3.01653E-5 3.04387E-5 2.91243E-5 3.14914E-5 3.1774E-5 2.82857E-5 2.8347E-5 2.82245E-5 2.95758E-5 2.95521E-5 3.24628E-5 3.41368E-5 3.33974E-5 3.32391E-5 3.19114E-5 2.86852E-5 2.78197E-5 2.77467E-5 2.95997E-5 3.22134E-5 3.23989E-5 3.20106E-5 3.19643E-5 3.13608E-5 3.18518E-5 3.20288E-5 3.09279E-5 2.73677E-5 2.77979E-5 2.30673E-5 2.50596E-5 2.53471E-5 2.99342E-5 3.11139E-5 2.6606E-5 2.65489E-5 2.56689E-5 2.54609E-5 2.64929E-5 2.79305E-5 2.95416E-5 2.71694E-5 2.32061E-5 2.11708E-5 2.34746E-5 3.3174E-5 3.09761E-5 3.05438E-5 3.01485E-5 3.06604E-5 2.86018E-5 3.05122E-5 2.8334E-5 2.87138E-5 2.86795E-5 2.93188E-5 2.75589E-5
2.45621E-5 2.44875E-5 2.43257E-5 2.44405E-5 2.51232E-5 2.87939E-5 2.97605E-5 2.88557E-5 2.87321E-5 2.87939E-5 2.89794E-5 2.94527E-5 2.90412E-5 2.82385E-5 2.92066E-5 3.01026E-5 3.07145E-5 3.17134E-5 3.20925E-5 3.31742E-5 3.35555E-5 3.24823E-5 3.27632E-5 3.16288E-5 2.99606E-5 2.98839E-5 3.14108E-5 2.55233E-5 2.68875E-5 3.45054E-5 3.12371E-5 2.8616E-5 2.83476E-5 2.31736E-5 2.53471E-5 2.56931E-5 2.99285E-5 3.34507E-5 2.95249E-5 2.85427E-5 2.65399E-5 2.67979E-5 2.7787E-5 2.82941E-5 3.20707E-5 3.15467E-5 2.65537E-5 2.0974E-5 2.53848E-5 2.80724E-5 2.83353E-5 3.13629E-5 2.89362E-5 2.73999E-5 2.90048E-5 2.85351E-5 2.88472E-5 3.09786E-5 2.52423E-5 2.89826E-5 2.9027E-5
2.6495E-5 2.42052E-5 2.2612E-5 2.45539E-5 2.30088E-5 2.54729E-5 2.57033E-5 2.55304E-5 2.5761E-5 2.59341E-5 2.61075E-5 2.61546E-5 2.59247E-5 2.59822E-5 2.59247E-5 2.83618E-5 2.86704E-5 2.63272E-5 2.62121E-5 2.86704E-5 2.99803E-5 2.99526E-5 3.15406E-5 2.99801E-5 2.90048E-5 3.27838E-5 3.08956E-5 2.58673E-5 3.10461E-5 3.36605E-5 3.14449E-5 3.05269E-5 2.95251E-5 2.33867E-5 2.56354E-5 2.78218E-5 2.68379E-5 3.47478E-5 3.34487E-5 3.01968E-5 2.91679E-5 2.78481E-5 3.0025E-5 2.52327E-5 3.14349E-5 3.38188E-5 3.10822E-5 3.33406E-5 3.13279E-5 3.17466E-5 3.14617E-5 2.98082E-5 3.18734E-5 2.94861E-5 3.16877E-5 3.13527E-5 2.8862E-5 3.22222E-5 2.95654E-5 2.45137E-5 2.21106E-5
2.86499E-5 2.79726E-5 2.80525E-5 2.76807E-5 2.31427E-5 3.02859E-5 2.73778E-5 2.63848E-5 2.55233E-5 2.52429E-5 2.55233E-5 3.03172E-5 2.8514E-5 2.56862E-5 2.55723E-5 2.55233E-5 2.56379E-5 2.57526E-5 2.58673E-5 2.71171E-5 2.60857E-5 3.05531E-5 3.44435E-5 3.19693E-5 2.91241E-5 2.95832E-5 2.96488E-5 2.63717E-5 2.98221E-5 3.35238E-5 3.20026E-5 3.04502E-5 2.94575E-5 2.50554E-5 2.59243E-5 2.59821E-5 2.61558E-5 3.41788E-5 3.21635E-5 3.18553E-5 3.04238E-5 2.85951E-5 2.99213E-5 3.18798E-5 3.17609E-5 3.13481E-5 3.19271E-5 3.42708E-5 3.45364E-5 3.32099E-5 3.38429E-5 3.24933E-5 3.3124E-5 3.33177E-5 2.94609E-5 3.28338E-5 3.17536E-5 3.03163E-5 3.14385E-5 2.38424E-5 1.9695E-5
2.95089E-5 3.1351E-5 3.19643E-5 3.12742E-5 3.10096E-5 3.34101E-5 3.06533E-5 3.3113E-5 3.27564E-5 3.09111E-5 2.85373E-5 2.97743E-5 3.15055E-5 2.97985E-5 2.92684E-5 2.87781E-5 2.78306E-5 2.56196E-5 2.60166E-5 3.14914E-5 3.19021E-5 2.89115E-5 3.29922E-5 3.17359E-5 3.02226E-5 3.00294E-5 2.71631E-5 2.96254E-5 2.66868E-5 2.98916E-5 3.44492E-5 3.32316E-5 2.80621E-5 2.52269E-5 2.54559E-5 2.37381E-5 2.34935E-5 3.12073E-5 2.9681E-5 2.83774E-5 2.86118E-5 2.88126E-5 2.9368E-5 2.70953E-5 2.95165E-5 2.64144E-5 2.67696E-5 3.14226E-5 3.21443E-5 3.15692E-5 3.15107E-5 3.0104E-5 2.97766E-5 2.90761E-5 2.40538E-5 2.62113E-5 2.42378E-5 2.67502E-5 2.40815E-5 2.70989E-5 2.87279E-5
2.98942E-5 3.1987E-5 3.2944E-5 2.98221E-5 2.91837E-5 2.98695E-5 3.38778E-5 3.24248E-5 3.37046E-5 3.43384E-5 3.33224E-5 3.27133E-5 3.35852E-5 3.13806E-5 3.31316E-5 3.20249E-5 3.00555E-5 2.96849E-5 2.83567E-5 2.9355E-5 3.3695E-5 3.29314E-5 3.23724E-5 3.09712E-5 3.07471E-5 2.96877E-5 2.86263E-5 3.01013E-5 2.77133E-5 3.07089E-5 3.45387E-5 3.32851E-5 2.81684E-5 2.64778E-5 3.1732E-5 2.97399E-5 2.71804E-5 2.90936E-5 2.85697E-5 2.94824E-5 2.78433E-5 2.79087E-5 2.704E-5 2.70636E-5 2.66382E-5 2.63191E-5 2.62628E-5 2.63754E-5 2.93643E-5 3.0145E-5 2.96954E-5 3.26185E-5 3.45714E-5 2.81188E-5 2.60431E-5 2.62471E-5 1.9555E-5 2.378E-5 2.90177E-5 3.26528E-5 3.07447E-5
2.91649E-5 2.89969E-5 2.91214E-5 2.87006E-5 2.86513E-5 2.9218E-5 2.91387E-5 3.03065E-5 3.14239E-5 3.27292E-5 3.39422E-5 3.42247E-5 3.38808E-5 3.43866E-5 3.43532E-5 3.16682E-5 3.25754E-5 3.22919E-5 3.19625E-5 3.46979E-5 3.19932E-5 3.1371E-5 3.21201E-5 3.37019E-5 3.4538E-5 3.43376E-5 3.07518E-5 3.19021E-5 2.83507E-5 2.79255E-5 2.82151E-5 2.94994E-5 2.66645E-5 3.58747E-5 3.18539E-5 2.98004E-5 2.6734E-5 2.67616E-5 2.70103E-5 3.01533E-5 2.97625E-5 2.92512E-5 2.88011E-5 2.87042E-5 2.66006E-5 2.6488E-5 2.63191E-5 2.58133E-5 2.3937E-5 2.60941E-5 2.68062E-5 3.13795E-5 3.41425E-5 3.24857E-5 3.19424E-5 3.02957E-5 2.68808E-5 3.15852E-5 3.09436E-5 3.20707E-5 3.1826E-5
2.76326E-5 2.7818E-5 2.83882E-5 2.66414E-5 2.70056E-5 2.71822E-5 2.94073E-5 3.30937E-5 3.29723E-5 2.94704E-5 2.74768E-5 3.01656E-5 3.09606E-5 3.27601E-5 3.38231E-5 3.279E-5 3.33483E-5 3.37599E-5 3.18934E-5 3.33271E-5 3.25127E-5 3.06814E-5 3.15834E-5 3.25E-5 3.52726E-5 3.25196E-5 3.25613E-5 2.91454E-5 2.89884E-5 2.81994E-5 2.78006E-5 2.8367E-5 2.87381E-5 3.53283E-5 3.50808E-5 3.14519E-5 2.93326E-5 2.97623E-5 3.14896E-5 3.23824E-5 3.15313E-5 2.65073E-5 2.62466E-5 2.66942E-5 2.65263E-5 2.63191E-5 2.60379E-5 2.37278E-5 2.32582E-5 2.33624E-5 2.38323E-5 2.40417E-5 3.08874E-5 3.38845E-5 3.45875E-5 3.2046E-5 2.86983E-5 3.32099E-5 3.21604E-5 3.42909E-5 3.47277E-5
2.54153E-5 2.57033E-5 2.61752E-5 2.84507E-5 2.88882E-5 2.90761E-5 2.74179E-5 2.94073E-5 2.95967E-5 2.95335E-5 2.94704E-5 2.75358E-5 2.75948E-5 2.98494E-5 3.159E-5 3.16529E-5 3.12124E-5 2.82445E-5 2.77128E-5 2.75358E-5 2.789E-5 2.81642E-5 3.11492E-5 3.1937E-5 3.27516E-5 3.35184E-5 3.26114E-5 3.23357E-5 3.02431E-5 2.78006E-5 2.8414E-5 2.65926E-5 2.66068E-5 3.50944E-5 3.37774E-5 3.30831E-5 3.10829E-5 3.06147E-5 2.91309E-5 2.84338E-5 2.82445E-5 2.59519E-5 2.62466E-5 2.66382E-5 2.88841E-5 3.47255E-5 3.21676E-5 3.10308E-5 2.97449E-5 2.64992E-5 2.37062E-5 2.15524E-5 2.17532E-5 2.59817E-5 2.94243E-5 2.7108E-5 2.45662E-5 2.67696E-5 3.42938E-5 3.33993E-5 3.25709E-5
2.84355E-5 2.54153E-5 2.58845E-5 2.62916E-5 2.66998E-5 2.71089E-5 2.74602E-5 2.95149E-5 2.9723E-5 2.9723E-5 2.96598E-5 2.95967E-5 2.9723E-5 2.98494E-5 2.77894E-5 2.78309E-5 2.77128E-5 2.81642E-5 2.70645E-5 2.6875E-5 2.72845E-5 2.70934E-5 3.04666E-5 3.17134E-5 3.30592E-5 3.20845E-5 2.88614E-5 3.00893E-5 2.83371E-5 2.64778E-5 2.87214E-5 2.67648E-5 2.91931E-5 3.47877E-5 3.41321E-5 3.29314E-5 2.96348E-5 2.77026E-5 2.56106E-5 2.73261E-5 2.61922E-5 2.63769E-5 2.62466E-5 2.66382E-5 2.66942E-5 3.01128E-5 3.33387E-5 3.34992E-5 3.38023E-5 3.24682E-5 3.02303E-5 2.66899E-5 2.35514E-5 2.16495E-5 2.16066E-5 2.16555E-5 2.16009E-5 2.3937E-5 2.65263E-5 2.97244E-5 3.40622E-5
2.8473E-5 2.66077E-5 2.84083E-5 2.57033E-5 2.61752E-5 2.6583E-5 2.69334E-5 2.71674E-5 2.72259E-5 2.74179E-5 2.71822E-5 2.73E-5 2.74768E-5 2.77719E-5 3.02922E-5 3.28219E-5 3.20163E-5 3.21061E-5 3.02533E-5 3.34079E-5 3.16928E-5 3.18149E-5 3.21978E-5 3.26528E-5 3.41368E-5 3.07274E-5 2.90306E-5 2.81649E-5 2.80321E-5 2.87214E-5 2.90292E-5 2.93769E-5 3.02971E-5 3.43512E-5 3.29683E-5 3.11559E-5 2.82043E-5 2.80438E-5 2.88614E-5 2.86411E-5 2.84922E-5 2.61561E-5 2.58409E-5 2.64517E-5 2.67297E-5 2.62294E-5 2.61184E-5 2.85403E-5 3.21007E-5 3.48355E-5 3.17606E-5 2.79973E-5 2.90136E-5 2.66939E-5 2.38344E-5 2.60633E-5 2.35916E-5 2.38096E-5 2.33967E-5 2.17311E-5 2.14432E-5
2.94856E-5 2.90044E-5 3.22905E-5 3.00677E-5 2.62121E-5 2.66008E-5 2.65708E-5 2.8686E-5 3.18346E-5 3.22725E-5 2.76756E-5 2.74016E-5 2.70645E-5 2.74179E-5 3.07089E-5 3.51775E-5 3.30245E-5 3.07518E-5 3.09926E-5 2.94298E-5 3.06728E-5 3.0014E-5 3.23924E-5 3.44578E-5 3.09637E-5 3.084E-5 2.89935E-5 2.76544E-5 2.62355E-5 2.83982E-5 2.88871E-5 3.39126E-5 3.30789E-5 3.57345E-5 3.42554E-5 3.12549E-5 2.81926E-5 2.81704E-5 2.85166E-5 2.84355E-5 2.58808E-5 2.53299E-5 2.55499E-5 2.59519E-5 2.59906E-5 2.54949E-5 2.79294E-5 2.7967E-5 2.8584E-5 3.25385E-5 3.02215E-5 3.02448E-5 3.23098E-5 3.17466E-5 2.97189E-5 2.86929E-5 2.84447E-5 2.8748E-5 2.86798E-5 2.83378E-5 2.7905E-5
2.86746E-5 2.95053E-5 2.95317E-5 3.12977E-5 3.03309E-5 2.97533E-5 2.95214E-5 2.60971E-5 2.76918E-5 3.13904E-5 3.01957E-5 3.25891E-5 2.70504E-5 2.7343E-5 3.08977E-5 3.57151E-5 3.38338E-5 3.24395E-5 3.24682E-5 2.99796E-5 3.17606E-5 2.92094E-5 3.3466E-5 3.12346E-5 3.09229E-5 3.1495E-5 2.96667E-5 2.79294E-5 2.57238E-5 2.61786E-5 2.82151E-5 3.30979E-5 3.64352E-5 3.54484E-5 3.50435E-5 2.92779E-5 2.81165E-5 2.68834E-5 2.68872E-5 2.79218E-5 2.88274E-5 2.55026E-5 2.52749E-5 2.89593E-5 3.17134E-5 2.88947E-5 3.18082E-5 3.11448E-5 3.19098E-5 3.08712E-5 2.67903E-5 2.86404E-5 2.94153E-5 3.34919E-5 3.08481E-5 3.00144E-5 3.00408E-5 3.05065E-5 2.95344E-5 2.92018E-5 3.01418E-5
2.83995E-5 2.95562E-5 3.17639E-5 3.05447E-5 3.00585E-5 2.92929E-5 2.948E-5 2.9018E-5 3.03808E-5 2.98237E-5 3.14984E-5 3.06092E-5 2.70353E-5 2.70504E-5 3.2303E-5 2.96744E-5 3.28243E-5 3.29276E-5 3.17567E-5 3.19625E-5 3.14204E-5 2.98315E-5 3.38613E-5 3.04429E-5 3.16658E-5 3.10465E-5 2.93003E-5 2.92524E-5 2.81055E-5 2.57806E-5 2.57693E-5 2.86651E-5 3.23829E-5 3.02802E-5 3.38105E-5 3.15533E-5 2.62772E-5 2.703E-5 2.66454E-5 2.56393E-5 2.77006E-5 2.84085E-5 2.60431E-5 3.23105E-5 3.17927E-5 2.93021E-5 2.99796E-5 3.20026E-5 3.1809E-5 2.94151E-5 2.90268E-5 2.68993E-5 2.77156E-5 3.23961E-5 3.32123E-5 3.22583E-5 3.09428E-5 3.317E-5 3.14831E-5 3.27818E-5 3.02052E-5
3.05608E-5 3.02973E-5 3.09116E-5 3.04125E-5 3.06936E-5 2.87484E-5 2.76918E-5 2.78009E-5 2.7591E-5 2.86577E-5 2.70413E-5 3.27655E-5 2.99083E-5 3.15098E-5 3.04995E-5 2.96223E-5 3.06577E-5 3.21397E-5 3.02448E-5 2.77079E-5 2.69842E-5 2.79296E-5 2.97265E-5 2.86703E-5 3.20399E-5 3.18899E-5 3.02111E-5 2.85232E-5 2.73895E-5 2.76915E-5 2.88947E-5 2.81854E-5 2.89203E-5 3.01979E-5 3.02215E-5 3.32174E-5 3.2248E-5 2.75362E-5 2.71854E-5 2.62649E-5 2.53784E-5 2.51291E-5 2.70434E-5 3.10479E-5 3.14537E-5 2.80387E-5 2.94995E-5 2.83945E-5 3.04619E-5 3.16658E-5 2.91936E-5 2.864E-5 2.71297E-5 2.9553E-5 3.2771E-5 2.84439E-5 3.22583E-5 3.21801E-5 2.95075E-5 3.08929E-5 3.25754E-5
3.00946E-5 3.26373E-5 3.05247E-5 3.12455E-5 3.10061E-5 3.01222E-5 2.95274E-5 2.82173E-5 2.72503E-5 2.9881E-5 2.9355E-5 2.68132E-5 3.01653E-5 3.24395E-5 2.99554E-5 3.14396E-5 3.06725E-5 3.04638E-5 3.07677E-5 3.19178E-5 2.99811E-5 2.77341E-5 2.70193E-5 2.74818E-5 3.33993E-5 3.17618E-5 3.28656E-5 2.85459E-5 2.6387E-5 2.44256E-5 2.59102E-5 2.7741E-5 2.63584E-5 2.95467E-5 3.19328E-5 3.40277E-5 2.97053E-5 3.10704E-5 2.93534E-5 2.86531E-5 2.79603E-5 2.75673E-5 2.72862E-5 2.87555E-5 3.28816E-5 3.12198E-5 3.15552E-5 3.09672E-5 3.14592E-5 2.9678E-5 3.06805E-5 2.66075E-5 2.56371E-5 3.31742E-5 3.03005E-5 2.66598E-5 3.17613E-5 3.21378E-5 3.14785E-5 2.90506E-5 3.13899E-5
2.77266E-5 2.8215E-5 2.55576E-5 2.92707E-5 3.13423E-5 3.18699E-5 3.13806E-5 3.11134E-5 3.05945E-5 2.94562E-5 2.89583E-5 2.95197E-5 3.02448E-5 3.07357E-5 3.16345E-5 3.28847E-5 2.92498E-5 2.94695E-5 2.84774E-5 2.9554E-5 3.03325E-5 3.02303E-5 2.74979E-5 2.53406E-5 2.90412E-5 2.92698E-5 3.04775E-5 2.63703E-5 2.37047E-5 2.25528E-5 2.47101E-5 2.83249E-5 2.57855E-5 2.9869E-5 3.38762E-5 3.12704E-5 3.21537E-5 3.14069E-5 3.14319E-5 2.97869E-5 2.91225E-5 2.97824E-5 2.73383E-5 2.6507E-5 3.11624E-5 2.98989E-5 2.78474E-5 2.79284E-5 2.93055E-5 2.53214E-5 2.79318E-5 2.74523E-5 3.04549E-5 3.1302E-5 2.86807E-5 2.54266E-5 2.76214E-5 3.12112E-5 2.77639E-5 3.47465E-5 3.3061E-5
2.83265E-5 2.92764E-5 2.80858E-5 2.80175E-5 2.80392E-5 2.84139E-5 2.74317E-5 3.02988E-5 3.17567E-5 3.00972E-5 3.18462E-5 2.86876E-5 3.06816E-5 2.99069E-5 2.96451E-5 2.8623E-5 2.86356E-5 3.11609E-5 3.01921E-5 3.11134E-5 2.98702E-5 2.97326E-5 3.02448E-5 2.96531E-5 2.79864E-5 2.73082E-5 3.23277E-5 2.73429E-5 2.28574E-5 2.40858E-5 2.76893E-5 2.86952E-5 2.63902E-5 3.03597E-5 3.34765E-5 3.1217E-5 3.21208E-5 3.08668E-5 2.80039E-5 2.86942E-5 2.55662E-5 2.6058E-5 2.56666E-5 2.5341E-5 2.80438E-5 3.13321E-5 3.1584E-5 2.88418E-5 2.84733E-5 2.83712E-5 2.8517E-5 2.9707E-5 2.87554E-5 3.08543E-5 2.76251E-5 2.87917E-5 3.20105E-5 2.90136E-5 3.07357E-5 3.20845E-5 3.28678E-5
2.94451E-5 2.86266E-5 2.89935E-5 2.72307E-5 3.08949E-5 2.78651E-5 2.86254E-5 2.91533E-5 3.00917E-5 2.91131E-5 2.85541E-5 2.86798E-5 3.0458E-5 3.18915E-5 2.96877E-5 3.01925E-5 3.04054E-5 3.09786E-5 3.10659E-5 3.21954E-5 2.90958E-5 3.03227E-5 2.92564E-5 3.04856E-5 3.02371E-5 2.71745E-5 3.03874E-5 2.81228E-5 2.51625E-5 2.54913E-5 2.6709E-5 2.64794E-5 2.77712E-5 3.00893E-5 3.12051E-5 2.99434E-5 3.00528E-5 2.63189E-5 2.88187E-5 3.01485E-5 2.92431E-5 2.6983E-5 2.88375E-5 2.91776E-5 2.99796E-5 2.92467E-5 2.74311E-5 2.71196E-5 2.61376E-5 2.58872E-5 2.77485E-5 2.86942E-5 3.08265E-5 2.92337E-5 2.77024E-5 2.75139E-5 2.80697E-5 3.16382E-5 3.02108E-5 3.06988E-5 2.99374E-5
2.85461E-5 2.90444E-5 2.93459E-5 2.81173E-5 2.95995E-5 2.90936E-5 3.01338E-5 3.09403E-5 2.76475E-5 2.97064E-5 2.94735E-5 2.95317E-5 2.96481E-5 2.97646E-5 2.77019E-5 2.80825E-5 2.94991E-5 3.18462E-5 2.92467E-5 2.80024E-5 2.78845E-5 2.9974E-5 3.04226E-5 2.84226E-5 2.78445E-5 2.92313E-5 2.93055E-5 2.82806E-5 2.36103E-5 2.44313E-5 2.74261E-5 2.60365E-5 2.70951E-5 2.97062E-5 2.87615E-5 2.78983E-5 3.30363E-5 2.96861E-5 2.85139E-5 2.86912E-5 2.73044E-5 2.64371E-5 2.59546E-5 2.7449E-5 2.82796E-5 2.81935E-5 2.90813E-5 2.96208E-5 2.71419E-5 2.83143E-5 3.00186E-5 3.04743E-5 3.08095E-5 2.86944E-5 3.02108E-5 2.78972E-5 2.85713E-5 3.18734E-5 3.21094E-5 3.16502E-5 3.09761E-5
2.77671E-5 2.75977E-5 2.63725E-5 2.87371E-5 2.96911E-5 2.8775E-5 2.98655E-5 2.71838E-5 2.98451E-5 3.08949E-5 2.88668E-5 2.83865E-5 2.7562E-5 2.73999E-5 2.87069E-5 2.7832E-5 2.93987E-5 3.10274E-5 2.89183E-5 2.88929E-5 2.79513E-5 2.93558E-5 3.05109E-5 2.97075E-5 2.96999E-5 2.98591E-5 2.76371E-5 2.86387E-5 2.62147E-5 2.39461E-5 2.15888E-5 2.12038E-5 2.66788E-5 2.6476E-5 2.89826E-5 2.97449E-5 3.02367E-5 3.02957E-5 3.06249E-5 2.91936E-5 2.78406E-5 2.7625E-5 2.68906E-5 2.65696E-5 2.59919E-5 2.70935E-5 2.94562E-5 2.97189E-5 2.98661E-5 2.87932E-5 2.87435E-5 2.87932E-5 2.83378E-5 2.83257E-5 2.86415E-5 2.83169E-5 2.90452E-5 2.95558E-5 2.89447E-5 3.04094E-5 3.0361E-5
2.77629E-5 2.81029E-5 2.74401E-5 2.86654E-5 2.71317E-5 2.81787E-5 2.69342E-5 3.07027E-5 2.81484E-5 2.99005E-5 2.81484E-5 3.02721E-5 2.99495E-5 2.82125E-5 2.78514E-5 2.80656E-5 2.90347E-5 2.9097E-5 2.94919E-5 2.97768E-5 2.89963E-5 2.83257E-5 3.03883E-5 2.95316E-5 3.02301E-5 2.78197E-5 2.68592E-5 2.50558E-5 2.32753E-5 2.46611E-5 2.58799E-5 2.55344E-5 2.74607E-5 2.63136E-5 2.86677E-5 3.01921E-5 2.94995E-5 2.80445E-5 2.76066E-5 2.739E-5 2.81961E-5 3.049E-5 2.89207E-5 2.94492E-5 2.91004E-5 2.96704E-5 3.02923E-5 2.84305E-5 2.78607E-5 2.73223E-5 2.66094E-5 2.81262E-5 2.79989E-5 2.93114E-5 2.56883E-5 2.72147E-5 2.82926E-5 2.77992E-5 2.8341E-5 2.81436E-5 2.82926E-5
