Artocarpus hirsutus SDM files/MIS19/results (with bias file)/Arthir_0.asc
ncols         625
nrows         721
xllcorner     69.99986311115
yllcorner     5.99986187915
cellsize      0.041666667
NODATA_value  -9999
[rows 243 to 269 of 721, columns 366 to 426 of 625]
6.57659E-3 6.33092E-3 6.37346E-3 6.39697E-3 6.93721E-3 6.94765E-3 7.05662E-3 7.01026E-3 7.97567E-3 8.24739E-3 8.38771E-3 8.34159E-3 9.10868E-3 9.2627E-3 9.21186E-3 8.84852E-3 8.8242E-3 8.84935E-3 8.75246E-3 8.51741E-3 8.44803E-3 8.39036E-3 7.91357E-3 7.81624E-3 7.38157E-3 7.25E-3 7.25085E-3 2.52251E-3 2.43145E-3 2.44116E-3 2.34425E-3 2.36074E-3 2.41033E-3 2.42528E-3 2.32875E-3 2.33758E-3 2.92225E-3 2.79496E-3 2.79414E-3 2.75031E-3 2.9492E-3 2.88296E-3 2.96808E-3 3.11632E-3 3.04089E-3 3.40013E-3 3.16878E-3 3.0996E-3 3.07033E-3 3.05003E-3 3.25085E-3 3.17134E-3 3.01592E-3 3.00033E-3 2.98666E-3 2.81125E-3 3.0115E-3 2.85593E-3 2.78527E-3 2.81776E-3 2.81884E-3
6.21642E-3 6.36187E-3 6.40888E-3 6.42844E-3 6.92246E-3 6.92845E-3 6.9581E-3 6.94928E-3 7.92842E-3 8.06428E-3 8.29301E-3 8.35245E-3 9.06918E-3 9.19626E-3 9.147E-3 9.31381E-3 8.85929E-3 8.78643E-3 8.73914E-3 8.57225E-3 8.53733E-3 8.35384E-3 7.34799E-3 7.80449E-3 7.74079E-3 6.72218E-3 7.24023E-3 6.96017E-3 2.51662E-3 2.42177E-3 2.43712E-3 2.33856E-3 2.41399E-3 2.40464E-3 2.41194E-3 2.67394E-3 2.8826E-3 2.89074E-3 2.89823E-3 2.92162E-3 3.0512E-3 2.98467E-3 3.18402E-3 3.1144E-3 3.14516E-3 3.36233E-3 3.27442E-3 3.20197E-3 3.18425E-3 3.38331E-3 3.21098E-3 3.1442E-3 2.98706E-3 2.97907E-3 3.16408E-3 2.99808E-3 3.00244E-3 2.8533E-3 2.77908E-3 2.83815E-3 2.83312E-3
6.26839E-3 6.28783E-3 6.2569E-3 6.42844E-3 6.39291E-3 7.02074E-3 7.08099E-3 6.94343E-3 6.93887E-3 7.89474E-3 8.10894E-3 8.30373E-3 8.37415E-3 9.06918E-3 9.15771E-3 9.1074E-3 9.05864E-3 8.59275E-3 8.7497E-3 8.51082E-3 8.4773E-3 8.41117E-3 7.306E-3 7.16612E-3 7.14715E-3 7.22817E-3 7.27927E-3 7.27052E-3 7.0572E-3 2.40289E-3 2.41623E-3 2.31778E-3 2.5003E-3 2.37167E-3 2.38525E-3 2.39317E-3 2.58711E-3 2.8591E-3 2.86671E-3 3.02204E-3 3.01923E-3 2.95458E-3 3.29572E-3 3.23518E-3 3.11791E-3 3.32776E-3 3.44637E-3 3.16312E-3 3.14349E-3 3.35172E-3 3.32006E-3 3.09955E-3 3.09899E-3 2.9373E-3 3.13513E-3 2.78763E-3 2.84759E-3 2.84117E-3 2.84187E-3 2.83629E-3 2.85343E-3
6.20467E-3 6.27811E-3 6.28011E-3 6.29949E-3 6.36552E-3 6.44798E-3 6.47566E-3 6.75017E-3 6.92593E-3 6.92593E-3 7.72019E-3 8.18846E-3 8.24592E-3 8.33888E-3 8.9931E-3 8.9306E-3 8.85703E-3 9.03245E-3 8.76008E-3 8.62893E-3 7.91467E-3 7.40216E-3 7.68062E-3 7.31566E-3 7.19544E-3 6.67337E-3 7.21782E-3 7.28963E-3 6.97908E-3 6.96993E-3 2.50238E-3 2.57921E-3 2.47309E-3 2.48815E-3 2.65388E-3 2.54311E-3 2.55152E-3 2.55928E-3 2.74768E-3 2.74648E-3 2.74498E-3 3.05715E-3 3.26444E-3 3.19546E-3 3.26519E-3 3.48629E-3 3.41035E-3 3.18323E-3 3.10553E-3 3.31165E-3 3.27789E-3 3.11984E-3 3.05952E-3 2.89597E-3 3.02036E-3 2.96226E-3 2.82829E-3 2.83432E-3 2.83056E-3 2.82981E-3 2.85352E-3
6.16068E-3 5.69646E-3 5.79603E-3 5.42047E-3 6.1955E-3 6.26832E-3 6.39462E-3 6.34963E-3 6.91378E-3 6.85656E-3 7.83947E-3 7.96048E-3 8.06266E-3 8.31444E-3 8.23378E-3 8.91596E-3 8.81813E-3 8.95526E-3 9.04422E-3 7.96653E-3 7.87911E-3 7.43233E-3 7.40216E-3 7.30065E-3 7.17369E-3 6.8038E-3 6.71039E-3 7.16772E-3 7.23916E-3 7.01774E-3 6.96017E-3 2.55684E-3 2.56749E-3 2.46176E-3 2.65367E-3 2.63296E-3 2.64129E-3 2.64231E-3 2.845E-3 2.8445E-3 2.84257E-3 3.15571E-3 3.38048E-3 3.30787E-3 3.23433E-3 3.44143E-3 3.37921E-3 3.29347E-3 3.07295E-3 3.27173E-3 3.24822E-3 3.08461E-3 3.02639E-3 2.88694E-3 3.12993E-3 3.00733E-3 2.80842E-3 2.81311E-3 2.86765E-3 2.87846E-3 2.83313E-3
5.48207E-3 5.47544E-3 5.4319E-3 5.52009E-3 5.47431E-3 5.76756E-3 6.27612E-3 6.32243E-3 6.95217E-3 6.92246E-3 6.86518E-3 7.1826E-3 7.89294E-3 8.08326E-3 7.81854E-3 8.12974E-3 8.15384E-3 8.19898E-3 8.44369E-3 7.87645E-3 7.77851E-3 7.73707E-3 7.42033E-3 7.38064E-3 7.2193E-3 7.20047E-3 6.71834E-3 7.1462E-3 7.16772E-3 7.26952E-3 7.51108E-3 7.50157E-3 2.65675E-3 2.54175E-3 2.62432E-3 2.60422E-3 2.6119E-3 2.80605E-3 2.81396E-3 2.82145E-3 2.8117E-3 3.00757E-3 3.34748E-3 3.27393E-3 3.42574E-3 3.40777E-3 3.38752E-3 3.32438E-3 3.46906E-3 3.23651E-3 3.2222E-3 3.04871E-3 3.04696E-3 2.90966E-3 3.1205E-3 2.97E-3 2.7824E-3 2.80015E-3 2.85518E-3 2.86013E-3 2.82252E-3
5.42177E-3 5.3447E-3 5.43851E-3 5.4018E-3 5.45067E-3 5.46758E-3 6.1252E-3 6.23184E-3 6.35758E-3 6.20863E-3 6.72122E-3 6.83581E-3 7.19164E-3 7.99265E-3 8.01477E-3 7.6982E-3 8.11593E-3 8.08326E-3 7.99616E-3 7.86339E-3 7.19752E-3 7.01922E-3 7.30518E-3 7.32676E-3 7.16651E-3 7.148E-3 6.76107E-3 7.17443E-3 7.20664E-3 7.24817E-3 6.9299E-3 7.53225E-3 2.63596E-3 2.83281E-3 2.72322E-3 2.72466E-3 2.70422E-3 2.90424E-3 2.91271E-3 2.92064E-3 2.91162E-3 3.124E-3 3.11021E-3 3.08978E-3 3.623E-3 3.52814E-3 3.51259E-3 3.30836E-3 3.446E-3 3.35966E-3 3.19591E-3 3.08494E-3 3.07677E-3 3.08054E-3 3.09019E-3 2.94429E-3 2.9552E-3 2.82594E-3 2.83239E-3 2.84027E-3 2.8543E-3
5.25416E-3 5.40879E-3 5.08433E-3 5.10029E-3 5.46E-3 5.43375E-3 5.42889E-3 5.62347E-3 6.1271E-3 6.18785E-3 6.7296E-3 6.86335E-3 6.87379E-3 6.94419E-3 6.9547E-3 7.12106E-3 7.66373E-3 7.03385E-3 7.80527E-3 7.13509E-3 7.15638E-3 6.91969E-3 7.52026E-3 7.21269E-3 7.24485E-3 7.17576E-3 6.77757E-3 7.18949E-3 7.14523E-3 7.25704E-3 7.84442E-3 2.7259E-3 2.60638E-3 2.80885E-3 2.81822E-3 2.70199E-3 2.91055E-3 2.88E-3 2.88861E-3 2.88083E-3 2.88841E-3 3.23279E-3 3.22151E-3 3.36502E-3 3.59535E-3 3.50813E-3 3.47952E-3 3.43955E-3 3.48861E-3 3.40131E-3 3.23552E-3 3.06969E-3 3.05598E-3 2.86329E-3 2.85995E-3 2.92653E-3 2.93927E-3 2.81242E-3 2.81582E-3 2.83116E-3 2.84112E-3
4.70517E-3 4.75413E-3 4.80528E-3 4.8146E-3 4.82215E-3 4.95267E-3 5.35043E-3 5.59546E-3 5.6775E-3 6.22039E-3 6.29171E-3 6.354E-3 6.89958E-3 6.89958E-3 6.98707E-3 6.97217E-3 7.03029E-3 7.03211E-3 6.91451E-3 6.91451E-3 7.07287E-3 7.03385E-3 6.92845E-3 6.58033E-3 7.16224E-3 6.76364E-3 6.70908E-3 7.14064E-3 7.1722E-3 7.13485E-3 7.79958E-3 7.86611E-3 2.70459E-3 2.91466E-3 2.79391E-3 2.79586E-3 3.01196E-3 3.0206E-3 2.9894E-3 2.98963E-3 2.98958E-3 3.20738E-3 3.2066E-3 3.49959E-3 3.32754E-3 3.55706E-3 3.4664E-3 3.41493E-3 3.46642E-3 3.4458E-3 3.37454E-3 3.19644E-3 3.0478E-3 2.90206E-3 2.84643E-3 2.83893E-3 2.91434E-3 2.79189E-3 2.80162E-3 2.82006E-3 2.82564E-3
4.67708E-3 4.67904E-3 4.72775E-3 4.72395E-3 4.76535E-3 4.82215E-3 4.9803E-3 5.47253E-3 5.42974E-3 5.70028E-3 6.2108E-3 6.2012E-3 6.2898E-3 6.29755E-3 6.80906E-3 7.1502E-3 7.03462E-3 6.88704E-3 6.95969E-3 6.91071E-3 6.89353E-3 6.87447E-3 6.925E-3 6.60531E-3 7.08918E-3 6.78957E-3 6.71628E-3 7.18558E-3 7.13012E-3 7.23312E-3 7.81923E-3 7.76775E-3 7.8012E-3 2.89219E-3 2.9002E-3 2.90746E-3 2.90957E-3 2.99583E-3 2.96462E-3 2.97315E-3 2.97321E-3 3.19059E-3 3.19022E-3 3.17836E-3 3.46172E-3 3.55062E-3 3.45305E-3 3.39952E-3 3.22143E-3 3.43287E-3 3.35604E-3 3.18587E-3 3.1694E-3 2.88847E-3 2.88255E-3 2.83608E-3 2.90032E-3 2.96341E-3 2.83625E-3 2.80119E-3 2.81849E-3
4.62869E-3 4.67708E-3 4.65856E-3 4.7146E-3 4.71646E-3 4.79193E-3 4.67904E-3 4.93115E-3 5.38465E-3 5.56699E-3 5.63124E-3 6.22607E-3 6.24337E-3 6.37761E-3 6.20882E-3 6.18201E-3 7.01696E-3 6.87904E-3 6.85535E-3 6.72615E-3 6.79278E-3 6.83259E-3 6.52547E-3 6.53729E-3 6.47509E-3 7.05895E-3 6.75208E-3 6.71628E-3 7.27633E-3 7.33264E-3 7.32422E-3 7.66829E-3 8.75087E-3 2.86778E-3 2.8842E-3 2.87716E-3 3.09816E-3 3.10756E-3 2.97982E-3 2.98011E-3 2.98866E-3 3.17319E-3 3.16438E-3 3.16185E-3 3.15063E-3 3.36792E-3 3.51733E-3 3.43151E-3 3.25159E-3 3.23384E-3 3.07972E-3 3.19034E-3 3.17129E-3 3.02349E-3 2.88624E-3 2.83117E-3 2.69135E-3 2.70627E-3 2.82786E-3 2.7899E-3 2.79556E-3
4.62662E-3 4.1026E-3 4.10439E-3 4.12421E-3 4.32157E-3 4.7015E-3 4.93337E-3 4.9905E-3 4.99236E-3 5.73289E-3 5.74883E-3 5.79893E-3 6.22191E-3 5.67866E-3 6.16281E-3 6.56222E-3 6.23162E-3 6.10001E-3 6.74268E-3 6.69501E-3 6.73442E-3 6.48549E-3 6.40606E-3 6.35297E-3 6.87777E-3 6.99879E-3 6.94262E-3 7.4996E-3 7.72641E-3 7.41033E-3 7.94883E-3 8.13204E-3 7.87688E-3 8.96074E-3 2.86084E-3 2.86804E-3 2.87648E-3 3.08937E-3 3.09816E-3 3.10825E-3 3.32767E-3 3.14707E-3 3.14704E-3 3.14576E-3 3.15428E-3 3.13497E-3 3.35019E-3 3.42935E-3 3.25368E-3 3.24581E-3 3.44693E-3 3.06359E-3 2.97308E-3 3.02669E-3 3.00157E-3 2.88544E-3 2.69426E-3 2.70513E-3 2.9623E-3 2.83076E-3 2.78421E-3
4.57323E-3 4.09598E-3 4.09598E-3 4.10923E-3 4.28888E-3 4.29069E-3 4.89624E-3 4.9609E-3 4.9609E-3 5.21909E-3 5.66541E-3 5.74679E-3 5.7788E-3 5.76278E-3 6.09045E-3 6.46735E-3 6.29136E-3 6.08089E-3 6.23703E-3 6.23703E-3 6.17272E-3 6.75094E-3 6.43967E-3 6.44962E-3 6.96309E-3 6.97571E-3 7.03767E-3 7.61377E-3 7.42812E-3 7.96479E-3 8.28831E-3 8.08041E-3 7.9413E-3 8.83536E-3 2.97578E-3 2.98496E-3 2.98402E-3 3.2135E-3 3.21399E-3 3.08209E-3 3.27404E-3 3.28328E-3 3.13827E-3 3.14707E-3 3.13752E-3 3.13627E-3 3.34376E-3 3.18163E-3 3.4148E-3 3.24632E-3 3.05109E-3 3.03952E-3 3.18272E-3 3.02477E-3 3.01801E-3 2.88156E-3 2.86887E-3 2.69463E-3 2.74576E-3 2.95138E-3 2.8221E-3
4.28932E-3 4.10667E-3 4.06003E-3 4.09598E-3 4.11405E-3 4.31794E-3 4.35087E-3 4.90206E-3 5.16346E-3 5.20055E-3 5.29014E-3 5.68802E-3 5.96401E-3 6.06649E-3 6.49846E-3 6.53464E-3 6.10516E-3 6.41912E-3 6.18308E-3 6.26193E-3 6.30883E-3 6.02325E-3 6.46337E-3 6.42972E-3 6.42385E-3 6.96508E-3 7.11604E-3 7.15606E-3 7.02908E-3 8.30733E-3 9.07432E-3 8.13576E-3 8.09654E-3 8.77181E-3 8.88428E-3 2.96051E-3 3.1881E-3 3.18789E-3 3.18935E-3 3.0651E-3 3.17249E-3 3.25626E-3 3.26534E-3 3.12086E-3 3.12086E-3 3.12877E-3 3.11116E-3 2.9704E-3 3.42808E-3 3.35792E-3 3.19646E-3 3.04169E-3 3.01943E-3 2.81935E-3 3.01801E-3 3.01726E-3 2.88229E-3 2.80485E-3 2.87057E-3 2.94622E-3 2.94803E-3
4.30626E-3 4.10471E-3 4.07716E-3 4.11336E-3 4.3123E-3 4.34343E-3 4.55791E-3 4.57798E-3 5.16135E-3 5.18401E-3 5.46595E-3 5.94286E-3 5.97832E-3 5.97832E-3 6.02115E-3 6.46007E-3 6.41414E-3 6.29068E-3 6.48299E-3 6.12951E-3 6.09554E-3 6.59337E-3 6.56713E-3 7.20081E-3 7.2544E-3 6.84355E-3 6.74354E-3 7.2028E-3 7.07489E-3 7.49991E-3 1.13569E-2 8.0646E-3 8.11329E-3 8.77055E-3 8.7603E-3 8.93441E-3 3.16235E-3 3.17111E-3 3.03779E-3 3.04761E-3 3.04837E-3 3.02401E-3 3.0258E-3 2.90032E-3 3.11203E-3 3.12114E-3 2.98277E-3 2.98134E-3 3.58862E-3 3.19734E-3 3.20716E-3 3.19704E-3 3.22177E-3 2.83361E-3 2.82046E-3 3.01609E-3 2.88498E-3 2.87724E-3 2.8291E-3 2.75146E-3 3.07731E-3
4.32824E-3 4.10271E-3 4.05251E-3 4.07716E-3 4.27242E-3 4.31733E-3 4.57395E-3 4.61439E-3 5.12834E-3 5.15919E-3 5.45723E-3 5.93342E-3 5.94286E-3 6.00213E-3 6.44739E-3 6.43717E-3 6.40401E-3 6.34834E-3 6.45245E-3 6.39891E-3 6.54412E-3 6.60133E-3 6.67978E-3 7.16972E-3 7.05365E-3 7.40337E-3 7.12965E-3 6.73895E-3 6.61907E-3 7.06087E-3 1.33559E-2 8.14359E-3 8.14627E-3 8.80179E-3 8.79607E-3 2.93292E-3 2.93229E-3 3.16497E-3 3.15923E-3 3.16884E-3 3.0454E-3 3.24167E-3 3.23845E-3 2.89178E-3 2.89968E-3 2.89995E-3 2.76977E-3 2.97635E-3 3.35558E-3 3.36607E-3 3.21696E-3 3.16407E-3 3.17263E-3 3.20889E-3 3.26045E-3 3.03815E-3 2.90376E-3 2.89943E-3 2.88843E-3 2.87724E-3 2.75132E-3
4.33103E-3 4.27105E-3 4.25429E-3 4.26129E-3 4.28231E-3 4.45438E-3 4.80245E-3 5.15022E-3 5.45433E-3 5.41363E-3 5.66209E-3 6.2177E-3 6.24495E-3 6.30725E-3 6.80471E-3 6.74825E-3 6.68955E-3 6.69223E-3 6.95202E-3 6.908E-3 6.91059E-3 6.57267E-3 6.91656E-3 6.7318E-3 7.02948E-3 6.59091E-3 7.43631E-3 7.63626E-3 6.70215E-3 9.26507E-3 3.34686E-3 8.84644E-3 7.75567E-3 8.72762E-3 9.14153E-3 9.87561E-3 3.13446E-3 3.14235E-3 3.14235E-3 3.01001E-3 3.12062E-3 2.99274E-3 2.86848E-3 2.8838E-3 2.89157E-3 2.89178E-3 2.76338E-3 2.76289E-3 2.71909E-3 3.04411E-3 2.94998E-3 3.16329E-3 3.03214E-3 3.12188E-3 3.59274E-3 3.66765E-3 3.88327E-3 3.54235E-3 3.25918E-3 3.25559E-3 2.7256E-3
4.56078E-3 4.31676E-3 4.28786E-3 4.25915E-3 4.49477E-3 4.4449E-3 5.26382E-3 5.12518E-3 5.42158E-3 5.45433E-3 5.70707E-3 6.24975E-3 6.56117E-3 7.08992E-3 7.05901E-3 7.03943E-3 7.03109E-3 7.47673E-3 7.04329E-3 7.04613E-3 7.56922E-3 6.95303E-3 6.49796E-3 6.4791E-3 6.80676E-3 6.90553E-3 8.95758E-3 8.40522E-3 1.01348E-2 1.51501E-2 1.40517E-2 8.86072E-3 7.75415E-3 8.64117E-3 9.08109E-3 9.80568E-3 3.12104E-3 3.12141E-3 3.13008E-3 3.13081E-3 2.97323E-3 2.98315E-3 2.99056E-3 2.86537E-3 2.8745E-3 2.88263E-3 2.88309E-3 2.74722E-3 2.94806E-3 2.78729E-3 3.03583E-3 2.81915E-3 2.91019E-3 2.76516E-3 2.73715E-3 2.95761E-3 3.02674E-3 2.72237E-3 2.7317E-3 2.53589E-3 2.67247E-3
4.5891E-3 4.53069E-3 4.55326E-3 4.44542E-3 4.49021E-3 4.6592E-3 5.16324E-3 5.36264E-3 5.42533E-3 5.66112E-3 5.78443E-3 6.55558E-3 6.4547E-3 6.95575E-3 7.22904E-3 7.1691E-3 7.03943E-3 7.35877E-3 7.28901E-3 7.8115E-3 7.40921E-3 7.37958E-3 6.40254E-3 7.07477E-3 8.18028E-3 8.77251E-3 1.30673E-2 1.2913E-2 1.0864E-2 1.15737E-2 9.07974E-3 7.87256E-3 7.646E-3 8.47685E-3 9.92602E-3 9.7502E-3 3.25116E-3 3.24761E-3 3.11122E-3 3.1124E-3 2.95659E-3 3.17479E-3 2.84977E-3 2.84754E-3 3.06676E-3 2.87309E-3 2.87309E-3 2.74255E-3 2.9154E-3 2.90239E-3 3.3749E-3 2.95673E-3 2.81625E-3 2.76465E-3 3.04801E-3 3.46596E-3 2.36595E-3 2.17777E-3 2.52907E-3 2.34235E-3 2.53243E-3
4.58667E-3 4.56875E-3 4.55842E-3 4.44307E-3 4.39374E-3 4.67512E-3 5.37839E-3 5.42628E-3 5.71669E-3 5.72181E-3 6.48483E-3 6.47731E-3 6.46978E-3 6.98329E-3 7.45629E-3 7.1463E-3 7.06736E-3 7.36746E-3 8.14329E-3 8.13099E-3 7.56397E-3 6.84468E-3 6.12673E-3 8.97609E-3 1.23346E-2 1.13533E-2 1.12918E-2 1.13451E-2 1.00479E-2 9.91817E-3 8.2182E-3 7.66836E-3 8.33172E-3 9.52832E-3 9.95346E-3 9.63984E-3 8.86661E-3 3.23015E-3 3.09231E-3 2.92628E-3 2.93113E-3 2.94687E-3 2.82576E-3 2.83994E-3 2.84782E-3 2.85572E-3 2.72799E-3 2.70829E-3 2.70238E-3 3.12489E-3 3.47617E-3 3.11797E-3 2.8099E-3 2.8857E-3 3.19436E-3 2.72952E-3 2.27429E-3 2.53755E-3 3.3473E-3 2.35976E-3 2.64868E-3
5.17873E-3 4.49052E-3 4.3572E-3 4.25371E-3 4.46859E-3 5.12693E-3 5.39954E-3 5.45383E-3 5.67285E-3 6.46071E-3 6.48928E-3 6.44585E-3 6.47431E-3 7.48261E-3 7.47384E-3 8.09396E-3 7.59613E-3 7.37613E-3 8.08508E-3 8.0791E-3 8.43927E-3 7.73822E-3 6.87536E-3 9.52277E-3 1.30903E-2 8.40581E-3 1.57764E-2 1.10706E-2 9.2887E-3 9.74334E-3 7.96259E-3 8.35284E-3 8.65153E-3 9.58118E-3 9.58495E-3 8.9521E-3 8.63184E-3 3.20655E-3 3.03962E-3 3.26717E-3 3.27666E-3 2.92909E-3 3.00693E-3 2.82452E-3 2.82368E-3 2.83878E-3 2.68778E-3 2.68888E-3 2.68835E-3 2.84405E-3 3.48152E-3 2.73987E-3 3.12098E-3 3.10641E-3 3.03948E-3 2.64582E-3 2.42534E-3 2.94693E-3 3.02624E-3 2.56473E-3 2.71351E-3
4.81883E-3 4.60514E-3 4.02548E-3 4.72411E-3 5.49107E-3 6.27575E-3 6.03889E-3 5.34895E-3 5.6473E-3 6.5298E-3 6.43963E-3 6.45017E-3 7.43972E-3 7.42592E-3 7.40532E-3 7.98838E-3 7.92552E-3 8.24402E-3 8.06262E-3 8.68759E-3 8.65692E-3 8.7677E-3 7.77589E-3 9.69061E-3 1.20533E-2 7.72391E-3 9.16479E-3 8.23226E-3 1.05743E-2 9.73127E-3 8.71772E-3 8.64397E-3 9.30163E-3 9.25237E-3 8.85238E-3 9.55517E-3 8.1529E-3 3.39158E-3 3.23693E-3 3.24393E-3 3.10488E-3 3.08339E-3 3.09537E-3 2.8014E-3 2.80653E-3 2.79265E-3 2.67056E-3 2.67301E-3 2.64824E-3 2.93755E-3 3.41695E-3 3.3621E-3 3.73568E-3 3.63529E-3 2.90621E-3 2.42141E-3 2.40664E-3 3.17491E-3 2.58706E-3 2.57779E-3 2.70607E-3
4.36E-3 5.12993E-3 6.45964E-3 8.56256E-3 5.60654E-3 4.51425E-3 4.77824E-3 5.36098E-3 5.6823E-3 6.51585E-3 6.47233E-3 6.84303E-3 7.39498E-3 7.23235E-3 7.75898E-3 7.69809E-3 7.65887E-3 7.944E-3 8.58395E-3 8.47273E-3 8.58857E-3 9.352E-3 9.35951E-3 8.84688E-3 8.85384E-3 8.74922E-3 8.55439E-3 8.45578E-3 1.05691E-2 1.25207E-2 1.1E-2 8.65501E-3 8.97155E-3 8.54032E-3 8.18892E-3 8.36814E-3 9.98317E-3 3.53572E-3 3.53337E-3 3.19081E-3 3.05556E-3 3.06445E-3 3.06892E-3 2.9472E-3 2.96179E-3 2.64412E-3 2.64714E-3 2.65225E-3 2.8212E-3 2.78479E-3 2.56576E-3 2.99126E-3 3.2601E-3 2.62888E-3 2.57181E-3 2.68167E-3 2.70353E-3 3.70807E-3 3.11468E-3 2.91044E-3 2.98847E-3
5.71708E-3 6.13089E-3 6.63931E-3 4.71705E-3 4.33946E-3 4.78086E-3 5.46967E-3 5.62341E-3 6.45158E-3 6.43708E-3 6.83617E-3 7.38773E-3 7.04292E-3 6.76991E-3 7.55955E-3 8.16438E-3 8.22737E-3 8.4197E-3 8.50647E-3 9.03012E-3 1.02357E-2 9.2376E-3 1.00447E-2 1.0322E-2 9.6041E-3 9.3856E-3 9.36664E-3 9.05229E-3 9.61005E-3 1.23129E-2 9.33967E-3 8.62921E-3 8.0866E-3 7.76E-3 8.77085E-3 8.77762E-3 1.08485E-2 3.24145E-3 2.93027E-3 2.69669E-3 3.03846E-3 3.04451E-3 2.91362E-3 2.92581E-3 2.93606E-3 2.94545E-3 2.92602E-3 2.9316E-3 2.93252E-3 2.9004E-3 3.06328E-3 3.34717E-3 3.79791E-3 2.66576E-3 2.2143E-3 2.57291E-3 2.57582E-3 3.23194E-3 2.88562E-3 3.08477E-3 3.44186E-3
7.31038E-3 5.04315E-3 5.17714E-3 4.98206E-3 5.13735E-3 5.31131E-3 5.64216E-3 5.84446E-3 6.36606E-3 6.66404E-3 6.81367E-3 6.74339E-3 6.73251E-3 6.49406E-3 7.4759E-3 8.33071E-3 9.15422E-3 8.34023E-3 8.04643E-3 1.0888E-2 1.04807E-2 1.15068E-2 1.03507E-2 9.76874E-3 9.4117E-3 9.17599E-3 9.65309E-3 9.56871E-3 1.09908E-2 1.12E-2 1.10395E-2 9.81636E-3 7.70197E-3 8.16568E-3 9.92435E-3 8.69768E-3 1.01333E-2 3.38735E-3 2.96612E-3 2.87953E-3 2.88E-3 3.01036E-3 3.02477E-3 3.00238E-3 2.87686E-3 2.92444E-3 2.89857E-3 2.90592E-3 3.09087E-3 3.19482E-3 2.97873E-3 3.62882E-3 4.22927E-3 3.07392E-3 2.60318E-3 2.74514E-3 2.76939E-3 2.91502E-3 2.9183E-3 3.30799E-3 3.11427E-3
5.50735E-3 5.55657E-3 5.33253E-3 5.27352E-3 5.38267E-3 5.78207E-3 5.67664E-3 6.18733E-3 6.41231E-3 6.30959E-3 6.13966E-3 6.16616E-3 6.83569E-3 6.82405E-3 6.99399E-3 7.89474E-3 1.17744E-2 1.21304E-2 1.0947E-2 1.29764E-2 1.39871E-2 1.71729E-2 1.0015E-2 9.06277E-3 9.35624E-3 9.92093E-3 9.9012E-3 1.0568E-2 1.00169E-2 1.05001E-2 1.12133E-2 8.97302E-3 9.69616E-3 8.26138E-3 1.0919E-2 1.24432E-2 1.06999E-2 2.86092E-3 2.78193E-3 2.83031E-3 2.96112E-3 3.31876E-3 3.15248E-3 2.84841E-3 2.86302E-3 3.07209E-3 2.87479E-3 2.88712E-3 2.85312E-3 2.82485E-3 2.98022E-3 3.76071E-3 3.41829E-3 2.56712E-3 2.54527E-3 3.05362E-3 3.90579E-3 3.62536E-3 3.24212E-3 3.19771E-3 3.05903E-3
5.72239E-3 6.2667E-3 5.46765E-3 5.50994E-3 5.84339E-3 5.95919E-3 5.92608E-3 5.63873E-3 6.22832E-3 6.14928E-3 7.44502E-3 8.88564E-3 8.57322E-3 1.17945E-2 1.04436E-2 8.5558E-3 7.03496E-3 9.27403E-3 1.02442E-2 9.88829E-3 9.11683E-3 8.35047E-3 9.29744E-3 8.08085E-3 8.92697E-3 1.03589E-2 9.20073E-3 9.81162E-3 9.5271E-3 1.04875E-2 1.0785E-2 1.08617E-2 1.04485E-2 8.28826E-3 1.03412E-2 8.73092E-3 8.63151E-3 8.23568E-3 2.91521E-3 2.78431E-3 2.9373E-3 3.26302E-3 3.12778E-3 2.8277E-3 3.03703E-3 3.18695E-3 3.38906E-3 3.02518E-3 3.00305E-3 3.10827E-3 3.37174E-3 3.25765E-3 2.91904E-3 2.55215E-3 2.98674E-3 3.891E-3 4.91706E-3 3.73954E-3 3.51143E-3 3.4957E-3 3.68364E-3
