Artocarpus hirsutus SDM files/MIS19/results (with bias file)/Arthir_max.asc
ncols         625
nrows         721
xllcorner     69.99986311115
yllcorner     5.99986187915
cellsize      0.041666667
NODATA_value  -9999
[rows 297 to 323 of 721, columns 305 to 365 of 625]
1.70224E-2 1.55865E-2 1.37161E-2 2.38406E-2 2.56339E-2 2.29336E-2 1.96417E-2 1.10836E-2 1.09769E-2 1.22834E-2 1.049E-2 8.66388E-3 1.18535E-2 1.16696E-2 1.07188E-2 1.59232E-2 1.28404E-2 1.39749E-2 1.60339E-2 1.25213E-2 1.29209E-2 1.44205E-2 2.00596E-2 1.91915E-2 1.36584E-2 1.3915E-2 1.80952E-2 1.32396E-2 1.21924E-2 1.45752E-2 1.9997E-2 2.80259E-2 1.67265E-2 1.52734E-2 1.88604E-2 1.65042E-2 2.2259E-2 2.29698E-2 1.72468E-2 2.21892E-2 2.78536E-2 2.59379E-2 1.92774E-2 1.84558E-2 1.79761E-2 1.75765E-2 2.1792E-2 1.86638E-2 1.42791E-2 1.27496E-2 1.05895E-2 1.77049E-2 1.3334E-2 1.61842E-2 1.57988E-2 1.76801E-2 1.66806E-2 2.45401E-2 2.87627E-2 2.24599E-2 1.54943E-2
1.70962E-2 1.79388E-2 7.99226E-3 7.66385E-3 1.19567E-2 2.13629E-2 2.29289E-2 1.80822E-2 1.69925E-2 1.75813E-2 1.20257E-2 1.71084E-2 1.87118E-2 2.3274E-2 2.01026E-2 1.58282E-2 1.50385E-2 2.05524E-2 1.93095E-2 1.28292E-2 1.26381E-2 1.44589E-2 1.27838E-2 1.08963E-2 1.12174E-2 1.24367E-2 1.63603E-2 2.43213E-2 2.76841E-2 2.83906E-2 2.02451E-2 1.4606E-2 1.44421E-2 2.21521E-2 2.60651E-2 2.21284E-2 3.90139E-2 2.06286E-2 1.31442E-2 2.14371E-2 1.94533E-2 1.63694E-2 1.90001E-2 2.40282E-2 3.33473E-2 2.34423E-2 2.93454E-2 2.7373E-2 1.95213E-2 2.08016E-2 1.73174E-2 2.44577E-2 2.13216E-2 2.44594E-2 2.72741E-2 2.4131E-2 2.02029E-2 2.29121E-2 2.52E-2 2.64256E-2 2.62142E-2
1.22905E-2 7.90031E-3 7.30869E-3 1.87682E-2 1.7643E-2 1.40302E-2 1.98102E-2 1.19787E-2 1.12766E-2 2.08313E-2 1.59822E-2 2.32512E-2 2.17518E-2 2.00975E-2 1.70061E-2 1.88053E-2 2.22691E-2 1.86887E-2 1.22933E-2 1.45991E-2 1.93759E-2 1.43679E-2 1.51155E-2 2.07511E-2 1.23162E-2 1.04357E-2 1.10518E-2 1.2309E-2 1.70684E-2 2.81361E-2 3.161E-2 3.03713E-2 2.23695E-2 2.11284E-2 2.4799E-2 3.75176E-2 2.87962E-2 2.23721E-2 1.22206E-2 1.69177E-2 1.59795E-2 2.23788E-2 1.91851E-2 1.58955E-2 2.52446E-2 3.61709E-2 2.39384E-2 1.31561E-2 1.62034E-2 2.05224E-2 2.35523E-2 2.4778E-2 2.59693E-2 2.97334E-2 2.64179E-2 1.84016E-2 2.04059E-2 2.31403E-2 2.28972E-2 2.59427E-2 1.82201E-2
1.48337E-2 1.37245E-2 7.6475E-3 1.35709E-2 7.82311E-3 7.64379E-3 6.5916E-3 9.50632E-3 1.81471E-2 1.68244E-2 1.314E-2 1.21251E-2 1.44136E-2 1.16623E-2 8.62838E-3 1.09162E-2 1.29807E-2 1.62472E-2 2.23498E-2 1.72796E-2 2.0941E-2 2.27957E-2 2.04163E-2 1.3767E-2 9.73465E-3 1.03135E-2 1.05934E-2 1.31567E-2 1.22824E-2 1.50723E-2 2.48353E-2 2.53742E-2 1.4438E-2 1.63043E-2 2.25681E-2 2.1653E-2 4.57312E-2 2.42475E-2 9.67061E-3 1.38674E-2 1.39231E-2 2.37272E-2 2.9381E-2 2.17361E-2 2.24394E-2 2.53629E-2 1.14385E-2 1.142E-2 1.34055E-2 1.687E-2 1.73312E-2 2.06939E-2 2.64668E-2 2.3776E-2 2.38163E-2 2.4193E-2 2.73125E-2 2.49148E-2 2.33022E-2 2.73487E-2 2.00237E-2
6.69086E-3 8.08253E-3 1.1903E-2 1.17271E-2 1.68983E-2 2.77913E-2 2.02961E-2 1.08583E-2 8.93723E-3 8.59633E-3 9.95344E-3 9.39331E-3 8.28588E-3 8.73127E-3 1.10277E-2 1.5398E-2 1.6596E-2 1.00441E-2 8.70337E-3 7.21977E-3 1.20191E-2 2.08959E-2 2.92101E-2 1.22866E-2 9.57383E-3 1.18184E-2 1.32335E-2 2.29623E-2 2.03754E-2 2.40564E-2 2.6339E-2 1.17955E-2 8.38855E-3 9.91946E-3 1.38578E-2 2.18764E-2 3.35509E-2 3.05143E-2 9.6756E-3 1.84428E-2 3.00999E-2 2.07081E-2 2.7625E-2 2.34866E-2 3.81505E-2 2.31323E-2 1.22007E-2 1.18641E-2 1.27506E-2 1.53397E-2 1.61581E-2 1.84774E-2 2.05929E-2 1.67354E-2 1.68968E-2 2.16141E-2 2.04669E-2 2.40153E-2 2.43932E-2 2.71018E-2 2.38322E-2
8.81201E-3 1.68512E-2 1.86049E-2 2.05497E-2 2.02373E-2 1.29681E-2 1.04119E-2 9.50678E-3 8.4929E-3 8.93647E-3 9.12333E-3 1.32975E-2 1.4027E-2 1.39746E-2 1.33848E-2 1.46536E-2 1.69087E-2 1.29497E-2 7.29553E-3 8.84386E-3 1.94511E-2 1.45451E-2 2.3089E-2 9.26102E-3 1.61418E-2 2.09431E-2 1.26704E-2 2.03311E-2 2.55638E-2 2.91494E-2 1.75884E-2 1.11301E-2 8.22755E-3 1.00021E-2 1.29522E-2 1.84929E-2 3.23368E-2 1.58449E-2 9.68426E-3 2.20234E-2 3.69936E-2 3.13239E-2 3.25625E-2 3.10488E-2 1.84431E-2 1.2112E-2 1.40311E-2 1.58478E-2 1.80784E-2 2.25382E-2 2.12409E-2 2.2047E-2 2.74703E-2 1.96944E-2 1.99229E-2 1.88015E-2 1.89683E-2 2.0287E-2 2.1105E-2 2.5549E-2 2.75879E-2
2.04162E-2 1.83987E-2 1.59674E-2 1.32941E-2 1.33495E-2 1.19594E-2 1.22807E-2 1.16603E-2 1.09021E-2 1.22109E-2 1.40402E-2 1.12945E-2 1.06775E-2 8.63195E-3 7.40893E-3 8.32419E-3 7.68065E-3 7.06172E-3 9.13506E-3 7.80928E-3 1.20834E-2 1.70002E-2 2.23148E-2 9.84588E-3 8.85011E-3 2.05115E-2 1.51491E-2 2.25632E-2 2.44753E-2 1.76862E-2 1.58425E-2 1.01175E-2 1.27625E-2 1.27164E-2 1.72002E-2 2.73897E-2 4.09255E-2 3.29331E-2 2.08865E-2 1.22456E-2 2.73314E-2 5.36938E-2 4.25137E-2 3.90924E-2 1.35642E-2 1.32574E-2 1.53175E-2 1.60117E-2 1.92152E-2 2.36132E-2 2.98095E-2 2.56072E-2 2.5218E-2 2.70314E-2 2.24498E-2 2.10366E-2 2.48833E-2 2.15533E-2 2.25515E-2 2.65606E-2 2.78764E-2
1.70624E-2 1.61493E-2 1.37197E-2 1.28618E-2 1.15441E-2 1.11309E-2 1.44542E-2 1.58403E-2 1.36192E-2 1.1051E-2 1.09338E-2 1.0238E-2 9.13925E-3 9.33543E-3 1.20777E-2 8.42316E-3 1.01184E-2 1.33305E-2 1.53975E-2 1.22536E-2 1.2711E-2 8.86604E-3 9.65284E-3 8.13452E-3 9.2899E-3 1.12165E-2 1.53129E-2 1.89901E-2 1.77132E-2 1.46967E-2 1.54043E-2 1.7509E-2 1.8865E-2 2.01854E-2 3.14015E-2 3.78907E-2 4.43519E-2 3.05476E-2 1.71423E-2 1.14243E-2 1.87489E-2 3.11817E-2 2.96075E-2 1.82576E-2 1.36367E-2 1.53548E-2 1.63483E-2 2.24068E-2 2.61887E-2 3.06273E-2 3.2745E-2 2.68888E-2 3.24874E-2 2.90088E-2 2.08439E-2 2.23204E-2 2.43757E-2 2.61204E-2 2.41028E-2 2.45503E-2 2.48273E-2
1.05016E-2 1.35433E-2 1.3658E-2 1.77754E-2 1.55017E-2 1.39293E-2 1.3538E-2 1.62441E-2 1.44469E-2 1.29546E-2 1.20092E-2 1.23191E-2 1.29572E-2 1.34189E-2 1.16717E-2 1.22226E-2 1.16829E-2 9.67842E-3 1.35408E-2 1.43575E-2 9.49783E-3 8.25358E-3 1.18068E-2 1.1557E-2 8.46704E-3 9.3031E-3 7.9573E-3 8.58989E-3 1.06765E-2 7.72276E-3 9.09475E-3 9.15424E-3 1.19982E-2 1.2011E-2 2.43055E-2 3.65722E-2 3.11399E-2 2.65442E-2 1.74599E-2 1.42289E-2 4.29256E-2 2.86367E-2 1.44561E-2 1.37025E-2 1.50793E-2 1.49516E-2 2.60881E-2 3.05796E-2 3.33246E-2 3.27012E-2 3.44624E-2 2.88136E-2 3.36065E-2 2.72129E-2 2.5993E-2 2.6299E-2 2.46805E-2 2.64533E-2 2.93032E-2 2.9721E-2 2.10178E-2
1.14472E-2 1.16575E-2 1.43631E-2 1.87488E-2 1.51372E-2 1.56474E-2 1.85454E-2 1.79858E-2 1.60703E-2 1.2386E-2 1.36176E-2 1.12168E-2 1.23838E-2 1.24271E-2 1.36026E-2 1.74908E-2 1.8399E-2 1.7725E-2 1.53411E-2 1.28931E-2 1.09419E-2 1.17849E-2 1.60771E-2 1.55946E-2 1.04301E-2 1.716E-2 1.1524E-2 8.62876E-3 7.38756E-3 9.01453E-3 9.88641E-3 1.77552E-2 1.21173E-2 9.49789E-3 1.53684E-2 2.43467E-2 1.8772E-2 2.89664E-2 1.59341E-2 1.50577E-2 2.54743E-2 2.81682E-2 1.59846E-2 1.6509E-2 1.67975E-2 1.7698E-2 2.55554E-2 2.90281E-2 2.33383E-2 2.21056E-2 2.46489E-2 2.21612E-2 2.34133E-2 2.28289E-2 2.71155E-2 2.54861E-2 2.4746E-2 2.3897E-2 2.75789E-2 2.59527E-2 2.17195E-2
1.56015E-2 1.83883E-2 1.65436E-2 1.92344E-2 1.50626E-2 1.59671E-2 1.37848E-2 1.48211E-2 1.54484E-2 1.50325E-2 1.42437E-2 1.46161E-2 1.09403E-2 1.32386E-2 1.5627E-2 1.24137E-2 1.19382E-2 1.25211E-2 1.62025E-2 1.87889E-2 1.2177E-2 1.99025E-2 2.18067E-2 1.28902E-2 1.64629E-2 9.08567E-3 1.16566E-2 1.73671E-2 1.19501E-2 1.30576E-2 1.26924E-2 1.62821E-2 3.39395E-2 1.45175E-2 1.0441E-2 1.23462E-2 1.37438E-2 3.57945E-2 1.97867E-2 1.4593E-2 4.15182E-2 1.81645E-2 1.65364E-2 2.03034E-2 3.03598E-2 3.0271E-2 2.23043E-2 1.92393E-2 2.24665E-2 2.37323E-2 2.21533E-2 2.11954E-2 2.4314E-2 2.47631E-2 2.2842E-2 1.73424E-2 1.68943E-2 2.20373E-2 2.65742E-2 2.20059E-2 1.927E-2
1.66546E-2 2.15408E-2 1.9795E-2 2.3595E-2 1.60761E-2 1.32113E-2 1.57262E-2 1.71598E-2 1.52274E-2 1.5693E-2 1.55987E-2 1.46078E-2 1.18869E-2 1.70803E-2 1.77612E-2 1.4357E-2 1.3295E-2 9.19033E-3 1.00224E-2 2.54295E-2 1.75466E-2 2.11052E-2 2.1593E-2 1.23707E-2 1.52643E-2 1.23205E-2 1.47929E-2 9.91347E-3 1.43424E-2 1.20015E-2 1.30175E-2 1.29415E-2 1.14132E-2 9.48797E-3 1.12058E-2 1.52701E-2 1.80986E-2 2.38614E-2 1.80835E-2 2.26591E-2 3.07698E-2 2.12059E-2 1.53898E-2 1.68163E-2 1.90883E-2 2.44189E-2 2.03157E-2 2.85547E-2 2.87607E-2 2.58088E-2 2.43885E-2 2.45411E-2 2.4007E-2 2.72164E-2 2.44333E-2 1.60945E-2 1.75724E-2 2.53275E-2 2.71916E-2 2.12675E-2 1.97505E-2
1.33256E-2 1.4675E-2 1.93523E-2 2.24832E-2 1.96346E-2 1.3708E-2 1.2588E-2 1.27797E-2 1.98372E-2 2.10565E-2 1.63042E-2 1.37156E-2 1.43641E-2 2.19219E-2 1.88471E-2 1.46637E-2 1.74028E-2 1.42547E-2 8.48819E-3 1.06667E-2 1.86192E-2 2.0122E-2 1.46609E-2 1.67828E-2 9.21882E-3 1.01935E-2 1.75608E-2 1.35457E-2 1.87004E-2 1.22692E-2 1.05074E-2 1.66453E-2 1.54E-2 1.31788E-2 2.06908E-2 1.42264E-2 1.50853E-2 1.63786E-2 1.9131E-2 3.09831E-2 3.92632E-2 3.39128E-2 1.67013E-2 2.01609E-2 2.24391E-2 2.13239E-2 2.0568E-2 2.70311E-2 3.14566E-2 3.36973E-2 3.91953E-2 2.46859E-2 1.95062E-2 2.2526E-2 2.25796E-2 2.10998E-2 1.82593E-2 2.57918E-2 2.25926E-2 2.19515E-2 2.03502E-2
1.5287E-2 1.34255E-2 1.4882E-2 1.86012E-2 1.6277E-2 1.34151E-2 1.52429E-2 1.26163E-2 1.42349E-2 1.16722E-2 1.22533E-2 1.10165E-2 1.88641E-2 1.51177E-2 1.8379E-2 1.23635E-2 1.27493E-2 1.75545E-2 1.38108E-2 1.48865E-2 2.0203E-2 2.34055E-2 1.68649E-2 1.62523E-2 7.66937E-3 8.26993E-3 1.13702E-2 1.8667E-2 1.89995E-2 1.14285E-2 1.19536E-2 1.7518E-2 3.11727E-2 2.94529E-2 1.92063E-2 1.59042E-2 1.35006E-2 2.03047E-2 2.0881E-2 2.91255E-2 3.3732E-2 4.42049E-2 2.11293E-2 1.83586E-2 2.14127E-2 2.17293E-2 2.42888E-2 2.30018E-2 2.70214E-2 2.6261E-2 3.29188E-2 2.22799E-2 1.86985E-2 2.07948E-2 1.94859E-2 1.79628E-2 2.27931E-2 2.80809E-2 2.26473E-2 2.55586E-2 2.27615E-2
1.22148E-2 1.12518E-2 1.25408E-2 1.36206E-2 1.54966E-2 1.62865E-2 1.44828E-2 1.4219E-2 1.00352E-2 9.64207E-3 9.90566E-3 1.0868E-2 1.39158E-2 2.01262E-2 1.84117E-2 1.19461E-2 1.1121E-2 1.54597E-2 2.44806E-2 2.35223E-2 2.32655E-2 1.5451E-2 1.70222E-2 1.17964E-2 1.35201E-2 1.0573E-2 9.06548E-3 1.11999E-2 1.77636E-2 1.55432E-2 1.26753E-2 2.47151E-2 3.63179E-2 2.74923E-2 2.25295E-2 1.46489E-2 1.64879E-2 1.40712E-2 1.44939E-2 2.0719E-2 2.20653E-2 4.72696E-2 2.20088E-2 2.30739E-2 2.81265E-2 3.14221E-2 2.83755E-2 2.39202E-2 2.18469E-2 2.63044E-2 3.55521E-2 3.07947E-2 1.81842E-2 2.08311E-2 1.85753E-2 2.24756E-2 2.50797E-2 2.13961E-2 2.17148E-2 2.5512E-2 1.98568E-2
2.75598E-2 1.82102E-2 1.30761E-2 1.28252E-2 1.37799E-2 1.37533E-2 1.50172E-2 1.41927E-2 1.48872E-2 1.41729E-2 1.06236E-2 9.82209E-3 8.89131E-3 8.25301E-3 1.18115E-2 1.3013E-2 7.36689E-3 9.21802E-3 9.40535E-3 9.72452E-3 1.54747E-2 1.22217E-2 1.00252E-2 1.49298E-2 1.56804E-2 1.47518E-2 1.91752E-2 1.53605E-2 1.21649E-2 1.99078E-2 2.10802E-2 1.34739E-2 1.99135E-2 2.17845E-2 1.97772E-2 1.63519E-2 2.63881E-2 2.09872E-2 2.04795E-2 1.45884E-2 2.06523E-2 2.77644E-2 2.55181E-2 2.11568E-2 2.57399E-2 2.78665E-2 2.63156E-2 2.78169E-2 2.19557E-2 2.32124E-2 3.19451E-2 3.23503E-2 2.09637E-2 1.74436E-2 1.97646E-2 2.38137E-2 1.80011E-2 1.96652E-2 1.86524E-2 1.94525E-2 2.05667E-2
2.0386E-2 1.20245E-2 1.63921E-2 2.57104E-2 2.24244E-2 1.48493E-2 1.78694E-2 1.67929E-2 1.5048E-2 1.65303E-2 1.10493E-2 1.21053E-2 1.19739E-2 9.30783E-3 8.81801E-3 9.35761E-3 8.65237E-3 7.4583E-3 7.7698E-3 8.54848E-3 9.29862E-3 1.0899E-2 7.73696E-3 9.43371E-3 7.20258E-3 8.66807E-3 1.29432E-2 1.76955E-2 1.85179E-2 1.82288E-2 1.89687E-2 1.29754E-2 9.65946E-3 1.06809E-2 1.18978E-2 1.5175E-2 3.1556E-2 2.15424E-2 2.71763E-2 1.6682E-2 1.98503E-2 2.71085E-2 2.77778E-2 1.72861E-2 1.76073E-2 2.01494E-2 1.90797E-2 1.9815E-2 1.99922E-2 2.47647E-2 2.54677E-2 3.2455E-2 2.68901E-2 1.72085E-2 1.75328E-2 1.95741E-2 1.93023E-2 1.83604E-2 1.97494E-2 1.97457E-2 2.13477E-2
1.71127E-2 1.19366E-2 1.67855E-2 2.03883E-2 1.976E-2 1.49908E-2 1.26968E-2 1.75456E-2 2.13105E-2 2.02824E-2 1.69525E-2 1.34471E-2 1.7614E-2 1.50031E-2 2.24954E-2 1.4789E-2 2.06272E-2 9.18744E-3 8.07993E-3 1.70952E-2 7.90598E-3 7.07139E-3 8.48156E-3 7.85019E-3 7.81722E-3 6.90869E-3 9.1788E-3 1.24431E-2 1.65735E-2 1.35458E-2 2.03965E-2 1.58157E-2 2.16343E-2 1.74234E-2 1.5191E-2 1.69332E-2 2.247E-2 2.23025E-2 2.14391E-2 1.94336E-2 1.58556E-2 2.46343E-2 2.62514E-2 2.17632E-2 3.61312E-2 2.87301E-2 2.20583E-2 2.2538E-2 1.83708E-2 2.77882E-2 3.37737E-2 3.17164E-2 2.2658E-2 1.91341E-2 2.00253E-2 1.85264E-2 1.6799E-2 2.17066E-2 2.13109E-2 2.53387E-2 2.36464E-2
1.98932E-2 1.59773E-2 1.46237E-2 1.27638E-2 1.89968E-2 1.72858E-2 1.46585E-2 1.28307E-2 1.70829E-2 2.54866E-2 1.79702E-2 1.47948E-2 2.57146E-2 1.92978E-2 2.29926E-2 1.50545E-2 1.68339E-2 7.44828E-3 7.7007E-3 1.31155E-2 1.84682E-2 7.69438E-3 9.77295E-3 1.78176E-2 9.73937E-3 8.86926E-3 7.90688E-3 1.14278E-2 1.15681E-2 1.28779E-2 1.67514E-2 2.648E-2 2.56636E-2 2.46348E-2 1.62338E-2 1.87635E-2 2.56117E-2 2.23248E-2 1.90662E-2 1.98931E-2 1.88054E-2 2.7138E-2 3.96527E-2 3.65526E-2 4.31143E-2 2.73547E-2 2.58757E-2 2.33881E-2 1.78912E-2 1.9827E-2 2.02988E-2 1.91406E-2 1.74856E-2 2.09505E-2 2.51185E-2 2.2009E-2 1.75693E-2 2.11082E-2 1.85002E-2 2.08325E-2 1.67965E-2
2.21477E-2 1.79827E-2 1.49332E-2 1.39628E-2 1.35005E-2 1.50451E-2 1.71537E-2 1.21534E-2 1.12482E-2 1.78401E-2 2.66371E-2 2.44617E-2 1.50517E-2 1.95719E-2 1.92603E-2 1.55306E-2 6.32072E-3 6.83642E-3 7.48521E-3 8.688E-3 1.08042E-2 1.3882E-2 8.51106E-3 1.47244E-2 1.65595E-2 1.10356E-2 7.82459E-3 8.23758E-3 8.75989E-3 9.21874E-3 9.6522E-3 1.48983E-2 3.35474E-2 3.19894E-2 1.79742E-2 1.528E-2 1.78746E-2 2.34517E-2 1.58135E-2 1.47431E-2 1.9292E-2 1.88698E-2 1.58778E-2 1.76457E-2 1.98321E-2 1.97926E-2 2.05436E-2 1.96026E-2 1.84098E-2 2.24386E-2 1.53158E-2 1.45643E-2 1.38173E-2 1.48439E-2 1.77218E-2 2.18272E-2 1.58291E-2 1.36557E-2 1.52606E-2 1.40839E-2 2.28667E-2
1.61644E-2 1.64689E-2 1.76793E-2 1.31343E-2 9.72633E-3 1.27742E-2 1.37954E-2 1.4749E-2 1.05356E-2 1.47198E-2 3.238E-2 2.22716E-2 2.3832E-2 1.97144E-2 1.62596E-2 1.58253E-2 9.94663E-3 1.23678E-2 8.34541E-3 9.01545E-3 1.30103E-2 1.72193E-2 8.69996E-3 1.50459E-2 2.31944E-2 1.96942E-2 1.0663E-2 9.85627E-3 1.05347E-2 1.39252E-2 1.21854E-2 1.41002E-2 2.69532E-2 2.38195E-2 2.23093E-2 1.39452E-2 1.49594E-2 2.0495E-2 1.95249E-2 1.78454E-2 2.02187E-2 1.7812E-2 1.63472E-2 1.29596E-2 2.4262E-2 2.36504E-2 1.74187E-2 1.76411E-2 1.9412E-2 1.94509E-2 1.59642E-2 1.44778E-2 1.49135E-2 1.33511E-2 1.30186E-2 1.50158E-2 2.00198E-2 1.59745E-2 1.61181E-2 9.63477E-3 1.8535E-2
1.5111E-2 1.02001E-2 1.07832E-2 8.80965E-3 1.03589E-2 1.56543E-2 1.85766E-2 1.35028E-2 1.11638E-2 1.28893E-2 1.58958E-2 1.14761E-2 1.38641E-2 1.3348E-2 1.40741E-2 1.37458E-2 8.78304E-3 6.8878E-3 8.30426E-3 9.49863E-3 1.09892E-2 1.14187E-2 9.51369E-3 1.18074E-2 1.93171E-2 2.41118E-2 1.07021E-2 9.96257E-3 1.0316E-2 1.50368E-2 1.89781E-2 1.48674E-2 1.31834E-2 1.30918E-2 1.67678E-2 1.37432E-2 1.25692E-2 1.32839E-2 1.58651E-2 2.39344E-2 1.53761E-2 1.21136E-2 2.05784E-2 1.23234E-2 3.1974E-2 3.10949E-2 2.38018E-2 2.35234E-2 2.03876E-2 1.85193E-2 1.97234E-2 2.07484E-2 2.24431E-2 1.84275E-2 1.43707E-2 1.18512E-2 1.97323E-2 2.63771E-2 1.70385E-2 1.26684E-2 1.52709E-2
1.16139E-2 7.83775E-3 8.0169E-3 1.20045E-2 1.68647E-2 2.52375E-2 1.77764E-2 1.76236E-2 1.19594E-2 2.16916E-2 1.18317E-2 4.84586E-3 8.95813E-3 9.57298E-3 8.98626E-3 1.1749E-2 8.37548E-3 7.39E-3 8.82922E-3 1.25216E-2 9.88477E-3 8.63727E-3 1.13163E-2 1.01078E-2 1.14047E-2 1.7913E-2 1.45469E-2 1.33833E-2 1.05836E-2 1.67721E-2 1.88807E-2 1.6153E-2 1.44866E-2 1.49782E-2 1.49534E-2 1.5381E-2 1.08492E-2 1.13011E-2 1.39205E-2 2.01571E-2 1.54976E-2 1.38956E-2 1.90902E-2 1.25953E-2 2.14738E-2 2.67002E-2 2.62336E-2 1.89454E-2 1.57528E-2 1.38378E-2 1.40319E-2 1.36562E-2 1.66267E-2 2.07817E-2 2.27985E-2 1.60426E-2 1.01429E-2 1.72111E-2 1.25074E-2 9.98998E-3 1.23151E-2
1.16112E-2 1.0599E-2 9.76111E-3 1.31756E-2 1.72504E-2 1.50066E-2 2.70469E-2 2.1235E-2 1.36897E-2 1.73375E-2 9.09434E-3 7.94877E-3 6.46439E-3 1.12422E-2 8.13961E-3 7.44894E-3 8.34524E-3 9.13926E-3 1.13581E-2 1.08073E-2 1.06213E-2 8.82302E-3 9.03095E-3 1.06822E-2 1.08863E-2 1.51476E-2 8.90632E-3 8.58732E-3 8.99022E-3 1.18262E-2 1.76979E-2 1.84879E-2 1.94912E-2 1.73309E-2 1.98116E-2 1.94625E-2 1.67436E-2 1.07293E-2 1.28118E-2 1.48835E-2 1.16659E-2 1.33848E-2 1.59934E-2 1.26651E-2 1.6441E-2 1.73355E-2 2.05389E-2 1.80292E-2 1.49338E-2 1.26041E-2 1.20484E-2 1.0137E-2 1.11355E-2 2.06683E-2 1.37186E-2 8.16503E-3 1.05321E-2 2.13585E-2 1.69643E-2 1.20058E-2 1.73821E-2
1.31235E-2 1.88588E-2 1.11108E-2 1.09412E-2 1.14312E-2 1.28805E-2 1.26129E-2 1.40068E-2 6.68047E-3 7.36933E-3 1.0886E-2 1.14749E-2 8.70858E-3 7.67055E-3 1.26843E-2 1.00782E-2 8.81843E-3 1.05048E-2 1.37088E-2 9.98979E-3 7.58604E-3 8.67604E-3 7.67198E-3 8.97842E-3 9.66567E-3 9.64983E-3 9.1057E-3 9.03087E-3 1.0367E-2 1.0684E-2 1.65727E-2 2.56415E-2 1.95732E-2 1.16543E-2 1.61442E-2 1.2875E-2 1.11648E-2 1.11721E-2 1.24997E-2 1.4677E-2 1.35985E-2 1.24383E-2 1.42309E-2 1.76289E-2 2.03456E-2 1.94193E-2 2.33625E-2 1.73168E-2 1.36293E-2 1.16979E-2 1.27051E-2 1.0334E-2 1.10452E-2 1.27489E-2 9.86063E-3 1.06641E-2 1.0326E-2 1.81796E-2 2.52542E-2 1.20945E-2 2.37384E-2
1.79373E-2 2.51704E-2 1.8858E-2 1.26981E-2 9.68554E-3 1.40098E-2 1.21135E-2 7.33697E-3 6.06589E-3 6.64865E-3 7.66862E-3 1.65044E-2 9.02515E-3 8.14332E-3 1.36757E-2 1.09259E-2 1.07568E-2 1.25596E-2 1.26289E-2 1.11177E-2 8.28745E-3 8.87127E-3 9.56745E-3 9.43689E-3 9.16552E-3 9.01897E-3 9.93585E-3 1.27945E-2 1.1935E-2 1.14244E-2 1.81086E-2 2.86226E-2 2.42383E-2 1.09338E-2 1.39771E-2 1.15809E-2 1.09013E-2 1.26751E-2 1.25861E-2 1.3906E-2 1.41786E-2 1.78567E-2 1.94971E-2 1.7691E-2 1.79116E-2 1.68387E-2 1.82188E-2 1.37477E-2 1.08506E-2 1.09548E-2 1.41491E-2 1.05523E-2 1.3358E-2 1.42167E-2 1.7305E-2 1.43944E-2 1.01828E-2 1.43246E-2 1.04523E-2 1.05834E-2 9.783E-3
2.61747E-2 2.39191E-2 9.93841E-3 1.35998E-2 1.79767E-2 1.82654E-2 1.1541E-2 5.74824E-3 6.64399E-3 7.08208E-3 7.56219E-3 9.85662E-3 1.02116E-2 1.09626E-2 1.72779E-2 1.08509E-2 1.15078E-2 1.28018E-2 1.45931E-2 1.81038E-2 1.46753E-2 1.33E-2 1.10909E-2 1.14769E-2 1.05475E-2 1.15446E-2 1.46493E-2 1.15464E-2 1.11008E-2 1.12954E-2 1.60799E-2 1.4708E-2 1.60991E-2 1.32403E-2 1.17363E-2 1.31326E-2 1.3218E-2 1.12241E-2 1.37858E-2 1.79112E-2 2.48745E-2 2.26841E-2 1.49326E-2 1.39308E-2 1.70246E-2 1.99238E-2 1.81847E-2 1.16865E-2 1.11931E-2 1.0289E-2 1.34013E-2 1.13388E-2 9.11479E-3 7.90565E-3 1.31744E-2 1.74126E-2 1.22061E-2 1.27961E-2 1.33208E-2 1.42147E-2 1.049E-2
