Artocarpus hirsutus SDM files/MIS19/results (with bias file)/Arthir_min.asc
ncols         625
nrows         721
xllcorner     69.99986311115
yllcorner     5.99986187915
cellsize      0.041666667
NODATA_value  -9999
[rows 243 to 269 of 721, columns 244 to 304 of 625]
1.25958E-3 1.37292E-3 1.2765E-3 1.09879E-3 1.23767E-3 1.29533E-3 1.2581E-3 1.11586E-3 1.19767E-3 1.34904E-3 1.74867E-3 1.74027E-3 1.69073E-3 1.69383E-3 1.55512E-3 1.54443E-3 1.48897E-3 1.58449E-3 1.53979E-3 1.53348E-3 1.59663E-3 1.61672E-3 1.6609E-3 1.7242E-3 1.61586E-3 1.6299E-3 1.74142E-3 1.61709E-3 1.58196E-3 1.51807E-3 1.55329E-3 1.6064E-3 1.56652E-3 1.45788E-3 1.50605E-3 1.5168E-3 1.46535E-3 1.52982E-3 1.49551E-3 1.52433E-3 1.41831E-3 1.34717E-3 1.34021E-3 1.45477E-3 1.39594E-3 1.48382E-3 1.44761E-3 1.44489E-3 1.44989E-3 1.48341E-3 1.48845E-3 1.65687E-3 1.67146E-3 1.70105E-3 1.71589E-3 1.65518E-3 1.6659E-3 1.8134E-3 1.81722E-3 2.05014E-3 2.07654E-3
1.15121E-3 1.10108E-3 1.11437E-3 1.17211E-3 1.21436E-3 1.22164E-3 1.29549E-3 1.22602E-3 1.36035E-3 1.39771E-3 1.57257E-3 1.52579E-3 1.51845E-3 1.4331E-3 1.4539E-3 1.49622E-3 1.50392E-3 1.42104E-3 1.46986E-3 1.4736E-3 1.49596E-3 1.56069E-3 1.59891E-3 1.56586E-3 1.61989E-3 1.55687E-3 1.41035E-3 1.51698E-3 1.56253E-3 1.49816E-3 1.55329E-3 1.58538E-3 1.57029E-3 1.43413E-3 1.47319E-3 1.52178E-3 1.4771E-3 1.44538E-3 1.47609E-3 1.52433E-3 1.34097E-3 1.32538E-3 1.45211E-3 1.39594E-3 1.43925E-3 1.40261E-3 1.47496E-3 1.42342E-3 1.43301E-3 1.46581E-3 1.49811E-3 1.50959E-3 1.67906E-3 1.6792E-3 1.68652E-3 1.62516E-3 1.7786E-3 1.79592E-3 1.76522E-3 1.8191E-3 2.03903E-3
8.94421E-4 9.68558E-4 9.56412E-4 9.50019E-4 1.05937E-3 9.3094E-4 1.04926E-3 1.05324E-3 1.19456E-3 1.18574E-3 1.33803E-3 1.50761E-3 1.29347E-3 1.38266E-3 1.3759E-3 1.37839E-3 1.37733E-3 1.3798E-3 1.41052E-3 1.45484E-3 1.47834E-3 1.50074E-3 1.5336E-3 1.55035E-3 1.57896E-3 1.63897E-3 1.65669E-3 1.51664E-3 1.49329E-3 1.53711E-3 1.53447E-3 1.57001E-3 1.54999E-3 1.58186E-3 1.48642E-3 1.52703E-3 1.42146E-3 1.44903E-3 1.35724E-3 1.36802E-3 1.32945E-3 1.35468E-3 1.36877E-3 1.39307E-3 1.41744E-3 1.43208E-3 1.47018E-3 1.40822E-3 1.40995E-3 1.42085E-3 1.43966E-3 1.41965E-3 1.63958E-3 1.67189E-3 1.58696E-3 1.58705E-3 1.58367E-3 1.81926E-3 1.75385E-3 1.7997E-3 1.99147E-3
8.84842E-4 8.64783E-4 8.45553E-4 8.86127E-4 9.38386E-4 1.01924E-3 1.06242E-3 1.05174E-3 1.06803E-3 1.09187E-3 1.18253E-3 1.24804E-3 1.22816E-3 1.22632E-3 1.20245E-3 1.21672E-3 1.21083E-3 1.2211E-3 1.24E-3 1.24212E-3 1.47951E-3 1.49695E-3 1.54382E-3 1.5401E-3 1.48424E-3 1.56077E-3 1.59706E-3 1.6304E-3 1.52165E-3 1.38638E-3 1.68947E-3 1.50768E-3 1.51968E-3 1.56119E-3 1.39701E-3 1.37365E-3 1.39708E-3 1.42218E-3 1.31053E-3 1.36228E-3 1.32818E-3 1.3374E-3 1.35677E-3 1.39307E-3 1.43165E-3 1.46027E-3 1.45265E-3 1.40963E-3 1.42518E-3 1.43329E-3 1.45845E-3 1.59577E-3 1.5993E-3 1.58731E-3 1.63803E-3 1.55316E-3 1.54485E-3 1.75954E-3 1.78624E-3 1.77707E-3 1.80787E-3
8.70614E-4 8.04552E-4 8.83167E-4 9.08949E-4 8.73695E-4 1.02391E-3 1.17927E-3 1.16054E-3 1.20546E-3 1.12312E-3 1.10115E-3 1.04461E-3 1.103E-3 1.01604E-3 1.08581E-3 1.00447E-3 1.04169E-3 1.22925E-3 1.22015E-3 1.24634E-3 1.27795E-3 1.28018E-3 1.29525E-3 1.42995E-3 1.44425E-3 1.51833E-3 1.54118E-3 1.55348E-3 1.59635E-3 1.52427E-3 1.54557E-3 1.40957E-3 1.4987E-3 1.54468E-3 1.36451E-3 1.42429E-3 1.44519E-3 1.47325E-3 1.51447E-3 1.36228E-3 1.32692E-3 1.34177E-3 1.36119E-3 1.38402E-3 1.4349E-3 1.28538E-3 1.30552E-3 1.38832E-3 1.40224E-3 1.41913E-3 1.44877E-3 1.45695E-3 1.44455E-3 1.60802E-3 1.61865E-3 1.5548E-3 1.57514E-3 1.53525E-3 1.78052E-3 1.8177E-3 1.80006E-3
6.98237E-4 8.2165E-4 9.92962E-4 7.84161E-4 8.98934E-4 1.0397E-3 1.07712E-3 1.07712E-3 1.08718E-3 1.09002E-3 1.07835E-3 1.06448E-3 1.02355E-3 1.04988E-3 1.04831E-3 1.16821E-3 1.09008E-3 1.11788E-3 1.10674E-3 1.27048E-3 1.19724E-3 1.2717E-3 1.41918E-3 1.27713E-3 1.4288E-3 1.46248E-3 1.48327E-3 1.53829E-3 1.60046E-3 1.23818E-3 1.42373E-3 1.24856E-3 1.43199E-3 1.48921E-3 1.35113E-3 1.40572E-3 1.43913E-3 1.48641E-3 1.54662E-3 1.33147E-3 1.37177E-3 1.40535E-3 1.42896E-3 1.38402E-3 1.38583E-3 1.40579E-3 1.42139E-3 1.38382E-3 1.27098E-3 1.27255E-3 1.40396E-3 1.43182E-3 1.4464E-3 1.61009E-3 1.59987E-3 1.53841E-3 1.56704E-3 1.76949E-3 1.72616E-3 1.72802E-3 1.82547E-3
7.95309E-4 8.7872E-4 8.20759E-4 7.98984E-4 9.09552E-4 9.14997E-4 1.02905E-3 9.16813E-4 9.498E-4 9.14947E-4 9.49259E-4 9.27305E-4 1.00657E-3 1.1162E-3 1.12572E-3 1.0964E-3 1.10941E-3 1.15701E-3 1.05593E-3 1.21123E-3 1.16859E-3 1.28872E-3 1.28343E-3 1.29748E-3 1.43716E-3 1.4468E-3 1.46372E-3 1.52436E-3 1.47388E-3 1.5872E-3 1.27021E-3 1.26815E-3 1.3355E-3 1.46034E-3 1.35901E-3 1.42322E-3 1.46156E-3 1.57655E-3 1.52155E-3 1.33894E-3 1.36284E-3 1.38262E-3 1.38899E-3 1.42619E-3 1.44207E-3 1.4643E-3 1.41217E-3 1.2421E-3 1.27128E-3 1.37688E-3 1.39661E-3 1.41056E-3 1.42145E-3 1.57559E-3 1.59285E-3 1.53343E-3 1.53517E-3 1.56877E-3 1.76E-3 1.74863E-3 1.75615E-3
7.92082E-4 8.51028E-4 7.4564E-4 8.49811E-4 8.75209E-4 8.6354E-4 8.22152E-4 8.22403E-4 8.93792E-4 8.51991E-4 8.45688E-4 8.55945E-4 1.01366E-3 1.02995E-3 9.02575E-4 9.43778E-4 9.54386E-4 9.47315E-4 1.04809E-3 1.11989E-3 1.06564E-3 1.19765E-3 1.17696E-3 1.25661E-3 1.41925E-3 1.42993E-3 1.38639E-3 1.39792E-3 1.44491E-3 1.37075E-3 1.52916E-3 1.56201E-3 1.43827E-3 1.41093E-3 1.33929E-3 1.48638E-3 1.55557E-3 1.59761E-3 1.53683E-3 1.34357E-3 1.37971E-3 1.41347E-3 1.41535E-3 1.4452E-3 1.45985E-3 1.44566E-3 1.2445E-3 1.23154E-3 1.2399E-3 1.38897E-3 1.38306E-3 1.36826E-3 1.39856E-3 1.57559E-3 1.57743E-3 1.51195E-3 1.53182E-3 1.53852E-3 1.73548E-3 1.76379E-3 1.76755E-3
7.98984E-4 7.79427E-4 7.20279E-4 6.62707E-4 8.53272E-4 8.46963E-4 8.11413E-4 8.40697E-4 8.51396E-4 8.42893E-4 8.64431E-4 8.26656E-4 8.67828E-4 8.97142E-4 9.43869E-4 9.46312E-4 9.39303E-4 9.68956E-4 1.10718E-3 1.08719E-3 1.07283E-3 1.23176E-3 1.1757E-3 1.26829E-3 1.27045E-3 1.33045E-3 1.2758E-3 1.30681E-3 1.32089E-3 1.46398E-3 1.60417E-3 1.66574E-3 1.69299E-3 1.69576E-3 1.50946E-3 1.39916E-3 1.3911E-3 1.53247E-3 1.40495E-3 1.36887E-3 1.39007E-3 1.4447E-3 1.42926E-3 1.43114E-3 1.41583E-3 1.45367E-3 1.40929E-3 1.22356E-3 1.24114E-3 1.23464E-3 1.38756E-3 1.38475E-3 1.40455E-3 1.4324E-3 1.58256E-3 1.58953E-3 1.53343E-3 1.54351E-3 1.71682E-3 1.76E-3 1.76189E-3
8.07599E-4 7.70507E-4 6.87186E-4 7.75403E-4 8.74473E-4 8.65109E-4 8.21142E-4 8.50766E-4 8.15102E-4 8.78241E-4 9.1176E-4 8.68983E-4 9.23933E-4 8.85054E-4 9.10168E-4 9.06449E-4 9.41729E-4 9.68956E-4 9.87009E-4 1.01494E-3 1.0586E-3 1.1197E-3 1.10768E-3 1.03241E-3 1.13956E-3 1.36851E-3 1.28322E-3 1.28107E-3 1.43776E-3 1.56133E-3 1.43543E-3 1.40962E-3 1.55035E-3 1.52924E-3 1.48971E-3 1.54527E-3 1.53878E-3 1.47493E-3 1.3928E-3 1.38564E-3 1.33817E-3 1.1407E-3 1.37284E-3 1.39565E-3 1.42975E-3 1.45038E-3 1.44424E-3 1.22234E-3 1.2291E-3 1.35329E-3 1.37997E-3 1.39973E-3 1.40175E-3 1.408E-3 1.58108E-3 1.626E-3 1.5454E-3 1.55218E-3 1.70979E-3 1.76949E-3 1.76425E-3
8.44572E-4 7.42813E-4 7.71661E-4 7.66516E-4 9.22675E-4 8.78241E-4 8.72387E-4 8.52347E-4 8.6094E-4 8.90673E-4 9.14128E-4 8.99653E-4 9.20211E-4 8.98942E-4 9.04291E-4 9.36172E-4 9.32685E-4 9.53315E-4 8.52995E-4 9.29158E-4 1.12433E-3 1.16441E-3 1.16643E-3 1.2027E-3 1.17405E-3 1.37761E-3 1.29176E-3 1.28424E-3 1.58274E-3 1.63183E-3 1.66023E-3 1.47362E-3 1.44702E-3 1.49734E-3 1.57378E-3 1.74349E-3 1.67218E-3 1.57421E-3 1.45661E-3 1.66588E-3 1.66779E-3 1.19406E-3 1.39721E-3 1.50346E-3 1.43441E-3 1.44597E-3 1.46826E-3 1.22383E-3 1.35464E-3 1.36964E-3 1.38028E-3 1.3924E-3 1.3941E-3 1.43569E-3 1.43887E-3 1.60527E-3 1.55204E-3 1.57407E-3 1.5947E-3 1.59993E-3 1.78337E-3
8.03262E-4 8.53909E-4 8.96531E-4 7.90923E-4 9.3056E-4 8.88733E-4 8.85768E-4 8.57425E-4 9.07358E-4 8.98305E-4 9.11078E-4 9.0199E-4 9.19564E-4 9.0433E-4 8.91998E-4 9.85604E-4 8.15645E-4 7.96797E-4 9.95793E-4 1.15675E-3 1.06036E-3 1.02736E-3 1.16131E-3 1.11896E-3 1.2522E-3 1.36411E-3 1.36849E-3 1.52948E-3 1.53194E-3 1.63042E-3 1.52391E-3 1.47719E-3 1.41865E-3 1.4804E-3 1.55832E-3 1.72395E-3 1.53273E-3 1.64749E-3 1.59712E-3 1.67807E-3 1.41695E-3 1.26475E-3 1.66076E-3 1.50868E-3 1.45211E-3 1.46016E-3 1.46348E-3 1.35293E-3 1.2266E-3 1.37857E-3 1.39975E-3 1.39693E-3 1.43078E-3 1.42786E-3 1.45294E-3 1.48803E-3 1.57392E-3 1.57407E-3 1.58776E-3 1.62422E-3 1.76042E-3
8.10638E-4 9.26395E-4 9.22637E-4 7.9566E-4 9.72482E-4 9.46886E-4 9.04677E-4 9.45595E-4 9.1828E-4 9.18973E-4 9.13441E-4 8.83767E-4 8.97977E-4 8.36467E-4 8.41438E-4 8.05436E-4 7.7636E-4 9.93241E-4 9.98349E-4 9.99346E-4 9.98562E-4 1.00621E-3 1.25439E-3 1.21138E-3 1.2145E-3 1.33271E-3 1.40538E-3 1.42403E-3 1.44284E-3 1.43559E-3 1.53285E-3 1.51423E-3 1.53005E-3 1.60291E-3 1.62169E-3 1.4454E-3 1.51772E-3 1.54524E-3 1.5712E-3 1.45752E-3 1.65153E-3 1.35691E-3 1.45977E-3 1.5571E-3 1.33946E-3 1.25822E-3 1.49425E-3 1.22383E-3 1.2266E-3 1.40256E-3 1.26617E-3 1.41519E-3 1.41836E-3 1.4433E-3 1.45443E-3 1.4944E-3 1.65105E-3 1.61705E-3 1.60325E-3 1.85065E-3 1.76612E-3
8.6801E-4 9.27809E-4 9.67533E-4 8.85583E-4 9.78302E-4 9.64552E-4 9.69703E-4 9.63442E-4 9.2374E-4 9.2374E-4 9.12062E-4 9.51327E-4 9.51327E-4 9.41839E-4 8.14269E-4 7.82195E-4 9.17382E-4 9.40773E-4 1.00013E-3 1.01455E-3 1.11154E-3 1.12752E-3 1.20031E-3 1.3162E-3 1.21961E-3 1.19947E-3 1.39953E-3 1.3823E-3 1.42038E-3 1.50232E-3 1.60304E-3 1.6147E-3 1.65343E-3 1.75379E-3 1.52073E-3 1.3463E-3 1.38618E-3 1.41446E-3 1.4589E-3 1.53439E-3 1.67325E-3 1.62558E-3 1.28739E-3 1.37943E-3 1.1759E-3 1.17206E-3 1.48749E-3 1.52864E-3 1.25892E-3 1.26176E-3 1.26872E-3 1.27728E-3 1.42297E-3 1.44009E-3 1.47492E-3 1.49961E-3 1.65489E-3 1.60001E-3 1.67316E-3 1.71117E-3 1.90376E-3
7.01391E-4 7.53192E-4 9.1216E-4 8.65934E-4 1.06366E-3 9.95695E-4 1.00461E-3 9.71655E-4 9.29228E-4 9.38588E-4 9.62655E-4 9.50605E-4 9.44274E-4 7.76979E-4 7.7121E-4 9.23533E-4 9.37637E-4 9.36179E-4 1.00781E-3 9.93665E-4 1.10608E-3 1.22175E-3 1.26257E-3 1.51145E-3 1.2298E-3 1.43029E-3 1.53808E-3 1.68922E-3 1.532E-3 1.40162E-3 1.60938E-3 1.53034E-3 1.54279E-3 1.52364E-3 1.67423E-3 1.80382E-3 1.92748E-3 1.71138E-3 1.693E-3 1.79256E-3 1.62507E-3 1.58521E-3 1.60293E-3 1.35756E-3 1.55651E-3 1.34563E-3 1.57676E-3 1.21065E-3 1.1938E-3 1.33948E-3 1.31383E-3 1.31678E-3 1.32563E-3 1.50578E-3 1.52385E-3 1.52073E-3 1.5324E-3 1.70578E-3 1.72439E-3 1.74697E-3 1.76025E-3
9.06262E-4 9.73208E-4 9.2597E-4 8.68106E-4 8.96974E-4 9.42755E-4 1.04795E-3 9.9355E-4 9.52931E-4 9.843E-4 9.31023E-4 9.01261E-4 7.6153E-4 9.02901E-4 9.05231E-4 9.40042E-4 9.17603E-4 1.00445E-3 1.15175E-3 1.08054E-3 1.17063E-3 1.15711E-3 1.29236E-3 1.28273E-3 1.422E-3 1.56236E-3 1.67395E-3 1.67516E-3 1.8768E-3 1.47684E-3 1.52263E-3 1.54395E-3 1.7725E-3 2.48747E-3 2.33891E-3 1.75676E-3 1.68116E-3 1.7397E-3 1.77672E-3 1.6438E-3 1.64109E-3 1.43173E-3 1.54084E-3 1.42429E-3 1.41965E-3 1.30464E-3 1.38623E-3 1.50623E-3 1.38302E-3 1.2633E-3 1.2633E-3 1.30664E-3 1.37957E-3 1.32401E-3 1.55531E-3 1.56726E-3 1.58276E-3 1.60168E-3 1.60703E-3 1.80428E-3 1.79079E-3
1.09528E-3 1.03319E-3 1.00931E-3 1.06472E-3 1.11378E-3 1.00721E-3 1.08043E-3 1.11432E-3 1.08568E-3 9.42873E-4 9.17981E-4 8.37102E-4 9.38281E-4 1.06434E-3 1.17696E-3 1.04281E-3 1.0316E-3 1.08864E-3 1.08328E-3 1.22814E-3 1.24163E-3 1.43844E-3 1.40427E-3 1.34926E-3 1.5076E-3 1.56354E-3 1.56987E-3 1.81119E-3 1.83943E-3 2.08003E-3 2.05077E-3 2.35489E-3 2.62541E-3 2.68061E-3 2.22246E-3 1.96643E-3 1.64522E-3 1.61765E-3 1.52646E-3 1.66932E-3 1.62882E-3 1.35266E-3 1.53081E-3 1.40582E-3 1.40125E-3 1.38759E-3 1.47524E-3 1.51264E-3 1.37125E-3 1.34473E-3 1.38645E-3 1.40635E-3 1.39271E-3 1.44516E-3 1.45635E-3 1.50769E-3 1.56565E-3 1.49775E-3 1.57479E-3 1.54954E-3 1.82183E-3
9.27177E-4 9.7095E-4 1.08952E-3 1.18094E-3 1.40293E-3 1.19442E-3 1.09419E-3 1.16108E-3 1.01509E-3 8.93607E-4 9.88898E-4 1.04487E-3 1.28893E-3 1.35126E-3 1.14879E-3 1.0273E-3 1.06366E-3 1.03032E-3 1.4318E-3 1.94621E-3 1.40457E-3 1.25728E-3 1.38223E-3 1.39767E-3 1.70433E-3 1.7821E-3 2.11011E-3 2.10729E-3 2.54068E-3 2.61824E-3 2.47598E-3 2.29084E-3 1.85849E-3 1.64335E-3 1.59341E-3 1.58152E-3 1.88932E-3 1.49205E-3 1.54897E-3 1.59224E-3 1.55981E-3 1.52612E-3 1.46741E-3 1.38786E-3 1.27537E-3 1.45976E-3 1.55344E-3 1.58413E-3 1.33165E-3 1.30457E-3 1.29187E-3 1.66167E-3 1.65999E-3 1.34374E-3 1.55077E-3 1.51587E-3 1.62317E-3 1.6463E-3 1.83244E-3 1.82821E-3 1.71192E-3
1.015E-3 1.17135E-3 1.21208E-3 1.3762E-3 1.08291E-3 1.09667E-3 1.16202E-3 1.14415E-3 1.10272E-3 1.03976E-3 1.27229E-3 1.04506E-3 1.1434E-3 1.00415E-3 9.21891E-4 1.10443E-3 1.02342E-3 1.48031E-3 1.39182E-3 1.18083E-3 1.21384E-3 1.48822E-3 1.60407E-3 1.60529E-3 1.79226E-3 2.56673E-3 2.60282E-3 2.44815E-3 2.02267E-3 1.7871E-3 1.70869E-3 1.53976E-3 1.49794E-3 1.259E-3 1.31453E-3 1.40736E-3 1.67196E-3 1.49409E-3 1.65848E-3 1.44804E-3 1.76224E-3 1.60423E-3 1.74161E-3 1.62596E-3 1.66555E-3 1.7327E-3 1.7158E-3 1.6858E-3 1.36022E-3 1.41178E-3 1.50678E-3 1.51511E-3 1.43392E-3 1.55059E-3 1.88211E-3 2.12216E-3 1.44509E-3 1.6589E-3 1.75881E-3 1.69716E-3 1.91031E-3
1.21612E-3 1.31487E-3 1.16976E-3 1.19642E-3 1.1836E-3 1.13527E-3 1.17231E-3 1.2101E-3 1.39008E-3 1.19708E-3 1.26425E-3 1.17567E-3 1.44127E-3 1.66151E-3 1.65832E-3 1.64293E-3 1.21093E-3 1.49542E-3 1.25811E-3 1.29135E-3 1.61177E-3 1.79658E-3 1.98458E-3 2.25669E-3 2.37399E-3 1.79018E-3 1.59096E-3 1.50585E-3 1.50787E-3 1.38533E-3 1.40922E-3 1.54727E-3 1.24959E-3 1.28047E-3 1.26692E-3 1.35012E-3 1.58338E-3 1.94107E-3 1.69208E-3 1.44998E-3 1.90377E-3 1.76324E-3 1.67692E-3 2.05958E-3 2.0325E-3 1.74407E-3 1.88794E-3 1.88339E-3 1.38274E-3 1.29084E-3 1.6477E-3 1.83801E-3 2.09999E-3 1.70345E-3 1.71702E-3 1.56936E-3 1.60951E-3 1.63425E-3 1.80552E-3 2.17366E-3 2.12123E-3
1.26505E-3 1.08752E-3 1.15433E-3 1.19861E-3 1.27219E-3 1.28983E-3 1.37523E-3 1.44733E-3 1.89159E-3 1.58677E-3 1.48262E-3 2.24088E-3 1.90973E-3 1.8337E-3 1.88436E-3 1.71071E-3 1.63318E-3 1.72837E-3 1.66485E-3 1.92124E-3 2.00677E-3 1.86394E-3 1.81047E-3 1.75615E-3 1.34725E-3 1.34774E-3 1.19709E-3 1.09255E-3 1.13378E-3 1.16213E-3 1.23264E-3 1.34064E-3 1.31351E-3 1.50616E-3 1.49347E-3 1.49552E-3 1.54093E-3 1.60853E-3 1.53672E-3 1.60293E-3 1.51558E-3 1.55577E-3 1.69008E-3 1.57072E-3 1.42331E-3 1.41868E-3 1.72887E-3 1.89371E-3 1.8984E-3 1.80831E-3 1.77687E-3 2.03725E-3 1.71031E-3 1.43043E-3 1.9396E-3 1.94614E-3 2.03616E-3 2.16785E-3 2.18194E-3 2.59712E-3 1.72359E-3
1.08538E-3 1.0394E-3 1.24451E-3 1.55473E-3 1.43012E-3 1.32717E-3 1.55507E-3 1.68221E-3 1.74078E-3 2.16991E-3 2.21169E-3 2.16713E-3 2.23005E-3 2.1243E-3 1.75183E-3 1.74214E-3 1.5835E-3 1.79502E-3 1.82335E-3 1.50135E-3 1.16959E-3 1.19918E-3 1.25984E-3 1.6111E-3 1.36533E-3 1.94159E-3 1.9026E-3 1.37957E-3 1.44318E-3 1.73441E-3 1.34425E-3 1.43039E-3 1.47078E-3 1.49576E-3 1.46517E-3 1.65012E-3 1.71402E-3 1.61321E-3 1.62066E-3 1.68077E-3 1.80368E-3 1.81601E-3 1.51069E-3 1.51413E-3 1.52873E-3 1.53875E-3 1.40806E-3 1.4515E-3 1.8754E-3 1.51479E-3 1.62132E-3 1.83599E-3 1.45214E-3 1.7072E-3 1.78441E-3 1.97906E-3 1.9408E-3 2.11872E-3 1.9545E-3 2.11238E-3 1.72769E-3
1.12144E-3 1.40332E-3 1.77972E-3 1.72568E-3 1.61603E-3 1.69316E-3 1.99893E-3 1.32347E-3 1.63747E-3 1.09247E-3 1.46007E-3 1.93587E-3 2.00015E-3 1.87881E-3 1.5424E-3 1.51817E-3 1.69968E-3 2.22105E-3 2.4948E-3 2.21619E-3 1.89733E-3 1.67036E-3 1.79381E-3 1.79059E-3 1.89876E-3 2.94227E-3 1.48348E-3 1.45738E-3 2.49473E-3 1.64722E-3 1.47627E-3 1.69425E-3 1.71336E-3 1.72172E-3 1.58547E-3 1.78846E-3 2.38964E-3 1.82794E-3 1.90208E-3 1.65407E-3 1.90269E-3 1.76962E-3 1.521E-3 1.62783E-3 1.62751E-3 1.64887E-3 1.55584E-3 1.47088E-3 1.41493E-3 1.29882E-3 1.35195E-3 1.48739E-3 1.5548E-3 1.74328E-3 2.14916E-3 2.27562E-3 2.07141E-3 2.43638E-3 1.80697E-3 2.59783E-3 2.38447E-3
1.57218E-3 1.71502E-3 1.81142E-3 1.82918E-3 1.545E-3 2.52706E-3 3.05731E-3 2.48595E-3 1.5471E-3 1.67243E-3 2.42371E-3 2.3049E-3 1.831E-3 1.44545E-3 1.57214E-3 2.34246E-3 2.81406E-3 2.94545E-3 2.52257E-3 2.3071E-3 2.69379E-3 3.21433E-3 2.82238E-3 3.28455E-3 2.47885E-3 2.85439E-3 3.18257E-3 1.53161E-3 1.15856E-3 1.53207E-3 1.54654E-3 1.56107E-3 1.62642E-3 3.17483E-3 2.88324E-3 3.1728E-3 4.45053E-3 3.92859E-3 2.81768E-3 1.68984E-3 1.63995E-3 1.51388E-3 1.62028E-3 1.57465E-3 1.42939E-3 1.50466E-3 1.43307E-3 1.43342E-3 1.45525E-3 1.52847E-3 1.39957E-3 1.43987E-3 1.43373E-3 1.4195E-3 1.69099E-3 1.90142E-3 2.18788E-3 2.20924E-3 2.11681E-3 2.66455E-3 2.56949E-3
1.84133E-3 2.23633E-3 2.71403E-3 1.74453E-3 1.93407E-3 3.26124E-3 3.42096E-3 2.64307E-3 2.81729E-3 2.77716E-3 2.26159E-3 2.00506E-3 2.37119E-3 2.20102E-3 2.19549E-3 2.60961E-3 2.25637E-3 2.34157E-3 2.08498E-3 2.27087E-3 2.27036E-3 2.21341E-3 2.19062E-3 2.11793E-3 2.92293E-3 2.04624E-3 1.97443E-3 1.58887E-3 2.1501E-3 3.1829E-3 2.44133E-3 2.9174E-3 3.76736E-3 3.68195E-3 4.12066E-3 3.7551E-3 3.3235E-3 3.69215E-3 2.90255E-3 3.05711E-3 1.65501E-3 1.52075E-3 1.90797E-3 2.17705E-3 1.37005E-3 1.45878E-3 1.72777E-3 1.49128E-3 1.41859E-3 1.54655E-3 1.32997E-3 1.39987E-3 1.39361E-3 1.46956E-3 1.94492E-3 1.79629E-3 1.83309E-3 1.81106E-3 1.71432E-3 2.08898E-3 2.06221E-3
2.28223E-3 3.31686E-3 2.01293E-3 2.92424E-3 3.46766E-3 2.9778E-3 2.48541E-3 2.01185E-3 2.41074E-3 2.30889E-3 3.58546E-3 3.38229E-3 3.50566E-3 2.89791E-3 2.74782E-3 2.11645E-3 1.59714E-3 1.37928E-3 1.30922E-3 1.40289E-3 1.3101E-3 1.4332E-3 1.48043E-3 1.742E-3 1.68453E-3 1.96454E-3 2.40709E-3 2.27777E-3 4.13193E-3 4.76643E-3 3.59008E-3 4.28173E-3 3.53073E-3 3.30965E-3 2.90756E-3 3.00041E-3 2.47744E-3 2.48583E-3 2.44206E-3 2.29848E-3 1.3364E-3 2.29209E-3 2.07382E-3 1.78304E-3 1.69871E-3 1.82436E-3 3.10184E-3 2.82833E-3 1.35024E-3 1.37E-3 1.44709E-3 1.51341E-3 1.78242E-3 1.71036E-3 1.46323E-3 1.56313E-3 1.55952E-3 1.52411E-3 1.63215E-3 1.68396E-3 1.79466E-3
4.01926E-3 3.68015E-3 2.54656E-3 3.43158E-3 2.97282E-3 2.07492E-3 2.27521E-3 2.52643E-3 3.45699E-3 3.54156E-3 3.20852E-3 2.41073E-3 1.97639E-3 1.63815E-3 1.45862E-3 1.4129E-3 1.30827E-3 1.36677E-3 1.52353E-3 1.52492E-3 1.42547E-3 1.56075E-3 1.78111E-3 1.56049E-3 1.60458E-3 1.70514E-3 1.84133E-3 2.24633E-3 3.44165E-3 3.3205E-3 2.735E-3 2.66542E-3 2.48577E-3 2.16522E-3 2.09479E-3 2.14529E-3 2.25285E-3 2.23012E-3 2.24002E-3 1.78829E-3 2.64622E-3 3.63104E-3 3.85102E-3 3.17814E-3 3.81407E-3 3.05654E-3 2.94742E-3 1.6817E-3 1.98548E-3 1.28656E-3 1.44E-3 1.53119E-3 1.38453E-3 1.81348E-3 1.96558E-3 1.52118E-3 1.85834E-3 1.95677E-3 1.93112E-3 2.17581E-3 2.11648E-3
