Artocarpus hirsutus SDM files/MIS19/results (with bias file)/Arthir_avg.asc
ncols         625
nrows         721
xllcorner     69.99986311115
yllcorner     5.99986187915
cellsize      0.041666667
NODATA_value  -9999
[rows 135 to 161 of 721, columns 305 to 365 of 625]
7.25146E-5 8.57081E-5 7.1101E-5 3.76173E-5 4.69372E-5 9.41153E-5 1.29212E-4 1.31914E-4 1.07674E-4 3.93337E-5 3.72938E-5 3.67071E-5 2.70095E-5 2.75483E-5 2.85846E-5 2.89054E-5 3.16932E-5 3.60978E-5 3.61846E-5 3.2929E-5 3.20439E-5 2.98317E-5 2.71383E-5 2.64003E-5 2.7046E-5 2.53262E-5 2.46578E-5 2.29971E-5 2.21345E-5 2.0588E-5 2.1739E-5 1.95954E-5 2.04327E-5 2.22811E-5 2.19649E-5 2.05727E-5 2.04195E-5 2.12619E-5 2.18273E-5 2.13297E-5 1.92943E-5 2.45104E-5 2.38154E-5 2.24957E-5 2.08454E-5 2.04325E-5 2.09937E-5 2.14506E-5 2.07564E-5 2.04822E-5 2.10336E-5 2.06185E-5 2.20061E-5 2.3813E-5 2.28869E-5 2.36835E-5 2.41077E-5 2.25245E-5 2.5031E-5 2.40415E-5 2.56024E-5
5.0242E-5 4.9561E-5 4.97765E-5 3.81757E-5 3.8394E-5 4.23E-5 8.00562E-5 9.77959E-5 8.15844E-5 9.1285E-5 6.71968E-5 4.60852E-5 3.30329E-5 2.51039E-5 2.25112E-5 2.50504E-5 2.56175E-5 2.86002E-5 2.86002E-5 3.62671E-5 3.70505E-5 3.53582E-5 3.19077E-5 3.06577E-5 3.00406E-5 2.64022E-5 2.42159E-5 2.39837E-5 2.46297E-5 2.35431E-5 2.10458E-5 1.99696E-5 2.00671E-5 2.20005E-5 2.07017E-5 2.10968E-5 2.06029E-5 2.09045E-5 2.32671E-5 2.2888E-5 1.94495E-5 2.21814E-5 2.58632E-5 2.30651E-5 2.18806E-5 2.04996E-5 2.09605E-5 2.12145E-5 2.35142E-5 2.20995E-5 2.13036E-5 2.20756E-5 2.13405E-5 2.32336E-5 2.27324E-5 2.3366E-5 2.17271E-5 2.36288E-5 2.45169E-5 2.60549E-5 2.62501E-5
4.98121E-5 4.34951E-5 5.59853E-5 4.30729E-5 4.20587E-5 3.78752E-5 4.81857E-5 5.43089E-5 6.28524E-5 9.24031E-5 5.2203E-5 4.47181E-5 3.0765E-5 3.96074E-5 2.79913E-5 2.31641E-5 2.56319E-5 2.51255E-5 2.78913E-5 3.09936E-5 3.19095E-5 3.5897E-5 3.58805E-5 3.10032E-5 3.10074E-5 2.95483E-5 2.53332E-5 2.52347E-5 2.40203E-5 2.21485E-5 2.44917E-5 2.14674E-5 2.04185E-5 2.33829E-5 2.11313E-5 2.08215E-5 2.03063E-5 2.06621E-5 2.04344E-5 2.38108E-5 2.21231E-5 2.09311E-5 2.25173E-5 2.37968E-5 2.37415E-5 2.20224E-5 2.1617E-5 2.13189E-5 2.12345E-5 2.44222E-5 2.22548E-5 2.32342E-5 2.44163E-5 2.37134E-5 2.2324E-5 2.23301E-5 2.33061E-5 2.32652E-5 2.51751E-5 2.50065E-5 2.4144E-5
7.47367E-5 4.02283E-5 3.91271E-5 5.6226E-5 9.95524E-5 3.8439E-5 5.03835E-5 5.06446E-5 1.1538E-4 1.47895E-4 1.29666E-4 7.99443E-5 3.64801E-5 4.8957E-5 4.72766E-5 2.82532E-5 2.51759E-5 3.05485E-5 2.75844E-5 2.71644E-5 2.45299E-5 2.85382E-5 3.2209E-5 3.56871E-5 3.22561E-5 3.1211E-5 2.75312E-5 2.6344E-5 2.59956E-5 2.49782E-5 2.54763E-5 2.39778E-5 2.41548E-5 2.23543E-5 2.17007E-5 2.09156E-5 2.0771E-5 2.15296E-5 2.09721E-5 2.16861E-5 2.31583E-5 2.27252E-5 1.93464E-5 2.33237E-5 2.46133E-5 2.42709E-5 2.42057E-5 2.29428E-5 2.18739E-5 2.17415E-5 2.43564E-5 2.41529E-5 2.34747E-5 2.22594E-5 2.15687E-5 2.02822E-5 2.27252E-5 2.36835E-5 2.38869E-5 2.47054E-5 2.46243E-5
3.5267E-4 9.8191E-5 8.87311E-5 6.46743E-5 4.68283E-5 4.02624E-5 4.41127E-5 4.92174E-5 1.3256E-4 1.58636E-4 1.34765E-4 8.66655E-5 7.72973E-5 3.4265E-5 3.84807E-5 5.53226E-5 3.43252E-5 3.11392E-5 4.07649E-5 3.07925E-5 2.19947E-5 2.43561E-5 2.78055E-5 3.31502E-5 3.35284E-5 3.26989E-5 2.90748E-5 3.09375E-5 2.88389E-5 2.64258E-5 2.50484E-5 2.58743E-5 2.47333E-5 2.46754E-5 2.41059E-5 2.02683E-5 2.10869E-5 2.15198E-5 2.25244E-5 2.28181E-5 2.3965E-5 2.26945E-5 2.0968E-5 2.13246E-5 2.57815E-5 2.63126E-5 2.57814E-5 2.56223E-5 2.23847E-5 2.16719E-5 2.37532E-5 2.52206E-5 2.43415E-5 2.35437E-5 2.2066E-5 2.26295E-5 2.18236E-5 2.36794E-5 2.40009E-5 2.39323E-5 2.32712E-5
1.39257E-4 1.57816E-4 9.79943E-5 1.24464E-4 4.04797E-5 4.08934E-5 4.54084E-5 3.89222E-5 4.38188E-5 4.51675E-5 5.10483E-5 4.36232E-5 3.82208E-5 3.42601E-5 5.78603E-5 8.1329E-5 4.60022E-5 3.28873E-5 4.83404E-5 4.04967E-5 2.76824E-5 2.80594E-5 2.44793E-5 3.1115E-5 3.1115E-5 2.87189E-5 3.2209E-5 3.20788E-5 3.03476E-5 2.64605E-5 2.71373E-5 2.6053E-5 2.54908E-5 2.50484E-5 2.42104E-5 2.14682E-5 2.15526E-5 2.24562E-5 2.4908E-5 2.34591E-5 2.17781E-5 2.30619E-5 2.14239E-5 2.11547E-5 2.51979E-5 2.63709E-5 2.62225E-5 2.5421E-5 2.3003E-5 2.1713E-5 2.20198E-5 2.51963E-5 2.51265E-5 2.49071E-5 2.24156E-5 2.15123E-5 2.12307E-5 2.32456E-5 2.15598E-5 2.24593E-5 2.4378E-5
9.18085E-5 1.54435E-4 6.01503E-5 6.06284E-5 5.39968E-5 4.75439E-5 7.75616E-5 1.63222E-4 1.0315E-4 3.43814E-5 3.11868E-5 3.4102E-5 3.75243E-5 3.7738E-5 4.41688E-5 7.39433E-5 5.55434E-5 4.13115E-5 4.03381E-5 3.53723E-5 2.77875E-5 2.46407E-5 2.19535E-5 2.1841E-5 2.40046E-5 2.46759E-5 2.79771E-5 3.21189E-5 3.21027E-5 3.08325E-5 2.70748E-5 2.73034E-5 2.94333E-5 2.56781E-5 2.45525E-5 2.44729E-5 2.14125E-5 2.46123E-5 2.57941E-5 2.38317E-5 2.28166E-5 2.12309E-5 2.33632E-5 2.1769E-5 2.26397E-5 2.86205E-5 2.67064E-5 2.48449E-5 2.474E-5 2.31722E-5 2.20117E-5 2.58753E-5 2.53406E-5 2.39637E-5 2.39819E-5 2.40788E-5 2.33863E-5 2.34747E-5 2.22602E-5 2.24834E-5 2.34995E-5
1.9554E-4 1.37606E-4 1.37084E-4 7.11961E-5 9.08905E-5 5.41948E-5 4.74749E-5 4.59333E-5 1.81663E-4 1.12047E-4 5.17934E-5 3.60314E-5 3.9458E-5 3.87461E-5 3.45345E-5 3.41368E-5 3.7738E-5 6.43601E-5 5.29674E-5 3.57735E-5 3.97025E-5 3.34383E-5 2.90195E-5 2.6276E-5 2.19464E-5 2.17345E-5 2.20797E-5 2.45712E-5 2.71697E-5 2.86002E-5 3.21448E-5 2.97605E-5 3.0932E-5 2.7509E-5 2.57808E-5 2.49204E-5 2.34943E-5 2.52706E-5 2.55045E-5 2.41091E-5 2.42343E-5 2.34697E-5 2.18924E-5 2.15399E-5 2.17763E-5 2.77268E-5 2.57296E-5 2.59893E-5 2.49614E-5 2.17585E-5 2.19938E-5 2.38906E-5 2.50224E-5 2.3946E-5 2.23511E-5 2.25647E-5 2.44825E-5 2.48196E-5 2.53454E-5 2.50581E-5 2.39703E-5
5.70682E-4 5.74476E-4 3.4977E-4 8.17991E-5 1.17648E-4 6.75483E-5 4.24847E-5 3.82063E-5 8.00944E-5 1.04792E-4 5.94768E-5 4.58919E-5 3.87461E-5 3.86575E-5 3.91457E-5 3.44904E-5 3.36937E-5 4.38733E-5 5.42662E-5 5.34652E-5 4.33314E-5 3.92496E-5 3.33462E-5 3.05852E-5 3.00831E-5 2.62489E-5 2.15707E-5 2.18527E-5 2.1801E-5 2.4205E-5 2.81322E-5 3.1864E-5 3.10434E-5 3.10836E-5 3.02787E-5 2.79458E-5 2.44633E-5 2.63467E-5 2.71773E-5 2.64302E-5 2.36142E-5 2.37727E-5 2.34959E-5 2.14799E-5 2.46157E-5 2.83125E-5 2.76958E-5 2.65364E-5 2.50412E-5 2.3292E-5 2.42121E-5 2.69218E-5 2.42592E-5 2.38078E-5 2.23128E-5 2.31788E-5 2.52002E-5 2.29071E-5 2.44859E-5 2.63144E-5 2.58216E-5
2.47977E-4 1.49359E-4 1.2489E-4 2.04255E-4 2.1227E-4 1.37084E-4 6.72682E-5 4.78895E-5 3.69398E-5 4.57901E-5 4.11436E-5 6.61553E-5 6.59131E-5 3.8967E-5 3.47309E-5 3.38524E-5 3.35353E-5 3.33773E-5 3.39319E-5 5.60267E-5 6.22982E-5 5.08421E-5 4.0704E-5 3.42572E-5 3.31075E-5 2.91226E-5 2.88918E-5 2.63684E-5 2.15145E-5 2.17443E-5 2.46429E-5 2.75944E-5 3.08677E-5 3.04302E-5 3.04069E-5 3.08209E-5 2.93027E-5 2.67629E-5 2.58623E-5 2.6344E-5 2.57609E-5 2.28782E-5 2.37861E-5 2.35274E-5 2.55554E-5 2.75663E-5 2.60578E-5 2.61536E-5 2.58182E-5 2.51889E-5 2.43472E-5 2.87637E-5 2.59718E-5 2.45654E-5 2.4986E-5 2.32108E-5 2.48399E-5 2.37387E-5 2.40026E-5 2.40334E-5 2.76526E-5
1.66743E-4 1.6415E-4 2.15793E-4 1.82156E-4 1.60645E-4 1.87615E-4 1.44196E-4 1.04169E-4 6.15587E-5 4.10913E-5 4.22216E-5 3.61959E-5 3.60718E-5 3.48113E-5 3.83921E-5 3.08814E-5 3.45705E-5 3.38524E-5 3.36449E-5 3.3169E-5 3.74786E-5 4.26503E-5 5.0665E-5 3.73872E-5 3.37509E-5 3.94335E-5 3.29882E-5 3.35481E-5 2.91425E-5 2.16877E-5 2.41428E-5 2.3833E-5 3.057E-5 3.05026E-5 2.60401E-5 2.53708E-5 3.0365E-5 2.94023E-5 2.84235E-5 2.71683E-5 2.72013E-5 2.55786E-5 2.66256E-5 2.54792E-5 2.46226E-5 2.59611E-5 2.81354E-5 2.72957E-5 2.83074E-5 2.72031E-5 2.783E-5 2.76543E-5 2.66184E-5 2.59628E-5 2.60761E-5 2.4504E-5 2.39813E-5 2.59562E-5 2.50017E-5 2.40757E-5 2.69477E-5
4.61177E-4 1.90984E-4 1.85753E-4 1.6921E-4 1.62569E-4 1.44413E-4 1.3938E-4 1.17134E-4 7.87016E-5 6.05339E-5 6.7029E-5 5.26632E-5 8.48922E-5 9.83664E-5 4.49093E-5 3.11007E-5 3.39639E-5 3.07623E-5 3.0543E-5 3.29322E-5 3.33273E-5 4.96118E-5 4.84439E-5 4.77418E-5 4.10778E-5 3.39575E-5 3.01594E-5 3.48501E-5 2.95579E-5 2.4181E-5 2.38817E-5 2.64151E-5 2.90546E-5 2.37973E-5 3.27169E-5 3.02944E-5 3.01376E-5 3.16446E-5 3.13375E-5 2.84514E-5 2.874E-5 3.04304E-5 2.795E-5 2.65904E-5 2.67154E-5 2.51353E-5 2.72406E-5 3.01319E-5 2.94718E-5 2.77794E-5 3.06169E-5 3.1794E-5 2.67156E-5 2.71779E-5 2.91686E-5 2.72957E-5 2.81544E-5 2.71173E-5 2.58373E-5 2.67858E-5 2.5337E-5
7.47465E-4 2.8799E-4 4.03458E-4 2.6646E-4 2.16547E-4 1.83355E-4 1.66246E-4 1.75225E-4 9.85245E-5 1.20174E-4 8.70076E-5 5.9545E-5 5.95055E-5 1.20698E-4 8.7827E-5 3.08814E-5 3.41707E-5 3.87461E-5 3.0543E-5 3.0616E-5 3.26177E-5 3.26177E-5 3.64826E-5 3.60549E-5 4.50914E-5 4.49773E-5 3.36147E-5 3.82806E-5 3.19687E-5 2.83992E-5 3.10594E-5 2.56024E-5 2.66717E-5 3.28453E-5 2.60721E-5 3.2579E-5 3.32142E-5 3.37952E-5 3.35747E-5 3.20169E-5 3.28242E-5 3.1976E-5 3.18135E-5 3.07827E-5 2.74389E-5 2.69128E-5 2.72719E-5 2.76858E-5 2.95319E-5 3.01814E-5 3.46435E-5 3.45945E-5 3.28672E-5 2.86311E-5 2.93314E-5 2.97194E-5 3.11815E-5 2.96008E-5 3.02774E-5 2.65191E-5 2.59493E-5
1.81535E-3 5.12405E-4 2.12767E-4 1.92623E-4 2.06586E-4 1.64378E-4 1.41227E-4 9.75564E-5 7.95304E-5 8.92988E-5 1.18064E-4 1.21106E-4 5.97621E-5 6.06264E-5 9.85426E-5 5.88657E-5 5.19347E-5 4.06418E-5 3.06891E-5 3.00343E-5 2.97666E-5 2.9622E-5 2.94057E-5 2.91901E-5 2.88325E-5 3.58207E-5 3.43459E-5 3.38802E-5 4.18865E-5 3.12633E-5 3.07386E-5 2.87363E-5 2.67388E-5 2.94818E-5 2.80347E-5 2.80024E-5 2.33275E-5 2.55451E-5 2.96301E-5 3.3293E-5 3.78135E-5 3.4387E-5 3.68436E-5 3.62002E-5 3.3204E-5 3.20921E-5 2.75409E-5 2.79863E-5 2.74474E-5 2.75475E-5 2.959E-5 3.69985E-5 3.94198E-5 3.74561E-5 3.12338E-5 3.2213E-5 3.4583E-5 3.34463E-5 3.1606E-5 2.851E-5 3.03076E-5
7.72833E-4 7.61369E-4 6.19432E-4 2.89929E-4 2.10747E-4 2.33139E-4 1.42896E-4 1.11022E-4 1.43514E-4 1.78081E-4 1.44144E-4 1.26111E-4 4.28241E-5 1.17894E-4 1.3744E-4 4.0458E-5 5.03595E-5 4.44211E-5 4.26013E-5 3.33471E-5 2.96733E-5 2.93337E-5 2.94057E-5 3.00569E-5 3.20706E-5 2.776E-5 2.53613E-5 2.76208E-5 3.46149E-5 3.81574E-5 3.98516E-5 3.15136E-5 3.04418E-5 3.2579E-5 3.55993E-5 3.19418E-5 3.16758E-5 3.11945E-5 2.79319E-5 2.80024E-5 3.60306E-5 3.92112E-5 4.01262E-5 3.78781E-5 4.04339E-5 3.94924E-5 3.81176E-5 2.80547E-5 3.04571E-5 3.41878E-5 3.51598E-5 3.37837E-5 3.61503E-5 4.26954E-5 3.56905E-5 3.00035E-5 3.15029E-5 3.5128E-5 3.30172E-5 3.05852E-5 2.87828E-5
1.07059E-3 1.96103E-3 8.7857E-4 4.64119E-4 3.01758E-4 2.2214E-4 1.43931E-4 1.28306E-4 1.06613E-4 9.16233E-5 6.22707E-5 6.29726E-5 6.03673E-5 7.77244E-5 1.44509E-4 4.16148E-5 8.83107E-5 9.69389E-5 6.24926E-5 5.16787E-5 3.23837E-5 2.91713E-5 2.71265E-5 2.67292E-5 4.46565E-5 5.03793E-5 4.01037E-5 2.70887E-5 2.47778E-5 3.0555E-5 3.35298E-5 3.34125E-5 3.52539E-5 4.26895E-5 4.23088E-5 3.78029E-5 3.57669E-5 3.4353E-5 3.46558E-5 3.18182E-5 3.24544E-5 3.37753E-5 4.31854E-5 4.48872E-5 4.45041E-5 4.19192E-5 4.19602E-5 2.92901E-5 3.07024E-5 2.95184E-5 3.47258E-5 4.47495E-5 3.33708E-5 4.19706E-5 4.5545E-5 3.40617E-5 3.49851E-5 3.43519E-5 3.27939E-5 3.54873E-5 3.35577E-5
1.98629E-3 2.51356E-3 2.40577E-3 1.09417E-3 1.00302E-3 6.04697E-4 2.74302E-4 2.33298E-4 1.38611E-4 1.21186E-4 9.37708E-5 7.00909E-5 5.50893E-5 4.22216E-5 4.76707E-5 3.68618E-5 6.03694E-5 7.43951E-5 1.0699E-4 7.92457E-5 4.69492E-5 2.96733E-5 3.21006E-5 2.90287E-5 2.90287E-5 3.53162E-5 4.8442E-5 4.41407E-5 3.1213E-5 2.63149E-5 2.51689E-5 2.80794E-5 3.10404E-5 3.4182E-5 3.44743E-5 3.76462E-5 4.75829E-5 4.59405E-5 4.5381E-5 3.33719E-5 3.22839E-5 3.24025E-5 3.82208E-5 5.57642E-5 4.90323E-5 4.7894E-5 4.85776E-5 4.50382E-5 3.36944E-5 3.40736E-5 3.21636E-5 4.13604E-5 3.48602E-5 4.62053E-5 6.38255E-5 3.91864E-5 3.38297E-5 5.45726E-5 4.34129E-5 3.3342E-5 3.69804E-5
3.65147E-3 3.30319E-3 2.95557E-3 2.16932E-3 1.83987E-3 1.64585E-3 7.54451E-4 8.19543E-4 4.38971E-4 1.95515E-4 1.53162E-4 9.95341E-5 7.64592E-5 6.68334E-5 3.79156E-5 3.27659E-5 3.23908E-5 4.03662E-5 8.56668E-5 8.75602E-5 3.25104E-5 3.30335E-5 4.93882E-5 2.8532E-5 3.16387E-5 3.11374E-5 3.25215E-5 3.18308E-5 3.73224E-5 3.1417E-5 2.55007E-5 2.82214E-5 3.0731E-5 3.08228E-5 3.44353E-5 4.42403E-5 4.62381E-5 4.17409E-5 4.72555E-5 4.29908E-5 3.47935E-5 2.89843E-5 4.24313E-5 6.36829E-5 5.81103E-5 5.39134E-5 5.44603E-5 7.45283E-5 7.13996E-5 4.50344E-5 3.36092E-5 3.5518E-5 5.66656E-5 6.25516E-5 6.84328E-5 5.96183E-5 3.7429E-5 6.69682E-5 7.07808E-5 6.16701E-5 4.09171E-5
1.33418E-3 1.54545E-3 2.36155E-3 2.00719E-3 1.16115E-3 2.18916E-3 1.83956E-3 1.41351E-3 6.38725E-4 5.91723E-4 4.68654E-4 3.12254E-4 2.07319E-4 9.68294E-5 6.37729E-5 4.70965E-5 4.00898E-5 3.59068E-5 9.74665E-5 8.21767E-5 6.61077E-5 3.32068E-5 4.01944E-5 2.89701E-5 3.48149E-5 4.79989E-5 4.93595E-5 4.08654E-5 2.84912E-5 3.0122E-5 2.76556E-5 2.83769E-5 3.06678E-5 3.09781E-5 3.09004E-5 3.39487E-5 3.45819E-5 3.71519E-5 4.19484E-5 5.48021E-5 6.21481E-5 4.81826E-5 3.38675E-5 5.80298E-5 8.31297E-5 8.28474E-5 6.75173E-5 8.38175E-5 9.51493E-5 9.05963E-5 5.54811E-5 3.79744E-5 3.69242E-5 6.19078E-5 4.63478E-5 4.1812E-5 4.07859E-5 3.57875E-5 5.03251E-5 7.31704E-5 6.64695E-5
3.90583E-3 4.08035E-3 2.06407E-3 1.49832E-3 1.2188E-3 1.04932E-3 1.17017E-3 1.69524E-3 1.5446E-3 9.85821E-4 6.59411E-4 6.16093E-4 3.98549E-4 4.17722E-4 1.48012E-4 6.39067E-5 5.05749E-5 3.65662E-5 7.17692E-5 7.08504E-5 1.04417E-4 5.27408E-5 5.4581E-5 2.87189E-5 3.09865E-5 4.29107E-5 5.8507E-5 5.32948E-5 2.86486E-5 2.75387E-5 2.77365E-5 2.79492E-5 2.83054E-5 3.08228E-5 3.1056E-5 4.24876E-5 4.68572E-5 5.42451E-5 5.49199E-5 5.12242E-5 5.73429E-5 4.33733E-5 5.79304E-5 4.22482E-5 6.19157E-5 6.18425E-5 4.49879E-5 5.30542E-5 6.6384E-5 8.9071E-5 1.09594E-4 9.58836E-5 5.09722E-5 4.13992E-5 8.9054E-5 6.03326E-5 4.71843E-5 4.954E-5 3.66804E-5 3.81494E-5 3.9622E-5
1.79349E-3 3.34463E-3 3.75044E-3 1.20419E-3 5.99433E-4 7.48104E-4 1.58919E-3 1.08468E-3 1.38032E-3 1.2002E-3 8.58153E-4 8.3487E-4 7.60629E-4 4.55021E-4 1.65658E-4 1.05135E-4 6.71524E-5 4.4792E-5 3.43814E-5 3.39879E-5 7.0292E-5 7.95352E-5 5.06925E-5 3.08953E-5 4.26607E-5 3.01594E-5 4.5011E-5 4.89084E-5 3.05892E-5 2.95218E-5 3.12196E-5 3.11958E-5 2.86776E-5 3.06034E-5 3.0371E-5 3.04484E-5 3.07588E-5 3.74969E-5 4.214E-5 6.21268E-5 4.18364E-5 4.32753E-5 6.25471E-5 9.373E-5 6.65401E-5 5.0304E-5 3.93049E-5 3.79098E-5 4.144E-5 4.70208E-5 4.28013E-5 6.37974E-5 4.82998E-5 4.03189E-5 9.58004E-5 1.28162E-4 1.02443E-4 1.08083E-4 7.71342E-5 6.67701E-5 4.57409E-5
3.39903E-4 7.38296E-4 3.05446E-3 8.20545E-4 3.03936E-4 2.99683E-4 2.1562E-4 2.14376E-4 5.49075E-4 7.57066E-4 8.03126E-4 8.10063E-4 8.46567E-4 5.40899E-4 4.39566E-4 3.732E-4 1.40373E-4 5.619E-5 5.45078E-5 3.83503E-5 3.82154E-5 7.57426E-5 8.23005E-5 4.26199E-5 4.52443E-5 4.88597E-5 3.1415E-5 4.29231E-5 3.36146E-5 2.81646E-5 3.53185E-5 3.23145E-5 3.7883E-5 3.67423E-5 4.03656E-5 3.59388E-5 3.29959E-5 3.07452E-5 3.09926E-5 3.39844E-5 4.10318E-5 3.72669E-5 3.75894E-5 6.34103E-5 1.12476E-4 6.26948E-5 7.91025E-5 1.07541E-4 6.78353E-5 4.33135E-5 4.70385E-5 1.05638E-4 1.17332E-4 6.4665E-5 8.77814E-5 1.61462E-4 1.44544E-4 1.07581E-4 1.46035E-4 1.31006E-4 7.44184E-5
2.12652E-3 2.44662E-4 1.23626E-3 5.93876E-4 1.2277E-3 2.11982E-3 1.07183E-3 2.69052E-4 9.34011E-5 1.25811E-4 1.73648E-4 6.92905E-4 7.77651E-4 6.77252E-4 6.09576E-4 4.85233E-4 1.94029E-4 1.18855E-4 6.71238E-5 4.94701E-5 3.78756E-5 5.26784E-5 8.45697E-5 5.9489E-5 4.02661E-5 4.8648E-5 3.48697E-5 4.80028E-5 2.87398E-5 2.8619E-5 2.92584E-5 3.2815E-5 6.12203E-5 5.82108E-5 5.20386E-5 5.43127E-5 3.95759E-5 3.93996E-5 4.36062E-5 3.68967E-5 5.98758E-5 8.36792E-5 9.76175E-5 4.56308E-5 8.01318E-5 7.13251E-5 1.38944E-4 1.22042E-4 1.78715E-4 1.35183E-4 1.54931E-4 1.09008E-4 7.66351E-5 5.62436E-5 5.46625E-5 7.19133E-5 5.5997E-5 4.28402E-5 5.77682E-5 1.25192E-4 1.27358E-4
2.89122E-3 3.63074E-4 1.69666E-4 2.74667E-4 2.43158E-4 8.14302E-4 2.50081E-3 1.03099E-3 1.10179E-4 2.94798E-4 1.23384E-4 1.35917E-4 1.46162E-4 4.74961E-4 6.24317E-4 5.1935E-4 3.79457E-4 3.04363E-4 1.02588E-4 5.95084E-5 5.44877E-5 5.17797E-5 7.84697E-5 6.14753E-5 5.0986E-5 3.92305E-5 4.0571E-5 4.70775E-5 3.21105E-5 2.90972E-5 2.9715E-5 3.57683E-5 6.32891E-5 6.97297E-5 6.70872E-5 9.44872E-5 9.02966E-5 7.94922E-5 6.20456E-5 4.50988E-5 5.71429E-5 6.07159E-5 4.82916E-5 5.20752E-5 1.51387E-4 1.9566E-4 2.33701E-4 1.40133E-4 1.51062E-4 2.42437E-4 2.78869E-4 2.1454E-4 7.01285E-5 5.36875E-5 1.2418E-4 2.11809E-4 1.59629E-4 9.57371E-5 5.85423E-5 5.08284E-5 4.58262E-5
3.40197E-3 2.26571E-3 8.08752E-4 5.59314E-4 4.76336E-4 3.6622E-4 1.72686E-3 7.72125E-4 1.62091E-4 1.64131E-4 8.55773E-4 4.29332E-4 2.10996E-4 8.63825E-5 5.12828E-4 5.45497E-4 4.59975E-4 2.91271E-4 1.24323E-4 7.52365E-5 5.79361E-5 4.68578E-5 8.25543E-5 9.61637E-5 9.8292E-5 4.89094E-5 5.38548E-5 4.62179E-5 2.88589E-5 2.93879E-5 2.96978E-5 3.55948E-5 6.29113E-5 5.2786E-5 5.93863E-5 9.10191E-5 9.29357E-5 1.09648E-4 6.91832E-5 8.97317E-5 7.57947E-5 6.53352E-5 5.82155E-5 6.8862E-5 6.15555E-5 9.88764E-5 3.00211E-4 1.45466E-4 5.86941E-5 6.5089E-5 8.30624E-5 1.14237E-4 2.10011E-4 9.27258E-5 9.69243E-5 1.8008E-4 3.00932E-4 2.84025E-4 2.01036E-4 2.23494E-4 8.30174E-5
4.16197E-3 4.38822E-3 2.5998E-3 2.16694E-3 1.91031E-3 1.05331E-3 6.83112E-4 1.4039E-3 1.02044E-3 3.73925E-4 3.96329E-4 1.41774E-3 6.51191E-4 1.4856E-4 1.57653E-4 7.02991E-4 5.29762E-4 3.9662E-4 1.57915E-4 1.43619E-4 9.49959E-5 5.3765E-5 4.58434E-5 9.10276E-5 1.022E-4 7.08421E-5 8.0311E-5 5.31107E-5 3.6236E-5 3.27674E-5 3.66801E-5 5.26161E-5 5.49847E-5 4.27601E-5 4.67024E-5 5.014E-5 9.19987E-5 1.54522E-4 1.87164E-4 1.9577E-4 1.05848E-4 7.00089E-5 6.21066E-5 2.20709E-4 2.81773E-4 2.40453E-4 3.71643E-4 2.04698E-4 1.83961E-4 1.67982E-4 2.74093E-4 1.05763E-4 6.17735E-5 7.74889E-5 7.27034E-5 7.07379E-5 8.52861E-5 1.0237E-4 1.78843E-4 2.93122E-4 1.19842E-4
4.66888E-3 3.15564E-3 2.3572E-3 3.08798E-3 2.20674E-3 3.07656E-3 1.91998E-3 1.4273E-3 4.27148E-4 3.83466E-4 8.67679E-4 1.14986E-3 5.86582E-4 1.1835E-4 2.36406E-4 1.49539E-4 4.8843E-4 4.59438E-4 2.75692E-4 1.63158E-4 2.45273E-4 7.32035E-5 4.57363E-5 7.07214E-5 1.08429E-4 9.63221E-5 9.04481E-5 5.01832E-5 3.87359E-5 3.74443E-5 5.55576E-5 9.87361E-5 1.04769E-4 9.33425E-5 8.19473E-5 8.74768E-5 6.2387E-5 7.1786E-5 6.71911E-5 1.02031E-4 7.98664E-5 1.03391E-4 7.20327E-5 1.19452E-4 4.79456E-4 4.19119E-4 2.43732E-4 3.20299E-4 5.47666E-4 5.19357E-4 4.60499E-4 4.13061E-4 3.78779E-4 2.86436E-4 2.75591E-4 2.86726E-4 2.6052E-4 2.20353E-4 9.4354E-5 8.79711E-5 6.87872E-5
