Artocarpus hirsutus SDM files/MIS19/results (with bias file)/Arthir_0.asc
ncols         625
nrows         721
xllcorner     69.99986311115
yllcorner     5.99986187915
cellsize      0.041666667
NODATA_value  -9999
[rows 189 to 215 of 721, columns 488 to 548 of 625]
1.50363E-4 1.70916E-4 1.53003E-4 1.40688E-4 1.48276E-4 1.80594E-4 1.91799E-4 2.12485E-4 2.26699E-4 2.17573E-4 2.24403E-4 2.39298E-4 2.45736E-4 3.03517E-4 3.4098E-4 3.71666E-4 3.72706E-4 3.1916E-4 5.08154E-4 4.73457E-4 4.25208E-4 3.72738E-4 3.29181E-4 2.43438E-4 2.03926E-4 2.53498E-4 2.52239E-4 2.12858E-4 2.01306E-4 1.90884E-4 1.88267E-4 1.84126E-4 1.86151E-4 1.51892E-4 1.38137E-4 1.85008E-4 1.44067E-4 9.89385E-5 1.03832E-4 1.22319E-4 1.07269E-4 1.2585E-4 1.20869E-4 1.1156E-4 8.86782E-5 7.61796E-5 7.41904E-5 9.47271E-5 9.60411E-5 1.09307E-4 9.90034E-5 1.20228E-4 1.09696E-4 9.18113E-5 9.99507E-5 1.10396E-4 1.25042E-4 1.87184E-4 2.63945E-4 3.60133E-4 7.59561E-4
1.96339E-4 1.85153E-4 1.33277E-4 1.44633E-4 1.51312E-4 2.02441E-4 2.36319E-4 2.59005E-4 2.58544E-4 2.54218E-4 2.60296E-4 2.55036E-4 2.81001E-4 3.0779E-4 3.3849E-4 3.58802E-4 4.6007E-4 4.74603E-4 4.1853E-4 4.75801E-4 4.32612E-4 4.66372E-4 4.07265E-4 3.37608E-4 2.52095E-4 3.26049E-4 2.33662E-4 2.41747E-4 2.59811E-4 2.47475E-4 2.29811E-4 1.79598E-4 2.15688E-4 2.05923E-4 1.41023E-4 2.09344E-4 1.71784E-4 1.14791E-4 1.38217E-4 1.5772E-4 1.29572E-4 1.04266E-4 1.12003E-4 9.1546E-5 8.42058E-5 1.02629E-4 9.99942E-5 1.17257E-4 1.20845E-4 1.09036E-4 1.05982E-4 1.21228E-4 1.12762E-4 1.15541E-4 1.41189E-4 1.10615E-4 1.08083E-4 1.67602E-4 2.78896E-4 4.18049E-4 8.24555E-4
1.8052E-4 1.91666E-4 1.4548E-4 1.43028E-4 2.08768E-4 2.63154E-4 2.51919E-4 2.81758E-4 3.55599E-4 3.73797E-4 3.01311E-4 3.28726E-4 3.28936E-4 3.64942E-4 3.8672E-4 3.70769E-4 4.32381E-4 4.36481E-4 5.29118E-4 6.44809E-4 5.92368E-4 6.11805E-4 5.06653E-4 3.89891E-4 3.56562E-4 3.4285E-4 2.85503E-4 2.9532E-4 2.36746E-4 2.01904E-4 2.3474E-4 2.13637E-4 1.83114E-4 1.95249E-4 1.56311E-4 2.06999E-4 1.92676E-4 1.72066E-4 1.82741E-4 1.93836E-4 1.57933E-4 1.44343E-4 1.42444E-4 1.28686E-4 1.32291E-4 1.37141E-4 1.14353E-4 9.76526E-5 1.00681E-4 1.32838E-4 1.64352E-4 1.40734E-4 1.29138E-4 1.14508E-4 1.64777E-4 1.52098E-4 1.2274E-4 1.74337E-4 2.61691E-4 6.49685E-4 1.13174E-3
2.00993E-4 2.19821E-4 2.22732E-4 2.52567E-4 2.55897E-4 3.641E-4 3.19584E-4 2.82244E-4 3.98913E-4 5.05523E-4 5.26067E-4 4.45383E-4 4.50401E-4 6.12621E-4 5.30988E-4 4.71122E-4 5.85465E-4 5.5115E-4 5.58762E-4 6.05134E-4 7.5631E-4 6.15454E-4 5.52475E-4 4.26712E-4 4.31999E-4 4.11332E-4 3.70957E-4 2.56471E-4 2.62773E-4 2.52779E-4 2.35256E-4 2.17042E-4 2.80329E-4 2.74414E-4 1.78068E-4 2.4099E-4 2.34023E-4 1.70889E-4 1.62623E-4 2.13563E-4 1.83137E-4 1.6516E-4 1.60855E-4 1.4188E-4 1.22107E-4 1.26567E-4 1.13067E-4 1.04518E-4 1.03871E-4 1.24639E-4 1.91392E-4 1.8682E-4 1.86827E-4 1.77743E-4 1.98924E-4 2.14841E-4 2.05543E-4 2.5945E-4 5.0649E-4 7.36141E-4 9.85803E-4
2.10618E-4 2.24793E-4 2.13348E-4 2.95234E-4 2.84553E-4 3.12618E-4 4.2996E-4 3.70157E-4 4.02809E-4 6.26719E-4 5.86788E-4 3.58184E-4 5.1832E-4 5.17894E-4 5.3686E-4 4.75469E-4 5.85645E-4 7.27605E-4 7.26313E-4 8.28734E-4 8.48122E-4 8.69996E-4 4.84684E-4 4.88295E-4 4.93456E-4 4.80406E-4 4.30666E-4 3.57184E-4 3.24132E-4 3.58964E-4 2.9066E-4 2.79419E-4 2.79196E-4 3.21858E-4 2.2991E-4 2.7076E-4 2.87708E-4 2.42184E-4 1.93707E-4 1.85076E-4 1.96614E-4 1.6278E-4 1.62717E-4 1.7076E-4 1.60388E-4 1.73296E-4 1.45048E-4 1.45714E-4 1.47761E-4 1.52731E-4 1.70412E-4 1.83433E-4 1.96903E-4 1.95095E-4 1.67263E-4 1.90112E-4 2.30625E-4 3.64085E-4 5.44482E-4 1.20361E-3 1.66418E-3
2.39547E-4 3.19488E-4 2.70429E-4 3.99497E-4 3.70086E-4 3.0761E-4 3.96073E-4 4.96692E-4 4.59291E-4 5.88437E-4 6.54533E-4 4.10493E-4 4.61824E-4 7.96156E-4 9.10473E-4 7.68433E-4 6.07767E-4 8.83093E-4 7.76897E-4 9.63592E-4 1.04211E-3 1.00829E-3 6.0866E-4 4.4859E-4 5.99245E-4 5.00164E-4 5.19111E-4 4.42949E-4 4.45874E-4 4.08777E-4 3.26042E-4 2.78358E-4 2.65694E-4 3.51152E-4 3.32959E-4 3.23124E-4 3.30757E-4 2.27054E-4 2.07233E-4 1.84609E-4 2.40098E-4 2.2305E-4 2.28219E-4 2.14773E-4 2.14362E-4 2.0676E-4 1.78086E-4 1.57551E-4 1.60452E-4 1.6912E-4 1.41639E-4 1.66635E-4 1.49577E-4 1.78623E-4 1.66265E-4 2.34403E-4 3.26528E-4 8.86136E-4 2.10529E-3 2.21536E-3 4.26871E-3
2.41681E-4 3.54734E-4 2.7342E-4 4.2185E-4 5.10599E-4 5.6294E-4 3.45112E-4 4.01559E-4 5.17656E-4 5.61373E-4 8.22533E-4 8.00544E-4 5.31053E-4 5.25929E-4 7.86858E-4 1.06645E-3 7.55884E-4 7.97284E-4 1.08478E-3 1.26652E-3 1.29299E-3 1.375E-3 9.17668E-4 5.87287E-4 7.54591E-4 4.95103E-4 6.25797E-4 5.73729E-4 5.45174E-4 4.86465E-4 4.05703E-4 3.78106E-4 3.53404E-4 3.33291E-4 4.10254E-4 3.54927E-4 3.04232E-4 2.2112E-4 2.27936E-4 2.17238E-4 2.92563E-4 2.64068E-4 2.23825E-4 2.10071E-4 1.86949E-4 2.04355E-4 2.07243E-4 1.64601E-4 1.70988E-4 1.43465E-4 1.37119E-4 1.53026E-4 1.55531E-4 1.67352E-4 2.93975E-4 4.4341E-4 9.10899E-4 1.27135E-3 3.39699E-3 4.7173E-3 3.84255E-3
3.81784E-4 3.0345E-4 4.11725E-4 3.55824E-4 5.68357E-4 6.70767E-4 3.89868E-4 3.72006E-4 6.33596E-4 6.39275E-4 6.4016E-4 7.97539E-4 8.64857E-4 6.9558E-4 6.34281E-4 9.02852E-4 1.01428E-3 1.23201E-3 1.31652E-3 1.34812E-3 1.67701E-3 1.39564E-3 8.38909E-4 7.65302E-4 9.95181E-4 5.57573E-4 7.43799E-4 6.53959E-4 5.74595E-4 5.32266E-4 4.52993E-4 4.68425E-4 4.26816E-4 4.56626E-4 4.5319E-4 3.6368E-4 3.14928E-4 3.02438E-4 3.11796E-4 2.8103E-4 2.84414E-4 2.46566E-4 2.2047E-4 2.40488E-4 2.42734E-4 2.73536E-4 2.65323E-4 1.94469E-4 2.04414E-4 1.61845E-4 1.58712E-4 1.85064E-4 2.32178E-4 2.04791E-4 5.14298E-4 7.29518E-4 1.41402E-3 3.39867E-3 3.06832E-3 6.95303E-3 8.03303E-3
5.61452E-4 5.03544E-4 3.47119E-4 4.47348E-4 5.89218E-4 7.15434E-4 6.36527E-4 4.67982E-4 4.81639E-4 7.30529E-4 7.64093E-4 8.11378E-4 8.61897E-4 7.67036E-4 6.38449E-4 7.37547E-4 8.85703E-4 1.07585E-3 1.20502E-3 1.27406E-3 1.91385E-3 1.70925E-3 1.22806E-3 1.08546E-3 1.07487E-3 6.9768E-4 8.46107E-4 8.53533E-4 6.94266E-4 6.26226E-4 5.34855E-4 4.47358E-4 4.1773E-4 4.81229E-4 5.15454E-4 4.25596E-4 3.65153E-4 3.84316E-4 3.77602E-4 3.14381E-4 3.8553E-4 2.74326E-4 2.80874E-4 3.07983E-4 2.60362E-4 3.31902E-4 3.11371E-4 2.90568E-4 2.63447E-4 2.28097E-4 3.09721E-4 3.24896E-4 4.38593E-4 7.42439E-4 1.68252E-3 1.59269E-3 3.24433E-3 4.70381E-3 5.32882E-3 5.70369E-3 9.59268E-3
6.51193E-4 8.56795E-4 6.51093E-4 5.79913E-4 7.19589E-4 7.61978E-4 7.76294E-4 8.38263E-4 5.25337E-4 6.53555E-4 1.17341E-3 1.0685E-3 8.44882E-4 1.13337E-3 1.06132E-3 8.13507E-4 9.57655E-4 1.01147E-3 1.45932E-3 1.64929E-3 1.65521E-3 1.89282E-3 1.24967E-3 1.29279E-3 1.16443E-3 7.92972E-4 9.5973E-4 9.03762E-4 7.00677E-4 6.72607E-4 7.14777E-4 5.94683E-4 4.83677E-4 6.09944E-4 5.8646E-4 4.99572E-4 4.30639E-4 4.11171E-4 3.75112E-4 3.30775E-4 4.65806E-4 4.44096E-4 3.82313E-4 3.65331E-4 3.30015E-4 3.79487E-4 3.96684E-4 4.99628E-4 4.38049E-4 3.81011E-4 4.75446E-4 5.46987E-4 8.26015E-4 1.81285E-3 2.79192E-3 3.31654E-3 5.28676E-3 7.66265E-3 5.66258E-3 6.41502E-3 8.08429E-3
4.78805E-4 5.16663E-4 6.65246E-4 7.42688E-4 1.16621E-3 8.44314E-4 6.69578E-4 8.90207E-4 9.08008E-4 6.71608E-4 1.23281E-3 1.11844E-3 6.81874E-4 1.28459E-3 1.24897E-3 7.74818E-4 7.88943E-4 9.79652E-4 1.16122E-3 1.45179E-3 1.57957E-3 1.74156E-3 1.44118E-3 1.62735E-3 1.09895E-3 8.8232E-4 1.06346E-3 9.97417E-4 9.71335E-4 9.89273E-4 8.69757E-4 5.90227E-4 5.49712E-4 7.52956E-4 7.3308E-4 5.82883E-4 5.36497E-4 4.58467E-4 4.89226E-4 4.11712E-4 4.94098E-4 6.1871E-4 4.29387E-4 4.35321E-4 5.48976E-4 5.75051E-4 5.13356E-4 6.03757E-4 6.43207E-4 6.33021E-4 5.26511E-4 7.99777E-4 9.4333E-4 1.0539E-3 3.75548E-3 4.35847E-3 6.2283E-3 1.08482E-2 1.12453E-2 9.69641E-3 9.9116E-3
9.47804E-4 8.60085E-4 6.77937E-4 7.15234E-4 1.4348E-3 1.05479E-3 6.05725E-4 6.54647E-4 9.57381E-4 7.49505E-4 1.24064E-3 1.12425E-3 8.66004E-4 1.02174E-3 1.56397E-3 1.3505E-3 8.24167E-4 1.08579E-3 1.15099E-3 1.09149E-3 1.49933E-3 1.65619E-3 1.46917E-3 1.36885E-3 1.02594E-3 8.76422E-4 1.07388E-3 1.20336E-3 1.19873E-3 1.09468E-3 9.016E-4 7.81254E-4 7.95588E-4 9.35032E-4 8.04141E-4 6.33564E-4 6.29231E-4 5.84672E-4 6.85896E-4 6.74006E-4 6.58609E-4 7.23688E-4 7.27217E-4 7.73673E-4 5.97578E-4 4.80128E-4 7.00597E-4 8.46506E-4 9.81223E-4 1.10708E-3 9.2049E-4 1.666E-3 1.94683E-3 2.59678E-3 3.06251E-3 3.41222E-3 4.2227E-3 1.05106E-2 1.45489E-2 1.46518E-2 1.14127E-2
1.13834E-3 1.23773E-3 1.34693E-3 8.9537E-4 1.3951E-3 1.27898E-3 8.56646E-4 9.03712E-4 9.19926E-4 7.79478E-4 8.69968E-4 8.52555E-4 9.03907E-4 9.78732E-4 1.32008E-3 1.38387E-3 9.94145E-4 1.18816E-3 1.14485E-3 1.15881E-3 1.35569E-3 1.7119E-3 1.4212E-3 1.13908E-3 9.5904E-4 8.94592E-4 8.9671E-4 1.02036E-3 1.26993E-3 1.08157E-3 8.86926E-4 1.01929E-3 8.98935E-4 1.05211E-3 9.04224E-4 6.61218E-4 8.12259E-4 8.81968E-4 8.1521E-4 8.28367E-4 7.85068E-4 6.87994E-4 5.19148E-4 5.15831E-4 6.42398E-4 5.34226E-4 6.01328E-4 9.3855E-4 1.59361E-3 1.63091E-3 1.33088E-3 1.79961E-3 4.57318E-3 3.1472E-3 2.07134E-3 2.73308E-3 2.73216E-3 6.55828E-3 1.45822E-2 1.81415E-2 1.68064E-2
1.34851E-3 8.59962E-4 1.03978E-3 1.15019E-3 1.32984E-3 1.56697E-3 7.61932E-4 6.94395E-4 7.65164E-4 7.85849E-4 1.26943E-3 1.12945E-3 8.9448E-4 9.14565E-4 9.90011E-4 7.91647E-4 9.1872E-4 1.21632E-3 1.72967E-3 1.35626E-3 1.50221E-3 1.69839E-3 1.45802E-3 1.60015E-3 1.06351E-3 1.04591E-3 1.06374E-3 1.00431E-3 1.38731E-3 1.30084E-3 9.81797E-4 9.77475E-4 1.24153E-3 1.1271E-3 1.09485E-3 1.02092E-3 1.1139E-3 1.06805E-3 1.1044E-3 9.98441E-4 7.86436E-4 5.55293E-4 5.52254E-4 4.83948E-4 6.16096E-4 6.89232E-4 9.09021E-4 1.66246E-3 2.22496E-3 2.33132E-3 3.26019E-3 2.0966E-3 5.7745E-3 5.12906E-3 5.20637E-3 3.43645E-3 3.34736E-3 4.69268E-3 1.12224E-2 2.08362E-2 1.79311E-2
9.71707E-4 8.45333E-4 8.37703E-4 1.06285E-3 1.15467E-3 1.78832E-3 1.58859E-3 1.17598E-3 7.95742E-4 7.69861E-4 9.86048E-4 1.0321E-3 8.79385E-4 8.97714E-4 1.13864E-3 8.99278E-4 8.99448E-4 1.1269E-3 1.43686E-3 1.54448E-3 1.62412E-3 1.71131E-3 1.40426E-3 1.25587E-3 1.28771E-3 9.70111E-4 9.72448E-4 1.03874E-3 1.38949E-3 1.52745E-3 1.09318E-3 1.1332E-3 1.46462E-3 1.46986E-3 1.32378E-3 1.21229E-3 1.12235E-3 1.0269E-3 8.89416E-4 7.31781E-4 8.34909E-4 8.96583E-4 7.6728E-4 6.57246E-4 8.45687E-4 1.2658E-3 9.83934E-4 1.64644E-3 3.86281E-3 2.76519E-3 4.59602E-3 2.17862E-3 6.87544E-3 8.33027E-3 1.0237E-2 4.86912E-3 6.7062E-3 8.29689E-3 8.54389E-3 1.98736E-2 2.69383E-2
1.40097E-3 1.21694E-3 8.61029E-4 1.29889E-3 2.13438E-3 2.09913E-3 1.27048E-3 1.08454E-3 1.55802E-3 1.12824E-3 9.97615E-4 9.34256E-4 1.02908E-3 8.7184E-4 9.67048E-4 9.00898E-4 8.71858E-4 1.16252E-3 1.22465E-3 1.49994E-3 1.8448E-3 1.70504E-3 1.37739E-3 1.05949E-3 1.24962E-3 1.37363E-3 1.19132E-3 1.15502E-3 1.3747E-3 1.51666E-3 1.69607E-3 1.52154E-3 1.60873E-3 1.49085E-3 1.10531E-3 9.44532E-4 8.18867E-4 7.76055E-4 8.59232E-4 1.13952E-3 9.09041E-4 8.88984E-4 1.09451E-3 1.17003E-3 1.0642E-3 2.2973E-3 2.63359E-3 1.66793E-3 4.57199E-3 2.60231E-3 4.32724E-3 3.08888E-3 4.75405E-3 9.71376E-3 1.15851E-2 1.03244E-2 1.02064E-2 1.06128E-2 1.35477E-2 1.2514E-2 1.36111E-2
9.60771E-4 1.50606E-3 1.47808E-3 1.39329E-3 1.56917E-3 1.76812E-3 1.39163E-3 1.00781E-3 9.63538E-4 8.85387E-4 8.76555E-4 9.8458E-4 1.07843E-3 9.96873E-4 9.37686E-4 1.04484E-3 9.06918E-4 1.22652E-3 1.33923E-3 1.54951E-3 1.83456E-3 1.61147E-3 1.45523E-3 1.03429E-3 1.27919E-3 1.74985E-3 1.22795E-3 1.12225E-3 1.26016E-3 1.77406E-3 1.9673E-3 1.62774E-3 1.19155E-3 1.15043E-3 1.16706E-3 1.25428E-3 1.22165E-3 1.09858E-3 9.66848E-4 1.07652E-3 1.00379E-3 9.69374E-4 1.34708E-3 1.98789E-3 1.679E-3 2.20594E-3 3.36842E-3 2.37786E-3 5.33482E-3 3.50405E-3 2.67261E-3 5.84708E-3 4.36299E-3 1.03164E-2 1.03984E-2 1.40198E-2 1.28031E-2 1.12612E-2 1.48018E-2 2.46813E-2 2.27892E-2
8.04437E-4 9.06292E-4 1.13438E-3 1.53902E-3 2.3747E-3 2.5354E-3 2.49555E-3 1.95229E-3 8.49774E-4 6.26648E-4 7.04773E-4 7.50967E-4 9.05397E-4 1.06988E-3 9.6393E-4 9.78182E-4 9.31551E-4 1.10642E-3 1.25838E-3 1.59782E-3 1.93229E-3 1.68292E-3 1.51081E-3 1.26091E-3 1.45084E-3 1.77312E-3 1.46538E-3 1.2287E-3 1.4903E-3 1.84637E-3 1.82144E-3 1.65135E-3 1.67395E-3 1.59373E-3 1.69564E-3 1.71029E-3 1.65703E-3 1.63783E-3 1.51767E-3 1.43265E-3 1.11073E-3 7.72276E-4 1.12165E-3 1.79925E-3 1.66997E-3 2.43015E-3 2.72524E-3 2.46487E-3 5.5418E-3 5.05579E-3 3.09429E-3 3.25262E-3 5.23279E-3 1.27135E-2 1.26131E-2 1.41756E-2 1.40857E-2 1.29379E-2 1.58281E-2 2.60495E-2 3.5892E-2
8.65759E-4 8.36333E-4 1.0289E-3 1.37399E-3 2.01661E-3 2.48715E-3 2.68496E-3 2.6273E-3 2.17471E-3 7.16231E-4 5.50778E-4 6.31157E-4 7.9633E-4 1.04614E-3 1.14295E-3 9.32152E-4 9.94722E-4 1.00075E-3 1.16558E-3 1.53925E-3 1.79324E-3 2.11212E-3 1.80098E-3 1.5248E-3 1.7608E-3 1.8823E-3 1.50726E-3 1.50108E-3 1.76902E-3 2.22483E-3 2.25776E-3 2.15381E-3 2.17943E-3 1.88707E-3 1.57326E-3 1.31446E-3 1.15506E-3 9.61348E-4 9.61869E-4 1.02526E-3 8.56792E-4 9.57022E-4 1.14881E-3 1.30914E-3 1.54596E-3 2.01589E-3 1.98493E-3 3.27071E-3 4.4241E-3 4.09552E-3 7.04839E-3 5.70466E-3 4.59952E-3 1.32348E-2 1.60401E-2 1.59903E-2 1.33671E-2 1.56436E-2 1.89343E-2 1.93126E-2 2.72332E-2
1.2527E-3 1.11715E-3 1.28588E-3 1.54867E-3 1.53611E-3 1.94015E-3 2.66037E-3 2.99425E-3 2.27461E-3 8.59057E-4 7.30931E-4 8.62642E-4 7.304E-4 1.07997E-3 1.35187E-3 9.91292E-4 1.05057E-3 1.35739E-3 1.50362E-3 1.74442E-3 2.09501E-3 2.21606E-3 1.59509E-3 1.75507E-3 1.91748E-3 2.17684E-3 1.78642E-3 2.03468E-3 2.3421E-3 2.23553E-3 2.11928E-3 1.83121E-3 1.69488E-3 1.37088E-3 1.20147E-3 1.10238E-3 9.83026E-4 1.02948E-3 1.01152E-3 8.90783E-4 7.83918E-4 9.84125E-4 1.16636E-3 1.30222E-3 1.48056E-3 1.64376E-3 2.00083E-3 3.16372E-3 4.32139E-3 3.79191E-3 6.70224E-3 6.39635E-3 6.59105E-3 6.85911E-3 1.18747E-2 1.78151E-2 1.74972E-2 2.11691E-2 2.4163E-2 1.4928E-2 2.80542E-2
1.172E-3 8.11259E-4 1.18272E-3 1.70915E-3 1.76258E-3 1.90769E-3 2.58304E-3 2.54756E-3 2.19686E-3 2.35763E-3 2.38364E-3 2.21347E-3 1.15077E-3 1.12042E-3 2.34413E-3 1.22239E-3 1.1234E-3 1.36271E-3 1.94256E-3 2.30001E-3 2.36086E-3 2.61772E-3 2.01395E-3 1.71744E-3 1.84083E-3 2.19452E-3 2.42852E-3 2.57551E-3 2.12603E-3 1.99127E-3 1.52838E-3 1.57723E-3 1.35901E-3 1.29886E-3 1.08382E-3 1.04567E-3 9.96959E-4 9.72509E-4 9.68906E-4 1.05035E-3 1.0223E-3 1.1634E-3 1.7955E-3 2.15379E-3 1.98296E-3 1.96569E-3 2.1771E-3 2.8937E-3 2.90777E-3 2.80803E-3 3.35719E-3 4.21712E-3 5.1462E-3 7.18308E-3 6.4856E-3 1.42434E-2 1.99129E-2 1.93505E-2 1.52102E-2 1.7507E-2 3.44893E-2
1.33278E-3 9.87421E-4 1.56217E-3 1.6995E-3 2.27378E-3 2.43386E-3 2.9298E-3 3.19187E-3 2.94409E-3 2.98468E-3 3.17532E-3 2.58645E-3 2.72015E-3 1.16441E-3 2.77799E-3 1.65588E-3 1.30392E-3 1.46789E-3 2.30807E-3 2.77536E-3 3.48041E-3 2.49019E-3 2.19802E-3 1.70266E-3 1.79581E-3 2.27555E-3 2.57067E-3 2.29091E-3 1.88296E-3 1.70773E-3 1.41673E-3 1.32687E-3 1.09609E-3 1.19152E-3 1.01559E-3 8.81735E-4 1.21199E-3 1.28754E-3 1.1758E-3 1.53049E-3 1.64091E-3 1.84297E-3 1.82713E-3 2.29578E-3 3.2206E-3 3.634E-3 4.33083E-3 4.50658E-3 5.77717E-3 6.03155E-3 7.12735E-3 8.43963E-3 9.06593E-3 1.12952E-2 1.12162E-2 1.18701E-2 1.23524E-2 1.39073E-2 2.10132E-2 2.22668E-2 2.36296E-2
1.22937E-3 1.24089E-3 2.00099E-3 2.27304E-3 2.44725E-3 2.46243E-3 3.00846E-3 3.57997E-3 3.33154E-3 3.42756E-3 3.90096E-3 3.68876E-3 3.09685E-3 2.43773E-3 3.05888E-3 3.80154E-3 1.38174E-3 1.22238E-3 1.52791E-3 2.91494E-3 3.28338E-3 2.88973E-3 2.30049E-3 2.13575E-3 2.1167E-3 2.46204E-3 2.55757E-3 2.17075E-3 2.11343E-3 1.77683E-3 1.5679E-3 1.33175E-3 1.51262E-3 1.50839E-3 1.33536E-3 1.06394E-3 1.43029E-3 1.91935E-3 1.75972E-3 2.15721E-3 2.27001E-3 2.46904E-3 2.44952E-3 2.56318E-3 2.80195E-3 2.78353E-3 3.62758E-3 4.02391E-3 4.92004E-3 5.45989E-3 6.99223E-3 7.47522E-3 9.76433E-3 1.18001E-2 1.18411E-2 1.47382E-2 1.61529E-2 2.04693E-2 2.44439E-2 2.33075E-2 2.26957E-2
1.2345E-3 1.58597E-3 2.16736E-3 2.4558E-3 2.7708E-3 2.73006E-3 2.69301E-3 3.83453E-3 4.13943E-3 4.19302E-3 4.04675E-3 3.99459E-3 3.56504E-3 3.16187E-3 3.51815E-3 3.98456E-3 1.2443E-3 1.51601E-3 1.77698E-3 2.07022E-3 3.53749E-3 4.10302E-3 2.54435E-3 2.25668E-3 2.50855E-3 2.77388E-3 2.3414E-3 2.29894E-3 1.82553E-3 1.82282E-3 1.91033E-3 1.88291E-3 1.83798E-3 1.95213E-3 2.06941E-3 2.11716E-3 2.23674E-3 2.11149E-3 2.4848E-3 2.87929E-3 2.93756E-3 3.3776E-3 2.91582E-3 3.50271E-3 4.11358E-3 3.83241E-3 3.62742E-3 4.03048E-3 3.7484E-3 3.31491E-3 5.67821E-3 4.97058E-3 6.82883E-3 8.65437E-3 1.15465E-2 1.56663E-2 1.84204E-2 1.45172E-2 1.47986E-2 1.93725E-2 2.17726E-2
1.25413E-3 1.82887E-3 2.50892E-3 2.25189E-3 2.3558E-3 2.56209E-3 3.37869E-3 3.46844E-3 4.23237E-3 4.66897E-3 4.50342E-3 4.75383E-3 3.58207E-3 3.26503E-3 4.24445E-3 4.66431E-3 1.64181E-3 2.05664E-3 1.92686E-3 2.08893E-3 4.49277E-3 4.77178E-3 2.82874E-3 2.49585E-3 2.90097E-3 2.88905E-3 2.78186E-3 2.7762E-3 2.65009E-3 2.09796E-3 1.98978E-3 2.0771E-3 2.24538E-3 2.1142E-3 2.04204E-3 2.16787E-3 2.11695E-3 2.09882E-3 2.87191E-3 2.96342E-3 3.20348E-3 3.43743E-3 3.36705E-3 3.08754E-3 4.27641E-3 4.34475E-3 3.87507E-3 5.50099E-3 4.18916E-3 4.93073E-3 5.62888E-3 6.60448E-3 6.36644E-3 8.52404E-3 1.1027E-2 1.30247E-2 1.49324E-2 1.82452E-2 1.92741E-2 1.99541E-2 1.97996E-2
1.61439E-3 2.06732E-3 2.70275E-3 2.17416E-3 2.45441E-3 2.45026E-3 3.07314E-3 3.12811E-3 3.30938E-3 3.98255E-3 4.94347E-3 4.64916E-3 4.20994E-3 4.61013E-3 4.91181E-3 5.69283E-3 1.72111E-3 4.63281E-3 5.9054E-3 2.45626E-3 5.7129E-3 6.0532E-3 2.9277E-3 3.21333E-3 5.30268E-3 3.12663E-3 2.81781E-3 2.45058E-3 2.19032E-3 2.00979E-3 2.34979E-3 2.40088E-3 1.90488E-3 1.68214E-3 1.54303E-3 1.86667E-3 2.61623E-3 2.19232E-3 2.63781E-3 3.01147E-3 3.33632E-3 3.62831E-3 3.56393E-3 3.19013E-3 3.48058E-3 4.28926E-3 4.11513E-3 4.16749E-3 4.33288E-3 4.48405E-3 5.64265E-3 6.29624E-3 8.91317E-3 1.07039E-2 9.69513E-3 1.60779E-2 1.59486E-2 1.88204E-2 1.57583E-2 1.53569E-2 1.60207E-2
2.67946E-3 2.38791E-3 2.81199E-3 2.2809E-3 2.32164E-3 2.78355E-3 2.30766E-3 2.51513E-3 3.18136E-3 3.68567E-3 4.56157E-3 5.45355E-3 5.87741E-3 6.40331E-3 5.95521E-3 5.96946E-3 6.25862E-3 6.45277E-3 5.35909E-3 5.69392E-3 6.5304E-3 6.90789E-3 6.38878E-3 3.36192E-3 2.88975E-3 2.78246E-3 2.37884E-3 2.46078E-3 2.61256E-3 2.39991E-3 1.87045E-3 2.03233E-3 1.5578E-3 1.46349E-3 1.46178E-3 1.88931E-3 2.09578E-3 2.54878E-3 3.72177E-3 3.58315E-3 3.16061E-3 4.28009E-3 4.19813E-3 3.98648E-3 3.39269E-3 3.39405E-3 3.84505E-3 4.47077E-3 4.93365E-3 5.07652E-3 6.68187E-3 8.38539E-3 1.0548E-2 1.16573E-2 1.11447E-2 1.48105E-2 1.34038E-2 1.75919E-2 1.62115E-2 1.37099E-2 1.26904E-2
