Artocarpus hirsutus SDM files/MIS19/results (with bias file)/Arthir_2.asc
ncols         625
nrows         721
xllcorner     69.99986311115
yllcorner     5.99986187915
cellsize      0.041666667
NODATA_value  -9999
[rows 162 to 188 of 721, columns 183 to 243 of 625]
2.56617E-3 3.05753E-3 3.14587E-3 3.14587E-3 3.16696E-3 3.65938E-3 3.83856E-3 4.02267E-3 3.98261E-3 3.30754E-3 3.76618E-3 4.32464E-3 4.80348E-3 4.96068E-3 4.99213E-3 5.22367E-3 5.23892E-3 5.06106E-3 5.29063E-3 6.0792E-3 6.48769E-3 7.23649E-3 7.25203E-3 8.40567E-3 8.79027E-3 1.09673E-2 1.31333E-2 1.46003E-2 1.65524E-2 1.68839E-2 1.86134E-2 1.92875E-2 2.17279E-2 2.59937E-2 3.18056E-2 3.17736E-2 3.51837E-2 3.95886E-2 3.16917E-2 3.60128E-2 3.33717E-2 3.77167E-2 4.01446E-2 2.78223E-2 6.6729E-2 5.09934E-2 4.43506E-2 6.85594E-2 7.42133E-2 1.0222E-1 3.6196E-2 4.50087E-2 2.98956E-2 2.71135E-2 6.79559E-2 2.71291E-2 3.862E-2 1.72922E-2 8.73423E-2 2.23244E-2 1.25479E-2
2.46928E-3 2.60681E-3 2.91974E-3 2.95177E-3 3.12312E-3 3.46153E-3 3.58718E-3 3.7711E-3 3.7477E-3 3.19687E-3 3.46388E-3 4.01646E-3 4.04861E-3 4.74093E-3 4.51631E-3 4.72969E-3 4.85979E-3 4.97553E-3 5.32881E-3 5.43581E-3 5.57997E-3 6.36286E-3 7.09669E-3 7.11204E-3 8.00954E-3 1.01375E-2 1.11117E-2 1.33699E-2 1.3544E-2 1.44709E-2 1.46733E-2 1.75052E-2 2.19179E-2 2.35326E-2 2.51829E-2 2.74086E-2 2.95288E-2 3.0896E-2 3.09531E-2 3.40046E-2 3.59784E-2 3.4344E-2 2.81122E-2 3.28265E-2 3.95422E-2 3.26916E-2 2.88264E-2 1.1277E-1 1.15557E-1 1.21328E-1 1.36728E-1 2.37577E-2 1.21278E-1 5.77929E-2 1.22579E-1 1.26151E-1 1.06444E-1 6.80705E-2 1.02282E-1 1.20613E-1 4.80042E-2
2.33048E-3 2.46709E-3 2.51471E-3 2.74882E-3 3.20292E-3 3.21459E-3 3.45293E-3 3.64363E-3 3.67421E-3 2.89124E-3 3.18275E-3 3.70495E-3 3.86471E-3 4.27044E-3 4.72947E-3 4.20186E-3 4.22715E-3 4.31569E-3 4.69097E-3 4.90252E-3 5.44408E-3 5.95147E-3 6.30056E-3 6.44496E-3 7.03749E-3 8.06492E-3 9.48708E-3 1.14637E-2 1.26133E-2 1.29392E-2 1.31676E-2 1.62687E-2 1.76049E-2 2.06313E-2 2.21399E-2 2.40344E-2 2.5994E-2 2.71364E-2 2.77826E-2 3.08018E-2 3.33692E-2 3.00559E-2 3.27856E-2 5.01254E-2 4.8965E-2 3.96828E-2 2.65829E-2 2.9682E-2 4.20489E-2 8.0855E-2 5.15487E-2 9.76137E-2 6.19915E-2 4.9514E-2 8.1939E-2 1.13576E-1 1.06343E-1 1.2035E-1 1.05584E-1 9.00114E-2 1.68809E-1
2.28952E-3 2.30633E-3 2.67035E-3 2.79863E-3 2.82944E-3 3.1066E-3 3.36161E-3 3.53484E-3 3.50166E-3 3.08836E-3 3.08754E-3 3.69974E-3 3.74951E-3 4.36607E-3 4.14407E-3 4.01529E-3 4.15661E-3 4.12271E-3 4.37459E-3 4.61142E-3 4.58324E-3 5.3836E-3 6.08015E-3 6.82668E-3 6.15854E-3 7.03717E-3 8.16957E-3 9.16568E-3 1.06201E-2 1.14207E-2 1.18498E-2 1.42267E-2 1.59209E-2 1.64468E-2 1.96753E-2 2.14764E-2 2.26102E-2 2.42653E-2 2.67079E-2 2.86319E-2 2.61241E-2 2.77634E-2 3.45449E-2 4.47031E-2 4.11953E-2 3.33012E-2 2.71689E-2 2.21123E-2 2.44389E-2 3.11913E-2 4.87835E-2 7.09807E-2 5.74999E-2 6.52731E-2 8.6977E-2 6.57032E-2 6.57957E-2 1.00433E-1 1.24887E-1 1.38025E-1 1.03756E-1
1.91463E-3 2.16215E-3 2.25871E-3 2.60718E-3 3.0068E-3 3.03828E-3 3.12827E-3 3.33072E-3 3.24085E-3 3.21716E-3 3.13139E-3 3.30377E-3 3.48294E-3 3.63568E-3 3.79983E-3 4.07871E-3 3.74503E-3 4.27875E-3 3.98516E-3 4.4079E-3 4.19103E-3 4.87281E-3 5.02146E-3 6.2242E-3 5.94025E-3 6.3964E-3 7.429E-3 8.30788E-3 8.57338E-3 1.01956E-2 1.05824E-2 1.30149E-2 1.39103E-2 1.48809E-2 1.66572E-2 1.65388E-2 2.03309E-2 2.1019E-2 2.26218E-2 2.38178E-2 2.40589E-2 2.65282E-2 3.11967E-2 3.19137E-2 3.15377E-2 2.63612E-2 2.42826E-2 2.30939E-2 2.20157E-2 2.65804E-2 3.26177E-2 3.14529E-2 5.55089E-2 6.82537E-2 5.54816E-2 6.76639E-2 8.44206E-2 7.22896E-2 4.97613E-2 3.6211E-2 3.96154E-2
1.77653E-3 2.07238E-3 2.09534E-3 2.41033E-3 2.80968E-3 2.85113E-3 3.04324E-3 3.20088E-3 3.503E-3 2.48906E-3 2.93562E-3 3.10076E-3 3.55847E-3 3.87606E-3 3.66815E-3 3.71036E-3 3.78929E-3 3.42772E-3 3.55095E-3 4.17541E-3 4.36614E-3 4.4079E-3 4.50836E-3 5.57622E-3 4.7854E-3 5.90334E-3 6.21115E-3 7.61033E-3 7.74437E-3 8.91702E-3 9.75855E-3 1.04129E-2 1.15644E-2 1.36613E-2 1.4584E-2 1.55469E-2 1.62078E-2 1.8298E-2 1.98939E-2 2.14701E-2 2.20362E-2 2.23533E-2 2.52306E-2 2.39276E-2 2.2976E-2 2.18072E-2 2.08797E-2 2.21334E-2 2.09774E-2 2.51373E-2 2.33134E-2 2.10016E-2 2.26508E-2 2.86897E-2 3.9568E-2 3.63398E-2 4.04938E-2 4.75519E-2 4.09476E-2 3.98518E-2 7.17479E-2
1.68723E-3 1.99034E-3 2.23579E-3 2.23579E-3 2.52312E-3 2.60779E-3 2.7644E-3 2.84642E-3 3.08225E-3 2.85549E-3 2.82457E-3 3.05481E-3 3.21173E-3 3.62763E-3 3.40665E-3 3.55406E-3 3.49394E-3 3.60721E-3 3.78927E-3 3.80078E-3 3.93286E-3 4.12523E-3 4.25601E-3 4.80356E-3 5.01638E-3 4.91311E-3 5.68166E-3 6.46126E-3 6.9957E-3 8.05296E-3 7.87162E-3 9.14894E-3 1.02829E-2 1.06038E-2 1.21512E-2 1.37432E-2 1.44659E-2 1.72336E-2 1.68336E-2 1.63973E-2 1.84569E-2 1.89475E-2 2.1257E-2 1.8698E-2 2.03896E-2 1.81963E-2 1.96894E-2 2.20138E-2 2.02236E-2 2.04803E-2 2.28026E-2 2.20522E-2 2.73231E-2 2.78177E-2 2.56356E-2 2.69099E-2 4.45629E-2 5.3337E-2 4.41718E-2 4.73138E-2 5.98474E-2
1.53455E-3 1.89476E-3 1.92292E-3 2.07986E-3 2.26533E-3 2.52048E-3 2.64274E-3 2.7601E-3 2.94762E-3 2.68863E-3 2.43541E-3 2.90116E-3 2.93164E-3 3.12037E-3 3.1415E-3 3.32583E-3 3.26461E-3 3.05238E-3 3.38394E-3 3.68393E-3 3.57201E-3 3.9188E-3 3.83854E-3 4.15104E-3 5.19544E-3 4.53592E-3 5.20682E-3 5.82592E-3 6.38906E-3 6.72223E-3 7.41716E-3 7.89365E-3 8.04124E-3 9.58816E-3 1.05881E-2 1.09457E-2 1.17096E-2 1.42842E-2 1.51212E-2 1.54734E-2 1.58551E-2 1.57266E-2 1.67517E-2 1.73396E-2 1.72706E-2 1.75757E-2 1.83085E-2 1.73986E-2 2.08624E-2 2.00197E-2 2.27255E-2 2.41267E-2 2.42768E-2 2.68174E-2 2.90872E-2 3.28099E-2 3.63645E-2 5.1442E-2 4.94393E-2 4.98443E-2 5.77285E-2
1.67466E-3 1.71868E-3 1.77596E-3 2.02242E-3 2.18464E-3 2.22525E-3 2.58657E-3 2.65259E-3 2.81272E-3 2.62265E-3 2.37859E-3 2.62574E-3 2.75164E-3 2.75023E-3 3.02447E-3 3.17106E-3 3.24934E-3 3.29336E-3 3.19785E-3 3.64324E-3 3.8533E-3 3.89957E-3 3.63273E-3 3.84541E-3 4.19587E-3 4.95166E-3 4.48772E-3 4.86682E-3 5.88081E-3 6.07328E-3 6.82427E-3 7.11891E-3 7.5818E-3 8.15816E-3 9.325E-3 1.00616E-2 1.09843E-2 1.14302E-2 1.1721E-2 1.30047E-2 1.39035E-2 1.49935E-2 1.45759E-2 1.47306E-2 1.52379E-2 1.57585E-2 1.58418E-2 1.69192E-2 2.18854E-2 1.86392E-2 1.94012E-2 2.2563E-2 2.36616E-2 2.73428E-2 2.85424E-2 3.35165E-2 3.66871E-2 4.42013E-2 3.94125E-2 4.77791E-2 6.44315E-2
1.61085E-3 1.6533E-3 1.70942E-3 1.78E-3 2.04907E-3 2.07189E-3 2.3054E-3 2.59048E-3 2.55366E-3 2.5338E-3 2.27988E-3 2.54557E-3 2.56305E-3 2.68602E-3 2.8348E-3 2.89124E-3 2.96448E-3 2.94011E-3 2.99092E-3 3.07418E-3 3.34831E-3 3.79512E-3 3.90173E-3 3.70461E-3 3.8886E-3 4.12381E-3 4.18355E-3 4.44619E-3 4.89859E-3 5.0243E-3 6.11638E-3 6.53316E-3 6.83927E-3 7.48721E-3 8.02662E-3 8.74784E-3 9.56922E-3 9.91957E-3 1.0472E-2 1.08962E-2 1.22784E-2 1.26289E-2 1.29538E-2 1.30619E-2 1.32918E-2 1.38927E-2 1.46619E-2 1.53496E-2 1.62617E-2 1.64157E-2 1.70942E-2 1.90744E-2 2.22238E-2 2.27051E-2 2.74022E-2 3.06626E-2 4.15857E-2 3.3758E-2 3.08285E-2 3.46705E-2 6.19037E-2
1.37373E-3 1.61224E-3 1.82634E-3 1.87036E-3 1.96934E-3 2.00709E-3 2.25716E-3 2.30881E-3 2.40306E-3 2.52055E-3 2.3085E-3 2.40423E-3 2.48337E-3 2.52819E-3 2.67885E-3 2.76731E-3 2.74035E-3 2.82901E-3 2.88859E-3 2.93859E-3 2.96005E-3 3.11742E-3 3.19226E-3 3.56844E-3 3.43474E-3 3.51187E-3 3.61121E-3 4.4066E-3 4.48557E-3 4.60154E-3 5.02112E-3 5.93363E-3 5.71903E-3 6.82992E-3 7.29932E-3 7.8771E-3 8.20474E-3 9.30876E-3 9.63545E-3 9.82387E-3 1.04893E-2 1.04106E-2 1.06453E-2 1.17993E-2 1.22156E-2 1.27722E-2 1.29993E-2 1.37757E-2 1.43283E-2 1.4719E-2 1.62451E-2 1.78138E-2 1.88422E-2 2.28162E-2 2.32581E-2 2.99941E-2 3.87516E-2 2.90909E-2 3.01914E-2 3.0511E-2 3.43035E-2
1.29076E-3 1.50959E-3 1.62583E-3 1.66867E-3 1.85125E-3 1.87891E-3 1.88883E-3 2.20485E-3 2.2449E-3 2.3813E-3 2.31922E-3 2.15374E-3 2.35158E-3 2.44812E-3 2.46756E-3 2.49297E-3 2.54716E-3 2.61069E-3 2.66005E-3 2.73745E-3 2.73467E-3 2.86422E-3 2.76662E-3 3.25401E-3 3.3545E-3 3.41002E-3 3.45959E-3 3.64337E-3 3.77914E-3 4.24806E-3 4.46834E-3 4.77696E-3 4.95099E-3 6.33423E-3 6.69184E-3 6.97388E-3 7.53293E-3 7.81934E-3 8.74348E-3 9.39578E-3 9.33126E-3 9.47223E-3 9.68801E-3 1.07978E-2 1.10965E-2 1.16855E-2 1.21767E-2 1.24419E-2 1.29895E-2 1.4037E-2 1.49408E-2 1.6029E-2 1.71817E-2 2.04604E-2 2.23399E-2 2.94607E-2 3.34197E-2 3.13199E-2 2.57392E-2 2.97934E-2 3.2249E-2
1.25863E-3 1.42371E-3 1.51102E-3 1.75254E-3 1.84614E-3 1.80631E-3 2.01666E-3 2.06969E-3 2.1988E-3 2.26369E-3 2.44571E-3 2.07008E-3 2.18777E-3 2.23569E-3 2.16264E-3 2.39773E-3 2.4512E-3 2.52055E-3 2.56589E-3 2.62985E-3 2.56165E-3 2.59918E-3 2.63467E-3 2.72668E-3 3.00298E-3 3.10895E-3 3.25888E-3 3.30078E-3 3.38777E-3 3.56313E-3 3.72428E-3 4.43382E-3 4.68986E-3 5.08311E-3 5.36034E-3 5.6631E-3 6.69248E-3 6.88123E-3 7.02007E-3 8.21924E-3 8.80408E-3 9.06304E-3 8.91221E-3 9.95102E-3 1.03078E-2 1.07751E-2 1.03244E-2 1.15952E-2 1.22022E-2 1.37206E-2 1.45893E-2 1.52486E-2 1.62764E-2 2.01713E-2 2.22553E-2 2.40702E-2 2.4397E-2 3.06559E-2 3.14437E-2 2.91671E-2 2.85607E-2
1.24897E-3 1.40457E-3 1.43705E-3 1.72262E-3 1.49785E-3 1.77552E-3 1.97589E-3 2.02699E-3 2.04208E-3 2.08352E-3 2.28368E-3 2.09532E-3 2.13489E-3 2.24675E-3 2.23742E-3 2.26966E-3 2.38243E-3 2.28146E-3 2.30455E-3 2.37093E-3 2.3912E-3 2.38009E-3 2.42161E-3 2.48964E-3 2.55006E-3 2.57402E-3 2.91695E-3 3.07329E-3 3.17933E-3 3.25134E-3 3.52492E-3 3.70871E-3 4.48912E-3 4.68686E-3 5.00841E-3 5.16026E-3 5.56078E-3 6.18747E-3 6.46056E-3 6.85956E-3 7.88096E-3 7.98762E-3 8.06055E-3 8.68546E-3 9.90023E-3 1.03254E-2 1.08667E-2 1.12491E-2 1.18297E-2 1.25493E-2 1.37595E-2 1.42721E-2 1.71058E-2 1.82661E-2 1.96401E-2 2.16214E-2 2.50321E-2 2.60088E-2 2.83986E-2 3.2559E-2 2.80018E-2
1.27394E-3 1.44111E-3 1.48484E-3 1.49039E-3 1.65081E-3 1.77656E-3 1.94939E-3 1.95665E-3 1.97125E-3 2.03732E-3 2.10641E-3 2.18812E-3 2.19285E-3 2.20809E-3 2.15318E-3 2.07354E-3 2.07194E-3 2.17791E-3 2.2245E-3 2.25535E-3 2.32895E-3 2.36109E-3 2.40829E-3 2.369E-3 2.4179E-3 2.36042E-3 2.43541E-3 2.7903E-3 3.06047E-3 3.19873E-3 3.31598E-3 3.46243E-3 3.76614E-3 4.36273E-3 4.60056E-3 5.06339E-3 5.02158E-3 5.74416E-3 6.22766E-3 6.43889E-3 6.59146E-3 7.29434E-3 7.80461E-3 8.13988E-3 9.22416E-3 9.6473E-3 1.00692E-2 1.04617E-2 1.14106E-2 1.20793E-2 1.28115E-2 1.38249E-2 1.64832E-2 1.72806E-2 2.03768E-2 2.31133E-2 2.63509E-2 2.25292E-2 2.46368E-2 2.56661E-2 3.00086E-2
1.19677E-3 1.39525E-3 1.44306E-3 1.61311E-3 1.56042E-3 1.61915E-3 1.67087E-3 1.69595E-3 1.6967E-3 1.93867E-3 2.00454E-3 2.09182E-3 2.22648E-3 1.85287E-3 1.78085E-3 1.93728E-3 1.92209E-3 2.09278E-3 2.07961E-3 2.13205E-3 1.9071E-3 2.18052E-3 2.21068E-3 2.19933E-3 2.32598E-3 2.27082E-3 2.40532E-3 2.43411E-3 2.52678E-3 2.92603E-3 3.1347E-3 3.30211E-3 3.48529E-3 3.65123E-3 4.35718E-3 4.55902E-3 5.07105E-3 5.84657E-3 5.7683E-3 5.8699E-3 5.98473E-3 7.11028E-3 7.37344E-3 7.65052E-3 8.71709E-3 9.32085E-3 1.01832E-2 1.0277E-2 1.05674E-2 1.12662E-2 1.17641E-2 1.27745E-2 1.62382E-2 1.66357E-2 1.82441E-2 2.21231E-2 2.19723E-2 1.82378E-2 2.04262E-2 2.24018E-2 2.3517E-2
1.17556E-3 1.3512E-3 1.40699E-3 1.57873E-3 1.56697E-3 1.74398E-3 1.78351E-3 1.66613E-3 1.82681E-3 1.82681E-3 1.87505E-3 1.97427E-3 2.1034E-3 1.77644E-3 1.67965E-3 1.91046E-3 1.86752E-3 2.00376E-3 2.00113E-3 1.98637E-3 1.99494E-3 2.03771E-3 2.08899E-3 2.06173E-3 2.11748E-3 2.21667E-3 2.25424E-3 2.32492E-3 2.45957E-3 2.55875E-3 2.97368E-3 3.18368E-3 3.25726E-3 3.78197E-3 4.0598E-3 4.26656E-3 4.66132E-3 4.94778E-3 5.46783E-3 5.43167E-3 5.73492E-3 6.61111E-3 6.88096E-3 7.16553E-3 7.7322E-3 8.81628E-3 9.17353E-3 1.00246E-2 1.07263E-2 1.09571E-2 1.21498E-2 1.28986E-2 1.54204E-2 1.62983E-2 1.68791E-2 2.00272E-2 1.92257E-2 1.79076E-2 1.93333E-2 2.08999E-2 2.05227E-2
1.10585E-3 1.30421E-3 1.26587E-3 1.52709E-3 1.51616E-3 1.46655E-3 1.58012E-3 1.72231E-3 1.74824E-3 1.77661E-3 1.74942E-3 1.77679E-3 1.69365E-3 1.78302E-3 1.65373E-3 1.82593E-3 1.81916E-3 1.83995E-3 1.95894E-3 1.90267E-3 1.93648E-3 1.96872E-3 1.86048E-3 1.80899E-3 1.99876E-3 2.13054E-3 2.22854E-3 2.26629E-3 2.36312E-3 2.48035E-3 2.58394E-3 2.99018E-3 3.2261E-3 3.85282E-3 3.60998E-3 4.13718E-3 4.283E-3 4.53135E-3 4.69191E-3 5.414E-3 5.60368E-3 6.18818E-3 6.35724E-3 6.93694E-3 7.29297E-3 7.53934E-3 8.97035E-3 9.39688E-3 1.01967E-2 1.22278E-2 1.18988E-2 1.19644E-2 1.44086E-2 1.54741E-2 1.60283E-2 1.69674E-2 2.01181E-2 1.68036E-2 1.77899E-2 1.88219E-2 1.88615E-2
1.18799E-3 1.22946E-3 1.2434E-3 1.27174E-3 1.38944E-3 1.36421E-3 1.41102E-3 1.41102E-3 1.48453E-3 1.51252E-3 1.54101E-3 1.72907E-3 1.6394E-3 1.72397E-3 1.58105E-3 1.6422E-3 1.80648E-3 1.77242E-3 1.81367E-3 1.83916E-3 1.69541E-3 1.70438E-3 1.77926E-3 1.68553E-3 1.69643E-3 1.82037E-3 2.03744E-3 2.13903E-3 2.31425E-3 2.42045E-3 2.52179E-3 3.03072E-3 3.1286E-3 3.32433E-3 3.51823E-3 3.50483E-3 4.21306E-3 4.40789E-3 4.61033E-3 5.1458E-3 5.32657E-3 5.49321E-3 6.43858E-3 6.54006E-3 7.1102E-3 8.08174E-3 8.41163E-3 9.2528E-3 9.72408E-3 1.05228E-2 1.26156E-2 1.33664E-2 1.40474E-2 1.43623E-2 1.508E-2 1.59428E-2 1.7968E-2 1.87108E-2 1.82015E-2 1.69679E-2 1.70852E-2
1.14223E-3 1.17277E-3 1.15724E-3 1.21369E-3 1.32717E-3 1.35234E-3 1.37507E-3 1.39584E-3 1.54198E-3 1.58884E-3 1.6591E-3 1.64676E-3 1.70862E-3 1.82154E-3 1.79921E-3 1.542E-3 1.74309E-3 1.58318E-3 1.6975E-3 1.7408E-3 1.79649E-3 1.58257E-3 1.68635E-3 1.62951E-3 1.64538E-3 1.69231E-3 1.79016E-3 2.0238E-3 2.1844E-3 2.28489E-3 2.43208E-3 2.47126E-3 2.65628E-3 3.15523E-3 3.42306E-3 3.60886E-3 4.00731E-3 4.13648E-3 4.29945E-3 4.76565E-3 5.22255E-3 5.27756E-3 6.05207E-3 6.60118E-3 6.75084E-3 6.99701E-3 8.22889E-3 8.73758E-3 9.26964E-3 9.93345E-3 1.20763E-2 1.26681E-2 1.37598E-2 1.44097E-2 1.48487E-2 1.57379E-2 1.74931E-2 1.95875E-2 1.48874E-2 1.70236E-2 1.60574E-2
9.96943E-4 1.00293E-3 1.11362E-3 1.14953E-3 1.26924E-3 1.25973E-3 1.36311E-3 1.34336E-3 1.51968E-3 1.57177E-3 1.58358E-3 1.63519E-3 1.64676E-3 1.74074E-3 1.67243E-3 1.55787E-3 1.67264E-3 1.66896E-3 1.5165E-3 1.61852E-3 1.67847E-3 1.56398E-3 1.75381E-3 1.58597E-3 1.64084E-3 1.64814E-3 1.69693E-3 2.00362E-3 1.9129E-3 2.00829E-3 2.38863E-3 2.47812E-3 2.56259E-3 2.73397E-3 3.38606E-3 3.41939E-3 3.42085E-3 3.87816E-3 4.00284E-3 4.6552E-3 4.80305E-3 5.55907E-3 5.83109E-3 6.22258E-3 6.88635E-3 7.19596E-3 7.73347E-3 8.63786E-3 9.13551E-3 9.46991E-3 1.04786E-2 1.22496E-2 1.30547E-2 1.33486E-2 1.53037E-2 1.75205E-2 1.8542E-2 1.73458E-2 1.40044E-2 1.51077E-2 1.60644E-2
9.36687E-4 1.05639E-3 1.06888E-3 1.09373E-3 1.2321E-3 1.26026E-3 1.26501E-3 1.29387E-3 1.47475E-3 1.4995E-3 1.51078E-3 1.58951E-3 1.577E-3 1.72411E-3 1.6071E-3 1.49918E-3 1.62478E-3 1.45324E-3 1.44952E-3 1.56511E-3 1.39002E-3 1.65909E-3 1.66214E-3 1.56092E-3 1.5938E-3 1.82136E-3 1.91881E-3 1.74337E-3 2.03568E-3 2.13749E-3 2.30426E-3 2.59257E-3 2.80939E-3 2.90473E-3 3.07597E-3 3.32693E-3 3.17166E-3 3.78738E-3 3.95153E-3 4.08745E-3 4.68604E-3 4.75893E-3 5.72179E-3 6.38679E-3 6.40697E-3 6.71978E-3 8.01536E-3 8.22514E-3 8.91804E-3 9.30949E-3 1.01378E-2 1.16449E-2 1.23402E-2 1.24806E-2 1.47041E-2 1.60146E-2 1.8271E-2 1.54354E-2 1.41007E-2 1.42317E-2 1.64706E-2
8.81192E-4 9.03138E-4 1.02333E-3 1.05728E-3 1.203E-3 1.24142E-3 1.22336E-3 1.41505E-3 1.44793E-3 1.48029E-3 1.5083E-3 1.53681E-3 1.5751E-3 1.61015E-3 1.67735E-3 1.46053E-3 1.60138E-3 1.62478E-3 1.66702E-3 1.64777E-3 1.5878E-3 1.49515E-3 1.62091E-3 1.65598E-3 1.7226E-3 1.84167E-3 1.87932E-3 1.92563E-3 1.9996E-3 2.0251E-3 2.1577E-3 2.38605E-3 2.73203E-3 2.90641E-3 3.03373E-3 3.20205E-3 3.26907E-3 3.65654E-3 3.72574E-3 3.91185E-3 3.95423E-3 4.67942E-3 5.25899E-3 6.14226E-3 6.01726E-3 6.66037E-3 6.98399E-3 8.33524E-3 8.73493E-3 9.11197E-3 9.63324E-3 1.08258E-2 1.15434E-2 1.21931E-2 1.26264E-2 1.50968E-2 1.4239E-2 1.31045E-2 1.34396E-2 1.39638E-2 1.38858E-2
8.07996E-4 8.4837E-4 9.71892E-4 9.886E-4 1.15175E-3 1.17766E-3 1.20917E-3 1.36173E-3 1.40334E-3 1.42996E-3 1.44074E-3 1.47845E-3 1.54393E-3 1.48677E-3 1.55432E-3 1.48735E-3 1.53128E-3 1.60138E-3 1.63624E-3 1.61307E-3 1.56154E-3 1.54615E-3 1.65E-3 1.67718E-3 1.69723E-3 1.7099E-3 1.7891E-3 1.86368E-3 1.99225E-3 2.06265E-3 2.09647E-3 2.5313E-3 2.69408E-3 2.79604E-3 2.93129E-3 3.17156E-3 3.25938E-3 3.58328E-3 3.71297E-3 3.75579E-3 3.91772E-3 4.31774E-3 4.80037E-3 5.21692E-3 5.94004E-3 6.59896E-3 6.83553E-3 7.1612E-3 8.4506E-3 8.93939E-3 9.57455E-3 9.37882E-3 1.11598E-2 1.15504E-2 1.20732E-2 1.30094E-2 1.31583E-2 1.25252E-2 1.28186E-2 1.31769E-2 1.28643E-2
7.65154E-4 8.23834E-4 8.33674E-4 9.50444E-4 1.07648E-3 1.13726E-3 1.19395E-3 1.18101E-3 1.35248E-3 1.3938E-3 1.39088E-3 1.48777E-3 1.51025E-3 1.49235E-3 1.48122E-3 1.56013E-3 1.58883E-3 1.53063E-3 1.54655E-3 1.51964E-3 1.57361E-3 1.61697E-3 1.58568E-3 1.59612E-3 1.67563E-3 1.6723E-3 1.74982E-3 1.80642E-3 1.91568E-3 2.0336E-3 2.1119E-3 2.32736E-3 2.59257E-3 2.71905E-3 2.86296E-3 3.04469E-3 3.32253E-3 3.11305E-3 3.63875E-3 3.79707E-3 3.82919E-3 4.35157E-3 4.51779E-3 5.30857E-3 5.91627E-3 6.20746E-3 6.55662E-3 6.92039E-3 7.29391E-3 8.83939E-3 9.19677E-3 9.4039E-3 1.0705E-2 1.10919E-2 1.15684E-2 1.19988E-2 1.15219E-2 1.36581E-2 1.34763E-2 1.21014E-2 1.19871E-2
7.35527E-4 7.71634E-4 8.10418E-4 9.06787E-4 9.40457E-4 1.08561E-3 1.15022E-3 1.2852E-3 1.3627E-3 1.31376E-3 1.36637E-3 1.40278E-3 1.35817E-3 1.39965E-3 1.41018E-3 1.49172E-3 1.55366E-3 1.60003E-3 1.48482E-3 1.55233E-3 1.58539E-3 1.58399E-3 1.58257E-3 1.68156E-3 1.77276E-3 1.88491E-3 1.93171E-3 1.93592E-3 2.06072E-3 2.14735E-3 2.29372E-3 2.34101E-3 2.51565E-3 2.65953E-3 2.80921E-3 2.95743E-3 3.1787E-3 3.09656E-3 3.51952E-3 3.71054E-3 3.88274E-3 3.90381E-3 4.31774E-3 4.76989E-3 5.32431E-3 6.06638E-3 6.43087E-3 6.54119E-3 7.09275E-3 8.33748E-3 8.44717E-3 9.0558E-3 1.02059E-2 1.02391E-2 1.07449E-2 1.1055E-2 1.10035E-2 1.25351E-2 1.16334E-2 1.27334E-2 1.10235E-2
6.29112E-4 7.26132E-4 7.73189E-4 7.94042E-4 8.93364E-4 1.0367E-3 1.18007E-3 1.19105E-3 1.27644E-3 1.26037E-3 1.32259E-3 1.30997E-3 1.34634E-3 1.38749E-3 1.40319E-3 1.41077E-3 1.4664E-3 1.58224E-3 1.5797E-3 1.50028E-3 1.58806E-3 1.71998E-3 1.72486E-3 1.71964E-3 1.72066E-3 1.75901E-3 1.91745E-3 1.93606E-3 1.97337E-3 2.085E-3 2.22964E-3 2.34961E-3 2.37043E-3 2.47128E-3 2.71211E-3 2.85396E-3 3.06809E-3 3.14333E-3 3.06448E-3 3.62093E-3 3.79213E-3 3.99603E-3 4.34914E-3 4.57991E-3 4.72466E-3 5.4447E-3 5.75261E-3 5.85634E-3 6.58172E-3 7.32518E-3 8.16651E-3 8.37498E-3 9.66933E-3 1.03993E-2 1.07669E-2 1.05085E-2 1.06036E-2 1.18796E-2 1.2032E-2 1.0755E-2 1.04531E-2
