Artocarpus hirsutus SDM files/MIS19/results (with bias file)/Arthir_median.asc
ncols         625
nrows         721
xllcorner     69.99986311115
yllcorner     5.99986187915
cellsize      0.041666667
NODATA_value  -9999
[rows 243 to 269 of 721, columns 244 to 304 of 625]
3.17955E-3 3.44138E-3 3.23741E-3 2.85771E-3 3.14117E-3 3.28444E-3 3.2067E-3 2.91486E-3 3.10833E-3 3.41659E-3 4.32326E-3 4.30456E-3 4.21448E-3 4.22158E-3 3.94899E-3 3.89919E-3 3.79134E-3 4.0167E-3 3.95384E-3 3.93888E-3 4.06514E-3 4.11144E-3 4.21821E-3 4.36358E-3 4.10366E-3 4.16322E-3 4.39726E-3 4.15633E-3 4.06934E-3 3.91544E-3 3.99781E-3 4.12152E-3 4.02406E-3 3.81148E-3 3.92556E-3 3.95109E-3 3.82523E-3 3.97865E-3 3.89537E-3 3.97153E-3 3.78457E-3 3.60061E-3 3.58275E-3 3.8894E-3 3.73265E-3 3.96766E-3 3.87214E-3 3.87102E-3 3.8854E-3 3.97571E-3 3.99026E-3 4.3378E-3 4.37738E-3 4.46505E-3 4.50543E-3 4.35338E-3 4.38263E-3 4.66012E-3 4.67172E-3 5.14874E-3 5.21604E-3
2.97606E-3 2.85695E-3 2.88967E-3 3.02797E-3 3.13484E-3 3.15332E-3 3.33511E-3 3.18022E-3 3.46159E-3 3.54511E-3 3.98882E-3 3.85634E-3 3.83962E-3 3.63856E-3 3.68642E-3 3.80797E-3 3.82578E-3 3.66379E-3 3.80649E-3 3.81592E-3 3.87133E-3 4.00255E-3 4.09128E-3 4.0095E-3 4.11299E-3 3.9888E-3 3.68653E-3 3.93813E-3 4.02401E-3 3.86892E-3 3.99781E-3 4.07268E-3 4.03288E-3 3.75521E-3 3.84785E-3 3.96283E-3 3.8531E-3 3.77405E-3 3.84671E-3 3.97153E-3 3.58348E-3 3.54266E-3 3.87638E-3 3.73265E-3 3.8485E-3 3.75937E-3 3.95395E-3 3.82197E-3 3.84861E-3 3.92852E-3 4.01598E-3 4.0473E-3 4.40649E-3 4.40813E-3 4.42807E-3 4.27461E-3 4.57004E-3 4.61555E-3 4.53772E-3 4.67745E-3 5.1221E-3
2.37238E-3 2.55777E-3 2.53913E-3 2.52252E-3 2.79881E-3 2.48565E-3 2.80089E-3 2.75746E-3 3.11729E-3 3.09491E-3 3.43428E-3 3.81009E-3 3.37658E-3 3.55724E-3 3.53102E-3 3.53749E-3 3.53512E-3 3.54154E-3 3.63821E-3 3.74737E-3 3.80582E-3 3.85806E-3 3.93452E-3 3.97354E-3 4.03992E-3 4.1788E-3 4.21983E-3 3.89063E-3 3.88255E-3 3.9808E-3 3.9747E-3 4.05817E-3 4.00665E-3 4.08132E-3 3.87919E-3 3.99616E-3 3.73686E-3 3.80266E-3 3.62871E-3 3.65807E-3 3.56035E-3 3.62091E-3 3.66746E-3 3.7329E-3 3.79016E-3 3.83861E-3 3.94122E-3 3.78175E-3 3.78708E-3 3.81691E-3 3.8682E-3 3.81514E-3 4.30279E-3 4.38823E-3 4.17284E-3 4.17431E-3 4.1663E-3 4.67507E-3 4.5087E-3 4.62705E-3 5.00259E-3
2.34759E-3 2.30722E-3 2.26949E-3 2.38068E-3 2.5109E-3 2.67029E-3 2.78731E-3 2.7538E-3 2.8019E-3 2.86957E-3 3.09981E-3 3.28279E-3 3.23892E-3 3.23467E-3 3.18062E-3 3.21685E-3 3.2024E-3 3.22857E-3 3.2958E-3 3.29212E-3 3.80849E-3 3.84919E-3 3.95824E-3 3.94973E-3 3.81506E-3 3.99787E-3 4.13025E-3 4.21283E-3 3.92927E-3 3.65949E-3 4.34197E-3 3.9653E-3 3.93564E-3 4.03301E-3 3.68233E-3 3.62274E-3 3.67881E-3 3.73871E-3 3.50986E-3 3.6431E-3 3.5573E-3 3.58285E-3 3.63513E-3 3.7329E-3 3.83642E-3 3.91373E-3 3.89415E-3 3.78517E-3 3.82737E-3 3.85045E-3 3.91833E-3 4.18782E-3 4.19741E-3 4.16657E-3 4.30041E-3 4.08539E-3 4.06449E-3 4.52189E-3 4.5918E-3 4.57946E-3 4.65917E-3
2.32244E-3 2.15692E-3 2.37385E-3 2.4408E-3 2.34903E-3 2.69868E-3 3.02896E-3 2.98862E-3 3.09321E-3 2.8968E-3 2.90991E-3 2.8163E-3 2.95773E-3 2.74562E-3 2.94262E-3 2.72396E-3 2.82919E-3 3.24904E-3 3.22638E-3 3.31218E-3 3.39232E-3 3.39834E-3 3.43673E-3 3.71172E-3 3.7372E-3 3.93596E-3 3.99265E-3 4.00702E-3 4.1127E-3 3.94741E-3 4.05931E-3 3.67208E-3 3.92735E-3 4.04239E-3 3.64139E-3 3.7476E-3 3.79746E-3 3.86441E-3 3.96232E-3 3.6431E-3 3.55425E-3 3.5945E-3 3.64694E-3 3.7088E-3 3.84543E-3 3.52856E-3 3.58485E-3 3.72795E-3 3.76615E-3 3.81158E-3 3.8914E-3 3.91471E-3 3.88237E-3 4.22056E-3 4.24948E-3 4.08929E-3 4.14361E-3 4.04839E-3 4.57583E-3 4.68336E-3 4.63966E-3
1.92003E-3 2.22386E-3 2.61254E-3 2.11869E-3 2.38095E-3 2.73854E-3 2.83246E-3 2.83246E-3 2.85776E-3 2.86501E-3 2.83599E-3 2.80645E-3 2.70864E-3 2.79155E-3 2.78789E-3 3.10386E-3 2.91145E-3 2.98231E-3 2.95406E-3 3.37328E-3 3.17519E-3 3.37694E-3 3.68451E-3 3.39123E-3 3.7091E-3 3.793E-3 3.84487E-3 3.98115E-3 4.13476E-3 3.26874E-3 3.74917E-3 3.35422E-3 3.74555E-3 3.88845E-3 3.60749E-3 3.70331E-3 3.7831E-3 3.89571E-3 4.03855E-3 3.56107E-3 3.66936E-3 3.75944E-3 3.82334E-3 3.7088E-3 3.71429E-3 3.76821E-3 3.81048E-3 3.71593E-3 3.49579E-3 3.50073E-3 3.77144E-3 3.84691E-3 3.89554E-3 4.23491E-3 4.20944E-3 4.05467E-3 4.13122E-3 4.55648E-3 4.44659E-3 4.45223E-3 4.70415E-3
2.1599E-3 2.36667E-3 2.22594E-3 2.16973E-3 2.44362E-3 2.45765E-3 2.71699E-3 2.47711E-3 2.56205E-3 2.45068E-3 2.56556E-3 2.50912E-3 2.66591E-3 2.92855E-3 2.94982E-3 2.87563E-3 2.9053E-3 3.04818E-3 2.75192E-3 3.21923E-3 3.11127E-3 3.41987E-3 3.40672E-3 3.44275E-3 3.72992E-3 3.7546E-3 3.79673E-3 3.94667E-3 3.7346E-3 4.10274E-3 3.35005E-3 3.35486E-3 3.51489E-3 3.82777E-3 3.63807E-3 3.76482E-3 3.83651E-3 4.1138E-3 3.9792E-3 3.58127E-3 3.64559E-3 3.69891E-3 3.71656E-3 3.81665E-3 3.85964E-3 3.91916E-3 3.78591E-3 3.41587E-3 3.50435E-3 3.70629E-3 3.75978E-3 3.79818E-3 3.82804E-3 4.14437E-3 4.19028E-3 4.04164E-3 4.04698E-3 4.13657E-3 4.5331E-3 4.50539E-3 4.52553E-3
2.15167E-3 2.30407E-3 2.02337E-3 2.30118E-3 2.33479E-3 2.30426E-3 2.18047E-3 2.20218E-3 2.39864E-3 2.27356E-3 2.25752E-3 2.30632E-3 2.63007E-3 2.66809E-3 2.41602E-3 2.54029E-3 2.58441E-3 2.56635E-3 2.73241E-3 2.98774E-3 2.83841E-3 3.14265E-3 3.09191E-3 3.27722E-3 3.61605E-3 3.64204E-3 3.52482E-3 3.55223E-3 3.66486E-3 3.61614E-3 3.94513E-3 4.04271E-3 3.71797E-3 3.70427E-3 3.58747E-3 3.92027E-3 4.0854E-3 4.18546E-3 4.03652E-3 3.60911E-3 3.69897E-3 3.78976E-3 3.79546E-3 3.8758E-3 3.91597E-3 3.8781E-3 3.42447E-3 3.39419E-3 3.41805E-3 3.73898E-3 3.72354E-3 3.68426E-3 3.7668E-3 4.14437E-3 4.14998E-3 3.98462E-3 4.03781E-3 4.05615E-3 4.46954E-3 4.54326E-3 4.55466E-3
2.16973E-3 2.08076E-3 1.93731E-3 1.83431E-3 2.27985E-3 2.26377E-3 2.1553E-3 2.24779E-3 2.27342E-3 2.25258E-3 2.30214E-3 2.19125E-3 2.28803E-3 2.40733E-3 2.55691E-3 2.56334E-3 2.54543E-3 2.62219E-3 2.94313E-3 2.89294E-3 2.86476E-3 3.27179E-3 3.13016E-3 3.36487E-3 3.37071E-3 3.53712E-3 3.38561E-3 3.46436E-3 3.50046E-3 3.78362E-3 4.14515E-3 4.29768E-3 4.3655E-3 4.38533E-3 3.97856E-3 3.73081E-3 3.70721E-3 4.03053E-3 3.76213E-3 3.67066E-3 3.72629E-3 3.8734E-3 3.83257E-3 3.83829E-3 3.7978E-3 3.89985E-3 3.78623E-3 3.3723E-3 3.42113E-3 3.40395E-3 3.73558E-3 3.72876E-3 3.78247E-3 3.85808E-3 4.16338E-3 4.18242E-3 4.04164E-3 4.06922E-3 4.42095E-3 4.5331E-3 4.53884E-3
2.17016E-3 2.05782E-3 1.8548E-3 2.0903E-3 2.3299E-3 2.30638E-3 2.17784E-3 2.27126E-3 2.18352E-3 2.33812E-3 2.46621E-3 2.34184E-3 2.47113E-3 2.39507E-3 2.47459E-3 2.46511E-3 2.55182E-3 2.62219E-3 2.6689E-3 2.75732E-3 2.82863E-3 2.98444E-3 2.95416E-3 2.81168E-3 3.09301E-3 3.63357E-3 3.40452E-3 3.39952E-3 3.72939E-3 4.05078E-3 3.80537E-3 3.72544E-3 4.09662E-3 4.01654E-3 3.92913E-3 4.03839E-3 4.02308E-3 3.91369E-3 3.75226E-3 3.73488E-3 3.61494E-3 3.15931E-3 3.6999E-3 3.74324E-3 3.83492E-3 3.89069E-3 3.87467E-3 3.36929E-3 3.38811E-3 3.65052E-3 3.71491E-3 3.76849E-3 3.78298E-3 3.80047E-3 4.16794E-3 4.27771E-3 4.08162E-3 4.1002E-3 4.41187E-3 4.55648E-3 4.55451E-3
2.25938E-3 2.00837E-3 2.0807E-3 2.0672E-3 2.44579E-3 2.33812E-3 2.32382E-3 2.2739E-3 2.29493E-3 2.41196E-3 2.47244E-3 2.43507E-3 2.481E-3 2.42646E-3 2.44032E-3 2.53737E-3 2.53317E-3 2.59406E-3 2.37296E-3 2.53198E-3 2.99598E-3 3.09774E-3 3.1032E-3 3.20847E-3 3.13599E-3 3.65652E-3 3.42604E-3 3.40773E-3 4.12026E-3 4.24228E-3 4.31315E-3 3.9024E-3 3.82018E-3 3.9477E-3 4.10567E-3 4.5104E-3 4.33798E-3 4.12871E-3 3.89019E-3 4.32343E-3 4.37518E-3 3.27415E-3 3.76339E-3 4.02669E-3 3.84737E-3 3.88749E-3 3.94746E-3 3.3805E-3 3.65381E-3 3.69472E-3 3.72397E-3 3.75681E-3 3.76208E-3 3.87472E-3 3.88363E-3 4.23168E-3 4.09864E-3 4.15722E-3 4.21252E-3 4.22749E-3 4.60304E-3
2.23621E-3 2.3376E-3 2.33412E-3 2.1266E-3 2.46362E-3 2.36246E-3 2.35522E-3 2.2857E-3 2.45516E-3 2.43187E-3 2.4646E-3 2.44122E-3 2.48655E-3 2.44737E-3 2.42021E-3 2.67823E-3 2.27813E-3 2.22666E-3 2.70569E-3 3.07192E-3 2.87791E-3 2.79021E-3 3.10309E-3 2.98343E-3 3.34813E-3 3.63281E-3 3.63441E-3 3.97153E-3 3.97809E-3 4.23908E-3 4.0452E-3 3.91164E-3 3.74905E-3 3.90479E-3 4.06915E-3 4.46447E-3 4.05237E-3 4.33158E-3 4.20656E-3 4.39939E-3 3.81148E-3 3.45295E-3 4.35851E-3 4.04953E-3 3.90355E-3 3.92545E-3 3.9347E-3 3.64853E-3 3.38842E-3 3.71868E-3 3.77582E-3 3.76896E-3 3.86046E-3 3.85337E-3 3.92135E-3 4.01616E-3 4.15562E-3 4.15722E-3 4.19352E-3 4.29034E-3 4.5429E-3
2.15367E-3 2.40268E-3 2.39512E-3 2.1377E-3 2.56421E-3 2.50221E-3 2.39934E-3 2.54906E-3 2.47888E-3 2.48052E-3 2.47081E-3 2.39884E-3 2.43563E-3 2.32758E-3 2.34118E-3 2.25018E-3 2.17073E-3 2.69881E-3 2.71258E-3 2.71554E-3 2.71356E-3 2.7342E-3 3.32515E-3 3.21401E-3 3.22357E-3 3.5185E-3 3.73803E-3 3.78602E-3 3.83444E-3 3.81664E-3 4.0796E-3 4.01663E-3 4.04568E-3 4.24673E-3 4.22372E-3 3.84252E-3 4.01644E-3 4.10395E-3 4.14467E-3 3.88807E-3 4.33653E-3 3.68424E-3 3.91779E-3 4.17915E-3 3.6878E-3 3.46936E-3 4.01769E-3 3.3805E-3 3.38842E-3 3.78265E-3 3.49843E-3 3.81794E-3 3.82679E-3 3.8944E-3 3.92498E-3 4.03285E-3 4.35195E-3 4.26948E-3 4.23413E-3 4.76671E-3 4.55751E-3
2.29285E-3 2.45861E-3 2.49872E-3 2.30608E-3 2.57975E-3 2.54361E-3 2.61109E-3 2.61041E-3 2.49302E-3 2.49302E-3 2.46754E-3 2.58123E-3 2.58123E-3 2.55606E-3 2.26215E-3 2.18749E-3 2.50468E-3 2.56728E-3 2.71751E-3 2.75612E-3 2.96272E-3 3.0047E-3 3.18521E-3 3.4758E-3 3.23719E-3 3.18497E-3 3.69134E-3 3.64894E-3 3.7459E-3 3.95723E-3 4.20487E-3 4.23435E-3 4.32636E-3 4.56366E-3 4.04938E-3 3.61789E-3 3.71502E-3 3.78374E-3 3.89134E-3 4.07806E-3 4.38814E-3 4.29255E-3 3.509E-3 3.73567E-3 3.26488E-3 3.25523E-3 3.9989E-3 4.10963E-3 3.4772E-3 3.48533E-3 3.50476E-3 3.52927E-3 3.83915E-3 3.88543E-3 3.97953E-3 4.05582E-3 4.37084E-3 4.23337E-3 4.42088E-3 4.51184E-3 4.91384E-3
1.91125E-3 2.03955E-3 2.42092E-3 2.35745E-3 2.80814E-3 2.6174E-3 2.71663E-3 2.63185E-3 2.50724E-3 2.53124E-3 2.61146E-3 2.57941E-3 2.56262E-3 2.17323E-3 2.15753E-3 2.52109E-3 2.55891E-3 2.55522E-3 2.73822E-3 2.70077E-3 2.94873E-3 3.22391E-3 3.33716E-3 3.90156E-3 3.26388E-3 3.70938E-3 3.97142E-3 4.3391E-3 3.96813E-3 3.69977E-3 4.22161E-3 4.02859E-3 4.05836E-3 4.01606E-3 4.32416E-3 4.63214E-3 4.9189E-3 4.45885E-3 4.41553E-3 4.65013E-3 4.29605E-3 4.19581E-3 4.23841E-3 3.68213E-3 4.12276E-3 3.65275E-3 4.24255E-3 3.35107E-3 3.30696E-3 3.70237E-3 3.63698E-3 3.64542E-3 3.67079E-3 4.07083E-3 4.11973E-3 4.11213E-3 4.14425E-3 4.50514E-3 4.55478E-3 4.61528E-3 4.651E-3
2.38419E-3 2.49795E-3 2.38691E-3 2.34932E-3 2.42368E-3 2.61001E-3 2.80619E-3 2.66758E-3 2.56829E-3 2.65509E-3 2.52756E-3 2.46237E-3 2.13096E-3 2.46694E-3 2.47325E-3 2.56543E-3 2.50565E-3 2.72931E-3 3.05164E-3 2.88218E-3 3.108E-3 3.07315E-3 3.4146E-3 3.38987E-3 3.68823E-3 4.03112E-3 4.30064E-3 4.3042E-3 4.73058E-3 3.82927E-3 3.94561E-3 4.00002E-3 4.4899E-3 6.05934E-3 5.78355E-3 4.51697E-3 4.38736E-3 4.52559E-3 4.61283E-3 4.34592E-3 4.33438E-3 3.86789E-3 4.08497E-3 3.84577E-3 3.83442E-3 3.54817E-3 3.75262E-3 4.05944E-3 3.73781E-3 3.49697E-3 3.49697E-3 3.61686E-3 3.81879E-3 3.66566E-3 4.20376E-3 4.23662E-3 4.2794E-3 4.33057E-3 4.34616E-3 4.76546E-3 4.73056E-3
2.77768E-3 2.63987E-3 2.58185E-3 2.81058E-3 2.86999E-3 2.67578E-3 2.91483E-3 2.93223E-3 2.87414E-3 2.56014E-3 2.49405E-3 2.29797E-3 2.54814E-3 2.8182E-3 3.05741E-3 2.77697E-3 2.74789E-3 2.90319E-3 2.88945E-3 3.2027E-3 3.23747E-3 3.72648E-3 3.64168E-3 3.50227E-3 3.89296E-3 4.03457E-3 4.05102E-3 4.56898E-3 4.63946E-3 5.13182E-3 5.06158E-3 5.76596E-3 6.63305E-3 6.48433E-3 5.55222E-3 4.98278E-3 4.30248E-3 4.23211E-3 4.05908E-3 4.40705E-3 4.30509E-3 3.66993E-3 4.06088E-3 3.80058E-3 3.78936E-3 3.7559E-3 3.97565E-3 4.07624E-3 3.72806E-3 3.66267E-3 3.7656E-3 3.81466E-3 3.78111E-3 3.9152E-3 3.94606E-3 4.08462E-3 4.2327E-3 4.06483E-3 4.26831E-3 4.20036E-3 4.81141E-3
2.4067E-3 2.47356E-3 2.79371E-3 2.96473E-3 3.52242E-3 3.07345E-3 2.88221E-3 3.05364E-3 2.70549E-3 2.42391E-3 2.63129E-3 2.76871E-3 3.36765E-3 3.4781E-3 2.98477E-3 2.7357E-3 2.81582E-3 2.7513E-3 3.65026E-3 4.73187E-3 3.55383E-3 3.27665E-3 3.56797E-3 3.61536E-3 4.29305E-3 4.47289E-3 5.17599E-3 5.18124E-3 6.28407E-3 6.24905E-3 6.04277E-3 5.68425E-3 4.76607E-3 4.29904E-3 4.19764E-3 4.16932E-3 4.85151E-3 3.99707E-3 4.13505E-3 4.23963E-3 4.15665E-3 4.07092E-3 3.92882E-3 3.77635E-3 3.49428E-3 3.91038E-3 4.11552E-3 4.18911E-3 3.63039E-3 3.56349E-3 3.53204E-3 4.3934E-3 4.38945E-3 3.66047E-3 4.12306E-3 4.03892E-3 4.29729E-3 4.35755E-3 4.84261E-3 4.83888E-3 4.53258E-3
2.57578E-3 2.98258E-3 3.07282E-3 3.5254E-3 2.84871E-3 2.8915E-3 3.06488E-3 3.01707E-3 2.92537E-3 2.75569E-3 3.26709E-3 2.76851E-3 3.08067E-3 2.66939E-3 2.45519E-3 2.89388E-3 2.73216E-3 3.8084E-3 3.5781E-3 3.0947E-3 3.14109E-3 3.76991E-3 4.04578E-3 4.0493E-3 4.49109E-3 6.11436E-3 6.17825E-3 5.90987E-3 5.04432E-3 4.57568E-3 4.41089E-3 4.05265E-3 3.969E-3 3.44209E-3 3.57945E-3 3.81224E-3 4.40822E-3 4.00214E-3 4.35181E-3 3.88591E-3 4.59798E-3 4.21811E-3 4.54933E-3 4.27001E-3 4.3413E-3 4.49973E-3 4.45996E-3 4.38456E-3 3.66083E-3 3.78642E-3 4.02053E-3 4.04074E-3 3.8404E-3 4.07817E-3 4.84512E-3 5.5715E-3 3.86414E-3 4.38732E-3 4.64903E-3 4.49336E-3 4.94013E-3
3.08254E-3 3.26331E-3 3.0604E-3 3.12683E-3 3.09515E-3 3.00631E-3 3.07541E-3 3.17121E-3 3.55298E-3 3.07832E-3 3.2533E-3 3.04579E-3 3.67194E-3 4.04779E-3 4.01898E-3 3.98331E-3 3.08101E-3 3.80144E-3 3.26386E-3 3.32455E-3 3.98496E-3 4.40178E-3 4.76768E-3 5.43343E-3 5.71873E-3 4.51151E-3 4.11435E-3 3.95543E-3 3.95542E-3 3.72273E-3 3.8009E-3 4.0921E-3 3.41882E-3 3.49535E-3 3.48013E-3 3.69084E-3 4.21819E-3 4.9983E-3 4.43176E-3 3.89075E-3 4.99703E-3 4.62783E-3 4.42053E-3 5.27436E-3 5.19287E-3 4.57417E-3 4.93402E-3 4.92804E-3 3.6964E-3 3.49126E-3 4.29471E-3 4.72231E-3 5.36891E-3 4.48207E-3 4.45391E-3 4.14628E-3 4.21863E-3 4.27741E-3 4.66197E-3 5.4647E-3 5.36555E-3
3.25546E-3 2.76761E-3 3.03064E-3 3.14154E-3 3.33897E-3 3.33082E-3 3.5175E-3 3.70466E-3 4.68149E-3 3.86955E-3 3.65879E-3 5.21338E-3 4.43391E-3 4.33961E-3 4.42526E-3 4.04952E-3 3.94869E-3 4.15658E-3 4.03935E-3 4.65953E-3 4.82168E-3 4.50448E-3 4.45656E-3 4.35823E-3 3.51473E-3 3.57274E-3 3.21845E-3 2.99517E-3 3.11379E-3 3.20109E-3 3.37666E-3 3.64379E-3 3.59583E-3 4.03113E-3 4.00047E-3 4.00556E-3 4.11573E-3 4.27908E-3 4.12732E-3 4.23727E-3 4.05013E-3 4.14726E-3 4.45206E-3 4.1571E-3 3.84362E-3 3.83228E-3 4.53412E-3 4.9553E-3 4.854E-3 4.65315E-3 4.57967E-3 5.20863E-3 4.48962E-3 3.79203E-3 4.96735E-3 4.98543E-3 5.12097E-3 5.42559E-3 5.46059E-3 6.48813E-3 4.46578E-3
2.89106E-3 2.77454E-3 3.2503E-3 4.02307E-3 3.65194E-3 3.41726E-3 3.88879E-3 4.25323E-3 4.3404E-3 5.02273E-3 5.16535E-3 5.12591E-3 5.03586E-3 4.73268E-3 4.03183E-3 4.05292E-3 3.83991E-3 4.27991E-3 4.34639E-3 3.7359E-3 3.04002E-3 3.12603E-3 3.30752E-3 4.02566E-3 3.53837E-3 4.77883E-3 4.68634E-3 3.64361E-3 3.80827E-3 4.51873E-3 3.62579E-3 3.84699E-3 3.96082E-3 4.0269E-3 3.94681E-3 4.35488E-3 4.51069E-3 4.2642E-3 4.28379E-3 4.42859E-3 4.70182E-3 4.72527E-3 4.03406E-3 4.04242E-3 4.05638E-3 4.08043E-3 3.80634E-3 3.90448E-3 4.90773E-3 4.07131E-3 4.35114E-3 4.8015E-3 3.82405E-3 4.38471E-3 4.57185E-3 4.96453E-3 4.87752E-3 5.29176E-3 4.90402E-3 5.28447E-3 4.40428E-3
2.97759E-3 3.56886E-3 4.39648E-3 4.37867E-3 4.05005E-3 4.23445E-3 4.79509E-3 3.38472E-3 4.10735E-3 2.88489E-3 3.70315E-3 4.74135E-3 4.59521E-3 4.30025E-3 3.62953E-3 3.61493E-3 4.03108E-3 5.15616E-3 5.58411E-3 5.09433E-3 4.45945E-3 4.07825E-3 4.35038E-3 4.34343E-3 4.63547E-3 6.9098E-3 3.83416E-3 3.83404E-3 6.10001E-3 4.32352E-3 3.96403E-3 4.459E-3 4.5084E-3 4.51775E-3 4.1805E-3 4.62471E-3 5.92989E-3 4.64743E-3 4.82956E-3 4.29822E-3 4.88255E-3 4.61603E-3 4.05917E-3 4.32134E-3 4.29793E-3 4.349E-3 4.1216E-3 3.95744E-3 3.81185E-3 3.5124E-3 3.64025E-3 3.9989E-3 4.08307E-3 4.56075E-3 5.45979E-3 5.64964E-3 5.14598E-3 5.91222E-3 4.51981E-3 6.29732E-3 5.79001E-3
3.96344E-3 4.257E-3 4.52976E-3 4.5291E-3 3.8812E-3 6.09264E-3 6.88062E-3 5.55771E-3 3.74063E-3 4.1471E-3 5.76864E-3 5.34836E-3 4.20125E-3 3.45779E-3 3.71346E-3 5.2151E-3 6.19381E-3 6.47047E-3 5.54416E-3 5.20064E-3 5.92132E-3 7.07732E-3 6.38876E-3 7.36891E-3 5.61817E-3 6.70509E-3 7.24264E-3 3.95639E-3 3.14623E-3 4.04153E-3 4.07948E-3 4.11758E-3 4.27401E-3 7.66719E-3 6.83013E-3 7.38208E-3 1.00521E-2 8.76141E-3 6.56675E-3 4.31681E-3 4.26285E-3 4.02097E-3 4.27934E-3 4.14379E-3 3.83708E-3 4.01971E-3 3.8219E-3 3.82292E-3 3.85538E-3 4.0309E-3 3.71778E-3 3.87191E-3 3.85587E-3 3.80939E-3 4.41546E-3 4.9475E-3 5.53481E-3 5.59E-3 5.2419E-3 6.42918E-3 6.1956E-3
4.52727E-3 5.43912E-3 6.39107E-3 4.25632E-3 4.79253E-3 7.42936E-3 7.51356E-3 5.6955E-3 6.18011E-3 6.16565E-3 5.26091E-3 4.65688E-3 5.21792E-3 4.90344E-3 4.91606E-3 5.73471E-3 5.37528E-3 5.50277E-3 4.81995E-3 5.2507E-3 5.3961E-3 5.36382E-3 5.24395E-3 5.17052E-3 6.94543E-3 4.808E-3 4.747E-3 4.03655E-3 5.28141E-3 7.43488E-3 5.96067E-3 7.02294E-3 8.74543E-3 8.55071E-3 9.43882E-3 8.68536E-3 7.85607E-3 8.52758E-3 6.74843E-3 7.00822E-3 4.23019E-3 3.97177E-3 4.89533E-3 5.45955E-3 3.65297E-3 3.86673E-3 4.41768E-3 3.87817E-3 3.72687E-3 4.03021E-3 3.55E-3 3.71868E-3 3.68425E-3 3.86952E-3 5.0598E-3 4.67987E-3 4.76535E-3 4.70356E-3 4.45424E-3 5.28172E-3 5.21459E-3
5.45817E-3 7.76945E-3 4.69444E-3 6.66587E-3 8.0301E-3 6.65245E-3 5.51295E-3 4.48207E-3 5.446E-3 5.34594E-3 7.9617E-3 7.17671E-3 7.59318E-3 6.29226E-3 6.03352E-3 4.89176E-3 3.8549E-3 3.4777E-3 3.39461E-3 3.56008E-3 3.42268E-3 3.74144E-3 3.86572E-3 4.42074E-3 4.25846E-3 4.81533E-3 5.74581E-3 5.38663E-3 9.38222E-3 1.09008E-2 8.09509E-3 9.90729E-3 8.54497E-3 8.03608E-3 7.21317E-3 7.27797E-3 6.02297E-3 6.04501E-3 5.82228E-3 5.5052E-3 3.4984E-3 5.6143E-3 5.1481E-3 4.52638E-3 4.33208E-3 4.59703E-3 7.41994E-3 6.64198E-3 3.5224E-3 3.61117E-3 3.7948E-3 3.95203E-3 4.55849E-3 4.37476E-3 3.83722E-3 4.08948E-3 4.07187E-3 3.97115E-3 4.15438E-3 4.27645E-3 4.55143E-3
9.34583E-3 8.2266E-3 5.82292E-3 7.66393E-3 6.60746E-3 4.82966E-3 5.025E-3 5.56061E-3 7.49025E-3 7.54925E-3 7.15945E-3 5.39467E-3 4.50973E-3 3.87318E-3 3.55561E-3 3.52375E-3 3.30082E-3 3.45243E-3 3.88101E-3 3.84029E-3 3.6712E-3 3.97775E-3 4.55843E-3 4.00738E-3 4.10439E-3 4.34082E-3 4.69445E-3 5.58722E-3 8.36346E-3 8.05355E-3 6.50831E-3 6.6571E-3 6.21914E-3 5.54044E-3 5.35401E-3 5.48317E-3 5.61349E-3 5.44233E-3 5.46744E-3 4.39447E-3 6.34208E-3 8.43306E-3 8.72434E-3 7.25531E-3 8.62764E-3 6.9672E-3 6.85153E-3 4.1288E-3 4.80408E-3 3.35404E-3 3.71823E-3 3.9309E-3 3.66636E-3 4.62947E-3 4.89143E-3 3.90858E-3 4.72276E-3 4.96153E-3 4.88613E-3 5.37204E-3 5.11378E-3
