Artocarpus hirsutus SDM files/MIS19/results (with bias file)/Arthir_3.asc
ncols         625
nrows         721
xllcorner     69.99986311115
yllcorner     5.99986187915
cellsize      0.041666667
NODATA_value  -9999
[rows 297 to 323 of 721, columns 366 to 426 of 625]
1.30303E-2 1.04344E-2 1.10254E-2 1.09317E-2 9.25964E-3 9.03448E-3 8.96173E-3 9.23075E-3 9.95538E-3 1.052E-2 9.71121E-3 8.56499E-3 1.17675E-2 1.645E-2 1.87222E-2 1.88678E-2 1.71367E-2 1.29461E-2 1.23448E-2 1.12974E-2 1.15879E-2 1.11224E-2 1.29529E-2 1.2299E-2 1.16394E-2 1.05842E-2 1.05391E-2 9.7894E-3 9.00121E-3 7.91599E-3 7.69973E-3 7.94348E-3 8.75308E-3 1.04415E-2 1.04319E-2 8.67319E-3 1.46647E-2 1.24841E-2 9.94212E-3 8.74324E-3 9.998E-3 1.01176E-2 1.16427E-2 1.19183E-2 1.45071E-2 1.34529E-2 1.62361E-2 1.51952E-2 1.72343E-2 1.73297E-2 1.51298E-2 1.42802E-2 1.35573E-2 1.36895E-2 1.7436E-2 1.96844E-2 2.0298E-2 1.95188E-2 1.83332E-2 6.65351E-3 6.89389E-3
1.12993E-2 1.49358E-2 2.10461E-2 1.84299E-2 1.62032E-2 1.33618E-2 1.85414E-2 1.41442E-2 1.37901E-2 1.24186E-2 1.2106E-2 1.38327E-2 1.60623E-2 1.85852E-2 1.85664E-2 1.59919E-2 1.829E-2 1.33711E-2 1.09177E-2 1.3487E-2 1.2235E-2 1.29364E-2 1.40215E-2 1.14195E-2 1.12493E-2 1.27471E-2 1.19357E-2 1.16626E-2 9.8574E-3 1.09036E-2 1.03891E-2 1.03577E-2 1.14413E-2 1.12023E-2 8.62627E-3 9.48288E-3 1.18511E-2 9.52908E-3 1.09676E-2 1.07169E-2 1.13605E-2 1.22396E-2 1.18194E-2 1.13276E-2 1.26851E-2 1.27313E-2 1.17396E-2 1.28637E-2 1.56191E-2 1.74655E-2 1.52755E-2 1.80217E-2 1.55431E-2 1.43766E-2 1.37966E-2 1.81668E-2 1.64186E-2 1.74939E-2 1.72359E-2 6.89846E-3 6.83645E-3
1.28292E-2 2.00103E-2 2.08764E-2 2.25119E-2 2.75099E-2 3.15424E-2 3.01349E-2 2.0378E-2 1.87483E-2 1.78471E-2 1.35906E-2 1.81755E-2 1.86711E-2 2.09856E-2 3.11674E-2 1.77682E-2 1.89315E-2 1.4172E-2 1.32424E-2 1.41428E-2 1.41669E-2 1.33346E-2 1.24887E-2 1.41394E-2 1.361E-2 1.14301E-2 1.01512E-2 9.27949E-3 1.06429E-2 1.12194E-2 1.14219E-2 1.24502E-2 1.21885E-2 1.01737E-2 1.01669E-2 1.1927E-2 9.76225E-3 1.15657E-2 1.22331E-2 1.28951E-2 1.47721E-2 1.33963E-2 1.26216E-2 1.21121E-2 1.18162E-2 1.12528E-2 1.18182E-2 1.23623E-2 1.39713E-2 1.55783E-2 1.46869E-2 1.37306E-2 1.34208E-2 1.62653E-2 1.56394E-2 1.9193E-2 1.73603E-2 1.64085E-2 1.76966E-2 1.87529E-2 7.41302E-3
2.06577E-2 2.40723E-2 2.69278E-2 2.53405E-2 2.69219E-2 2.24141E-2 2.37623E-2 2.40849E-2 1.72064E-2 1.59363E-2 1.60717E-2 1.72376E-2 1.63675E-2 2.30121E-2 2.34892E-2 1.93494E-2 1.67913E-2 1.35813E-2 1.56438E-2 1.57788E-2 1.48955E-2 1.32111E-2 1.2356E-2 1.0829E-2 1.00593E-2 1.17664E-2 1.13075E-2 1.19371E-2 1.21779E-2 1.20062E-2 1.21374E-2 1.27321E-2 1.31197E-2 1.30244E-2 1.28648E-2 1.3748E-2 1.29544E-2 1.35299E-2 1.58104E-2 1.57424E-2 1.49012E-2 1.23105E-2 1.16292E-2 1.24455E-2 1.26112E-2 1.34434E-2 1.34383E-2 1.22576E-2 1.32243E-2 1.64431E-2 1.58859E-2 1.55944E-2 1.43329E-2 1.23987E-2 1.32292E-2 1.61044E-2 1.84723E-2 1.95148E-2 1.72804E-2 1.75246E-2 1.75049E-2
1.70933E-2 1.65176E-2 2.13967E-2 1.96749E-2 1.76696E-2 1.40225E-2 1.64412E-2 2.1043E-2 2.31888E-2 2.10606E-2 2.03913E-2 1.26268E-2 1.02053E-2 1.38269E-2 1.10441E-2 1.4603E-2 1.94921E-2 2.47839E-2 2.02298E-2 1.70646E-2 1.29661E-2 1.08951E-2 1.18412E-2 1.37061E-2 1.20856E-2 1.33619E-2 1.09729E-2 1.19827E-2 1.19188E-2 1.16476E-2 1.31913E-2 1.31876E-2 1.09408E-2 1.04305E-2 1.02578E-2 1.22919E-2 1.13073E-2 9.41074E-3 1.20003E-2 1.09957E-2 1.2334E-2 1.26179E-2 1.4006E-2 1.3081E-2 1.31109E-2 1.61548E-2 1.54394E-2 1.40129E-2 1.1825E-2 1.29524E-2 1.42766E-2 1.45765E-2 1.76727E-2 1.74086E-2 1.62054E-2 1.94007E-2 2.11485E-2 2.02813E-2 1.95838E-2 1.75166E-2 1.90804E-2
1.64205E-2 1.50127E-2 1.34303E-2 1.57722E-2 1.49161E-2 1.63431E-2 1.73465E-2 1.73905E-2 1.90061E-2 2.0728E-2 1.92601E-2 1.62794E-2 2.09613E-2 1.5112E-2 9.84613E-3 9.37423E-3 1.01689E-2 1.20329E-2 1.22198E-2 1.29858E-2 1.2708E-2 1.32134E-2 1.55731E-2 1.64519E-2 1.44778E-2 1.32095E-2 1.2828E-2 1.3722E-2 1.4314E-2 1.36112E-2 1.37525E-2 1.20062E-2 1.10693E-2 1.06158E-2 9.40279E-3 9.30878E-3 1.0365E-2 9.759E-3 1.00102E-2 1.14321E-2 9.69606E-3 1.14465E-2 1.34366E-2 1.56259E-2 1.56629E-2 1.47831E-2 1.2725E-2 1.67118E-2 1.59555E-2 1.33096E-2 1.27947E-2 1.46046E-2 1.52865E-2 1.53364E-2 1.63371E-2 2.02764E-2 2.18861E-2 1.98316E-2 1.96157E-2 2.04847E-2 2.20476E-2
1.51791E-2 1.79013E-2 2.00566E-2 1.78695E-2 1.70697E-2 2.03458E-2 1.86306E-2 1.55323E-2 2.46963E-2 2.53472E-2 3.62065E-2 3.11855E-2 1.36621E-2 1.74762E-2 1.41797E-2 9.85094E-3 1.17424E-2 1.11675E-2 1.13084E-2 1.10842E-2 1.15718E-2 1.33931E-2 1.44962E-2 1.46755E-2 1.62948E-2 1.57152E-2 1.48382E-2 1.56758E-2 1.50163E-2 1.45089E-2 1.5963E-2 1.17964E-2 1.01285E-2 9.90013E-3 1.25456E-2 8.55603E-3 9.67771E-3 1.04682E-2 9.24076E-3 1.11978E-2 9.92192E-3 1.2731E-2 1.06597E-2 1.19981E-2 1.10353E-2 1.33175E-2 1.41997E-2 1.56166E-2 1.60494E-2 1.52561E-2 1.50781E-2 1.49271E-2 1.42597E-2 1.57209E-2 1.57767E-2 1.87937E-2 1.75232E-2 1.86252E-2 1.79889E-2 1.88898E-2 1.83854E-2
1.6568E-2 1.54324E-2 1.46765E-2 1.73526E-2 1.74353E-2 1.46288E-2 1.21053E-2 1.32515E-2 1.4173E-2 1.51456E-2 1.6246E-2 1.62907E-2 1.83653E-2 1.38041E-2 1.11881E-2 1.11911E-2 1.293E-2 1.33015E-2 1.59096E-2 1.2793E-2 1.17996E-2 1.21931E-2 1.17608E-2 1.13201E-2 1.10385E-2 1.28395E-2 1.38714E-2 1.35296E-2 1.36294E-2 1.26203E-2 1.16732E-2 1.47147E-2 1.26734E-2 1.22239E-2 1.12638E-2 1.16925E-2 1.1993E-2 1.06864E-2 9.22581E-3 1.02392E-2 1.19926E-2 1.01535E-2 9.9938E-3 1.27396E-2 1.34527E-2 1.3044E-2 1.16502E-2 1.38183E-2 1.60593E-2 1.43671E-2 1.38893E-2 1.53405E-2 1.55861E-2 1.51063E-2 1.55881E-2 2.0063E-2 1.9975E-2 1.98275E-2 2.08022E-2 2.02003E-2 1.94784E-2
1.54263E-2 1.57479E-2 1.69945E-2 2.14813E-2 2.50623E-2 2.90743E-2 2.69201E-2 2.03985E-2 1.70497E-2 1.34088E-2 1.09074E-2 1.1494E-2 1.33177E-2 1.51448E-2 1.1205E-2 1.63985E-2 1.67736E-2 2.06587E-2 2.30212E-2 1.93024E-2 1.71472E-2 1.4429E-2 1.28093E-2 1.22305E-2 1.17184E-2 1.01122E-2 1.16563E-2 1.08501E-2 1.08833E-2 1.22199E-2 1.07281E-2 1.11651E-2 1.27973E-2 1.32468E-2 1.26324E-2 1.26376E-2 1.21431E-2 1.26089E-2 1.39566E-2 1.07189E-2 1.22348E-2 1.43877E-2 1.18776E-2 1.11769E-2 1.38845E-2 1.60935E-2 1.62764E-2 1.23584E-2 1.26038E-2 1.47327E-2 1.50637E-2 1.45986E-2 1.44627E-2 1.67481E-2 1.56683E-2 1.95477E-2 1.94034E-2 1.94995E-2 1.92336E-2 2.05526E-2 2.03338E-2
1.57622E-2 1.76682E-2 2.47549E-2 3.04089E-2 3.23725E-2 2.31251E-2 1.72953E-2 1.27468E-2 1.13389E-2 1.101E-2 1.51295E-2 1.46343E-2 1.39411E-2 1.16069E-2 1.39164E-2 1.95174E-2 2.1105E-2 1.63823E-2 2.28117E-2 2.05532E-2 2.39781E-2 1.56177E-2 1.37579E-2 1.46314E-2 1.45328E-2 1.18611E-2 1.06532E-2 1.00428E-2 9.92136E-3 9.40746E-3 1.11055E-2 1.10282E-2 1.11878E-2 1.28977E-2 1.17935E-2 1.16708E-2 1.25142E-2 1.06165E-2 1.07883E-2 1.02859E-2 1.0884E-2 1.27398E-2 1.29096E-2 1.16396E-2 1.24278E-2 1.35936E-2 1.52966E-2 1.65766E-2 1.84837E-2 1.83774E-2 1.82782E-2 1.81502E-2 1.7255E-2 1.57057E-2 1.65221E-2 1.91991E-2 1.90708E-2 1.96714E-2 1.97705E-2 1.98966E-2 2.01172E-2
1.47151E-2 1.81906E-2 1.61043E-2 2.04181E-2 2.01364E-2 1.7425E-2 1.55644E-2 1.65412E-2 1.65845E-2 1.8688E-2 2.44627E-2 1.58459E-2 1.35923E-2 1.46259E-2 1.24951E-2 1.30875E-2 1.13354E-2 1.11596E-2 1.21818E-2 2.36928E-2 2.99437E-2 2.31988E-2 2.28297E-2 1.8711E-2 1.45582E-2 1.52706E-2 1.34114E-2 1.69129E-2 1.58936E-2 1.30022E-2 1.28178E-2 1.07665E-2 1.07944E-2 1.35787E-2 1.30177E-2 1.21621E-2 1.14685E-2 1.12616E-2 1.02659E-2 1.01541E-2 1.16934E-2 1.03118E-2 1.12786E-2 1.21165E-2 1.13356E-2 1.17948E-2 1.30389E-2 1.61375E-2 1.5748E-2 1.50247E-2 1.80616E-2 1.92589E-2 2.19229E-2 2.18457E-2 1.85208E-2 2.1142E-2 2.07485E-2 2.02422E-2 2.05362E-2 2.20272E-2 1.98094E-2
1.3581E-2 1.45696E-2 1.49387E-2 1.49518E-2 1.40212E-2 1.6028E-2 1.54726E-2 1.41417E-2 1.48294E-2 1.49613E-2 1.396E-2 1.32864E-2 1.72604E-2 1.84159E-2 1.4084E-2 1.29215E-2 1.32788E-2 1.11938E-2 1.0582E-2 9.27541E-3 1.46138E-2 2.51913E-2 1.9137E-2 1.14533E-2 1.05564E-2 1.30427E-2 1.68388E-2 1.44142E-2 1.27616E-2 1.25598E-2 1.48345E-2 1.30521E-2 1.13511E-2 1.09138E-2 1.36895E-2 1.28143E-2 1.23371E-2 1.32218E-2 1.57243E-2 1.52005E-2 1.52927E-2 1.47514E-2 1.38416E-2 1.49682E-2 1.43755E-2 1.3923E-2 1.24664E-2 1.33585E-2 1.63983E-2 1.59562E-2 1.67653E-2 1.58456E-2 1.98303E-2 1.91806E-2 2.06503E-2 2.2476E-2 2.38725E-2 2.42814E-2 2.34863E-2 2.30901E-2 2.14112E-2
1.87916E-2 1.50931E-2 1.27554E-2 1.26287E-2 1.34495E-2 1.28787E-2 1.32972E-2 1.19695E-2 1.27503E-2 1.42235E-2 1.38473E-2 1.56086E-2 1.43008E-2 1.36549E-2 1.4954E-2 1.25383E-2 1.2307E-2 1.264E-2 1.1959E-2 1.24886E-2 1.77494E-2 1.20853E-2 1.2687E-2 1.13388E-2 1.16141E-2 1.13647E-2 1.40559E-2 1.24658E-2 1.30464E-2 1.27358E-2 1.18056E-2 1.38361E-2 1.18489E-2 1.06351E-2 1.47408E-2 1.52107E-2 1.2641E-2 1.40184E-2 1.486E-2 1.62061E-2 1.71916E-2 1.49118E-2 1.70761E-2 1.78028E-2 1.74075E-2 1.76391E-2 1.66048E-2 1.4243E-2 1.32977E-2 1.43295E-2 1.5069E-2 1.46288E-2 1.48872E-2 1.56958E-2 1.80344E-2 1.85358E-2 2.16593E-2 2.37409E-2 2.2915E-2 2.35698E-2 2.25858E-2
2.00354E-2 1.86671E-2 1.93641E-2 2.16952E-2 2.83732E-2 2.06617E-2 1.70218E-2 1.3931E-2 1.67623E-2 1.89666E-2 1.76314E-2 1.85842E-2 2.27455E-2 2.21347E-2 1.66578E-2 1.51416E-2 1.2614E-2 1.39531E-2 1.23023E-2 1.33309E-2 1.09975E-2 8.44619E-3 1.11779E-2 1.16882E-2 1.08422E-2 1.09533E-2 1.13702E-2 1.11638E-2 1.10228E-2 1.33489E-2 1.15295E-2 1.31818E-2 1.82325E-2 1.27283E-2 1.24774E-2 1.35642E-2 1.57629E-2 1.22263E-2 1.15821E-2 1.28842E-2 1.54014E-2 1.46708E-2 1.44314E-2 1.62646E-2 1.63588E-2 1.68044E-2 1.63217E-2 1.64983E-2 1.53563E-2 1.45876E-2 1.52484E-2 1.53923E-2 1.59896E-2 1.61236E-2 1.74253E-2 2.32871E-2 2.23996E-2 2.25779E-2 2.272E-2 2.52042E-2 2.56534E-2
2.20622E-2 1.75753E-2 2.30527E-2 3.50822E-2 4.25171E-2 4.02623E-2 3.42177E-2 3.1972E-2 2.3386E-2 1.52545E-2 1.2437E-2 1.52468E-2 1.48072E-2 1.35285E-2 1.61567E-2 1.3194E-2 1.29737E-2 1.10337E-2 1.07108E-2 1.03545E-2 1.07282E-2 1.38605E-2 1.44444E-2 1.23479E-2 1.32986E-2 1.22558E-2 1.11607E-2 1.04594E-2 9.57347E-3 9.69998E-3 9.7789E-3 1.19964E-2 1.19757E-2 1.44625E-2 1.26628E-2 1.22096E-2 1.54617E-2 1.83273E-2 1.48059E-2 1.25712E-2 1.3611E-2 1.56009E-2 1.43063E-2 1.64959E-2 1.77006E-2 1.88372E-2 1.79411E-2 1.6763E-2 1.69837E-2 1.9597E-2 2.02643E-2 2.25827E-2 2.36902E-2 1.99423E-2 1.90315E-2 1.85702E-2 2.20763E-2 2.20213E-2 2.4015E-2 2.43634E-2 2.5156E-2
1.8177E-2 1.59535E-2 1.30061E-2 1.31652E-2 1.71088E-2 1.41702E-2 1.32617E-2 1.23911E-2 1.14894E-2 1.06678E-2 1.24299E-2 1.13738E-2 1.13066E-2 1.07693E-2 1.12072E-2 1.1276E-2 1.37099E-2 1.20603E-2 9.87329E-3 1.09881E-2 1.03868E-2 9.42033E-3 1.15064E-2 1.34081E-2 1.12126E-2 1.20544E-2 1.17647E-2 1.2395E-2 1.63351E-2 1.36509E-2 1.46665E-2 1.29718E-2 1.22788E-2 1.18824E-2 1.40573E-2 1.29295E-2 1.34447E-2 1.69356E-2 2.05006E-2 1.71793E-2 1.8289E-2 1.41744E-2 1.83418E-2 1.47183E-2 1.51457E-2 1.93567E-2 2.2324E-2 2.13083E-2 2.48064E-2 2.43519E-2 2.38179E-2 2.54876E-2 2.23651E-2 2.09342E-2 1.96668E-2 2.04841E-2 2.57236E-2 2.48291E-2 2.40159E-2 2.42969E-2 2.64552E-2
1.70831E-2 2.06257E-2 1.75056E-2 1.21998E-2 1.59092E-2 1.71431E-2 1.141E-2 9.46011E-3 1.25463E-2 1.46394E-2 1.84007E-2 2.02542E-2 1.90503E-2 1.62631E-2 1.50727E-2 1.58703E-2 1.47515E-2 1.28399E-2 1.24294E-2 1.32911E-2 1.32333E-2 1.04306E-2 1.892E-2 1.51191E-2 1.30831E-2 1.31189E-2 1.40011E-2 1.3704E-2 1.71862E-2 1.7822E-2 1.94086E-2 1.87255E-2 1.59306E-2 1.27978E-2 1.20157E-2 1.37542E-2 1.49544E-2 1.79061E-2 1.62255E-2 1.78387E-2 1.74391E-2 1.52036E-2 1.71948E-2 2.20818E-2 1.89177E-2 1.62715E-2 2.09988E-2 1.97441E-2 1.99869E-2 2.25047E-2 1.83399E-2 2.18748E-2 2.37464E-2 2.24917E-2 2.2572E-2 2.1892E-2 2.52306E-2 2.84409E-2 2.7253E-2 2.59835E-2 2.67098E-2
1.73299E-2 2.86544E-2 2.01868E-2 1.53707E-2 1.1499E-2 1.11479E-2 1.35166E-2 1.59212E-2 2.79066E-2 3.1595E-2 3.53729E-2 3.54471E-2 3.42836E-2 2.67712E-2 2.51644E-2 2.19105E-2 1.54266E-2 1.25075E-2 1.06509E-2 1.48159E-2 1.83703E-2 1.69283E-2 1.23923E-2 1.81574E-2 1.45372E-2 1.65072E-2 1.43632E-2 1.65114E-2 1.50386E-2 1.22205E-2 1.2483E-2 1.19956E-2 1.27809E-2 1.22783E-2 1.28497E-2 1.26067E-2 1.28127E-2 1.19943E-2 1.27625E-2 1.6988E-2 1.9098E-2 1.9383E-2 1.52721E-2 1.81068E-2 2.11954E-2 1.92804E-2 1.94401E-2 2.10266E-2 1.88081E-2 2.03823E-2 1.96794E-2 1.94851E-2 1.88494E-2 2.32818E-2 2.21016E-2 2.2902E-2 2.71782E-2 2.83278E-2 2.99956E-2 2.90114E-2 2.86644E-2
1.99306E-2 2.16572E-2 2.59251E-2 2.21421E-2 1.77715E-2 1.80237E-2 1.53611E-2 2.58159E-2 2.12245E-2 1.0695E-2 1.08561E-2 1.45953E-2 1.78446E-2 1.56723E-2 2.26067E-2 2.61918E-2 2.36078E-2 1.34864E-2 1.36559E-2 9.87469E-3 1.00496E-2 1.56844E-2 2.46884E-2 2.96121E-2 1.32035E-2 1.35162E-2 1.85546E-2 1.73497E-2 1.18379E-2 1.11044E-2 1.46397E-2 1.36936E-2 1.24019E-2 1.56913E-2 1.81624E-2 1.77066E-2 1.74442E-2 1.77203E-2 1.51073E-2 1.61696E-2 1.81914E-2 2.15804E-2 1.90682E-2 1.63033E-2 1.56924E-2 1.82436E-2 1.82784E-2 2.22532E-2 1.89095E-2 1.86288E-2 1.83003E-2 1.77206E-2 1.87359E-2 2.30396E-2 2.51619E-2 2.3861E-2 2.95972E-2 2.81998E-2 2.9738E-2 3.04655E-2 2.84656E-2
2.08102E-2 2.08711E-2 1.7848E-2 2.12683E-2 2.19241E-2 2.20653E-2 2.74273E-2 2.71825E-2 3.31903E-2 2.38539E-2 1.54795E-2 1.05693E-2 1.31427E-2 1.56073E-2 1.32808E-2 1.33258E-2 1.63805E-2 1.51088E-2 1.34635E-2 1.24956E-2 1.15883E-2 1.05697E-2 1.12945E-2 1.18271E-2 1.12706E-2 1.43565E-2 2.30157E-2 1.63366E-2 1.59464E-2 2.00504E-2 2.27484E-2 1.81115E-2 1.39758E-2 2.10551E-2 2.54448E-2 2.81303E-2 2.35022E-2 2.23781E-2 2.2762E-2 1.82619E-2 1.68989E-2 2.12356E-2 2.2987E-2 2.52252E-2 2.54731E-2 2.40881E-2 2.08659E-2 1.96083E-2 1.82089E-2 2.00779E-2 2.35903E-2 2.38128E-2 2.21171E-2 1.96273E-2 2.48904E-2 2.43457E-2 2.9535E-2 3.24195E-2 2.87775E-2 3.23581E-2 3.28035E-2
1.56666E-2 1.5933E-2 1.33347E-2 2.03835E-2 2.41595E-2 2.52675E-2 1.73552E-2 1.98984E-2 1.40072E-2 1.21492E-2 1.30305E-2 1.37222E-2 1.17322E-2 1.06461E-2 1.14197E-2 1.38008E-2 1.26675E-2 1.34346E-2 1.42008E-2 1.48898E-2 1.40749E-2 1.10076E-2 1.11249E-2 9.30768E-3 1.07148E-2 1.39453E-2 1.48012E-2 2.15476E-2 1.53428E-2 1.09478E-2 1.51596E-2 1.88897E-2 1.57391E-2 1.60024E-2 1.99736E-2 2.4816E-2 2.13475E-2 2.18599E-2 2.72647E-2 2.23853E-2 1.8449E-2 1.97967E-2 2.56557E-2 2.64488E-2 2.18085E-2 2.37842E-2 2.46646E-2 2.27514E-2 2.66985E-2 2.96582E-2 3.12072E-2 2.87833E-2 2.85151E-2 2.57609E-2 2.22911E-2 2.70554E-2 3.21288E-2 3.13637E-2 3.1113E-2 3.19398E-2 3.27628E-2
1.04435E-2 1.12793E-2 1.00641E-2 1.16302E-2 1.41436E-2 1.38846E-2 1.27704E-2 1.10398E-2 1.1052E-2 1.21648E-2 1.1308E-2 1.23691E-2 1.27029E-2 1.15111E-2 1.13484E-2 1.07409E-2 1.03417E-2 1.04958E-2 1.08753E-2 1.13873E-2 1.16667E-2 1.15439E-2 1.28906E-2 1.62701E-2 1.49887E-2 1.06324E-2 1.31249E-2 1.2674E-2 1.31014E-2 1.09229E-2 1.36975E-2 2.18373E-2 1.83818E-2 2.18102E-2 2.32939E-2 2.44295E-2 2.09654E-2 1.69789E-2 2.0853E-2 2.12935E-2 2.04781E-2 2.05833E-2 2.36052E-2 2.80091E-2 2.96843E-2 3.37874E-2 3.37874E-2 3.34372E-2 3.24511E-2 2.60813E-2 2.4657E-2 2.68131E-2 2.57115E-2 3.0659E-2 2.55918E-2 2.45276E-2 2.6651E-2 3.55179E-2 3.36908E-2 3.37835E-2 3.63215E-2
1.69235E-2 2.25632E-2 2.1246E-2 1.42899E-2 1.28252E-2 9.42691E-3 9.38171E-3 9.73286E-3 1.12858E-2 1.13367E-2 1.12501E-2 1.19251E-2 1.12875E-2 1.08162E-2 1.15095E-2 1.17936E-2 1.27871E-2 1.31413E-2 1.34377E-2 1.24243E-2 1.39255E-2 1.47095E-2 1.65626E-2 1.2937E-2 1.2029E-2 1.10512E-2 1.12665E-2 1.1505E-2 1.13846E-2 2.28047E-2 1.68415E-2 2.59306E-2 2.3516E-2 2.55682E-2 1.51207E-2 1.59179E-2 2.08847E-2 2.15405E-2 1.81908E-2 2.0852E-2 2.21361E-2 2.4065E-2 2.10058E-2 2.57978E-2 2.50059E-2 2.50762E-2 2.74678E-2 2.64446E-2 2.80951E-2 2.43086E-2 2.37994E-2 2.57399E-2 3.00107E-2 2.70458E-2 2.83851E-2 2.63415E-2 3.56099E-2 3.51863E-2 3.4716E-2 3.59881E-2 3.59308E-2
1.88092E-2 2.60196E-2 2.11672E-2 1.67314E-2 1.418E-2 1.49273E-2 1.21519E-2 1.00066E-2 1.00987E-2 1.04164E-2 1.05276E-2 1.13234E-2 1.13125E-2 1.23361E-2 1.68492E-2 1.41536E-2 1.23974E-2 1.21046E-2 1.35133E-2 1.3421E-2 1.52624E-2 1.95897E-2 1.87873E-2 1.34096E-2 1.70847E-2 1.42676E-2 1.13253E-2 1.14995E-2 1.31173E-2 3.12065E-2 3.12455E-2 2.50869E-2 1.64218E-2 2.71204E-2 1.68354E-2 1.54384E-2 1.86142E-2 2.1719E-2 2.18589E-2 2.43834E-2 2.45329E-2 2.37803E-2 2.38677E-2 2.80589E-2 3.00252E-2 2.43721E-2 2.24999E-2 2.43116E-2 2.30102E-2 2.55709E-2 3.0351E-2 2.40288E-2 2.83177E-2 2.72961E-2 2.64899E-2 2.65678E-2 3.57256E-2 3.53419E-2 3.54029E-2 3.73642E-2 3.83187E-2
2.17142E-2 1.70026E-2 1.10029E-2 1.2349E-2 1.62773E-2 1.87727E-2 1.25348E-2 1.07081E-2 1.12662E-2 1.50048E-2 1.54867E-2 1.70988E-2 1.33229E-2 1.55958E-2 1.5416E-2 1.45883E-2 1.73983E-2 1.47849E-2 1.5189E-2 1.53913E-2 1.52044E-2 1.56782E-2 1.37767E-2 1.19636E-2 1.22837E-2 2.03647E-2 1.51771E-2 1.17296E-2 1.1854E-2 1.8144E-2 1.54255E-2 1.38623E-2 1.5632E-2 2.40161E-2 2.45346E-2 2.58583E-2 2.27286E-2 2.09689E-2 2.26212E-2 2.18627E-2 2.45842E-2 2.41099E-2 2.55687E-2 2.96485E-2 3.20316E-2 2.87368E-2 2.64634E-2 2.7607E-2 2.54546E-2 2.48935E-2 2.71777E-2 2.56309E-2 2.50428E-2 2.76192E-2 2.68815E-2 2.67123E-2 2.69123E-2 3.44423E-2 3.62428E-2 3.75423E-2 3.77502E-2
1.21185E-2 1.47575E-2 1.59582E-2 9.57697E-3 1.03636E-2 9.05263E-3 9.70915E-3 1.08384E-2 1.39044E-2 1.7811E-2 2.87547E-2 2.01634E-2 1.43525E-2 1.3756E-2 1.42244E-2 1.40278E-2 1.85471E-2 1.5597E-2 1.88596E-2 1.54469E-2 1.62627E-2 1.44139E-2 1.25943E-2 1.25282E-2 1.47114E-2 1.38569E-2 2.64148E-2 2.41304E-2 1.27432E-2 1.40334E-2 1.38627E-2 1.52982E-2 1.71136E-2 2.14992E-2 3.15128E-2 2.48561E-2 2.2059E-2 2.29227E-2 2.94749E-2 2.8021E-2 2.67146E-2 2.77449E-2 2.47311E-2 2.92407E-2 2.88451E-2 2.73275E-2 3.17065E-2 3.60162E-2 3.19694E-2 3.03262E-2 2.43461E-2 2.60673E-2 2.67585E-2 2.60283E-2 2.65594E-2 3.32335E-2 3.30836E-2 3.62443E-2 3.78235E-2 3.94027E-2 3.72333E-2
8.43782E-3 9.82986E-3 1.07749E-2 1.29048E-2 8.87632E-3 9.53827E-3 1.02601E-2 1.55529E-2 2.09269E-2 2.42319E-2 1.83433E-2 1.46902E-2 1.30948E-2 1.57683E-2 1.50382E-2 1.57499E-2 1.95826E-2 2.33791E-2 2.21088E-2 2.17438E-2 1.50077E-2 1.42192E-2 1.41256E-2 1.56858E-2 1.95294E-2 1.97616E-2 3.33E-2 3.02559E-2 1.84196E-2 1.30944E-2 1.52725E-2 1.8055E-2 2.09825E-2 3.41978E-2 2.80088E-2 2.35952E-2 2.38911E-2 2.83753E-2 2.57435E-2 3.35445E-2 3.07884E-2 2.65317E-2 2.54809E-2 2.79989E-2 3.63997E-2 3.36266E-2 2.54967E-2 2.63875E-2 3.38857E-2 2.99762E-2 2.8562E-2 2.58047E-2 2.69331E-2 2.73476E-2 2.6043E-2 2.87322E-2 3.67169E-2 3.80066E-2 3.86328E-2 3.95562E-2 4.28595E-2
