Artocarpus hirsutus SDM files/MIS19/results (with bias file)/Arthir_avg.asc
ncols         625
nrows         721
xllcorner     69.99986311115
yllcorner     5.99986187915
cellsize      0.041666667
NODATA_value  -9999
[rows 297 to 323 of 721, columns 549 to 609 of 625]
3.76296E-2 5.18276E-2 5.75697E-2 2.7185E-2 2.91092E-2 3.26577E-2 3.9648E-2 3.29426E-2 3.3459E-2 3.65679E-2 3.7422E-2 2.56216E-2 2.60264E-2 2.00242E-2 2.75905E-2 2.53428E-2 2.86412E-2 1.88432E-2 1.32702E-2 1.18037E-2 1.75464E-2 1.80965E-2 1.50934E-2 1.2122E-2 8.62289E-3 7.49737E-3 1.00302E-2 9.50497E-3 8.6531E-3 8.87078E-3 8.32436E-3 9.46772E-3 9.55814E-3 9.08367E-3 7.69153E-3 7.87821E-3 8.70562E-3 8.04393E-3 7.92033E-3 6.90536E-3 5.93442E-3 5.15549E-3 5.53135E-3 6.97065E-3 8.06758E-3 8.05591E-3 8.03793E-3 8.69378E-3 8.36138E-3 7.43254E-3 7.65574E-3 7.08218E-3 7.53954E-3 7.38741E-3 7.04683E-3 7.15402E-3 7.53826E-3 7.80927E-3 7.67101E-3 7.78415E-3 8.24331E-3
3.55997E-2 5.04256E-2 4.56731E-2 2.73096E-2 2.88612E-2 3.08679E-2 4.12486E-2 3.4668E-2 3.73814E-2 3.13917E-2 3.33477E-2 2.98836E-2 2.74334E-2 1.99477E-2 2.85504E-2 2.71626E-2 2.90207E-2 1.45311E-2 1.6765E-2 1.88264E-2 1.83229E-2 1.82249E-2 1.51873E-2 9.91057E-3 9.38919E-3 9.10709E-3 8.07777E-3 7.51919E-3 7.59903E-3 8.00479E-3 7.73107E-3 9.4561E-3 7.82121E-3 7.81744E-3 8.78652E-3 8.84029E-3 9.88252E-3 7.52813E-3 6.87559E-3 7.1381E-3 6.75768E-3 6.71715E-3 8.53368E-3 9.07693E-3 8.07025E-3 8.09827E-3 7.459E-3 7.40814E-3 7.86896E-3 7.99084E-3 6.55696E-3 5.88815E-3 7.2218E-3 8.68875E-3 9.28622E-3 8.97492E-3 9.49199E-3 9.79652E-3 8.93552E-3 8.66125E-3 9.74126E-3
4.12758E-2 3.0912E-2 4.64541E-2 3.08865E-2 3.57843E-2 3.01935E-2 4.06802E-2 3.69594E-2 3.90678E-2 3.02319E-2 3.2909E-2 4.16545E-2 2.54038E-2 2.33072E-2 2.74072E-2 2.35296E-2 2.86209E-2 2.55352E-2 1.52401E-2 1.4765E-2 1.61083E-2 1.5199E-2 1.54053E-2 1.00481E-2 1.0102E-2 1.0348E-2 9.52009E-3 8.071E-3 7.64105E-3 7.55211E-3 7.55652E-3 9.32385E-3 8.59123E-3 6.53328E-3 7.62609E-3 7.23272E-3 7.52712E-3 7.17477E-3 8.35361E-3 7.93389E-3 7.90093E-3 8.31317E-3 8.18475E-3 8.02418E-3 8.23304E-3 7.47476E-3 8.55908E-3 7.27785E-3 7.04718E-3 7.11218E-3 6.0148E-3 6.00594E-3 6.17158E-3 7.44551E-3 8.41827E-3 8.84617E-3 9.66092E-3 1.00085E-2 8.8824E-3 8.66596E-3 8.69306E-3
2.66379E-2 1.66404E-2 2.7008E-2 3.10041E-2 4.07802E-2 2.85582E-2 3.54522E-2 2.70964E-2 3.39929E-2 2.73568E-2 4.32972E-2 3.74612E-2 1.9231E-2 2.63484E-2 2.33977E-2 2.98805E-2 2.07358E-2 2.42613E-2 1.6705E-2 1.51034E-2 1.77648E-2 1.70793E-2 1.3677E-2 1.24448E-2 1.25818E-2 1.32623E-2 1.09867E-2 8.87277E-3 8.84298E-3 8.36647E-3 9.06589E-3 9.10984E-3 9.0034E-3 7.29243E-3 6.76181E-3 6.83079E-3 6.2332E-3 7.89031E-3 8.7545E-3 9.68123E-3 9.415E-3 9.0875E-3 7.47313E-3 6.44454E-3 5.91674E-3 6.36014E-3 7.35314E-3 7.72094E-3 7.18924E-3 6.13536E-3 6.28198E-3 7.17435E-3 6.25865E-3 6.65865E-3 7.73917E-3 7.62622E-3 8.296E-3 9.19299E-3 8.74177E-3 8.74034E-3 9.09055E-3
2.11557E-2 2.32142E-2 3.27392E-2 4.7112E-2 3.59729E-2 2.71546E-2 3.9884E-2 3.2201E-2 4.32274E-2 2.91505E-2 4.66426E-2 3.50867E-2 2.03142E-2 2.74351E-2 3.19233E-2 3.56182E-2 1.84299E-2 2.11693E-2 1.54018E-2 1.56332E-2 1.61998E-2 1.19856E-2 1.14099E-2 1.02736E-2 9.0445E-3 9.65213E-3 1.03993E-2 1.16919E-2 8.69536E-3 8.81835E-3 9.46132E-3 8.89355E-3 8.26613E-3 9.44685E-3 7.10454E-3 6.64606E-3 7.48357E-3 8.2077E-3 7.78488E-3 8.15167E-3 9.23496E-3 8.42997E-3 8.96634E-3 7.23054E-3 7.21729E-3 7.38208E-3 6.19546E-3 7.15129E-3 7.26516E-3 5.59151E-3 5.43337E-3 6.37761E-3 7.06042E-3 6.15183E-3 6.90378E-3 7.49455E-3 6.89152E-3 7.84263E-3 9.08814E-3 8.68703E-3 8.99286E-3
2.64901E-2 2.8592E-2 3.00737E-2 2.69023E-2 3.0954E-2 3.21975E-2 3.64095E-2 4.12766E-2 3.92281E-2 2.66986E-2 4.02325E-2 2.85799E-2 2.65388E-2 2.96703E-2 3.94475E-2 2.95138E-2 2.20113E-2 1.62554E-2 1.85226E-2 1.62869E-2 1.81255E-2 1.60952E-2 1.44395E-2 1.02712E-2 1.03626E-2 1.06172E-2 8.6563E-3 1.09775E-2 8.80767E-3 9.14304E-3 9.03928E-3 8.29724E-3 8.8648E-3 8.73801E-3 8.3833E-3 6.68993E-3 7.02704E-3 6.4982E-3 7.46101E-3 7.68933E-3 8.55507E-3 8.23427E-3 8.50872E-3 7.97001E-3 7.91868E-3 8.04397E-3 7.56549E-3 6.93049E-3 7.58761E-3 7.6571E-3 7.05092E-3 7.007E-3 7.85192E-3 8.40379E-3 7.21564E-3 6.7242E-3 7.59404E-3 7.99477E-3 7.69963E-3 8.77421E-3 8.50573E-3
3.45353E-2 2.99525E-2 4.01381E-2 3.15399E-2 2.93896E-2 5.20969E-2 4.7892E-2 3.37154E-2 2.86854E-2 3.53746E-2 4.35597E-2 3.55271E-2 2.13144E-2 2.80376E-2 3.98786E-2 3.61816E-2 2.94188E-2 1.35586E-2 2.54009E-2 1.68329E-2 2.20704E-2 2.14761E-2 1.55899E-2 1.07535E-2 1.17334E-2 1.14505E-2 9.27396E-3 1.00907E-2 8.75528E-3 9.78365E-3 9.5571E-3 9.40342E-3 9.29416E-3 9.32857E-3 8.56569E-3 6.58195E-3 7.22458E-3 7.35118E-3 8.59713E-3 7.80014E-3 8.48506E-3 8.53994E-3 9.602E-3 9.67438E-3 8.87824E-3 9.80081E-3 9.10254E-3 7.60528E-3 8.19126E-3 8.25814E-3 7.53677E-3 6.72167E-3 7.48673E-3 8.0997E-3 8.92863E-3 7.87859E-3 7.67502E-3 8.05605E-3 8.28924E-3 8.24704E-3 8.65377E-3
2.19489E-2 1.69862E-2 2.06194E-2 1.87319E-2 3.55313E-2 3.15217E-2 2.88098E-2 3.55256E-2 3.02732E-2 4.47888E-2 3.67292E-2 2.59524E-2 2.31268E-2 3.79513E-2 4.04318E-2 3.05437E-2 2.17561E-2 1.36809E-2 2.38788E-2 2.18451E-2 2.14118E-2 1.69994E-2 1.14058E-2 1.27495E-2 1.40114E-2 1.04091E-2 1.06221E-2 9.60779E-3 8.9956E-3 9.68585E-3 1.11149E-2 9.83732E-3 9.11113E-3 9.04555E-3 8.20462E-3 7.76071E-3 7.57953E-3 7.81427E-3 7.95629E-3 7.44439E-3 7.65467E-3 9.32097E-3 9.84573E-3 9.06177E-3 8.58287E-3 8.166E-3 8.26147E-3 8.35521E-3 7.20441E-3 6.18018E-3 5.51731E-3 6.04171E-3 7.1874E-3 7.36863E-3 7.45013E-3 8.17919E-3 8.59274E-3 8.01286E-3 8.14719E-3 8.47984E-3 9.1332E-3
1.62339E-2 1.7826E-2 1.932E-2 2.64766E-2 2.67186E-2 4.02423E-2 3.53472E-2 3.32064E-2 3.19728E-2 4.14245E-2 5.30194E-2 2.5961E-2 2.96492E-2 3.68412E-2 3.445E-2 3.49271E-2 2.09443E-2 1.38642E-2 1.92307E-2 1.69247E-2 1.56944E-2 1.4507E-2 1.16196E-2 1.0884E-2 9.89921E-3 1.22267E-2 1.11054E-2 9.41459E-3 9.41575E-3 9.82513E-3 1.10123E-2 9.73483E-3 9.6442E-3 9.22407E-3 7.85481E-3 7.4798E-3 6.97503E-3 8.21615E-3 7.73618E-3 8.30658E-3 8.94881E-3 8.52824E-3 6.97805E-3 6.13032E-3 6.97828E-3 7.46815E-3 6.96669E-3 6.10045E-3 5.43024E-3 5.51181E-3 6.30201E-3 7.3542E-3 5.99816E-3 6.93664E-3 7.7189E-3 8.50214E-3 9.31502E-3 9.08325E-3 8.4694E-3 8.06584E-3 8.97878E-3
1.89498E-2 2.199E-2 3.06119E-2 3.04704E-2 3.26538E-2 4.1909E-2 4.32001E-2 2.53072E-2 3.21413E-2 4.56054E-2 4.22234E-2 2.66796E-2 2.77336E-2 2.71085E-2 2.92188E-2 2.45015E-2 2.09049E-2 1.39011E-2 1.63366E-2 1.66323E-2 1.28591E-2 1.4647E-2 1.11679E-2 1.01035E-2 9.91863E-3 1.06501E-2 1.15335E-2 9.82566E-3 9.78026E-3 9.6882E-3 1.12159E-2 8.9491E-3 8.6519E-3 8.64847E-3 7.86631E-3 7.92303E-3 8.96005E-3 9.2746E-3 8.87249E-3 8.78214E-3 8.07484E-3 5.94237E-3 5.10905E-3 6.4863E-3 7.0403E-3 7.04529E-3 5.10132E-3 4.75967E-3 5.67239E-3 6.02483E-3 6.32729E-3 6.79638E-3 6.68946E-3 7.12865E-3 6.77785E-3 7.09736E-3 7.94845E-3 7.8642E-3 7.7288E-3 7.9935E-3 8.6655E-3
2.29688E-2 2.30657E-2 2.66669E-2 4.79656E-2 4.44728E-2 5.6574E-2 3.39064E-2 2.77583E-2 3.65416E-2 4.53064E-2 3.53035E-2 2.8545E-2 2.18971E-2 2.74989E-2 3.15307E-2 2.46638E-2 1.84978E-2 1.50975E-2 1.37626E-2 1.53234E-2 1.44803E-2 1.42964E-2 1.36033E-2 1.10969E-2 1.06634E-2 1.00469E-2 1.09432E-2 9.96727E-3 9.78932E-3 9.73937E-3 1.0898E-2 9.71818E-3 9.31736E-3 9.08602E-3 7.39865E-3 8.52687E-3 8.86902E-3 9.1313E-3 8.12167E-3 8.04669E-3 6.37576E-3 5.22562E-3 5.85796E-3 6.13292E-3 6.28765E-3 6.17079E-3 4.71826E-3 4.82538E-3 6.09884E-3 6.52743E-3 6.86595E-3 6.30703E-3 8.45647E-3 8.12124E-3 9.01457E-3 8.86326E-3 8.44483E-3 8.48135E-3 8.46554E-3 7.92879E-3 8.90773E-3
2.56311E-2 3.12672E-2 3.7075E-2 5.53045E-2 5.34263E-2 4.55231E-2 2.74267E-2 3.02674E-2 4.09686E-2 4.40883E-2 3.42005E-2 2.44317E-2 2.26381E-2 2.81562E-2 2.33161E-2 2.41662E-2 1.84622E-2 1.4604E-2 1.58278E-2 2.02269E-2 1.70289E-2 1.66636E-2 1.16003E-2 1.01941E-2 9.59894E-3 1.01494E-2 9.932E-3 1.02731E-2 9.82035E-3 9.80811E-3 1.18988E-2 1.10767E-2 1.13114E-2 1.02531E-2 8.43254E-3 7.97842E-3 7.78894E-3 7.95585E-3 7.63268E-3 7.35629E-3 5.91251E-3 6.81092E-3 5.66944E-3 5.75672E-3 5.17564E-3 4.53258E-3 4.56081E-3 5.34799E-3 6.78108E-3 8.86543E-3 7.54912E-3 7.96876E-3 7.06527E-3 7.15808E-3 8.49106E-3 8.74394E-3 8.39313E-3 8.40463E-3 7.48608E-3 7.82797E-3 7.55815E-3
2.58701E-2 2.87611E-2 2.52077E-2 2.94857E-2 6.31018E-2 3.80565E-2 3.13192E-2 2.68909E-2 2.40216E-2 2.80852E-2 3.63823E-2 2.24139E-2 1.9695E-2 2.40146E-2 2.29067E-2 2.3822E-2 2.07718E-2 1.64257E-2 1.316E-2 1.71413E-2 1.61045E-2 1.24785E-2 1.03801E-2 1.05927E-2 1.118E-2 1.15106E-2 1.0204E-2 1.05803E-2 1.02897E-2 1.05071E-2 1.24783E-2 1.15807E-2 1.14477E-2 1.04235E-2 8.97611E-3 7.8272E-3 7.83841E-3 7.17365E-3 7.88941E-3 9.05111E-3 7.68411E-3 5.86104E-3 4.96867E-3 5.18394E-3 4.63467E-3 4.81548E-3 6.05401E-3 7.21287E-3 8.27244E-3 8.31581E-3 7.37636E-3 7.69443E-3 7.54935E-3 7.71888E-3 6.79026E-3 7.3108E-3 7.25412E-3 7.84E-3 8.37391E-3 8.03065E-3 7.57998E-3
3.16251E-2 2.96081E-2 2.24314E-2 3.41073E-2 2.85631E-2 3.11104E-2 2.58869E-2 2.67202E-2 2.93166E-2 3.85965E-2 3.26015E-2 1.85875E-2 2.86787E-2 2.61319E-2 2.191E-2 2.13692E-2 1.96003E-2 1.60828E-2 1.10493E-2 1.41022E-2 1.13444E-2 1.25098E-2 1.25392E-2 1.41501E-2 1.15049E-2 1.1624E-2 1.02713E-2 1.07881E-2 1.00498E-2 1.04687E-2 1.2408E-2 1.14708E-2 1.12952E-2 9.24857E-3 9.12663E-3 8.08689E-3 7.29584E-3 7.28404E-3 7.88636E-3 8.08304E-3 6.35813E-3 5.68242E-3 5.45618E-3 4.99599E-3 5.51227E-3 7.22299E-3 8.61124E-3 6.90824E-3 6.15325E-3 6.06024E-3 6.37594E-3 6.72458E-3 7.48414E-3 8.0825E-3 8.18729E-3 8.40033E-3 7.73616E-3 7.63204E-3 8.37491E-3 8.49635E-3 7.88152E-3
2.77839E-2 2.4406E-2 2.22372E-2 1.49453E-2 2.12332E-2 3.14225E-2 2.6592E-2 2.6342E-2 3.16018E-2 3.90389E-2 3.06154E-2 1.91649E-2 2.7591E-2 2.33762E-2 2.01833E-2 2.29157E-2 1.90457E-2 1.41608E-2 1.037E-2 1.31643E-2 1.23918E-2 1.05452E-2 1.21738E-2 1.00718E-2 1.05023E-2 1.30848E-2 1.12391E-2 1.01538E-2 1.04541E-2 1.08769E-2 1.27347E-2 1.21295E-2 1.12258E-2 9.39851E-3 9.51192E-3 8.83746E-3 8.3457E-3 7.48682E-3 7.90599E-3 8.11491E-3 6.49159E-3 6.65419E-3 5.5134E-3 6.04045E-3 7.67448E-3 7.45043E-3 6.53058E-3 5.24485E-3 5.71578E-3 6.6599E-3 6.74277E-3 6.74665E-3 6.6331E-3 6.84991E-3 8.6119E-3 7.83104E-3 7.45704E-3 7.74196E-3 8.04445E-3 8.07754E-3 7.47443E-3
1.91566E-2 1.96228E-2 3.21737E-2 2.54327E-2 1.46613E-2 3.1792E-2 2.77473E-2 4.55744E-2 2.48676E-2 2.80251E-2 2.56903E-2 3.04053E-2 2.52351E-2 2.63387E-2 2.37697E-2 2.65928E-2 1.83877E-2 1.28585E-2 1.12005E-2 1.43395E-2 8.59916E-3 9.10036E-3 9.30425E-3 1.0046E-2 9.44769E-3 8.70119E-3 8.97997E-3 9.91957E-3 9.94587E-3 1.13406E-2 1.24699E-2 1.12044E-2 1.09961E-2 8.449E-3 8.4647E-3 7.67689E-3 7.92265E-3 8.34343E-3 9.43216E-3 7.4135E-3 6.52764E-3 7.27302E-3 5.78623E-3 6.54486E-3 5.66806E-3 6.1511E-3 5.22908E-3 5.40754E-3 5.51313E-3 6.38971E-3 6.8773E-3 7.16293E-3 8.29433E-3 7.81623E-3 6.4523E-3 7.27581E-3 7.84396E-3 8.11936E-3 8.74078E-3 8.02274E-3 8.0146E-3
2.42151E-2 2.77723E-2 2.04625E-2 2.21944E-2 2.91098E-2 2.95591E-2 2.35658E-2 3.04669E-2 3.1904E-2 3.103E-2 3.56855E-2 2.58306E-2 2.44926E-2 2.33358E-2 2.50585E-2 2.35775E-2 1.4928E-2 1.38516E-2 1.16247E-2 9.88189E-3 1.01814E-2 1.02127E-2 9.41277E-3 1.05524E-2 8.30522E-3 9.85542E-3 9.25545E-3 1.02627E-2 9.78123E-3 1.25521E-2 1.18779E-2 1.11216E-2 9.78981E-3 8.7996E-3 8.47576E-3 8.64664E-3 8.68433E-3 9.78256E-3 8.726E-3 7.10783E-3 6.29647E-3 5.85177E-3 6.3861E-3 5.91704E-3 5.88433E-3 6.22656E-3 5.71766E-3 5.89287E-3 6.3246E-3 6.71085E-3 6.74888E-3 6.35479E-3 6.3503E-3 7.07639E-3 6.97423E-3 6.92412E-3 7.44785E-3 8.11259E-3 7.98707E-3 7.90103E-3 7.85813E-3
2.58261E-2 2.36058E-2 3.29746E-2 2.78391E-2 2.6752E-2 2.87937E-2 2.15726E-2 2.36698E-2 3.65804E-2 3.158E-2 2.67245E-2 2.53359E-2 2.02163E-2 2.29794E-2 2.07767E-2 1.92337E-2 1.42948E-2 1.5555E-2 1.39307E-2 1.38397E-2 9.74667E-3 1.07573E-2 9.51411E-3 1.08621E-2 1.05166E-2 1.06399E-2 1.0158E-2 9.44343E-3 9.66471E-3 1.32556E-2 1.26071E-2 1.13014E-2 1.11293E-2 1.08165E-2 7.99076E-3 1.06616E-2 8.67796E-3 8.60894E-3 7.43413E-3 7.83276E-3 6.98109E-3 6.44484E-3 7.03674E-3 8.4801E-3 6.70083E-3 7.14974E-3 8.01219E-3 9.04531E-3 8.02808E-3 7.33487E-3 7.14652E-3 6.86951E-3 6.57486E-3 6.35837E-3 6.62725E-3 6.67897E-3 7.11597E-3 7.35583E-3 7.95265E-3 7.82021E-3 7.78426E-3
1.75178E-2 3.05263E-2 4.24674E-2 4.10432E-2 2.55142E-2 2.25394E-2 2.7034E-2 3.19236E-2 4.08777E-2 2.74242E-2 2.6783E-2 2.53086E-2 1.5865E-2 1.83982E-2 1.89213E-2 1.93215E-2 1.54596E-2 1.57608E-2 1.23681E-2 1.1409E-2 9.89131E-3 1.03513E-2 1.01054E-2 1.00599E-2 1.17758E-2 9.39305E-3 1.14037E-2 1.003E-2 9.40537E-3 1.20266E-2 1.14064E-2 1.09303E-2 1.17665E-2 1.04975E-2 8.81969E-3 1.02115E-2 1.02014E-2 8.75711E-3 8.05095E-3 7.33025E-3 7.30122E-3 8.09533E-3 8.37782E-3 9.25682E-3 6.68479E-3 7.59207E-3 8.03078E-3 8.01453E-3 7.12418E-3 6.42994E-3 6.36775E-3 6.28607E-3 7.54043E-3 7.3055E-3 6.76203E-3 6.98159E-3 6.92549E-3 6.93435E-3 7.58672E-3 7.49228E-3 7.55262E-3
1.99114E-2 3.70909E-2 3.43736E-2 4.55568E-2 3.20722E-2 2.2177E-2 2.77073E-2 3.92734E-2 4.05747E-2 3.20651E-2 2.32762E-2 2.29113E-2 1.36825E-2 1.71623E-2 1.56467E-2 1.91085E-2 1.24891E-2 1.01652E-2 1.10625E-2 1.41367E-2 1.24377E-2 1.18283E-2 1.02963E-2 1.02882E-2 1.13834E-2 1.02186E-2 9.88275E-3 9.14469E-3 9.63167E-3 1.037E-2 1.15686E-2 1.13621E-2 1.15044E-2 1.10438E-2 9.69854E-3 8.72254E-3 1.06326E-2 9.64724E-3 8.94649E-3 8.388E-3 9.50963E-3 1.21993E-2 1.16506E-2 7.80788E-3 7.1074E-3 8.13431E-3 8.66295E-3 7.3935E-3 6.05237E-3 6.17892E-3 6.14778E-3 6.00536E-3 7.07097E-3 6.66005E-3 6.47395E-3 6.70023E-3 6.7923E-3 6.78492E-3 6.67552E-3 7.3892E-3 7.41816E-3
2.68272E-2 1.38357E-2 1.89826E-2 3.15114E-2 3.05023E-2 2.57017E-2 3.1127E-2 3.60617E-2 4.08711E-2 3.69012E-2 2.88955E-2 2.14863E-2 1.65221E-2 2.12458E-2 1.71804E-2 1.53234E-2 1.3607E-2 9.9593E-3 9.77117E-3 1.17425E-2 1.00507E-2 1.02524E-2 1.02555E-2 1.12343E-2 1.14174E-2 9.7257E-3 9.65814E-3 9.93059E-3 1.06803E-2 1.04995E-2 1.14209E-2 1.08233E-2 1.01063E-2 8.95139E-3 8.69408E-3 8.58773E-3 1.06318E-2 9.96471E-3 8.61031E-3 9.31722E-3 1.15566E-2 1.23698E-2 1.00773E-2 7.21312E-3 8.97574E-3 9.60835E-3 8.39904E-3 7.19561E-3 6.66995E-3 6.0732E-3 6.03727E-3 6.19812E-3 7.31195E-3 7.11972E-3 7.07021E-3 7.51899E-3 6.98791E-3 6.58344E-3 6.96795E-3 6.85328E-3 7.2144E-3
3.56077E-2 3.70024E-2 2.74287E-2 2.46882E-2 4.37629E-2 2.50938E-2 2.81765E-2 1.85818E-2 1.97745E-2 2.00344E-2 1.63619E-2 2.36631E-2 1.744E-2 1.88984E-2 1.60525E-2 1.43705E-2 1.37746E-2 1.4152E-2 1.38512E-2 1.41927E-2 1.39542E-2 1.13503E-2 1.17473E-2 1.65048E-2 1.29299E-2 1.47994E-2 1.0531E-2 1.08129E-2 1.01906E-2 1.01573E-2 1.17041E-2 1.3138E-2 1.04145E-2 9.15782E-3 1.06254E-2 9.27668E-3 9.3742E-3 1.08949E-2 9.80465E-3 1.06855E-2 1.20975E-2 1.12761E-2 9.14155E-3 7.76212E-3 8.25301E-3 8.22267E-3 7.35945E-3 6.72285E-3 6.45486E-3 6.29049E-3 6.20903E-3 6.36077E-3 6.48187E-3 7.53967E-3 7.56027E-3 7.91013E-3 6.71528E-3 6.83407E-3 6.8282E-3 6.72435E-3 6.91175E-3
3.94811E-2 2.59529E-2 3.4087E-2 5.2763E-2 4.18985E-2 2.29036E-2 3.02547E-2 2.98895E-2 3.04611E-2 1.72738E-2 1.32086E-2 1.68313E-2 1.76905E-2 1.78102E-2 1.69511E-2 1.46676E-2 1.38301E-2 1.36236E-2 1.14182E-2 1.00457E-2 1.16316E-2 1.04954E-2 1.10856E-2 1.25588E-2 1.39385E-2 1.40505E-2 1.06382E-2 1.02496E-2 1.05442E-2 1.01827E-2 1.31701E-2 1.42522E-2 1.23202E-2 1.02837E-2 8.03533E-3 9.22241E-3 9.56434E-3 1.10996E-2 1.07509E-2 1.2052E-2 1.21595E-2 1.12396E-2 8.19632E-3 8.33826E-3 7.50085E-3 7.4654E-3 7.15279E-3 6.41397E-3 6.55294E-3 6.86068E-3 6.53108E-3 6.60653E-3 7.01478E-3 7.60828E-3 8.05774E-3 7.29377E-3 7.35623E-3 6.50962E-3 6.56136E-3 6.61345E-3 6.53162E-3
6.16849E-2 3.46794E-2 2.86375E-2 4.05742E-2 4.4124E-2 2.331E-2 1.48845E-2 1.42333E-2 1.86552E-2 1.82276E-2 1.57631E-2 1.18061E-2 1.75392E-2 1.53055E-2 1.66072E-2 1.30853E-2 1.23084E-2 1.16694E-2 1.02162E-2 1.29504E-2 1.48481E-2 1.34603E-2 1.36729E-2 1.12136E-2 1.46704E-2 1.13262E-2 1.05218E-2 1.00494E-2 1.09448E-2 1.04112E-2 1.36978E-2 1.20634E-2 1.12536E-2 1.00383E-2 7.52578E-3 1.09881E-2 1.08628E-2 1.04924E-2 9.54098E-3 1.14888E-2 8.9565E-3 1.19728E-2 8.30829E-3 9.52857E-3 8.68814E-3 7.0017E-3 7.23371E-3 7.17568E-3 7.3586E-3 6.8017E-3 7.51044E-3 7.88918E-3 7.25843E-3 7.25284E-3 7.35844E-3 7.26302E-3 7.13814E-3 6.45914E-3 6.38875E-3 6.874E-3 6.80964E-3
5.17414E-2 2.93875E-2 1.67212E-2 1.50618E-2 3.42639E-2 2.29026E-2 1.52772E-2 1.36076E-2 1.2828E-2 1.27914E-2 1.69484E-2 1.53224E-2 1.59777E-2 1.41944E-2 1.7901E-2 1.68948E-2 1.19145E-2 1.49686E-2 1.50544E-2 1.4828E-2 1.1337E-2 1.213E-2 1.11344E-2 1.08417E-2 1.27643E-2 9.75727E-3 9.66876E-3 1.01051E-2 1.06135E-2 1.03241E-2 1.15158E-2 1.19648E-2 1.21314E-2 9.67464E-3 8.46823E-3 1.3405E-2 1.23298E-2 9.31127E-3 1.06773E-2 7.91576E-3 1.13703E-2 1.19968E-2 8.88062E-3 9.39467E-3 7.51606E-3 7.48215E-3 8.12056E-3 7.35743E-3 7.40086E-3 7.64898E-3 7.2474E-3 6.80404E-3 6.27365E-3 6.62049E-3 6.87875E-3 7.1543E-3 6.6385E-3 6.53106E-3 6.4674E-3 6.70486E-3 6.94464E-3
1.5185E-2 2.27925E-2 1.79498E-2 2.65922E-2 1.81681E-2 2.33931E-2 1.92199E-2 2.20673E-2 1.8347E-2 1.54532E-2 1.82128E-2 2.31777E-2 1.85901E-2 1.67144E-2 1.77922E-2 1.44237E-2 1.31794E-2 1.48359E-2 1.18865E-2 1.02359E-2 8.89355E-3 9.33504E-3 1.10189E-2 1.36298E-2 1.01356E-2 9.47058E-3 1.02518E-2 1.01692E-2 1.04984E-2 1.02802E-2 1.23679E-2 1.39528E-2 1.18262E-2 8.80592E-3 8.57408E-3 1.01478E-2 1.10263E-2 9.89179E-3 8.66898E-3 8.71453E-3 1.21656E-2 1.11833E-2 8.37559E-3 8.82469E-3 9.03666E-3 7.28089E-3 7.33036E-3 7.16404E-3 7.60028E-3 7.86935E-3 7.45081E-3 6.49589E-3 6.39315E-3 6.38423E-3 6.46224E-3 6.55993E-3 6.56072E-3 6.50422E-3 6.71049E-3 6.77943E-3 7.15521E-3
2.49459E-2 2.3365E-2 2.92491E-2 4.27148E-2 3.22078E-2 2.29204E-2 2.59332E-2 2.30487E-2 2.06708E-2 2.12511E-2 2.90997E-2 3.15934E-2 2.1915E-2 1.58972E-2 1.82227E-2 1.43734E-2 1.16882E-2 1.34127E-2 1.1841E-2 1.02826E-2 1.27451E-2 1.22971E-2 1.43054E-2 1.17368E-2 9.87248E-3 1.11534E-2 1.05265E-2 1.04573E-2 1.08336E-2 1.05778E-2 1.30128E-2 1.21496E-2 1.12274E-2 1.06128E-2 8.95323E-3 1.23906E-2 1.21403E-2 9.11816E-3 7.45503E-3 9.84025E-3 1.33638E-2 1.13803E-2 8.70074E-3 9.36582E-3 9.86068E-3 8.52011E-3 6.96731E-3 8.08954E-3 7.64184E-3 7.70963E-3 6.84543E-3 6.6434E-3 5.98848E-3 6.39351E-3 6.37275E-3 6.70176E-3 7.77266E-3 7.68506E-3 7.10049E-3 6.78746E-3 6.83319E-3
