Artocarpus hirsutus SDM files/MIS19/results (with bias file)/Arthir_2.asc
ncols         625
nrows         721
xllcorner     69.99986311115
yllcorner     5.99986187915
cellsize      0.041666667
NODATA_value  -9999
[rows 378 to 404 of 721, columns 549 to 609 of 625]
2.88514E-4 2.94501E-4 2.53717E-4 4.93217E-4 5.77584E-4 6.00482E-4 7.34278E-4 8.98609E-4 1.09908E-3 1.01237E-3 1.4348E-3 3.68103E-3 1.8028E-3 8.73471E-4 3.00353E-3 8.32316E-3 5.96045E-3 3.14947E-3 4.1424E-3 4.18535E-3 8.07928E-3 9.16232E-3 8.15017E-3 7.11018E-3 6.77518E-3 6.70578E-3 7.94497E-3 6.73688E-3 6.71712E-3 6.01657E-3 7.06811E-3 6.65384E-3 7.83891E-3 8.07652E-3 8.01769E-3 1.14386E-2 9.93044E-3 6.51722E-3 8.3248E-3 6.0148E-3 5.71016E-3 5.95127E-3 4.69994E-3 4.26829E-3 4.28054E-3 4.20489E-3 4.07809E-3 4.15163E-3 4.08896E-3 4.10069E-3 4.14909E-3 4.88796E-3 4.63683E-3 3.98089E-3 4.74307E-3 4.98945E-3 5.28232E-3 5.91323E-3 6.22743E-3 5.73527E-3 5.8444E-3
2.50596E-4 2.56867E-4 2.73982E-4 2.80776E-4 5.06783E-4 4.93276E-4 5.84599E-4 7.44096E-4 9.23722E-4 9.19093E-4 2.59236E-4 3.00732E-3 3.21779E-3 8.41561E-4 5.24206E-4 1.48788E-3 6.94018E-3 1.78789E-3 1.01328E-3 1.04994E-3 2.54825E-3 3.75297E-3 7.22371E-3 7.13685E-3 7.15542E-3 5.39464E-3 5.89593E-3 6.84481E-3 6.9744E-3 6.26121E-3 6.9845E-3 7.05481E-3 6.73796E-3 1.4275E-2 8.57249E-3 7.9518E-3 1.33469E-2 7.22635E-3 6.19933E-3 6.6207E-3 5.66338E-3 6.24363E-3 5.21364E-3 4.71155E-3 4.29448E-3 4.17002E-3 4.34747E-3 4.34278E-3 4.14007E-3 4.80597E-3 5.63928E-3 5.62415E-3 5.80679E-3 5.16023E-3 4.49038E-3 4.45234E-3 5.15281E-3 5.34488E-3 5.80507E-3 5.608E-3 5.55939E-3
2.25966E-4 2.17869E-4 2.32803E-4 2.3456E-4 3.67727E-4 4.35708E-4 4.95929E-4 6.29228E-4 7.84597E-4 9.08692E-4 5.15267E-4 9.97158E-4 3.81393E-3 9.55337E-4 2.10522E-4 6.65018E-4 1.68434E-3 5.1607E-3 1.56068E-3 1.01288E-3 2.32532E-3 3.9909E-3 8.68853E-3 7.87193E-3 4.6806E-3 5.70005E-3 5.24989E-3 7.4347E-3 5.93836E-3 6.51061E-3 6.13541E-3 7.49092E-3 7.87636E-3 1.05762E-2 9.61451E-3 8.74956E-3 9.16415E-3 1.35953E-2 7.84999E-3 6.95789E-3 6.61157E-3 5.54243E-3 5.14603E-3 4.31694E-3 4.67153E-3 4.14539E-3 4.43106E-3 4.49332E-3 3.69395E-3 4.75081E-3 5.48747E-3 6.23942E-3 6.71986E-3 5.67239E-3 4.57939E-3 4.55709E-3 4.93429E-3 5.37027E-3 5.40907E-3 5.46542E-3 5.7608E-3
1.35433E-4 -9999 3.21166E-4 3.97686E-4 5.00366E-4 4.48111E-4 4.2137E-4 5.01229E-4 6.19641E-4 7.0471E-4 4.18683E-4 1.68913E-4 1.73097E-3 1.52947E-3 2.22564E-4 3.48024E-4 2.00158E-3 2.34631E-3 1.49844E-3 3.0141E-3 3.30153E-3 2.9395E-3 4.72264E-3 8.26182E-3 6.37532E-3 6.28574E-3 5.89191E-3 3.72877E-2 7.95808E-3 7.64233E-3 7.09932E-3 8.73231E-3 8.58357E-3 8.14485E-3 7.67455E-3 1.04031E-2 7.8029E-3 1.03993E-2 1.26349E-2 7.71956E-3 6.49712E-3 6.04641E-3 5.08723E-3 5.46978E-3 4.82223E-3 4.12734E-3 4.11636E-3 4.04881E-3 3.82891E-3 4.45263E-3 4.98173E-3 6.19066E-3 5.53911E-3 4.92609E-3 4.18083E-3 3.92277E-3 5.97082E-3 6.17237E-3 5.54436E-3 5.63964E-3 5.99357E-3
1.02935E-4 1.3622E-4 1.07507E-4 5.89059E-4 5.61733E-4 3.96568E-4 3.68977E-4 4.18724E-4 5.02189E-4 5.78459E-4 6.46575E-4 2.21757E-4 9.78141E-4 1.75406E-3 7.09591E-4 3.03126E-4 5.59456E-4 3.14202E-3 1.7196E-3 2.00216E-3 2.98489E-3 3.09032E-3 3.30962E-3 6.57582E-3 6.12246E-3 8.15239E-3 8.03615E-3 8.36718E-3 7.23054E-3 6.38021E-3 5.37968E-3 6.47675E-3 8.22162E-3 8.03884E-3 7.39313E-3 1.83083E-2 1.03027E-2 6.71508E-3 1.001E-2 8.10365E-3 6.07375E-3 5.29349E-3 6.17452E-3 6.06402E-3 5.41677E-3 4.67767E-3 4.14377E-3 4.35707E-3 4.29274E-3 3.48332E-3 4.72276E-3 4.9551E-3 3.93659E-3 3.82502E-3 4.06308E-3 4.14123E-3 4.71717E-3 5.49668E-3 5.42241E-3 5.70465E-3 6.14323E-3
1.05111E-4 1.26212E-4 1.93228E-4 5.82579E-5 6.85388E-4 4.10962E-4 3.95139E-4 3.39021E-4 3.97484E-4 4.84836E-4 6.09673E-4 5.65266E-4 5.68556E-4 1.17546E-3 2.21818E-3 4.79242E-4 2.10652E-4 1.20519E-3 1.43093E-3 9.51182E-4 3.85104E-3 1.65417E-3 1.90662E-3 5.27769E-3 4.85195E-3 5.77574E-3 6.75369E-3 5.93413E-3 7.05529E-3 7.60819E-3 6.80825E-3 6.27702E-3 6.87621E-3 6.42718E-3 1.61337E-2 1.11593E-2 9.28759E-3 7.85839E-3 6.27944E-3 8.93834E-3 9.07853E-3 5.89149E-3 6.7074E-3 6.63142E-3 5.85445E-3 5.34391E-3 4.4402E-3 4.45486E-3 4.5018E-3 3.82959E-3 3.62802E-3 4.33735E-3 5.8695E-3 4.80517E-3 5.43818E-3 4.63529E-3 4.00938E-3 4.45106E-3 5.3175E-3 5.38486E-3 5.78401E-3
-9999 7.90141E-6 1.39737E-4 1.64915E-5 1.53542E-4 5.07159E-4 2.78109E-4 3.10832E-4 3.91826E-4 4.02726E-4 -9999 4.96278E-4 3.39099E-4 6.12615E-4 1.73871E-3 1.53882E-3 5.87575E-4 3.82599E-4 3.2804E-4 6.93792E-4 1.03676E-3 3.28091E-3 2.69926E-3 1.68851E-3 2.8623E-3 3.33766E-3 3.51633E-3 5.03844E-3 5.59468E-3 4.88005E-3 4.97444E-3 5.34955E-3 6.86359E-3 6.37534E-3 8.78708E-3 1.27765E-2 9.80442E-3 9.18299E-3 8.36736E-3 6.65333E-3 1.02341E-2 6.84962E-3 6.65436E-3 7.0086E-3 6.82824E-3 5.3574E-3 4.82829E-3 4.59647E-3 4.48934E-3 4.50323E-3 3.79174E-3 4.22149E-3 6.51213E-3 7.21552E-3 7.09143E-3 5.96422E-3 5.26819E-3 4.02204E-3 4.39816E-3 4.60065E-3 5.66969E-3
-9999 1.42845E-5 1.01348E-5 3.06683E-4 6.06115E-5 7.21183E-4 2.13448E-4 2.52332E-4 -9999 -9999 -9999 -9999 7.52515E-4 1.43684E-3 1.73666E-3 2.17497E-3 1.45188E-3 5.25085E-4 2.6882E-4 1.70623E-3 6.79046E-4 1.76387E-3 4.64761E-3 3.91534E-3 3.24936E-3 4.98838E-3 3.81846E-3 6.73634E-3 6.82328E-2 6.7218E-2 6.77986E-3 5.87878E-3 5.69783E-3 7.65637E-3 8.7812E-3 8.92285E-3 1.30312E-2 1.00112E-2 8.39799E-3 7.31823E-3 8.77996E-3 1.28379E-2 7.00551E-3 7.05642E-3 6.97959E-3 5.01511E-3 5.79024E-3 5.11629E-3 4.51929E-3 4.69384E-3 4.22388E-3 4.05049E-3 4.69001E-3 6.61467E-3 7.09954E-3 7.53902E-3 7.96408E-3 6.44068E-3 5.04777E-3 4.72729E-3 5.5011E-3
-9999 -9999 3.00292E-6 8.20445E-6 4.10799E-6 1.13501E-4 1.24867E-4 1.13143E-4 -9999 -9999 -9999 -9999 8.73628E-5 6.47844E-4 2.27807E-3 2.25994E-3 1.5289E-3 1.2379E-3 9.54309E-4 9.87761E-4 1.7315E-3 1.07854E-3 2.27555E-3 2.73312E-3 4.34099E-3 6.21768E-3 5.38941E-3 4.6655E-3 5.3662E-2 8.0988E-2 5.64517E-2 5.41317E-3 4.54645E-3 5.8764E-3 7.6843E-3 7.17528E-3 7.43264E-3 1.17611E-2 9.5621E-3 7.68741E-3 9.02076E-3 1.07356E-2 9.98511E-3 6.96626E-3 6.24274E-3 5.23549E-3 6.97682E-3 5.73228E-3 4.93207E-3 4.80359E-3 4.22276E-3 3.88656E-3 4.42486E-3 5.65289E-3 5.67413E-3 6.76625E-3 7.75569E-3 7.42945E-3 5.54805E-3 5.29402E-3 5.42107E-3
-9999 -9999 -9999 8.79793E-6 1.12028E-5 1.68458E-5 2.39706E-4 4.01925E-5 1.20804E-4 -9999 -9999 -9999 5.33028E-5 3.29535E-5 2.2965E-3 1.87291E-3 1.06971E-3 1.15133E-3 1.41588E-3 1.62907E-3 1.80536E-3 1.28081E-3 2.62498E-3 3.04191E-3 2.55553E-3 2.52814E-3 6.50705E-3 3.62896E-3 5.46791E-2 9.58735E-2 5.09909E-3 4.00112E-2 3.52672E-2 5.42326E-3 6.0485E-3 7.02394E-3 8.61411E-3 7.75654E-3 9.71318E-3 8.80574E-3 8.28251E-3 1.00966E-2 1.32977E-2 7.86296E-3 5.7603E-3 5.60119E-3 7.28158E-3 5.50902E-3 4.45897E-3 6.9111E-3 5.58365E-3 4.60395E-3 3.95688E-3 3.95194E-3 5.40243E-3 6.33343E-3 7.18707E-3 7.90983E-3 5.85198E-3 5.46663E-3 5.63532E-3
-9999 -9999 -9999 6.8568E-6 -9999 5.50212E-6 4.32674E-5 3.52436E-5 6.07166E-5 -9999 -9999 -9999 -9999 1.07813E-5 2.29509E-4 1.40444E-3 9.24457E-4 9.69392E-4 1.15259E-3 1.3906E-3 1.65604E-3 1.71087E-3 1.00036E-3 3.82973E-3 5.49317E-3 4.66682E-3 4.38054E-3 6.40131E-2 6.13334E-2 8.36612E-2 7.10397E-2 4.65089E-3 7.13176E-3 7.39923E-3 5.77674E-3 6.93476E-3 6.46841E-3 7.26066E-3 1.20655E-2 9.62077E-3 8.59854E-3 1.33192E-2 1.36304E-2 8.0092E-3 6.11136E-3 6.06756E-3 6.33887E-3 6.26445E-3 5.20037E-3 6.02148E-3 5.90155E-3 4.98317E-3 4.62882E-3 4.8396E-3 4.60215E-3 6.20911E-3 6.6622E-3 8.01437E-3 7.02523E-3 5.66166E-3 5.98481E-3
-9999 -9999 -9999 3.51972E-5 -9999 -9999 4.02619E-5 6.42662E-5 4.28619E-5 1.04492E-4 -9999 -9999 2.13572E-4 6.82989E-6 4.88493E-4 1.44006E-3 6.97448E-4 8.40489E-4 8.97446E-4 1.17339E-3 1.39992E-3 1.66036E-3 7.36397E-4 1.80892E-3 3.2065E-3 5.88362E-3 4.59086E-3 3.27237E-3 9.98011E-2 9.51686E-2 1.01611E-1 4.20669E-3 3.65385E-3 3.65003E-3 4.57354E-3 5.53428E-3 7.04596E-3 1.30473E-2 1.14987E-2 1.03962E-2 9.46797E-3 1.24318E-2 1.38633E-2 1.213E-2 9.07439E-3 6.75199E-3 6.30667E-3 5.59294E-3 5.23294E-3 5.3698E-3 4.77174E-3 6.12403E-3 4.58839E-3 4.38533E-3 4.49673E-3 5.66827E-3 7.04465E-3 8.26038E-3 8.44545E-3 6.79917E-3 6.26287E-3
-9999 -9999 -9999 -9999 -9999 -9999 -9999 6.07899E-5 -9999 -9999 -9999 -9999 -9999 9.08005E-5 3.09123E-5 2.78046E-4 5.14935E-4 6.16472E-4 7.90069E-4 8.99227E-4 1.05871E-3 1.571E-3 1.09648E-3 2.08079E-4 1.26335E-3 5.91644E-3 5.79414E-3 6.73705E-2 8.55297E-2 1.00022E-1 1.17273E-1 8.64345E-2 5.16515E-2 7.14651E-2 5.08417E-3 5.85183E-3 6.69418E-3 7.84814E-3 1.3616E-2 1.0128E-2 8.42913E-3 8.37876E-3 1.15922E-2 1.44929E-2 1.53715E-2 1.13124E-2 7.26756E-3 6.4978E-3 6.12867E-3 8.38379E-3 6.23753E-3 8.73163E-3 7.53293E-3 4.97487E-3 4.42883E-3 6.07486E-3 7.33826E-3 8.40769E-3 8.64369E-3 7.5862E-3 7.6256E-3
-9999 -9999 -9999 -9999 -9999 -9999 -9999 5.70159E-5 5.57494E-5 -9999 -9999 -9999 2.92223E-5 4.28633E-5 4.06484E-4 3.19489E-4 4.48611E-4 4.95245E-4 5.95324E-4 7.44502E-4 8.67048E-4 8.85724E-4 1.32026E-3 1.96063E-4 3.31348E-4 4.70829E-3 5.6065E-3 7.49447E-2 1.14148E-1 8.15189E-2 5.03286E-2 5.25746E-2 4.44007E-2 7.19675E-2 4.1886E-3 5.54161E-3 4.8471E-3 6.28478E-3 1.71732E-2 1.06738E-2 1.04198E-2 8.89795E-3 9.06379E-3 1.21291E-2 1.25728E-2 1.55363E-2 8.46052E-3 5.41921E-3 4.62436E-3 7.80367E-3 7.19521E-3 6.98098E-3 7.87958E-3 5.69706E-3 4.19778E-3 6.31502E-3 7.24099E-3 7.16726E-3 6.55172E-3 5.73988E-3 7.07128E-3
-9999 -9999 -9999 -9999 -9999 -9999 -9999 -9999 -9999 -9999 -9999 -9999 -9999 2.53988E-5 2.67348E-5 6.79368E-5 2.82041E-4 5.7088E-4 4.59868E-4 6.76092E-4 5.79278E-4 7.16011E-4 1.09246E-3 6.42638E-4 8.56397E-5 1.18616E-3 4.02688E-3 1.00689E-1 9.23919E-2 1.13307E-1 5.57119E-3 5.80849E-2 7.70681E-2 4.21817E-2 3.80877E-3 5.83072E-3 5.97341E-3 5.7268E-3 7.61832E-3 1.21029E-2 1.17517E-2 8.91578E-3 8.89643E-3 9.77462E-3 1.21595E-2 1.36146E-2 1.36998E-2 7.29466E-3 4.63679E-3 5.74537E-3 6.41443E-3 4.06324E-3 5.15735E-3 5.62977E-3 5.27345E-3 5.31223E-3 6.34511E-3 5.65234E-3 6.48376E-3 6.8522E-3 5.70666E-3
-9999 -9999 -9999 -9999 -9999 -9999 -9999 -9999 -9999 -9999 -9999 -9999 -9999 -9999 1.35397E-4 1.2325E-4 5.23598E-5 1.75371E-4 3.32452E-4 5.1434E-4 5.92001E-4 7.07117E-4 7.57472E-4 1.15506E-3 2.34653E-4 1.73635E-4 1.10387E-3 9.8645E-2 1.67526E-3 5.32873E-3 3.73597E-3 1.08688E-1 2.13508E-3 4.36474E-3 3.93945E-3 5.74617E-3 5.15817E-3 5.31618E-3 7.54286E-3 1.38885E-2 1.21191E-2 9.33427E-3 9.49734E-3 1.12557E-2 1.30144E-2 1.18655E-2 1.34646E-2 1.20217E-2 5.1885E-3 4.20947E-3 4.54347E-3 4.38281E-3 6.17795E-3 7.20755E-3 5.46292E-3 4.86496E-3 7.49067E-3 7.0403E-3 7.38874E-3 8.08716E-3 7.92827E-3
-9999 -9999 -9999 -9999 -9999 -9999 -9999 -9999 -9999 -9999 -9999 -9999 -9999 -9999 -9999 -9999 -9999 1.05016E-4 2.19717E-4 3.99152E-4 4.93876E-4 5.49813E-4 5.31138E-4 4.90295E-4 8.11227E-4 7.90219E-4 1.48547E-3 1.16037E-3 5.45366E-4 1.65578E-3 9.62162E-2 7.92103E-2 7.36051E-2 9.57493E-2 8.4188E-2 4.97492E-3 4.50317E-2 4.71225E-3 5.93349E-3 1.90841E-2 1.58851E-2 1.51445E-2 8.82367E-3 1.31487E-2 1.19877E-2 1.01318E-2 1.11263E-2 1.49453E-2 8.03031E-3 5.2589E-3 6.02708E-3 6.50239E-3 5.98926E-3 9.35785E-3 4.49695E-3 4.74905E-3 6.20809E-3 6.41439E-3 6.37116E-3 7.67361E-3 9.05036E-3
-9999 -9999 -9999 -9999 -9999 -9999 -9999 -9999 -9999 -9999 -9999 -9999 -9999 -9999 4.30827E-5 5.90395E-5 -9999 1.25279E-4 1.14058E-4 2.75602E-4 4.86822E-4 5.3336E-4 5.44252E-4 4.77779E-4 3.0228E-4 1.12979E-3 3.51633E-4 4.34023E-4 3.2734E-4 8.66983E-4 7.28577E-4 8.9998E-2 1.07764E-1 6.73117E-2 7.56156E-2 3.65102E-3 3.04874E-2 5.58824E-2 5.01649E-3 2.12067E-2 1.13667E-2 1.59061E-2 8.24444E-3 1.18695E-2 1.46446E-2 9.90184E-3 7.88833E-3 1.32284E-2 1.2968E-2 7.41642E-3 8.21177E-3 9.44578E-3 6.54261E-3 6.33282E-3 3.98788E-3 4.65207E-3 6.76304E-3 7.18568E-3 8.50345E-3 8.28137E-3 8.40289E-3
-9999 -9999 -9999 -9999 -9999 -9999 -9999 -9999 -9999 -9999 -9999 -9999 -9999 -9999 2.49583E-2 4.04175E-5 -9999 1.1601E-4 1.48087E-4 8.09677E-5 4.33278E-4 4.12257E-4 5.00819E-4 6.58783E-4 3.24846E-4 8.80136E-4 1.50234E-3 1.00166E-3 5.61001E-4 9.39996E-4 1.1558E-1 9.52804E-2 1.2253E-1 1.17376E-1 1.14001E-1 3.98482E-3 7.29302E-2 4.76946E-2 6.13476E-2 4.1131E-2 2.11541E-2 1.56116E-2 9.45875E-3 1.11645E-2 1.82135E-2 1.73126E-2 7.29394E-3 9.49316E-3 1.19473E-2 8.60714E-3 9.46651E-3 6.0742E-3 9.21173E-3 1.05957E-2 5.13427E-3 5.41114E-3 8.07666E-3 8.81116E-3 8.40653E-3 7.3106E-3 7.77928E-3
-9999 -9999 -9999 -9999 -9999 -9999 -9999 -9999 -9999 -9999 -9999 -9999 -9999 -9999 2.5498E-2 2.26023E-2 5.26208E-5 4.99455E-5 1.04302E-4 1.11067E-4 2.11801E-4 3.70507E-4 5.1801E-4 6.01453E-4 7.18909E-4 1.15581E-3 1.48185E-3 6.82629E-4 1.7149E-1 1.59051E-1 1.62518E-1 6.55429E-2 8.19541E-2 9.09021E-2 9.58671E-2 7.49628E-2 6.66251E-2 5.65159E-2 2.26529E-2 1.91694E-2 2.1419E-2 2.05199E-2 1.03425E-2 1.13959E-2 1.63287E-2 1.91552E-2 8.877E-3 8.07389E-3 1.0522E-2 6.87745E-3 8.24038E-3 5.42522E-3 5.67442E-3 8.76204E-3 7.41897E-3 5.36837E-3 7.55946E-3 6.43245E-3 5.79425E-3 5.60325E-3 5.78112E-3
-9999 -9999 -9999 -9999 -9999 -9999 -9999 -9999 -9999 -9999 2.07525E-2 -9999 -9999 2.14669E-2 2.34943E-2 2.62456E-2 2.72958E-2 5.61667E-5 6.07265E-5 5.09513E-5 4.09332E-5 1.12095E-4 2.75636E-4 4.67087E-4 3.48629E-4 9.6831E-4 8.94954E-4 9.79015E-4 1.46371E-1 1.48101E-1 1.71776E-1 1.30989E-1 1.21344E-1 8.00639E-2 5.77221E-2 5.40002E-2 5.81835E-2 7.7899E-2 5.33068E-3 2.08227E-2 1.59071E-2 2.42805E-2 1.158E-2 1.27133E-2 1.43729E-2 1.8928E-2 1.34361E-2 6.68472E-3 1.0931E-2 6.89061E-3 6.43566E-3 6.65202E-3 4.57789E-3 5.30105E-3 8.32887E-3 4.71519E-3 6.47602E-3 6.15626E-3 6.78737E-3 7.01003E-3 5.72532E-3
-9999 -9999 -9999 -9999 -9999 -9999 -9999 -9999 -9999 2.00191E-2 -9999 -9999 -9999 -9999 1.86695E-2 2.65787E-2 2.55748E-2 2.59258E-2 2.71533E-2 8.60689E-5 8.21152E-5 4.00845E-5 2.01325E-4 5.8735E-4 2.14709E-4 1.8451E-4 5.80578E-4 7.44007E-4 1.45381E-1 1.32563E-1 1.53921E-1 1.5713E-1 9.31896E-2 1.07532E-1 9.53123E-2 4.47855E-2 7.50205E-2 6.60969E-2 3.12362E-3 2.46145E-2 1.48773E-2 1.31517E-2 1.40254E-2 1.20047E-2 1.22637E-2 2.07758E-2 1.6268E-2 8.51021E-3 8.62477E-3 1.13266E-2 8.01409E-3 7.3442E-3 5.97439E-3 4.65144E-3 4.79354E-3 4.97609E-3 5.5963E-3 5.77283E-3 6.06382E-3 8.23747E-3 9.23834E-3
-9999 -9999 -9999 -9999 -9999 -9999 -9999 -9999 -9999 -9999 -9999 -9999 -9999 -9999 1.24237E-2 1.77929E-2 2.22805E-2 2.06085E-2 2.22982E-2 2.25257E-2 7.01254E-5 7.69077E-5 1.24986E-4 6.13539E-4 2.98878E-4 2.98188E-4 4.59121E-4 5.9792E-4 1.54638E-1 1.35616E-1 1.17645E-1 1.77512E-1 1.36096E-1 1.06705E-1 8.78738E-2 6.07992E-2 3.22147E-2 4.72366E-2 6.85033E-2 4.94952E-3 2.12894E-2 1.07542E-2 1.15273E-2 9.83768E-3 8.59982E-3 1.32301E-2 1.91359E-2 1.16086E-2 6.42184E-3 6.41045E-3 6.30372E-3 8.66105E-3 9.19226E-3 6.27311E-3 5.0007E-3 4.43129E-3 7.03487E-3 8.56656E-3 8.14033E-3 8.93848E-3 8.05225E-3
-9999 -9999 -9999 -9999 -9999 -9999 -9999 -9999 -9999 -9999 -9999 -9999 -9999 -9999 8.7786E-3 1.05944E-2 1.87365E-2 2.45536E-2 2.32956E-2 2.31991E-2 2.23081E-2 1.64231E-2 1.56977E-2 2.14431E-2 2.68298E-2 2.8745E-2 3.17517E-4 4.49013E-4 5.57674E-4 1.95138E-1 1.27162E-1 1.47895E-1 1.47333E-1 7.41314E-4 1.07413E-1 1.33261E-1 8.26052E-2 4.77263E-2 3.77671E-2 7.1045E-2 2.94496E-2 1.4201E-2 1.07705E-2 1.24495E-2 1.06325E-2 8.93538E-3 1.22121E-2 1.97307E-2 1.18512E-2 8.53522E-3 7.14011E-3 7.36969E-3 9.47695E-3 6.80063E-3 5.21206E-3 4.21562E-3 5.90629E-3 6.29796E-3 7.54076E-3 8.06016E-3 6.68517E-3
-9999 -9999 -9999 -9999 -9999 -9999 -9999 -9999 -9999 -9999 -9999 -9999 -9999 -9999 -9999 1.22394E-2 8.92874E-3 2.06511E-2 2.35126E-2 2.03912E-2 2.88311E-2 2.67547E-2 2.74043E-2 2.79056E-2 2.72524E-2 2.81055E-2 3.00971E-2 3.70378E-4 4.93187E-4 1.70205E-1 1.7907E-1 1.50022E-1 1.61859E-1 1.75023E-1 1.05932E-1 9.52414E-2 1.12823E-1 7.88218E-2 7.09032E-2 3.82148E-2 6.1201E-2 2.47331E-2 1.55669E-2 1.09703E-2 1.03378E-2 1.03225E-2 1.05454E-2 8.27316E-3 1.3608E-2 7.87893E-3 9.48777E-3 6.54382E-3 1.01354E-2 7.20586E-3 6.57674E-3 5.08986E-3 7.16742E-3 6.79222E-3 5.2091E-3 4.98937E-3 4.47368E-3
-9999 -9999 -9999 -9999 -9999 -9999 -9999 -9999 -9999 -9999 -9999 -9999 -9999 -9999 -9999 -9999 8.71714E-3 1.36687E-2 2.01277E-2 1.46455E-2 2.37412E-2 3.37833E-2 3.11149E-2 2.8486E-2 2.93841E-2 2.85656E-2 2.80999E-2 2.77841E-2 4.08908E-4 1.57355E-1 1.58069E-1 1.58226E-1 1.77634E-1 1.63503E-1 1.06674E-1 4.76093E-2 7.0545E-2 1.10045E-1 1.00363E-1 2.64553E-2 1.88144E-2 1.94502E-2 1.35016E-2 1.42718E-2 9.49746E-3 8.46798E-3 7.78031E-3 9.49244E-3 6.74904E-3 6.92375E-3 8.33516E-3 7.47049E-3 8.90219E-3 1.00016E-2 5.01426E-3 4.83358E-3 5.41091E-3 4.96843E-3 6.18026E-3 7.06446E-3 5.98776E-3
-9999 -9999 -9999 -9999 -9999 -9999 -9999 -9999 -9999 -9999 -9999 -9999 -9999 -9999 -9999 -9999 1.00764E-2 1.00956E-2 1.42951E-2 1.49247E-2 1.20572E-2 1.86265E-2 2.27596E-2 2.54494E-2 3.02012E-2 2.62773E-2 2.57241E-2 2.77387E-2 2.70271E-2 1.53453E-1 1.51068E-1 1.78956E-1 1.49895E-1 1.07866E-1 9.98929E-2 1.26688E-1 7.32279E-2 7.80517E-2 5.41594E-2 5.17594E-2 3.92041E-2 1.84705E-2 1.67084E-2 1.35042E-2 9.54412E-3 8.74635E-3 9.98748E-3 1.27583E-2 9.83509E-3 5.92778E-3 5.08687E-3 7.08641E-3 6.82926E-3 8.54752E-3 5.24576E-3 5.17878E-3 8.06704E-3 6.81808E-3 5.0516E-3 7.40033E-3 9.16146E-3
