Artocarpus hirsutus SDM files/MIS19/results (with bias file)/Arthir_max.asc
ncols         625
nrows         721
xllcorner     69.99986311115
yllcorner     5.99986187915
cellsize      0.041666667
NODATA_value  -9999
[rows 0 to 26 of 721, columns 122 to 182 of 625]
8.78919E-4 8.92018E-4 8.12943E-4 6.8169E-4 9.26719E-4 1.00064E-3 1.00755E-3 9.1669E-4 8.30479E-4 7.86606E-4 6.88289E-4 6.00173E-4 6.64343E-4 6.62794E-4 6.36808E-4 4.62864E-4 4.4318E-4 4.44347E-4 5.12194E-4 3.93822E-4 3.72863E-4 4.4791E-4 4.21164E-4 4.53176E-4 3.53314E-4 2.31168E-4 1.07935E-4 1.79265E-4 1.27254E-4 1.39978E-4 8.9399E-5 5.30486E-5 6.66778E-5 1.25671E-4 8.88581E-5 1.46436E-4 6.5277E-5 4.768E-5 3.96279E-5 1.04397E-4 1.13519E-4 1.18495E-4 9.2207E-5 3.70702E-5 5.69036E-5 1.17914E-4 5.02662E-5 2.8032E-5 3.09427E-5 4.14971E-5 3.182E-5 3.41547E-5 3.43408E-5 3.12054E-5 3.54267E-5 3.84744E-5 4.54171E-5 5.24139E-5 3.8991E-5 4.05322E-5 3.50289E-5
6.96853E-4 8.38245E-4 9.30172E-4 7.50951E-4 5.24843E-4 6.77238E-4 7.48634E-4 1.00747E-3 6.31086E-4 5.29739E-4 7.6401E-4 7.17286E-4 5.91865E-4 7.26985E-4 5.77607E-4 5.04906E-4 6.11741E-4 5.75453E-4 4.48387E-4 5.75635E-4 3.82589E-4 2.42272E-4 3.20822E-4 3.07379E-4 4.01586E-4 2.16774E-4 1.85471E-4 2.21043E-4 3.14955E-4 3.26099E-4 7.85189E-5 1.62257E-4 1.1183E-4 9.03996E-5 1.32736E-4 6.3592E-5 1.08227E-4 6.48209E-5 4.00085E-5 7.68855E-5 1.85493E-4 1.02332E-4 3.18404E-5 3.51382E-5 3.39522E-5 4.65575E-5 4.13134E-5 2.80237E-5 3.69832E-5 3.4902E-5 3.23321E-5 3.31328E-5 3.41299E-5 3.28071E-5 3.34224E-5 3.35538E-5 3.22655E-5 3.45943E-5 3.76011E-5 3.64819E-5 4.70258E-5
4.60306E-4 5.19672E-4 8.34232E-4 1.16518E-3 1.12081E-3 6.49147E-4 1.14507E-3 7.8065E-4 4.10845E-4 5.7467E-4 8.08626E-4 9.25574E-4 5.18496E-4 5.94994E-4 9.52109E-4 8.55133E-4 7.11667E-4 4.33121E-4 3.23532E-4 2.74367E-4 5.666E-4 5.49205E-4 1.668E-4 3.4024E-4 3.67115E-4 3.5807E-4 3.29645E-4 3.74175E-4 3.85867E-4 1.61436E-4 1.40028E-4 2.44513E-4 1.35971E-4 1.16576E-4 1.51569E-4 1.23504E-4 1.05585E-4 1.50486E-4 7.73096E-5 4.19951E-5 1.72631E-4 6.29737E-5 4.80254E-5 5.31249E-5 6.10688E-5 8.91158E-5 4.67332E-5 4.24685E-5 8.85499E-5 4.57805E-5 3.74448E-5 3.44514E-5 3.97327E-5 4.15934E-5 3.67851E-5 3.32915E-5 4.09116E-5 4.1422E-5 3.35174E-5 3.51655E-5 4.87961E-5
7.83101E-4 9.69474E-4 5.16945E-4 1.09996E-3 1.25791E-3 8.58501E-4 1.1318E-3 6.80951E-4 9.13803E-4 7.68482E-4 1.05615E-3 8.51044E-4 8.41838E-4 5.39823E-4 4.71089E-4 8.06575E-4 8.61818E-4 6.6518E-4 6.53113E-4 4.75729E-4 3.45408E-4 3.05482E-4 2.3521E-4 2.76807E-4 3.36009E-4 3.94429E-4 4.56212E-4 3.16403E-4 1.71397E-4 1.41759E-4 2.30947E-4 3.52533E-4 2.1365E-4 2.17831E-4 1.63391E-4 2.00764E-4 1.58534E-4 1.15762E-4 1.18102E-4 4.31762E-5 9.36506E-5 1.09266E-4 3.36188E-5 7.92167E-5 8.46101E-5 1.3989E-4 1.02933E-4 4.232E-5 9.19368E-5 9.57437E-5 6.08267E-5 3.45902E-5 3.42171E-5 3.55865E-5 3.90928E-5 3.83368E-5 3.36127E-5 3.49999E-5 3.54681E-5 3.91592E-5 4.72773E-5
1.23056E-3 1.38562E-3 7.28033E-4 4.95709E-4 4.63858E-4 5.48694E-4 6.5905E-4 7.58275E-4 5.37102E-4 8.76496E-4 1.41416E-3 9.21008E-4 1.03715E-3 1.10689E-3 4.73583E-4 2.75399E-4 5.93151E-4 9.42782E-4 8.13442E-4 6.11534E-4 4.48013E-4 3.75797E-4 4.9573E-4 4.02652E-4 5.46449E-4 5.0507E-4 3.68846E-4 2.8127E-4 4.28732E-4 3.58962E-4 3.47851E-4 3.50227E-4 2.76907E-4 3.41597E-4 3.01387E-4 1.5105E-4 1.07603E-4 1.08745E-4 7.50089E-5 4.28573E-5 4.0284E-5 2.14174E-4 1.24465E-4 6.96747E-5 3.51139E-5 4.56014E-5 8.50057E-5 6.24308E-5 3.55396E-5 4.12383E-5 7.46169E-5 4.46922E-5 3.08812E-5 3.90053E-5 3.68851E-5 3.23851E-5 4.30225E-5 3.43766E-5 3.6264E-5 3.51685E-5 4.10629E-5
1.08103E-3 1.24848E-3 1.60237E-3 9.94106E-4 1.09673E-3 1.60208E-3 1.5981E-3 9.37231E-4 5.81334E-4 1.2875E-3 1.12751E-3 9.81182E-4 7.71099E-4 1.02563E-3 8.90113E-4 5.86402E-4 3.82335E-4 3.73609E-4 1.00371E-3 7.77968E-4 6.19044E-4 3.31349E-4 5.65423E-4 5.39072E-4 4.79936E-4 6.45683E-4 5.59592E-4 5.24829E-4 4.89909E-4 5.59578E-4 4.63579E-4 4.12408E-4 4.00356E-4 3.24874E-4 2.81702E-4 2.60348E-4 1.48971E-4 9.81631E-5 4.73652E-5 4.85948E-5 5.04298E-5 6.80979E-5 2.14155E-4 1.92113E-4 1.16303E-4 8.96617E-5 3.98866E-5 8.72507E-5 1.24417E-4 5.02227E-5 3.3837E-5 5.11685E-5 6.59468E-5 7.5726E-5 4.07984E-5 3.93975E-5 3.77781E-5 3.32051E-5 3.3573E-5 3.70384E-5 3.46972E-5
1.04208E-3 2.06889E-3 2.18421E-3 1.65284E-3 1.42171E-3 2.17839E-3 1.49365E-3 6.30724E-4 1.16407E-3 1.89234E-3 1.7948E-3 1.68527E-3 8.14331E-4 1.29754E-3 1.45438E-3 1.10466E-3 9.51027E-4 5.13417E-4 5.19812E-4 1.08487E-3 7.37339E-4 2.77216E-4 6.44763E-4 5.63828E-4 4.55337E-4 4.44223E-4 5.23112E-4 4.92593E-4 4.51281E-4 3.97265E-4 5.06841E-4 2.98957E-4 3.68348E-4 3.74008E-4 1.8618E-4 3.84203E-4 2.59199E-4 1.6456E-4 9.79025E-5 5.73703E-5 1.17883E-4 4.00646E-5 3.83822E-5 1.41447E-4 1.40672E-4 1.24157E-4 1.40578E-4 6.08178E-5 9.99546E-5 1.39422E-4 7.08254E-5 3.53809E-5 3.98912E-5 3.54047E-5 3.66798E-5 4.8174E-5 5.46651E-5 3.30013E-5 3.36516E-5 3.24349E-5 4.02927E-5
2.01467E-3 2.27991E-3 1.59158E-3 1.90733E-3 2.29556E-3 2.42739E-3 1.80937E-3 9.22825E-4 1.85804E-3 1.71305E-3 1.16206E-3 1.65168E-3 7.39674E-4 4.44101E-4 6.10607E-4 1.37337E-3 1.59239E-3 1.2852E-3 8.59154E-4 6.19462E-4 1.13311E-3 4.2475E-4 7.96042E-4 7.91936E-4 7.50667E-4 6.08484E-4 2.6478E-4 1.58454E-4 1.30903E-4 8.31225E-5 7.13453E-5 8.03529E-5 9.42001E-5 8.78687E-5 8.94489E-5 1.90811E-4 3.27358E-4 2.94519E-4 2.07435E-4 9.79025E-5 4.80896E-5 8.19367E-5 6.22499E-5 4.51185E-5 4.06804E-5 4.03663E-5 9.98901E-5 1.29549E-4 1.416E-4 1.54841E-4 1.38531E-4 9.25263E-5 7.54133E-5 6.03107E-5 9.36187E-5 6.866E-5 7.28402E-5 5.72082E-5 3.56607E-5 3.48712E-5 3.60449E-5
1.74242E-3 2.63704E-3 2.55558E-3 1.58653E-3 1.66817E-3 2.14276E-3 1.93538E-3 1.49695E-3 1.1735E-3 1.14923E-3 1.39902E-3 8.70708E-4 5.35273E-4 8.04975E-4 8.05224E-4 3.95456E-4 4.69767E-4 5.5283E-4 8.24362E-4 2.98047E-4 3.28596E-4 3.39315E-4 9.42714E-4 8.97055E-4 6.22962E-4 2.2572E-4 1.76725E-4 2.82161E-4 4.88097E-4 2.04176E-4 2.31014E-4 4.38159E-4 3.64783E-4 3.12294E-4 1.85401E-4 7.88682E-5 1.59606E-4 1.83818E-4 1.92364E-4 2.37319E-4 8.48501E-5 8.29488E-5 7.77933E-5 1.87023E-4 8.7656E-5 3.73187E-5 3.68571E-5 3.85535E-5 3.7862E-5 3.55082E-5 6.82582E-5 6.77812E-5 5.5233E-5 6.26463E-5 7.6185E-5 1.11186E-4 8.03401E-5 5.51164E-5 5.62783E-5 5.84331E-5 5.33489E-5
2.39373E-3 3.49652E-3 2.94267E-3 3.21885E-3 2.60493E-3 1.58588E-3 2.80867E-3 2.11268E-3 1.52412E-3 8.93455E-4 1.22221E-3 1.77343E-3 1.69812E-3 1.57936E-3 1.41755E-3 1.0898E-3 6.4939E-4 6.50266E-4 4.70957E-4 4.874E-4 6.40986E-4 3.44982E-4 2.76461E-4 3.78565E-4 2.57195E-4 3.06246E-4 5.61456E-4 5.01305E-4 5.93517E-4 3.97335E-4 5.12189E-4 6.21328E-4 4.04068E-4 3.69745E-4 2.33682E-4 2.38438E-4 1.59828E-4 2.49784E-4 2.46855E-4 3.45295E-4 2.62838E-4 1.639E-4 2.1153E-4 1.5508E-4 2.29929E-4 7.20226E-5 4.09418E-5 4.45895E-5 9.26082E-5 4.57083E-5 3.99381E-5 7.11843E-5 4.0666E-5 4.20079E-5 6.58415E-5 6.8258E-5 6.17989E-5 5.04661E-5 4.50046E-5 3.77261E-5 4.15699E-5
1.97309E-3 1.7783E-3 1.68971E-3 1.79003E-3 2.81837E-3 1.64504E-3 1.40157E-3 1.88125E-3 2.7583E-3 2.15379E-3 1.15578E-3 1.20979E-3 1.63872E-3 2.32274E-3 2.38322E-3 2.23698E-3 1.44254E-3 1.55477E-3 1.01793E-3 7.24851E-4 8.43672E-4 1.05138E-3 5.56203E-4 4.3666E-4 8.91637E-4 7.24262E-4 9.4729E-4 7.28227E-4 6.78236E-4 7.8728E-4 5.60229E-4 4.73636E-4 5.06746E-4 5.72283E-4 4.09693E-4 3.74629E-4 3.39327E-4 4.05821E-4 4.09594E-4 2.08227E-4 2.22482E-4 1.83065E-4 1.02087E-4 1.38541E-4 2.64712E-4 2.39707E-4 2.07483E-4 1.26086E-4 6.91975E-5 7.1048E-5 3.60959E-5 6.78991E-5 5.2134E-5 4.32858E-5 4.00271E-5 4.04794E-5 6.839E-5 7.28311E-5 6.396E-5 5.35072E-5 4.84644E-5
1.6588E-3 2.49402E-3 1.66392E-3 1.63028E-3 2.09388E-3 2.35288E-3 1.39122E-3 1.89982E-3 3.29832E-3 3.35796E-3 2.0102E-3 1.12099E-3 1.43591E-3 2.68449E-3 2.03602E-3 2.21028E-3 2.27534E-3 1.65801E-3 1.7595E-3 1.40899E-3 1.46084E-3 1.30761E-3 5.04885E-4 7.02341E-4 4.2894E-4 7.40537E-4 9.38486E-4 7.38277E-4 6.84864E-4 5.2041E-4 7.23506E-4 4.14778E-4 6.69359E-4 4.535E-4 5.19552E-4 3.52704E-4 2.4076E-4 4.63754E-4 1.72933E-4 2.83461E-4 1.90703E-4 1.04079E-4 1.19189E-4 1.04026E-4 8.32543E-5 2.41694E-4 2.33841E-4 2.30783E-4 1.7805E-4 1.15725E-4 5.46477E-5 4.9599E-5 5.66439E-5 3.84128E-5 5.01353E-5 4.65206E-5 3.42004E-5 4.04902E-5 4.68296E-5 4.14007E-5 3.75658E-5
2.19118E-3 4.51337E-3 3.26296E-3 2.95364E-3 5.21224E-3 3.98006E-3 1.46519E-3 3.22604E-3 3.70123E-3 4.1675E-3 2.62389E-3 1.48363E-3 9.78093E-4 1.2619E-3 1.66325E-3 1.94016E-3 1.30052E-3 1.27025E-3 2.17174E-3 1.5817E-3 1.60371E-3 1.27987E-3 1.0371E-3 1.28664E-3 5.42987E-4 1.1674E-3 5.43181E-4 5.90762E-4 8.57605E-4 5.58597E-4 4.53266E-4 1.64518E-4 3.81097E-4 2.76626E-4 5.04478E-4 4.07802E-4 3.36926E-4 3.7027E-4 2.02057E-4 3.87642E-4 3.84972E-4 2.94061E-4 2.33938E-4 1.39619E-4 4.1281E-5 5.62128E-5 1.41235E-4 2.0763E-4 2.14878E-4 2.00398E-4 1.63455E-4 1.42144E-4 9.76177E-5 9.95652E-5 5.53502E-5 6.60349E-5 6.70328E-5 5.63855E-5 3.82773E-5 4.66054E-5 3.9251E-5
3.17777E-3 4.77216E-3 5.84919E-3 4.55696E-3 6.7769E-3 3.81263E-3 1.79815E-3 2.31939E-3 2.59434E-3 3.59736E-3 3.86009E-3 3.01458E-3 2.19411E-3 1.25867E-3 1.01963E-3 1.11439E-3 1.60838E-3 2.24587E-3 1.04948E-3 1.133E-3 1.42168E-3 1.81912E-3 1.61655E-3 1.40222E-3 1.3617E-3 1.20817E-3 1.1043E-3 5.30053E-4 4.85311E-4 4.90781E-4 2.42595E-4 5.45722E-4 2.52603E-4 2.13284E-4 2.45428E-4 4.144E-4 1.8614E-4 3.52907E-4 2.40136E-4 1.83815E-4 3.09051E-4 2.94902E-4 1.8583E-4 1.90829E-4 6.72817E-5 6.70458E-5 3.76989E-5 5.22908E-5 1.58144E-4 9.2049E-5 6.30429E-5 8.50969E-5 1.52874E-4 7.19842E-5 6.46047E-5 7.41455E-5 5.55652E-5 4.68384E-5 6.83479E-5 8.66988E-5 6.2731E-5
4.41433E-3 4.85597E-3 7.06135E-3 6.87294E-3 4.44897E-3 3.1422E-3 4.21221E-3 5.07176E-3 2.63103E-3 2.2215E-3 3.60101E-3 4.19061E-3 4.01733E-3 3.55367E-3 2.1352E-3 1.01492E-3 1.31304E-3 8.65175E-4 1.13742E-3 1.11592E-3 1.60093E-3 1.46495E-3 8.51822E-4 7.81299E-4 1.2824E-3 1.07482E-3 8.67993E-4 1.2636E-3 8.21343E-4 6.80939E-4 2.336E-4 5.94341E-4 7.19031E-4 6.55606E-4 4.16878E-4 4.23971E-4 5.03388E-4 1.23203E-4 9.39442E-5 2.771E-4 4.95123E-4 4.09668E-4 1.93837E-4 1.20579E-4 2.44366E-4 7.1165E-5 5.08262E-5 3.79794E-5 6.03005E-5 2.24056E-4 1.86438E-4 9.59703E-5 8.58323E-5 5.42474E-5 4.2863E-5 4.18451E-5 4.34252E-5 3.81535E-5 3.88752E-5 5.34302E-5 6.20618E-5
7.39355E-3 5.52004E-3 9.21976E-3 6.51811E-3 5.91145E-3 7.33683E-3 3.10944E-3 3.21023E-3 3.37452E-3 2.77369E-3 2.06009E-3 3.80417E-3 4.17942E-3 4.59092E-3 2.83293E-3 1.05749E-3 1.95231E-3 3.04811E-3 2.80548E-3 2.30332E-3 2.10438E-3 1.94751E-3 1.35645E-3 7.6542E-4 5.48425E-4 1.14249E-3 1.42305E-3 9.5679E-4 5.36973E-4 6.24457E-4 3.83235E-4 5.28622E-4 7.08459E-4 6.93886E-4 7.52851E-4 7.09127E-4 3.30045E-4 8.63254E-5 4.79284E-4 4.70086E-4 3.91082E-4 4.88169E-4 3.2453E-4 3.24886E-4 3.40848E-4 1.11808E-4 1.04846E-4 4.76298E-5 3.37949E-5 3.58598E-5 1.95737E-4 2.19726E-4 2.03772E-4 1.71816E-4 1.16011E-4 6.56143E-5 5.07388E-5 5.32063E-5 6.67499E-5 3.93018E-5 4.03265E-5
7.63074E-3 8.19204E-3 1.09395E-2 9.12712E-3 1.04096E-2 6.67458E-3 4.17823E-3 7.46858E-3 7.40887E-3 4.76694E-3 2.61915E-3 2.54593E-3 2.51717E-3 1.88057E-3 1.41423E-3 1.99014E-3 2.00206E-3 1.41862E-3 1.68838E-3 2.13036E-3 2.28955E-3 2.03004E-3 2.13043E-3 1.7292E-3 1.06921E-3 7.69706E-4 1.3133E-3 1.53916E-3 1.17012E-3 6.6713E-4 4.3977E-4 4.91926E-4 6.08177E-4 5.42013E-4 6.51589E-4 7.89287E-4 6.45277E-4 7.60318E-5 4.89187E-4 4.25756E-4 8.21959E-5 2.71733E-4 4.42012E-4 3.24654E-4 2.28943E-4 2.9738E-4 1.72089E-4 1.29854E-4 7.90402E-5 3.96967E-5 4.93238E-5 2.47471E-4 1.60716E-4 1.56912E-4 1.86128E-4 7.50899E-5 5.74626E-5 5.47006E-5 3.98568E-5 4.64213E-5 3.1364E-5
7.82878E-3 8.3608E-3 1.25435E-2 8.97026E-3 5.11266E-3 5.6046E-3 3.62249E-3 4.37279E-3 8.41449E-3 4.75594E-3 3.34182E-3 1.78591E-3 1.61856E-3 1.69769E-3 1.55436E-3 1.13081E-3 8.75096E-4 1.60571E-3 1.11279E-3 1.31186E-3 2.33673E-3 2.12379E-3 1.78255E-3 2.32485E-3 1.29627E-3 6.29047E-4 9.7646E-4 1.74372E-3 1.3905E-3 1.39967E-3 6.99968E-4 4.71709E-4 8.99835E-4 9.9183E-4 7.24832E-4 2.60369E-4 8.04927E-4 4.14471E-4 1.10659E-4 2.06758E-4 1.32833E-4 2.55028E-4 4.21657E-4 1.61128E-4 3.73956E-4 3.89607E-4 2.07295E-4 2.29548E-4 2.51762E-4 1.15968E-4 3.40322E-5 2.28675E-4 1.46942E-4 9.79169E-5 2.28311E-4 1.33464E-4 5.36757E-5 4.14916E-5 3.65276E-5 3.40745E-5 3.28833E-5
1.35138E-2 1.05838E-2 1.45557E-2 7.73649E-3 1.00022E-2 8.46624E-3 7.12638E-3 6.56666E-3 6.49937E-3 7.70204E-3 3.99712E-3 2.44195E-3 2.12077E-3 1.68411E-3 2.25091E-3 2.13683E-3 3.23421E-3 3.56241E-3 1.34389E-3 2.56751E-3 2.72301E-3 1.7172E-3 2.67979E-3 2.59495E-3 2.22026E-3 1.204E-3 6.42027E-4 1.15206E-3 8.89788E-4 1.37481E-3 6.9356E-4 3.64998E-4 6.28798E-4 1.0025E-3 9.60601E-4 3.46581E-4 2.00136E-4 1.37712E-4 5.69302E-5 1.39922E-4 2.40993E-4 5.52391E-4 3.89844E-4 8.97205E-5 2.10065E-4 2.68633E-4 3.62176E-4 2.56718E-4 1.91081E-4 1.43801E-4 4.32993E-5 7.76456E-5 7.20979E-5 5.11232E-5 1.21583E-4 1.8232E-4 1.25811E-4 9.02761E-5 5.74445E-5 5.03301E-5 5.02766E-5
1.05579E-2 1.22855E-2 1.38622E-2 1.16516E-2 1.22304E-2 7.59523E-3 1.07228E-2 9.48902E-3 6.07151E-3 9.84817E-3 7.67322E-3 5.00578E-3 4.7746E-3 2.18451E-3 5.03441E-3 4.69492E-3 5.17113E-3 2.90244E-3 2.17754E-3 1.19101E-3 8.41371E-4 1.7924E-3 2.41182E-3 2.34821E-3 1.77184E-3 1.51243E-3 3.43759E-4 2.69701E-4 5.32248E-4 1.44339E-3 1.11065E-3 3.70145E-4 2.01029E-4 5.53095E-4 8.80845E-4 8.06046E-4 2.57898E-4 4.04935E-4 2.89311E-4 2.33848E-4 2.74925E-4 4.72556E-4 1.18794E-4 2.04135E-4 3.65903E-4 3.37901E-4 1.33922E-4 8.14537E-5 4.03969E-5 3.47845E-5 3.74562E-5 1.60199E-4 1.46394E-4 5.13862E-5 3.88901E-5 8.07032E-5 1.12774E-4 8.23669E-5 7.17344E-5 3.47515E-5 4.15095E-5
1.74957E-2 9.47652E-3 1.22302E-2 1.38476E-2 1.12666E-2 1.18619E-2 1.10484E-2 1.05394E-2 8.03438E-3 8.1156E-3 1.01149E-2 7.4894E-3 2.75736E-3 2.42332E-3 5.59528E-3 6.66171E-3 4.56955E-3 3.26037E-3 3.0502E-3 1.6128E-3 1.66348E-3 1.17656E-3 6.8563E-4 7.24503E-4 4.66538E-4 3.33472E-4 2.7966E-4 6.94748E-4 3.14887E-4 2.43259E-4 3.76907E-4 1.13427E-4 2.07796E-4 2.43944E-4 1.0211E-4 1.16322E-4 9.00201E-5 1.76176E-4 7.17418E-4 8.39575E-4 7.46677E-4 1.71823E-4 2.63323E-4 2.38491E-4 3.18214E-4 4.26518E-4 3.47139E-4 2.2923E-4 1.21029E-4 4.66993E-5 3.52994E-5 4.1725E-5 1.11402E-4 1.9012E-4 8.94653E-5 4.33196E-5 6.69239E-5 1.19067E-4 1.10538E-4 6.80526E-5 5.05035E-5
1.7724E-2 1.67393E-2 1.10791E-2 1.38037E-2 1.2491E-2 1.21128E-2 1.03901E-2 9.87395E-3 9.89226E-3 9.8818E-3 9.1839E-3 8.86658E-3 3.14983E-3 5.78512E-3 6.42372E-3 5.84467E-3 3.93798E-3 4.24841E-3 2.97123E-3 1.78027E-3 1.12265E-3 1.57696E-3 2.28983E-3 1.23391E-3 1.08878E-3 6.38715E-4 6.85456E-4 8.55808E-4 9.52219E-4 3.20299E-4 1.09967E-4 1.02551E-4 8.55E-5 2.03706E-4 4.75298E-4 1.64985E-4 2.30528E-4 1.39557E-4 6.89683E-5 1.02605E-4 6.07812E-5 5.42593E-5 4.71871E-5 2.40072E-4 7.79054E-5 6.89833E-5 2.56842E-4 3.12289E-4 2.94921E-4 1.74892E-4 4.7201E-5 3.59914E-5 1.25838E-4 2.14083E-4 1.76823E-4 1.55539E-4 4.87657E-5 8.954E-5 1.14845E-4 9.78421E-5 6.79043E-5
1.53237E-2 1.49334E-2 1.45934E-2 1.17446E-2 1.15273E-2 1.19542E-2 1.10484E-2 1.04165E-2 1.04788E-2 9.98046E-3 8.56628E-3 6.07035E-3 4.85425E-3 8.47168E-3 6.97597E-3 4.60722E-3 2.23427E-3 2.72384E-3 1.66348E-3 2.64224E-3 2.05565E-3 9.28098E-4 1.69406E-3 2.5374E-3 2.595E-3 1.8839E-3 1.53884E-3 1.2004E-3 1.4137E-3 5.46302E-4 5.71837E-4 3.6829E-4 4.24462E-4 1.27975E-4 8.23415E-4 8.7259E-4 5.50234E-4 3.36359E-4 2.37891E-4 8.10388E-5 1.37785E-4 4.10946E-4 2.04071E-4 8.28632E-5 4.41701E-4 1.26237E-4 5.6988E-5 3.48267E-4 1.80931E-4 6.64476E-5 8.59308E-5 3.39643E-5 3.8526E-5 6.34283E-5 1.69975E-4 1.30541E-4 1.16736E-4 1.19067E-4 5.81414E-5 8.50209E-5 7.69679E-5
1.49252E-2 1.70742E-2 1.52248E-2 1.00956E-2 1.23549E-2 1.13052E-2 1.18213E-2 9.44833E-3 8.0422E-3 6.61665E-3 6.64861E-3 6.91548E-3 7.17565E-3 7.36617E-3 5.75977E-3 5.03816E-3 4.26632E-3 4.20441E-3 3.36841E-3 4.507E-3 2.74062E-3 9.26074E-4 1.05733E-3 7.25668E-4 1.89921E-3 2.12496E-3 2.3518E-3 2.12816E-3 1.83112E-3 1.02082E-3 1.37272E-3 9.00155E-4 4.81248E-4 2.51194E-4 5.09617E-4 1.10669E-3 1.11582E-3 9.26321E-4 7.84792E-4 5.37698E-4 6.42917E-4 7.00315E-4 5.87884E-4 1.9491E-4 2.68984E-4 4.6199E-4 1.03664E-4 1.57568E-4 2.62543E-4 1.59789E-4 6.77053E-5 6.08159E-5 3.73628E-5 2.99593E-5 5.25474E-5 1.25138E-4 1.66922E-4 1.75583E-4 5.90813E-5 3.11452E-5 1.07807E-4
1.42557E-2 1.53561E-2 1.55836E-2 1.01541E-2 1.08576E-2 1.15404E-2 1.19193E-2 8.19329E-3 1.04771E-2 1.21055E-2 7.92581E-3 6.00178E-3 7.21323E-3 6.1214E-3 6.76624E-3 7.02817E-3 6.21131E-3 6.29219E-3 6.35088E-3 4.19784E-3 1.48096E-3 1.79345E-3 1.95677E-3 1.10686E-3 5.2163E-4 6.30126E-4 2.13716E-3 1.09504E-3 1.21284E-3 1.46667E-3 1.34723E-3 9.79725E-4 1.29589E-3 5.91263E-4 1.38523E-4 6.45536E-4 1.06529E-3 1.02809E-3 1.09447E-3 1.02948E-3 5.87414E-4 2.17399E-4 5.88549E-4 5.8132E-4 3.07209E-4 4.52492E-4 3.80479E-4 3.44086E-4 4.62573E-4 3.37355E-4 1.77492E-4 1.88095E-4 3.92574E-5 3.23269E-5 2.83201E-5 6.73164E-5 1.63392E-4 1.54963E-4 1.33212E-4 3.92219E-5 2.89853E-5
1.91264E-2 1.55214E-2 1.5339E-2 9.6613E-3 1.26023E-2 1.2415E-2 1.23242E-2 9.48869E-3 1.00296E-2 1.09929E-2 9.9902E-3 1.05889E-2 1.01454E-2 8.54598E-3 5.74028E-3 7.60461E-3 7.77281E-3 5.05878E-3 4.05466E-3 2.87769E-3 1.84458E-3 2.44179E-3 2.75227E-3 2.23794E-3 1.19606E-3 6.18958E-4 7.70151E-4 8.11904E-4 1.45263E-3 1.65541E-3 1.40854E-3 1.23957E-3 6.20174E-4 5.615E-4 8.10401E-5 3.73302E-4 6.48052E-4 9E-4 8.97592E-4 7.52523E-4 5.34391E-4 1.12131E-4 1.39166E-4 2.22817E-4 5.7494E-4 3.77995E-4 4.86505E-4 2.97125E-4 2.00208E-4 3.78309E-4 2.96097E-4 3.10243E-4 1.56194E-4 6.47058E-5 2.18844E-5 2.72497E-5 4.00238E-5 1.19733E-4 7.52802E-5 3.09709E-5 6.76558E-5
1.61919E-2 7.40766E-3 6.59034E-3 1.12803E-2 8.58663E-3 9.59892E-3 1.28248E-2 1.2239E-2 8.49465E-3 1.16829E-2 1.12345E-2 1.13124E-2 1.1178E-2 9.8779E-3 9.49504E-3 6.87276E-3 7.28985E-3 5.68169E-3 6.68578E-3 5.16859E-3 1.93257E-3 3.36208E-3 3.37675E-3 1.94959E-3 2.6605E-3 1.40276E-3 1.27435E-3 2.29654E-4 3.67633E-4 3.09867E-4 8.76599E-4 1.39309E-3 1.15185E-3 2.80694E-4 2.63019E-4 1.22992E-4 7.03069E-5 1.31365E-4 1.48335E-4 7.34285E-5 5.78988E-5 3.6876E-4 6.79659E-4 6.41014E-4 2.72303E-4 4.41557E-4 4.0859E-4 1.8315E-4 1.97925E-4 1.17326E-4 7.05616E-5 3.83148E-4 1.13596E-4 5.52242E-5 3.91324E-5 2.27906E-5 2.58179E-5 3.20445E-5 3.25236E-5 5.51976E-5 4.68908E-5
