Artocarpus hirsutus SDM files/MIS19/results (with bias file)/Arthir_5.asc
ncols         625
nrows         721
xllcorner     69.99986311115
yllcorner     5.99986187915
cellsize      0.041666667
NODATA_value  -9999
[rows 0 to 26 of 721, columns 305 to 365 of 625]
1.95294E-5 1.77365E-5 1.67137E-5 1.9421E-5 2.16028E-5 1.79406E-5 1.95339E-5 1.98028E-5 1.62037E-5 1.71862E-5 1.69153E-5 2.05587E-5 2.03443E-5 2.1046E-5 2.54766E-5 2.23459E-5 1.99487E-5 1.29609E-5 1.24354E-5 1.21724E-5 1.21607E-5 1.14857E-5 1.27494E-5 1.6156E-5 1.77795E-5 1.67049E-5 1.78581E-5 1.42527E-5 1.54837E-5 1.20063E-5 1.09302E-5 1.21301E-5 1.50742E-5 1.47248E-5 1.2061E-5 1.18588E-5 1.4615E-5 2.11281E-5 2.13897E-5 1.56021E-5 1.62375E-5 1.55349E-5 1.56295E-5 1.42655E-5 1.46721E-5 1.67732E-5 1.31337E-5 1.05726E-5 1.46043E-5 1.54994E-5 1.89971E-5 1.86614E-5 1.72937E-5 1.33248E-5 1.20631E-5 1.46316E-5 1.42273E-5 1.65894E-5 1.12926E-5 8.84661E-6 7.03354E-6
1.93091E-5 1.451E-5 1.45332E-5 1.64968E-5 1.79102E-5 2.01996E-5 2.06776E-5 1.96363E-5 1.89169E-5 1.69406E-5 1.71603E-5 1.66926E-5 1.80702E-5 2.00211E-5 2.41578E-5 1.88124E-5 1.72943E-5 1.67921E-5 1.53727E-5 1.13524E-5 1.04479E-5 1.14366E-5 1.57478E-5 1.89683E-5 1.88E-5 2.005E-5 2.08166E-5 2.09463E-5 1.39199E-5 1.20665E-5 1.19275E-5 1.19637E-5 1.22756E-5 1.64848E-5 1.25319E-5 1.13888E-5 1.45274E-5 2.21933E-5 1.70349E-5 1.46983E-5 1.68584E-5 1.47537E-5 1.60776E-5 1.51825E-5 1.42591E-5 1.35892E-5 1.30539E-5 1.19565E-5 1.41849E-5 1.90996E-5 1.78443E-5 1.49333E-5 1.69237E-5 1.36841E-5 1.14957E-5 1.23495E-5 1.6983E-5 1.67438E-5 1.2069E-5 8.71926E-6 8.90038E-6
1.94047E-5 1.64846E-5 1.35908E-5 1.52164E-5 1.48668E-5 1.68505E-5 2.16328E-5 2.03876E-5 1.85612E-5 1.64978E-5 1.73734E-5 1.64536E-5 1.59969E-5 2.14496E-5 2.3422E-5 1.76609E-5 1.34242E-5 1.49707E-5 1.85653E-5 1.56459E-5 1.12654E-5 1.44699E-5 1.58056E-5 1.82757E-5 1.96001E-5 1.83472E-5 1.91704E-5 2.14096E-5 1.60444E-5 1.56705E-5 1.41824E-5 1.38159E-5 1.37514E-5 1.31253E-5 1.41118E-5 1.23407E-5 1.45552E-5 1.28378E-5 1.27956E-5 1.13661E-5 1.56709E-5 2.18861E-5 1.89673E-5 1.53046E-5 1.5469E-5 1.55464E-5 1.22671E-5 1.05279E-5 1.38283E-5 1.47226E-5 1.4759E-5 1.42204E-5 1.30539E-5 1.34017E-5 1.20128E-5 1.23493E-5 1.26357E-5 1.6201E-5 1.55091E-5 1.28362E-5 1.04371E-5
1.4366E-5 1.51575E-5 1.59623E-5 1.49626E-5 1.48233E-5 1.41133E-5 2.17935E-5 2.30425E-5 1.97213E-5 1.68241E-5 1.73746E-5 1.55155E-5 1.4969E-5 2.16596E-5 1.72584E-5 1.99398E-5 1.43129E-5 1.7564E-5 1.81213E-5 1.4063E-5 1.21286E-5 1.26281E-5 1.32304E-5 1.84075E-5 1.90491E-5 1.99803E-5 1.62553E-5 1.77824E-5 1.859E-5 1.97467E-5 1.79371E-5 1.75229E-5 1.72162E-5 1.49446E-5 1.61107E-5 1.60624E-5 1.75357E-5 1.58421E-5 1.42302E-5 1.64996E-5 2.21027E-5 2.05497E-5 1.65805E-5 1.54512E-5 1.77431E-5 1.76935E-5 1.17227E-5 1.42331E-5 1.66419E-5 1.73129E-5 1.40573E-5 1.57552E-5 1.5943E-5 1.31013E-5 1.24601E-5 1.03366E-5 1.0303E-5 1.84365E-5 1.49509E-5 1.05145E-5 7.83646E-6
1.42188E-5 1.8006E-5 1.76317E-5 1.57586E-5 1.24721E-5 1.24968E-5 2.16374E-5 1.97391E-5 1.83502E-5 1.62211E-5 1.52755E-5 1.43878E-5 1.78909E-5 2.21218E-5 1.66135E-5 1.62772E-5 1.64754E-5 1.86124E-5 1.78504E-5 1.53737E-5 1.77543E-5 1.70563E-5 1.3562E-5 1.78583E-5 2.18941E-5 1.99009E-5 1.5453E-5 1.44238E-5 1.46938E-5 1.64869E-5 1.76766E-5 1.77858E-5 1.66139E-5 1.76675E-5 1.5623E-5 1.4484E-5 1.44794E-5 1.71692E-5 1.51394E-5 2.2013E-5 2.75162E-5 2.21599E-5 1.65741E-5 1.60088E-5 1.7654E-5 1.77074E-5 1.47094E-5 1.28652E-5 1.43322E-5 1.64949E-5 1.75901E-5 1.7135E-5 1.73845E-5 1.1576E-5 1.02428E-5 1.12532E-5 1.3E-5 1.3887E-5 1.36848E-5 1.53851E-5 1.11332E-5
1.6084E-5 1.60138E-5 1.5136E-5 1.2525E-5 1.49166E-5 1.35725E-5 1.81022E-5 1.53276E-5 1.56492E-5 1.51988E-5 1.35001E-5 1.20932E-5 1.25366E-5 1.23386E-5 1.15932E-5 1.04333E-5 1.33032E-5 1.48369E-5 1.50664E-5 1.42196E-5 1.70311E-5 1.80124E-5 1.54707E-5 1.48381E-5 1.96253E-5 2.15278E-5 1.59814E-5 1.18993E-5 1.43273E-5 1.36519E-5 1.22324E-5 1.21166E-5 1.1596E-5 1.64037E-5 1.96605E-5 1.57485E-5 1.64922E-5 1.55747E-5 1.4088E-5 2.24748E-5 2.24554E-5 1.89571E-5 1.4577E-5 1.99567E-5 1.79484E-5 1.32979E-5 9.61991E-6 1.06844E-5 1.16865E-5 1.50092E-5 1.89811E-5 1.68578E-5 1.77942E-5 1.34224E-5 1.15512E-5 1.20586E-5 1.70353E-5 1.71174E-5 1.51195E-5 1.59547E-5 1.43065E-5
1.80383E-5 1.61037E-5 1.36715E-5 1.4013E-5 1.52863E-5 1.55748E-5 1.48634E-5 1.17006E-5 1.19915E-5 1.33653E-5 1.62837E-5 1.5583E-5 1.22058E-5 1.06298E-5 8.9712E-6 9.02228E-6 9.13257E-6 9.79166E-6 1.1626E-5 1.2014E-5 2.1879E-5 1.52019E-5 1.42353E-5 1.77324E-5 2.23108E-5 2.0129E-5 1.74152E-5 1.26146E-5 1.51514E-5 1.46826E-5 1.2075E-5 1.10371E-5 9.92269E-6 1.03004E-5 1.34302E-5 1.71189E-5 2.01815E-5 2.25185E-5 1.60565E-5 1.69461E-5 1.54342E-5 1.54365E-5 2.05287E-5 2.01707E-5 2.02243E-5 1.41226E-5 1.34136E-5 1.36425E-5 1.4007E-5 1.43203E-5 1.32297E-5 1.74063E-5 1.61342E-5 1.35685E-5 1.07673E-5 1.45251E-5 1.7824E-5 1.60864E-5 1.69594E-5 2.04393E-5 1.36769E-5
1.51575E-5 1.43216E-5 1.24749E-5 1.35337E-5 1.33297E-5 1.47095E-5 1.25389E-5 1.22081E-5 1.13872E-5 1.33933E-5 1.48189E-5 1.19397E-5 9.31783E-6 9.71267E-6 1.11657E-5 1.16108E-5 1.15762E-5 1.15407E-5 1.08288E-5 1.17154E-5 1.34654E-5 1.52445E-5 1.40586E-5 1.63752E-5 1.97622E-5 1.83023E-5 1.5641E-5 1.25318E-5 1.10214E-5 8.89702E-6 8.64045E-6 9.3208E-6 7.41429E-6 9.3148E-6 1.39832E-5 1.8701E-5 1.94968E-5 1.77211E-5 1.26948E-5 1.70466E-5 1.4565E-5 1.91626E-5 2.14282E-5 2.04103E-5 1.64301E-5 1.6299E-5 1.25092E-5 1.25092E-5 1.06091E-5 1.1783E-5 1.06899E-5 9.62047E-6 9.84079E-6 1.10578E-5 1.06146E-5 1.0777E-5 1.42043E-5 1.76179E-5 1.8728E-5 1.4426E-5 9.35623E-6
1.35377E-5 1.35787E-5 1.07903E-5 1.25187E-5 1.81851E-5 1.77387E-5 1.62815E-5 1.46817E-5 1.1666E-5 1.13196E-5 1.168E-5 9.23514E-6 1.01274E-5 1.47566E-5 1.21255E-5 1.27918E-5 1.07459E-5 1.04121E-5 1.05363E-5 1.69314E-5 1.1831E-5 1.34487E-5 1.47578E-5 1.59547E-5 1.65247E-5 1.45355E-5 1.24524E-5 1.19621E-5 1.12828E-5 7.89035E-6 7.92795E-6 9.25777E-6 1.21188E-5 1.28882E-5 1.53984E-5 1.80541E-5 1.6142E-5 1.05041E-5 9.30683E-6 7.98845E-6 8.99407E-6 1.65333E-5 2.35733E-5 2.02191E-5 1.78679E-5 1.58554E-5 1.66496E-5 1.585E-5 1.19314E-5 8.62159E-6 8.84462E-6 9.25097E-6 9.80195E-6 1.25506E-5 1.30547E-5 1.77666E-5 1.95774E-5 1.64332E-5 1.75165E-5 1.36442E-5 1.00107E-5
1.62808E-5 1.12459E-5 8.81978E-6 1.14266E-5 1.84279E-5 1.84821E-5 1.52648E-5 1.27262E-5 1.09475E-5 1.33E-5 1.43818E-5 9.96121E-6 1.32912E-5 1.70617E-5 1.15443E-5 1.06291E-5 1.03707E-5 1.00626E-5 1.12132E-5 1.37369E-5 1.31182E-5 1.355E-5 1.26531E-5 1.68752E-5 1.77938E-5 1.13318E-5 9.57481E-6 9.57017E-6 1.14115E-5 9.30588E-6 9.77331E-6 9.80238E-6 1.21179E-5 1.56066E-5 1.77941E-5 1.85055E-5 1.6812E-5 1.58609E-5 1.32164E-5 1.05152E-5 1.38194E-5 1.97499E-5 1.43614E-5 1.28623E-5 9.89398E-6 9.19829E-6 1.47128E-5 2.31019E-5 1.3978E-5 1.01865E-5 9.85709E-6 1.00633E-5 1.15949E-5 1.3692E-5 1.56684E-5 1.46467E-5 1.46418E-5 1.43549E-5 1.29601E-5 1.1677E-5 9.0808E-6
1.18047E-5 9.32503E-6 9.31587E-6 1.27816E-5 1.94548E-5 1.94728E-5 1.40018E-5 8.57568E-6 8.36564E-6 8.65E-6 1.19754E-5 1.21523E-5 1.49846E-5 1.5082E-5 1.07908E-5 1.00796E-5 1.02308E-5 1.10859E-5 1.04767E-5 1.068E-5 1.13004E-5 1.04446E-5 8.18776E-6 1.23942E-5 1.17415E-5 9.60023E-6 9.02645E-6 8.28264E-6 9.83879E-6 1.39566E-5 1.71858E-5 1.34807E-5 1.10634E-5 1.41E-5 1.65573E-5 1.94986E-5 1.53219E-5 1.79233E-5 1.3201E-5 9.41737E-6 7.731E-6 9.65747E-6 1.15043E-5 1.18985E-5 9.2611E-6 1.08217E-5 1.90195E-5 2.42667E-5 1.9748E-5 1.25379E-5 1.12851E-5 1.28482E-5 1.75533E-5 1.1653E-5 9.90195E-6 1.00032E-5 9.88296E-6 9.91113E-6 9.61315E-6 9.61022E-6 9.79121E-6
8.69427E-6 9.13232E-6 1.14537E-5 1.63425E-5 1.92171E-5 2.00401E-5 1.49478E-5 7.60971E-6 8.45064E-6 7.89761E-6 9.441E-6 1.65858E-5 1.61777E-5 1.03168E-5 8.80287E-6 8.36576E-6 7.58892E-6 8.02203E-6 1.0068E-5 1.02517E-5 1.20422E-5 8.28704E-6 8.15598E-6 8.57737E-6 1.23327E-5 1.20467E-5 9.1202E-6 1.05945E-5 1.22624E-5 1.74426E-5 1.92245E-5 1.45508E-5 1.36311E-5 1.23718E-5 1.08445E-5 1.56558E-5 1.59036E-5 1.1722E-5 6.8493E-6 6.56648E-6 8.54253E-6 1.76524E-5 1.82931E-5 1.86354E-5 1.24634E-5 1.19943E-5 1.33227E-5 1.46217E-5 1.07825E-5 1.05876E-5 1.27824E-5 1.50751E-5 1.43338E-5 1.12782E-5 9.72081E-6 9.50939E-6 6.95395E-6 6.57427E-6 6.57427E-6 8.29136E-6 1.14826E-5
1.0417E-5 1.12149E-5 1.4415E-5 1.77217E-5 1.50197E-5 1.59482E-5 1.57066E-5 7.44263E-6 7.44283E-6 6.84383E-6 9.17594E-6 1.92169E-5 1.44645E-5 9.27236E-6 8.37004E-6 7.64395E-6 7.80406E-6 7.67418E-6 8.03401E-6 7.35817E-6 9.28425E-6 1.37123E-5 1.21879E-5 8.0025E-6 8.27793E-6 7.65419E-6 7.82526E-6 7.25058E-6 7.60103E-6 9.18043E-6 1.02624E-5 9.2132E-6 8.39533E-6 7.43869E-6 1.06887E-5 1.4677E-5 1.02484E-5 7.41267E-6 6.08848E-6 7.64767E-6 1.31311E-5 1.82332E-5 1.73868E-5 1.51514E-5 1.16897E-5 9.50654E-6 1.65329E-5 1.9376E-5 1.94833E-5 1.85278E-5 1.85573E-5 1.73748E-5 1.40913E-5 1.25031E-5 1.00206E-5 8.67494E-6 7.6564E-6 7.47678E-6 7.56712E-6 8.53342E-6 1.2895E-5
1.07435E-5 1.08045E-5 1.36758E-5 1.82636E-5 1.56279E-5 1.30406E-5 1.06876E-5 7.99564E-6 7.35735E-6 7.5152E-6 7.85554E-6 1.34712E-5 1.57592E-5 1.01404E-5 8.9133E-6 7.38437E-6 6.94984E-6 7.33615E-6 7.12631E-6 6.25861E-6 7.37203E-6 8.01873E-6 7.53358E-6 7.04662E-6 7.0916E-6 7.25058E-6 7.64676E-6 8.71775E-6 8.13279E-6 9.40033E-6 1.11175E-5 1.2993E-5 1.18384E-5 1.00592E-5 1.19554E-5 8.4563E-6 8.98194E-6 1.44015E-5 9.8509E-6 9.62364E-6 1.22055E-5 1.68887E-5 1.50285E-5 1.42403E-5 1.05966E-5 1.21925E-5 1.07783E-5 1.2585E-5 1.35805E-5 1.33776E-5 1.31767E-5 9.81322E-6 9.71956E-6 8.17902E-6 5.92939E-6 6.90155E-6 7.27458E-6 1.01719E-5 7.88885E-6 9.84636E-6 1.0291E-5
1.11531E-5 1.26114E-5 1.24152E-5 1.81883E-5 1.79991E-5 1.4012E-5 9.53785E-6 8.84042E-6 9.27221E-6 6.97595E-6 7.61251E-6 8.54703E-6 1.385E-5 1.12626E-5 7.56537E-6 9.23684E-6 7.19142E-6 6.39209E-6 7.67841E-6 7.11362E-6 6.66325E-6 8.07415E-6 6.34336E-6 6.42274E-6 7.95941E-6 9.20483E-6 1.23817E-5 1.54582E-5 1.37294E-5 1.36076E-5 1.26911E-5 1.27466E-5 9.78174E-6 7.98274E-6 7.35411E-6 6.56086E-6 1.09354E-5 1.62666E-5 1.13571E-5 1.11358E-5 1.29057E-5 9.47425E-6 9.24128E-6 8.51607E-6 6.76686E-6 6.66097E-6 6.55956E-6 6.55956E-6 7.86207E-6 7.94053E-6 7.42654E-6 7.85389E-6 8.39393E-6 6.53028E-6 7.10797E-6 1.08466E-5 1.10742E-5 1.13786E-5 1.18442E-5 1.11093E-5 1.0717E-5
8.04978E-6 1.11576E-5 8.86285E-6 1.28919E-5 1.60787E-5 1.27161E-5 1.0962E-5 1.06948E-5 8.16095E-6 6.27195E-6 6.43728E-6 7.48376E-6 1.25381E-5 9.50202E-6 9.92837E-6 1.07755E-5 6.75402E-6 6.32511E-6 6.77146E-6 7.95348E-6 9.17767E-6 1.03567E-5 9.86802E-6 9.95637E-6 9.30757E-6 1.16456E-5 1.34712E-5 1.34395E-5 1.4806E-5 1.44407E-5 1.28494E-5 1.1755E-5 8.22132E-6 7.49419E-6 8.64614E-6 1.07101E-5 1.74501E-5 1.61157E-5 1.03273E-5 8.88299E-6 7.09406E-6 6.132E-6 6.26512E-6 7.84947E-6 7.93614E-6 6.95575E-6 6.78983E-6 1.08544E-5 1.29355E-5 1.21871E-5 9.3129E-6 8.75563E-6 9.86893E-6 7.39189E-6 1.18538E-5 1.25251E-5 1.24466E-5 1.52714E-5 1.188E-5 1.19864E-5 1.07164E-5
7.30101E-6 7.86062E-6 7.0045E-6 7.62791E-6 1.35568E-5 1.1831E-5 1.51408E-5 1.3145E-5 7.82382E-6 6.94518E-6 6.15193E-6 5.93945E-6 8.63403E-6 1.26211E-5 1.38918E-5 1.15582E-5 6.50663E-6 7.04413E-6 1.23969E-5 1.26009E-5 1.19104E-5 1.30801E-5 1.18619E-5 9.20986E-6 1.03733E-5 1.10788E-5 1.52263E-5 1.41276E-5 1.20234E-5 9.16875E-6 9.39855E-6 7.83638E-6 9.65984E-6 1.13094E-5 1.27108E-5 1.12827E-5 1.04028E-5 8.22293E-6 5.45938E-6 5.87778E-6 6.36382E-6 6.68672E-6 7.19158E-6 7.1274E-6 8.1511E-6 7.05663E-6 8.73982E-6 1.7407E-5 1.74722E-5 1.64879E-5 1.18349E-5 1.06468E-5 9.49856E-6 9.08487E-6 1.58611E-5 1.62503E-5 1.54413E-5 1.64457E-5 1.39335E-5 1.04337E-5 9.77417E-6
6.79425E-6 7.14124E-6 6.35798E-6 6.70043E-6 7.931E-6 9.98969E-6 9.34729E-6 7.97426E-6 5.86346E-6 5.0865E-6 5.63892E-6 6.61434E-6 1.22128E-5 1.32956E-5 1.18143E-5 8.6991E-6 6.2328E-6 7.67519E-6 9.2909E-6 8.80359E-6 1.30351E-5 1.2562E-5 7.21294E-6 7.12852E-6 6.73067E-6 6.97996E-6 7.77313E-6 8.20469E-6 8.28006E-6 1.01284E-5 1.19264E-5 1.06954E-5 8.00373E-6 7.98149E-6 7.54373E-6 7.95188E-6 7.6342E-6 8.07826E-6 7.72246E-6 6.17085E-6 7.99812E-6 1.05915E-5 1.49395E-5 1.08151E-5 1.04975E-5 1.17433E-5 1.04725E-5 1.67676E-5 1.94015E-5 1.73182E-5 1.30129E-5 1.09274E-5 7.72698E-6 8.41609E-6 1.54241E-5 1.77399E-5 1.86937E-5 1.78218E-5 1.65288E-5 1.18667E-5 1.21944E-5
6.61787E-6 5.83064E-6 5.70025E-6 6.4931E-6 6.32835E-6 6.28762E-6 5.40793E-6 6.14802E-6 6.12117E-6 6.09934E-6 7.09534E-6 7.56506E-6 9.19199E-6 9.16702E-6 6.27001E-6 5.78442E-6 6.25564E-6 9.99825E-6 9.09039E-6 1.06624E-5 1.19711E-5 8.86494E-6 5.79865E-6 6.11669E-6 1.14394E-5 9.6245E-6 9.08552E-6 8.09916E-6 1.07439E-5 8.59737E-6 7.78606E-6 8.19165E-6 9.64328E-6 9.36161E-6 7.15106E-6 6.34142E-6 8.10208E-6 7.83409E-6 6.57958E-6 7.8312E-6 7.92214E-6 7.00015E-6 8.36721E-6 6.85359E-6 6.59267E-6 8.46881E-6 6.18677E-6 8.42247E-6 1.15492E-5 1.22171E-5 8.39816E-6 8.07349E-6 5.63553E-6 6.20851E-6 9.87639E-6 9.73039E-6 1.42953E-5 1.45852E-5 1.51733E-5 1.26907E-5 1.10928E-5
7.1666E-6 5.23005E-6 5.39056E-6 5.23892E-6 6.22676E-6 5.78442E-6 5.83964E-6 7.04577E-6 7.82416E-6 9.2633E-6 9.48495E-6 7.17096E-6 8.16119E-6 7.494E-6 7.24793E-6 9.37673E-6 9.94006E-6 1.12958E-5 1.10476E-5 1.08757E-5 6.92916E-6 5.86151E-6 5.40111E-6 5.91196E-6 8.97885E-6 7.17047E-6 5.6376E-6 5.56678E-6 5.42788E-6 5.40832E-6 5.47648E-6 5.97636E-6 6.06994E-6 6.69024E-6 6.89632E-6 7.41051E-6 8.27008E-6 1.03783E-5 1.19923E-5 1.09176E-5 8.00387E-6 6.87267E-6 6.69159E-6 8.20803E-6 8.08285E-6 7.60673E-6 6.55328E-6 6.81058E-6 7.0516E-6 7.07337E-6 7.7476E-6 6.63242E-6 6.65219E-6 6.69183E-6 6.95895E-6 6.73248E-6 7.87949E-6 1.14855E-5 1.5016E-5 9.61862E-6 8.83098E-6
6.91978E-6 5.34401E-6 5.24229E-6 6.21933E-6 7.94444E-6 6.94004E-6 5.32215E-6 6.13757E-6 7.49592E-6 7.09534E-6 7.16156E-6 5.87959E-6 7.62962E-6 8.06824E-6 9.1376E-6 7.89686E-6 8.75149E-6 8.04117E-6 6.59367E-6 6.8755E-6 5.50628E-6 5.68878E-6 5.33446E-6 6.06325E-6 6.49654E-6 6.28324E-6 6.0169E-6 6.14188E-6 5.96508E-6 7.35273E-6 6.76186E-6 6.76186E-6 6.54863E-6 5.79135E-6 7.957E-6 8.08611E-6 7.0424E-6 7.84022E-6 1.09466E-5 1.01364E-5 6.06147E-6 7.24367E-6 1.23628E-5 1.14459E-5 1.02967E-5 7.08771E-6 7.0478E-6 7.68855E-6 9.75734E-6 8.21882E-6 7.82706E-6 1.025E-5 1.12952E-5 1.16765E-5 9.12268E-6 7.0645E-6 6.77116E-6 8.36661E-6 1.03557E-5 6.34216E-6 7.15106E-6
4.58541E-6 4.65562E-6 4.77139E-6 5.17743E-6 6.12373E-6 5.82741E-6 6.17484E-6 6.13658E-6 7.11696E-6 9.85414E-6 9.69677E-6 8.56404E-6 7.35515E-6 7.62548E-6 1.0221E-5 8.03904E-6 8.63274E-6 7.91397E-6 7.18509E-6 6.84666E-6 5.25564E-6 5.41253E-6 6.33358E-6 6.29764E-6 7.53382E-6 8.29006E-6 8.38222E-6 8.62145E-6 9.08944E-6 8.97169E-6 8.13436E-6 8.09013E-6 7.20052E-6 6.86739E-6 5.98364E-6 5.80836E-6 6.65204E-6 8.12234E-6 7.14905E-6 6.53364E-6 5.85289E-6 9.48628E-6 8.7252E-6 6.16795E-6 6.09462E-6 6.09799E-6 9.44364E-6 1.03705E-5 1.13478E-5 1.47256E-5 1.19575E-5 1.02603E-5 1.06243E-5 9.68963E-6 9.26698E-6 9.2308E-6 7.25443E-6 7.42859E-6 1.01931E-5 6.98212E-6 7.42859E-6
4.42411E-6 5.57589E-6 6.38218E-6 6.51598E-6 6.97835E-6 7.22805E-6 7.50518E-6 7.52677E-6 8.4916E-6 7.6946E-6 6.15772E-6 5.3571E-6 5.95386E-6 9.65186E-6 7.69979E-6 8.7151E-6 1.04082E-5 7.66741E-6 6.02082E-6 5.06886E-6 5.52245E-6 7.94498E-6 8.473E-6 7.51572E-6 7.52156E-6 7.99988E-6 8.64875E-6 8.74248E-6 8.98474E-6 7.58985E-6 7.67167E-6 7.59596E-6 7.31668E-6 7.1805E-6 6.13341E-6 6.90918E-6 6.19899E-6 7.85183E-6 7.45252E-6 6.63849E-6 6.94861E-6 8.31217E-6 5.33396E-6 7.01548E-6 6.56171E-6 6.5426E-6 7.07726E-6 7.09662E-6 9.03372E-6 1.05875E-5 9.74481E-6 8.89451E-6 1.01081E-5 8.42842E-6 6.52119E-6 6.52119E-6 6.07775E-6 7.15691E-6 1.01364E-5 8.8725E-6 9.22012E-6
5.93847E-6 8.07408E-6 9.0744E-6 7.68069E-6 7.70254E-6 7.72119E-6 6.9614E-6 8.60289E-6 8.3572E-6 5.31329E-6 4.76681E-6 4.97954E-6 5.27056E-6 5.61234E-6 6.15939E-6 6.19777E-6 1.04035E-5 7.20669E-6 4.98054E-6 5.48926E-6 7.11071E-6 9.12813E-6 7.33125E-6 7.45683E-6 7.47028E-6 6.96777E-6 7.01138E-6 8.53469E-6 8.81763E-6 7.44868E-6 7.62292E-6 7.11301E-6 7.08812E-6 7.08101E-6 6.97193E-6 7.54592E-6 7.18809E-6 7.68489E-6 7.08771E-6 7.14783E-6 1.05894E-5 7.40733E-6 8.1237E-6 7.69687E-6 6.77248E-6 7.18809E-6 7.33004E-6 7.6022E-6 7.22099E-6 9.10361E-6 8.5942E-6 9.19363E-6 7.1983E-6 7.79325E-6 8.22153E-6 7.1243E-6 6.52714E-6 6.65623E-6 6.99285E-6 8.37749E-6 9.53915E-6
5.93847E-6 6.71387E-6 8.96526E-6 6.04939E-6 5.8869E-6 7.15236E-6 4.93878E-6 6.33881E-6 4.32414E-6 4.01605E-6 4.58654E-6 5.44021E-6 6.38124E-6 6.38174E-6 7.44416E-6 9.93449E-6 1.03655E-5 6.30436E-6 5.51267E-6 9.00776E-6 7.19563E-6 9.7402E-6 7.3313E-6 6.16256E-6 6.00745E-6 8.12558E-6 8.94848E-6 8.38352E-6 7.19516E-6 7.48124E-6 8.05634E-6 6.2377E-6 7.09908E-6 7.13866E-6 7.88372E-6 7.32997E-6 7.33213E-6 6.61937E-6 8.20719E-6 9.73611E-6 8.56145E-6 6.38363E-6 5.47975E-6 1.04506E-5 1.07946E-5 8.22551E-6 8.23438E-6 7.41748E-6 6.67508E-6 7.55925E-6 9.31523E-6 9.26149E-6 8.68716E-6 7.83546E-6 8.71084E-6 7.94369E-6 6.73107E-6 6.27509E-6 6.3343E-6 8.37749E-6 9.87024E-6
7.26313E-6 7.2998E-6 5.39252E-6 3.91008E-6 4.80325E-6 5.73001E-6 3.83811E-6 3.6252E-6 5.01044E-6 6.11706E-6 6.72143E-6 6.28384E-6 6.13363E-6 6.67285E-6 7.79193E-6 8.10851E-6 6.61466E-6 5.11695E-6 6.34771E-6 9.40647E-6 8.53886E-6 8.34249E-6 6.83129E-6 6.08123E-6 5.45295E-6 7.68931E-6 9.32676E-6 7.15563E-6 5.25669E-6 6.53052E-6 6.26813E-6 6.5072E-6 5.94636E-6 7.0259E-6 9.63755E-6 7.1319E-6 6.6864E-6 6.46827E-6 5.96134E-6 8.16529E-6 7.31668E-6 5.61232E-6 5.27336E-6 5.19175E-6 1.05631E-5 1.14245E-5 7.77089E-6 6.38231E-6 6.75874E-6 7.26693E-6 7.42779E-6 6.84787E-6 7.04464E-6 7.16433E-6 8.7583E-6 6.86279E-6 7.09209E-6 6.47791E-6 6.84388E-6 8.56924E-6 9.46721E-6
7.12987E-6 5.52964E-6 3.7718E-6 4.69068E-6 8.52941E-6 5.29948E-6 4.43954E-6 5.78922E-6 7.26661E-6 7.02111E-6 6.32952E-6 6.19619E-6 6.995E-6 7.07188E-6 6.48428E-6 7.34079E-6 6.13828E-6 5.78663E-6 6.38619E-6 7.45505E-6 7.90529E-6 6.74131E-6 6.00684E-6 5.81117E-6 6.56712E-6 8.0691E-6 6.75603E-6 8.04117E-6 5.8702E-6 5.2408E-6 5.77677E-6 6.59189E-6 5.58144E-6 6.78852E-6 1.00269E-5 9.61076E-6 7.11047E-6 7.3065E-6 5.92105E-6 7.69396E-6 8.79954E-6 6.80667E-6 7.29974E-6 7.50479E-6 8.18832E-6 9.62608E-6 8.17048E-6 7.81997E-6 6.97366E-6 6.20431E-6 6.1983E-6 6.93874E-6 7.03436E-6 7.73259E-6 8.28855E-6 9.16495E-6 9.95872E-6 1.16725E-5 9.11462E-6 7.94768E-6 7.33227E-6
