Artocarpus hirsutus SDM files/MIS19/results (with bias file)/Arthir_6.asc
ncols         625
nrows         721
xllcorner     69.99986311115
yllcorner     5.99986187915
cellsize      0.041666667
NODATA_value  -9999
[rows 135 to 161 of 721, columns 61 to 121 of 625]
1.40688E-4 1.41125E-4 1.15099E-4 9.74594E-5 9.03724E-5 8.27578E-5 7.66449E-5 7.11338E-5 6.52313E-5 7.33353E-5 6.81955E-5 6.28637E-5 5.80342E-5 5.76657E-5 4.82698E-5 4.26955E-5 4.37878E-5 4.59995E-5 4.61028E-5 4.90829E-5 5.0749E-5 5.0817E-5 5.193E-5 5.23306E-5 6.0549E-5 6.17416E-5 6.22189E-5 6.32094E-5 7.18334E-5 7.60562E-5 7.42327E-5 7.59157E-5 7.77331E-5 7.94725E-5 8.15111E-5 8.49283E-5 9.51668E-5 9.33094E-5 9.86398E-5 1.15687E-4 1.34867E-4 1.40074E-4 1.38852E-4 1.47597E-4 1.68185E-4 1.76728E-4 1.99382E-4 2.11272E-4 2.42577E-4 2.51719E-4 2.67325E-4 2.62235E-4 2.67289E-4 2.7467E-4 2.82127E-4 2.89884E-4 2.5633E-4 2.72504E-4 2.48372E-4 2.53557E-4 2.36662E-4
1.52198E-4 1.24558E-4 1.04691E-4 9.60157E-5 8.92833E-5 8.18067E-5 7.59747E-5 7.07067E-5 7.09072E-5 5.99398E-5 6.19528E-5 5.68895E-5 5.78797E-5 4.78655E-5 4.79851E-5 3.89054E-5 3.91001E-5 4.03183E-5 4.09775E-5 4.24447E-5 4.32729E-5 5.06516E-5 5.1761E-5 4.82302E-5 4.81633E-5 6.0944E-5 6.21176E-5 6.26106E-5 6.4021E-5 6.63202E-5 6.52492E-5 7.49394E-5 6.90859E-5 7.87253E-5 7.36214E-5 7.4194E-5 8.34361E-5 8.36623E-5 9.53834E-5 1.01806E-4 1.02521E-4 1.19438E-4 1.23646E-4 1.43187E-4 1.52729E-4 1.69041E-4 1.77676E-4 2.02297E-4 1.88844E-4 1.91307E-4 2.21559E-4 2.62235E-4 2.54375E-4 2.73805E-4 2.80579E-4 2.86373E-4 2.66071E-4 2.59465E-4 2.41476E-4 2.29039E-4 2.06545E-4
1.15774E-4 1.03104E-4 1.03735E-4 9.54335E-5 8.87432E-5 7.52939E-5 7.57248E-5 7.02818E-5 5.94141E-5 5.45675E-5 5.53104E-5 5.65512E-5 5.75364E-5 5.32583E-5 4.3378E-5 4.42144E-5 3.9315E-5 3.58876E-5 4.08438E-5 3.74966E-5 3.91799E-5 3.63535E-5 4.01958E-5 4.56358E-5 5.15378E-5 4.7156E-5 5.38378E-5 6.20036E-5 5.77727E-5 6.58915E-5 6.46181E-5 6.58707E-5 6.75663E-5 7.01603E-5 7.94526E-5 7.34792E-5 8.23884E-5 8.33932E-5 8.59046E-5 9.68461E-5 1.01865E-4 1.1871E-4 1.23251E-4 1.27116E-4 1.44431E-4 1.67967E-4 1.77735E-4 1.83296E-4 1.86526E-4 1.90701E-4 2.20859E-4 2.2843E-4 2.55661E-4 2.60579E-4 2.67766E-4 2.8649E-4 2.91473E-4 2.57839E-4 2.40066E-4 2.23988E-4 2.26945E-4
1.30097E-4 1.11046E-4 9.48726E-5 8.69873E-5 8.8252E-5 7.4632E-5 6.84908E-5 6.35329E-5 5.88964E-5 5.40938E-5 5.02173E-5 5.08987E-5 4.68363E-5 4.82997E-5 4.85507E-5 4.00522E-5 3.8982E-5 3.56774E-5 3.30042E-5 3.44055E-5 3.45922E-5 3.50609E-5 3.55981E-5 4.02672E-5 5.08817E-5 4.68502E-5 5.36631E-5 4.9822E-5 5.53082E-5 5.71327E-5 5.79447E-5 6.28682E-5 6.40707E-5 5.90166E-5 7.58452E-5 7.729E-5 7.86277E-5 8.11606E-5 9.29586E-5 9.59438E-5 1.02042E-4 1.14426E-4 1.20138E-4 1.27341E-4 1.25488E-4 1.66954E-4 1.73291E-4 1.81617E-4 1.8902E-4 2.10333E-4 2.20939E-4 2.27074E-4 2.55759E-4 2.61403E-4 2.67766E-4 2.73408E-4 2.7828E-4 2.5633E-4 2.37915E-4 2.37881E-4 2.2264E-4
1.19477E-4 1.09749E-4 9.37678E-5 8.69156E-5 7.29156E-5 7.41805E-5 6.88555E-5 6.31503E-5 5.85425E-5 5.43842E-5 4.97823E-5 5.05954E-5 4.6558E-5 4.72128E-5 4.45081E-5 4.47367E-5 3.22057E-5 2.97776E-5 3.00215E-5 3.05111E-5 3.04992E-5 3.47443E-5 3.53927E-5 3.55788E-5 4.16017E-5 5.12773E-5 4.76082E-5 5.43533E-5 5.49504E-5 5.69477E-5 6.3694E-5 5.58074E-5 5.80064E-5 6.46641E-5 5.95621E-5 7.00167E-5 7.1229E-5 8.03798E-5 8.4285E-5 9.50228E-5 9.91415E-5 1.11501E-4 1.18609E-4 1.2318E-4 1.25351E-4 1.38927E-4 1.47746E-4 1.57564E-4 1.76345E-4 2.04254E-4 2.11948E-4 2.47388E-4 2.22667E-4 2.2955E-4 2.5608E-4 2.6016E-4 2.7752E-4 2.59259E-4 2.33006E-4 2.40133E-4 2.14744E-4
1.29677E-4 1.09079E-4 9.31963E-5 8.64303E-5 7.94224E-5 7.35268E-5 6.24112E-5 5.60198E-5 5.70128E-5 4.81884E-5 4.41109E-5 5.01583E-5 4.25656E-5 3.8889E-5 3.60087E-5 3.68022E-5 3.20164E-5 2.9603E-5 2.97486E-5 3.01564E-5 3.07472E-5 3.13411E-5 3.20315E-5 3.58684E-5 3.59379E-5 4.18376E-5 4.72996E-5 4.83673E-5 5.02986E-5 5.54755E-5 5.76648E-5 5.62627E-5 5.61433E-5 6.4247E-5 6.53645E-5 6.72588E-5 6.96463E-5 7.18913E-5 7.10205E-5 8.13893E-5 8.40003E-5 9.79521E-5 1.04395E-4 1.19628E-4 1.22497E-4 1.25364E-4 1.46341E-4 1.50976E-4 1.76108E-4 1.80693E-4 1.83793E-4 2.07231E-4 2.20649E-4 2.48416E-4 2.55273E-4 2.61374E-4 2.63967E-4 2.74896E-4 2.57717E-4 2.32063E-4 2.12823E-4
1.18075E-4 1.00388E-4 8.26769E-5 8.38888E-5 7.11827E-5 6.53328E-5 6.07786E-5 5.14673E-5 5.16186E-5 4.34605E-5 4.0302E-5 3.70478E-5 3.76516E-5 3.48658E-5 3.58908E-5 3.32106E-5 2.93071E-5 2.61441E-5 2.69641E-5 2.72551E-5 2.78609E-5 2.82397E-5 2.84634E-5 3.56617E-5 3.25838E-5 3.68257E-5 4.21018E-5 4.2437E-5 4.88303E-5 5.06036E-5 5.69084E-5 5.5538E-5 5.65081E-5 5.77748E-5 6.51535E-5 6.66273E-5 7.01971E-5 7.11994E-5 7.30199E-5 7.43766E-5 8.29511E-5 9.67029E-5 9.84652E-5 1.04158E-4 1.23009E-4 1.25588E-4 1.2999E-4 1.50497E-4 1.75549E-4 1.81602E-4 1.82053E-4 2.06575E-4 2.129E-4 2.46948E-4 2.52968E-4 2.71572E-4 2.65416E-4 2.67821E-4 2.46905E-4 2.52977E-4 2.34691E-4
1.14274E-4 9.74793E-5 8.9397E-5 8.31437E-5 7.07498E-5 6.56785E-5 6.04108E-5 5.10155E-5 4.72406E-5 4.33418E-5 4.01925E-5 4.08759E-5 3.74274E-5 3.46587E-5 3.20736E-5 3.21751E-5 2.58766E-5 2.92816E-5 2.65049E-5 2.73348E-5 2.50195E-5 2.80758E-5 2.82268E-5 2.6058E-5 3.26846E-5 3.64677E-5 3.71792E-5 4.24962E-5 4.7062E-5 4.94466E-5 5.63437E-5 5.49769E-5 5.65081E-5 5.75739E-5 5.88776E-5 5.95292E-5 6.81154E-5 7.15503E-5 7.27851E-5 7.05071E-5 7.47732E-5 8.36584E-5 8.86852E-5 1.00931E-4 1.06452E-4 1.10544E-4 1.29122E-4 1.30578E-4 1.51167E-4 1.79373E-4 1.84036E-4 1.86593E-4 2.10223E-4 2.37525E-4 2.51475E-4 2.58308E-4 2.55986E-4 2.40661E-4 2.45461E-4 2.23125E-4 2.27176E-4
1.13573E-4 9.6882E-5 9.01636E-5 8.36219E-5 7.01222E-5 5.95281E-5 5.53487E-5 5.07071E-5 4.68265E-5 4.34542E-5 3.98427E-5 3.69244E-5 3.41971E-5 3.12925E-5 3.17335E-5 2.80766E-5 2.8905E-5 2.68711E-5 2.39561E-5 2.42697E-5 2.50933E-5 2.52955E-5 2.56391E-5 2.56925E-5 3.23093E-5 3.60031E-5 4.08556E-5 4.26252E-5 4.75017E-5 4.85827E-5 4.6167E-5 4.98933E-5 5.13446E-5 5.19881E-5 5.86727E-5 5.98218E-5 6.04672E-5 5.64927E-5 7.17187E-5 7.35509E-5 7.16108E-5 7.59197E-5 8.61845E-5 9.1199E-5 9.25392E-5 1.0789E-4 1.19223E-4 1.12965E-4 1.51443E-4 1.48685E-4 1.73474E-4 1.81869E-4 2.08237E-4 2.14007E-4 2.40358E-4 2.44102E-4 2.53577E-4 2.59729E-4 2.39451E-4 2.41709E-4 2.18428E-4
1.13516E-4 9.57417E-5 8.19054E-5 7.59198E-5 7.05264E-5 5.91661E-5 6.02268E-5 5.08353E-5 4.66975E-5 4.31926E-5 4.00561E-5 3.67033E-5 3.39929E-5 3.44745E-5 2.86942E-5 2.54406E-5 2.34374E-5 2.42704E-5 2.23434E-5 2.19234E-5 2.22093E-5 2.52878E-5 2.55555E-5 2.62036E-5 2.91176E-5 3.68845E-5 3.72925E-5 3.81349E-5 3.89951E-5 4.37995E-5 4.44958E-5 5.09786E-5 4.61416E-5 5.16654E-5 5.28093E-5 5.32353E-5 5.53381E-5 5.43251E-5 6.21513E-5 6.35345E-5 6.51559E-5 7.49716E-5 7.6062E-5 8.09139E-5 9.08068E-5 9.71774E-5 9.62165E-5 1.11927E-4 1.27266E-4 1.35669E-4 1.51921E-4 1.79075E-4 1.93734E-4 1.98477E-4 2.11432E-4 2.17271E-4 2.23169E-4 2.51189E-4 2.27758E-4 2.36536E-4 2.1954E-4
1.13193E-4 9.62413E-5 9.01242E-5 7.54556E-5 7.00962E-5 5.96751E-5 5.49968E-5 5.06945E-5 4.67913E-5 4.35664E-5 3.98155E-5 3.70221E-5 3.11239E-5 2.82952E-5 2.50231E-5 2.28554E-5 2.33137E-5 2.15783E-5 2.22122E-5 1.98359E-5 2.20796E-5 2.30965E-5 2.33405E-5 2.37334E-5 2.66429E-5 3.26526E-5 3.76042E-5 3.47315E-5 3.86254E-5 3.93681E-5 4.90237E-5 4.98134E-5 5.0932E-5 5.19058E-5 4.57245E-5 4.64465E-5 4.74971E-5 4.80091E-5 5.39243E-5 5.70081E-5 5.0177E-5 6.57208E-5 6.89063E-5 7.84722E-5 8.32062E-5 9.44409E-5 9.95991E-5 9.89238E-5 1.15316E-4 1.29587E-4 1.33586E-4 1.55947E-4 1.7687E-4 1.78716E-4 2.02685E-4 2.08884E-4 2.13883E-4 2.19771E-4 2.25002E-4 2.25285E-4 2.09849E-4
9.8862E-5 8.80142E-5 8.1868E-5 6.9673E-5 6.44736E-5 6.48937E-5 5.48434E-5 5.08217E-5 4.6662E-5 3.93742E-5 3.64954E-5 3.33315E-5 2.79895E-5 2.58072E-5 2.19946E-5 2.29795E-5 2.09753E-5 2.13382E-5 2.1749E-5 2.2387E-5 2.03186E-5 2.04831E-5 2.08831E-5 2.35961E-5 2.92514E-5 3.00121E-5 3.03382E-5 3.80805E-5 3.89402E-5 4.29894E-5 4.39573E-5 4.60054E-5 4.42194E-5 3.90957E-5 4.56523E-5 4.60097E-5 4.71912E-5 4.82453E-5 4.87642E-5 4.98642E-5 5.27146E-5 5.16369E-5 5.29521E-5 6.09986E-5 6.24184E-5 7.24175E-5 8.25041E-5 8.46773E-5 9.8455E-5 1.13914E-4 1.32654E-4 1.35628E-4 1.55737E-4 1.82627E-4 1.76993E-4 1.85078E-4 2.0798E-4 1.92003E-4 2.17425E-4 2.25102E-4 1.85557E-4
9.11941E-5 7.76136E-5 8.11344E-5 6.90505E-5 6.41108E-5 5.94866E-5 4.98129E-5 4.61341E-5 4.26773E-5 3.94748E-5 3.6077E-5 3.2435E-5 2.70187E-5 2.16413E-5 2.20674E-5 2.2857E-5 2.11026E-5 2.12122E-5 1.96854E-5 2.00626E-5 2.02138E-5 1.87415E-5 2.07619E-5 2.11661E-5 2.669E-5 2.69044E-5 3.34449E-5 3.40973E-5 3.45781E-5 3.9304E-5 3.85703E-5 3.88658E-5 3.84344E-5 3.91699E-5 3.94773E-5 4.02413E-5 4.2137E-5 4.2603E-5 4.36949E-5 4.45371E-5 4.53055E-5 4.17989E-5 4.72894E-5 5.30173E-5 6.21468E-5 6.43176E-5 7.40346E-5 7.63422E-5 8.31533E-5 1.11441E-4 1.15295E-4 1.19653E-4 1.38085E-4 1.51707E-4 1.56291E-4 1.73829E-4 1.81694E-4 1.86192E-4 1.92125E-4 1.94724E-4 2.02788E-4
7.60033E-5 7.06605E-5 6.56515E-5 6.94443E-5 6.46606E-5 5.91237E-5 5.46715E-5 4.6378E-5 4.2441E-5 3.92363E-5 3.96932E-5 2.80716E-5 2.61281E-5 2.40275E-5 2.22129E-5 2.02656E-5 1.86991E-5 1.71403E-5 1.91081E-5 1.56935E-5 1.76898E-5 1.77756E-5 1.89482E-5 2.12993E-5 2.60701E-5 2.98706E-5 3.05473E-5 3.38761E-5 3.79734E-5 3.37701E-5 3.82054E-5 3.88124E-5 3.45134E-5 3.90432E-5 3.61904E-5 3.6653E-5 3.70501E-5 3.86798E-5 3.95439E-5 4.02281E-5 4.14013E-5 3.69043E-5 4.24412E-5 4.80141E-5 4.9711E-5 5.72763E-5 6.47108E-5 6.71585E-5 8.53162E-5 8.47028E-5 1.00487E-4 1.02782E-4 1.16133E-4 1.33079E-4 1.3716E-4 1.53014E-4 1.79822E-4 1.66052E-4 1.89871E-4 1.73053E-4 1.73671E-4
8.33859E-5 7.77943E-5 7.21166E-5 6.04129E-5 5.60604E-5 5.92957E-5 5.48051E-5 5.03568E-5 4.26658E-5 3.7225E-5 3.4716E-5 2.83346E-5 2.33575E-5 2.1654E-5 1.97696E-5 1.82322E-5 1.88626E-5 1.90109E-5 1.67216E-5 1.53974E-5 1.75525E-5 1.78862E-5 1.82838E-5 1.843E-5 2.28174E-5 2.57138E-5 2.63685E-5 2.69597E-5 3.00666E-5 3.04902E-5 3.40931E-5 3.15779E-5 3.05342E-5 3.17668E-5 3.21735E-5 3.25231E-5 3.37183E-5 3.43701E-5 3.4629E-5 3.57658E-5 3.66813E-5 3.71938E-5 3.6601E-5 4.25845E-5 4.33011E-5 4.48172E-5 5.31885E-5 6.00016E-5 6.84144E-5 7.63683E-5 8.5731E-5 8.99921E-5 1.0207E-4 1.17202E-4 1.34678E-4 1.38803E-4 1.43057E-4 1.60448E-4 1.67212E-4 1.69344E-4 1.71965E-4
8.43389E-5 7.70932E-5 7.14681E-5 6.64019E-5 5.60347E-5 5.19665E-5 4.7753E-5 4.42291E-5 4.05897E-5 3.45171E-5 2.8005E-5 2.55499E-5 2.36244E-5 1.97682E-5 1.80376E-5 1.66903E-5 1.67686E-5 1.47392E-5 1.68573E-5 1.69981E-5 1.56611E-5 1.76183E-5 1.8237E-5 1.84372E-5 2.27833E-5 2.30373E-5 2.34831E-5 2.69207E-5 2.97745E-5 3.03549E-5 3.10329E-5 3.13735E-5 2.7598E-5 3.16209E-5 2.87518E-5 3.23746E-5 3.31002E-5 3.02911E-5 3.08685E-5 3.166E-5 3.2009E-5 3.36223E-5 3.00264E-5 3.37546E-5 3.47255E-5 4.04114E-5 4.56601E-5 5.16471E-5 6.16066E-5 6.947E-5 6.83142E-5 7.94913E-5 9.10485E-5 1.0363E-4 1.08706E-4 1.24414E-4 1.41576E-4 1.45496E-4 1.46955E-4 1.52185E-4 1.54969E-4
9.03027E-5 8.40597E-5 7.14287E-5 6.63677E-5 6.11034E-5 5.19665E-5 4.84587E-5 4.04837E-5 3.7555E-5 3.38293E-5 2.53356E-5 2.33514E-5 2.15325E-5 2.17115E-5 2.208E-5 1.76936E-5 2.08554E-5 1.92309E-5 1.85986E-5 1.71474E-5 1.57578E-5 1.58765E-5 1.61467E-5 2.03723E-5 2.08317E-5 2.3003E-5 2.35251E-5 2.61204E-5 2.71793E-5 3.05027E-5 3.08387E-5 2.84547E-5 2.79134E-5 2.7952E-5 2.88059E-5 2.67282E-5 2.70188E-5 2.73709E-5 2.81651E-5 2.84618E-5 2.77484E-5 2.57279E-5 2.63856E-5 2.62884E-5 3.01002E-5 3.09653E-5 3.5867E-5 4.06186E-5 4.62653E-5 5.98359E-5 7.09165E-5 7.01575E-5 8.04074E-5 9.34979E-5 1.0574E-4 1.09011E-4 1.13599E-4 1.29646E-4 1.45037E-4 1.50202E-4 1.3761E-4
1.18022E-4 9.90083E-5 6.57998E-5 6.08989E-5 5.67016E-5 5.21387E-5 4.84587E-5 4.4757E-5 3.72267E-5 3.1074E-5 2.80935E-5 2.59943E-5 2.60695E-5 2.41041E-5 2.22119E-5 2.02786E-5 1.88246E-5 1.84055E-5 1.70161E-5 1.7298E-5 1.75373E-5 1.76359E-5 1.77755E-5 1.81771E-5 2.00839E-5 2.10367E-5 2.33721E-5 2.3902E-5 2.66729E-5 2.43886E-5 2.79628E-5 2.58643E-5 2.59849E-5 2.53313E-5 2.59851E-5 2.60205E-5 2.39793E-5 2.44437E-5 2.16631E-5 2.18974E-5 2.23145E-5 2.28124E-5 2.32064E-5 2.06141E-5 2.65308E-5 2.75563E-5 3.14478E-5 3.56361E-5 4.13807E-5 4.71315E-5 6.14739E-5 6.26874E-5 7.95896E-5 8.20481E-5 9.37616E-5 9.77337E-5 1.10215E-4 1.13916E-4 1.31077E-4 1.33368E-4 1.35762E-4
8.40442E-5 7.81878E-5 6.63611E-5 6.7349E-5 6.18305E-5 4.78941E-5 4.37234E-5 4.04741E-5 3.72457E-5 3.45292E-5 2.83362E-5 2.5923E-5 2.39705E-5 2.00585E-5 2.02355E-5 2.04552E-5 1.64257E-5 1.65464E-5 1.70747E-5 1.73583E-5 1.74459E-5 1.92028E-5 1.76901E-5 1.97966E-5 2.01191E-5 2.064E-5 1.87979E-5 2.17171E-5 2.44822E-5 2.21644E-5 2.43161E-5 2.24784E-5 2.25783E-5 1.98874E-5 2.02738E-5 2.0728E-5 2.12624E-5 1.92311E-5 1.93771E-5 1.98109E-5 2.03194E-5 2.05328E-5 2.32457E-5 2.06492E-5 2.12445E-5 2.37771E-5 2.83144E-5 3.21988E-5 3.61895E-5 4.25018E-5 4.89651E-5 5.49085E-5 6.39698E-5 7.31265E-5 8.20481E-5 9.6748E-5 9.77337E-5 1.12105E-4 1.13196E-4 1.21225E-4 1.24236E-4
7.9099E-5 8.02508E-5 5.83781E-5 6.14469E-5 5.70239E-5 5.28857E-5 4.81732E-5 3.67992E-5 3.73377E-5 3.17167E-5 2.8258E-5 2.61473E-5 2.40462E-5 2.45383E-5 2.03562E-5 1.79655E-5 1.63818E-5 1.69064E-5 1.8991E-5 1.72671E-5 1.75531E-5 1.94223E-5 1.95162E-5 1.98924E-5 2.02165E-5 2.03761E-5 1.88276E-5 1.91335E-5 2.1339E-5 2.17512E-5 2.0031E-5 2.01208E-5 2.04415E-5 1.98642E-5 1.81923E-5 2.07619E-5 1.82762E-5 1.84753E-5 1.88896E-5 1.7433E-5 1.7823E-5 2.05118E-5 2.08963E-5 2.14309E-5 2.07769E-5 2.14444E-5 2.50962E-5 2.88307E-5 3.26992E-5 3.71708E-5 3.88405E-5 4.95624E-5 5.77579E-5 7.21517E-5 7.44084E-5 7.67167E-5 8.89716E-5 1.0147E-4 1.02499E-4 1.0726E-4 1.2046E-4
8.0045E-5 7.38512E-5 6.76129E-5 6.17664E-5 5.75114E-5 5.33385E-5 4.39741E-5 3.71153E-5 3.4526E-5 3.1047E-5 2.85019E-5 2.63877E-5 2.44012E-5 2.13205E-5 2.16961E-5 2.00349E-5 1.82797E-5 1.89158E-5 1.92202E-5 1.92683E-5 2.11063E-5 1.92988E-5 1.96748E-5 2.00541E-5 2.03809E-5 2.04786E-5 1.89226E-5 1.90712E-5 1.9377E-5 1.96873E-5 1.78607E-5 1.81461E-5 1.85519E-5 1.63715E-5 1.64478E-5 1.60283E-5 1.84252E-5 1.6813E-5 1.71902E-5 1.75185E-5 1.77996E-5 1.6175E-5 1.88998E-5 1.91594E-5 1.89088E-5 2.14812E-5 2.43879E-5 2.81101E-5 3.24526E-5 3.35864E-5 3.89216E-5 4.49963E-5 5.0649E-5 6.60211E-5 6.71037E-5 7.68842E-5 8.88845E-5 8.1284E-5 9.24624E-5 1.06145E-4 1.09383E-4
8.74166E-5 7.37007E-5 7.47727E-5 6.3678E-5 5.70049E-5 4.17965E-5 4.44981E-5 3.75579E-5 3.64434E-5 2.96079E-5 3.16022E-5 2.5453E-5 2.32074E-5 2.14467E-5 2.18845E-5 1.99808E-5 1.8439E-5 1.86992E-5 1.87977E-5 1.74251E-5 1.93615E-5 1.94555E-5 1.97699E-5 2.01547E-5 2.02481E-5 1.86524E-5 1.89559E-5 1.73072E-5 1.93445E-5 1.78086E-5 1.63021E-5 1.64587E-5 1.67724E-5 1.60625E-5 1.42099E-5 1.44829E-5 1.47643E-5 1.4974E-5 1.38003E-5 1.57321E-5 1.59028E-5 1.63598E-5 1.67252E-5 1.93212E-5 1.97515E-5 1.943E-5 2.18233E-5 2.48481E-5 2.96744E-5 3.30628E-5 3.42165E-5 4.05528E-5 4.55452E-5 5.15559E-5 6.06317E-5 6.19558E-5 7.0977E-5 8.09468E-5 9.17883E-5 9.24277E-5 1.06922E-4
8.84158E-5 7.50475E-5 7.56274E-5 6.32072E-5 5.29409E-5 4.21542E-5 4.27972E-5 3.62253E-5 3.6564E-5 3.28997E-5 3.04821E-5 2.83167E-5 2.5905E-5 2.38883E-5 2.43763E-5 2.22692E-5 2.05631E-5 2.0673E-5 1.90751E-5 2.08065E-5 1.90249E-5 1.92726E-5 1.95841E-5 1.97397E-5 2.04164E-5 1.84772E-5 1.68187E-5 1.5374E-5 1.73066E-5 1.74421E-5 1.44262E-5 1.62513E-5 1.4126E-5 1.37612E-5 1.39836E-5 1.42988E-5 1.29876E-5 1.33917E-5 1.37371E-5 1.54059E-5 1.42438E-5 1.45625E-5 1.65726E-5 1.75214E-5 1.97904E-5 1.73049E-5 1.96763E-5 2.24896E-5 2.93048E-5 3.00484E-5 3.41779E-5 4.04233E-5 4.14436E-5 4.66425E-5 5.43832E-5 6.13034E-5 6.36116E-5 7.29557E-5 8.22231E-5 8.27675E-5 9.70297E-5
8.89078E-5 8.26699E-5 7.62716E-5 6.3026E-5 5.84573E-5 5.43649E-5 4.32864E-5 3.98625E-5 3.68782E-5 3.33857E-5 3.08466E-5 2.83318E-5 2.62154E-5 2.65922E-5 2.431E-5 2.25368E-5 1.88234E-5 1.89358E-5 1.87234E-5 1.89677E-5 1.91794E-5 1.94896E-5 1.98079E-5 1.79823E-5 1.83322E-5 1.68226E-5 1.6845E-5 1.56006E-5 1.56997E-5 1.58197E-5 1.45911E-5 1.41311E-5 1.4241E-5 1.25104E-5 1.41434E-5 1.27636E-5 1.30541E-5 1.33478E-5 1.53146E-5 1.3958E-5 1.4271E-5 1.46378E-5 1.66047E-5 1.7499E-5 1.9888E-5 2.02309E-5 1.99012E-5 2.26737E-5 2.64544E-5 2.7301E-5 3.42486E-5 3.56736E-5 4.12662E-5 4.20831E-5 4.9833E-5 5.58698E-5 6.29645E-5 7.21896E-5 7.44159E-5 7.55536E-5 8.49773E-5
8.96625E-5 7.53418E-5 6.94091E-5 5.80911E-5 5.91521E-5 5.49862E-5 5.0791E-5 4.02045E-5 3.38933E-5 3.06659E-5 2.84901E-5 2.59939E-5 2.65295E-5 2.45317E-5 2.23522E-5 2.26711E-5 2.09917E-5 2.24893E-5 2.08116E-5 2.09135E-5 1.92751E-5 1.9587E-5 1.97432E-5 1.81285E-5 1.66359E-5 1.67677E-5 1.69852E-5 1.73148E-5 1.56967E-5 1.58479E-5 1.40217E-5 1.40394E-5 1.29016E-5 1.25305E-5 1.26507E-5 1.27871E-5 1.31605E-5 1.34162E-5 1.5043E-5 1.41176E-5 1.44377E-5 1.45942E-5 1.69534E-5 1.76419E-5 1.98293E-5 2.02709E-5 1.99995E-5 2.24691E-5 2.38204E-5 2.7613E-5 3.07841E-5 3.18484E-5 4.17378E-5 4.2186E-5 4.40062E-5 4.89652E-5 5.12489E-5 5.77903E-5 5.86765E-5 6.76908E-5 6.89446E-5
8.08386E-5 6.85373E-5 6.31874E-5 5.78421E-5 5.37726E-5 5.47518E-5 4.57477E-5 4.64221E-5 4.32113E-5 3.40752E-5 3.12153E-5 2.89986E-5 2.68327E-5 2.44781E-5 2.4897E-5 2.30683E-5 2.31315E-5 2.26717E-5 2.31192E-5 2.11491E-5 2.14249E-5 2.18431E-5 1.99036E-5 1.82758E-5 1.85739E-5 1.68519E-5 1.71233E-5 1.72323E-5 1.57009E-5 1.36431E-5 1.38196E-5 1.26175E-5 1.27161E-5 1.23506E-5 1.24492E-5 1.26891E-5 1.28495E-5 1.47918E-5 1.32862E-5 1.39202E-5 1.42328E-5 1.45278E-5 1.69818E-5 1.76761E-5 1.99914E-5 2.05026E-5 2.08556E-5 2.05092E-5 2.38686E-5 2.75006E-5 3.0838E-5 3.18225E-5 3.64178E-5 3.75766E-5 4.3465E-5 4.45417E-5 4.53868E-5 5.80998E-5 5.91793E-5 6.10412E-5 6.95366E-5
8.17625E-5 7.60138E-5 5.74746E-5 5.32815E-5 5.93754E-5 5.522E-5 5.05749E-5 4.71082E-5 4.79583E-5 3.10321E-5 3.15884E-5 3.2136E-5 2.98519E-5 2.73084E-5 2.51129E-5 2.56106E-5 2.50097E-5 2.54199E-5 2.31192E-5 2.13909E-5 2.16698E-5 1.97494E-5 2.00687E-5 2.04596E-5 1.85739E-5 1.69335E-5 1.69858E-5 1.71501E-5 1.72821E-5 1.51541E-5 1.38196E-5 1.41358E-5 1.4133E-5 1.2313E-5 1.26326E-5 1.27719E-5 1.29362E-5 1.32677E-5 1.52728E-5 1.59158E-5 1.61234E-5 1.63787E-5 1.70144E-5 1.95933E-5 2.00952E-5 2.07369E-5 2.09585E-5 2.15623E-5 2.39867E-5 2.44019E-5 2.49411E-5 3.21962E-5 3.64938E-5 3.74157E-5 3.90812E-5 4.49224E-5 4.53868E-5 5.21481E-5 5.37132E-5 6.09797E-5 6.27748E-5
