Artocarpus hirsutus SDM files/MIS19/results (with bias file)/Arthir_7.asc
ncols         625
nrows         721
xllcorner     69.99986311115
yllcorner     5.99986187915
cellsize      0.041666667
NODATA_value  -9999
[rows 81 to 107 of 721, columns 61 to 121 of 625]
3.16202E-3 2.16343E-3 2.14904E-3 2.1294E-3 1.90992E-3 1.62864E-3 1.85372E-3 1.62258E-3 1.7971E-3 1.90434E-3 1.72709E-3 1.80826E-3 2.34962E-3 3.19284E-3 3.86422E-3 4.22422E-3 4.44178E-3 4.10216E-3 3.89733E-3 3.3819E-3 2.89019E-3 2.89195E-3 4.26816E-3 5.63136E-3 6.09733E-3 5.28322E-3 5.45872E-3 5.53452E-3 5.61585E-3 6.13158E-3 6.21974E-3 5.93683E-3 5.99011E-3 6.25988E-3 6.35285E-3 6.50071E-3 6.6599E-3 7.13645E-3 7.54935E-3 7.75791E-3 7.82664E-3 7.95378E-3 8.46361E-3 8.21583E-3 9.48237E-3 1.04588E-2 1.25133E-2 1.407E-2 1.56928E-2 1.64062E-2 1.7965E-2 2.12377E-2 2.32444E-2 2.58794E-2 2.28004E-2 2.09366E-2 1.73414E-2 1.63974E-2 2.08343E-2 1.86116E-2 1.67207E-2
1.74537E-3 2.1569E-3 1.39726E-3 1.70124E-3 2.15794E-3 2.643E-3 2.78654E-3 2.49404E-3 2.27089E-3 2.17594E-3 2.28247E-3 2.95356E-3 3.58786E-3 4.66391E-3 5.64213E-3 6.04428E-3 5.81687E-3 5.90892E-3 5.65616E-3 4.91519E-3 4.83201E-3 4.47944E-3 5.15156E-3 5.58917E-3 5.55397E-3 5.21649E-3 5.33975E-3 5.47665E-3 5.51686E-3 5.42384E-3 5.21161E-3 5.31056E-3 5.55274E-3 5.51173E-3 5.82254E-3 5.96693E-3 6.61541E-3 6.37708E-3 6.80482E-3 7.02652E-3 7.44797E-3 7.41324E-3 8.08754E-3 9.00175E-3 9.74993E-3 1.08372E-2 1.12028E-2 1.25874E-2 1.4004E-2 1.58812E-2 1.83239E-2 1.92899E-2 2.02459E-2 2.08625E-2 2.07667E-2 1.88245E-2 1.75156E-2 1.56683E-2 1.46227E-2 1.58801E-2 1.94814E-2
1.75373E-3 1.80896E-3 2.069E-3 2.81755E-3 3.12637E-3 3.57549E-3 3.70387E-3 3.40603E-3 3.83948E-3 3.9718E-3 4.10321E-3 4.41103E-3 5.00693E-3 6.07353E-3 6.47482E-3 6.94212E-3 6.66974E-3 7.10712E-3 6.79592E-3 6.00351E-3 6.0209E-3 5.79517E-3 5.57473E-3 5.33462E-3 4.96566E-3 5.17246E-3 4.90941E-3 4.84663E-3 4.75543E-3 4.85003E-3 4.6235E-3 4.7721E-3 4.90811E-3 5.03728E-3 5.5299E-3 5.92397E-3 6.16068E-3 6.3178E-3 6.44964E-3 6.77786E-3 7.11908E-3 8.13906E-3 8.04955E-3 8.29229E-3 9.34867E-3 1.00531E-2 1.08252E-2 1.12064E-2 1.34997E-2 1.4552E-2 1.47282E-2 1.50614E-2 1.71415E-2 1.69665E-2 1.81706E-2 1.97152E-2 2.06608E-2 1.9282E-2 1.77612E-2 1.50494E-2 1.57228E-2
2.77307E-3 2.80629E-3 2.84009E-3 3.56483E-3 3.79168E-3 4.17681E-3 4.08476E-3 4.74718E-3 4.79529E-3 5.74149E-3 5.61823E-3 6.07631E-3 5.90247E-3 6.07302E-3 6.38644E-3 6.21297E-3 5.91697E-3 5.73289E-3 5.59236E-3 5.22234E-3 4.96421E-3 5.14253E-3 4.76851E-3 4.57496E-3 4.43323E-3 4.01781E-3 4.10847E-3 4.26581E-3 4.30612E-3 4.41367E-3 4.51341E-3 4.17269E-3 4.58375E-3 4.86829E-3 5.10335E-3 5.48526E-3 5.36811E-3 5.685E-3 6.28167E-3 6.71858E-3 6.92911E-3 6.71813E-3 7.92766E-3 8.13077E-3 8.5685E-3 8.72213E-3 1.00662E-2 1.06115E-2 1.15375E-2 1.172E-2 1.19062E-2 1.33331E-2 1.48242E-2 1.64476E-2 1.77378E-2 1.93816E-2 2.17068E-2 1.99873E-2 1.86523E-2 1.73589E-2 1.73527E-2
3.46672E-3 3.7842E-3 3.86236E-3 4.55206E-3 4.44265E-3 4.8653E-3 4.6147E-3 5.30846E-3 5.62865E-3 5.69356E-3 5.87691E-3 5.69803E-3 5.54096E-3 5.33111E-3 4.92419E-3 5.55912E-3 5.19092E-3 4.97392E-3 4.64065E-3 5.03879E-3 4.22435E-3 4.04176E-3 3.90648E-3 4.08437E-3 3.77252E-3 3.73534E-3 3.97625E-3 4.07307E-3 4.14249E-3 4.30612E-3 4.44606E-3 4.53522E-3 4.21129E-3 4.3366E-3 4.48715E-3 4.6074E-3 4.65767E-3 5.3641E-3 5.72251E-3 6.08297E-3 6.2581E-3 6.65941E-3 6.88712E-3 7.28379E-3 7.65243E-3 8.07166E-3 8.35231E-3 8.70824E-3 9.46826E-3 1.03314E-2 1.05146E-2 1.20913E-2 1.37867E-2 1.48282E-2 1.67659E-2 1.67266E-2 1.89973E-2 1.87737E-2 1.85589E-2 1.94574E-2 1.7281E-2
4.1769E-3 4.2382E-3 4.50039E-3 4.84416E-3 5.16445E-3 5.04022E-3 5.39637E-3 5.27631E-3 5.47279E-3 5.28507E-3 5.13752E-3 5.31712E-3 5.36753E-3 5.54692E-3 5.41283E-3 4.7207E-3 4.5374E-3 4.71711E-3 4.57036E-3 3.9147E-3 4.07956E-3 3.94702E-3 3.86547E-3 3.29767E-3 3.4448E-3 3.65737E-3 3.76352E-3 3.90039E-3 3.67615E-3 3.6888E-3 3.77868E-3 3.91645E-3 4.14108E-3 4.25246E-3 4.02682E-3 4.45107E-3 4.61022E-3 4.90841E-3 5.06518E-3 5.25109E-3 5.56517E-3 5.91116E-3 6.29965E-3 6.50125E-3 6.86216E-3 7.12376E-3 6.79776E-3 6.97095E-3 7.33876E-3 8.29455E-3 9.33627E-3 1.05895E-2 1.18403E-2 1.27249E-2 1.37121E-2 1.56004E-2 1.558E-2 1.71217E-2 1.68962E-2 1.74063E-2 1.69292E-2
4.31275E-3 5.17182E-3 4.95919E-3 5.15597E-3 5.10232E-3 4.89163E-3 5.10119E-3 4.9895E-3 5.30783E-3 5.15362E-3 4.9824E-3 4.82972E-3 5.03049E-3 4.57174E-3 4.30402E-3 4.1007E-3 3.82801E-3 4.00027E-3 3.58838E-3 3.817E-3 3.27861E-3 3.38206E-3 3.1407E-3 3.52956E-3 3.38209E-3 3.44132E-3 3.16058E-3 3.31802E-3 3.11715E-3 3.22461E-3 3.31857E-3 3.41492E-3 3.57376E-3 3.66078E-3 3.8125E-3 3.90801E-3 4.19104E-3 4.32422E-3 4.5028E-3 4.76889E-3 4.9015E-3 5.0395E-3 5.43067E-3 5.2353E-3 5.48147E-3 5.6239E-3 5.81747E-3 6.6791E-3 6.76477E-3 7.38482E-3 8.10931E-3 9.32718E-3 9.59009E-3 1.07764E-2 1.19865E-2 1.29221E-2 1.40874E-2 1.41229E-2 1.49311E-2 1.4995E-2 1.59062E-2
4.77662E-3 4.54785E-3 4.50476E-3 4.71979E-3 4.78668E-3 5.14683E-3 4.64988E-3 4.77154E-3 4.61402E-3 4.54127E-3 4.43468E-3 4.07131E-3 4.00961E-3 4.28549E-3 3.73547E-3 3.50393E-3 3.46719E-3 3.40792E-3 3.14958E-3 2.90803E-3 3.04384E-3 3.15886E-3 3.2409E-3 3.01315E-3 3.16452E-3 3.01492E-3 3.12339E-3 2.90776E-3 3.01719E-3 3.12669E-3 3.1839E-3 3.18958E-3 3.44048E-3 3.60043E-3 3.72735E-3 3.57949E-3 3.594E-3 3.68276E-3 3.92147E-3 4.01523E-3 4.32696E-3 4.47416E-3 4.24951E-3 4.55055E-3 4.70122E-3 4.82E-3 5.45094E-3 5.82824E-3 6.21734E-3 6.33804E-3 7.15214E-3 8.15653E-3 8.23564E-3 9.25496E-3 1.09225E-2 1.10211E-2 1.12494E-2 1.30696E-2 1.32815E-2 1.31895E-2 1.41232E-2
4.11055E-3 4.20733E-3 4.57381E-3 4.34058E-3 4.70007E-3 4.52228E-3 4.8159E-3 4.67418E-3 4.51722E-3 3.91825E-3 4.09166E-3 3.67237E-3 3.86678E-3 3.56484E-3 3.19435E-3 3.39865E-3 3.32474E-3 2.80639E-3 2.85092E-3 2.94564E-3 2.88286E-3 2.96853E-3 2.84106E-3 3.06295E-3 2.73533E-3 2.80845E-3 2.97307E-3 2.86075E-3 2.81488E-3 3.0126E-3 3.01289E-3 2.9714E-3 2.98256E-3 3.06671E-3 2.91988E-3 2.99919E-3 3.20274E-3 3.3101E-3 3.43525E-3 3.63109E-3 3.73793E-3 3.88854E-3 4.14845E-3 4.33132E-3 4.06255E-3 4.68116E-3 4.86646E-3 5.17176E-3 5.67454E-3 5.7246E-3 6.52004E-3 7.10768E-3 7.80603E-3 8.02755E-3 8.52659E-3 9.70304E-3 1.01986E-2 1.01934E-2 1.06215E-2 1.17113E-2 1.1796E-2
3.87612E-3 4.16299E-3 4.1259E-3 4.3158E-3 4.45865E-3 4.39971E-3 4.31055E-3 4.11447E-3 3.98613E-3 3.7523E-3 3.60052E-3 3.43514E-3 3.37669E-3 3.63433E-3 3.12873E-3 2.96501E-3 2.79123E-3 2.84652E-3 2.68991E-3 2.83001E-3 2.67584E-3 2.7861E-3 2.65806E-3 2.75964E-3 2.6375E-3 2.49448E-3 2.57611E-3 2.68251E-3 2.7801E-3 2.63897E-3 2.60629E-3 2.49056E-3 2.64559E-3 2.75833E-3 2.82474E-3 2.91016E-3 2.67296E-3 2.852E-3 2.95309E-3 3.06634E-3 3.27753E-3 3.36873E-3 3.47665E-3 3.73542E-3 3.82475E-3 3.93496E-3 4.22023E-3 4.66324E-3 4.90432E-3 5.55553E-3 5.85171E-3 6.5499E-3 6.79686E-3 7.16375E-3 7.28467E-3 7.50584E-3 8.67147E-3 9.09331E-3 9.9519E-3 1.01115E-2 1.01314E-2
3.83991E-3 3.66515E-3 3.87934E-3 4.17395E-3 4.00341E-3 3.95664E-3 3.76469E-3 3.53551E-3 3.78423E-3 3.58546E-3 3.52475E-3 3.39438E-3 3.14925E-3 2.85802E-3 2.6677E-3 2.51495E-3 2.61197E-3 2.71562E-3 2.6379E-3 2.5199E-3 2.32393E-3 2.41007E-3 2.28243E-3 2.46433E-3 2.53685E-3 2.41924E-3 2.43324E-3 2.33068E-3 2.40695E-3 2.46213E-3 2.35944E-3 2.31936E-3 2.22366E-3 2.26574E-3 2.43643E-3 2.5537E-3 2.60419E-3 2.67449E-3 2.83365E-3 2.97614E-3 3.09612E-3 2.93342E-3 3.01026E-3 3.27764E-3 3.72594E-3 3.81239E-3 4.06621E-3 4.12032E-3 4.54741E-3 4.86162E-3 5.03486E-3 5.15111E-3 5.74937E-3 6.03875E-3 6.17719E-3 6.41149E-3 7.34257E-3 7.53498E-3 8.49845E-3 8.64358E-3 8.90314E-3
3.71768E-3 3.56188E-3 3.6879E-3 3.62707E-3 3.80806E-3 3.4381E-3 3.29996E-3 3.46132E-3 3.2802E-3 3.5271E-3 3.32106E-3 2.94067E-3 3.07329E-3 2.99018E-3 2.54754E-3 2.61013E-3 2.71365E-3 2.68711E-3 2.48947E-3 2.35674E-3 2.23484E-3 2.34013E-3 2.23189E-3 2.07131E-3 2.11772E-3 2.00966E-3 2.09428E-3 2.21951E-3 2.29575E-3 2.35646E-3 2.25948E-3 2.35833E-3 2.16726E-3 2.19265E-3 2.28188E-3 2.38289E-3 2.23487E-3 2.31831E-3 2.35547E-3 2.59493E-3 2.69272E-3 2.73513E-3 2.84554E-3 3.05244E-3 3.10991E-3 3.28855E-3 3.63427E-3 3.75126E-3 3.9353E-3 4.39571E-3 4.21486E-3 4.73699E-3 4.95996E-3 5.05088E-3 5.17309E-3 5.5473E-3 6.14548E-3 6.34171E-3 6.41729E-3 7.34381E-3 8.23471E-3
3.38256E-3 3.4448E-3 3.59142E-3 3.46626E-3 3.39168E-3 3.24289E-3 2.97404E-3 2.95834E-3 3.18425E-3 2.99151E-3 2.87457E-3 2.81366E-3 2.62008E-3 2.44711E-3 2.3696E-3 2.4904E-3 2.42215E-3 2.24553E-3 2.13863E-3 2.16855E-3 2.10839E-3 1.99301E-3 2.09317E-3 1.93754E-3 1.83502E-3 1.88984E-3 1.9745E-3 1.91092E-3 2.00291E-3 1.98283E-3 1.89119E-3 1.94482E-3 2.08522E-3 2.15821E-3 2.23149E-3 2.05271E-3 2.1129E-3 2.24992E-3 2.31491E-3 2.24202E-3 2.28941E-3 2.63192E-3 2.73586E-3 2.83562E-3 2.57192E-3 2.98581E-3 3.06257E-3 3.1454E-3 3.3147E-3 3.42418E-3 3.91986E-3 4.02457E-3 4.14493E-3 4.72196E-3 4.49492E-3 4.96188E-3 5.07847E-3 5.81959E-3 5.89949E-3 6.07406E-3 6.64253E-3
3.11329E-3 3.08399E-3 3.26683E-3 3.20989E-3 3.05679E-3 2.79489E-3 2.92102E-3 2.61375E-3 2.71087E-3 2.62632E-3 2.53968E-3 2.15816E-3 2.28649E-3 2.39397E-3 2.34431E-3 2.14153E-3 2.07115E-3 1.97799E-3 2.02749E-3 2.13143E-3 1.96429E-3 1.87424E-3 1.95276E-3 1.84249E-3 1.93178E-3 1.83358E-3 1.66679E-3 1.74994E-3 1.80084E-3 1.71359E-3 1.82652E-3 1.89264E-3 1.74217E-3 1.80432E-3 1.862E-3 1.92479E-3 2.03694E-3 1.95839E-3 1.91274E-3 2.01373E-3 2.14068E-3 2.20349E-3 2.29134E-3 2.40954E-3 2.49135E-3 2.77936E-3 2.9347E-3 2.77904E-3 3.10898E-3 3.25706E-3 3.31652E-3 3.8615E-3 3.79841E-3 3.90679E-3 4.02933E-3 4.56665E-3 4.69708E-3 4.74819E-3 4.87197E-3 5.53763E-3 5.6463E-3
2.7405E-3 3.07336E-3 2.82379E-3 2.70539E-3 2.55391E-3 2.75436E-3 2.65198E-3 2.54304E-3 2.36388E-3 2.27699E-3 2.36322E-3 2.28678E-3 2.17638E-3 2.1081E-3 2.00105E-3 1.93669E-3 1.99635E-3 2.03985E-3 1.9713E-3 1.82988E-3 1.89068E-3 1.82505E-3 1.73037E-3 1.78669E-3 1.70809E-3 1.773E-3 1.83771E-3 1.68729E-3 1.59902E-3 1.67643E-3 1.72089E-3 1.58066E-3 1.6723E-3 1.60183E-3 1.62037E-3 1.65134E-3 1.70359E-3 1.75415E-3 1.85577E-3 1.93465E-3 2.0082E-3 2.13107E-3 1.95191E-3 2.02431E-3 2.28657E-3 2.35853E-3 2.44284E-3 2.58708E-3 2.61802E-3 2.92383E-3 3.06048E-3 3.16422E-3 3.22062E-3 3.6557E-3 3.76183E-3 3.85749E-3 4.40339E-3 4.52464E-3 4.49659E-3 4.58155E-3 5.1972E-3
2.72518E-3 2.62122E-3 2.54488E-3 2.42922E-3 2.53719E-3 2.40603E-3 2.5327E-3 2.26222E-3 2.05707E-3 2.19406E-3 1.94697E-3 1.98481E-3 1.83976E-3 1.81172E-3 1.69118E-3 1.75042E-3 1.72523E-3 1.75932E-3 1.65729E-3 1.6947E-3 1.6304E-3 1.76474E-3 1.83181E-3 1.69049E-3 1.6015E-3 1.62873E-3 1.57056E-3 1.62956E-3 1.49349E-3 1.42697E-3 1.46963E-3 1.52261E-3 1.57937E-3 1.61862E-3 1.72791E-3 1.58287E-3 1.63525E-3 1.57137E-3 1.60549E-3 1.87374E-3 1.71378E-3 1.76711E-3 1.8749E-3 1.94551E-3 1.99834E-3 2.26589E-3 2.32826E-3 2.36795E-3 2.49274E-3 2.79617E-3 2.81564E-3 2.88993E-3 3.24062E-3 3.36495E-3 3.45524E-3 3.51859E-3 3.80097E-3 3.82405E-3 3.92674E-3 4.01782E-3 3.94841E-3
2.15644E-3 2.2227E-3 2.31708E-3 2.79471E-3 2.56876E-3 2.13976E-3 2.19163E-3 2.07558E-3 2.21065E-3 1.98049E-3 1.78664E-3 1.85667E-3 1.64917E-3 1.72664E-3 1.65711E-3 1.50554E-3 1.5668E-3 1.5063E-3 1.54823E-3 1.64503E-3 1.57047E-3 1.6692E-3 1.53482E-3 1.44755E-3 1.37392E-3 1.41637E-3 1.46683E-3 1.43763E-3 1.44277E-3 1.50952E-3 1.41939E-3 1.47913E-3 1.52141E-3 1.57067E-3 1.43504E-3 1.53593E-3 1.46741E-3 1.44662E-3 1.50768E-3 1.56448E-3 1.64578E-3 1.69557E-3 1.7559E-3 1.85855E-3 1.80991E-3 1.88091E-3 2.15723E-3 2.19037E-3 2.31433E-3 2.56846E-3 2.62875E-3 2.77976E-3 2.82543E-3 2.89066E-3 3.02568E-3 3.10318E-3 3.0621E-3 3.0905E-3 3.43556E-3 3.63889E-3 3.72222E-3
2.14433E-3 2.1625E-3 2.05319E-3 2.08854E-3 1.90377E-3 2.0085E-3 1.93351E-3 1.93684E-3 1.84816E-3 1.71369E-3 1.74519E-3 1.68341E-3 1.55473E-3 1.49766E-3 1.41235E-3 1.48026E-3 1.41511E-3 1.4725E-3 1.49231E-3 1.44072E-3 1.34051E-3 1.38655E-3 1.35429E-3 1.40853E-3 1.32785E-3 1.37564E-3 1.25441E-3 1.31846E-3 1.2547E-3 1.2915E-3 1.38474E-3 1.25446E-3 1.28196E-3 1.34626E-3 1.39763E-3 1.31566E-3 1.36816E-3 1.40412E-3 1.45021E-3 1.50659E-3 1.42154E-3 1.64535E-3 1.48611E-3 1.65514E-3 1.75338E-3 1.79364E-3 2.0376E-3 2.09317E-3 2.15701E-3 2.25577E-3 2.31084E-3 2.25737E-3 2.39637E-3 2.63515E-3 2.69339E-3 2.72485E-3 2.86172E-3 2.90872E-3 2.87426E-3 2.99391E-3 3.07895E-3
1.97222E-3 1.99587E-3 1.90793E-3 1.84816E-3 1.64927E-3 1.80117E-3 1.71036E-3 1.64991E-3 1.58813E-3 1.4958E-3 1.53825E-3 1.47987E-3 1.36465E-3 1.27858E-3 1.45188E-3 1.42323E-3 1.46839E-3 1.33717E-3 1.4549E-3 1.34133E-3 1.28758E-3 1.31084E-3 1.26494E-3 1.32993E-3 1.22475E-3 1.18233E-3 1.23335E-3 1.27015E-3 1.19515E-3 1.24746E-3 1.19143E-3 1.20788E-3 1.60718E-3 1.67683E-3 1.61819E-3 1.69542E-3 1.71391E-3 1.81474E-3 1.29984E-3 1.75734E-3 1.3132E-3 1.34589E-3 1.41862E-3 1.61809E-3 1.67191E-3 1.71682E-3 1.74431E-3 1.85237E-3 1.87815E-3 2.09247E-3 2.12222E-3 2.16856E-3 2.29212E-3 2.31504E-3 2.34166E-3 2.47747E-3 2.33462E-3 2.63483E-3 2.49757E-3 2.53288E-3 2.59925E-3
1.68964E-3 1.5833E-3 1.64468E-3 1.55844E-3 1.54315E-3 1.58085E-3 1.52177E-3 1.44721E-3 1.34918E-3 1.39356E-3 1.33962E-3 1.27559E-3 1.3102E-3 1.35888E-3 1.29608E-3 1.2303E-3 1.2278E-3 1.27894E-3 1.39201E-3 1.20915E-3 1.24257E-3 1.20258E-3 1.2325E-3 1.13109E-3 1.18276E-3 1.127E-3 1.05501E-3 1.08797E-3 1.13133E-3 1.04063E-3 1.34666E-3 1.43944E-3 1.54359E-3 1.62006E-3 1.50301E-3 1.56054E-3 1.50491E-3 1.74992E-3 1.7023E-3 1.69312E-3 1.74251E-3 1.79769E-3 1.94085E-3 2.01289E-3 1.39105E-3 1.64405E-3 1.66816E-3 1.71859E-3 1.72413E-3 1.79442E-3 1.85007E-3 1.84894E-3 2.07842E-3 2.06243E-3 2.07962E-3 2.13611E-3 2.23888E-3 2.29327E-3 2.32969E-3 2.12652E-3 2.38721E-3
1.65022E-3 1.60252E-3 1.40876E-3 1.27423E-3 1.29295E-3 1.23725E-3 1.30899E-3 1.21453E-3 1.28494E-3 1.24595E-3 1.2958E-3 1.34319E-3 1.27896E-3 1.3102E-3 1.20843E-3 1.30508E-3 1.27399E-3 1.17619E-3 1.09194E-3 1.15172E-3 1.0465E-3 1.11601E-3 1.0432E-3 1.09269E-3 1.04291E-3 1.07106E-3 1.25265E-3 1.06123E-3 1.35052E-3 1.42672E-3 1.29983E-3 1.24696E-3 1.33373E-3 1.39584E-3 1.2767E-3 1.335E-3 1.39726E-3 1.54343E-3 1.53227E-3 1.57194E-3 1.63142E-3 1.74881E-3 1.8132E-3 1.79334E-3 1.89619E-3 1.95454E-3 1.54249E-3 1.60098E-3 1.6331E-3 1.65303E-3 1.69322E-3 1.65441E-3 2.00057E-3 2.05461E-3 2.02528E-3 2.06306E-3 2.10011E-3 1.89472E-3 1.92198E-3 1.9619E-3 1.88857E-3
1.23023E-3 1.24137E-3 1.31459E-3 1.24457E-3 1.17674E-3 1.22991E-3 1.17008E-3 1.09461E-3 1.2418E-3 1.09445E-3 1.0917E-3 1.15253E-3 1.08965E-3 1.10588E-3 1.18365E-3 1.16182E-3 1.178E-3 1.14059E-3 1.07726E-3 1.09468E-3 1.01596E-3 9.61141E-4 9.91062E-4 9.4076E-4 9.94876E-4 1.04083E-3 1.15279E-3 1.19949E-3 1.15915E-3 1.09155E-3 1.1462E-3 1.18487E-3 1.25622E-3 1.18501E-3 1.24013E-3 1.31831E-3 1.34916E-3 1.24873E-3 1.44282E-3 1.5078E-3 1.56607E-3 1.62773E-3 1.6428E-3 1.69542E-3 1.75924E-3 1.84801E-3 1.91089E-3 1.49612E-3 1.54198E-3 1.60003E-3 1.64889E-3 1.68174E-3 1.71875E-3 1.7447E-3 1.77406E-3 1.81018E-3 1.85406E-3 1.81297E-3 1.84217E-3 1.7445E-3 1.78051E-3
1.19995E-3 1.24074E-3 1.17067E-3 1.11713E-3 1.13754E-3 1.10881E-3 1.13119E-3 1.17166E-3 9.82166E-4 1.00525E-3 1.06239E-3 9.95831E-4 9.65311E-4 1.08305E-3 1.06453E-3 1.0124E-3 9.11535E-4 9.32174E-4 1.02445E-3 1.08817E-3 9.93432E-4 9.36111E-4 9.58857E-4 9.19189E-4 9.49855E-4 1.06842E-3 1.10776E-3 1.11217E-3 1.10397E-3 1.13743E-3 1.09135E-3 1.16124E-3 1.16024E-3 1.2447E-3 1.2242E-3 1.2404E-3 1.14439E-3 1.19341E-3 1.37919E-3 1.32474E-3 1.31345E-3 1.37309E-3 1.4474E-3 1.64614E-3 1.69883E-3 1.80619E-3 1.75231E-3 2.05643E-3 2.12531E-3 2.31675E-3 1.54014E-3 1.57851E-3 1.60812E-3 1.63525E-3 1.53497E-3 1.53515E-3 1.54867E-3 1.54896E-3 1.57918E-3 1.55273E-3 1.46018E-3
1.05584E-3 1.08162E-3 1.0106E-3 1.04512E-3 1.00622E-3 1.01516E-3 9.61979E-4 1.00234E-3 9.75736E-4 9.92935E-4 1.02823E-3 9.66878E-4 9.91661E-4 9.67818E-4 8.16538E-4 8.54098E-4 8.82985E-4 9.2412E-4 8.79225E-4 8.33666E-4 8.52115E-4 8.88649E-4 8.64739E-4 8.47789E-4 9.5207E-4 9.21201E-4 9.62639E-4 1.00173E-3 1.06054E-3 1.10708E-3 1.06319E-3 1.11311E-3 1.07085E-3 9.91663E-4 1.11942E-3 1.18885E-3 1.23583E-3 1.14731E-3 1.18895E-3 1.26237E-3 1.41351E-3 1.3124E-3 1.41507E-3 1.55986E-3 1.58434E-3 1.67358E-3 1.70459E-3 2.00477E-3 1.90673E-3 1.99752E-3 1.96136E-3 1.37419E-3 1.39319E-3 1.348E-3 1.39461E-3 1.40092E-3 1.44177E-3 1.45447E-3 1.51317E-3 1.3658E-3 1.51727E-3
1.02002E-3 9.504E-4 9.67338E-4 1.0446E-3 9.81501E-4 9.28199E-4 9.52706E-4 9.02225E-4 8.58718E-4 8.74808E-4 9.00602E-4 8.65125E-4 9.2512E-4 8.87189E-4 7.91106E-4 8.09862E-4 7.79292E-4 7.39177E-4 7.77648E-4 7.92433E-4 8.33666E-4 7.98571E-4 7.53534E-4 1.00781E-3 9.69508E-4 9.65028E-4 9.23956E-4 8.84935E-4 9.27071E-4 9.51449E-4 9.06208E-4 1.03348E-3 1.00429E-3 1.03077E-3 9.81087E-4 9.99911E-4 1.15153E-3 1.09582E-3 1.13523E-3 1.21685E-3 1.24061E-3 1.30597E-3 1.30306E-3 1.46131E-3 1.50885E-3 1.57031E-3 1.66699E-3 1.70842E-3 1.74626E-3 1.80191E-3 1.86424E-3 1.88166E-3 1.97607E-3 1.35403E-3 1.33954E-3 1.42485E-3 1.40577E-3 1.42443E-3 1.29178E-3 1.4403E-3 1.31016E-3
8.65072E-4 9.53187E-4 8.55232E-4 8.05567E-4 8.64692E-4 9.21796E-4 8.33961E-4 7.79917E-4 8.05786E-4 8.10554E-4 8.47417E-4 8.43816E-4 7.75864E-4 7.48866E-4 7.77479E-4 7.27486E-4 7.48609E-4 7.81452E-4 7.10071E-4 6.73024E-4 7.19386E-4 6.55527E-4 7.02768E-4 7.7474E-4 7.98284E-4 9.6945E-4 8.84273E-4 8.46144E-4 8.69494E-4 9.45374E-4 9.22578E-4 9.14699E-4 9.36214E-4 9.80853E-4 9.49572E-4 1.10138E-3 1.00923E-3 1.04984E-3 1.08446E-3 1.06741E-3 1.14166E-3 1.16272E-3 1.33794E-3 1.41455E-3 1.46064E-3 1.55424E-3 1.6146E-3 1.50134E-3 1.75538E-3 1.73355E-3 1.61653E-3 1.63089E-3 1.68173E-3 1.70774E-3 1.30559E-3 1.17498E-3 1.21249E-3 1.23621E-3 1.20498E-3 1.18044E-3 1.21909E-3
9.09133E-4 8.65774E-4 8.92747E-4 8.38439E-4 7.89773E-4 7.18561E-4 6.73688E-4 7.51518E-4 7.74543E-4 8.05221E-4 8.49734E-4 7.35318E-4 6.96895E-4 7.24358E-4 6.75544E-4 7.01344E-4 7.3769E-4 6.97433E-4 7.13225E-4 6.83681E-4 6.86309E-4 6.43995E-4 7.67429E-4 7.23248E-4 7.77372E-4 7.35923E-4 7.64633E-4 8.32237E-4 8.83504E-4 7.92138E-4 8.10501E-4 7.76617E-4 9.53109E-4 9.45026E-4 8.99559E-4 9.42051E-4 1.01026E-3 9.88796E-4 1.03186E-3 1.07971E-3 1.08823E-3 1.10326E-3 1.36638E-3 1.28272E-3 1.33713E-3 1.32696E-3 1.40728E-3 1.39889E-3 1.43028E-3 1.44717E-3 1.51017E-3 1.55862E-3 1.77933E-3 1.68557E-3 1.73882E-3 1.12205E-3 1.13365E-3 1.14173E-3 1.16075E-3 1.04014E-3 1.0572E-3
