Artocarpus hirsutus SDM files/MIS19/results (with bias file)/Arthir_max.asc
ncols         625
nrows         721
xllcorner     69.99986311115
yllcorner     5.99986187915
cellsize      0.041666667
NODATA_value  -9999
[rows 378 to 404 of 721, columns 61 to 121 of 625]
-9999 -9999 -9999 -9999 3.2062E-3 3.87928E-3 4.53065E-3 3.74327E-3 3.52665E-3 3.58596E-3 3.76142E-3 4.08436E-3 6.25314E-3 8.71728E-3 6.27502E-3 6.94329E-3 7.89218E-3 5.82259E-3 4.12556E-3 5.60727E-3 5.8501E-3 7.46144E-3 8.33047E-3 6.81822E-3 2.78851E-3 3.8299E-3 4.91983E-3 4.06354E-3 2.93935E-3 2.24335E-3 1.61603E-3 1.77415E-3 1.60976E-3 1.51151E-3 1.67537E-3 1.42369E-3 1.48686E-3 1.30537E-3 1.28035E-3 1.13553E-3 1.06115E-3 1.10424E-3 1.09931E-3 1.29345E-3 1.29086E-3 1.2029E-3 1.21296E-3 1.56111E-3 1.71702E-3 1.68922E-3 1.74404E-3 1.76513E-3 1.5014E-3 1.98298E-3 2.32319E-3 2.88955E-3 3.11704E-3 2.80625E-3 4.00862E-3 3.30392E-3 3.41092E-3
-9999 -9999 -9999 -9999 3.34786E-3 3.613E-3 3.91424E-3 4.25589E-3 4.02557E-3 3.61716E-3 4.41411E-3 3.79483E-3 7.07917E-3 7.68753E-3 8.02475E-3 9.47356E-3 8.10774E-3 4.63734E-3 4.6806E-3 5.68775E-3 6.0918E-3 5.80358E-3 7.23866E-3 5.69831E-3 3.57069E-3 3.70066E-3 4.92527E-3 3.82664E-3 2.56346E-3 2.11531E-3 1.8822E-3 1.73354E-3 1.70729E-3 1.72983E-3 1.60806E-3 1.50234E-3 1.50162E-3 1.70174E-3 1.26988E-3 1.27303E-3 1.30608E-3 1.10788E-3 1.13146E-3 1.32105E-3 1.19767E-3 1.0222E-3 1.29632E-3 1.99416E-3 1.41118E-3 1.61871E-3 1.7177E-3 1.85733E-3 1.55977E-3 1.98974E-3 2.38854E-3 2.50302E-3 2.17911E-3 2.1064E-3 3.20193E-3 3.74713E-3 3.32773E-3
-9999 -9999 -9999 -9999 3.38775E-3 3.42675E-3 3.52926E-3 4.54802E-3 3.86339E-3 2.91033E-3 4.1348E-3 3.87335E-3 4.66902E-3 4.40817E-3 5.04027E-3 5.46146E-3 6.97924E-3 4.47521E-3 6.05826E-3 2.96128E-3 5.03704E-3 3.53174E-3 5.16955E-3 4.48371E-3 3.91695E-3 4.20585E-3 5.35927E-3 3.64085E-3 3.06313E-3 2.31091E-3 2.42807E-3 2.16639E-3 1.48986E-3 1.64535E-3 1.58531E-3 1.47433E-3 1.41989E-3 1.49493E-3 1.33861E-3 1.39415E-3 1.27262E-3 1.09844E-3 1.15049E-3 1.12992E-3 1.35918E-3 1.31112E-3 1.49314E-3 1.74526E-3 1.44304E-3 2.05052E-3 1.96657E-3 1.98271E-3 1.47109E-3 2.04026E-3 2.58004E-3 2.28693E-3 2.29855E-3 2.18049E-3 2.38944E-3 2.78385E-3 2.82972E-3
-9999 -9999 -9999 -9999 3.51203E-3 4.22382E-3 3.71867E-3 4.07933E-3 4.69996E-3 3.45701E-3 4.43603E-3 4.35478E-3 6.70835E-3 5.97675E-3 5.69628E-3 4.59482E-3 2.74708E-3 4.75888E-3 9.8341E-3 5.50044E-3 6.94538E-3 3.54381E-3 4.29735E-3 5.26608E-3 4.60644E-3 5.30515E-3 3.73398E-3 2.53093E-3 3.39021E-3 2.54163E-3 2.38201E-3 2.13868E-3 1.85127E-3 1.7533E-3 1.62308E-3 1.45609E-3 1.39208E-3 1.43468E-3 1.33541E-3 1.5397E-3 1.22971E-3 1.08713E-3 1.10356E-3 1.0205E-3 1.04277E-3 1.15051E-3 1.14517E-3 1.42792E-3 1.40809E-3 2.03308E-3 2.11816E-3 1.82194E-3 1.51024E-3 2.39896E-3 2.34656E-3 2.41231E-3 2.26355E-3 2.45441E-3 2.66822E-3 2.81874E-3 2.75987E-3
-9999 -9999 -9999 -9999 3.95263E-3 5.21376E-3 6.84749E-3 2.37966E-3 3.13965E-3 4.07021E-3 5.86801E-3 3.95511E-3 6.00594E-3 8.24603E-3 1.13512E-2 7.97256E-3 3.73996E-3 3.50369E-3 1.07169E-2 8.43678E-3 1.2149E-2 6.29234E-3 3.49187E-3 5.77791E-3 7.49823E-3 3.70729E-3 2.84387E-3 2.0823E-3 3.28304E-3 3.25888E-3 2.4844E-3 2.16484E-3 1.9638E-3 1.81849E-3 1.63086E-3 1.60169E-3 1.38269E-3 1.35396E-3 1.29819E-3 1.69648E-3 1.36447E-3 1.05607E-3 9.8047E-4 1.00396E-3 1.02449E-3 1.17622E-3 1.17985E-3 1.15182E-3 1.26398E-3 1.50045E-3 1.99776E-3 1.85351E-3 2.12409E-3 2.51374E-3 2.58312E-3 2.56103E-3 2.53107E-3 2.49241E-3 2.87334E-3 2.99832E-3 2.73981E-3
-9999 -9999 -9999 3.47946E-3 4.47398E-3 6.45928E-3 8.53476E-3 3.02511E-3 3.38245E-3 5.57076E-3 6.11286E-3 5.78096E-3 7.37438E-3 5.20868E-3 1.23326E-2 1.05382E-2 4.72696E-3 3.54257E-3 4.97993E-3 9.57002E-3 1.64323E-2 1.14838E-2 1.20017E-2 1.10078E-2 6.51408E-3 2.95777E-3 2.53846E-3 2.56155E-3 2.4158E-3 2.86115E-3 3.12947E-3 2.62809E-3 2.49317E-3 1.98452E-3 1.6901E-3 1.53044E-3 1.45731E-3 1.3524E-3 1.2584E-3 1.43608E-3 1.3382E-3 1.16235E-3 1.04832E-3 1.02879E-3 1.06024E-3 1.16068E-3 1.16265E-3 1.13578E-3 1.27678E-3 1.29143E-3 1.65641E-3 1.83931E-3 2.01381E-3 2.31852E-3 2.16766E-3 2.71963E-3 2.9388E-3 2.80991E-3 2.59487E-3 2.65973E-3 2.81911E-3
-9999 -9999 -9999 -9999 4.72216E-3 5.89493E-3 9.08187E-3 4.89687E-3 5.11521E-3 7.78182E-3 1.03309E-2 5.65901E-3 1.20315E-2 1.25464E-2 1.65849E-2 1.10581E-2 8.95591E-3 4.36758E-3 7.11456E-3 5.44448E-3 9.35625E-3 1.09351E-2 1.58154E-2 1.14931E-2 5.79973E-3 4.20691E-3 3.43278E-3 3.46422E-3 2.74153E-3 2.24355E-3 2.58857E-3 2.47469E-3 2.19532E-3 1.97249E-3 1.67255E-3 1.65154E-3 1.55551E-3 1.37591E-3 1.19432E-3 1.2267E-3 1.19987E-3 9.43619E-4 1.08293E-3 1.03502E-3 1.0589E-3 1.16111E-3 1.13007E-3 1.12405E-3 1.3163E-3 1.32842E-3 1.53576E-3 1.77974E-3 1.84362E-3 2.08568E-3 2.09715E-3 2.00794E-3 2.88461E-3 2.94841E-3 2.45965E-3 2.73719E-3 3.03256E-3
-9999 -9999 -9999 4.13483E-3 4.08464E-3 4.6101E-3 6.9255E-3 8.65816E-3 7.45159E-3 8.55181E-3 7.85748E-3 6.51297E-3 1.29173E-2 1.24679E-2 1.66514E-2 1.83848E-2 1.15359E-2 5.22124E-3 4.89652E-3 8.93845E-3 1.42467E-2 1.51804E-2 1.92067E-2 1.08873E-2 7.23556E-3 5.67138E-3 3.80313E-3 4.33717E-3 3.30794E-3 3.00696E-3 2.50381E-3 2.3379E-3 2.31245E-3 1.94162E-3 1.8003E-3 2.12233E-3 2.06502E-3 1.59357E-3 1.35079E-3 1.09274E-3 1.12223E-3 1.03058E-3 1.02486E-3 1.03676E-3 1.03364E-3 1.05113E-3 1.18327E-3 1.16312E-3 1.33347E-3 1.19155E-3 1.52455E-3 1.54885E-3 1.66803E-3 1.90477E-3 2.17153E-3 2.07124E-3 2.49732E-3 2.32334E-3 2.38149E-3 2.54215E-3 2.77501E-3
-9999 -9999 4.13557E-3 5.04369E-3 4.04697E-3 4.90515E-3 8.36032E-3 5.82126E-3 7.5216E-3 6.81653E-3 6.73965E-3 9.08342E-3 1.12761E-2 1.01408E-2 1.49113E-2 1.87264E-2 1.9778E-2 7.17684E-3 5.07733E-3 9.43564E-3 1.63096E-2 1.73357E-2 1.59997E-2 1.15556E-2 9.46725E-3 7.24326E-3 5.14142E-3 4.31036E-3 3.94763E-3 3.22856E-3 2.92862E-3 2.19321E-3 2.29563E-3 2.30951E-3 2.24777E-3 2.58126E-3 2.07986E-3 1.55657E-3 1.34767E-3 1.31382E-3 1.17625E-3 1.07355E-3 9.62957E-4 9.7764E-4 9.24818E-4 1.07452E-3 1.18176E-3 1.06566E-3 1.31582E-3 1.19204E-3 1.4169E-3 1.63928E-3 1.49568E-3 1.92675E-3 2.39472E-3 2.24503E-3 2.24611E-3 2.2759E-3 2.30782E-3 2.67515E-3 3.12991E-3
-9999 -9999 -9999 5.36003E-3 5.26039E-3 4.72826E-3 9.83992E-3 6.45705E-3 7.24709E-3 5.76763E-3 7.75351E-3 9.85108E-3 1.06354E-2 1.21563E-2 2.1568E-2 2.34811E-2 1.63794E-2 1.64985E-2 1.59038E-2 9.44864E-3 2.12437E-2 2.6513E-2 2.1058E-2 1.33867E-2 1.52681E-2 8.835E-3 5.85428E-3 5.46623E-3 5.0594E-3 3.83005E-3 2.89482E-3 2.22383E-3 2.51203E-3 2.73548E-3 3.12531E-3 2.92985E-3 1.79852E-3 1.5308E-3 1.34141E-3 1.30371E-3 1.26871E-3 1.1838E-3 9.44112E-4 1.17498E-3 9.89378E-4 1.01151E-3 1.02871E-3 1.05149E-3 1.37338E-3 1.26842E-3 1.49141E-3 1.45711E-3 1.64614E-3 1.91122E-3 2.085E-3 2.413E-3 2.21922E-3 2.19292E-3 2.37078E-3 2.55482E-3 2.92801E-3
-9999 -9999 5.01865E-3 5.5411E-3 6.0442E-3 5.56715E-3 8.84321E-3 6.46126E-3 7.76903E-3 6.00862E-3 9.47011E-3 7.54638E-3 7.08132E-3 1.24461E-2 2.03934E-2 2.18274E-2 2.15918E-2 1.28001E-2 2.13592E-2 1.45673E-2 2.60604E-2 2.96587E-2 2.11722E-2 1.44689E-2 1.49957E-2 7.55674E-3 8.11812E-3 6.96888E-3 7.07675E-3 4.54082E-3 2.97151E-3 2.58893E-3 3.41847E-3 3.76713E-3 2.6055E-3 2.13156E-3 1.81371E-3 1.61149E-3 1.36354E-3 1.32414E-3 1.32091E-3 1.17826E-3 1.07604E-3 1.07782E-3 1.05491E-3 9.81336E-4 1.00409E-3 1.00651E-3 1.26559E-3 1.16201E-3 1.3629E-3 1.48623E-3 1.70334E-3 1.61463E-3 1.8533E-3 2.51881E-3 2.30472E-3 2.16384E-3 2.36101E-3 2.48388E-3 2.64102E-3
-9999 -9999 5.14262E-3 5.77036E-3 6.51066E-3 6.79441E-3 9.19029E-3 9.02776E-3 1.38801E-2 1.59559E-2 5.46491E-3 8.66659E-3 8.86884E-3 1.29721E-2 1.9334E-2 2.36218E-2 1.6922E-2 1.56421E-2 1.36139E-2 8.84415E-3 2.12499E-2 3.08828E-2 2.41163E-2 1.8618E-2 1.13026E-2 8.85665E-3 6.46066E-3 5.70377E-3 4.38122E-3 4.20545E-3 3.20036E-3 3.46925E-3 3.49237E-3 3.96289E-3 2.56981E-3 2.00214E-3 1.74643E-3 1.56254E-3 1.46804E-3 1.26724E-3 1.18862E-3 1.17116E-3 1.06954E-3 1.04998E-3 1.05805E-3 1.15693E-3 1.21539E-3 1.07633E-3 1.09046E-3 1.12926E-3 1.24317E-3 1.37466E-3 1.53423E-3 1.3999E-3 1.86492E-3 2.33128E-3 2.39209E-3 2.15646E-3 2.10981E-3 2.23296E-3 2.2794E-3
-9999 -9999 -9999 6.30861E-3 6.19747E-3 7.10239E-3 9.72336E-3 6.64141E-3 6.98839E-3 1.61979E-2 6.98524E-3 1.09322E-2 1.02414E-2 1.61819E-2 1.51975E-2 1.38432E-2 2.27684E-2 2.62152E-2 2.52139E-2 1.35952E-2 2.45932E-2 2.88197E-2 2.08031E-2 2.80985E-2 2.10197E-2 1.76904E-2 7.09527E-3 8.42353E-3 4.55523E-3 5.60264E-3 3.83247E-3 6.24817E-3 4.00794E-3 3.23006E-3 2.653E-3 2.45753E-3 1.77636E-3 1.71225E-3 1.31615E-3 1.24616E-3 1.17586E-3 1.1447E-3 1.05173E-3 1.03243E-3 1.14339E-3 1.15434E-3 1.04916E-3 1.11481E-3 1.12276E-3 1.25614E-3 1.28899E-3 1.2398E-3 1.26703E-3 1.32636E-3 1.63125E-3 1.7911E-3 2.23464E-3 2.29703E-3 2.18705E-3 2.13244E-3 2.13106E-3
-9999 -9999 -9999 6.37214E-3 7.12019E-3 7.53639E-3 1.34412E-2 6.41413E-3 7.16834E-3 6.93655E-3 9.44287E-3 9.47783E-3 1.07289E-2 1.41449E-2 1.2371E-2 1.59928E-2 1.80444E-2 2.16946E-2 2.18798E-2 2.98649E-2 3.90401E-2 2.20306E-2 1.81277E-2 3.12853E-2 2.72051E-2 1.43982E-2 9.58961E-3 6.723E-3 5.15379E-3 4.44132E-3 4.34679E-3 6.04893E-3 4.65879E-3 3.5327E-3 2.38009E-3 2.25301E-3 2.08006E-3 1.6908E-3 1.28006E-3 1.24406E-3 1.37425E-3 1.10873E-3 1.03421E-3 1.11909E-3 1.13841E-3 1.08636E-3 1.04281E-3 1.0995E-3 1.0806E-3 1.38099E-3 1.36852E-3 1.36674E-3 1.37441E-3 1.23183E-3 1.40016E-3 1.61449E-3 1.7943E-3 1.95495E-3 2.38603E-3 2.36067E-3 2.05026E-3
-9999 -9999 -9999 7.08546E-3 7.90041E-3 8.67593E-3 1.65671E-2 5.02619E-3 8.34293E-3 8.3696E-3 1.41525E-2 7.23457E-3 1.22191E-2 1.05857E-2 1.59415E-2 1.97663E-2 2.29599E-2 2.38114E-2 2.24303E-2 1.55428E-2 3.7182E-2 3.53895E-2 3.21496E-2 2.58612E-2 3.73014E-2 2.05767E-2 1.42892E-2 1.25317E-2 5.39199E-3 3.98723E-3 7.62034E-3 5.01696E-3 3.63099E-3 2.74087E-3 2.53808E-3 2.08595E-3 1.63931E-3 1.22974E-3 1.8825E-3 1.43079E-3 1.36369E-3 1.1036E-3 1.18273E-3 1.2232E-3 1.12791E-3 1.02243E-3 1.05869E-3 1.04344E-3 1.16191E-3 1.39538E-3 1.48886E-3 1.33403E-3 1.4729E-3 1.30883E-3 1.32436E-3 1.51805E-3 1.69235E-3 1.76289E-3 2.12226E-3 2.02875E-3 2.28202E-3
-9999 -9999 -9999 -9999 8.13259E-3 7.8111E-3 1.55303E-2 6.43861E-3 7.56292E-3 1.48386E-2 9.33084E-3 8.08489E-3 1.07406E-2 1.07885E-2 1.53513E-2 1.43194E-2 1.44253E-2 2.16318E-2 2.10182E-2 1.74406E-2 4.97998E-2 3.96165E-2 2.37794E-2 2.53542E-2 3.78755E-2 4.06825E-2 1.40087E-2 9.5018E-3 4.61524E-3 8.29853E-3 6.2788E-3 5.28473E-3 3.40881E-3 2.37262E-3 2.27012E-3 2.09573E-3 1.51021E-3 1.13985E-3 1.35662E-3 1.46081E-3 1.50704E-3 1.23967E-3 1.34081E-3 1.13448E-3 1.10266E-3 1.03486E-3 1.04421E-3 1.14836E-3 1.26643E-3 1.49706E-3 1.47787E-3 1.51832E-3 1.51176E-3 1.31647E-3 1.44548E-3 1.32036E-3 1.47979E-3 1.63994E-3 1.71352E-3 1.86942E-3 2.0231E-3
-9999 -9999 -9999 -9999 8.14543E-3 7.74302E-3 1.4673E-2 9.70854E-3 1.39694E-2 9.90306E-3 1.37795E-2 5.69176E-3 7.77816E-3 1.04617E-2 1.5154E-2 2.21907E-2 1.77456E-2 2.36988E-2 3.09998E-2 1.99469E-2 4.03771E-2 2.46541E-2 2.52585E-2 3.04336E-2 3.10913E-2 3.7381E-2 2.09496E-2 1.38326E-2 6.93473E-3 5.55494E-3 3.10902E-3 4.26054E-3 4.43223E-3 3.49367E-3 3.34778E-3 2.10736E-3 1.88284E-3 1.41518E-3 1.13873E-3 1.03359E-3 1.03225E-3 1.01444E-3 1.23011E-3 1.61653E-3 1.14862E-3 1.06349E-3 1.07973E-3 1.18625E-3 1.09971E-3 1.13468E-3 1.26559E-3 1.6103E-3 1.48803E-3 1.4573E-3 1.58371E-3 1.59687E-3 1.53438E-3 1.54842E-3 1.75982E-3 1.79736E-3 1.95102E-3
-9999 -9999 -9999 -9999 8.1308E-3 8.67673E-3 9.873E-3 1.05404E-2 1.49963E-2 2.1708E-2 1.75535E-2 1.33572E-2 7.91148E-3 1.48656E-2 1.6477E-2 1.44918E-2 1.81837E-2 1.79948E-2 1.7195E-2 2.69607E-2 2.92984E-2 2.22088E-2 3.31732E-2 2.28283E-2 1.79085E-2 2.35094E-2 1.99143E-2 1.38013E-2 9.53916E-3 3.92471E-3 2.89774E-3 2.65508E-3 2.75181E-3 1.78265E-3 1.60174E-3 1.70913E-3 2.2597E-3 1.64273E-3 1.2538E-3 1.17284E-3 1.04832E-3 9.35464E-4 9.72842E-4 1.24227E-3 1.07414E-3 1.12836E-3 1.11662E-3 1.03916E-3 1.03259E-3 1.12289E-3 1.1292E-3 1.27473E-3 1.41406E-3 1.5572E-3 1.49448E-3 1.47186E-3 1.43147E-3 1.42682E-3 1.88826E-3 1.91299E-3 1.98327E-3
-9999 -9999 -9999 -9999 7.77664E-3 7.88576E-3 9.62375E-3 8.59706E-3 1.27648E-2 1.74796E-2 1.09053E-2 1.38354E-2 1.65511E-2 1.01273E-2 1.51695E-2 2.36746E-2 3.00908E-2 2.50512E-2 9.86273E-3 1.46705E-2 2.84261E-2 2.83732E-2 3.79942E-2 2.9085E-2 1.95627E-2 1.53666E-2 1.73167E-2 1.98941E-2 9.7946E-3 7.94792E-3 4.79412E-3 4.41548E-3 2.79903E-3 2.53211E-3 2.19411E-3 2.0143E-3 1.79621E-3 1.3066E-3 1.57237E-3 1.62006E-3 1.38711E-3 1.14292E-3 1.04179E-3 9.74177E-4 9.9375E-4 1.08133E-3 1.08461E-3 1.08759E-3 1.21172E-3 1.20076E-3 1.10115E-3 1.20352E-3 1.12611E-3 1.2758E-3 1.35988E-3 1.30431E-3 1.43566E-3 1.47045E-3 1.90196E-3 1.96802E-3 1.95031E-3
-9999 -9999 -9999 -9999 7.85237E-3 8.22034E-3 9.40127E-3 1.10641E-2 9.10387E-3 7.49067E-3 9.18395E-3 8.83859E-3 7.41583E-3 1.16314E-2 1.25413E-2 2.12713E-2 4.33236E-2 1.68095E-2 1.08359E-2 1.37157E-2 2.3532E-2 3.3812E-2 4.02312E-2 2.48936E-2 1.94052E-2 8.04833E-3 1.19563E-2 1.62895E-2 1.11195E-2 8.55634E-3 3.77189E-3 2.93553E-3 3.03243E-3 2.7858E-3 3.04593E-3 3.10136E-3 2.14294E-3 1.53171E-3 2.32377E-3 1.52547E-3 1.71893E-3 1.13302E-3 1.14139E-3 1.13981E-3 1.28801E-3 1.28446E-3 1.0712E-3 1.21823E-3 1.26362E-3 1.26971E-3 1.15284E-3 1.08075E-3 1.34126E-3 1.34848E-3 1.33705E-3 1.30028E-3 1.48144E-3 1.45903E-3 1.72253E-3 2.16101E-3 1.91516E-3
-9999 -9999 -9999 -9999 8.21811E-3 8.94586E-3 9.93076E-3 1.40879E-2 2.48883E-2 1.36511E-2 8.3203E-3 2.5596E-2 6.8553E-3 9.95419E-3 1.45994E-2 1.60953E-2 2.82038E-2 2.2385E-2 2.17112E-2 1.61051E-2 4.05642E-2 3.26527E-2 1.71137E-2 2.27485E-2 2.24726E-2 6.83687E-3 1.05578E-2 1.38334E-2 1.11785E-2 8.36135E-3 3.8574E-3 3.58223E-3 2.95598E-3 2.49127E-3 1.72514E-3 1.60711E-3 1.83664E-3 2.11073E-3 2.74739E-3 1.77355E-3 1.65162E-3 1.22413E-3 1.56018E-3 1.39643E-3 1.64484E-3 1.58564E-3 1.61727E-3 1.45839E-3 1.30042E-3 1.21284E-3 1.15128E-3 1.30442E-3 1.21253E-3 1.3242E-3 1.35314E-3 1.28843E-3 1.36454E-3 1.5287E-3 1.74018E-3 1.84947E-3 1.66857E-3
-9999 -9999 -9999 -9999 -9999 8.82135E-3 8.1389E-3 1.11149E-2 1.9787E-2 2.83776E-2 9.52806E-3 1.98649E-2 8.27148E-3 1.08029E-2 2.15079E-2 1.27535E-2 1.6644E-2 1.54826E-2 2.80898E-2 2.86949E-2 4.39799E-2 3.84528E-2 1.46106E-2 2.27942E-2 2.15841E-2 1.17921E-2 6.85333E-3 8.58195E-3 7.43167E-3 9.80669E-3 5.26342E-3 5.22815E-3 4.76049E-3 3.29253E-3 2.64923E-3 2.26526E-3 1.23757E-3 1.43052E-3 2.14824E-3 1.98285E-3 1.54674E-3 1.21757E-3 1.05253E-3 1.36274E-3 1.33577E-3 1.06126E-3 1.52702E-3 1.76168E-3 1.3858E-3 1.11168E-3 1.01455E-3 1.06773E-3 1.22436E-3 1.30271E-3 1.47015E-3 1.42963E-3 1.30008E-3 1.37266E-3 1.58473E-3 1.84273E-3 1.75228E-3
-9999 -9999 -9999 -9999 -9999 8.26661E-3 9.21261E-3 8.84463E-3 1.20321E-2 1.94107E-2 1.32372E-2 1.46858E-2 1.21394E-2 1.55674E-2 1.93605E-2 1.33708E-2 2.11619E-2 2.45783E-2 3.36345E-2 3.89393E-2 3.61505E-2 2.08117E-2 2.269E-2 1.89294E-2 1.59087E-2 1.68446E-2 7.36671E-3 6.76495E-3 5.54857E-3 4.84683E-3 3.92884E-3 4.26892E-3 4.41233E-3 2.48215E-3 1.93515E-3 2.96974E-3 1.99138E-3 1.57123E-3 1.35617E-3 1.61903E-3 1.63534E-3 1.24025E-3 9.58061E-4 9.98114E-4 1.2144E-3 9.85145E-4 1.10751E-3 1.24619E-3 1.4078E-3 1.01658E-3 1.1161E-3 1.13816E-3 1.2998E-3 1.44567E-3 1.44898E-3 1.39219E-3 1.4166E-3 1.49575E-3 1.7167E-3 1.77163E-3 1.72311E-3
-9999 -9999 -9999 -9999 -9999 9.64336E-3 8.74547E-3 8.51674E-3 1.4748E-2 1.19368E-2 1.12575E-2 1.02471E-2 1.50412E-2 2.35618E-2 1.86652E-2 1.79028E-2 2.36589E-2 2.36571E-2 3.41102E-2 2.32103E-2 3.51044E-2 2.54048E-2 1.55204E-2 1.31532E-2 1.30029E-2 1.34976E-2 1.01071E-2 9.87342E-3 1.0956E-2 6.29597E-3 2.74459E-3 2.08909E-3 2.06775E-3 2.09649E-3 1.49232E-3 2.28489E-3 2.28724E-3 2.29069E-3 1.84521E-3 9.38518E-4 1.54447E-3 1.15606E-3 1.49082E-3 1.16922E-3 1.28384E-3 1.55047E-3 1.04228E-3 1.17973E-3 1.10633E-3 1.35879E-3 1.19653E-3 1.11572E-3 1.22197E-3 1.45631E-3 1.58698E-3 1.37211E-3 1.36711E-3 1.55583E-3 1.56656E-3 1.3993E-3 1.37395E-3
-9999 -9999 -9999 -9999 -9999 1.14516E-2 9.60285E-3 9.51466E-3 1.71754E-2 1.30888E-2 6.69886E-3 9.452E-3 1.61331E-2 1.84975E-2 2.1341E-2 2.46243E-2 2.71234E-2 3.55946E-2 5.49004E-2 3.42608E-2 4.65497E-2 3.52886E-2 2.67893E-2 1.29355E-2 1.25162E-2 1.1528E-2 9.94023E-3 1.34117E-2 6.13797E-3 4.03592E-3 3.63959E-3 3.96151E-3 2.61895E-3 1.37446E-3 1.22775E-3 2.15516E-3 2.92315E-3 1.71621E-3 1.41483E-3 1.48944E-3 1.18089E-3 1.5384E-3 1.5957E-3 1.33856E-3 1.46631E-3 1.47209E-3 1.1197E-3 1.27045E-3 1.02341E-3 1.20029E-3 1.1865E-3 1.02459E-3 1.33007E-3 1.3894E-3 1.88705E-3 1.40009E-3 1.34017E-3 1.51794E-3 1.34193E-3 1.35832E-3 1.35753E-3
-9999 -9999 -9999 -9999 -9999 9.42983E-3 9.41558E-3 1.31634E-2 3.03401E-2 1.57779E-2 7.06364E-3 9.79328E-3 1.59435E-2 2.1226E-2 2.37788E-2 3.61865E-2 2.17537E-2 2.87683E-2 6.16813E-2 4.89739E-2 5.72088E-2 5.55451E-2 3.24199E-2 2.41889E-2 1.45291E-2 1.37147E-2 1.66553E-2 1.1269E-2 5.18756E-3 2.68127E-3 2.65572E-3 1.87932E-3 2.18524E-3 1.80234E-3 1.24097E-3 1.52544E-3 1.92009E-3 2.07506E-3 1.62335E-3 2.21842E-3 2.24639E-3 1.66197E-3 1.33045E-3 1.29021E-3 1.54936E-3 1.43202E-3 1.07472E-3 1.1973E-3 1.22117E-3 1.21545E-3 1.10678E-3 1.02728E-3 1.55471E-3 1.47813E-3 1.70342E-3 1.91577E-3 1.36645E-3 1.41569E-3 1.28788E-3 1.35517E-3 1.24657E-3
-9999 -9999 -9999 -9999 -9999 9.05213E-3 9.91563E-3 1.59653E-2 2.61335E-2 1.36232E-2 9.21991E-3 1.89385E-2 1.54824E-2 2.77414E-2 3.06816E-2 3.92419E-2 2.29365E-2 2.47974E-2 3.85786E-2 5.1554E-2 3.9098E-2 2.77095E-2 2.96269E-2 4.75816E-2 3.09995E-2 1.97747E-2 1.08459E-2 6.27423E-3 6.828E-3 3.41816E-3 2.39758E-3 2.46498E-3 2.04387E-3 1.73404E-3 1.52579E-3 1.44635E-3 1.42933E-3 1.38473E-3 1.54493E-3 2.76858E-3 1.81179E-3 1.51241E-3 1.19024E-3 1.60894E-3 1.45781E-3 1.23037E-3 1.13492E-3 1.39477E-3 1.16461E-3 1.18604E-3 1.17515E-3 1.00806E-3 1.20176E-3 1.16841E-3 1.36892E-3 2.01601E-3 1.54924E-3 1.43529E-3 1.21361E-3 1.11052E-3 1.30444E-3
