Artocarpus hirsutus SDM files/MIS19/results (with bias file)/Arthir_max.asc
ncols         625
nrows         721
xllcorner     69.99986311115
yllcorner     5.99986187915
cellsize      0.041666667
NODATA_value  -9999
[rows 243 to 269 of 721, columns 488 to 548 of 625]
2.04837E-2 2.02643E-2 1.72347E-2 1.71504E-2 1.70261E-2 1.66686E-2 1.72904E-2 1.57813E-2 1.88545E-2 2.12621E-2 1.5535E-2 1.5656E-2 1.6906E-2 1.71564E-2 1.64107E-2 1.72267E-2 1.63924E-2 1.70194E-2 1.70409E-2 1.88835E-2 2.02871E-2 2.0684E-2 2.26369E-2 1.94597E-2 1.84656E-2 1.9738E-2 1.81997E-2 1.51024E-2 1.45984E-2 1.39697E-2 1.82094E-2 1.56987E-2 1.97381E-2 2.38273E-2 1.98381E-2 1.39292E-2 1.55936E-2 1.45105E-2 1.45859E-2 6.15116E-3 5.76096E-3 5.54051E-3 6.18701E-3 7.26472E-3 6.01595E-3 5.77203E-3 6.90775E-3 5.47279E-3 5.6574E-3 6.66564E-3 6.68561E-3 8.94509E-3 1.07856E-2 1.05013E-2 1.08877E-2 2.05107E-2 1.81782E-2 1.49139E-2 1.36915E-2 1.37975E-2 1.31337E-2
2.03459E-2 1.8172E-2 1.7316E-2 1.89395E-2 1.42719E-2 1.2098E-2 1.50267E-2 1.57448E-2 1.60333E-2 2.05053E-2 1.53642E-2 1.33222E-2 1.30246E-2 1.64856E-2 1.47967E-2 1.98108E-2 2.26431E-2 1.91136E-2 1.94543E-2 1.73102E-2 1.83505E-2 2.72172E-2 1.92002E-2 1.93801E-2 1.81595E-2 2.50938E-2 2.66896E-2 2.18847E-2 1.76054E-2 1.66521E-2 1.99662E-2 1.78576E-2 2.41755E-2 1.92491E-2 1.78861E-2 1.54322E-2 1.32547E-2 1.28462E-2 3.7E-3 4.21462E-3 5.53938E-3 4.86904E-3 5.98274E-3 6.00926E-3 7.10417E-3 8.17551E-3 7.16909E-3 7.52623E-3 5.97323E-3 7.15374E-3 1.05232E-2 1.02339E-2 9.21653E-3 6.87597E-3 1.38207E-2 1.95045E-2 2.07045E-2 1.66543E-2 1.55703E-2 1.55526E-2 1.41911E-2
2.10689E-2 2.16135E-2 1.6961E-2 1.8492E-2 1.70925E-2 1.49767E-2 1.51292E-2 1.34988E-2 1.40734E-2 1.32185E-2 1.40353E-2 1.55725E-2 1.37294E-2 1.26238E-2 1.59215E-2 1.94545E-2 2.04981E-2 1.95845E-2 2.01866E-2 2.19705E-2 2.78897E-2 2.87744E-2 3.07953E-2 2.60733E-2 2.26954E-2 2.02991E-2 1.60781E-2 2.40188E-2 1.94541E-2 2.14893E-2 2.12196E-2 2.27272E-2 2.84174E-2 2.3599E-2 1.32038E-2 1.4392E-2 1.62066E-2 1.36689E-2 1.28911E-2 4.33573E-3 4.81358E-3 1.95761E-3 2.31398E-3 3.01936E-3 3.55103E-3 3.43391E-3 4.1963E-3 5.44365E-3 6.17533E-3 9.29204E-3 1.18195E-2 9.6835E-3 9.23512E-3 1.02445E-2 1.19408E-2 1.9393E-2 1.79925E-2 1.96812E-2 2.07363E-2 1.99669E-2 1.66741E-2
2.0048E-2 1.84399E-2 1.77008E-2 1.75802E-2 1.56886E-2 1.55163E-2 1.39596E-2 1.3919E-2 1.24925E-2 1.01831E-2 1.26754E-2 1.17757E-2 1.54991E-2 1.33539E-2 1.61183E-2 1.87424E-2 1.7732E-2 1.95708E-2 2.04674E-2 2.08573E-2 2.39258E-2 2.68606E-2 1.95949E-2 2.52575E-2 2.80565E-2 2.96846E-2 2.2817E-2 2.79666E-2 2.19157E-2 2.72283E-2 2.69205E-2 1.86347E-2 1.49036E-2 1.99438E-2 1.38011E-2 1.68664E-2 1.59045E-2 1.28978E-2 1.44857E-2 1.77236E-2 1.05117E-3 1.54021E-3 1.34684E-3 2.79166E-3 9.49295E-4 1.64018E-3 3.31981E-3 1.60762E-2 7.13E-3 7.71746E-3 7.2837E-3 1.0231E-2 1.17791E-2 1.21926E-2 1.33925E-2 1.15164E-2 1.71619E-2 1.61289E-2 1.58945E-2 1.52281E-2 1.54529E-2
1.84986E-2 2.01411E-2 1.8993E-2 1.60908E-2 1.6E-2 1.66475E-2 1.43747E-2 1.28926E-2 1.03633E-2 1.12936E-2 1.24808E-2 1.07102E-2 7.79037E-3 8.81855E-3 9.54773E-3 1.38603E-2 1.38879E-2 1.75701E-2 1.66555E-2 1.84965E-2 2.02983E-2 2.11334E-2 2.1903E-2 2.24094E-2 2.36085E-2 2.41927E-2 1.63099E-2 1.07824E-2 1.87995E-2 2.42955E-2 2.4243E-2 1.58912E-2 1.30366E-2 1.63208E-2 1.82088E-2 1.66903E-2 1.51467E-2 1.58363E-2 1.47192E-2 9.9964E-3 9.98044E-3 9.27611E-3 1.20955E-2 1.05385E-2 1.04409E-2 1.24283E-2 1.71305E-2 2.49824E-2 8.61232E-3 5.87957E-3 5.40681E-3 8.5362E-3 1.2262E-2 1.31E-2 1.15918E-2 2.0973E-2 2.55366E-2 2.38945E-2 2.3449E-2 1.93585E-2 1.92464E-2
1.2611E-2 1.24773E-2 1.49816E-2 1.49928E-2 1.59265E-2 1.58441E-2 1.46241E-2 1.22512E-2 1.20275E-2 9.8502E-3 9.99452E-3 1.0318E-2 1.14267E-2 1.00934E-2 8.79317E-3 8.3536E-3 7.68298E-3 6.38039E-3 5.60903E-3 6.41688E-3 9.21886E-3 9.41514E-3 1.15489E-2 1.60609E-2 1.68693E-2 1.4552E-2 7.92792E-3 5.19368E-3 6.17408E-3 8.5983E-3 1.00931E-2 1.7111E-2 1.66981E-2 1.79667E-2 1.8421E-2 1.92003E-2 1.77777E-2 1.68831E-2 1.17674E-2 1.31024E-2 1.12845E-2 1.03208E-2 1.24065E-2 1.35951E-2 1.61719E-2 2.2855E-2 2.69011E-2 1.06645E-2 9.99555E-3 6.47146E-3 6.37455E-3 2.11125E-2 8.30306E-3 1.04351E-2 1.51756E-2 3.72995E-2 3.44218E-2 3.20197E-2 2.74133E-2 2.53602E-2 2.26986E-2
1.47517E-2 1.38453E-2 1.39676E-2 1.34211E-2 8.81568E-3 1.0256E-2 1.36807E-2 1.26857E-2 1.02048E-2 7.73215E-3 8.00135E-3 9.01296E-3 7.20541E-3 7.43681E-3 7.93414E-3 7.13022E-3 4.7692E-3 2.3382E-3 2.0209E-3 1.28657E-3 1.10299E-3 9.08831E-4 1.06563E-3 3.04051E-3 1.48545E-3 2.87395E-3 8.33446E-3 9.0154E-3 6.70973E-3 8.39919E-3 1.09996E-2 1.21761E-2 1.36894E-2 1.45357E-2 1.71592E-2 1.89507E-2 1.69338E-2 2.00617E-2 2.10801E-2 1.82926E-2 1.77885E-2 1.62145E-2 1.69095E-2 2.1224E-2 3.07868E-2 3.51659E-2 3.63937E-2 2.80608E-2 6.60132E-3 1.79476E-2 2.23402E-2 1.22842E-2 1.67762E-2 1.53333E-2 1.48387E-2 1.2552E-2 3.54385E-2 3.24773E-2 2.85939E-2 3.02108E-2 2.41069E-2
1.5128E-2 1.07612E-2 8.61774E-3 6.27484E-3 4.9681E-3 3.97918E-3 4.07729E-3 8.81437E-3 7.55811E-3 7.37624E-3 5.90273E-3 5.30657E-3 5.61512E-3 5.08647E-3 1.99176E-3 1.79436E-3 1.15667E-3 1.35111E-3 2.39923E-3 6.92947E-4 2.56793E-3 2.8229E-3 2.9471E-3 1.40561E-3 1.19169E-3 1.53827E-3 4.85724E-3 6.2617E-3 5.75345E-3 5.10643E-3 5.61165E-3 5.75128E-3 7.52092E-3 1.09427E-2 8.5319E-3 1.08116E-4 1.41959E-2 1.91154E-2 2.03808E-2 2.09143E-2 2.14957E-2 2.02475E-2 1.86386E-2 2.2941E-2 3.58253E-2 8.26485E-3 9.40923E-3 3.63974E-2 3.81252E-2 3.97605E-2 4.19907E-2 1.40463E-2 3.49642E-2 1.14861E-2 2.87385E-2 2.8975E-2 2.7526E-2 2.79918E-2 3.60775E-2 3.42926E-2 2.45887E-2
9.44177E-3 8.7937E-3 1.1994E-2 1.30148E-2 1.12232E-2 7.72357E-3 4.20741E-3 3.41251E-3 4.56166E-3 4.47054E-3 2.93332E-3 3.52966E-3 2.52964E-3 1.39849E-3 7.94261E-4 5.77927E-4 3.94562E-4 6.79697E-4 3.37047E-4 6.32411E-4 6.31683E-4 4.86405E-4 1.41322E-4 2.02905E-4 5.53444E-5 4.88782E-5 1.00606E-4 1.48126E-4 2.08363E-4 9.98901E-5 1.97413E-4 7.90838E-4 3.00226E-3 3.03745E-3 1.58258E-3 5.37334E-3 1.33957E-2 9.91679E-4 1.47426E-3 1.87686E-2 2.23173E-2 2.28209E-2 1.92999E-2 2.50473E-2 3.3606E-2 3.34494E-2 6.44412E-3 3.54626E-2 3.64904E-2 4.06804E-2 4.33554E-2 4.46045E-2 4.87165E-2 3.66479E-2 3.40027E-2 3.63917E-2 4.60467E-2 4.35194E-2 4.63605E-2 4.27256E-2 3.1792E-2
1.26656E-2 1.24027E-2 1.1588E-2 1.28567E-2 1.33907E-2 1.17909E-2 9.12826E-3 4.82875E-3 3.30364E-3 2.01461E-3 1.91593E-3 2.53877E-3 1.10967E-3 6.77804E-4 3.95824E-4 2.20921E-4 1.5675E-4 9.55005E-5 8.61145E-5 4.54621E-5 4.10316E-5 4.1076E-5 2.11053E-4 1.96595E-5 9.49928E-6 1.57964E-5 1.3445E-5 2.9991E-6 1.01018E-5 9.35367E-6 5.3495E-5 1.46107E-4 1.18466E-4 5.14634E-4 2.19022E-3 2.90664E-3 4.68415E-6 1.97089E-3 2.81881E-4 1.03583E-2 1.27198E-2 1.43107E-2 1.47367E-2 2.59346E-2 3.09499E-2 2.76956E-2 4.83849E-3 6.31677E-3 4.60134E-2 8.29871E-3 7.90966E-3 5.19654E-2 4.85025E-2 4.6427E-2 4.32103E-2 4.82859E-2 4.39576E-2 5.66472E-2 4.72729E-2 3.47134E-2 4.30484E-2
4.01301E-3 3.09232E-3 3.18537E-3 6.52348E-3 1.0773E-2 1.10277E-2 1.10384E-2 1.0251E-2 5.97229E-3 4.90868E-3 5.70059E-3 4.49149E-3 2.30562E-3 1.14017E-3 3.84996E-4 2.00655E-4 2.68772E-4 6.89537E-5 3.15656E-5 6.63398E-6 2.49554E-6 6.28535E-6 4.17314E-6 2.63774E-6 1.24714E-5 1.25136E-5 1.06966E-6 1.27324E-6 1.84426E-7 6.20751E-8 2.27713E-7 3.48669E-7 1.10501E-6 2.87103E-5 1.48238E-4 8.23437E-4 4.14139E-4 7.58899E-7 9.07971E-4 3.46538E-3 7.46218E-3 1.65521E-2 1.21531E-2 1.48117E-2 1.8476E-2 2.11601E-2 2.20523E-2 3.39328E-3 3.42674E-2 3.32224E-2 3.21376E-2 3.75735E-2 3.9247E-2 3.74783E-2 4.58463E-2 5.52615E-2 4.4814E-2 6.03087E-2 4.30355E-2 5.121E-2 6.11432E-2
1.4645E-3 1.47194E-3 1.49765E-3 1.3976E-3 1.22769E-3 2.12056E-3 4.50155E-3 8.42788E-3 9.564E-3 9.04315E-3 6.62753E-3 5.10286E-3 2.67518E-3 1.5475E-3 1.01221E-3 3.33536E-4 1.65741E-4 4.93804E-5 1.21881E-5 1.38431E-5 1.42732E-5 4.61593E-6 3.52719E-7 4.19574E-7 4.10181E-7 1.85062E-7 2.38021E-7 5.11428E-8 2.91662E-8 1.01813E-8 1.68926E-7 2.63393E-7 5.74461E-7 1.76807E-6 1.78312E-5 1.9521E-5 5.32576E-5 2.02539E-4 3.35037E-4 3.77767E-4 1.74167E-3 6.82391E-3 8.85579E-3 5.5484E-3 1.05491E-2 1.61626E-2 1.50118E-2 2.04157E-2 2.85046E-2 3.11883E-2 3.79875E-2 4.22733E-2 4.71313E-2 5.82382E-2 5.6321E-2 6.633E-2 7.78723E-2 1.00178E-1 6.79691E-2 7.36452E-2 5.56482E-2
2.56221E-3 1.85616E-3 1.66951E-3 2.25282E-3 1.37788E-3 1.03967E-3 1.07529E-3 8.60837E-4 1.40488E-3 5.71434E-3 6.77237E-3 5.5519E-3 2.38295E-3 2.4465E-3 2.42101E-3 1.17684E-3 1.65259E-4 2.36141E-5 3.86651E-6 2.06542E-6 1.62462E-7 5.21152E-8 2.66815E-8 5.50228E-9 1.94354E-9 8.68624E-9 2.40246E-9 2.72197E-9 1.83362E-9 2.15538E-8 2.61697E-8 2.9375E-10 1.09924E-9 4.01815E-8 5.792E-8 2.17932E-7 1.1846E-6 1.12677E-3 2.34741E-4 4.78839E-4 8.25513E-4 2.24148E-3 5.27501E-3 4.58831E-3 6.04422E-3 8.1677E-3 1.05939E-2 1.24032E-2 1.83811E-2 2.04119E-2 2.5367E-2 3.13615E-2 5.46303E-2 6.78634E-2 8.40165E-2 7.25708E-2 6.48077E-2 7.86812E-2 1.07588E-1 8.90135E-2 6.24956E-2
7.93444E-3 4.11328E-3 3.26765E-3 2.10253E-3 1.7008E-3 3.1706E-3 2.61813E-3 1.32926E-3 2.35816E-3 5.33168E-3 6.27157E-3 6.34819E-3 4.92914E-3 2.10123E-3 3.36961E-4 5.21911E-4 2.28056E-4 6.92618E-5 2.46986E-5 1.51317E-6 6.84063E-8 5.76997E-9 7.15945E-10 1.60074E-9 7.07244E-9 5.57654E-10 5.73552E-12 3.04345E-12 3.41449E-12 3.93841E-12 3.62832E-12 3.27949E-12 2.28291E-8 3.48762E-9 7.91665E-9 3.46167E-7 4.13576E-6 2.57651E-4 3.38518E-3 1.18647E-3 4.89582E-4 8.25355E-4 1.87071E-3 2.71272E-3 4.14802E-3 5.64325E-3 7.43398E-3 9.19652E-3 1.16164E-2 1.30052E-2 1.9107E-2 3.55022E-2 6.63489E-2 6.70111E-2 9.98377E-2 8.30494E-2 8.7343E-2 6.81071E-2 8.25128E-2 9.96997E-2 7.35264E-2
6.47989E-3 7.03543E-3 8.4058E-3 6.0546E-3 4.37693E-3 4.93602E-3 4.1204E-3 2.33589E-3 2.34986E-3 8.47725E-4 8.71766E-4 2.62893E-3 2.38821E-3 1.63014E-3 1.029E-3 1.23156E-3 1.13396E-3 7.16531E-4 5.6237E-4 7.63959E-6 8.05655E-8 3.6456E-9 3.37067E-10 2.03052E-8 8.38773E-12 2.65243E-12 2.80043E-12 3.00404E-12 3.77309E-12 2.19181E-11 4.35563E-12 9.62486E-12 5.67735E-12 3.77179E-11 5.9355E-10 4.35279E-8 1.16629E-4 3.61653E-6 1.30827E-3 5.02093E-3 5.32227E-3 1.02311E-2 8.88602E-3 2.65492E-3 4.81274E-3 4.49883E-3 6.43504E-3 8.76914E-3 1.08552E-2 1.37601E-2 1.88849E-2 2.72977E-2 5.54923E-2 8.93824E-2 1.2068E-1 1.07271E-1 9.65557E-2 1.01487E-1 7.40187E-2 9.34411E-2 6.5973E-2
6.30358E-3 8.5197E-3 8.14841E-3 6.32895E-3 8.22763E-3 6.27084E-3 3.45987E-3 5.35988E-3 5.55659E-3 1.36772E-3 5.78949E-4 4.14381E-4 1.89556E-4 1.36765E-4 9.61796E-5 7.0788E-5 4.3018E-5 5.51974E-5 9.41533E-6 7.55869E-5 3.54355E-6 1.07192E-7 8.76234E-7 9.38083E-8 2.31053E-11 3.60598E-10 8.29975E-9 1.0256E-9 3.5548E-11 6.28231E-12 4.63907E-12 6.25278E-12 6.08646E-12 4.14667E-11 1.15164E-7 4.55066E-6 4.44649E-5 6.51298E-7 8.87184E-6 8.74307E-4 6.39002E-4 6.95436E-4 1.4402E-3 2.15366E-3 5.63213E-3 5.2977E-3 7.4642E-3 9.1884E-3 1.37399E-2 1.63992E-2 1.85447E-2 3.28573E-2 5.82111E-2 4.35712E-2 8.93048E-2 1.17297E-1 1.11194E-1 1.00898E-1 8.98201E-2 1.00306E-1 7.92424E-2
4.12107E-3 5.06675E-3 4.50381E-3 5.94117E-3 3.86981E-3 4.47312E-3 3.22914E-3 2.57207E-3 3.86004E-3 2.56367E-3 1.42134E-3 4.12094E-4 1.63686E-4 1.56829E-4 8.90761E-5 3.33095E-5 1.21369E-5 3.38425E-6 7.93621E-7 2.02835E-7 7.45666E-7 2.21641E-7 1.67728E-9 7.93927E-11 6.86621E-10 9.65273E-11 5.08138E-12 5.19018E-12 5.35783E-12 6.11244E-12 1.40628E-11 7.06961E-11 7.1172E-12 8.06166E-12 7.17869E-9 7.03455E-8 4.57748E-8 1.2249E-6 7.69992E-6 3.14853E-4 2.96561E-4 5.40217E-4 1.1553E-3 2.18719E-3 4.65839E-3 9.02632E-3 1.01906E-2 1.15129E-2 1.94644E-2 2.22924E-2 1.94421E-2 2.55172E-2 2.80613E-2 3.53922E-2 7.14819E-2 1.05028E-1 8.2946E-2 1.25715E-1 9.16468E-2 1.01457E-1 8.64561E-2
5.06502E-3 3.83926E-3 3.0772E-3 3.20155E-3 2.26298E-3 1.84777E-3 1.96023E-3 2.36793E-3 1.27716E-3 7.63721E-4 1.02715E-3 5.47017E-4 2.68476E-4 3.12099E-4 1.16092E-4 1.31607E-4 8.41453E-5 7.12443E-5 4.2473E-5 1.71356E-5 1.26316E-5 6.27783E-6 3.56542E-6 5.12562E-7 1.95623E-7 1.75858E-8 2.25432E-10 1.69929E-10 4.61411E-11 8.64886E-12 6.40066E-12 1.14285E-11 2.76662E-11 1.86E-10 9.25982E-9 5.35075E-8 5.38713E-7 1.01232E-5 7.1033E-5 2.69366E-4 1.29342E-3 2.09432E-3 2.48142E-3 2.88369E-3 4.39586E-3 7.28207E-3 8.76741E-3 1.19998E-2 1.57789E-2 1.7301E-2 2.94614E-2 3.67279E-2 4.34477E-2 6.14569E-2 5.29579E-2 5.47185E-2 9.96108E-2 1.03203E-1 9.28387E-2 8.3446E-2 8.56968E-2
6.76315E-3 6.07603E-3 5.30643E-3 5.31991E-3 4.73066E-3 4.38917E-3 4.46975E-3 4.07835E-3 3.26778E-3 2.66268E-3 2.77014E-3 2.18922E-3 1.42628E-3 1.16029E-3 9.37779E-4 8.92799E-4 7.30302E-4 5.74466E-4 3.07777E-4 1.64178E-4 8.4039E-5 3.30214E-5 1.39973E-5 5.39103E-6 1.56363E-6 6.0035E-7 1.12875E-7 1.84935E-8 1.26817E-8 4.98854E-8 8.7376E-8 3.59417E-8 2.7631E-7 1.28197E-6 9.97747E-6 6.07227E-5 2.64777E-4 7.69988E-4 1.80914E-3 3.47798E-3 6.64111E-3 1.05252E-2 1.36528E-2 1.22237E-2 9.58282E-3 1.38333E-2 1.95333E-2 4.08709E-2 3.48513E-2 3.8505E-2 6.26431E-2 5.52094E-2 6.75129E-2 6.03784E-2 3.60767E-2 3.29179E-2 4.46582E-2 6.37943E-2 4.47479E-2 4.37476E-2 6.62871E-2
7.75591E-3 7.29953E-3 6.41184E-3 5.89891E-3 5.79631E-3 5.22558E-3 5.04583E-3 4.62363E-3 4.13648E-3 3.92566E-3 3.55959E-3 3.02633E-3 2.59996E-3 1.90406E-3 1.63218E-3 1.27321E-3 9.48385E-4 6.48486E-4 4.05817E-4 2.40979E-4 1.12892E-4 4.92145E-5 2.30734E-5 9.73664E-6 4.25781E-6 1.7388E-6 1.08729E-6 8.68951E-7 4.48182E-7 3.24613E-7 4.20113E-7 9.58049E-7 3.06361E-6 9.78336E-6 3.44913E-5 1.65687E-4 5.38759E-4 1.22125E-3 2.72208E-3 5.51159E-3 9.97806E-3 1.39798E-2 1.68956E-2 1.97837E-2 2.01976E-2 1.61898E-2 1.57434E-2 1.93347E-2 2.70615E-2 4.56078E-2 4.68075E-2 4.46705E-2 6.39815E-2 5.20612E-2 4.08179E-2 2.97854E-2 3.46143E-2 4.05251E-2 5.25301E-2 5.83205E-2 7.63122E-2
7.88727E-3 7.53941E-3 7.34145E-3 6.89643E-3 6.66041E-3 6.14687E-3 5.93506E-3 5.0473E-3 4.58462E-3 4.18419E-3 4.03229E-3 3.64382E-3 3.14342E-3 2.57475E-3 2.18514E-3 1.75173E-3 1.19606E-3 8.49239E-4 5.9434E-4 3.54781E-4 1.97174E-4 9.91828E-5 4.81962E-5 2.47181E-5 1.21272E-5 4.55042E-6 2.69328E-6 1.61496E-6 1.55726E-6 1.62072E-6 1.68343E-6 3.47099E-6 1.15224E-5 3.14188E-5 9.84181E-5 3.25194E-4 8.6509E-4 2.13022E-3 4.94034E-3 8.9324E-3 1.19947E-2 1.56628E-2 1.93073E-2 2.28924E-2 2.55309E-2 3.0878E-2 3.22891E-2 3.38408E-2 3.27425E-2 2.77903E-2 3.43971E-2 4.62282E-2 4.02067E-2 4.7913E-2 5.33019E-2 6.29248E-2 6.57375E-2 7.45616E-2 7.54757E-2 1.03241E-1 1.016E-1
8.28863E-3 8.26423E-3 7.80692E-3 7.6251E-3 6.76154E-3 6.36568E-3 6.24531E-3 5.804E-3 4.9342E-3 4.69882E-3 4.4481E-3 4.10567E-3 3.53143E-3 3.32246E-3 2.67968E-3 2.15578E-3 1.62618E-3 1.17934E-3 7.57615E-4 4.64E-4 2.96436E-4 1.61575E-4 8.52617E-5 4.49574E-5 2.11038E-5 1.13377E-5 6.69316E-6 5.79055E-6 3.9668E-6 4.71186E-6 7.87615E-6 1.41953E-5 3.55816E-5 8.59172E-5 2.30722E-4 5.45667E-4 1.4267E-3 4.27711E-3 8.97091E-3 1.23818E-2 1.52587E-2 1.78877E-2 2.16674E-2 2.8118E-2 3.20344E-2 3.89398E-2 4.42863E-2 4.71382E-2 4.57887E-2 4.50006E-2 3.61291E-2 3.77427E-2 3.77069E-2 4.30105E-2 5.08034E-2 4.87439E-2 4.20831E-2 5.33517E-2 6.93236E-2 9.017E-2 4.65565E-2
8.99056E-3 8.92678E-3 8.34622E-3 8.31591E-3 7.48195E-3 7.40378E-3 6.82611E-3 6.36841E-3 6.15785E-3 5.38034E-3 5.40765E-3 4.60783E-3 4.42742E-3 3.80699E-3 3.37833E-3 2.6702E-3 2.04581E-3 1.48554E-3 1.03325E-3 7.34496E-4 4.11464E-4 2.53753E-4 1.61347E-4 8.61173E-5 5.46506E-5 3.71617E-5 2.72704E-5 2.04259E-5 1.6924E-5 2.01196E-5 2.67713E-5 4.5361E-5 9.57956E-5 2.03538E-4 4.42552E-4 1.061E-3 3.1721E-3 7.406E-3 1.09175E-2 1.08442E-2 1.26467E-2 1.80672E-2 2.55327E-2 3.22036E-2 3.87853E-2 4.12567E-2 4.67623E-2 5.07945E-2 5.67456E-2 6.18855E-2 6.16802E-2 5.98328E-2 6.06051E-2 6.04735E-2 5.99261E-2 5.35264E-2 5.97446E-2 6.40057E-2 6.11325E-2 6.21729E-2 6.17291E-2
9.82058E-3 9.03531E-3 9.03551E-3 8.65225E-3 8.12149E-3 8.01669E-3 7.40097E-3 6.98384E-3 6.51666E-3 6.42783E-3 5.82504E-3 5.34948E-3 5.02703E-3 4.49098E-3 3.79065E-3 3.18779E-3 2.69922E-3 2.1277E-3 1.39474E-3 9.84155E-4 6.63842E-4 5.05051E-4 3.18615E-4 2.22475E-4 1.48695E-4 9.68708E-5 7.62597E-5 6.64945E-5 6.75764E-5 7.10246E-5 1.07889E-4 1.5434E-4 2.70926E-4 5.91598E-4 1.08977E-3 2.0666E-3 3.00055E-3 3.58162E-3 3.89667E-3 7.41653E-3 1.60795E-2 2.38301E-2 2.80961E-2 3.39158E-2 3.74452E-2 4.29366E-2 5.25847E-2 5.71182E-2 6.40867E-2 6.76858E-2 7.18757E-2 6.61013E-2 6.79389E-2 7.27045E-2 7.43211E-2 6.80147E-2 7.26664E-2 7.24144E-2 7.62273E-2 7.45627E-2 7.72867E-2
1.00942E-2 9.81365E-3 9.84813E-3 9.29044E-3 8.75518E-3 8.75594E-3 8.36741E-3 7.88105E-3 7.57792E-3 7.14758E-3 6.61288E-3 5.97539E-3 5.54348E-3 4.95441E-3 4.48671E-3 4.12956E-3 3.09097E-3 2.73514E-3 2.11513E-3 1.64307E-3 1.26568E-3 9.61463E-4 6.83691E-4 5.12491E-4 3.75375E-4 2.97136E-4 2.27923E-4 2.0493E-4 2.14954E-4 2.46793E-4 3.0975E-4 4.48782E-4 7.14685E-4 1.19392E-3 2.07349E-3 3.25605E-3 3.86623E-3 5.17262E-3 9.15097E-3 1.45581E-2 2.31537E-2 2.61913E-2 3.07915E-2 3.52913E-2 4.3161E-2 4.53182E-2 5.30599E-2 6.17171E-2 6.58071E-2 6.75203E-2 7.25341E-2 7.13412E-2 7.6918E-2 8.4302E-2 8.09381E-2 7.12007E-2 8.16219E-2 8.16809E-2 8.17155E-2 7.61764E-2 7.62279E-2
1.07534E-2 1.08709E-2 1.16714E-2 1.01339E-2 9.76315E-3 9.8177E-3 9.21396E-3 8.77554E-3 8.47733E-3 8.42173E-3 7.94432E-3 7.41933E-3 6.31709E-3 5.64091E-3 5.4015E-3 4.74676E-3 4.16541E-3 3.71471E-3 3.16935E-3 2.69522E-3 2.32188E-3 1.87483E-3 1.41083E-3 1.16126E-3 8.70622E-4 7.56337E-4 6.69088E-4 5.82983E-4 6.68684E-4 7.91099E-4 8.71067E-4 1.24543E-3 1.60298E-3 2.67466E-3 3.98692E-3 5.73607E-3 7.17147E-3 1.03747E-2 1.44342E-2 1.88878E-2 2.49418E-2 2.81756E-2 3.41441E-2 3.92528E-2 4.3138E-2 5.11314E-2 6.22233E-2 6.6758E-2 6.17808E-2 6.24872E-2 7.06129E-2 7.59189E-2 7.63166E-2 9.66746E-2 7.35856E-2 7.23194E-2 8.35028E-2 9.01325E-2 7.62612E-2 8.58747E-2 8.52173E-2
1.20887E-2 1.16156E-2 1.19318E-2 1.1709E-2 1.11937E-2 1.09325E-2 1.04554E-2 9.36309E-3 9.04499E-3 9.03602E-3 8.5353E-3 8.47155E-3 8.3536E-3 7.73649E-3 7.00668E-3 6.28602E-3 6.09805E-3 5.04489E-3 4.36478E-3 3.9839E-3 3.69432E-3 3.05401E-3 2.89786E-3 2.23305E-3 1.89787E-3 1.68642E-3 1.46227E-3 1.45781E-3 1.66323E-3 1.99296E-3 2.26379E-3 2.81089E-3 3.86355E-3 4.98765E-3 6.95272E-3 9.07886E-3 1.11426E-2 1.37406E-2 1.76399E-2 2.22715E-2 2.76004E-2 3.02605E-2 3.6923E-2 4.18908E-2 4.75494E-2 6.00211E-2 7.34292E-2 6.34665E-2 6.06314E-2 6.25503E-2 7.04728E-2 7.84277E-2 8.48299E-2 8.07963E-2 6.94548E-2 7.5256E-2 8.88057E-2 8.13902E-2 7.55221E-2 8.33992E-2 8.54432E-2
