Artocarpus hirsutus SDM files/MIS19/results (with bias file)/Arthir_4.asc
ncols         625
nrows         721
xllcorner     69.99986311115
yllcorner     5.99986187915
cellsize      0.041666667
NODATA_value  -9999
[rows 54 to 80 of 721, columns 366 to 426 of 625]
6.78994E-6 6.24994E-6 7.94149E-6 8.03587E-6 8.8782E-6 8.18749E-6 8.32183E-6 8.39982E-6 6.64484E-6 6.62912E-6 6.61301E-6 7.77925E-6 7.77925E-6 9.19682E-6 9.19682E-6 8.44097E-6 9.08973E-6 9.11112E-6 9.04733E-6 1.08441E-5 1.29705E-5 1.00728E-5 1.19329E-5 1.35036E-5 1.51174E-5 1.35484E-5 1.27085E-5 1.27338E-5 1.07121E-5 1.13744E-5 1.09874E-5 1.17571E-5 1.15013E-5 8.99463E-6 1.03298E-5 1.29019E-5 1.52704E-5 1.47029E-5 1.71311E-5 1.58953E-5 1.12197E-5 1.18629E-5 1.45439E-5 1.55759E-5 1.54646E-5 1.49052E-5 1.8901E-5 2.00924E-5 2.52623E-5 2.6336E-5 2.58337E-5 2.73292E-5 1.69404E-5 1.7699E-5 1.64495E-5 1.46374E-5 2.61993E-5 2.77133E-5 1.98118E-5 2.1307E-5 2.07214E-5
7.49124E-6 6.35426E-6 6.64367E-6 6.47508E-6 7.13305E-6 8.10244E-6 7.43268E-6 6.83213E-6 6.77044E-6 6.2597E-6 6.73844E-6 6.70584E-6 6.72093E-6 7.86991E-6 7.90741E-6 8.49932E-6 9.21836E-6 8.66128E-6 9.32653E-6 1.01069E-5 1.08461E-5 9.98879E-6 1.00327E-5 1.18598E-5 1.43663E-5 1.50963E-5 1.16765E-5 1.14704E-5 9.41816E-6 1.05422E-5 1.30826E-5 1.43916E-5 1.34228E-5 9.92816E-6 8.37058E-6 9.32653E-6 1.29682E-5 1.38392E-5 1.37734E-5 1.5222E-5 1.69374E-5 1.59615E-5 1.74141E-5 1.61864E-5 1.49808E-5 1.35978E-5 1.82918E-5 1.81561E-5 1.86411E-5 2.02587E-5 2.53863E-5 2.67252E-5 2.15886E-5 2.0476E-5 1.62584E-5 1.92508E-5 2.83564E-5 3.15386E-5 2.10622E-5 1.78233E-5 1.6135E-5
9.71657E-6 9.02213E-6 8.94822E-6 6.55869E-6 8.43267E-6 8.59784E-6 5.94644E-6 6.15622E-6 6.17539E-6 6.09791E-6 6.48284E-6 6.36303E-6 6.8332E-6 6.88198E-6 8.00098E-6 8.78384E-6 8.86505E-6 9.02433E-6 9.20342E-6 1.01233E-5 9.33494E-6 9.50863E-6 9.46186E-6 1.01601E-5 9.61076E-6 1.08116E-5 1.02083E-5 1.1268E-5 1.16084E-5 1.36505E-5 1.35989E-5 1.62396E-5 1.48296E-5 1.19707E-5 8.71714E-6 9.12254E-6 1.25789E-5 9.85545E-6 1.10543E-5 1.37813E-5 2.13095E-5 1.91924E-5 1.55457E-5 1.54589E-5 1.7586E-5 1.53598E-5 1.78872E-5 1.89038E-5 1.85044E-5 2.35055E-5 1.91044E-5 1.80318E-5 1.76683E-5 1.98894E-5 2.19864E-5 1.91829E-5 2.50133E-5 2.5663E-5 2.17173E-5 1.5933E-5 1.53437E-5
1.07016E-5 1.13605E-5 1.10671E-5 7.73573E-6 6.25953E-6 7.83281E-6 7.66584E-6 6.59421E-6 6.42516E-6 6.23524E-6 5.71233E-6 6.07505E-6 6.45307E-6 6.99615E-6 7.58092E-6 9.42014E-6 9.73155E-6 9.04424E-6 1.00278E-5 1.14783E-5 1.06049E-5 8.99835E-6 1.06804E-5 9.95974E-6 8.14435E-6 8.02213E-6 9.94843E-6 1.12894E-5 1.28576E-5 1.33401E-5 1.43682E-5 1.48769E-5 1.54643E-5 1.26692E-5 9.62883E-6 8.50452E-6 9.38582E-6 1.18465E-5 1.05833E-5 1.05384E-5 1.65278E-5 2.08897E-5 1.98078E-5 1.63907E-5 1.84582E-5 1.74005E-5 1.42983E-5 1.37862E-5 2.17455E-5 1.95809E-5 1.93421E-5 1.61093E-5 2.12546E-5 2.44923E-5 2.05556E-5 1.62829E-5 2.38499E-5 1.98033E-5 1.82702E-5 1.66883E-5 2.09354E-5
1.01085E-5 1.21575E-5 1.03402E-5 8.85415E-6 7.31347E-6 8.24946E-6 6.88707E-6 6.92226E-6 6.71142E-6 6.35227E-6 6.44216E-6 6.03309E-6 6.43787E-6 7.77672E-6 9.53922E-6 1.14051E-5 1.24001E-5 1.14812E-5 1.04535E-5 1.28545E-5 1.16398E-5 9.43727E-6 9.97909E-6 9.03268E-6 8.26112E-6 8.57462E-6 9.37595E-6 1.19356E-5 1.50286E-5 1.54946E-5 1.33598E-5 1.43613E-5 1.18601E-5 1.03219E-5 9.55305E-6 1.03011E-5 1.09057E-5 1.07848E-5 1.01802E-5 1.065E-5 1.05145E-5 1.49991E-5 2.1883E-5 2.09092E-5 1.58104E-5 1.4342E-5 1.33749E-5 1.25871E-5 1.94426E-5 2.0741E-5 1.49122E-5 1.40299E-5 2.05605E-5 1.96158E-5 1.74545E-5 1.5506E-5 1.831E-5 2.0713E-5 2.0337E-5 2.0865E-5 1.88399E-5
8.79189E-6 1.16183E-5 1.16446E-5 1.00469E-5 1.06557E-5 1.04285E-5 7.78601E-6 7.57551E-6 6.53808E-6 7.21193E-6 6.23556E-6 6.0194E-6 6.57504E-6 7.1601E-6 9.13147E-6 1.15004E-5 1.40466E-5 1.41814E-5 1.32476E-5 1.39396E-5 1.24553E-5 1.06901E-5 9.10947E-6 1.061E-5 8.85009E-6 8.01737E-6 9.28184E-6 1.24001E-5 1.59941E-5 1.44341E-5 1.43391E-5 1.22554E-5 1.04736E-5 9.79181E-6 9.79031E-6 1.28465E-5 1.20141E-5 1.02312E-5 1.02795E-5 1.27749E-5 1.00142E-5 1.31617E-5 1.70406E-5 2.28932E-5 1.80439E-5 1.36883E-5 1.39047E-5 1.54681E-5 1.83345E-5 1.90955E-5 1.46614E-5 1.47757E-5 1.53492E-5 1.38078E-5 1.56176E-5 1.7478E-5 2.04665E-5 2.48841E-5 2.35374E-5 2.04493E-5 2.03392E-5
7.59651E-6 1.12734E-5 1.19897E-5 1.1318E-5 1.04918E-5 8.92387E-6 7.72134E-6 8.8972E-6 6.24155E-6 6.53443E-6 6.47008E-6 5.76382E-6 6.29992E-6 6.74066E-6 8.52989E-6 9.18686E-6 1.04295E-5 1.29541E-5 1.19698E-5 1.30552E-5 1.30834E-5 9.42466E-6 9.27906E-6 1.12553E-5 1.17114E-5 8.47856E-6 8.77859E-6 1.17811E-5 1.52253E-5 1.49549E-5 1.48848E-5 1.18788E-5 1.10899E-5 1.03805E-5 1.10485E-5 1.11875E-5 1.05513E-5 1.00232E-5 9.77514E-6 1.23623E-5 1.10918E-5 1.17809E-5 1.9236E-5 2.0851E-5 2.1167E-5 1.59754E-5 1.62606E-5 1.66832E-5 1.37534E-5 1.61137E-5 1.42042E-5 1.37765E-5 1.4928E-5 1.51313E-5 1.89765E-5 2.33906E-5 2.17304E-5 2.25997E-5 1.59148E-5 1.97205E-5 1.81627E-5
7.22675E-6 8.58265E-6 9.16835E-6 1.01479E-5 9.20018E-6 8.37459E-6 7.13789E-6 9.50395E-6 7.19113E-6 8.3259E-6 6.8809E-6 6.21672E-6 6.36244E-6 7.55794E-6 8.32043E-6 9.99793E-6 8.92496E-6 8.4415E-6 9.75101E-6 1.01723E-5 1.0284E-5 1.04446E-5 1.09895E-5 1.3021E-5 1.23542E-5 1.05629E-5 8.97362E-6 1.31494E-5 1.49862E-5 1.57331E-5 1.41472E-5 1.47013E-5 1.43274E-5 1.14175E-5 1.25201E-5 1.17482E-5 1.11192E-5 1.01828E-5 9.65371E-6 1.0686E-5 1.15725E-5 1.30325E-5 1.9618E-5 2.39371E-5 2.27984E-5 2.06805E-5 1.97589E-5 2.11548E-5 1.73029E-5 1.37471E-5 1.3034E-5 1.60762E-5 1.87889E-5 2.13608E-5 2.33738E-5 2.22171E-5 1.79861E-5 2.10195E-5 1.51593E-5 1.64956E-5 1.96339E-5
9.04843E-6 7.74396E-6 8.26982E-6 8.68012E-6 1.05889E-5 9.75201E-6 9.89002E-6 9.33698E-6 8.81508E-6 1.13272E-5 9.38293E-6 7.43053E-6 6.74044E-6 1.0138E-5 1.04022E-5 8.89944E-6 8.74574E-6 9.49405E-6 9.4216E-6 8.89239E-6 1.06802E-5 9.8485E-6 1.12549E-5 1.16902E-5 1.36505E-5 1.2919E-5 1.20334E-5 1.18601E-5 1.50374E-5 1.55613E-5 1.42875E-5 1.64157E-5 1.48975E-5 1.18336E-5 1.59573E-5 1.70859E-5 1.58146E-5 1.14708E-5 1.24228E-5 1.15346E-5 1.15756E-5 1.2449E-5 1.76288E-5 2.06646E-5 2.17851E-5 1.56149E-5 2.12133E-5 2.15431E-5 2.0281E-5 1.77101E-5 1.71492E-5 1.92091E-5 2.42269E-5 2.55222E-5 2.3973E-5 2.29925E-5 2.2553E-5 2.18891E-5 2.09225E-5 1.65431E-5 1.92197E-5
1.07659E-5 7.98947E-6 8.68734E-6 9.48256E-6 1.27838E-5 1.18693E-5 8.88724E-6 9.77412E-6 9.89085E-6 1.25737E-5 1.01869E-5 9.05229E-6 8.02707E-6 1.11088E-5 1.20077E-5 9.94207E-6 8.53579E-6 9.42431E-6 8.79153E-6 8.49524E-6 1.00799E-5 8.41513E-6 9.91214E-6 1.29298E-5 1.2919E-5 1.14172E-5 1.35108E-5 1.47754E-5 1.63523E-5 1.68452E-5 1.41065E-5 1.76163E-5 1.40357E-5 1.29132E-5 1.84709E-5 1.46152E-5 1.35346E-5 1.27377E-5 1.20913E-5 1.15756E-5 1.23378E-5 1.26793E-5 1.62987E-5 1.5567E-5 1.73377E-5 1.73662E-5 1.55626E-5 1.68426E-5 2.07318E-5 1.82378E-5 1.7652E-5 2.46236E-5 2.39807E-5 2.30924E-5 2.25495E-5 1.8003E-5 1.76275E-5 1.67089E-5 1.75597E-5 1.78305E-5 2.23363E-5
7.69087E-6 7.07848E-6 8.15553E-6 9.04162E-6 9.98107E-6 9.88594E-6 9.1132E-6 9.12245E-6 9.81856E-6 1.15356E-5 1.07288E-5 1.05215E-5 9.80961E-6 1.10648E-5 1.37661E-5 1.27059E-5 1.09973E-5 9.5846E-6 8.88758E-6 9.18288E-6 8.8511E-6 8.7936E-6 1.2825E-5 1.30118E-5 1.03299E-5 1.02743E-5 1.00828E-5 1.24835E-5 1.32471E-5 1.40027E-5 1.27201E-5 1.35891E-5 1.14063E-5 1.28296E-5 1.93946E-5 1.58816E-5 1.21726E-5 1.16887E-5 1.17549E-5 1.16599E-5 1.35677E-5 1.48666E-5 1.60666E-5 1.69333E-5 1.82402E-5 1.70547E-5 1.39518E-5 1.45004E-5 1.90537E-5 2.13688E-5 1.83477E-5 2.72136E-5 2.61827E-5 2.41273E-5 2.25877E-5 2.34972E-5 2.17898E-5 1.78584E-5 1.82104E-5 1.85082E-5 2.42825E-5
8.46583E-6 7.00635E-6 7.4146E-6 8.24286E-6 9.58288E-6 8.67776E-6 8.30167E-6 9.33151E-6 9.67883E-6 8.98802E-6 8.83885E-6 1.1054E-5 1.05795E-5 1.06349E-5 1.14313E-5 1.14258E-5 9.81232E-6 9.92759E-6 9.83087E-6 8.94091E-6 9.92654E-6 1.27895E-5 1.33869E-5 1.04217E-5 1.06083E-5 1.00253E-5 1.0131E-5 9.38774E-6 1.04665E-5 1.28206E-5 1.16048E-5 1.38226E-5 1.58002E-5 1.29793E-5 1.71236E-5 1.63162E-5 1.32476E-5 1.11102E-5 1.09065E-5 1.17688E-5 1.24261E-5 1.40005E-5 1.83583E-5 1.946E-5 1.81133E-5 1.40617E-5 1.25368E-5 1.32296E-5 1.93496E-5 1.92256E-5 1.8421E-5 1.99058E-5 2.65358E-5 2.72402E-5 2.33601E-5 1.75474E-5 1.72757E-5 1.58294E-5 1.81642E-5 2.00749E-5 2.72341E-5
9.64996E-6 9.10686E-6 7.73777E-6 7.90315E-6 9.22974E-6 9.36909E-6 9.57543E-6 1.20636E-5 9.40192E-6 8.84143E-6 9.63076E-6 1.14258E-5 1.06158E-5 1.03657E-5 1.19905E-5 1.10984E-5 8.94238E-6 9.72386E-6 9.83074E-6 1.06647E-5 1.12584E-5 1.17448E-5 1.13605E-5 1.1106E-5 1.41198E-5 1.43643E-5 1.57637E-5 1.26513E-5 1.09104E-5 1.1329E-5 1.27642E-5 1.42864E-5 1.42453E-5 1.23652E-5 1.62126E-5 1.91953E-5 1.56777E-5 1.24084E-5 1.21598E-5 1.26203E-5 1.30037E-5 1.68068E-5 1.89143E-5 1.83122E-5 1.51268E-5 1.31744E-5 1.25938E-5 1.36944E-5 2.15332E-5 1.68152E-5 1.65102E-5 1.65192E-5 1.95743E-5 2.17923E-5 2.75288E-5 2.3418E-5 1.95797E-5 1.69433E-5 1.61895E-5 1.69023E-5 2.04775E-5
1.17869E-5 1.26266E-5 1.02623E-5 8.56945E-6 9.1721E-6 1.22641E-5 1.2815E-5 1.26468E-5 9.71213E-6 9.22653E-6 9.35297E-6 1.24289E-5 1.09936E-5 8.9343E-6 1.06596E-5 1.20961E-5 1.199E-5 1.33052E-5 1.33515E-5 1.12455E-5 1.02833E-5 1.04389E-5 1.12042E-5 1.21011E-5 1.3086E-5 1.43019E-5 1.55134E-5 1.14275E-5 1.08496E-5 1.44554E-5 1.51991E-5 1.27852E-5 1.38612E-5 1.09961E-5 1.22141E-5 1.90604E-5 1.67611E-5 1.36716E-5 1.25917E-5 1.20402E-5 1.71189E-5 1.95671E-5 1.69161E-5 1.58498E-5 1.3378E-5 1.44567E-5 1.24819E-5 1.59174E-5 1.97572E-5 1.79621E-5 1.507E-5 1.77012E-5 1.59742E-5 1.93654E-5 1.9269E-5 1.78389E-5 1.80011E-5 1.83111E-5 1.69606E-5 1.62545E-5 1.79906E-5
1.24286E-5 1.24741E-5 1.08956E-5 9.38496E-6 9.7377E-6 1.3261E-5 1.45666E-5 1.39227E-5 1.17166E-5 1.09963E-5 1.18304E-5 1.34071E-5 1.27565E-5 1.01369E-5 1.10029E-5 1.26863E-5 1.52191E-5 1.45296E-5 1.26839E-5 9.98958E-6 9.12393E-6 9.77739E-6 9.95558E-6 1.01369E-5 1.0052E-5 1.16814E-5 1.1315E-5 1.21755E-5 1.56777E-5 1.61795E-5 1.49462E-5 1.4732E-5 1.43237E-5 1.07895E-5 1.41292E-5 1.81447E-5 1.77591E-5 1.46693E-5 1.31376E-5 1.52955E-5 1.8983E-5 1.54168E-5 1.52801E-5 1.91672E-5 1.56056E-5 1.39751E-5 1.39385E-5 1.99222E-5 1.89035E-5 1.72556E-5 1.71973E-5 1.84715E-5 1.62069E-5 1.74939E-5 2.13785E-5 1.99912E-5 1.93743E-5 2.25525E-5 1.85141E-5 1.67921E-5 2.01167E-5
1.38045E-5 1.39556E-5 1.30454E-5 1.09725E-5 1.07479E-5 1.36219E-5 1.48132E-5 1.43901E-5 1.31235E-5 1.19206E-5 1.31796E-5 1.43061E-5 1.30793E-5 1.04108E-5 1.00984E-5 1.06703E-5 1.53371E-5 1.5849E-5 1.29764E-5 1.08301E-5 9.3728E-6 1.1207E-5 1.15731E-5 1.30934E-5 1.0943E-5 1.03629E-5 1.30832E-5 1.50286E-5 1.43428E-5 1.822E-5 1.77453E-5 1.62789E-5 1.16502E-5 1.13005E-5 1.48674E-5 1.74005E-5 1.57643E-5 1.32013E-5 1.37035E-5 1.87798E-5 2.07064E-5 1.9642E-5 1.65801E-5 1.96767E-5 1.85877E-5 1.47675E-5 1.99938E-5 1.98311E-5 1.72758E-5 1.53239E-5 2.09952E-5 1.91181E-5 1.61042E-5 1.49457E-5 1.54649E-5 1.70053E-5 1.6973E-5 2.08588E-5 1.95005E-5 1.8081E-5 1.95145E-5
1.28332E-5 1.21865E-5 1.25554E-5 1.05771E-5 1.20395E-5 1.05265E-5 1.21755E-5 1.43911E-5 1.41048E-5 1.4006E-5 1.49972E-5 1.38204E-5 1.34536E-5 1.03668E-5 1.11864E-5 1.11697E-5 1.49658E-5 1.36493E-5 1.18699E-5 1.09739E-5 1.11607E-5 1.22381E-5 1.21709E-5 1.60009E-5 1.37276E-5 1.71767E-5 1.35216E-5 1.33877E-5 1.41171E-5 1.81173E-5 1.89631E-5 1.60385E-5 1.33648E-5 1.10407E-5 1.46805E-5 1.36335E-5 1.21087E-5 1.37994E-5 1.51375E-5 1.998E-5 2.07928E-5 1.94152E-5 1.4718E-5 2.18683E-5 1.8857E-5 2.08978E-5 2.14432E-5 1.75157E-5 1.5938E-5 1.71677E-5 1.96794E-5 1.74748E-5 1.64043E-5 1.66862E-5 1.63782E-5 1.73729E-5 2.01933E-5 1.56963E-5 1.56504E-5 1.70246E-5 1.74448E-5
1.21936E-5 1.36012E-5 1.36975E-5 1.23478E-5 1.35584E-5 1.40271E-5 1.14545E-5 1.18845E-5 1.30634E-5 1.63417E-5 1.53314E-5 1.39482E-5 1.23133E-5 1.24988E-5 1.26403E-5 9.92128E-6 1.49065E-5 1.42535E-5 1.28706E-5 1.22022E-5 1.2446E-5 1.15004E-5 1.18034E-5 1.7875E-5 1.7965E-5 1.79618E-5 1.53781E-5 1.5191E-5 1.64754E-5 1.96122E-5 1.9124E-5 1.7281E-5 1.42083E-5 1.28241E-5 1.43966E-5 1.22238E-5 1.2961E-5 1.51387E-5 1.54919E-5 1.69316E-5 1.80348E-5 1.63556E-5 1.67213E-5 1.83486E-5 1.92342E-5 2.19264E-5 1.95434E-5 1.73736E-5 1.62069E-5 1.74606E-5 1.54668E-5 1.46027E-5 1.80306E-5 2.15368E-5 2.23688E-5 2.2016E-5 2.18095E-5 1.73297E-5 1.57576E-5 1.48517E-5 1.57969E-5
8.50918E-6 9.25037E-6 9.18269E-6 1.0789E-5 1.08962E-5 1.3978E-5 1.47372E-5 1.19958E-5 1.28321E-5 1.45315E-5 1.63601E-5 1.35553E-5 1.08739E-5 1.42417E-5 1.57463E-5 1.22539E-5 1.11278E-5 1.54412E-5 1.41109E-5 1.30889E-5 1.28928E-5 1.19144E-5 1.18864E-5 1.68568E-5 1.6002E-5 1.58288E-5 1.59588E-5 1.5718E-5 1.76154E-5 1.82E-5 2.06248E-5 1.88977E-5 1.66119E-5 1.23834E-5 1.30232E-5 1.30524E-5 1.42269E-5 1.54958E-5 1.75111E-5 1.76844E-5 1.7813E-5 2.04417E-5 1.90435E-5 1.90612E-5 2.05138E-5 1.94761E-5 1.72508E-5 2.0109E-5 1.91037E-5 1.75837E-5 1.64137E-5 1.89085E-5 2.15683E-5 2.22135E-5 2.39556E-5 2.01027E-5 1.96439E-5 1.93169E-5 1.99978E-5 1.7259E-5 1.69784E-5
9.37472E-6 8.46263E-6 8.92855E-6 1.02751E-5 9.70587E-6 1.02507E-5 1.095E-5 1.11329E-5 1.26619E-5 1.47389E-5 1.30188E-5 1.08244E-5 1.06973E-5 1.45947E-5 1.57646E-5 1.44155E-5 1.23285E-5 1.09078E-5 9.54731E-6 1.14167E-5 1.23228E-5 1.17065E-5 1.14469E-5 1.35914E-5 1.44964E-5 1.46918E-5 1.49457E-5 1.6697E-5 1.70137E-5 1.5784E-5 1.5464E-5 1.80195E-5 1.5528E-5 1.2421E-5 1.29595E-5 1.32075E-5 1.43272E-5 1.58581E-5 1.96029E-5 2.02406E-5 2.11118E-5 2.09659E-5 1.91612E-5 1.8865E-5 1.6842E-5 1.61048E-5 1.57064E-5 1.62006E-5 2.41812E-5 2.01327E-5 2.05452E-5 2.41899E-5 2.23659E-5 2.20566E-5 2.13653E-5 2.06577E-5 2.03298E-5 2.19452E-5 2.24139E-5 1.93601E-5 1.79229E-5
1.36989E-5 1.21496E-5 1.12874E-5 1.24751E-5 1.34561E-5 1.14445E-5 9.99189E-6 1.3552E-5 1.25912E-5 1.25912E-5 1.17785E-5 1.19052E-5 1.33493E-5 1.47273E-5 1.43542E-5 1.26219E-5 1.52701E-5 1.3713E-5 1.25591E-5 1.18399E-5 1.17743E-5 1.09999E-5 1.16046E-5 1.29259E-5 1.41347E-5 1.54016E-5 1.58775E-5 1.80782E-5 1.82121E-5 1.6702E-5 1.30329E-5 1.37553E-5 1.32339E-5 1.30534E-5 1.41592E-5 1.4562E-5 1.61484E-5 1.83076E-5 2.10161E-5 2.09659E-5 1.86699E-5 1.97877E-5 1.83448E-5 1.63467E-5 1.58509E-5 1.52314E-5 1.49248E-5 1.73906E-5 1.94552E-5 1.95737E-5 2.10604E-5 2.32551E-5 2.39255E-5 2.3545E-5 2.32646E-5 2.14535E-5 1.95414E-5 1.9746E-5 1.96642E-5 2.09092E-5 1.8852E-5
1.23796E-5 1.20234E-5 1.35948E-5 1.2049E-5 1.52921E-5 1.52668E-5 1.12803E-5 1.33582E-5 1.48283E-5 1.5191E-5 1.42589E-5 1.24302E-5 1.44811E-5 1.45386E-5 1.5896E-5 1.64233E-5 1.68436E-5 1.49691E-5 1.28922E-5 1.20173E-5 1.12555E-5 1.15233E-5 1.30109E-5 1.41652E-5 1.62997E-5 1.65522E-5 1.67304E-5 1.81136E-5 1.771E-5 1.58287E-5 1.34801E-5 1.33445E-5 1.30534E-5 1.30509E-5 1.41592E-5 1.56424E-5 1.8089E-5 1.96785E-5 2.24874E-5 1.9374E-5 1.80426E-5 2.16048E-5 2.11774E-5 1.61763E-5 1.53734E-5 1.63217E-5 1.64368E-5 1.81153E-5 1.81486E-5 1.81807E-5 1.87274E-5 1.85963E-5 1.9678E-5 1.98594E-5 2.00502E-5 2.05653E-5 1.92523E-5 2.14075E-5 2.18154E-5 2.08155E-5 1.81481E-5
1.16166E-5 1.10031E-5 1.20526E-5 1.21063E-5 1.30121E-5 1.48975E-5 1.37204E-5 1.15908E-5 1.22725E-5 1.31886E-5 1.19694E-5 1.19422E-5 1.16633E-5 1.29544E-5 1.5523E-5 1.79082E-5 1.77497E-5 1.87327E-5 1.85617E-5 1.47868E-5 1.29276E-5 1.2336E-5 1.41042E-5 1.63646E-5 1.80959E-5 1.92948E-5 1.76755E-5 1.50174E-5 1.46028E-5 1.45163E-5 1.31831E-5 1.40269E-5 1.38938E-5 1.40568E-5 1.56067E-5 1.67418E-5 1.9413E-5 1.59213E-5 1.7018E-5 1.68251E-5 1.89992E-5 2.18154E-5 1.80642E-5 1.50994E-5 1.49271E-5 1.65871E-5 1.69204E-5 1.87106E-5 1.90597E-5 1.88864E-5 2.10035E-5 1.99354E-5 2.13131E-5 2.21644E-5 2.01397E-5 2.22889E-5 2.22912E-5 2.20917E-5 2.01741E-5 1.97175E-5 1.81467E-5
1.25225E-5 1.12096E-5 1.1831E-5 1.26061E-5 1.172E-5 1.51545E-5 1.57578E-5 1.33349E-5 1.1294E-5 1.0937E-5 1.14426E-5 1.23618E-5 1.19424E-5 1.30154E-5 1.47244E-5 1.86574E-5 1.57079E-5 1.41457E-5 1.4979E-5 1.49301E-5 1.31175E-5 1.32214E-5 1.35646E-5 1.68848E-5 1.99127E-5 1.9933E-5 1.98982E-5 1.6979E-5 1.55797E-5 1.45886E-5 1.40495E-5 1.46297E-5 1.44915E-5 1.80762E-5 1.76068E-5 1.89312E-5 1.67463E-5 1.51465E-5 1.86536E-5 1.74713E-5 1.81702E-5 1.99703E-5 1.63711E-5 1.53388E-5 1.52058E-5 1.73719E-5 1.79258E-5 1.926E-5 1.83065E-5 1.76623E-5 1.91724E-5 2.16864E-5 2.42329E-5 2.23306E-5 2.16961E-5 2.20969E-5 2.37153E-5 2.1371E-5 1.93698E-5 1.77272E-5 1.84386E-5
1.31175E-5 1.20991E-5 1.15908E-5 1.26619E-5 1.2934E-5 1.21917E-5 1.63697E-5 1.61866E-5 1.27655E-5 1.10038E-5 1.12161E-5 1.18801E-5 1.22232E-5 1.21107E-5 1.50511E-5 1.86692E-5 1.7729E-5 1.50287E-5 1.29616E-5 1.29769E-5 1.31106E-5 1.31735E-5 1.3383E-5 1.48052E-5 2.01365E-5 2.21011E-5 1.88924E-5 1.66925E-5 1.56087E-5 1.42355E-5 1.50281E-5 1.94836E-5 2.06458E-5 2.08946E-5 1.84283E-5 1.62633E-5 2.02768E-5 1.8442E-5 1.67654E-5 1.57834E-5 1.8153E-5 2.13546E-5 2.00667E-5 1.61292E-5 1.57961E-5 1.81739E-5 2.03756E-5 2.13755E-5 1.72385E-5 1.80511E-5 1.91331E-5 2.19456E-5 2.41477E-5 2.03132E-5 2.13465E-5 2.35177E-5 2.31361E-5 1.95795E-5 1.74953E-5 1.6471E-5 1.62518E-5
1.4524E-5 1.61163E-5 1.2765E-5 1.27673E-5 1.38996E-5 1.26837E-5 1.48733E-5 1.7768E-5 1.57796E-5 1.23236E-5 1.18557E-5 1.26841E-5 1.22496E-5 1.38541E-5 1.73724E-5 1.73439E-5 1.80679E-5 1.89571E-5 1.71882E-5 1.77112E-5 1.43458E-5 1.39213E-5 1.41778E-5 1.6114E-5 1.94209E-5 2.09315E-5 2.00202E-5 1.57477E-5 1.41448E-5 1.45116E-5 1.58008E-5 2.01525E-5 2.24372E-5 1.94085E-5 1.85053E-5 2.27121E-5 2.33342E-5 2.12673E-5 1.62967E-5 1.49544E-5 1.60572E-5 1.73873E-5 1.80613E-5 2.19513E-5 1.79203E-5 2.03639E-5 2.06925E-5 1.95406E-5 1.75647E-5 1.71648E-5 1.81765E-5 1.85116E-5 1.99237E-5 2.15047E-5 1.94354E-5 2.0462E-5 1.99577E-5 1.97437E-5 1.74356E-5 1.75602E-5 1.80455E-5
1.34643E-5 1.54537E-5 1.58288E-5 1.42014E-5 1.40441E-5 1.39144E-5 1.67388E-5 1.63897E-5 1.74808E-5 1.43781E-5 1.34487E-5 1.31259E-5 1.32216E-5 1.52188E-5 1.70814E-5 1.83445E-5 1.5122E-5 1.58471E-5 1.75186E-5 1.98187E-5 1.82798E-5 1.53037E-5 1.45781E-5 1.92849E-5 1.80807E-5 1.51365E-5 1.60074E-5 1.55474E-5 1.62445E-5 1.44461E-5 1.56213E-5 1.99011E-5 2.22395E-5 1.71295E-5 1.70749E-5 1.98829E-5 2.33152E-5 2.13558E-5 1.76909E-5 1.63472E-5 1.68989E-5 1.72313E-5 2.22656E-5 2.06295E-5 1.85347E-5 1.81964E-5 1.96022E-5 2.22911E-5 2.2019E-5 2.03095E-5 2.17866E-5 1.85665E-5 1.81467E-5 1.85865E-5 1.76456E-5 1.71923E-5 1.74356E-5 1.81959E-5 1.8721E-5 1.83648E-5 1.9194E-5
