Artocarpus hirsutus SDM files/MIS19/results (with bias file)/Arthir_min.asc
ncols         625
nrows         721
xllcorner     69.99986311115
yllcorner     5.99986187915
cellsize      0.041666667
NODATA_value  -9999
[rows 108 to 134 of 721, columns 488 to 548 of 625]
2.44443E-5 3.04631E-5 3.2257E-5 3.18391E-5 3.0063E-5 2.74404E-5 2.60071E-5 2.71653E-5 2.75758E-5 2.51569E-5 2.79604E-5 2.81239E-5 3.03241E-5 3.06808E-5 2.73767E-5 3.14458E-5 3.3551E-5 3.80436E-5 3.93604E-5 4.03765E-5 3.80149E-5 3.53587E-5 3.00075E-5 3.01861E-5 2.95119E-5 2.92297E-5 3.16771E-5 3.42745E-5 3.42921E-5 3.70623E-5 3.88581E-5 3.91521E-5 3.69913E-5 3.61317E-5 3.5134E-5 3.57599E-5 3.86213E-5 4.23425E-5 3.88963E-5 3.63898E-5 3.55488E-5 3.91308E-5 4.76605E-5 4.97013E-5 4.94527E-5 5.27185E-5 4.13636E-5 3.68831E-5 4.03061E-5 6.07459E-5 4.89971E-5 5.7355E-5 5.58417E-5 4.30356E-5 4.52038E-5 4.64293E-5 4.17444E-5 4.12167E-5 4.47847E-5 4.479E-5 5.95921E-5
2.63908E-5 2.99232E-5 3.23912E-5 3.3241E-5 3.05153E-5 2.59067E-5 2.78145E-5 2.9732E-5 2.80297E-5 3.05841E-5 2.89872E-5 2.97554E-5 2.95095E-5 3.01095E-5 2.84849E-5 3.12732E-5 3.45725E-5 3.91308E-5 4.13134E-5 3.96814E-5 3.85756E-5 3.13788E-5 2.94392E-5 3.11616E-5 2.9924E-5 3.06935E-5 3.18494E-5 3.3551E-5 3.61846E-5 4.12478E-5 4.35622E-5 4.07478E-5 3.92176E-5 3.61247E-5 3.32956E-5 3.82184E-5 4.05333E-5 4.09039E-5 3.98985E-5 3.94103E-5 3.88849E-5 4.03762E-5 4.32824E-5 4.37563E-5 4.67109E-5 5.58682E-5 4.73007E-5 3.91588E-5 4.27509E-5 4.90819E-5 4.63979E-5 4.43151E-5 4.47921E-5 4.34315E-5 4.56455E-5 4.85098E-5 4.62823E-5 4.20195E-5 4.70923E-5 4.10187E-5 4.53783E-5
2.84568E-5 2.90426E-5 3.05656E-5 3.26141E-5 3.35127E-5 3.0279E-5 2.92176E-5 3.42614E-5 3.00955E-5 2.992E-5 3.09431E-5 3.30222E-5 3.50878E-5 3.12179E-5 3.26536E-5 3.29201E-5 3.60856E-5 4.02581E-5 3.80411E-5 3.98553E-5 3.34103E-5 2.91132E-5 2.86535E-5 2.98502E-5 3.09927E-5 3.28076E-5 3.37353E-5 3.58022E-5 3.92149E-5 4.19468E-5 4.03698E-5 3.54575E-5 3.63568E-5 3.271E-5 3.32487E-5 3.61876E-5 4.29053E-5 3.74196E-5 3.74048E-5 4.06191E-5 3.8379E-5 4.55364E-5 4.4323E-5 4.57083E-5 4.35414E-5 4.3327E-5 3.8067E-5 4.04241E-5 4.13803E-5 4.31754E-5 4.42513E-5 5.55932E-5 4.72693E-5 5.20297E-5 4.62427E-5 5.55449E-5 4.71665E-5 5.58513E-5 5.84728E-5 4.65416E-5 4.25651E-5
2.94863E-5 2.79328E-5 3.03451E-5 3.20621E-5 3.09717E-5 3.26359E-5 3.28835E-5 3.30648E-5 3.267E-5 3.40324E-5 3.40611E-5 3.15997E-5 3.34893E-5 3.21262E-5 3.23749E-5 3.60701E-5 4.05674E-5 3.73226E-5 3.25403E-5 3.36451E-5 2.85917E-5 3.06886E-5 2.89872E-5 3.2771E-5 3.44091E-5 3.40219E-5 3.60412E-5 3.88067E-5 4.14652E-5 4.54812E-5 3.99845E-5 3.43757E-5 3.25544E-5 3.51096E-5 3.6284E-5 3.59953E-5 3.85416E-5 4.17695E-5 4.09473E-5 4.38384E-5 4.14041E-5 3.91249E-5 4.5712E-5 4.67345E-5 4.53357E-5 4.01344E-5 4.21576E-5 3.9656E-5 4.20934E-5 5.87926E-5 4.61235E-5 4.63126E-5 4.94699E-5 4.09263E-5 4.57074E-5 5.22785E-5 5.39792E-5 4.96513E-5 4.42352E-5 4.34016E-5 4.94702E-5
2.70932E-5 2.76917E-5 3.04881E-5 2.91647E-5 2.86987E-5 3.08541E-5 3.12534E-5 3.21823E-5 3.54482E-5 3.38721E-5 3.49279E-5 3.55885E-5 3.94553E-5 3.49413E-5 3.42554E-5 3.59786E-5 3.86282E-5 3.47392E-5 2.81488E-5 3.31334E-5 3.12911E-5 3.01456E-5 2.9544E-5 3.21044E-5 3.32152E-5 3.45315E-5 3.55391E-5 3.69434E-5 4.24863E-5 4.07127E-5 4.18237E-5 3.6079E-5 3.74396E-5 3.52306E-5 3.76081E-5 3.67133E-5 4.15871E-5 4.15726E-5 4.54937E-5 4.28716E-5 3.76081E-5 4.32395E-5 5.10263E-5 4.90657E-5 5.09518E-5 4.59755E-5 4.07968E-5 3.93115E-5 4.87692E-5 6.05736E-5 6.39164E-5 5.78702E-5 4.41142E-5 4.90961E-5 4.36157E-5 4.52502E-5 5.58525E-5 6.17802E-5 4.89553E-5 4.60499E-5 5.24907E-5
2.70819E-5 2.76027E-5 2.95123E-5 2.77045E-5 2.83283E-5 3.04385E-5 3.11051E-5 3.35829E-5 3.64772E-5 3.72861E-5 3.42745E-5 3.86185E-5 3.62111E-5 3.65229E-5 3.24247E-5 3.575E-5 3.32212E-5 3.28301E-5 3.20512E-5 3.45789E-5 3.32234E-5 3.22877E-5 3.18653E-5 3.4308E-5 3.44017E-5 3.78121E-5 3.38536E-5 3.76273E-5 3.91434E-5 4.31928E-5 4.15106E-5 3.85058E-5 3.76886E-5 3.84418E-5 3.7101E-5 4.14979E-5 4.01839E-5 4.21273E-5 4.27601E-5 4.07415E-5 3.93715E-5 3.87106E-5 4.44445E-5 5.08044E-5 4.61386E-5 4.61643E-5 4.21409E-5 4.61642E-5 4.97867E-5 5.66304E-5 5.64752E-5 5.76738E-5 5.80418E-5 5.87641E-5 4.84671E-5 5.19162E-5 4.7963E-5 4.89195E-5 5.37673E-5 5.16677E-5 5.97939E-5
2.98468E-5 3.25992E-5 3.10283E-5 2.97683E-5 3.14211E-5 3.02733E-5 3.10213E-5 3.57309E-5 3.86587E-5 3.3904E-5 3.58333E-5 3.54906E-5 3.39056E-5 3.76903E-5 3.47496E-5 3.33647E-5 3.09324E-5 3.15383E-5 3.28233E-5 3.57979E-5 3.55174E-5 3.25992E-5 3.31363E-5 3.32868E-5 3.64824E-5 3.9056E-5 3.4308E-5 3.63114E-5 3.72194E-5 4.38572E-5 4.50515E-5 3.77731E-5 3.68994E-5 3.78121E-5 4.16177E-5 4.64903E-5 4.91752E-5 4.1864E-5 4.33981E-5 4.34777E-5 3.87521E-5 3.78868E-5 3.80721E-5 3.95721E-5 3.92613E-5 4.12545E-5 4.09113E-5 4.63707E-5 4.66892E-5 5.42496E-5 6.2274E-5 4.70722E-5 6.06947E-5 5.23687E-5 3.88354E-5 4.08974E-5 4.21714E-5 5.1288E-5 5.63716E-5 6.24886E-5 6.51806E-5
2.70693E-5 3.21535E-5 3.299E-5 3.00312E-5 3.30869E-5 3.03696E-5 3.33307E-5 3.77975E-5 3.87245E-5 3.11337E-5 3.63534E-5 3.61732E-5 3.36369E-5 3.24784E-5 3.32109E-5 3.26318E-5 3.1312E-5 2.97009E-5 2.98945E-5 3.28489E-5 3.74126E-5 3.73017E-5 3.89159E-5 3.72902E-5 3.57907E-5 3.98919E-5 3.49263E-5 3.59011E-5 3.74048E-5 4.15775E-5 4.4025E-5 3.86916E-5 3.53271E-5 3.68994E-5 4.07283E-5 5.06789E-5 4.50635E-5 4.1525E-5 4.54795E-5 4.48871E-5 5.12911E-5 4.03428E-5 3.83732E-5 3.90178E-5 4.64985E-5 4.79096E-5 4.16543E-5 4.66018E-5 4.69732E-5 4.84924E-5 6.10148E-5 6.24886E-5 5.36855E-5 4.84478E-5 3.88894E-5 5.09477E-5 6.53847E-5 6.90173E-5 5.35007E-5 5.86349E-5 5.71071E-5
3.12468E-5 2.96856E-5 2.85462E-5 3.3806E-5 3.02164E-5 3.17285E-5 3.41276E-5 3.68125E-5 3.67619E-5 3.47715E-5 3.52225E-5 3.17891E-5 3.4598E-5 3.51083E-5 3.6685E-5 3.63429E-5 3.28914E-5 2.83891E-5 3.21562E-5 3.6828E-5 3.41708E-5 3.3374E-5 3.88865E-5 3.77041E-5 4.06144E-5 3.79211E-5 3.36384E-5 3.68625E-5 3.98506E-5 4.17901E-5 3.74522E-5 3.50687E-5 4.02401E-5 3.83762E-5 4.19843E-5 4.3327E-5 4.22409E-5 4.29433E-5 4.31802E-5 4.58515E-5 4.1563E-5 4.15269E-5 4.23457E-5 4.11836E-5 4.29097E-5 5.02064E-5 4.66616E-5 4.52631E-5 4.83581E-5 4.60483E-5 4.81106E-5 5.47623E-5 5.42833E-5 5.33159E-5 4.49984E-5 5.09937E-5 6.2327E-5 6.57362E-5 6.17573E-5 6.73193E-5 5.88788E-5
3.10046E-5 3.19522E-5 3.097E-5 3.07553E-5 2.94602E-5 2.88105E-5 3.5414E-5 3.40418E-5 3.70888E-5 3.18579E-5 3.12679E-5 3.14988E-5 3.52854E-5 3.57845E-5 3.75193E-5 3.67763E-5 3.31311E-5 2.89483E-5 3.01637E-5 3.41382E-5 3.38915E-5 3.3462E-5 3.69242E-5 3.79844E-5 4.19769E-5 3.81143E-5 3.55223E-5 3.46896E-5 3.65199E-5 3.76461E-5 3.50827E-5 3.426E-5 4.29112E-5 4.47647E-5 4.26023E-5 3.85686E-5 3.85686E-5 3.87149E-5 4.16089E-5 4.61539E-5 4.08915E-5 3.92753E-5 4.41053E-5 4.86662E-5 4.08453E-5 3.84517E-5 4.81534E-5 6.03309E-5 6.13516E-5 5.28292E-5 4.72429E-5 4.09848E-5 4.1217E-5 4.38181E-5 5.7781E-5 4.88396E-5 4.93979E-5 4.90886E-5 5.86494E-5 5.70857E-5 7.31186E-5
2.88306E-5 3.21845E-5 3.0027E-5 2.67586E-5 3.03747E-5 3.04275E-5 3.62083E-5 3.3579E-5 3.62512E-5 2.84569E-5 2.81758E-5 3.35632E-5 3.64568E-5 3.85556E-5 3.60973E-5 3.36025E-5 3.20679E-5 2.977E-5 3.71587E-5 3.32768E-5 3.12679E-5 3.47637E-5 3.94772E-5 3.78916E-5 4.19162E-5 4.02652E-5 3.73733E-5 3.30663E-5 3.12278E-5 3.36861E-5 3.26264E-5 3.37268E-5 4.1856E-5 5.01909E-5 3.78526E-5 3.74019E-5 4.18488E-5 3.94292E-5 4.20165E-5 4.35083E-5 3.62608E-5 3.83873E-5 4.28049E-5 5.65541E-5 4.55603E-5 3.55935E-5 4.18069E-5 4.85676E-5 6.23263E-5 5.76915E-5 4.57192E-5 4.1047E-5 5.66193E-5 5.31828E-5 4.79928E-5 6.13074E-5 5.28227E-5 5.0718E-5 4.9287E-5 5.12891E-5 4.63267E-5
2.7798E-5 2.92583E-5 2.85633E-5 2.72209E-5 3.22634E-5 3.67068E-5 3.47936E-5 3.75979E-5 3.22718E-5 2.66063E-5 2.97541E-5 3.48134E-5 3.53832E-5 3.63465E-5 3.49337E-5 3.37428E-5 3.32972E-5 3.8381E-5 3.82876E-5 3.39315E-5 3.1853E-5 3.54871E-5 3.88668E-5 3.57219E-5 3.79866E-5 3.76218E-5 4.05641E-5 3.67579E-5 3.16913E-5 3.19885E-5 3.05724E-5 3.37771E-5 4.04942E-5 4.88605E-5 4.2364E-5 3.9233E-5 4.13972E-5 4.12473E-5 3.7719E-5 3.8499E-5 3.60001E-5 4.09424E-5 4.24712E-5 4.4665E-5 3.76047E-5 3.77839E-5 4.37326E-5 4.96429E-5 4.52102E-5 5.12548E-5 4.17757E-5 4.2911E-5 5.35761E-5 5.09985E-5 5.9227E-5 6.28052E-5 6.17573E-5 6.08131E-5 6.28429E-5 6.71052E-5 5.40288E-5
2.65827E-5 2.73506E-5 2.72303E-5 2.90512E-5 3.36778E-5 3.70656E-5 3.54311E-5 3.37531E-5 2.91773E-5 2.68546E-5 3.16435E-5 3.5883E-5 3.46022E-5 3.06654E-5 3.19652E-5 3.25704E-5 3.59765E-5 3.76441E-5 3.80219E-5 3.38234E-5 3.18162E-5 3.60216E-5 3.34198E-5 3.84565E-5 3.58387E-5 3.63932E-5 3.91984E-5 3.98732E-5 3.74409E-5 3.1917E-5 2.75335E-5 3.35043E-5 4.23457E-5 5.17395E-5 3.87695E-5 3.25781E-5 3.62096E-5 4.38619E-5 4.56674E-5 3.91634E-5 3.78367E-5 3.74949E-5 3.9182E-5 3.80423E-5 3.74748E-5 4.16338E-5 5.1242E-5 5.20818E-5 4.14905E-5 5.24406E-5 4.53944E-5 3.90039E-5 5.01159E-5 5.30021E-5 6.65262E-5 6.20979E-5 7.16357E-5 6.50182E-5 6.78604E-5 5.30215E-5 5.23146E-5
2.87666E-5 2.92381E-5 3.0843E-5 3.03241E-5 3.40496E-5 3.96224E-5 3.6156E-5 3.24424E-5 3.08329E-5 3.20879E-5 3.4207E-5 3.35871E-5 3.26149E-5 3.21617E-5 3.19529E-5 3.18981E-5 3.84064E-5 3.72314E-5 3.89241E-5 3.42097E-5 3.16724E-5 3.23101E-5 3.67263E-5 4.14366E-5 3.48788E-5 3.77747E-5 3.95729E-5 3.67942E-5 3.13975E-5 3.05543E-5 2.58731E-5 3.37524E-5 4.54583E-5 4.82732E-5 3.72221E-5 3.31063E-5 3.35268E-5 4.0072E-5 5.19428E-5 4.93333E-5 3.7983E-5 3.79574E-5 3.73652E-5 3.76029E-5 3.92593E-5 4.13957E-5 5.21183E-5 5.56511E-5 4.49765E-5 4.83953E-5 4.61932E-5 4.61306E-5 4.42333E-5 4.27502E-5 6.73329E-5 6.20876E-5 5.42316E-5 5.13419E-5 5.00584E-5 5.47945E-5 6.19268E-5
3.26507E-5 3.24692E-5 3.30555E-5 3.51407E-5 3.47169E-5 3.44357E-5 3.27299E-5 3.02209E-5 2.90783E-5 3.56505E-5 3.53966E-5 3.60261E-5 3.33062E-5 3.23892E-5 3.69402E-5 3.57782E-5 3.97783E-5 4.09289E-5 3.91852E-5 3.6498E-5 2.99023E-5 3.28777E-5 3.94619E-5 3.94084E-5 3.22826E-5 3.75415E-5 4.21048E-5 3.76444E-5 2.65649E-5 2.66273E-5 2.94683E-5 3.57116E-5 4.64082E-5 4.89102E-5 3.99872E-5 3.28218E-5 3.4569E-5 3.72826E-5 4.25376E-5 4.29564E-5 3.39697E-5 3.70484E-5 3.58716E-5 3.62602E-5 3.82243E-5 4.17585E-5 4.55873E-5 4.41938E-5 4.51099E-5 4.63351E-5 4.35151E-5 4.28144E-5 4.02117E-5 4.2495E-5 4.8609E-5 4.63856E-5 6.03226E-5 4.98516E-5 4.70204E-5 5.9517E-5 6.31026E-5
3.02337E-5 3.37302E-5 3.30838E-5 3.52742E-5 3.36601E-5 3.28942E-5 2.76671E-5 2.76643E-5 3.04273E-5 3.46436E-5 3.60582E-5 3.5166E-5 3.55096E-5 3.38128E-5 3.39492E-5 3.53255E-5 3.77406E-5 4.06226E-5 3.91852E-5 3.31214E-5 3.56636E-5 4.1957E-5 3.99584E-5 3.4376E-5 3.91112E-5 3.73419E-5 3.565E-5 3.08244E-5 2.54924E-5 2.50843E-5 3.0137E-5 3.62113E-5 5.02891E-5 5.00699E-5 4.38658E-5 3.14966E-5 3.50371E-5 3.45444E-5 3.66143E-5 4.18937E-5 3.36808E-5 3.60828E-5 3.51927E-5 3.59621E-5 3.93004E-5 4.2716E-5 4.59388E-5 4.36545E-5 4.67389E-5 5.0786E-5 4.96689E-5 4.73715E-5 4.12728E-5 4.68453E-5 7.08641E-5 5.33768E-5 6.52725E-5 5.71946E-5 5.04306E-5 6.66409E-5 6.06311E-5
3.11823E-5 3.22253E-5 3.41924E-5 3.64208E-5 3.76541E-5 3.33983E-5 2.99468E-5 3.13506E-5 3.10377E-5 3.34518E-5 3.37E-5 3.61214E-5 3.60325E-5 3.47022E-5 3.5678E-5 3.5855E-5 3.55897E-5 3.78903E-5 4.12912E-5 4.01265E-5 3.62598E-5 4.09509E-5 4.10741E-5 4.36862E-5 4.34507E-5 3.90101E-5 3.3272E-5 3.00532E-5 2.68094E-5 2.37177E-5 2.90692E-5 4.27735E-5 4.41719E-5 4.38793E-5 3.76349E-5 3.55634E-5 3.5195E-5 3.36808E-5 3.3848E-5 3.26407E-5 3.92022E-5 3.41001E-5 3.94756E-5 4.19686E-5 4.56848E-5 4.91076E-5 4.59565E-5 4.10135E-5 4.69613E-5 4.5546E-5 5.6817E-5 5.24703E-5 4.23291E-5 6.00031E-5 6.92159E-5 6.69535E-5 6.57362E-5 7.04964E-5 6.31424E-5 6.15692E-5 7.69344E-5
3.20637E-5 3.2713E-5 3.29583E-5 3.32869E-5 3.58127E-5 3.46612E-5 3.61383E-5 3.36674E-5 3.45901E-5 3.46746E-5 3.45901E-5 3.46746E-5 3.44214E-5 3.57292E-5 3.63545E-5 3.60858E-5 3.48459E-5 3.709E-5 3.86348E-5 4.20922E-5 3.90548E-5 3.81103E-5 4.17365E-5 4.35562E-5 4.06992E-5 3.79901E-5 3.09786E-5 3.00425E-5 2.78761E-5 2.49851E-5 3.68046E-5 4.95148E-5 4.30915E-5 3.9226E-5 3.5566E-5 3.49708E-5 3.3537E-5 3.51946E-5 3.65456E-5 3.48133E-5 4.09468E-5 4.4768E-5 3.8311E-5 4.36613E-5 4.59877E-5 4.08962E-5 4.98564E-5 5.30711E-5 4.46141E-5 5.28667E-5 4.3891E-5 5.19231E-5 5.463E-5 4.90246E-5 6.14481E-5 6.24047E-5 6.0061E-5 7.10356E-5 6.8597E-5 8.1316E-5 8.03844E-5
3.32522E-5 3.38342E-5 3.37507E-5 3.38342E-5 3.39177E-5 3.37507E-5 3.38342E-5 3.42531E-5 3.46746E-5 3.74396E-5 3.47593E-5 3.70761E-5 3.73485E-5 3.69237E-5 3.83682E-5 3.79873E-5 3.667E-5 3.68107E-5 3.71744E-5 3.70048E-5 4.06144E-5 3.92845E-5 3.70817E-5 4.38254E-5 3.33177E-5 3.36398E-5 3.36465E-5 2.87523E-5 2.67455E-5 2.91966E-5 4.35989E-5 4.88905E-5 4.06669E-5 3.91673E-5 3.76511E-5 3.50322E-5 3.436E-5 3.52177E-5 3.61673E-5 3.77866E-5 3.62367E-5 3.63389E-5 3.78745E-5 4.30041E-5 4.60387E-5 3.7173E-5 4.22693E-5 4.37301E-5 4.58517E-5 5.71366E-5 5.71344E-5 4.90246E-5 4.84396E-5 5.34988E-5 5.39476E-5 6.68745E-5 5.63957E-5 6.52506E-5 6.63649E-5 8.34204E-5 8.23284E-5
3.3418E-5 3.3418E-5 3.35841E-5 3.40852E-5 3.45901E-5 3.45901E-5 3.45901E-5 3.46746E-5 3.46746E-5 3.46746E-5 3.47593E-5 3.67144E-5 3.81775E-5 3.77029E-5 4.00066E-5 3.93013E-5 3.65635E-5 3.68688E-5 3.69852E-5 3.35565E-5 3.33829E-5 3.49927E-5 3.72512E-5 3.31512E-5 3.22253E-5 3.70738E-5 3.39573E-5 2.83813E-5 2.96162E-5 3.27727E-5 4.55511E-5 4.50994E-5 4.35041E-5 4.05573E-5 3.51039E-5 3.35038E-5 3.86291E-5 3.29233E-5 3.2527E-5 3.59006E-5 3.86103E-5 3.44899E-5 3.43155E-5 4.01619E-5 4.37932E-5 3.99129E-5 5.18357E-5 4.23501E-5 4.4183E-5 4.61588E-5 4.36251E-5 5.66807E-5 5.13213E-5 5.95082E-5 5.96638E-5 5.72363E-5 6.04462E-5 6.0865E-5 4.85177E-5 6.88099E-5 5.83173E-5
3.3335E-5 3.38342E-5 3.40014E-5 3.46746E-5 3.50138E-5 3.52692E-5 3.49288E-5 3.50138E-5 3.46746E-5 3.7134E-5 3.89034E-5 3.74672E-5 3.6391E-5 3.86348E-5 3.99496E-5 3.69098E-5 3.56889E-5 3.11045E-5 3.11289E-5 2.87458E-5 2.90744E-5 3.13668E-5 3.65614E-5 3.69597E-5 3.19746E-5 3.11069E-5 3.70252E-5 3.51264E-5 3.12687E-5 3.43622E-5 4.71238E-5 4.77623E-5 4.4972E-5 4.28779E-5 3.66656E-5 3.89154E-5 4.2558E-5 4.02344E-5 3.97925E-5 4.10238E-5 4.20872E-5 3.83198E-5 3.71307E-5 4.32954E-5 4.02393E-5 3.82946E-5 4.77428E-5 5.49955E-5 5.83015E-5 5.56083E-5 5.91411E-5 5.05787E-5 5.02808E-5 6.17739E-5 6.25398E-5 6.25445E-5 6.75664E-5 7.44582E-5 6.44887E-5 9.20513E-5 8.13032E-5
3.37507E-5 3.45057E-5 3.44214E-5 3.53281E-5 3.57587E-5 3.53281E-5 3.72253E-5 3.65887E-5 3.58683E-5 3.7562E-5 3.72314E-5 3.83132E-5 3.67815E-5 3.60939E-5 3.23166E-5 3.02339E-5 2.84331E-5 2.77004E-5 2.83951E-5 3.02484E-5 3.3119E-5 3.68966E-5 4.02046E-5 4.06517E-5 4.06668E-5 3.88157E-5 3.71236E-5 3.44779E-5 3.22157E-5 3.38414E-5 4.20559E-5 4.55226E-5 4.56068E-5 4.27146E-5 4.10338E-5 3.51773E-5 4.45082E-5 4.40052E-5 4.8616E-5 4.65985E-5 4.48279E-5 4.17447E-5 4.23032E-5 3.68432E-5 4.03808E-5 3.63947E-5 3.9181E-5 4.62922E-5 4.45693E-5 4.26426E-5 4.50812E-5 5.41112E-5 5.42584E-5 6.53207E-5 4.42358E-5 4.51057E-5 5.27265E-5 5.18387E-5 6.71784E-5 7.22215E-5 8.51554E-5
3.38342E-5 3.45596E-5 3.69518E-5 3.65887E-5 3.61376E-5 3.79427E-5 3.71834E-5 3.66195E-5 3.71375E-5 3.61846E-5 3.59127E-5 3.30632E-5 3.28889E-5 3.03363E-5 2.7225E-5 2.65105E-5 2.56934E-5 2.7043E-5 2.9378E-5 3.63E-5 3.99697E-5 4.01465E-5 4.41194E-5 4.32426E-5 4.37591E-5 4.82249E-5 4.79034E-5 4.59433E-5 3.97277E-5 3.44533E-5 3.81838E-5 3.93339E-5 4.17979E-5 4.37741E-5 4.07093E-5 4.32562E-5 4.28835E-5 3.98828E-5 3.82617E-5 3.65902E-5 3.77428E-5 3.86503E-5 3.66093E-5 3.41498E-5 3.68067E-5 3.70927E-5 3.5829E-5 4.19744E-5 5.25687E-5 5.38595E-5 4.16658E-5 5.07519E-5 4.72984E-5 5.3385E-5 5.31315E-5 4.61603E-5 5.24211E-5 5.20686E-5 6.00272E-5 6.06879E-5 6.80135E-5
3.56894E-5 3.54219E-5 3.42753E-5 3.69009E-5 3.3888E-5 3.54498E-5 3.5423E-5 3.32639E-5 3.5359E-5 3.10961E-5 3.00091E-5 2.79625E-5 2.69038E-5 2.69208E-5 2.68377E-5 2.73297E-5 2.90994E-5 2.83937E-5 3.0717E-5 3.88968E-5 4.11176E-5 4.29673E-5 4.47573E-5 4.23341E-5 4.35861E-5 4.59086E-5 4.43731E-5 4.03635E-5 3.88506E-5 3.93607E-5 3.44445E-5 3.53348E-5 3.27898E-5 3.45862E-5 3.65872E-5 4.12204E-5 3.96539E-5 3.79463E-5 3.79776E-5 3.51797E-5 3.47448E-5 3.927E-5 3.79506E-5 4.18387E-5 3.98526E-5 4.25192E-5 4.23669E-5 3.62875E-5 4.96114E-5 5.01169E-5 4.32574E-5 3.76999E-5 5.84901E-5 6.1386E-5 5.80893E-5 6.42834E-5 7.1907E-5 5.3067E-5 6.33541E-5 6.39038E-5 6.85145E-5
3.38399E-5 3.85985E-5 3.51359E-5 3.56301E-5 3.28797E-5 3.1309E-5 3.14367E-5 3.02481E-5 2.76541E-5 2.46829E-5 2.43027E-5 2.19897E-5 2.42806E-5 2.98597E-5 3.14845E-5 2.72228E-5 3.07796E-5 3.52097E-5 3.66636E-5 3.90985E-5 4.15394E-5 4.14825E-5 3.80329E-5 3.74337E-5 3.79674E-5 3.89417E-5 4.72336E-5 4.04854E-5 3.54866E-5 4.06026E-5 3.41494E-5 3.09486E-5 3.22628E-5 3.05985E-5 3.74847E-5 4.45965E-5 3.84526E-5 3.61923E-5 4.21641E-5 3.86948E-5 3.60893E-5 4.07035E-5 3.6453E-5 3.58748E-5 4.36371E-5 4.50466E-5 4.9111E-5 3.92634E-5 5.4014E-5 5.15083E-5 5.57892E-5 5.02801E-5 6.29792E-5 6.43988E-5 5.48086E-5 6.46351E-5 7.56992E-5 6.85145E-5 6.83963E-5 6.52066E-5 7.88576E-5
3.39337E-5 3.93465E-5 3.4628E-5 3.18797E-5 3.01632E-5 2.84581E-5 2.65805E-5 2.52017E-5 2.31307E-5 2.24487E-5 2.25218E-5 2.31476E-5 2.99662E-5 3.6191E-5 3.87562E-5 3.79255E-5 3.32192E-5 3.76313E-5 3.8938E-5 4.20212E-5 3.94853E-5 3.9669E-5 3.987E-5 3.36983E-5 3.879E-5 4.05935E-5 3.91908E-5 3.83985E-5 3.65903E-5 3.55518E-5 3.43465E-5 3.25042E-5 3.39522E-5 3.41912E-5 3.50666E-5 4.35623E-5 4.50044E-5 4.29844E-5 4.32785E-5 3.97067E-5 4.19441E-5 4.23417E-5 4.28363E-5 4.26947E-5 3.90879E-5 4.22221E-5 4.58198E-5 3.91725E-5 4.42978E-5 4.3232E-5 4.56611E-5 4.4688E-5 4.77708E-5 5.58899E-5 4.85118E-5 5.16261E-5 5.66288E-5 6.3763E-5 7.04736E-5 5.1828E-5 6.63387E-5
3.28024E-5 3.15065E-5 3.0006E-5 2.83139E-5 2.91728E-5 2.61264E-5 2.24419E-5 2.16232E-5 2.27106E-5 2.23592E-5 2.1523E-5 2.74783E-5 3.3509E-5 3.86821E-5 4.07219E-5 4.27961E-5 4.22193E-5 4.33869E-5 3.53325E-5 3.82013E-5 4.04892E-5 3.93959E-5 3.88374E-5 3.39009E-5 3.2578E-5 3.35846E-5 3.80116E-5 4.40718E-5 2.98435E-5 3.98714E-5 3.63772E-5 3.21369E-5 2.95019E-5 3.62687E-5 3.63771E-5 3.84091E-5 3.69985E-5 3.61813E-5 3.99268E-5 3.63424E-5 3.63424E-5 3.53335E-5 3.78031E-5 3.86555E-5 3.60966E-5 4.4045E-5 4.06443E-5 3.71744E-5 4.09745E-5 3.75817E-5 5.27334E-5 4.5542E-5 5.3039E-5 5.32375E-5 5.30732E-5 5.09101E-5 6.62463E-5 6.40213E-5 6.53716E-5 6.3707E-5 6.37387E-5
