Artocarpus hirsutus SDM files/MIS19/results (with bias file)/Arthir_1.asc
ncols         625
nrows         721
xllcorner     69.99986311115
yllcorner     5.99986187915
cellsize      0.041666667
NODATA_value  -9999
[rows 189 to 215 of 721, columns 427 to 487 of 625]
3.8178E-3 2.09534E-3 1.1296E-3 9.40436E-4 7.88197E-4 8.11453E-4 6.58184E-4 6.21444E-4 6.43079E-4 6.56194E-4 6.17324E-4 6.55907E-4 5.484E-4 5.87529E-4 6.93741E-4 5.41113E-4 4.47913E-4 3.99225E-4 3.82318E-4 3.45015E-4 3.2735E-4 3.29374E-4 2.98496E-4 2.63599E-4 2.50836E-4 2.49413E-4 2.66274E-4 2.59078E-4 2.21088E-4 1.92893E-4 2.02517E-4 2.22434E-4 2.21321E-4 2.13558E-4 1.9833E-4 1.76947E-4 1.5204E-4 1.66427E-4 1.72096E-4 1.67391E-4 2.0586E-4 1.70246E-4 1.81377E-4 2.27842E-4 2.41372E-4 2.59784E-4 3.16054E-4 2.87802E-4 2.47444E-4 2.47131E-4 2.90369E-4 3.58387E-4 3.18088E-4 2.8118E-4 2.77E-4 2.88696E-4 2.71857E-4 3.24598E-4 3.07967E-4 3.64814E-4 3.2511E-4
6.75469E-3 3.31219E-3 1.81227E-3 1.17588E-3 8.89813E-4 1.36032E-3 8.69135E-4 8.58805E-4 7.48467E-4 7.31316E-4 6.78818E-4 6.75389E-4 6.65924E-4 5.95964E-4 5.41782E-4 6.26459E-4 5.14278E-4 4.74277E-4 4.57416E-4 3.31109E-4 4.43274E-4 3.92558E-4 3.33908E-4 3.0712E-4 2.63483E-4 2.47625E-4 2.23704E-4 2.35791E-4 2.27099E-4 2.27728E-4 2.35035E-4 2.32705E-4 2.32367E-4 2.499E-4 2.44268E-4 2.24336E-4 1.74663E-4 1.80771E-4 2.02016E-4 2.39445E-4 2.21668E-4 2.13882E-4 2.0789E-4 1.89923E-4 2.6145E-4 2.00856E-4 3.19533E-4 2.85915E-4 3.54067E-4 3.58323E-4 2.66518E-4 3.60387E-4 3.33204E-4 3.81836E-4 4.24092E-4 4.09727E-4 3.64659E-4 4.25434E-4 3.56508E-4 3.25198E-4 3.99102E-4
8.64144E-3 5.59142E-3 2.5473E-3 1.03401E-3 1.57701E-3 1.31976E-3 1.10897E-3 9.1107E-4 8.21221E-4 7.6133E-4 7.2429E-4 7.36003E-4 6.80627E-4 6.34014E-4 5.70593E-4 5.87941E-4 6.26429E-4 7.43931E-4 4.42387E-4 3.84753E-4 5.92811E-4 5.33841E-4 4.17582E-4 4.24367E-4 3.13461E-4 2.52298E-4 2.26797E-4 2.21612E-4 2.37269E-4 2.11195E-4 2.15866E-4 2.36269E-4 2.37243E-4 2.44137E-4 2.36585E-4 1.91004E-4 1.83932E-4 1.93055E-4 2.14185E-4 2.60913E-4 2.26394E-4 2.59941E-4 2.28975E-4 1.89272E-4 2.05317E-4 2.14641E-4 2.837E-4 4.07579E-4 4.04169E-4 4.50936E-4 2.81073E-4 3.2253E-4 4.26189E-4 4.23513E-4 5.14306E-4 4.32922E-4 3.49971E-4 3.02828E-4 3.51166E-4 3.92676E-4 3.28565E-4
7.02038E-3 4.1616E-3 2.17024E-3 1.28976E-3 2.99488E-3 1.92565E-3 1.26993E-3 9.93197E-4 8.77966E-4 7.78963E-4 7.49583E-4 7.76692E-4 6.56911E-4 6.64782E-4 6.81518E-4 5.2518E-4 6.4447E-4 7.02213E-4 4.6797E-4 5.29121E-4 6.00427E-4 3.8156E-4 3.75131E-4 4.05109E-4 5.05551E-4 3.2708E-4 2.33368E-4 2.17487E-4 2.66325E-4 2.96975E-4 2.49121E-4 2.57168E-4 2.4946E-4 2.13133E-4 2.08726E-4 1.92742E-4 1.90767E-4 1.82523E-4 2.1573E-4 2.90848E-4 2.4296E-4 2.53273E-4 3.27833E-4 2.90731E-4 2.96105E-4 2.66128E-4 2.49489E-4 4.4735E-4 5.15615E-4 5.51269E-4 4.36106E-4 2.89688E-4 3.30231E-4 4.7152E-4 4.52015E-4 4.07837E-4 5.05807E-4 4.72118E-4 4.97232E-4 5.64694E-4 4.85159E-4
6.02299E-3 4.5652E-3 2.21852E-3 1.74124E-3 2.08862E-3 1.77082E-3 1.22867E-3 1.46183E-3 1.06978E-3 7.53504E-4 7.63902E-4 8.24006E-4 6.33518E-4 7.57153E-4 8.18146E-4 5.16301E-4 8.7201E-4 7.33722E-4 5.99839E-4 8.28546E-4 6.44726E-4 5.19258E-4 5.12032E-4 5.67943E-4 4.67779E-4 3.014E-4 2.5023E-4 2.4165E-4 2.40623E-4 2.67132E-4 2.89234E-4 2.55297E-4 2.57353E-4 2.45221E-4 2.27001E-4 1.95505E-4 1.82466E-4 1.99084E-4 2.43152E-4 2.89069E-4 2.69289E-4 2.4761E-4 3.44128E-4 3.40344E-4 3.24658E-4 3.16007E-4 3.02727E-4 4.09173E-4 5.02719E-4 5.33977E-4 7.07123E-4 4.31993E-4 3.01625E-4 4.64418E-4 4.81327E-4 8.61976E-4 6.60937E-4 8.14914E-4 8.09318E-4 6.48631E-4 4.69943E-4
5.143E-3 3.61518E-3 2.43652E-3 2.62341E-3 2.09329E-3 1.85588E-3 1.0937E-3 1.42699E-3 1.04353E-3 9.49849E-4 9.2115E-4 7.50302E-4 9.31985E-4 8.68711E-4 8.82033E-4 8.72585E-4 7.1751E-4 7.46151E-4 8.06899E-4 1.01562E-3 9.3774E-4 5.69815E-4 6.38244E-4 6.98877E-4 5.04979E-4 3.8496E-4 2.9777E-4 2.82898E-4 3.406E-4 3.02769E-4 2.57799E-4 2.26418E-4 2.51042E-4 2.26732E-4 2.01503E-4 1.83237E-4 1.93923E-4 1.80656E-4 2.03376E-4 2.68433E-4 2.6695E-4 2.49279E-4 3.08211E-4 3.68137E-4 3.87517E-4 4.1975E-4 4.82939E-4 4.56485E-4 5.19295E-4 6.31366E-4 8.54456E-4 7.26584E-4 3.69613E-4 5.23572E-4 8.91591E-4 1.04974E-3 9.37446E-4 8.50566E-4 8.38686E-4 6.88766E-4 5.33965E-4
3.2742E-3 3.44834E-3 2.57687E-3 2.5829E-3 1.76512E-3 1.55642E-3 1.42148E-3 1.39624E-3 9.22504E-4 8.67631E-4 8.44082E-4 9.59356E-4 1.16793E-3 8.01493E-4 9.1582E-4 1.03518E-3 8.35521E-4 6.3443E-4 9.71023E-4 1.10451E-3 7.60233E-4 5.46541E-4 7.6582E-4 5.89061E-4 5.791E-4 5.70676E-4 4.46717E-4 3.7205E-4 3.55255E-4 3.43278E-4 3.49665E-4 2.84493E-4 2.77208E-4 2.60788E-4 2.00807E-4 1.87295E-4 1.82074E-4 1.8566E-4 2.16085E-4 2.17837E-4 1.97398E-4 2.28894E-4 2.113E-4 2.39712E-4 3.69872E-4 3.45644E-4 3.87285E-4 5.25561E-4 8.3187E-4 7.80196E-4 8.85883E-4 9.77677E-4 4.67688E-4 4.92404E-4 9.51785E-4 1.19353E-3 8.29555E-4 1.19445E-3 1.21738E-3 9.23448E-4 8.02734E-4
3.66199E-3 3.197E-3 2.81882E-3 4.28496E-3 2.43428E-3 1.21476E-3 1.74888E-3 1.44637E-3 1.13212E-3 1.0779E-3 7.89819E-4 8.76611E-4 8.22308E-4 8.74402E-4 8.96741E-4 7.65517E-4 1.05623E-3 8.68457E-4 8.55107E-4 1.24867E-3 8.45487E-4 6.05443E-4 8.73337E-4 7.12063E-4 6.50446E-4 7.3393E-4 5.61066E-4 4.47411E-4 3.66226E-4 4.37529E-4 2.95136E-4 2.75673E-4 2.74678E-4 2.61753E-4 2.59304E-4 1.87763E-4 2.13841E-4 2.28503E-4 2.33194E-4 1.89382E-4 2.42896E-4 2.80602E-4 3.00251E-4 3.08651E-4 2.67916E-4 3.04455E-4 3.84612E-4 7.01712E-4 9.5409E-4 6.9748E-4 9.54776E-4 1.14595E-3 7.35842E-4 5.40381E-4 7.40474E-4 7.2502E-4 1.2358E-3 1.60224E-3 1.51502E-3 1.24024E-3 1.03726E-3
3.32347E-3 1.72202E-3 4.2227E-3 3.55216E-3 1.92258E-3 1.201E-3 2.80295E-3 2.4483E-3 1.49099E-3 1.04732E-3 7.66429E-4 8.94795E-4 7.37787E-4 8.4008E-4 1.05699E-3 1.07189E-3 1.04226E-3 1.16513E-3 8.92708E-4 1.42271E-3 1.1429E-3 7.10141E-4 9.12193E-4 8.85082E-4 6.87691E-4 8.01974E-4 5.96254E-4 4.24238E-4 3.92643E-4 4.67021E-4 3.6406E-4 3.33735E-4 3.75917E-4 3.79484E-4 3.1451E-4 2.41457E-4 2.84652E-4 3.29154E-4 2.77673E-4 2.351E-4 2.68073E-4 3.34179E-4 2.64751E-4 2.70644E-4 3.77821E-4 4.37334E-4 4.48868E-4 6.69336E-4 1.01186E-3 1.07474E-3 6.89082E-4 1.31561E-3 9.56011E-4 6.9973E-4 1.22775E-3 1.63222E-3 1.62027E-3 1.71034E-3 1.7116E-3 1.64349E-3 1.50006E-3
2.94008E-3 2.40016E-3 7.09805E-3 2.92289E-3 1.74534E-3 4.19706E-3 3.5671E-3 1.56774E-3 1.17775E-3 8.11047E-4 6.35697E-4 9.78143E-4 8.64137E-4 1.06859E-3 1.26927E-3 1.02237E-3 9.67658E-4 8.37417E-4 1.0727E-3 1.27472E-3 1.30396E-3 1.21104E-3 7.8871E-4 8.8623E-4 8.35886E-4 7.82232E-4 6.55373E-4 4.57824E-4 4.1745E-4 4.84763E-4 4.23509E-4 3.67508E-4 3.13887E-4 4.18632E-4 3.50084E-4 3.06904E-4 3.19129E-4 2.85034E-4 3.49264E-4 2.78464E-4 3.72104E-4 3.90207E-4 4.09106E-4 3.35267E-4 3.55524E-4 3.54568E-4 5.14869E-4 8.87377E-4 1.18438E-3 1.35145E-3 1.36941E-3 1.00338E-3 1.17175E-3 8.8553E-4 6.92974E-4 6.46071E-4 1.24032E-3 1.76523E-3 1.67814E-3 2.09605E-3 1.31212E-3
2.53182E-3 5.84951E-3 4.33965E-3 1.49281E-3 2.59395E-3 3.87358E-3 1.67636E-3 8.15969E-4 8.16516E-4 7.99572E-4 9.36046E-4 7.86291E-4 6.66143E-4 1.04689E-3 1.17773E-3 1.16143E-3 1.42352E-3 1.12057E-3 1.05557E-3 1.48009E-3 1.51323E-3 1.50927E-3 8.44574E-4 8.43515E-4 9.52012E-4 8.78291E-4 5.60618E-4 6.02484E-4 5.08817E-4 5.69969E-4 4.266E-4 2.71618E-4 2.64591E-4 4.1531E-4 3.94489E-4 2.76085E-4 3.81717E-4 4.10485E-4 3.95708E-4 3.02874E-4 3.54464E-4 3.60072E-4 4.63745E-4 5.13586E-4 4.40828E-4 4.59273E-4 4.81779E-4 7.46303E-4 1.36909E-3 1.07616E-3 1.1822E-3 1.54393E-3 1.07423E-3 1.31374E-3 1.88694E-3 1.36831E-3 1.60993E-3 1.68893E-3 1.81757E-3 2.39431E-3 1.60304E-3
3.36106E-3 8.7378E-3 3.21455E-3 2.75434E-3 6.14685E-3 2.90928E-3 1.06319E-3 1.08436E-3 8.45356E-4 9.7817E-4 9.95125E-4 7.53017E-4 8.35608E-4 1.34109E-3 1.37229E-3 1.45897E-3 1.55251E-3 1.55244E-3 9.99879E-4 1.33176E-3 1.79172E-3 1.75855E-3 1.2022E-3 1.14039E-3 1.36823E-3 8.85945E-4 5.45194E-4 6.50118E-4 5.64088E-4 5.89627E-4 3.94825E-4 3.40007E-4 2.99043E-4 4.30137E-4 4.04298E-4 3.55012E-4 3.41427E-4 3.30156E-4 4.1334E-4 3.28693E-4 3.58856E-4 3.20863E-4 3.10111E-4 4.17123E-4 5.9885E-4 4.7686E-4 5.47272E-4 6.48825E-4 1.1068E-3 1.20914E-3 1.09367E-3 1.03266E-3 8.22452E-4 1.25517E-3 2.11223E-3 2.58262E-3 2.1782E-3 1.14061E-3 1.84135E-3 2.20569E-3 2.60763E-3
3.65467E-3 2.99645E-3 4.12442E-3 9.70658E-3 3.30901E-3 1.63279E-3 1.42029E-3 1.85935E-3 1.09778E-3 7.42644E-4 7.40358E-4 8.04601E-4 1.23779E-3 1.73537E-3 1.90458E-3 1.77889E-3 2.20461E-3 1.90883E-3 1.45132E-3 1.16927E-3 2.04169E-3 1.84084E-3 1.32632E-3 1.5277E-3 1.37584E-3 1.0112E-3 6.57963E-4 6.13236E-4 8.34742E-4 6.49502E-4 5.40127E-4 4.96638E-4 3.42837E-4 3.29442E-4 3.13343E-4 3.82927E-4 5.25062E-4 4.73504E-4 4.17867E-4 5.07526E-4 4.52293E-4 5.05014E-4 5.5502E-4 4.93157E-4 6.054E-4 4.54941E-4 4.62093E-4 5.70612E-4 9.26964E-4 1.03998E-3 1.22878E-3 1.41763E-3 1.41319E-3 2.10845E-3 2.30788E-3 3.00266E-3 1.50942E-3 1.17323E-3 2.11929E-3 2.35992E-3 2.75827E-3
4.44515E-3 3.34974E-3 7.13146E-3 4.85462E-3 1.94653E-3 2.27524E-3 3.34077E-3 1.25274E-3 8.7843E-4 5.6191E-4 1.41051E-3 1.25832E-3 1.6087E-3 1.4924E-3 2.16968E-3 2.32887E-3 2.76533E-3 2.19116E-3 2.08775E-3 1.81939E-3 1.48207E-3 2.04728E-3 2.32211E-3 1.56829E-3 1.1206E-3 1.21022E-3 8.17797E-4 1.00208E-3 1.21771E-3 9.24469E-4 8.45998E-4 5.95972E-4 4.45476E-4 3.48299E-4 3.49559E-4 2.8611E-4 5.60699E-4 4.95633E-4 4.14279E-4 4.77706E-4 5.8335E-4 4.37559E-4 3.97899E-4 4.20776E-4 6.92602E-4 7.49535E-4 6.46365E-4 5.84027E-4 6.38795E-4 8.42547E-4 1.22274E-3 1.20692E-3 2.09974E-3 2.11517E-3 2.19392E-3 2.96992E-3 2.17656E-3 1.09508E-3 2.25422E-3 2.39688E-3 2.49686E-3
6.70245E-3 9.11191E-3 6.23105E-3 2.49825E-3 2.99025E-3 2.13879E-3 1.46979E-3 6.56626E-4 7.58821E-4 6.79908E-4 1.54768E-3 1.33509E-3 1.36366E-3 1.42536E-3 1.54005E-3 1.82449E-3 2.42455E-3 2.62078E-3 3.24801E-3 3.2767E-3 1.94827E-3 2.68484E-3 3.08211E-3 2.02969E-3 1.2643E-3 1.25746E-3 1.10992E-3 1.21452E-3 1.40615E-3 1.18747E-3 9.89097E-4 7.17944E-4 5.7799E-4 5.86325E-4 6.04189E-4 3.73327E-4 4.54015E-4 7.43985E-4 6.92822E-4 5.64107E-4 7.45908E-4 7.34624E-4 6.40865E-4 4.96417E-4 5.80841E-4 9.40149E-4 5.69539E-4 8.45278E-4 9.35628E-4 8.23325E-4 1.45757E-3 2.3816E-3 2.21983E-3 2.21858E-3 1.82309E-3 1.81001E-3 1.04871E-3 1.14726E-3 3.04398E-3 1.50871E-3 1.51719E-3
6.24767E-3 5.64095E-3 2.72643E-3 2.13777E-3 1.27036E-3 1.28488E-3 1.00422E-3 4.94097E-4 4.35562E-4 5.78481E-4 8.97371E-4 9.34014E-4 5.14277E-4 7.66139E-4 1.38701E-3 1.68756E-3 1.86247E-3 2.14319E-3 2.95065E-3 2.10748E-3 1.88E-3 2.09647E-3 3.24119E-3 2.80566E-3 1.19288E-3 1.0055E-3 1.07644E-3 1.41293E-3 1.28601E-3 1.52144E-3 1.35694E-3 1.05306E-3 9.31005E-4 6.55902E-4 9.40942E-4 7.0742E-4 4.36126E-4 7.74793E-4 7.4397E-4 7.41934E-4 8.77617E-4 9.16504E-4 7.31442E-4 6.89403E-4 6.41317E-4 9.76763E-4 8.07618E-4 5.86421E-4 6.6337E-4 7.35399E-4 1.20634E-3 1.78757E-3 1.25039E-3 1.3366E-3 1.43661E-3 1.10522E-3 1.66536E-3 2.19573E-3 1.78915E-3 1.25121E-3 1.35242E-3
8.76787E-3 3.16296E-3 1.56059E-3 4.18101E-3 5.08471E-3 1.92127E-3 1.13481E-3 6.41278E-4 5.31167E-4 4.94788E-4 6.64156E-4 6.14373E-4 6.517E-4 1.10521E-3 2.20824E-3 1.89285E-3 1.76099E-3 2.40896E-3 4.17916E-3 2.96427E-3 2.91721E-3 3.27774E-3 3.22087E-3 2.45116E-3 1.59363E-3 1.38854E-3 1.04473E-3 1.82151E-3 2.05945E-3 2.22158E-3 1.71841E-3 1.28469E-3 1.20555E-3 1.02713E-3 1.0121E-3 9.02555E-4 5.32067E-4 6.68444E-4 9.10128E-4 7.17254E-4 1.02403E-3 8.35159E-4 9.54291E-4 5.9551E-4 7.27952E-4 1.19772E-3 1.10297E-3 7.98098E-4 9.83014E-4 9.96831E-4 9.21449E-4 1.24168E-3 1.18126E-3 1.15477E-3 1.12021E-3 1.98376E-3 1.3082E-3 1.60859E-3 3.37246E-3 2.07635E-3 1.08141E-3
3.22166E-3 2.69421E-3 4.42227E-3 5.54731E-3 3.2511E-3 2.65386E-3 1.17477E-3 8.36996E-4 6.85192E-4 8.42724E-4 7.60698E-4 9.82139E-4 1.20589E-3 2.1754E-3 2.65014E-3 1.21455E-3 1.58017E-3 3.47666E-3 3.66288E-3 3.21555E-3 4.8668E-3 5.27444E-3 4.09718E-3 2.48512E-3 2.2704E-3 1.61201E-3 1.26209E-3 1.64936E-3 2.08732E-3 2.7249E-3 2.5969E-3 1.8808E-3 1.35848E-3 7.82563E-4 9.54062E-4 1.23455E-3 1.03547E-3 5.47665E-4 6.34134E-4 8.59568E-4 1.17091E-3 7.47431E-4 9.89258E-4 1.15633E-3 6.79006E-4 7.59964E-4 9.64087E-4 7.90817E-4 8.04278E-4 8.81803E-4 9.60911E-4 2.24365E-3 2.18599E-3 2.85763E-3 2.58542E-3 2.50683E-3 2.97198E-3 1.40736E-3 2.78306E-3 2.77845E-3 1.40265E-3
4.64085E-3 2.69575E-3 5.29909E-3 6.06495E-3 3.33881E-3 9.35928E-4 6.36607E-4 5.95894E-4 5.91837E-4 7.40209E-4 1.1831E-3 1.60641E-3 1.90308E-3 4.86677E-3 3.0895E-3 1.5625E-3 2.3954E-3 3.31915E-3 2.98145E-3 2.84672E-3 4.61735E-3 3.12133E-3 2.32778E-3 2.3862E-3 2.31966E-3 2.37174E-3 1.86465E-3 1.47382E-3 1.7766E-3 2.53935E-3 2.48441E-3 2.14582E-3 2.34176E-3 1.19599E-3 9.67201E-4 8.68473E-4 1.63189E-3 1.06861E-3 7.27388E-4 8.07139E-4 1.35986E-3 1.31714E-3 8.76449E-4 8.55059E-4 8.26208E-4 8.5553E-4 7.70565E-4 1.01084E-3 1.16998E-3 1.28864E-3 1.09155E-3 2.48996E-3 2.77138E-3 3.07935E-3 3.35789E-3 3.09664E-3 3.78147E-3 2.81421E-3 3.42734E-3 3.36451E-3 2.46018E-3
5.05074E-3 3.1362E-3 7.29052E-3 4.00721E-3 1.99299E-3 3.91311E-3 1.18716E-3 1.21179E-3 1.22409E-3 1.30831E-3 2.19448E-3 1.68557E-3 3.02832E-3 4.78495E-3 1.54343E-3 9.21643E-4 3.32003E-3 3.39296E-3 1.91569E-3 3.00356E-3 4.20485E-3 5.05935E-3 1.98059E-3 2.61668E-3 3.02416E-3 2.71703E-3 2.41247E-3 1.98579E-3 1.91155E-3 2.80824E-3 3.44807E-3 3.20095E-3 2.70937E-3 1.71752E-3 1.94727E-3 1.49565E-3 1.39862E-3 2.18586E-3 1.03145E-3 8.70238E-4 1.1872E-3 1.41382E-3 1.09893E-3 1.59379E-3 1.5819E-3 1.41169E-3 9.86997E-4 8.74949E-4 9.48953E-4 1.03716E-3 1.13757E-3 1.89762E-3 3.30027E-3 2.698E-3 3.25082E-3 3.76622E-3 4.00256E-3 3.67811E-3 3.07247E-3 3.81314E-3 3.34319E-3
4.78631E-3 4.70791E-3 5.70686E-3 3.14612E-3 5.02092E-3 6.51819E-3 8.01137E-4 1.01472E-3 1.75143E-3 1.89684E-3 1.88216E-3 1.79306E-3 3.35513E-3 3.46445E-3 1.15981E-3 2.02396E-3 3.58801E-3 2.2134E-3 2.30748E-3 3.87273E-3 5.6919E-3 2.80135E-3 2.26897E-3 1.92051E-3 2.0657E-3 1.68355E-3 2.53678E-3 2.25138E-3 2.02039E-3 2.89898E-3 3.95765E-3 2.93021E-3 3.38045E-3 2.30841E-3 2.10596E-3 2.25074E-3 1.59573E-3 2.38723E-3 1.94462E-3 1.36721E-3 1.21268E-3 1.37517E-3 1.27141E-3 1.49201E-3 1.42819E-3 1.09616E-3 8.38956E-4 1.06296E-3 1.16169E-3 1.24063E-3 1.36563E-3 1.38763E-3 2.16805E-3 2.75689E-3 3.08145E-3 2.73051E-3 3.85262E-3 3.87809E-3 3.74959E-3 3.54649E-3 4.35657E-3
4.50516E-3 2.9937E-3 3.43976E-3 2.87202E-3 4.69903E-3 3.97183E-3 1.3268E-3 1.89692E-3 1.99905E-3 2.01496E-3 2.2344E-3 2.14487E-3 2.28443E-3 1.96811E-3 2.58732E-3 2.89599E-3 1.62125E-3 2.01202E-3 3.98462E-3 4.15871E-3 3.2692E-3 2.20246E-3 6.08415E-3 2.90957E-3 9.05267E-4 1.61385E-3 1.92519E-3 2.02963E-3 2.0205E-3 3.19494E-3 3.70675E-3 2.29786E-3 3.67486E-3 3.77415E-3 3.07785E-3 2.15236E-3 2.11104E-3 2.58017E-3 2.50711E-3 2.42049E-3 2.15606E-3 1.66201E-3 2.46182E-3 1.77254E-3 1.37932E-3 1.38288E-3 1.13776E-3 1.52658E-3 2.03158E-3 2.06732E-3 1.7419E-3 1.59506E-3 1.7867E-3 1.89355E-3 2.83203E-3 3.07924E-3 4.4301E-3 3.6738E-3 3.31587E-3 4.00703E-3 3.90514E-3
6.44062E-3 4.20763E-3 4.21883E-3 3.28356E-3 4.17531E-3 1.49231E-3 4.15827E-4 1.23113E-3 1.02932E-3 1.06536E-3 8.92737E-4 1.23496E-3 2.31913E-3 1.34292E-3 2.07845E-3 1.66252E-3 2.19181E-3 3.09587E-3 2.45165E-3 2.45199E-3 3.70308E-3 6.09001E-3 7.98605E-3 5.43225E-3 8.22819E-4 1.57271E-3 1.75866E-3 1.80204E-3 2.61832E-3 3.33236E-3 2.57172E-3 2.87189E-3 4.37692E-3 6.17125E-3 3.63856E-3 3.27777E-3 3.01098E-3 2.49912E-3 2.10447E-3 2.5203E-3 2.52916E-3 2.16358E-3 2.93289E-3 2.38188E-3 1.9432E-3 1.70469E-3 1.7165E-3 1.85625E-3 2.25545E-3 2.31613E-3 2.47049E-3 1.71214E-3 1.85584E-3 2.09972E-3 2.22798E-3 3.51223E-3 3.31048E-3 2.80969E-3 2.79231E-3 2.70889E-3 2.57025E-3
5.50813E-3 3.65985E-3 3.26334E-3 3.85943E-3 4.4266E-3 1.26755E-3 3.78334E-4 3.90851E-4 3.57233E-4 4.99334E-4 9.57169E-4 1.14422E-3 2.65885E-3 3.38334E-3 7.78254E-4 1.0859E-3 2.4817E-3 3.16393E-3 5.43925E-3 4.28899E-3 4.18538E-3 5.16295E-3 5.92485E-3 1.20074E-3 5.60502E-4 1.42658E-3 3.23446E-3 3.34345E-3 4.12324E-3 3.35309E-3 3.22079E-3 3.4645E-3 4.20578E-3 7.14874E-3 3.08913E-3 3.71676E-3 4.16313E-3 3.37802E-3 2.82744E-3 2.53537E-3 2.35503E-3 2.24758E-3 3.25284E-3 2.94586E-3 2.12154E-3 2.01485E-3 2.0254E-3 2.23425E-3 2.48406E-3 2.69275E-3 3.33717E-3 2.4619E-3 2.1725E-3 2.52238E-3 2.65506E-3 3.37947E-3 2.94746E-3 2.67009E-3 2.83903E-3 3.00511E-3 2.67732E-3
3.19984E-3 4.86713E-3 2.90941E-3 2.69138E-3 2.62062E-3 5.31375E-4 4.60411E-4 6.32365E-4 7.05807E-4 1.94506E-3 1.79769E-3 1.95284E-3 2.47843E-3 1.17591E-3 6.98533E-4 5.99108E-4 1.88577E-3 3.91579E-3 5.04553E-3 2.11035E-3 3.90008E-3 5.34435E-3 1.87566E-3 2.43595E-4 7.46861E-4 1.55545E-3 3.32374E-3 6.11674E-3 1.09888E-3 3.88524E-3 5.09619E-3 4.55713E-3 4.71779E-3 3.43947E-3 2.30848E-3 4.61278E-3 7.78833E-3 2.41755E-3 2.672E-3 2.44854E-3 2.93429E-3 2.7786E-3 4.46029E-3 2.46096E-3 2.24064E-3 2.20021E-3 2.37823E-3 2.34366E-3 2.57767E-3 2.81946E-3 3.08747E-3 3.08478E-3 2.40461E-3 2.68693E-3 2.94882E-3 4.08336E-3 3.69793E-3 3.65569E-3 2.99845E-3 2.44644E-3 2.23033E-3
2.67279E-3 2.85908E-3 2.51459E-3 9.94101E-4 9.45272E-4 5.1289E-4 6.0604E-4 1.31745E-3 1.76741E-3 1.64483E-3 2.4736E-3 2.53818E-3 2.45464E-3 2.68378E-3 1.43091E-3 1.47192E-3 3.5438E-3 2.19166E-3 1.29148E-3 1.99116E-3 8.84116E-4 1.33039E-3 6.44801E-5 1.04446E-4 1.73866E-3 1.43902E-3 1.71684E-3 6.77059E-4 7.61838E-4 1.15711E-3 4.36669E-3 3.06581E-3 4.65337E-3 2.37868E-3 2.59334E-3 7.46023E-3 3.16003E-3 2.05212E-3 2.47908E-3 2.45467E-3 3.62488E-3 3.34864E-3 2.67739E-3 2.26888E-3 3.25918E-3 2.35515E-3 2.37386E-3 2.84898E-3 2.71944E-3 2.85489E-3 3.1299E-3 2.9742E-3 3.0776E-3 3.17545E-3 3.2974E-3 4.20738E-3 4.47524E-3 4.76885E-3 4.13833E-3 2.89088E-3 2.54282E-3
2.86146E-3 1.84763E-3 1.19562E-3 1.09614E-3 1.58968E-3 9.77699E-4 1.4584E-3 7.55751E-4 5.51029E-4 2.03155E-3 2.53363E-3 1.45427E-3 1.84347E-3 8.54051E-4 6.74339E-4 2.68982E-3 1.08215E-3 3.03702E-3 2.54015E-3 2.16281E-4 1.12371E-4 8.17013E-5 5.88129E-5 7.60613E-5 1.11193E-4 2.92112E-4 1.44236E-3 6.77611E-4 4.45941E-3 2.71945E-3 3.00257E-4 3.82222E-4 2.04519E-3 3.8656E-3 3.66762E-3 8.29192E-3 2.35426E-3 2.68114E-3 2.73733E-3 4.46401E-3 2.54069E-3 3.48938E-3 3.21483E-3 1.8915E-3 1.84949E-3 1.56247E-3 1.61456E-3 2.1413E-3 2.23917E-3 3.13658E-3 3.54881E-3 3.08439E-3 3.1034E-3 3.23413E-3 3.75274E-3 4.60723E-3 4.61795E-3 4.12473E-3 3.51884E-3 1.96284E-3 3.22977E-3
