Artocarpus hirsutus SDM files/MIS19/results (with bias file)/Arthir_5.asc
ncols         625
nrows         721
xllcorner     69.99986311115
yllcorner     5.99986187915
cellsize      0.041666667
NODATA_value  -9999
[rows 189 to 215 of 721, columns 0 to 60 of 625]
2.07714E-4 2.17752E-4 2.18594E-4 2.01478E-4 2.01478E-4 2.17066E-4 1.85008E-4 1.84326E-4 1.84326E-4 1.99673E-4 1.86665E-4 1.74377E-4 1.74377E-4 1.75938E-4 1.75938E-4 1.75938E-4 1.77483E-4 1.66346E-4 1.44248E-4 1.46615E-4 1.36653E-4 1.18533E-4 1.28257E-4 1.12531E-4 1.04647E-4 1.05415E-4 9.92315E-5 9.21742E-5 9.50884E-5 8.22196E-5 7.74849E-5 6.15871E-5 5.69802E-5 5.32737E-5 4.5647E-5 4.63189E-5 4.81769E-5 4.88841E-5 4.1938E-5 4.25508E-5 3.96634E-5 3.6679E-5 3.6809E-5 3.43915E-5 3.97103E-5 3.68607E-5 3.40656E-5 3.46661E-5 3.49085E-5 3.47193E-5 3.50829E-5 3.2514E-5 3.01261E-5 2.77449E-5 3.0755E-5 3.06384E-5 3.08482E-5 2.90017E-5 2.94423E-5 2.97761E-5 3.2194E-5
1.90412E-4 1.90412E-4 1.75305E-4 1.75305E-4 1.64556E-4 1.72858E-4 1.85693E-4 1.87355E-4 2.00445E-4 1.74377E-4 1.62833E-4 1.62833E-4 1.64291E-4 1.76588E-4 1.76588E-4 1.66346E-4 1.66346E-4 1.55819E-4 1.35464E-4 1.36677E-4 1.37685E-4 1.28752E-4 1.12531E-4 1.13794E-4 1.13794E-4 1.06769E-4 9.92315E-5 9.32058E-5 6.87588E-5 6.45057E-5 5.54609E-5 5.18543E-5 5.78356E-5 5.42669E-5 5.05989E-5 4.67336E-5 4.90717E-5 4.57962E-5 4.22491E-5 3.90935E-5 3.9512E-5 3.6679E-5 3.37801E-5 3.42705E-5 3.4327E-5 3.2572E-5 2.99666E-5 3.83296E-5 3.48518E-5 3.47193E-5 3.50829E-5 3.2751E-5 2.96433E-5 2.73459E-5 2.76881E-5 2.83912E-5 3.16974E-5 2.91121E-5 2.95542E-5 2.98462E-5 3.19508E-5
1.77878E-4 1.52751E-4 1.52751E-4 1.89049E-4 1.61388E-4 1.61388E-4 1.88079E-4 1.88079E-4 1.62833E-4 1.62833E-4 1.64291E-4 1.76588E-4 1.76588E-4 1.78613E-4 1.55631E-4 1.68222E-4 1.57575E-4 1.45849E-4 1.47723E-4 1.37685E-4 1.28752E-4 1.29904E-4 1.2094E-4 1.22299E-4 1.06769E-4 1.07965E-4 9.32251E-5 8.75127E-5 6.92895E-5 6.01754E-5 5.60786E-5 5.69203E-5 5.34872E-5 4.96194E-5 5.07933E-5 5.31311E-5 4.52969E-5 4.62063E-5 4.27794E-5 3.94435E-5 3.64202E-5 3.6679E-5 3.41498E-5 3.1655E-5 3.47669E-5 2.96536E-5 2.99666E-5 3.3623E-5 3.52288E-5 3.21889E-5 2.96094E-5 3.2751E-5 3.3218E-5 2.99621E-5 2.77832E-5 3.13414E-5 2.92228E-5 2.96666E-5 2.97761E-5 3.23312E-5 3.35903E-5
1.52751E-4 1.64913E-4 1.66389E-4 1.67032E-4 1.50619E-4 1.41202E-4 1.41202E-4 1.41747E-4 1.64038E-4 1.65507E-4 1.78613E-4 1.66788E-4 1.56232E-4 1.68872E-4 1.69524E-4 1.68872E-4 1.54486E-4 1.71641E-4 1.45868E-4 1.3926E-4 1.39771E-4 1.31365E-4 1.14233E-4 1.15514E-4 1.08381E-4 1.01856E-4 8.78497E-5 7.55823E-5 7.12194E-5 6.10662E-5 6.16129E-5 5.31035E-5 5.32951E-5 4.56648E-5 5.31445E-5 4.97011E-5 4.58778E-5 4.62063E-5 4.32498E-5 3.98769E-5 3.65494E-5 3.42806E-5 3.16645E-5 3.16051E-5 3.20003E-5 2.7064E-5 2.99666E-5 2.78043E-5 3.10937E-5 3.2424E-5 3.26494E-5 3.2751E-5 2.98591E-5 2.73003E-5 2.86079E-5 2.91505E-5 3.20148E-5 2.95542E-5 3.22088E-5 2.98462E-5 2.806E-5
1.53882E-4 1.54689E-4 1.67032E-4 1.40466E-4 1.42271E-4 1.41747E-4 1.64038E-4 1.53118E-4 1.65308E-4 1.55631E-4 1.6802E-4 1.6802E-4 1.69524E-4 1.69524E-4 1.58184E-4 1.55027E-4 1.44601E-4 1.35981E-4 1.3751E-4 1.30701E-4 1.18839E-4 1.21249E-4 1.12817E-4 1.06259E-4 8.51608E-5 8.54709E-5 8.03199E-5 7.00639E-5 6.62201E-5 6.6557E-5 5.67983E-5 5.31035E-5 5.36928E-5 5.23817E-5 4.1053E-5 4.57142E-5 4.62185E-5 4.30964E-5 4.32498E-5 3.68871E-5 3.70915E-5 3.42806E-5 3.201E-5 3.1726E-5 2.92311E-5 2.94372E-5 3.25241E-5 2.79013E-5 3.1223E-5 3.11043E-5 2.81281E-5 2.97069E-5 2.74044E-5 2.84994E-5 2.91535E-5 2.67959E-5 3.23014E-5 3.26243E-5 2.99595E-5 3.04137E-5 3.05291E-5
1.44818E-4 1.44818E-4 1.56462E-4 1.53092E-4 1.42796E-4 1.53657E-4 1.5425E-4 1.56232E-4 1.5678E-4 1.42293E-4 1.42818E-4 1.44096E-4 1.34305E-4 1.42262E-4 1.42811E-4 1.46254E-4 1.57376E-4 1.48649E-4 1.39054E-4 1.30029E-4 1.20637E-4 1.13252E-4 1.14684E-4 9.20869E-5 8.54888E-5 8.02041E-5 7.42262E-5 6.44423E-5 7.22893E-5 6.0846E-5 6.25376E-5 5.01813E-5 4.79626E-5 4.3463E-5 4.4499E-5 4.13475E-5 4.6549E-5 3.94648E-5 3.66363E-5 3.39289E-5 3.12297E-5 2.88307E-5 3.21325E-5 3.18376E-5 2.92875E-5 2.99281E-5 2.77077E-5 2.81571E-5 2.90245E-5 2.91251E-5 2.61792E-5 2.74243E-5 2.78994E-5 2.64951E-5 2.64951E-5 2.66944E-5 2.93308E-5 3.25008E-5 2.99595E-5 3.00733E-5 3.02986E-5
1.13127E-4 1.22598E-4 1.43297E-4 1.43297E-4 1.44406E-4 1.44406E-4 1.42792E-4 1.33113E-4 1.33113E-4 1.33113E-4 1.55438E-4 1.56829E-4 1.42811E-4 1.33595E-4 1.18277E-4 1.24925E-4 1.35095E-4 1.36305E-4 1.26969E-4 1.18661E-4 1.11826E-4 1.13666E-4 9.91381E-5 9.31163E-5 8.64439E-5 8.72178E-5 7.47831E-5 6.49105E-5 6.06267E-5 5.69326E-5 5.30361E-5 4.201E-5 4.201E-5 4.36189E-5 4.49904E-5 4.15061E-5 3.96161E-5 3.69076E-5 3.41116E-5 3.15183E-5 3.14603E-5 2.66085E-5 3.23074E-5 2.4939E-5 2.52903E-5 2.55646E-5 2.50554E-5 2.32198E-5 2.36333E-5 2.37151E-5 2.65613E-5 2.65516E-5 2.71958E-5 2.84994E-5 2.89329E-5 2.67578E-5 2.93308E-5 3.22124E-5 2.98495E-5 3.04137E-5 3.02582E-5
1.23504E-4 1.33585E-4 1.24438E-4 1.34594E-4 1.2292E-4 1.33603E-4 1.34636E-4 1.27985E-4 1.27985E-4 1.28456E-4 1.17866E-4 1.18733E-4 1.18733E-4 1.18733E-4 1.20067E-4 1.20067E-4 1.13215E-4 1.1363E-4 1.14045E-4 1.06264E-4 1.04011E-4 9.77493E-5 9.09267E-5 9.34748E-5 9.44976E-5 8.21392E-5 7.03491E-5 6.51601E-5 6.15364E-5 4.92007E-5 4.94513E-5 4.96292E-5 4.74349E-5 4.39433E-5 4.06957E-5 3.85641E-5 3.58006E-5 3.69076E-5 3.41116E-5 3.13981E-5 2.8839E-5 2.92574E-5 2.513E-5 2.51221E-5 2.32772E-5 2.11747E-5 2.2929E-5 2.32579E-5 2.32119E-5 2.5727E-5 2.3625E-5 2.46447E-5 2.70952E-5 2.86079E-5 2.67959E-5 2.67578E-5 2.9292E-5 3.24577E-5 2.99629E-5 3.01438E-5 3.31041E-5
1.43825E-4 1.4438E-4 1.2292E-4 1.24021E-4 1.24477E-4 1.19221E-4 1.11015E-4 1.19659E-4 1.20731E-4 1.18733E-4 1.19191E-4 1.19651E-4 1.2053E-4 1.2053E-4 1.04428E-4 1.14067E-4 1.225E-4 1.06134E-4 1.0691E-4 1.00915E-4 9.39446E-5 8.69457E-5 7.58502E-5 8.60119E-5 7.06929E-5 8.95163E-5 7.73099E-5 5.44473E-5 5.07959E-5 4.7012E-5 4.35878E-5 4.038E-5 3.85509E-5 3.88276E-5 3.2999E-5 2.80821E-5 2.84921E-5 2.90645E-5 2.99763E-5 2.53143E-5 2.95857E-5 2.38556E-5 2.73926E-5 2.51623E-5 2.5347E-5 2.32324E-5 2.33136E-5 2.1272E-5 2.33005E-5 2.5727E-5 2.39474E-5 2.4704E-5 2.71984E-5 2.4985E-5 2.86761E-5 2.67578E-5 2.90705E-5 2.95118E-5 3.00332E-5 3.02177E-5 3.05593E-5
1.3457E-4 1.05684E-4 1.15887E-4 1.15887E-4 1.10163E-4 1.19659E-4 1.11832E-4 1.21027E-4 1.11394E-4 1.11394E-4 1.2053E-4 1.2053E-4 1.12233E-4 1.20971E-4 1.22524E-4 1.32982E-4 1.24349E-4 1.08939E-4 9.38092E-5 9.46491E-5 1.02954E-4 8.23641E-5 8.2663E-5 7.66955E-5 6.67555E-5 6.25179E-5 6.93827E-5 5.47374E-5 4.70232E-5 4.71926E-5 4.40703E-5 4.57691E-5 3.89765E-5 3.62044E-5 3.31256E-5 2.81822E-5 2.59262E-5 2.65075E-5 2.21102E-5 2.57797E-5 2.57797E-5 2.36813E-5 2.38483E-5 2.50343E-5 2.5395E-5 2.33647E-5 2.16763E-5 2.12373E-5 2.15409E-5 2.36757E-5 2.24061E-5 2.48926E-5 2.47657E-5 2.49522E-5 2.64575E-5 2.67224E-5 2.93611E-5 2.7192E-5 2.83425E-5 3.04438E-5 2.99897E-5
9.82806E-5 1.0783E-4 1.15887E-4 1.02899E-4 1.04457E-4 1.12833E-4 1.22087E-4 1.22558E-4 1.11823E-4 1.13077E-4 1.04428E-4 1.22351E-4 1.13928E-4 1.23271E-4 1.15203E-4 1.08805E-4 1.09358E-4 1.09914E-4 1.11141E-4 1.0335E-4 9.67702E-5 8.39048E-5 7.78471E-5 7.2725E-5 6.77567E-5 6.28508E-5 5.36349E-5 6.0125E-5 4.75444E-5 4.42394E-5 4.56055E-5 4.57691E-5 3.58188E-5 3.30076E-5 3.3244E-5 2.82903E-5 2.6078E-5 2.6901E-5 2.21102E-5 2.03832E-5 2.35152E-5 2.38556E-5 2.18729E-5 1.848E-5 1.83751E-5 1.95321E-5 2.12863E-5 1.94196E-5 1.9548E-5 2.19862E-5 2.22918E-5 2.2123E-5 2.27148E-5 2.56827E-5 2.61689E-5 2.74019E-5 2.7709E-5 2.7192E-5 2.81287E-5 3.08629E-5 2.97235E-5
1.00662E-4 1.00662E-4 9.60594E-5 1.04457E-4 1.04457E-4 1.13662E-4 1.04047E-4 1.23933E-4 1.12233E-4 1.12233E-4 1.06004E-4 1.15203E-4 1.16491E-4 1.08805E-4 1.07939E-4 1.27171E-4 1.19451E-4 1.1991E-4 1.11973E-4 1.05056E-4 9.07101E-5 8.45321E-5 8.55972E-5 7.94168E-5 7.37497E-5 6.83474E-5 5.40351E-5 5.03363E-5 5.22041E-5 4.43982E-5 4.61093E-5 4.25623E-5 3.59469E-5 3.62138E-5 3.04619E-5 2.80392E-5 2.59856E-5 2.39766E-5 2.25605E-5 2.49967E-5 2.3651E-5 2.17964E-5 2.20336E-5 1.82474E-5 1.81779E-5 1.82415E-5 1.92852E-5 1.94196E-5 1.80197E-5 2.24061E-5 2.28035E-5 2.09241E-5 2.31478E-5 2.30296E-5 2.34655E-5 2.62683E-5 2.77121E-5 2.78142E-5 2.78791E-5 3.08629E-5 3.04735E-5
1.0105E-4 1.09041E-4 9.7138E-5 1.05392E-4 1.05778E-4 1.06985E-4 1.04428E-4 1.06026E-4 1.06004E-4 1.06413E-4 9.76725E-5 1.07158E-4 1.07158E-4 1.07548E-4 1.00395E-4 1.01514E-4 1.02423E-4 1.0203E-4 1.05079E-4 9.87447E-5 9.91017E-5 8.59262E-5 7.94351E-5 7.94168E-5 7.45681E-5 6.93708E-5 5.05295E-5 4.71139E-5 4.72831E-5 4.47284E-5 4.47284E-5 4.59331E-5 3.89276E-5 3.29575E-5 3.06877E-5 2.61778E-5 2.62708E-5 2.44184E-5 2.26916E-5 2.29824E-5 2.13718E-5 1.75729E-5 1.7506E-5 1.98924E-5 2.0403E-5 1.83394E-5 1.92852E-5 1.91806E-5 1.98731E-5 2.02511E-5 2.22918E-5 2.25452E-5 2.10036E-5 2.30296E-5 2.12095E-5 2.61341E-5 2.00716E-5 2.25428E-5 2.81694E-5 2.90841E-5 2.92646E-5
1.02703E-4 8.43031E-5 9.80077E-5 1.06165E-4 9.87456E-5 1.15824E-4 9.74847E-5 9.89557E-5 1.00447E-4 9.80485E-5 1.06747E-4 1.07158E-4 1.07962E-4 1.10143E-4 1.01683E-4 1.02816E-4 1.19239E-4 1.03714E-4 9.63892E-5 9.01998E-5 1.00736E-4 9.32308E-5 8.62364E-5 8.07259E-5 7.53944E-5 6.98708E-5 5.97064E-5 5.1349E-5 4.74528E-5 4.48886E-5 4.48886E-5 4.57001E-5 3.93566E-5 3.33881E-5 2.84122E-5 2.85131E-5 2.42463E-5 2.21603E-5 2.28656E-5 2.04292E-5 2.11475E-5 1.94784E-5 1.81951E-5 1.83514E-5 1.83454E-5 1.67274E-5 1.93272E-5 1.99489E-5 1.82945E-5 2.00994E-5 2.20411E-5 2.22918E-5 2.2631E-5 2.3468E-5 2.38799E-5 2.2078E-5 2.33485E-5 2.2767E-5 2.3635E-5 2.65275E-5 2.40176E-5
1.02703E-4 9.21101E-5 8.55762E-5 1.07768E-4 1.00602E-4 1.09394E-4 1.00206E-4 9.8547E-5 9.19414E-5 9.96478E-5 9.96687E-5 1.00781E-4 1.10143E-4 1.02074E-4 1.02074E-4 1.19239E-4 1.12367E-4 1.13182E-4 9.74606E-5 9.10074E-5 8.41798E-5 9.32308E-5 8.06063E-5 8.16209E-5 7.56839E-5 7.59559E-5 5.99355E-5 4.72122E-5 4.39956E-5 4.81706E-5 4.44903E-5 4.21316E-5 3.94366E-5 3.32696E-5 3.07497E-5 2.60449E-5 2.62301E-5 2.23302E-5 2.29464E-5 2.27785E-5 1.95529E-5 1.62341E-5 1.61723E-5 1.50075E-5 1.50829E-5 1.69727E-5 1.72598E-5 1.96219E-5 1.81322E-5 2.18761E-5 2.00732E-5 2.42462E-5 2.23451E-5 2.0479E-5 1.89236E-5 2.15885E-5 2.18861E-5 2.11572E-5 2.15293E-5 2.35147E-5 2.60028E-5
9.68941E-5 8.5559E-5 9.36333E-5 9.28024E-5 9.21008E-5 1.00206E-4 9.15889E-5 9.15889E-5 1.00031E-4 1.00395E-4 1.01147E-4 1.10567E-4 1.02467E-4 1.02839E-4 1.10567E-4 1.03362E-4 1.03714E-4 1.0409E-4 9.03528E-5 9.03528E-5 9.06796E-5 8.75279E-5 8.81591E-5 8.25245E-5 8.2209E-5 7.65023E-5 6.03666E-5 5.58489E-5 4.75511E-5 4.72978E-5 5.01291E-5 4.21316E-5 3.90073E-5 3.63614E-5 3.37548E-5 2.86143E-5 2.42564E-5 2.24949E-5 2.07718E-5 1.90652E-5 1.89558E-5 1.74499E-5 1.74169E-5 1.74781E-5 1.59931E-5 1.82352E-5 2.1303E-5 1.98472E-5 1.98951E-5 2.22646E-5 2.21802E-5 2.42462E-5 2.41542E-5 2.02492E-5 2.05569E-5 2.09483E-5 2.11551E-5 2.00716E-5 2.05011E-5 2.12062E-5 2.37826E-5
7.98487E-5 8.66576E-5 8.73085E-5 9.50448E-5 9.27925E-5 8.54013E-5 8.54013E-5 1.00927E-4 9.34799E-5 9.45026E-5 1.02052E-4 1.01705E-4 1.01705E-4 1.02445E-4 1.10167E-4 1.10167E-4 1.03362E-4 1.11532E-4 1.03714E-4 9.78351E-5 8.48083E-5 7.95567E-5 8.81591E-5 8.17922E-5 7.65213E-5 7.09145E-5 6.05982E-5 5.60631E-5 4.74792E-5 5.28698E-5 4.98616E-5 4.25308E-5 3.61767E-5 3.11579E-5 2.8993E-5 2.66713E-5 2.24596E-5 2.06989E-5 2.24531E-5 1.86557E-5 1.87876E-5 1.72343E-5 1.72019E-5 1.93736E-5 1.60284E-5 2.10355E-5 1.92286E-5 2.14359E-5 2.15176E-5 2.38848E-5 2.01214E-5 2.21468E-5 2.39398E-5 2.21468E-5 2.19531E-5 1.91127E-5 2.2552E-5 2.33171E-5 2.271E-5 2.02718E-5 2.09387E-5
9.11581E-5 8.10526E-5 9.39939E-5 8.86238E-5 8.72986E-5 8.61659E-5 8.7127E-5 8.68302E-5 8.74809E-5 9.38199E-5 1.00948E-4 1.01315E-4 1.01315E-4 1.10167E-4 1.10167E-4 1.10968E-4 1.03586E-4 1.0396E-4 9.5901E-5 9.71097E-5 8.41798E-5 8.44838E-5 8.71724E-5 8.11876E-5 7.65213E-5 7.70711E-5 6.55822E-5 5.59641E-5 5.2236E-5 4.95076E-5 4.68294E-5 3.98991E-5 3.69854E-5 3.17314E-5 3.17222E-5 2.87807E-5 2.43492E-5 2.43492E-5 2.05152E-5 2.05875E-5 2.0431E-5 1.72676E-5 1.74888E-5 1.7673E-5 1.75773E-5 1.64918E-5 2.13564E-5 2.56105E-5 2.37631E-5 2.19E-5 2.18148E-5 2.17036E-5 2.3906E-5 2.21996E-5 1.9967E-5 2.05275E-5 1.79184E-5 2.11001E-5 2.61962E-5 2.59041E-5 2.3221E-5
9.974E-5 1.00875E-4 8.80902E-5 8.69639E-5 7.34136E-5 7.39642E-5 8.09005E-5 8.77984E-5 8.77984E-5 9.4866E-5 9.40242E-5 9.36841E-5 9.4728E-5 9.54365E-5 1.02296E-4 1.02666E-4 1.02273E-4 1.03411E-4 9.61064E-5 9.65958E-5 9.08732E-5 1.00949E-4 8.70426E-5 8.11876E-5 7.55523E-5 7.07898E-5 6.60522E-5 5.64944E-5 5.93129E-5 5.07928E-5 3.96637E-5 3.77997E-5 3.44547E-5 3.40044E-5 3.14991E-5 2.87807E-5 2.67732E-5 2.25827E-5 2.25827E-5 2.066E-5 2.06997E-5 1.91382E-5 1.91014E-5 1.74551E-5 1.77111E-5 2.06177E-5 2.07482E-5 2.33176E-5 2.34935E-5 2.56363E-5 2.60265E-5 2.19214E-5 2.14042E-5 2.00905E-5 2.0043E-5 2.05275E-5 1.95239E-5 2.01958E-5 2.199E-5 2.16605E-5 2.384E-5
9.3002E-5 1.02001E-4 1.02393E-4 9.04148E-5 7.34136E-5 7.40709E-5 8.13296E-5 8.7926E-5 8.77984E-5 9.4866E-5 8.79883E-5 9.4728E-5 9.4728E-5 9.4932E-5 9.59868E-5 9.45686E-5 1.02493E-4 9.63108E-5 9.02577E-5 9.02577E-5 8.51669E-5 1.00799E-4 8.78735E-5 7.54389E-5 7.04307E-5 6.59517E-5 6.21775E-5 5.33895E-5 5.04206E-5 5.07928E-5 4.00188E-5 3.66375E-5 3.71166E-5 3.43234E-5 3.19055E-5 2.91608E-5 2.67311E-5 2.25034E-5 2.47106E-5 2.10047E-5 2.09248E-5 1.90348E-5 2.09577E-5 1.79581E-5 2.23423E-5 2.04347E-5 2.45988E-5 2.25111E-5 2.31086E-5 2.77468E-5 2.56977E-5 2.38431E-5 2.14857E-5 2.18952E-5 2.01669E-5 2.02683E-5 2.09697E-5 2.15283E-5 2.07042E-5 2.17128E-5 2.17424E-5
9.41959E-5 1.0331E-4 7.06363E-5 9.14221E-5 8.36497E-5 7.40709E-5 8.07246E-5 8.72719E-5 8.21159E-5 8.13873E-5 8.72075E-5 8.72075E-5 9.4932E-5 1.01366E-4 9.28528E-5 1.01583E-4 1.01583E-4 8.81772E-5 9.01235E-5 8.53448E-5 8.59579E-5 8.74278E-5 7.56142E-5 7.08459E-5 7.17355E-5 6.24156E-5 5.79477E-5 6.52766E-5 5.60649E-5 5.16109E-5 4.32146E-5 4.01718E-5 3.77997E-5 3.8007E-5 3.22534E-5 3.17841E-5 2.90498E-5 2.65874E-5 2.49795E-5 2.29526E-5 2.27418E-5 2.08118E-5 2.3203E-5 2.13148E-5 2.6728E-5 2.64245E-5 2.46582E-5 2.45325E-5 2.6992E-5 2.78525E-5 2.57591E-5 2.42055E-5 2.12143E-5 2.14042E-5 2.17296E-5 2.06585E-5 1.91576E-5 1.93034E-5 2.04238E-5 2.38755E-5 2.13873E-5
8.84211E-5 8.81013E-5 9.66998E-5 7.65581E-5 9.53177E-5 8.41937E-5 8.07246E-5 8.09005E-5 8.13873E-5 8.22923E-5 8.27843E-5 8.21711E-5 8.77105E-5 8.17868E-5 8.23958E-5 8.28158E-5 8.85311E-5 8.11303E-5 8.21331E-5 8.40884E-5 7.91806E-5 6.77973E-5 7.08459E-5 7.10989E-5 6.17373E-5 6.26374E-5 6.52766E-5 5.99632E-5 5.54422E-5 5.06781E-5 5.10523E-5 4.41648E-5 4.15921E-5 4.11307E-5 3.75856E-5 3.1613E-5 2.70748E-5 2.70748E-5 2.69718E-5 2.66307E-5 2.48368E-5 2.45228E-5 2.52442E-5 2.87329E-5 2.89499E-5 2.64884E-5 2.68921E-5 2.68544E-5 2.96451E-5 2.72632E-5 2.81293E-5 2.55027E-5 2.34247E-5 2.33383E-5 2.17009E-5 2.07072E-5 2.17447E-5 1.94501E-5 2.19369E-5 2.35176E-5 2.33652E-5
9.71704E-5 8.28086E-5 7.51452E-5 7.99998E-5 8.6537E-5 9.60297E-5 7.84165E-5 7.5622E-5 7.66438E-5 7.59637E-5 8.24677E-5 8.77105E-5 8.78969E-5 7.62854E-5 7.71294E-5 7.74062E-5 8.26714E-5 7.65411E-5 7.6381E-5 8.33422E-5 8.5991E-5 8.67609E-5 7.5595E-5 6.5851E-5 6.21775E-5 6.21775E-5 6.23985E-5 5.88774E-5 5.0872E-5 5.1233E-5 5.10378E-5 4.33676E-5 4.30499E-5 4.09096E-5 3.72521E-5 3.45792E-5 3.18551E-5 2.91062E-5 2.92647E-5 2.48047E-5 2.97424E-5 3.15812E-5 3.15812E-5 3.14174E-5 3.16575E-5 3.14174E-5 3.22169E-5 2.9829E-5 2.96032E-5 3.01676E-5 2.86276E-5 2.41438E-5 2.87718E-5 2.36928E-5 2.4087E-5 2.22277E-5 2.2595E-5 2.10493E-5 2.14181E-5 2.29647E-5 2.53542E-5
7.67875E-5 8.3731E-5 6.86015E-5 7.47368E-5 8.14936E-5 8.83194E-5 8.1839E-5 8.00537E-5 7.13259E-5 7.70832E-5 7.69684E-5 8.22036E-5 8.11627E-5 7.65597E-5 7.2845E-5 7.87018E-5 7.92852E-5 7.27155E-5 7.22898E-5 7.54238E-5 7.12961E-5 7.61956E-5 7.07193E-5 6.66774E-5 6.19403E-5 6.59343E-5 6.10331E-5 5.89953E-5 5.46322E-5 5.46322E-5 5.14142E-5 4.77582E-5 4.37729E-5 4.47593E-5 4.0989E-5 3.40856E-5 3.4152E-5 3.73244E-5 3.4712E-5 3.00744E-5 2.97979E-5 3.48245E-5 3.50379E-5 3.73215E-5 3.76971E-5 3.45951E-5 3.2583E-5 3.32866E-5 3.36604E-5 3.08592E-5 2.79845E-5 2.58562E-5 2.90974E-5 2.59857E-5 2.39958E-5 2.436E-5 2.20597E-5 2.27366E-5 2.27037E-5 2.32769E-5 2.44762E-5
7.7475E-5 9.05731E-5 6.86015E-5 7.54059E-5 7.55668E-5 7.64048E-5 7.60175E-5 8.1839E-5 8.78718E-5 7.22673E-5 7.66742E-5 8.19324E-5 8.07288E-5 7.02134E-5 7.82411E-5 7.27155E-5 7.33474E-5 6.84752E-5 6.36632E-5 6.07511E-5 7.33838E-5 6.63698E-5 6.19854E-5 6.66774E-5 7.30538E-5 6.79187E-5 5.84718E-5 4.8087E-5 6.39782E-5 5.07784E-5 5.05849E-5 4.67314E-5 4.07562E-5 4.10555E-5 4.58258E-5 4.46036E-5 4.52465E-5 4.17523E-5 3.41321E-5 3.87635E-5 4.11613E-5 4.1009E-5 4.19928E-5 3.87059E-5 3.92425E-5 3.60133E-5 3.68387E-5 3.66992E-5 3.41711E-5 3.06988E-5 2.81282E-5 2.82351E-5 3.18806E-5 2.56943E-5 2.38145E-5 2.63828E-5 2.39958E-5 2.41438E-5 2.47872E-5 2.32455E-5 2.28656E-5
8.47866E-5 7.28788E-5 6.96152E-5 7.59516E-5 7.62434E-5 8.23786E-5 8.20828E-5 7.65655E-5 8.24285E-5 8.20104E-5 7.76138E-5 7.66512E-5 8.2036E-5 7.48312E-5 7.30866E-5 7.30866E-5 7.28076E-5 6.82139E-5 5.86775E-5 5.65213E-5 7.43024E-5 6.26645E-5 6.27622E-5 7.25385E-5 6.19681E-5 6.69269E-5 6.79822E-5 5.86792E-5 5.44471E-5 5.47408E-5 5.54481E-5 4.70022E-5 3.94975E-5 3.96365E-5 4.42513E-5 4.40124E-5 3.7456E-5 4.54192E-5 4.1462E-5 4.51392E-5 4.51392E-5 4.50757E-5 4.23086E-5 4.63964E-5 4.26266E-5 3.91453E-5 3.97401E-5 4.03434E-5 4.0646E-5 3.62365E-5 3.34891E-5 3.29885E-5 3.04702E-5 3.07424E-5 2.83795E-5 2.68486E-5 2.64448E-5 2.42924E-5 2.44444E-5 2.57298E-5 2.3501E-5
8.50933E-5 7.92083E-5 6.48229E-5 7.0388E-5 6.56966E-5 7.64048E-5 7.66799E-5 7.62728E-5 8.24285E-5 7.63171E-5 6.79543E-5 7.73175E-5 8.26449E-5 6.89799E-5 7.04926E-5 7.71792E-5 7.71792E-5 7.29555E-5 5.94138E-5 6.0941E-5 6.11395E-5 7.28886E-5 6.53492E-5 7.48857E-5 6.99124E-5 7.38293E-5 6.37609E-5 5.38572E-5 5.38572E-5 5.48487E-5 4.75012E-5 4.76684E-5 4.78506E-5 5.3165E-5 4.77887E-5 4.69909E-5 4.38586E-5 4.61386E-5 4.68627E-5 4.42336E-5 4.45085E-5 4.48483E-5 4.51856E-5 5.0346E-5 4.60453E-5 4.62814E-5 4.28452E-5 5.08503E-5 4.37646E-5 3.96312E-5 3.36951E-5 3.42095E-5 3.11225E-5 3.17139E-5 3.14782E-5 2.87334E-5 2.66103E-5 2.67083E-5 2.74856E-5 2.54054E-5 2.33805E-5
