Artocarpus hirsutus SDM files/MIS19/results (with bias file)/Arthir_3.asc
ncols         625
nrows         721
xllcorner     69.99986311115
yllcorner     5.99986187915
cellsize      0.041666667
NODATA_value  -9999
[rows 270 to 296 of 721, columns 244 to 304 of 625]
6.91915E-3 5.88099E-3 5.38993E-3 5.64802E-3 6.3264E-3 7.80945E-3 7.4223E-3 6.52097E-3 7.65659E-3 5.66972E-3 4.48875E-3 3.89061E-3 3.43183E-3 3.419E-3 3.7843E-3 3.77004E-3 4.01302E-3 4.46969E-3 4.88771E-3 4.68417E-3 4.397E-3 4.65589E-3 4.82629E-3 4.86107E-3 4.37893E-3 4.31876E-3 4.94241E-3 6.4358E-3 6.54652E-3 7.29658E-3 5.54695E-3 6.19113E-3 6.11789E-3 5.6341E-3 5.38855E-3 5.39235E-3 5.79264E-3 5.3477E-3 5.37332E-3 4.90942E-3 6.1577E-3 6.45006E-3 6.44453E-3 5.48727E-3 4.89439E-3 5.1414E-3 5.78734E-3 6.29342E-3 5.06547E-3 3.47363E-3 3.54314E-3 2.99112E-3 3.8607E-3 4.33011E-3 4.13225E-3 3.34019E-3 3.74524E-3 3.78326E-3 4.4541E-3 4.83516E-3 5.74847E-3
6.5367E-3 5.84824E-3 5.62367E-3 8.41796E-3 7.47987E-3 6.42841E-3 6.22379E-3 5.59213E-3 4.62567E-3 3.90641E-3 3.8321E-3 3.94662E-3 4.13976E-3 4.67313E-3 4.7233E-3 5.36587E-3 5.24416E-3 5.07917E-3 5.13017E-3 5.55253E-3 5.9369E-3 5.69762E-3 5.79436E-3 5.33649E-3 5.72224E-3 5.58584E-3 7.6641E-3 7.04172E-3 7.07894E-3 7.94249E-3 6.37558E-3 6.32777E-3 6.17674E-3 5.90821E-3 5.92028E-3 5.1135E-3 5.23417E-3 6.54879E-3 5.86276E-3 5.51792E-3 6.18429E-3 5.57851E-3 5.46165E-3 4.94958E-3 5.12192E-3 4.5048E-3 4.87052E-3 4.78353E-3 4.21156E-3 4.95275E-3 2.805E-3 2.95013E-3 3.60521E-3 3.83909E-3 4.25965E-3 4.67136E-3 3.83502E-3 3.753E-3 5.09012E-3 4.69455E-3 4.04467E-3
7.88036E-3 6.81244E-3 6.23971E-3 5.27624E-3 4.6386E-3 4.14711E-3 4.12743E-3 3.86886E-3 3.86317E-3 3.98398E-3 4.26809E-3 5.12095E-3 5.9499E-3 6.84174E-3 7.60189E-3 7.5698E-3 7.42766E-3 6.5426E-3 5.89777E-3 5.4928E-3 5.71547E-3 5.61843E-3 5.84389E-3 6.1844E-3 6.21092E-3 8.02021E-3 8.78849E-3 7.26846E-3 8.76961E-3 8.79607E-3 7.2176E-3 7.04501E-3 7.41101E-3 6.29478E-3 6.2927E-3 6.47988E-3 6.65615E-3 6.3864E-3 5.2406E-3 5.29484E-3 4.93238E-3 5.10048E-3 5.12485E-3 4.93476E-3 5.95104E-3 4.85737E-3 4.4617E-3 4.22753E-3 4.84655E-3 3.67824E-3 3.08466E-3 2.90171E-3 3.18531E-3 3.45728E-3 3.89316E-3 4.13815E-3 2.94804E-3 3.68438E-3 3.96214E-3 3.80619E-3 4.00431E-3
5.06306E-3 4.38521E-3 4.37169E-3 3.58848E-3 3.81099E-3 4.02338E-3 4.36937E-3 4.53587E-3 4.73413E-3 5.43798E-3 5.52553E-3 5.7482E-3 6.31962E-3 6.21725E-3 7.40899E-3 8.32839E-3 8.62182E-3 8.33999E-3 8.20382E-3 8.26474E-3 7.13413E-3 7.15227E-3 9.34609E-3 8.49484E-3 8.21524E-3 9.27756E-3 8.51229E-3 6.97898E-3 8.53787E-3 9.2671E-3 8.09162E-3 7.68377E-3 7.87238E-3 7.88834E-3 7.23719E-3 7.26644E-3 7.48637E-3 7.59459E-3 6.97411E-3 6.25484E-3 5.24955E-3 5.73851E-3 6.97178E-3 6.04616E-3 5.87358E-3 6.2239E-3 4.86612E-3 3.2792E-3 4.06497E-3 3.78156E-3 2.68722E-3 2.60741E-3 3.23516E-3 3.57475E-3 3.70112E-3 3.71591E-3 3.4353E-3 3.9178E-3 4.49216E-3 5.21767E-3 4.43827E-3
3.75156E-3 3.65507E-3 3.53725E-3 3.82261E-3 4.30345E-3 4.91152E-3 5.45736E-3 6.43675E-3 7.24429E-3 8.0035E-3 7.07742E-3 8.09715E-3 7.55551E-3 6.80489E-3 7.01536E-3 8.0117E-3 8.53591E-3 7.03563E-3 7.66848E-3 8.12249E-3 7.75245E-3 8.93697E-3 1.03945E-2 8.68012E-3 9.24468E-3 1.04984E-2 7.86879E-3 8.44431E-3 9.24633E-3 1.1049E-2 8.34838E-3 9.17464E-3 8.86009E-3 9.47386E-3 9.16508E-3 8.42017E-3 9.16722E-3 7.93209E-3 8.26576E-3 9.08216E-3 8.05364E-3 8.76119E-3 7.91374E-3 5.60837E-3 3.77951E-3 3.49939E-3 3.21252E-3 3.25849E-3 2.54649E-3 2.4302E-3 3.35008E-3 3.60233E-3 4.08966E-3 3.64797E-3 3.67328E-3 4.16269E-3 4.5137E-3 4.71177E-3 5.91612E-3 3.68488E-3 2.48359E-3
3.57031E-3 3.7975E-3 4.38485E-3 4.71454E-3 5.45497E-3 6.79768E-3 6.99173E-3 8.0581E-3 8.13636E-3 7.16136E-3 7.77026E-3 9.36199E-3 9.28995E-3 7.27006E-3 6.76605E-3 6.85606E-3 8.34042E-3 6.7565E-3 7.93691E-3 8.2462E-3 9.74873E-3 9.79405E-3 1.0431E-2 9.35069E-3 1.00431E-2 9.78279E-3 7.96046E-3 9.4676E-3 1.06722E-2 1.17942E-2 1.07061E-2 1.11647E-2 1.07274E-2 9.15575E-3 9.70406E-3 8.488E-3 8.80059E-3 9.2847E-3 9.65532E-3 7.48116E-3 7.57161E-3 6.62649E-3 5.23638E-3 4.86808E-3 3.46029E-3 2.73002E-3 2.37769E-3 2.07957E-3 2.18559E-3 2.17061E-3 2.04456E-3 2.0615E-3 2.09526E-3 2.61404E-3 3.46711E-3 3.86417E-3 4.85029E-3 4.31271E-3 2.88805E-3 2.26601E-3 2.97055E-3
4.40616E-3 4.94227E-3 5.85039E-3 6.70923E-3 7.54084E-3 8.17093E-3 8.83004E-3 7.95982E-3 6.8936E-3 7.32567E-3 8.59837E-3 1.11098E-2 8.71493E-3 8.71542E-3 9.42637E-3 8.48229E-3 7.5238E-3 1.01139E-2 1.40068E-2 1.04751E-2 1.02515E-2 9.6642E-3 1.13383E-2 9.56359E-3 1.07337E-2 1.03377E-2 8.94474E-3 9.32698E-3 1.01008E-2 1.03206E-2 1.0523E-2 9.41102E-3 8.72196E-3 9.93832E-3 1.20661E-2 1.53091E-2 1.28445E-2 6.99156E-3 6.58409E-3 7.378E-3 5.91466E-3 4.56078E-3 3.34584E-3 2.80676E-3 2.46053E-3 2.46092E-3 2.65698E-3 2.49642E-3 2.67181E-3 3.25077E-3 2.62545E-3 2.24592E-3 2.2976E-3 2.73245E-3 2.36598E-3 2.06558E-3 2.03086E-3 2.09786E-3 2.8336E-3 3.47944E-3 5.13252E-3
5.87422E-3 7.76176E-3 7.27215E-3 6.82745E-3 6.17768E-3 5.99846E-3 7.2933E-3 8.1868E-3 7.51322E-3 9.24955E-3 9.55458E-3 1.44489E-2 1.52878E-2 1.09091E-2 8.09789E-3 7.99898E-3 7.1881E-3 9.03756E-3 1.73548E-2 8.62803E-3 1.22447E-2 1.05367E-2 1.07391E-2 1.17602E-2 9.1956E-3 9.11669E-3 8.20238E-3 9.34054E-3 8.69338E-3 9.35018E-3 9.08257E-3 9.10026E-3 1.31171E-2 1.53487E-2 1.4527E-2 1.17105E-2 5.88451E-3 4.64596E-3 4.0364E-3 3.86481E-3 4.1282E-3 3.60103E-3 3.56113E-3 3.82851E-3 4.72296E-3 4.03131E-3 4.49245E-3 4.2419E-3 3.33383E-3 2.90867E-3 2.3841E-3 3.46215E-3 3.62461E-3 3.80818E-3 3.14989E-3 3.11435E-3 3.87777E-3 3.69837E-3 4.92214E-3 5.66528E-3 5.52025E-3
6.87537E-3 7.21618E-3 6.81809E-3 5.5078E-3 5.76687E-3 5.98951E-3 7.1995E-3 1.13147E-2 1.09509E-2 1.19234E-2 1.39848E-2 1.40908E-2 1.56174E-2 9.96135E-3 7.89253E-3 7.24633E-3 8.65461E-3 8.89409E-3 1.09288E-2 7.80636E-3 9.39283E-3 1.06311E-2 1.16114E-2 1.07493E-2 9.37756E-3 9.26446E-3 9.3802E-3 1.11374E-2 1.11634E-2 9.33938E-3 1.24921E-2 1.79907E-2 1.36758E-2 7.08048E-3 5.5238E-3 5.14851E-3 5.83357E-3 4.87759E-3 5.57652E-3 5.79821E-3 5.98355E-3 5.79203E-3 6.61702E-3 4.70488E-3 5.67874E-3 5.61087E-3 5.41923E-3 3.94395E-3 2.77203E-3 2.66564E-3 3.77754E-3 4.1079E-3 4.53816E-3 4.35729E-3 4.59878E-3 4.01467E-3 4.43858E-3 3.93854E-3 3.93249E-3 3.16659E-3 2.61075E-3
5.62143E-3 6.07358E-3 5.90283E-3 5.97053E-3 5.25969E-3 7.569E-3 6.54398E-3 9.7364E-3 1.11087E-2 1.23486E-2 1.06527E-2 9.23354E-3 9.45429E-3 7.2602E-3 6.16085E-3 7.40269E-3 7.68885E-3 9.33243E-3 9.67192E-3 1.04783E-2 1.20502E-2 1.10801E-2 9.65639E-3 8.74207E-3 8.82557E-3 9.07951E-3 1.03177E-2 1.23682E-2 1.28634E-2 1.71797E-2 1.89181E-2 8.99169E-3 6.78901E-3 6.30039E-3 5.27889E-3 6.70447E-3 8.19335E-3 7.72519E-3 8.08971E-3 8.50787E-3 8.12153E-3 7.69447E-3 8.07406E-3 6.63638E-3 6.77255E-3 6.95293E-3 5.20964E-3 3.42079E-3 2.51584E-3 2.79388E-3 3.69542E-3 5.13592E-3 4.37296E-3 4.15811E-3 3.11618E-3 3.43161E-3 2.74695E-3 2.64539E-3 2.70875E-3 3.02604E-3 3.19851E-3
5.60069E-3 5.44334E-3 5.61746E-3 5.60208E-3 6.50498E-3 7.05914E-3 9.66699E-3 1.03891E-2 6.07556E-3 6.59903E-3 7.78776E-3 5.64832E-3 6.60188E-3 7.66425E-3 7.41517E-3 6.96719E-3 9.02991E-3 1.05741E-2 1.00796E-2 1.17073E-2 1.00043E-2 8.40086E-3 8.57555E-3 1.08697E-2 1.55868E-2 1.49644E-2 1.73423E-2 1.78869E-2 1.57626E-2 8.08354E-3 5.58621E-3 7.91761E-3 8.84365E-3 6.20073E-3 8.07049E-3 1.39353E-2 1.07947E-2 1.05148E-2 1.07994E-2 1.00935E-2 9.53095E-3 1.00376E-2 9.66554E-3 8.0973E-3 4.88936E-3 3.96257E-3 2.81914E-3 2.53225E-3 4.04715E-3 3.92984E-3 2.83123E-3 2.53719E-3 1.98514E-3 2.34546E-3 3.08423E-3 3.78676E-3 3.49567E-3 4.17074E-3 4.26994E-3 3.66788E-3 3.30829E-3
5.98599E-3 6.30412E-3 6.12699E-3 6.64533E-3 1.16306E-2 1.12696E-2 7.91857E-3 9.62258E-3 7.79823E-3 9.11732E-3 9.96291E-3 9.29312E-3 1.15886E-2 6.45836E-3 6.10717E-3 7.43022E-3 9.88803E-3 1.12932E-2 1.11396E-2 1.05334E-2 8.71773E-3 9.87731E-3 1.69094E-2 2.18664E-2 1.82937E-2 1.07718E-2 1.18965E-2 8.86548E-3 6.17597E-3 6.60133E-3 6.65175E-3 7.74285E-3 8.88564E-3 1.22016E-2 1.51055E-2 1.50569E-2 1.75908E-2 1.47518E-2 1.17311E-2 1.10181E-2 1.25495E-2 1.22792E-2 7.02689E-3 5.37776E-3 4.18935E-3 2.85986E-3 2.99694E-3 3.81916E-3 4.9152E-3 4.84077E-3 2.44457E-3 2.07017E-3 2.43572E-3 3.68214E-3 4.38719E-3 4.87679E-3 4.50294E-3 3.66077E-3 4.32157E-3 3.46344E-3 2.99528E-3
8.25002E-3 1.02357E-2 1.16239E-2 6.36939E-3 6.9384E-3 7.90961E-3 7.7305E-3 9.41178E-3 7.30363E-3 1.00536E-2 1.06149E-2 9.48496E-3 9.4765E-3 6.85215E-3 6.5557E-3 7.22958E-3 9.09819E-3 9.89616E-3 1.0435E-2 9.98122E-3 1.1803E-2 1.65844E-2 1.27772E-2 1.15084E-2 6.94705E-3 6.30979E-3 7.3005E-3 7.637E-3 9.25008E-3 7.32718E-3 6.9546E-3 8.31796E-3 1.02861E-2 1.07169E-2 1.33052E-2 1.42212E-2 1.13891E-2 1.1304E-2 1.2633E-2 1.06337E-2 7.77309E-3 5.94526E-3 4.83899E-3 4.08104E-3 3.18792E-3 4.98089E-3 5.34286E-3 4.23221E-3 3.82689E-3 3.65871E-3 2.2836E-3 2.77961E-3 3.14255E-3 3.10813E-3 2.76148E-3 2.66497E-3 2.8503E-3 2.61844E-3 3.52006E-3 3.48398E-3 3.35202E-3
6.88209E-3 1.05603E-2 7.78469E-3 6.72069E-3 4.77194E-3 5.52236E-3 7.91134E-3 9.14219E-3 8.50151E-3 9.43431E-3 6.74157E-3 5.12061E-3 6.04394E-3 5.52815E-3 6.37128E-3 9.13112E-3 1.46801E-2 1.39107E-2 1.44268E-2 1.35792E-2 1.07413E-2 7.55579E-3 5.65171E-3 7.3538E-3 5.93265E-3 9.82336E-3 7.01741E-3 7.62709E-3 7.47012E-3 8.45336E-3 1.07039E-2 1.04615E-2 1.22621E-2 1.06589E-2 8.64653E-3 6.82005E-3 6.69952E-3 7.07283E-3 8.52687E-3 8.05433E-3 4.34403E-3 3.88592E-3 3.87116E-3 3.76672E-3 5.24067E-3 5.91595E-3 7.49606E-3 7.04154E-3 5.82149E-3 4.14415E-3 3.60473E-3 4.62379E-3 3.91407E-3 3.27188E-3 3.70046E-3 3.56876E-3 2.59083E-3 2.41771E-3 3.43236E-3 2.81901E-3 3.54193E-3
7.25596E-3 6.6632E-3 4.78906E-3 5.18893E-3 4.549E-3 5.22756E-3 7.92371E-3 1.18463E-2 1.13208E-2 8.54437E-3 7.47113E-3 5.9865E-3 4.64409E-3 5.46118E-3 8.97433E-3 1.49272E-2 1.19113E-2 1.00123E-2 8.09378E-3 6.22061E-3 6.66221E-3 6.9135E-3 6.84419E-3 6.12532E-3 6.72308E-3 7.16495E-3 6.68895E-3 7.26281E-3 7.83967E-3 1.16021E-2 1.42025E-2 9.33762E-3 1.30943E-2 1.23169E-2 1.0502E-2 6.02084E-3 5.94207E-3 6.03435E-3 6.55061E-3 7.6928E-3 5.22878E-3 4.91612E-3 5.32665E-3 4.22451E-3 6.45959E-3 6.76239E-3 6.56315E-3 4.26897E-3 3.59885E-3 3.39584E-3 3.38303E-3 4.05041E-3 3.84515E-3 3.57204E-3 2.88732E-3 2.98559E-3 2.84112E-3 4.06076E-3 5.8871E-3 4.36811E-3 5.07926E-3
5.17679E-3 6.10676E-3 6.85811E-3 6.64486E-3 5.20923E-3 6.42723E-3 5.40551E-3 6.15977E-3 1.07393E-2 8.79455E-3 5.84038E-3 4.61924E-3 8.13184E-3 1.12792E-2 9.38486E-3 6.59869E-3 6.02194E-3 5.33412E-3 6.09774E-3 6.44841E-3 6.30337E-3 7.03484E-3 7.22868E-3 8.65153E-3 7.50455E-3 7.23964E-3 1.14031E-2 1.15441E-2 1.17037E-2 1.27055E-2 1.14069E-2 8.15554E-3 8.40058E-3 1.15207E-2 1.08722E-2 7.58933E-3 7.99725E-3 8.16381E-3 7.60265E-3 5.30426E-3 4.09133E-3 4.48537E-3 5.37798E-3 4.69408E-3 4.84135E-3 5.98186E-3 5.59338E-3 3.45294E-3 3.46981E-3 3.11458E-3 3.44528E-3 3.44886E-3 3.76107E-3 3.98394E-3 3.72396E-3 2.61597E-3 2.70593E-3 4.78237E-3 4.68865E-3 3.25174E-3 4.15831E-3
6.54063E-3 7.57133E-3 6.51341E-3 7.21191E-3 5.33842E-3 6.59661E-3 6.55286E-3 9.65009E-3 8.99301E-3 4.74332E-3 6.0529E-3 1.15405E-2 8.02243E-3 5.79271E-3 5.84618E-3 6.02193E-3 6.75107E-3 6.90855E-3 7.05357E-3 8.36923E-3 7.02471E-3 6.96164E-3 7.8596E-3 7.14932E-3 7.36462E-3 1.00189E-2 1.34127E-2 8.51317E-3 7.61249E-3 1.09587E-2 7.59329E-3 7.17281E-3 6.97387E-3 6.71414E-3 7.46958E-3 8.812E-3 9.56017E-3 9.45089E-3 7.54515E-3 5.27363E-3 5.39507E-3 4.60666E-3 5.67986E-3 6.26636E-3 4.12013E-3 4.79913E-3 5.8942E-3 4.04806E-3 4.69017E-3 4.19812E-3 4.18828E-3 4.00055E-3 4.89275E-3 5.5047E-3 4.65366E-3 3.41001E-3 2.68234E-3 2.4886E-3 2.74586E-3 2.92364E-3 2.97842E-3
7.74801E-3 5.96453E-3 5.16498E-3 5.5933E-3 4.83565E-3 6.34606E-3 1.06707E-2 6.23869E-3 4.97578E-3 9.5486E-3 8.51576E-3 5.13818E-3 5.53176E-3 6.07575E-3 6.90033E-3 6.55228E-3 6.1091E-3 5.64432E-3 6.2532E-3 5.9562E-3 6.99456E-3 9.88927E-3 1.06712E-2 8.72531E-3 1.12218E-2 1.26706E-2 8.06434E-3 6.46612E-3 7.08219E-3 9.39773E-3 8.10492E-3 7.84325E-3 7.61541E-3 7.24327E-3 9.48253E-3 9.93557E-3 1.09291E-2 1.19127E-2 1.29292E-2 8.93834E-3 7.40873E-3 6.47118E-3 4.39463E-3 5.02824E-3 5.98582E-3 5.69021E-3 5.53029E-3 4.41133E-3 3.72819E-3 4.01384E-3 4.69939E-3 4.57099E-3 5.28121E-3 4.93385E-3 3.18144E-3 2.92645E-3 3.20693E-3 3.02663E-3 3.02544E-3 3.33516E-3 3.37448E-3
7.3566E-3 5.5246E-3 5.22681E-3 5.1577E-3 5.76195E-3 8.95677E-3 7.05677E-3 6.47345E-3 9.3716E-3 4.91642E-3 4.58874E-3 5.25159E-3 6.10735E-3 8.46273E-3 6.70394E-3 6.37178E-3 6.51976E-3 7.19537E-3 8.91897E-3 8.70323E-3 7.99521E-3 8.45189E-3 9.75769E-3 9.29875E-3 1.07269E-2 9.1073E-3 7.59631E-3 7.39515E-3 8.66582E-3 7.96793E-3 6.06941E-3 6.31767E-3 8.25542E-3 1.04405E-2 8.87596E-3 7.92603E-3 7.44613E-3 8.8572E-3 9.42976E-3 9.18684E-3 6.59285E-3 6.2234E-3 5.55223E-3 5.09409E-3 5.92145E-3 3.80735E-3 3.20463E-3 3.02268E-3 3.05584E-3 4.72375E-3 5.76217E-3 6.46677E-3 6.78527E-3 3.13418E-3 2.71036E-3 3.181E-3 2.94696E-3 3.27578E-3 3.79514E-3 3.83897E-3 4.25015E-3
5.91771E-3 5.84835E-3 5.50129E-3 6.01452E-3 5.86994E-3 7.8376E-3 6.3071E-3 5.8312E-3 4.96933E-3 5.00823E-3 5.43174E-3 5.887E-3 6.06586E-3 6.15511E-3 6.06156E-3 6.9623E-3 8.51545E-3 8.50098E-3 1.03496E-2 1.05792E-2 8.75239E-3 7.30309E-3 6.89615E-3 6.81846E-3 8.87642E-3 9.38294E-3 9.43761E-3 8.80946E-3 9.29336E-3 6.94274E-3 5.69616E-3 7.61881E-3 6.82948E-3 6.12121E-3 5.63431E-3 6.05353E-3 6.62115E-3 6.4199E-3 6.89958E-3 6.97267E-3 5.43561E-3 5.27873E-3 6.77646E-3 5.20658E-3 9.79543E-3 8.81033E-3 4.88735E-3 3.40353E-3 4.1311E-3 4.05975E-3 4.9082E-3 5.39924E-3 6.98696E-3 5.50641E-3 2.90907E-3 3.10547E-3 3.56316E-3 6.02961E-3 5.36607E-3 4.94078E-3 6.56146E-3
5.09882E-3 5.75219E-3 6.47218E-3 7.66334E-3 5.74476E-3 7.28303E-3 6.42572E-3 6.60166E-3 6.17012E-3 6.45713E-3 8.48425E-3 7.77804E-3 9.02124E-3 7.46763E-3 8.10472E-3 8.51411E-3 9.53512E-3 8.84172E-3 9.67386E-3 1.06384E-2 8.53993E-3 9.14395E-3 9.54412E-3 7.45004E-3 7.12564E-3 7.35525E-3 7.53744E-3 7.04276E-3 5.58831E-3 5.8913E-3 6.23344E-3 7.62646E-3 5.97129E-3 5.62324E-3 6.99999E-3 7.16855E-3 7.24049E-3 7.52154E-3 7.05877E-3 9.06408E-3 8.50427E-3 6.27657E-3 6.48208E-3 4.7719E-3 9.85909E-3 7.77592E-3 8.56374E-3 5.2134E-3 6.07449E-3 3.90948E-3 4.54844E-3 4.78651E-3 7.16079E-3 1.0439E-2 8.27185E-3 5.26518E-3 4.16905E-3 6.9636E-3 8.26348E-3 7.87428E-3 6.26668E-3
7.47601E-3 6.83947E-3 6.76036E-3 7.07739E-3 6.91559E-3 6.99417E-3 6.46302E-3 6.01277E-3 7.35975E-3 7.63573E-3 1.05272E-2 8.33619E-3 1.02125E-2 9.27202E-3 9.21596E-3 8.99065E-3 1.05754E-2 8.35177E-3 8.43249E-3 1.04209E-2 9.19179E-3 1.09831E-2 8.78302E-3 6.7839E-3 5.85831E-3 5.70575E-3 6.4819E-3 5.17933E-3 6.73697E-3 7.76781E-3 8.42116E-3 8.1891E-3 5.98256E-3 5.96541E-3 5.2764E-3 6.60502E-3 5.43189E-3 5.09806E-3 6.53605E-3 7.77944E-3 1.00522E-2 4.41517E-3 7.96383E-3 8.44337E-3 9.87528E-3 8.95776E-3 6.21745E-3 4.94885E-3 6.95665E-3 4.05701E-3 5.12749E-3 5.95566E-3 6.04314E-3 7.62926E-3 9.90214E-3 6.74032E-3 4.7239E-3 5.83123E-3 8.72992E-3 9.69751E-3 7.00268E-3
7.54217E-3 5.65907E-3 6.42025E-3 7.55164E-3 6.28102E-3 5.85381E-3 6.77035E-3 9.47832E-3 9.13247E-3 8.37313E-3 8.61749E-3 6.88482E-3 7.7183E-3 9.72928E-3 1.09048E-2 1.05057E-2 8.99144E-3 8.17154E-3 9.52633E-3 9.90862E-3 1.05987E-2 1.05494E-2 8.81486E-3 6.63311E-3 6.76472E-3 5.83114E-3 5.23042E-3 7.34897E-3 8.88971E-3 9.26759E-3 8.4014E-3 6.85548E-3 5.94607E-3 7.67027E-3 5.77908E-3 5.46453E-3 6.10158E-3 5.25615E-3 6.01276E-3 6.5746E-3 6.79749E-3 6.53182E-3 6.12042E-3 6.45308E-3 7.13722E-3 7.77632E-3 5.80867E-3 6.63934E-3 3.58785E-3 4.95153E-3 5.11575E-3 4.96754E-3 4.2227E-3 6.92142E-3 4.18513E-3 3.43371E-3 4.46482E-3 7.92291E-3 9.92224E-3 9.39785E-3 8.9852E-3
6.3991E-3 4.405E-3 5.97365E-3 5.62379E-3 6.51652E-3 7.0351E-3 7.81082E-3 8.49195E-3 9.50062E-3 9.32669E-3 9.38864E-3 7.10908E-3 7.30247E-3 7.24633E-3 8.63116E-3 1.00712E-2 8.78127E-3 9.02759E-3 9.8396E-3 1.00949E-2 1.16314E-2 1.01527E-2 6.6119E-3 6.89092E-3 6.14579E-3 7.12303E-3 8.10765E-3 8.52463E-3 8.97091E-3 8.58207E-3 8.28082E-3 7.75687E-3 6.2228E-3 6.1046E-3 7.22847E-3 5.84049E-3 6.96906E-3 7.19635E-3 6.42033E-3 4.73932E-3 6.32485E-3 6.90046E-3 7.21725E-3 8.328E-3 7.87524E-3 9.12924E-3 7.12123E-3 5.14579E-3 5.18372E-3 5.44568E-3 6.20081E-3 6.18205E-3 9.75985E-3 6.09033E-3 6.05304E-3 4.99964E-3 1.04654E-2 1.3755E-2 1.08444E-2 8.96728E-3 9.61697E-3
7.24611E-3 5.44305E-3 5.51538E-3 6.68E-3 7.33464E-3 8.44217E-3 8.28423E-3 8.6025E-3 9.12188E-3 9.16566E-3 7.4285E-3 7.66117E-3 7.38904E-3 8.67368E-3 9.50872E-3 9.64371E-3 9.34327E-3 9.70608E-3 1.0084E-2 1.14719E-2 9.91672E-3 6.89624E-3 7.00473E-3 6.33321E-3 6.06553E-3 6.69028E-3 7.9227E-3 8.38913E-3 7.08088E-3 7.66287E-3 8.65617E-3 7.71871E-3 6.71669E-3 5.3254E-3 6.3361E-3 4.58018E-3 5.41928E-3 5.2153E-3 6.28088E-3 5.53024E-3 4.25469E-3 3.90249E-3 6.00625E-3 6.86233E-3 5.9153E-3 3.87818E-3 3.18802E-3 5.86518E-3 9.22739E-3 1.13558E-2 9.28384E-3 6.99656E-3 1.22959E-2 1.35809E-2 1.39602E-2 1.57228E-2 1.57248E-2 1.27467E-2 5.88532E-3 7.73108E-3 6.50552E-3
4.42885E-3 4.95736E-3 7.21875E-3 8.3073E-3 7.83312E-3 9.07554E-3 8.71901E-3 9.6679E-3 9.89715E-3 9.59688E-3 9.2019E-3 8.55337E-3 7.46534E-3 7.70841E-3 8.08421E-3 7.87022E-3 1.03233E-2 1.24377E-2 1.2186E-2 9.53277E-3 9.79005E-3 8.77357E-3 7.43434E-3 7.33585E-3 7.71654E-3 6.40667E-3 6.14827E-3 6.30216E-3 5.92066E-3 5.99028E-3 6.22296E-3 7.97052E-3 6.22806E-3 6.54072E-3 6.73407E-3 7.21743E-3 5.1663E-3 5.12753E-3 4.09754E-3 4.41177E-3 4.86222E-3 4.64923E-3 4.47901E-3 5.0144E-3 4.33981E-3 3.08675E-3 4.38539E-3 7.13652E-3 7.09553E-3 9.02157E-3 7.88762E-3 7.07928E-3 7.32816E-3 8.7014E-3 6.09881E-3 6.94405E-3 6.95577E-3 5.1584E-3 7.46415E-3 8.53741E-3 6.10724E-3
6.074E-3 6.54109E-3 8.14201E-3 8.69004E-3 8.14825E-3 9.03525E-3 9.34245E-3 1.16411E-2 1.24237E-2 1.31002E-2 9.62451E-3 8.06348E-3 7.41714E-3 9.54526E-3 1.12127E-2 9.42636E-3 1.06999E-2 1.01051E-2 1.06791E-2 1.10919E-2 1.38875E-2 1.13603E-2 7.6001E-3 7.55775E-3 6.53552E-3 5.8832E-3 6.82506E-3 6.87335E-3 6.16206E-3 6.31808E-3 5.75518E-3 7.02846E-3 7.47845E-3 6.9027E-3 5.94286E-3 6.87106E-3 7.21513E-3 6.83181E-3 6.657E-3 7.66531E-3 7.88091E-3 6.95994E-3 7.54081E-3 7.10442E-3 4.80043E-3 6.40222E-3 9.06583E-3 9.93854E-3 1.02719E-2 7.98874E-3 5.90719E-3 7.10518E-3 5.46141E-3 5.54334E-3 5.39668E-3 7.06044E-3 8.36948E-3 8.78312E-3 1.27315E-2 1.11126E-2 1.16157E-2
