Artocarpus hirsutus SDM files/MIS19/results (with bias file)/Arthir_5.asc
ncols         625
nrows         721
xllcorner     69.99986311115
yllcorner     5.99986187915
cellsize      0.041666667
NODATA_value  -9999
[rows 135 to 161 of 721, columns 61 to 121 of 625]
9.6319E-5 9.70788E-5 7.78694E-5 6.6452E-5 6.19478E-5 5.71709E-5 5.32319E-5 4.96927E-5 4.59488E-5 5.16813E-5 4.83619E-5 4.49929E-5 4.17617E-5 4.3725E-5 3.70586E-5 3.29101E-5 3.40164E-5 3.58506E-5 3.60989E-5 3.86251E-5 4.0131E-5 4.03714E-5 4.14001E-5 4.19497E-5 4.88743E-5 4.99684E-5 5.06108E-5 5.15287E-5 5.86256E-5 6.25591E-5 6.11017E-5 6.26761E-5 6.46425E-5 6.62875E-5 6.82208E-5 7.14763E-5 8.00375E-5 7.8892E-5 8.36903E-5 9.83124E-5 1.15162E-4 1.20206E-4 1.19466E-4 1.27526E-4 1.45565E-4 1.53972E-4 1.73792E-4 1.84841E-4 2.12866E-4 2.21946E-4 2.3666E-4 2.32442E-4 2.38437E-4 2.45883E-4 2.53441E-4 2.61317E-4 2.32641E-4 2.48363E-4 2.27945E-4 2.33323E-4 2.19143E-4
1.03752E-4 8.35457E-5 7.09738E-5 6.53173E-5 6.10889E-5 5.64106E-5 5.26942E-5 4.93493E-5 4.97235E-5 4.24118E-5 4.4053E-5 4.08091E-5 4.16319E-5 3.65436E-5 3.6807E-5 3.01001E-5 3.0406E-5 3.14933E-5 3.20932E-5 3.34169E-5 3.41741E-5 4.02221E-5 4.12472E-5 3.87114E-5 3.88196E-5 4.92364E-5 5.03166E-5 5.09739E-5 5.22813E-5 5.44204E-5 5.38524E-5 6.17632E-5 5.74627E-5 6.55801E-5 6.1766E-5 6.25592E-5 7.03316E-5 7.05459E-5 8.0884E-5 8.67397E-5 8.77729E-5 1.0232E-4 1.06409E-4 1.23703E-4 1.32555E-4 1.46398E-4 1.54895E-4 1.76652E-4 1.65923E-4 1.69036E-4 1.95783E-4 2.32442E-4 2.26306E-4 2.45013E-4 2.51856E-4 2.57753E-4 2.41757E-4 2.35849E-4 2.20788E-4 2.112E-4 1.9157E-4
7.71483E-5 6.94381E-5 6.99276E-5 6.48615E-5 6.06635E-5 5.19276E-5 5.24967E-5 4.9008E-5 4.18037E-5 3.87326E-5 3.93486E-5 4.05297E-5 4.13475E-5 3.84991E-5 3.33513E-5 3.41007E-5 3.0471E-5 2.80494E-5 3.19742E-5 2.96276E-5 3.103E-5 2.8989E-5 3.21088E-5 3.6495E-5 4.13719E-5 3.81731E-5 4.36501E-5 5.04135E-5 4.72923E-5 5.40216E-5 5.32623E-5 5.44359E-5 5.60301E-5 5.84815E-5 6.62707E-5 6.18772E-5 6.93306E-5 7.02892E-5 7.29833E-5 8.22883E-5 8.71386E-5 1.01612E-4 1.06025E-4 1.09793E-4 1.2491E-4 1.45349E-4 1.54947E-4 1.60439E-4 1.63624E-4 1.68433E-4 1.95086E-4 2.02651E-4 2.26716E-4 2.32551E-4 2.39803E-4 2.5786E-4 2.6295E-4 2.3419E-4 2.19331E-4 2.05928E-4 2.09811E-4
8.64064E-5 7.43932E-5 6.41452E-5 5.92725E-5 6.02726E-5 5.14004E-5 4.75634E-5 4.43794E-5 4.13829E-5 3.83441E-5 3.58233E-5 3.63913E-5 3.37988E-5 3.50113E-5 3.53746E-5 3.09776E-5 3.01726E-5 2.78603E-5 2.59387E-5 2.72085E-5 2.7496E-5 2.79298E-5 2.84321E-5 3.21795E-5 4.07732E-5 3.78922E-5 4.34894E-5 4.06341E-5 4.51885E-5 4.68847E-5 4.78335E-5 5.18334E-5 5.29616E-5 4.92335E-5 6.31148E-5 6.44823E-5 6.60121E-5 6.84285E-5 7.85545E-5 8.14192E-5 8.69671E-5 9.78533E-5 1.02991E-4 1.09583E-4 1.08624E-4 1.44355E-4 1.50566E-4 1.58778E-4 1.66113E-4 1.84584E-4 1.95158E-4 2.0129E-4 2.26804E-4 2.33378E-4 2.39803E-4 2.45519E-4 2.50473E-4 2.32641E-4 2.17116E-4 2.17901E-4 2.05298E-4
7.928E-5 7.33888E-5 6.32814E-5 5.89696E-5 5.00341E-5 5.10424E-5 4.76558E-5 4.40717E-5 4.10966E-5 3.84206E-5 3.54647E-5 3.61417E-5 3.35677E-5 3.41163E-5 3.244E-5 3.27745E-5 2.51038E-5 2.33613E-5 2.3684E-5 2.41341E-5 2.42266E-5 2.76409E-5 2.82431E-5 2.85362E-5 3.34073E-5 4.13001E-5 3.85899E-5 4.41259E-5 4.48569E-5 4.67125E-5 5.21885E-5 4.60208E-5 4.80856E-5 5.35211E-5 4.97524E-5 5.85799E-5 5.99703E-5 6.7684E-5 7.14263E-5 8.05359E-5 8.41677E-5 9.50221E-5 1.01512E-4 1.05947E-4 1.08063E-4 1.19996E-4 1.28146E-4 1.37283E-4 1.5415E-4 1.78567E-4 1.86179E-4 2.18435E-4 1.97626E-4 2.04533E-4 2.27983E-4 2.32996E-4 2.49693E-4 2.34723E-4 2.12865E-4 2.20216E-4 1.97852E-4
8.57177E-5 7.28729E-5 6.28374E-5 5.85865E-5 5.42824E-5 5.0523E-5 4.32905E-5 4.1194E-5 4.20393E-5 3.58727E-5 3.31141E-5 3.57808E-5 3.06856E-5 2.8272E-5 2.63469E-5 2.7024E-5 2.49339E-5 2.32036E-5 2.34373E-5 2.38112E-5 2.43529E-5 2.49949E-5 2.56354E-5 2.86853E-5 2.88744E-5 3.38778E-5 3.83061E-5 3.92912E-5 4.10766E-5 4.53448E-5 4.73829E-5 4.62626E-5 4.63377E-5 5.313E-5 5.43969E-5 5.61895E-5 5.84585E-5 6.06001E-5 6.00051E-5 6.89203E-5 7.14304E-5 8.33465E-5 8.95889E-5 1.02495E-4 1.05282E-4 1.08497E-4 1.26772E-4 1.31318E-4 1.53319E-4 1.58456E-4 1.61521E-4 1.82189E-4 1.95604E-4 2.20299E-4 2.27176E-4 2.33328E-4 2.36861E-4 2.4798E-4 2.34026E-4 2.11873E-4 1.95859E-4
7.82046E-5 6.70393E-5 5.87024E-5 5.97006E-5 5.11095E-5 4.73001E-5 4.4282E-5 3.7856E-5 3.81475E-5 3.24128E-5 3.02507E-5 2.8069E-5 2.86038E-5 2.66584E-5 2.62487E-5 2.44456E-5 2.16608E-5 2.04878E-5 2.12249E-5 2.15832E-5 2.21411E-5 2.24916E-5 2.27955E-5 2.8495E-5 2.62671E-5 2.98001E-5 3.41217E-5 3.45687E-5 3.97193E-5 4.13616E-5 4.66799E-5 4.55876E-5 4.66791E-5 4.78698E-5 5.4198E-5 5.55906E-5 5.87513E-5 5.99403E-5 6.16818E-5 6.29806E-5 7.04202E-5 8.21462E-5 8.38406E-5 8.93579E-5 1.05783E-4 1.08292E-4 1.12591E-4 1.30848E-4 1.52771E-4 1.58736E-4 1.59801E-4 1.81541E-4 1.87837E-4 2.18826E-4 2.24862E-4 2.4271E-4 2.37395E-4 2.40781E-4 2.23847E-4 2.30056E-4 2.14598E-4
7.94252E-5 6.83443E-5 6.31656E-5 5.90883E-5 5.07516E-5 4.73902E-5 4.39736E-5 3.74721E-5 3.49057E-5 3.23096E-5 3.01548E-5 3.07511E-5 2.84076E-5 2.64762E-5 2.466E-5 2.48547E-5 2.01566E-5 2.17336E-5 2.08168E-5 2.15646E-5 1.99239E-5 2.23412E-5 2.25762E-5 2.09766E-5 2.62494E-5 2.94713E-5 3.01259E-5 3.44866E-5 3.82425E-5 4.02909E-5 4.61545E-5 4.50658E-5 4.66791E-5 4.76826E-5 4.89095E-5 4.97212E-5 5.70023E-5 6.00371E-5 6.14574E-5 5.95142E-5 6.33619E-5 7.11006E-5 7.56643E-5 8.62253E-5 9.1589E-5 9.55795E-5 1.11748E-4 1.13169E-4 1.31508E-4 1.56537E-4 1.61773E-4 1.64306E-4 1.85183E-4 2.09393E-4 2.23361E-4 2.30234E-4 2.28765E-4 2.16585E-4 2.22367E-4 2.03463E-4 2.07633E-4
7.88643E-5 6.78623E-5 6.3522E-5 5.9228E-5 5.02318E-5 4.30465E-5 4.02793E-5 3.72113E-5 3.45522E-5 3.22699E-5 2.98516E-5 2.78437E-5 2.5954E-5 2.39624E-5 2.43548E-5 2.16464E-5 2.13158E-5 1.99628E-5 1.88705E-5 1.91598E-5 1.99073E-5 2.01793E-5 2.04985E-5 2.06369E-5 2.59025E-5 2.90445E-5 3.29797E-5 3.46065E-5 3.86503E-5 3.96509E-5 3.7892E-5 4.10339E-5 4.23922E-5 4.29974E-5 4.87182E-5 4.98005E-5 5.06127E-5 4.76252E-5 6.01982E-5 6.19454E-5 6.05731E-5 6.44681E-5 7.3251E-5 7.81E-5 7.93988E-5 9.26207E-5 1.02501E-4 9.79528E-5 1.31266E-4 1.29567E-4 1.51304E-4 1.59613E-4 1.83216E-4 1.88959E-4 2.12222E-4 2.16815E-4 2.26348E-4 2.32558E-4 2.16208E-4 2.19371E-4 1.99393E-4
7.84858E-5 6.69389E-5 5.78243E-5 5.38863E-5 5.03512E-5 4.27452E-5 4.3632E-5 3.71629E-5 3.44413E-5 3.20462E-5 2.99107E-5 2.76518E-5 2.57756E-5 2.62E-5 2.20857E-5 1.96799E-5 1.82408E-5 1.80836E-5 1.67494E-5 1.7359E-5 1.76243E-5 2.00881E-5 2.04226E-5 2.10236E-5 2.3411E-5 2.97352E-5 3.0231E-5 3.1009E-5 3.18059E-5 3.58348E-5 3.64838E-5 4.18805E-5 3.81738E-5 4.26938E-5 4.37707E-5 4.43463E-5 4.63393E-5 4.55592E-5 5.22169E-5 5.35375E-5 5.50896E-5 6.35564E-5 6.46069E-5 6.90227E-5 7.77195E-5 8.35931E-5 8.29803E-5 9.69346E-5 1.10353E-4 1.18173E-4 1.32757E-4 1.56849E-4 1.69495E-4 1.74192E-4 1.87109E-4 1.92954E-4 1.98886E-4 2.24806E-4 2.05097E-4 2.14052E-4 1.99764E-4
7.82256E-5 6.70608E-5 6.32213E-5 5.3507E-5 4.99976E-5 4.29876E-5 3.98151E-5 3.70429E-5 3.43784E-5 3.22298E-5 2.97038E-5 2.7811E-5 2.36097E-5 2.16372E-5 1.92228E-5 1.7716E-5 1.81282E-5 1.68964E-5 1.66362E-5 1.56934E-5 1.75057E-5 1.84345E-5 1.8741E-5 1.91069E-5 2.14324E-5 2.633E-5 3.03957E-5 2.82427E-5 3.1463E-5 3.21522E-5 4.00629E-5 4.07969E-5 4.18397E-5 4.27504E-5 3.79356E-5 3.86175E-5 3.96098E-5 4.02552E-5 4.51799E-5 4.79318E-5 4.24948E-5 5.56306E-5 5.86977E-5 6.69323E-5 7.12434E-5 8.09317E-5 8.59576E-5 8.56287E-5 9.98671E-5 1.12637E-4 1.1658E-4 1.36213E-4 1.55272E-4 1.571E-4 1.78375E-4 1.85273E-4 1.90299E-4 1.96221E-4 2.02303E-4 2.03383E-4 1.90566E-4
6.83588E-5 6.15118E-5 5.75493E-5 4.94367E-5 4.59949E-5 4.65373E-5 3.96858E-5 3.69939E-5 3.42678E-5 2.91959E-5 2.72364E-5 2.50867E-5 2.12738E-5 1.97346E-5 1.6951E-5 1.77525E-5 1.63507E-5 1.66785E-5 1.70529E-5 1.67894E-5 1.61396E-5 1.63609E-5 1.67321E-5 1.89796E-5 2.35365E-5 2.42342E-5 2.46336E-5 3.08348E-5 3.16278E-5 3.49465E-5 3.58426E-5 3.77438E-5 3.63764E-5 3.22908E-5 3.77179E-5 3.8205E-5 3.93209E-5 4.03197E-5 4.09755E-5 4.20247E-5 4.4583E-5 4.38976E-5 4.51671E-5 5.19631E-5 5.35473E-5 6.21053E-5 7.08426E-5 7.3246E-5 8.51704E-5 9.88831E-5 1.15205E-4 1.18599E-4 1.36538E-4 1.60376E-4 1.56E-4 1.6407E-4 1.84362E-4 1.71694E-4 1.94618E-4 2.02408E-4 1.69035E-4
6.30595E-5 5.41432E-5 5.6954E-5 4.89267E-5 4.56939E-5 4.26483E-5 3.6143E-5 3.36733E-5 3.13363E-5 2.91587E-5 2.6875E-5 2.43153E-5 2.05144E-5 1.65628E-5 1.69425E-5 1.76421E-5 1.6395E-5 1.65651E-5 1.54879E-5 1.58339E-5 1.60421E-5 1.49849E-5 1.66202E-5 1.69961E-5 2.14865E-5 2.17701E-5 2.69504E-5 2.75488E-5 2.81044E-5 3.19653E-5 3.14176E-5 3.18189E-5 3.15438E-5 3.22311E-5 3.26484E-5 3.33664E-5 3.50176E-5 3.55985E-5 3.66358E-5 3.74375E-5 3.8323E-5 3.55622E-5 4.02326E-5 4.52345E-5 5.30735E-5 5.51783E-5 6.36758E-5 6.59302E-5 7.17582E-5 9.64619E-5 1.00243E-4 1.04535E-4 1.21036E-4 1.33064E-4 1.37627E-4 1.53439E-4 1.61308E-4 1.65819E-4 1.71817E-4 1.75112E-4 1.83335E-4
5.28467E-5 4.94194E-5 4.61857E-5 4.90398E-5 4.59517E-5 4.23488E-5 3.93736E-5 3.37373E-5 3.11343E-5 2.89559E-5 2.93468E-5 2.10633E-5 1.97512E-5 1.83438E-5 1.70699E-5 1.57143E-5 1.45952E-5 1.34549E-5 1.50316E-5 1.24477E-5 1.4026E-5 1.41661E-5 1.5177E-5 1.70463E-5 2.09218E-5 2.40077E-5 2.46277E-5 2.7346E-5 3.06176E-5 2.73633E-5 3.10796E-5 3.16423E-5 2.82761E-5 3.21129E-5 2.99577E-5 3.0393E-5 3.08906E-5 3.23087E-5 3.31296E-5 3.39154E-5 3.50383E-5 3.13978E-5 3.61845E-5 4.09347E-5 4.25766E-5 4.91799E-5 5.55614E-5 5.79485E-5 7.35873E-5 7.32737E-5 8.71638E-5 8.97703E-5 1.01465E-4 1.16526E-4 1.20577E-4 1.34888E-4 1.58819E-4 1.47952E-4 1.69538E-4 1.55608E-4 1.5685E-4
5.75835E-5 5.40606E-5 5.03848E-5 4.2691E-5 3.98495E-5 4.23094E-5 3.93185E-5 3.6448E-5 3.11938E-5 2.73808E-5 2.57245E-5 2.129E-5 1.76844E-5 1.651E-5 1.52098E-5 1.41196E-5 1.46802E-5 1.48786E-5 1.31419E-5 1.21812E-5 1.38986E-5 1.42068E-5 1.45742E-5 1.47723E-5 1.8294E-5 2.06003E-5 2.12807E-5 2.18251E-5 2.42893E-5 2.47788E-5 2.76614E-5 2.57864E-5 2.5023E-5 2.61711E-5 2.65521E-5 2.6988E-5 2.81151E-5 2.87326E-5 2.90947E-5 3.00632E-5 3.09379E-5 3.15541E-5 3.1109E-5 3.61821E-5 3.70205E-5 3.84929E-5 4.57875E-5 5.18401E-5 5.91775E-5 6.59589E-5 7.42834E-5 7.84678E-5 8.90647E-5 1.02522E-4 1.18114E-4 1.22215E-4 1.26952E-4 1.42317E-4 1.49115E-4 1.51859E-4 1.5451E-4
5.80991E-5 5.34983E-5 4.98618E-5 4.65992E-5 3.96599E-5 3.69988E-5 3.4301E-5 3.19595E-5 2.95913E-5 2.54445E-5 2.09142E-5 1.91713E-5 1.78427E-5 1.50796E-5 1.38844E-5 1.29385E-5 1.30662E-5 1.15335E-5 1.32101E-5 1.3395E-5 1.24231E-5 1.39642E-5 1.45304E-5 1.48023E-5 1.81895E-5 1.84949E-5 1.8903E-5 2.17018E-5 2.40216E-5 2.45545E-5 2.51801E-5 2.55972E-5 2.25992E-5 2.59308E-5 2.37683E-5 2.67412E-5 2.74232E-5 2.53199E-5 2.58691E-5 2.66234E-5 2.70636E-5 2.85036E-5 2.56018E-5 2.88611E-5 2.98037E-5 3.46698E-5 3.93147E-5 4.44661E-5 5.32054E-5 6.02135E-5 5.93139E-5 6.90195E-5 7.95163E-5 9.06067E-5 9.5639E-5 1.09684E-4 1.24984E-4 1.28901E-4 1.30872E-4 1.36151E-4 1.38967E-4
6.18186E-5 5.78794E-5 4.96195E-5 4.63747E-5 4.30733E-5 3.69988E-5 3.4739E-5 2.93742E-5 2.74255E-5 2.48701E-5 1.89034E-5 1.75293E-5 1.62631E-5 1.64908E-5 1.68164E-5 1.35906E-5 1.61071E-5 1.49503E-5 1.4518E-5 1.34736E-5 1.24581E-5 1.26219E-5 1.28709E-5 1.62302E-5 1.66481E-5 1.83894E-5 1.88653E-5 2.09723E-5 2.19393E-5 2.45921E-5 2.50007E-5 2.32078E-5 2.28016E-5 2.2929E-5 2.37238E-5 2.21654E-5 2.25294E-5 2.28624E-5 2.3617E-5 2.39961E-5 2.34092E-5 2.18545E-5 2.24894E-5 2.24869E-5 2.57772E-5 2.66182E-5 3.09197E-5 3.50117E-5 3.99075E-5 5.16818E-5 6.13919E-5 6.08886E-5 7.01916E-5 8.16194E-5 9.23358E-5 9.5945E-5 1.00526E-4 1.14915E-4 1.28443E-4 1.33629E-4 1.23416E-4
7.79704E-5 6.9699E-5 4.59136E-5 4.27244E-5 4.00339E-5 3.71388E-5 3.4739E-5 3.22619E-5 2.70459E-5 2.28634E-5 2.08214E-5 1.93917E-5 1.954E-5 1.81853E-5 1.68602E-5 1.55321E-5 1.45268E-5 1.4281E-5 1.32961E-5 1.35526E-5 1.37708E-5 1.39193E-5 1.41423E-5 1.45071E-5 1.6034E-5 1.68344E-5 1.8726E-5 1.921E-5 2.13918E-5 1.9736E-5 2.26611E-5 2.10974E-5 2.12943E-5 2.07727E-5 2.13831E-5 2.1502E-5 1.99358E-5 2.03747E-5 1.81473E-5 1.84439E-5 1.88435E-5 1.93216E-5 1.97791E-5 1.76644E-5 2.26351E-5 2.37207E-5 2.70894E-5 3.06932E-5 3.57572E-5 4.07551E-5 5.30752E-5 5.44774E-5 6.91118E-5 7.15346E-5 8.18822E-5 8.58169E-5 9.67674E-5 1.00846E-4 1.15898E-4 1.18664E-4 1.21079E-4
5.76191E-5 5.3917E-5 4.61704E-5 4.69672E-5 4.34793E-5 3.41235E-5 3.12823E-5 2.91311E-5 2.70598E-5 2.52491E-5 2.09403E-5 1.93297E-5 1.79911E-5 1.52055E-5 1.54263E-5 1.5622E-5 1.26579E-5 1.28224E-5 1.32914E-5 1.35485E-5 1.36868E-5 1.51127E-5 1.40084E-5 1.57097E-5 1.60013E-5 1.64742E-5 1.51335E-5 1.74561E-5 1.96628E-5 1.79384E-5 1.96698E-5 1.83024E-5 1.84692E-5 1.63359E-5 1.66969E-5 1.71888E-5 1.76932E-5 1.60648E-5 1.62685E-5 1.66828E-5 1.71697E-5 1.74447E-5 1.97389E-5 1.76288E-5 1.82061E-5 2.04147E-5 2.43645E-5 2.77144E-5 3.12344E-5 3.67116E-5 4.23845E-5 4.76592E-5 5.55232E-5 6.38143E-5 7.15346E-5 8.45062E-5 8.58169E-5 9.86464E-5 1.00129E-4 1.07778E-4 1.10805E-4
5.54427E-5 5.63818E-5 4.05439E-5 4.29835E-5 4.01257E-5 3.74346E-5 3.42249E-5 2.65718E-5 2.70229E-5 2.32116E-5 2.0873E-5 1.94404E-5 1.79791E-5 1.84057E-5 1.54663E-5 1.37135E-5 1.26184E-5 1.30813E-5 1.4683E-5 1.34653E-5 1.3725E-5 1.5248E-5 1.5394E-5 1.5733E-5 1.60251E-5 1.62346E-5 1.51001E-5 1.53796E-5 1.71803E-5 1.75586E-5 1.62693E-5 1.64183E-5 1.67167E-5 1.62484E-5 1.50222E-5 1.71524E-5 1.51619E-5 1.54114E-5 1.58047E-5 1.46819E-5 1.50556E-5 1.73546E-5 1.77252E-5 1.82405E-5 1.77528E-5 1.84007E-5 2.1533E-5 2.48708E-5 2.82037E-5 3.2069E-5 3.37064E-5 4.29718E-5 5.00758E-5 6.26062E-5 6.48262E-5 6.73687E-5 7.80966E-5 8.9185E-5 9.05632E-5 9.49663E-5 1.07013E-4
5.30906E-5 5.18925E-5 4.78846E-5 4.30609E-5 4.03509E-5 3.76452E-5 3.13556E-5 2.6722E-5 2.50311E-5 2.26521E-5 2.0992E-5 1.95623E-5 1.82084E-5 1.60222E-5 1.6349E-5 1.51967E-5 1.39912E-5 1.455E-5 1.48239E-5 1.49308E-5 1.6406E-5 1.51375E-5 1.54741E-5 1.58149E-5 1.61086E-5 1.62619E-5 1.51257E-5 1.53227E-5 1.56029E-5 1.58878E-5 1.45319E-5 1.47966E-5 1.51741E-5 1.34531E-5 1.35787E-5 1.32411E-5 1.52415E-5 1.40339E-5 1.43922E-5 1.47051E-5 1.49733E-5 1.37239E-5 1.60286E-5 1.63443E-5 1.61675E-5 1.83638E-5 2.08454E-5 2.40748E-5 2.78528E-5 2.89579E-5 3.36525E-5 3.90027E-5 4.40397E-5 5.73152E-5 5.86113E-5 6.72692E-5 7.77043E-5 7.16444E-5 8.15704E-5 9.34883E-5 9.71005E-5
5.77776E-5 5.17631E-5 5.26389E-5 4.52753E-5 3.97895E-5 2.95897E-5 3.16517E-5 2.69747E-5 2.61837E-5 2.15502E-5 2.31209E-5 1.87779E-5 1.72681E-5 1.60631E-5 1.64432E-5 1.51489E-5 1.40723E-5 1.4303E-5 1.44526E-5 1.34978E-5 1.50715E-5 1.52162E-5 1.54969E-5 1.58411E-5 1.59893E-5 1.48203E-5 1.50951E-5 1.39077E-5 1.5511E-5 1.43678E-5 1.32781E-5 1.34234E-5 1.37154E-5 1.31646E-5 1.17058E-5 1.1962E-5 1.22263E-5 1.24737E-5 1.15723E-5 1.31918E-5 1.34081E-5 1.38468E-5 1.41985E-5 1.6435E-5 1.68511E-5 1.66075E-5 1.86956E-5 2.12922E-5 2.54946E-5 2.84473E-5 2.95744E-5 3.51137E-5 3.95432E-5 4.47551E-5 5.29005E-5 5.42092E-5 6.22068E-5 7.10299E-5 8.05837E-5 8.15394E-5 9.42702E-5
5.82949E-5 4.99233E-5 5.31102E-5 4.47112E-5 3.7901E-5 2.9756E-5 3.02803E-5 2.58914E-5 2.62825E-5 2.37986E-5 2.21934E-5 2.0761E-5 1.9164E-5 1.77799E-5 1.82009E-5 1.67779E-5 1.55945E-5 1.57588E-5 1.46366E-5 1.60141E-5 1.47762E-5 1.49956E-5 1.52723E-5 1.54731E-5 1.60756E-5 1.46056E-5 1.34098E-5 1.23232E-5 1.38541E-5 1.40341E-5 1.17158E-5 1.31803E-5 1.15336E-5 1.12433E-5 1.14501E-5 1.17441E-5 1.07598E-5 1.11391E-5 1.14662E-5 1.28835E-5 1.19958E-5 1.23012E-5 1.4051E-5 1.49081E-5 1.68215E-5 1.4819E-5 1.68465E-5 1.92678E-5 2.51352E-5 2.5859E-5 2.942E-5 3.49872E-5 3.59883E-5 4.04629E-5 4.73588E-5 5.33554E-5 5.58505E-5 6.39217E-5 7.20182E-5 7.28478E-5 8.54853E-5
5.8421E-5 5.46407E-5 5.34065E-5 4.45623E-5 4.15777E-5 3.89158E-5 3.05514E-5 2.83994E-5 2.64314E-5 2.41022E-5 2.24039E-5 2.07722E-5 1.93462E-5 1.9669E-5 1.81432E-5 1.6938E-5 1.42891E-5 1.44488E-5 1.43925E-5 1.46068E-5 1.4853E-5 1.51273E-5 1.5409E-5 1.41037E-5 1.44168E-5 1.33057E-5 1.338E-5 1.24797E-5 1.25702E-5 1.27312E-5 1.18207E-5 1.1446E-5 1.1594E-5 1.02285E-5 1.15526E-5 1.0507E-5 1.0779E-5 1.10552E-5 1.2695E-5 1.16759E-5 1.19738E-5 1.23239E-5 1.40257E-5 1.48272E-5 1.68486E-5 1.7247E-5 1.69973E-5 1.93698E-5 2.26763E-5 2.35E-5 2.93723E-5 3.07617E-5 3.56731E-5 3.66185E-5 4.34386E-5 4.86331E-5 5.49912E-5 6.29174E-5 6.53732E-5 6.6506E-5 7.50502E-5
5.87451E-5 4.97411E-5 4.623E-5 4.11009E-5 4.19691E-5 3.92642E-5 3.64685E-5 2.85598E-5 2.43114E-5 2.2157E-5 2.0729E-5 1.90748E-5 1.95302E-5 1.81779E-5 1.67052E-5 1.6982E-5 1.58346E-5 1.7057E-5 1.58892E-5 1.60425E-5 1.48771E-5 1.5152E-5 1.53517E-5 1.41771E-5 1.30848E-5 1.32564E-5 1.34523E-5 1.37501E-5 1.25677E-5 1.27058E-5 1.12996E-5 1.13616E-5 1.05061E-5 1.02063E-5 1.03178E-5 1.04868E-5 1.08355E-5 1.1075E-5 1.24416E-5 1.17804E-5 1.2084E-5 1.2282E-5 1.42486E-5 1.49053E-5 1.67918E-5 1.72169E-5 1.7025E-5 1.91709E-5 2.04029E-5 2.37104E-5 2.64713E-5 2.75114E-5 3.59926E-5 3.65734E-5 3.83626E-5 4.27475E-5 4.48366E-5 5.07263E-5 5.16082E-5 5.96907E-5 6.09429E-5
5.30327E-5 4.5367E-5 4.43129E-5 4.07348E-5 3.81127E-5 3.89154E-5 3.29108E-5 3.34734E-5 3.13747E-5 2.44686E-5 2.26163E-5 2.11571E-5 1.9705E-5 1.81301E-5 1.84907E-5 1.72528E-5 1.73818E-5 1.71455E-5 1.75317E-5 1.61836E-5 1.64243E-5 1.67903E-5 1.54316E-5 1.42509E-5 1.45159E-5 1.32784E-5 1.35224E-5 1.36207E-5 1.24707E-5 1.09093E-5 1.10701E-5 1.01613E-5 1.02932E-5 9.9998E-6 1.01312E-5 1.03537E-5 1.05029E-5 1.21064E-5 1.09533E-5 1.15472E-5 1.18423E-5 1.217E-5 1.42191E-5 1.48786E-5 1.68804E-5 1.7371E-5 1.77811E-5 1.75179E-5 2.03686E-5 2.3507E-5 2.64197E-5 2.73765E-5 3.14847E-5 3.26204E-5 3.76823E-5 3.88926E-5 3.97275E-5 5.08321E-5 5.19022E-5 5.37582E-5 6.12913E-5
5.35076E-5 5.00388E-5 4.02637E-5 3.75493E-5 4.18097E-5 3.91339E-5 3.61448E-5 3.39007E-5 3.46085E-5 2.23668E-5 2.28307E-5 2.32904E-5 2.17861E-5 2.01093E-5 1.8597E-5 1.90257E-5 1.87691E-5 1.91204E-5 1.75317E-5 1.63285E-5 1.65713E-5 1.52334E-5 1.55146E-5 1.58596E-5 1.45159E-5 1.32981E-5 1.33452E-5 1.34923E-5 1.36661E-5 1.20289E-5 1.10701E-5 1.13586E-5 1.13563E-5 9.96501E-6 1.02597E-5 1.04304E-5 1.05831E-5 1.08924E-5 1.25547E-5 1.3157E-5 1.33518E-5 1.35925E-5 1.41933E-5 1.64336E-5 1.69122E-5 1.75266E-5 1.781E-5 1.83928E-5 2.04022E-5 2.09648E-5 2.14905E-5 2.76303E-5 3.14343E-5 3.23347E-5 3.39716E-5 3.91132E-5 3.97275E-5 4.55484E-5 4.7097E-5 5.34862E-5 5.52728E-5
