Artocarpus hirsutus SDM files/MIS19/results (with bias file)/Arthir_1.asc
ncols         625
nrows         721
xllcorner     69.99986311115
yllcorner     5.99986187915
cellsize      0.041666667
NODATA_value  -9999
[rows 297 to 323 of 721, columns 61 to 121 of 625]
9.08771E-5 9.02629E-5 1.02884E-4 1.07209E-4 1.21325E-4 1.24671E-4 1.13287E-4 1.24814E-4 1.61155E-4 1.78569E-4 1.53709E-4 1.86496E-4 1.84112E-4 1.91624E-4 2.1892E-4 2.5558E-4 2.47192E-4 1.58013E-4 1.68277E-4 2.23161E-4 2.27475E-4 1.70699E-4 1.66112E-4 1.90987E-4 2.18111E-4 1.55426E-4 1.80952E-4 1.64205E-4 1.539E-4 1.66085E-4 1.93566E-4 1.70757E-4 1.33018E-4 1.61686E-4 1.65569E-4 1.87564E-4 2.13479E-4 2.46151E-4 2.61345E-4 2.69154E-4 3.06906E-4 3.0365E-4 3.36861E-4 3.60914E-4 3.88487E-4 5.39604E-4 6.02155E-4 4.08374E-4 4.89006E-4 5.26516E-4 6.27988E-4 6.08137E-4 7.86892E-4 8.49072E-4 9.78275E-4 9.34276E-4 8.73443E-4 9.51572E-4 1.05342E-3 1.05682E-3 9.82467E-4
9.17754E-5 9.30166E-5 1.08259E-4 1.09048E-4 1.10514E-4 1.28423E-4 1.24563E-4 1.21088E-4 1.60525E-4 1.63278E-4 1.68286E-4 2.15918E-4 1.76367E-4 2.05559E-4 2.14454E-4 1.75075E-4 2.12504E-4 2.08755E-4 1.90193E-4 2.22317E-4 2.08072E-4 1.7297E-4 1.78773E-4 2.08669E-4 1.83906E-4 1.74755E-4 1.76349E-4 1.72499E-4 1.6849E-4 1.99288E-4 1.87655E-4 1.961E-4 1.78048E-4 1.5895E-4 1.78507E-4 1.90327E-4 2.17814E-4 2.49442E-4 2.77755E-4 2.9794E-4 3.40036E-4 3.57766E-4 3.68362E-4 3.58448E-4 3.8637E-4 4.42709E-4 5.93382E-4 5.34906E-4 4.33683E-4 5.21276E-4 6.83872E-4 6.07728E-4 7.42474E-4 8.12315E-4 1.01089E-3 1.04142E-3 9.09354E-4 9.61002E-4 9.94957E-4 9.47603E-4 1.19629E-3
9.79472E-5 9.99641E-5 1.11984E-4 1.12721E-4 1.16229E-4 1.30621E-4 1.20799E-4 1.51058E-4 1.44809E-4 1.79013E-4 1.60525E-4 1.74558E-4 1.97472E-4 1.94827E-4 1.90351E-4 1.73687E-4 1.93589E-4 2.11059E-4 1.98653E-4 2.2535E-4 1.92606E-4 1.87224E-4 2.17364E-4 2.02565E-4 1.61858E-4 2.07E-4 1.79193E-4 1.71475E-4 1.92935E-4 2.08931E-4 1.93443E-4 1.77076E-4 1.69796E-4 1.8769E-4 1.73512E-4 2.10635E-4 2.36889E-4 3.05843E-4 3.05996E-4 3.17501E-4 3.48307E-4 4.60492E-4 3.93598E-4 3.52383E-4 3.99543E-4 4.24042E-4 6.35156E-4 5.85641E-4 5.32445E-4 6.40311E-4 6.04782E-4 7.71076E-4 6.45832E-4 6.94367E-4 9.32131E-4 1.07393E-3 9.78684E-4 9.20628E-4 9.18188E-4 9.57455E-4 9.72136E-4
1.02416E-4 1.02339E-4 1.07636E-4 1.18975E-4 1.22196E-4 1.35916E-4 1.19128E-4 1.46487E-4 1.60486E-4 1.63183E-4 1.63681E-4 1.72765E-4 1.88407E-4 1.97352E-4 2.06111E-4 1.74495E-4 2.08049E-4 2.15834E-4 2.31317E-4 2.42189E-4 1.92548E-4 2.26611E-4 2.4824E-4 1.97849E-4 1.85053E-4 2.13435E-4 2.13873E-4 2.19524E-4 2.02944E-4 1.80336E-4 1.78921E-4 2.06575E-4 1.86484E-4 1.9371E-4 1.98988E-4 2.14223E-4 2.51582E-4 2.98049E-4 3.63698E-4 3.05673E-4 3.77775E-4 4.81629E-4 4.23243E-4 3.49769E-4 4.16882E-4 5.28774E-4 6.25705E-4 5.31554E-4 4.93303E-4 7.76469E-4 6.62749E-4 7.15385E-4 8.32756E-4 6.72708E-4 8.06531E-4 1.03161E-3 1.2003E-3 1.03971E-3 9.8939E-4 9.36752E-4 9.76552E-4
9.63614E-5 1.09516E-4 1.09055E-4 1.21792E-4 1.25142E-4 1.44848E-4 1.32582E-4 1.56675E-4 1.60919E-4 1.5772E-4 1.66428E-4 1.77389E-4 1.70952E-4 1.82814E-4 1.94143E-4 2.1366E-4 2.21599E-4 1.97422E-4 2.22975E-4 2.17863E-4 2.33973E-4 2.26975E-4 2.09717E-4 1.80823E-4 2.37862E-4 2.60442E-4 2.81126E-4 1.99565E-4 1.86961E-4 1.84402E-4 2.23262E-4 2.15889E-4 2.07026E-4 1.95411E-4 2.18652E-4 2.29148E-4 2.81807E-4 2.96936E-4 3.74734E-4 3.62331E-4 4.17947E-4 3.98938E-4 4.50351E-4 3.99877E-4 4.346E-4 5.87039E-4 8.31036E-4 5.32581E-4 4.69623E-4 6.43636E-4 7.99482E-4 7.38455E-4 9.96399E-4 9.47869E-4 6.91125E-4 8.60969E-4 1.32704E-3 1.24294E-3 9.72406E-4 9.43322E-4 1.10058E-3
1.00026E-4 1.13271E-4 1.12457E-4 1.14366E-4 1.28554E-4 1.37868E-4 1.53862E-4 1.56571E-4 1.62439E-4 1.61989E-4 1.77323E-4 1.7089E-4 1.63592E-4 1.84029E-4 1.90247E-4 1.92763E-4 1.96709E-4 2.14301E-4 2.44365E-4 2.42683E-4 2.57514E-4 2.08695E-4 1.88182E-4 2.20447E-4 2.47447E-4 2.62327E-4 2.48635E-4 2.20463E-4 2.08412E-4 2.35744E-4 2.52658E-4 2.3763E-4 1.94959E-4 2.22015E-4 2.49267E-4 2.60282E-4 2.84572E-4 3.23426E-4 4.12202E-4 3.4769E-4 3.54413E-4 4.16882E-4 4.91738E-4 4.76223E-4 5.55182E-4 6.40215E-4 8.26228E-4 5.31639E-4 5.71875E-4 5.4049E-4 7.42335E-4 8.77167E-4 8.25431E-4 1.05929E-3 9.35009E-4 8.60743E-4 1.08798E-3 1.16512E-3 9.98577E-4 1.01694E-3 1.09324E-3
1.03135E-4 1.06629E-4 1.15923E-4 1.17026E-4 1.20075E-4 1.35993E-4 1.55925E-4 1.54945E-4 1.48038E-4 1.55652E-4 1.62097E-4 1.66338E-4 1.78434E-4 1.86397E-4 1.88299E-4 1.88937E-4 2.10184E-4 2.41293E-4 2.2798E-4 2.32537E-4 2.49327E-4 2.26845E-4 2.02173E-4 2.47516E-4 2.43295E-4 2.43196E-4 2.4218E-4 2.36794E-4 2.61327E-4 2.93947E-4 2.39514E-4 2.16354E-4 2.37589E-4 2.63183E-4 2.5892E-4 3.04195E-4 3.5671E-4 3.32272E-4 4.74899E-4 4.01737E-4 3.58286E-4 4.92491E-4 4.97753E-4 6.00802E-4 5.58949E-4 8.42014E-4 7.35622E-4 5.32806E-4 7.20432E-4 5.62668E-4 5.94957E-4 8.35509E-4 8.5466E-4 7.96946E-4 8.53366E-4 9.00071E-4 9.24709E-4 1.40133E-3 1.0105E-3 1.13479E-3 1.11403E-3
1.06278E-4 1.0952E-4 1.18211E-4 1.19801E-4 1.17806E-4 1.44077E-4 1.44493E-4 1.43073E-4 1.515E-4 1.56154E-4 1.59854E-4 1.71894E-4 1.72714E-4 1.83269E-4 1.88908E-4 2.01908E-4 2.1002E-4 2.12067E-4 2.18403E-4 2.00165E-4 2.36839E-4 2.88841E-4 2.14158E-4 2.20326E-4 2.40461E-4 2.54274E-4 2.62651E-4 2.12539E-4 2.73973E-4 2.8179E-4 2.54363E-4 2.26112E-4 2.6695E-4 2.9081E-4 3.84772E-4 3.44275E-4 3.60598E-4 4.11077E-4 5.3443E-4 4.08952E-4 3.48419E-4 4.45223E-4 4.93269E-4 6.37962E-4 7.19215E-4 8.60827E-4 7.74869E-4 6.54834E-4 7.24407E-4 7.01097E-4 7.53928E-4 6.08545E-4 7.06895E-4 8.47601E-4 8.94796E-4 8.35543E-4 1.11665E-3 1.13035E-3 9.15911E-4 1.2619E-3 1.23949E-3
1.1025E-4 1.23147E-4 1.22682E-4 1.33216E-4 1.39239E-4 1.25892E-4 1.51345E-4 1.49295E-4 1.57512E-4 1.58647E-4 1.59794E-4 1.63022E-4 1.90023E-4 1.71483E-4 2.00521E-4 2.03195E-4 2.06567E-4 2.09257E-4 2.28745E-4 2.30627E-4 2.51789E-4 2.7179E-4 2.45046E-4 2.74427E-4 2.46828E-4 2.31244E-4 2.14182E-4 2.52969E-4 2.83972E-4 2.88393E-4 3.24997E-4 3.15464E-4 3.30178E-4 3.96523E-4 4.95313E-4 4.52615E-4 4.28086E-4 4.9682E-4 5.00027E-4 4.17131E-4 3.82365E-4 5.37452E-4 5.31647E-4 4.7577E-4 6.55226E-4 5.91472E-4 1.00245E-3 7.57032E-4 7.46968E-4 7.96476E-4 8.94189E-4 8.05059E-4 6.37635E-4 7.72014E-4 8.60002E-4 8.70936E-4 1.09293E-3 1.04239E-3 1.10838E-3 1.13182E-3 1.19697E-3
1.13249E-4 1.15163E-4 1.28539E-4 1.34085E-4 1.2751E-4 1.43355E-4 1.53889E-4 1.55941E-4 1.59098E-4 1.57541E-4 1.6404E-4 1.89286E-4 1.75478E-4 1.77228E-4 1.85041E-4 1.82026E-4 2.0112E-4 2.23412E-4 2.25683E-4 2.47323E-4 2.85087E-4 3.00119E-4 2.48466E-4 2.50004E-4 2.31301E-4 2.35487E-4 2.50693E-4 2.53886E-4 2.909E-4 2.75865E-4 2.87786E-4 3.84399E-4 3.38908E-4 4.04178E-4 3.50228E-4 4.08275E-4 4.41209E-4 5.36568E-4 5.09437E-4 4.48237E-4 4.12193E-4 5.17022E-4 7.25318E-4 5.51828E-4 5.11685E-4 7.74224E-4 9.39945E-4 9.68116E-4 7.26749E-4 7.59964E-4 1.02862E-3 8.60794E-4 8.37991E-4 8.22847E-4 9.12263E-4 9.55954E-4 9.97973E-4 1.11492E-3 1.09209E-3 1.0516E-3 1.10413E-3
1.19019E-4 1.31626E-4 1.36492E-4 1.24562E-4 1.30991E-4 1.46708E-4 1.48665E-4 1.60153E-4 1.64506E-4 1.62284E-4 1.75881E-4 1.82353E-4 1.84964E-4 1.73637E-4 1.8322E-4 2.05806E-4 2.06501E-4 2.27118E-4 2.40231E-4 2.61608E-4 2.93932E-4 2.04015E-4 2.10926E-4 2.72987E-4 2.52497E-4 2.54894E-4 2.98237E-4 3.07962E-4 3.3457E-4 3.5575E-4 3.10383E-4 3.82007E-4 3.77366E-4 3.78234E-4 4.15246E-4 4.26965E-4 4.94039E-4 5.44855E-4 5.42783E-4 5.29966E-4 4.52498E-4 5.76159E-4 7.32666E-4 6.93674E-4 5.40515E-4 7.28056E-4 8.22976E-4 1.07081E-3 8.08837E-4 9.70693E-4 1.00287E-3 8.74324E-4 8.3143E-4 7.92098E-4 9.26534E-4 9.52226E-4 1.18463E-3 1.05185E-3 9.59771E-4 1.08604E-3 1.14956E-3
1.33867E-4 1.34713E-4 1.258E-4 1.34536E-4 1.35456E-4 1.34945E-4 1.38148E-4 1.61671E-4 1.64938E-4 1.71146E-4 1.75781E-4 1.68398E-4 1.87377E-4 1.8936E-4 2.10507E-4 2.15449E-4 2.52386E-4 2.50729E-4 2.57371E-4 2.92378E-4 2.61466E-4 2.24227E-4 2.03822E-4 2.33916E-4 2.58422E-4 3.10391E-4 3.19413E-4 3.3422E-4 3.73867E-4 4.17716E-4 4.18644E-4 4.09805E-4 3.34585E-4 4.21056E-4 3.88115E-4 4.06377E-4 5.18471E-4 6.8219E-4 5.63806E-4 5.36728E-4 4.76272E-4 5.40176E-4 7.25555E-4 7.98262E-4 6.74274E-4 6.02999E-4 8.08559E-4 1.10377E-3 8.66151E-4 9.23513E-4 1.08755E-3 8.63441E-4 8.27533E-4 8.25385E-4 9.72861E-4 1.03919E-3 1.01668E-3 8.901E-4 1.02672E-3 1.12711E-3 1.24512E-3
1.36073E-4 1.38312E-4 1.2794E-4 1.34917E-4 1.50616E-4 1.39038E-4 1.40411E-4 1.6497E-4 1.71114E-4 1.77506E-4 1.72828E-4 1.71248E-4 2.04947E-4 2.07034E-4 2.13916E-4 2.234E-4 2.30137E-4 2.59069E-4 2.7565E-4 2.94087E-4 2.64285E-4 2.44093E-4 2.56604E-4 2.37671E-4 2.67849E-4 3.1584E-4 3.42091E-4 3.75233E-4 4.10102E-4 4.06688E-4 4.55433E-4 4.48511E-4 4.14034E-4 3.70109E-4 4.63479E-4 4.50791E-4 4.8368E-4 5.90504E-4 6.32032E-4 5.0685E-4 5.8961E-4 5.28581E-4 6.55038E-4 8.19958E-4 9.3054E-4 7.17116E-4 6.77723E-4 9.32606E-4 9.70132E-4 7.50613E-4 1.06289E-3 1.01545E-3 9.43732E-4 8.78462E-4 8.96077E-4 9.02339E-4 9.52385E-4 1.05281E-3 9.73685E-4 1.08381E-3 1.21931E-3
1.37394E-4 1.36408E-4 1.3309E-4 1.39011E-4 1.40383E-4 1.40328E-4 1.5781E-4 1.61512E-4 1.7568E-4 1.7575E-4 1.72796E-4 1.87785E-4 1.83542E-4 1.88496E-4 1.97533E-4 2.28535E-4 2.37691E-4 2.47951E-4 2.53205E-4 2.49729E-4 2.65165E-4 2.4454E-4 3.06133E-4 2.55494E-4 2.99865E-4 3.18292E-4 3.85403E-4 4.30089E-4 3.84187E-4 4.15615E-4 4.0272E-4 4.07359E-4 4.7447E-4 4.88645E-4 5.0078E-4 5.248E-4 5.53402E-4 6.59808E-4 5.4437E-4 5.251E-4 6.49334E-4 5.74696E-4 6.31034E-4 7.69992E-4 8.93268E-4 1.11525E-3 9.25812E-4 9.06705E-4 7.94924E-4 7.21533E-4 9.28664E-4 1.09341E-3 1.0877E-3 9.62566E-4 8.93904E-4 1.06147E-3 1.06184E-3 1.15268E-3 1.08988E-3 9.93537E-4 1.02256E-3
1.35428E-4 1.40024E-4 1.36223E-4 1.38039E-4 1.41712E-4 1.42622E-4 1.60869E-4 1.51038E-4 1.5562E-4 1.73902E-4 1.89665E-4 1.90904E-4 1.86639E-4 1.92925E-4 2.28502E-4 2.27674E-4 2.4721E-4 2.24933E-4 2.24634E-4 2.07372E-4 2.53622E-4 2.62076E-4 2.92701E-4 3.04421E-4 4.0641E-4 3.44209E-4 3.7582E-4 3.64826E-4 3.94133E-4 3.57606E-4 3.69079E-4 4.37907E-4 5.33736E-4 5.10566E-4 5.1147E-4 6.2925E-4 6.9602E-4 5.80917E-4 4.98987E-4 5.82519E-4 6.58635E-4 5.8946E-4 6.08481E-4 7.24731E-4 7.6452E-4 9.82198E-4 8.91428E-4 7.85545E-4 7.30915E-4 7.4976E-4 9.14713E-4 1.07594E-3 1.28641E-3 9.433E-4 9.53196E-4 1.01785E-3 1.12003E-3 1.22985E-3 1.12525E-3 9.4265E-4 1.03696E-3
1.43375E-4 1.46195E-4 1.39822E-4 1.40777E-4 1.44055E-4 1.60901E-4 1.63557E-4 1.55591E-4 1.59797E-4 1.69704E-4 1.98007E-4 1.90872E-4 1.92894E-4 2.03964E-4 2.15144E-4 2.44712E-4 2.39737E-4 2.35749E-4 2.60965E-4 2.32069E-4 2.31736E-4 2.61547E-4 2.98478E-4 3.41349E-4 3.98794E-4 3.81593E-4 4.90753E-4 3.89992E-4 3.50502E-4 3.57206E-4 4.06327E-4 5.16337E-4 5.77796E-4 5.61903E-4 5.29188E-4 6.98613E-4 6.82993E-4 5.32319E-4 4.77234E-4 6.31601E-4 7.19222E-4 6.61258E-4 6.64692E-4 6.2106E-4 8.28193E-4 9.39856E-4 8.52095E-4 7.14891E-4 8.12912E-4 9.26695E-4 9.70015E-4 1.00872E-3 1.31563E-3 1.00816E-3 9.63627E-4 1.14888E-3 1.03498E-3 1.17126E-3 1.1355E-3 8.59049E-4 9.89433E-4
1.60406E-4 1.6209E-4 1.40747E-4 1.43997E-4 1.45968E-4 1.62418E-4 1.69098E-4 1.58183E-4 1.55002E-4 1.66276E-4 1.68496E-4 1.81319E-4 1.87465E-4 2.07204E-4 2.16192E-4 2.06912E-4 2.12555E-4 2.29245E-4 2.43177E-4 2.7645E-4 2.64387E-4 2.80132E-4 3.05163E-4 3.66151E-4 3.85371E-4 4.12305E-4 4.79227E-4 4.18746E-4 4.17139E-4 3.94673E-4 3.78542E-4 4.57604E-4 5.32823E-4 5.68894E-4 5.99082E-4 7.113E-4 7.22621E-4 5.38762E-4 5.5095E-4 6.57281E-4 7.48092E-4 6.34305E-4 8.26143E-4 6.50287E-4 7.36339E-4 7.89154E-4 8.45924E-4 8.02804E-4 8.90941E-4 8.5329E-4 9.3588E-4 1.04718E-3 1.25415E-3 1.06334E-3 1.02678E-3 1.10236E-3 1.14489E-3 1.21502E-3 1.0243E-3 8.02765E-4 9.81258E-4
1.38035E-4 1.41681E-4 1.60741E-4 1.65667E-4 1.48882E-4 1.51337E-4 1.54908E-4 1.59702E-4 1.66246E-4 1.72421E-4 1.70685E-4 1.66769E-4 1.88702E-4 1.84846E-4 2.14E-4 2.26285E-4 1.98073E-4 2.2164E-4 2.61185E-4 2.58304E-4 2.57323E-4 3.05025E-4 3.34274E-4 3.64477E-4 3.65181E-4 4.27636E-4 4.58792E-4 5.09164E-4 4.29004E-4 3.87871E-4 4.30704E-4 4.61436E-4 5.61873E-4 5.09244E-4 6.18979E-4 6.68508E-4 8.05631E-4 6.31697E-4 6.86496E-4 7.86257E-4 6.8554E-4 6.83188E-4 7.78911E-4 7.03072E-4 7.33544E-4 7.6005E-4 8.7554E-4 9.4111E-4 1.01155E-3 1.02915E-3 1.03688E-3 1.00862E-3 9.60539E-4 1.06828E-3 1.17348E-3 9.56789E-4 1.19036E-3 1.1915E-3 9.33594E-4 8.23303E-4 9.15467E-4
1.37066E-4 1.41707E-4 1.39053E-4 1.44696E-4 1.71176E-4 1.72927E-4 1.57056E-4 1.61265E-4 1.69578E-4 1.74144E-4 1.72348E-4 1.87354E-4 1.94922E-4 2.06246E-4 2.10351E-4 2.12339E-4 2.11625E-4 2.20059E-4 2.53384E-4 2.60694E-4 2.78005E-4 3.34223E-4 3.58864E-4 3.91266E-4 3.85774E-4 4.45662E-4 4.58105E-4 5.51127E-4 5.26575E-4 4.08662E-4 4.47803E-4 4.88671E-4 6.10521E-4 4.88737E-4 4.91849E-4 5.76E-4 7.19242E-4 7.24016E-4 7.99427E-4 8.18458E-4 6.0178E-4 7.56556E-4 6.88181E-4 8.27967E-4 7.61812E-4 8.45344E-4 8.19147E-4 9.95697E-4 9.20437E-4 8.86884E-4 9.68463E-4 9.79356E-4 1.035E-3 1.0728E-3 1.19619E-3 1.2859E-3 1.0927E-3 9.60519E-4 8.14198E-4 8.66178E-4 8.93368E-4
1.3831E-4 1.35779E-4 1.39053E-4 1.45217E-4 1.71176E-4 1.62283E-4 1.64495E-4 1.67798E-4 1.73961E-4 1.75765E-4 1.82933E-4 1.90426E-4 1.96816E-4 2.16574E-4 2.08853E-4 2.06047E-4 2.14365E-4 2.44482E-4 2.8409E-4 2.83817E-4 2.70885E-4 3.45078E-4 3.76219E-4 3.94815E-4 4.5006E-4 4.3375E-4 4.57043E-4 4.57694E-4 5.57881E-4 4.62323E-4 4.37162E-4 5.55872E-4 5.58048E-4 5.84845E-4 5.02657E-4 5.51376E-4 7.04744E-4 7.02617E-4 7.76262E-4 8.88346E-4 7.32554E-4 7.1315E-4 7.18629E-4 8.54344E-4 8.48685E-4 8.87276E-4 7.90405E-4 8.82858E-4 8.87075E-4 9.41158E-4 1.01911E-3 1.04818E-3 1.14372E-3 1.05181E-3 1.1521E-3 1.2981E-3 1.07853E-3 9.40547E-4 8.18829E-4 8.57376E-4 9.3857E-4
1.32654E-4 1.3855E-4 1.41804E-4 1.45158E-4 1.3675E-4 1.5627E-4 1.65021E-4 1.70586E-4 1.7225E-4 1.93021E-4 1.95511E-4 1.92279E-4 1.96782E-4 2.10135E-4 2.2905E-4 2.16318E-4 2.41997E-4 2.34705E-4 3.00124E-4 2.80797E-4 3.16896E-4 3.47695E-4 3.52052E-4 3.97631E-4 4.14533E-4 4.43076E-4 5.2638E-4 4.97349E-4 5.53522E-4 4.81981E-4 4.69986E-4 6.06125E-4 6.24762E-4 6.25709E-4 6.60921E-4 5.38076E-4 6.19796E-4 8.10374E-4 8.25475E-4 8.24911E-4 6.37835E-4 6.13308E-4 8.07743E-4 8.84186E-4 8.50371E-4 1.02474E-3 8.5346E-4 7.99399E-4 9.15666E-4 9.09309E-4 9.43965E-4 1.02096E-3 1.08869E-3 1.18898E-3 1.12976E-3 9.32836E-4 8.70357E-4 8.02128E-4 9.5915E-4 9.07865E-4 9.9515E-4
1.32601E-4 1.38966E-4 1.44665E-4 1.44725E-4 1.48648E-4 1.61223E-4 1.63354E-4 1.84185E-4 1.90352E-4 1.92939E-4 1.92857E-4 1.91513E-4 2.17931E-4 2.32621E-4 2.2428E-4 2.57494E-4 2.74574E-4 2.42953E-4 2.72561E-4 3.252E-4 3.38903E-4 3.73059E-4 3.81503E-4 3.96344E-4 4.43004E-4 4.52806E-4 4.44302E-4 4.9632E-4 5.82445E-4 4.92671E-4 4.96118E-4 4.95606E-4 5.67779E-4 6.18673E-4 7.26546E-4 6.96776E-4 6.89236E-4 7.76273E-4 8.81428E-4 7.35519E-4 7.66602E-4 6.24404E-4 7.10599E-4 9.22661E-4 8.91622E-4 9.49828E-4 8.16846E-4 8.61418E-4 1.11823E-3 8.0968E-4 9.20878E-4 1.00019E-3 1.02067E-3 1.00785E-3 1.14175E-3 1.10617E-3 1.0707E-3 8.5095E-4 8.20219E-4 9.6446E-4 8.82907E-4
1.33964E-4 1.40391E-4 1.46176E-4 1.50138E-4 1.52608E-4 1.7637E-4 1.82985E-4 1.84149E-4 1.87798E-4 1.92774E-4 2.17077E-4 2.14839E-4 2.17566E-4 2.43397E-4 2.47309E-4 2.6395E-4 2.74319E-4 2.78918E-4 3.04469E-4 3.23682E-4 3.63817E-4 3.74505E-4 4.1358E-4 4.10425E-4 4.52964E-4 4.56012E-4 5.06017E-4 4.93975E-4 5.73204E-4 5.11191E-4 5.68243E-4 4.75899E-4 6.09037E-4 6.44177E-4 6.45215E-4 7.27768E-4 7.32053E-4 7.75908E-4 8.5495E-4 8.50794E-4 7.68637E-4 6.95625E-4 6.73736E-4 9.57836E-4 1.01451E-3 8.62964E-4 7.92623E-4 9.70162E-4 1.0367E-3 8.71974E-4 1.0014E-3 1.01792E-3 1.14601E-3 1.03452E-3 1.13302E-3 1.18966E-3 9.84018E-4 8.30731E-4 7.5306E-4 9.20551E-4 9.64684E-4
1.37691E-4 1.4274E-4 1.46673E-4 1.55776E-4 1.56734E-4 1.56734E-4 1.63639E-4 1.96101E-4 1.94734E-4 2.18451E-4 2.20575E-4 2.21912E-4 2.45649E-4 2.46367E-4 2.7347E-4 2.79522E-4 3.03879E-4 2.7468E-4 3.33171E-4 3.38516E-4 3.55547E-4 4.12336E-4 4.11781E-4 4.67943E-4 4.47419E-4 4.73752E-4 4.71509E-4 5.40144E-4 5.69115E-4 6.18261E-4 5.80855E-4 5.1521E-4 5.17177E-4 5.78425E-4 6.25101E-4 6.56404E-4 6.53879E-4 7.43332E-4 1.01445E-3 1.05378E-3 7.85141E-4 6.17948E-4 7.27916E-4 9.17489E-4 1.07007E-3 8.82107E-4 7.67462E-4 9.26512E-4 1.10705E-3 8.20917E-4 8.91028E-4 9.83243E-4 1.01224E-3 1.12478E-3 1.10327E-3 1.22585E-3 9.58294E-4 8.38112E-4 7.57154E-4 9.29313E-4 9.25303E-4
1.39048E-4 1.44782E-4 1.50585E-4 1.53679E-4 1.58839E-4 1.59813E-4 1.64678E-4 1.6961E-4 1.86643E-4 1.87109E-4 2.2337E-4 2.50434E-4 2.5201E-4 2.81348E-4 2.80273E-4 2.88476E-4 3.04556E-4 3.17081E-4 3.63065E-4 3.81198E-4 3.82102E-4 4.11712E-4 4.05199E-4 4.2521E-4 4.79988E-4 4.77712E-4 5.07345E-4 5.87132E-4 6.06393E-4 5.6821E-4 5.85478E-4 5.43056E-4 6.0703E-4 5.61799E-4 5.60113E-4 6.19933E-4 6.84041E-4 6.22373E-4 9.30146E-4 1.04333E-3 8.49145E-4 6.9636E-4 8.05327E-4 8.81687E-4 9.56215E-4 9.39352E-4 6.91856E-4 7.89978E-4 1.13714E-3 8.68766E-4 8.90281E-4 1.10258E-3 9.45814E-4 9.68441E-4 1.11614E-3 1.15269E-3 9.21994E-4 8.06613E-4 7.86635E-4 9.40488E-4 1.05819E-3
1.40896E-4 1.48144E-4 1.55184E-4 1.57234E-4 1.59309E-4 1.61919E-4 1.69039E-4 1.86608E-4 1.87155E-4 2.2252E-4 2.46319E-4 2.57718E-4 2.73875E-4 2.83803E-4 2.97604E-4 3.10552E-4 3.64213E-4 3.66197E-4 3.91406E-4 3.95167E-4 3.99659E-4 4.27575E-4 4.37063E-4 4.58653E-4 4.73424E-4 4.71353E-4 5.15413E-4 6.34695E-4 6.43797E-4 7.09099E-4 6.65632E-4 6.23733E-4 7.13082E-4 6.22879E-4 5.99606E-4 5.9158E-4 5.95173E-4 6.2572E-4 8.26963E-4 9.06059E-4 8.08601E-4 8.162E-4 8.58066E-4 8.36873E-4 1.05547E-3 8.1831E-4 6.9588E-4 8.00219E-4 1.06979E-3 9.21715E-4 9.91966E-4 1.00665E-3 9.9323E-4 9.47179E-4 1.02633E-3 1.09015E-3 9.58506E-4 9.07451E-4 8.31135E-4 9.54984E-4 1.04058E-3
1.4036E-4 1.46145E-4 1.57735E-4 1.73071E-4 1.77666E-4 1.80615E-4 1.87238E-4 1.92746E-4 2.03714E-4 2.11778E-4 2.55872E-4 2.84012E-4 2.79954E-4 3.16434E-4 2.86445E-4 3.8567E-4 3.54988E-4 3.98888E-4 4.689E-4 4.3298E-4 3.99054E-4 4.11968E-4 4.2797E-4 4.74279E-4 4.44199E-4 4.52547E-4 4.90275E-4 5.44524E-4 5.48818E-4 6.81222E-4 7.12913E-4 6.9058E-4 8.09278E-4 6.18971E-4 5.51311E-4 8.23171E-4 8.94505E-4 8.75804E-4 7.27691E-4 6.09882E-4 6.92279E-4 8.57899E-4 6.91751E-4 6.47234E-4 8.66593E-4 9.20603E-4 8.41492E-4 7.95339E-4 8.66279E-4 8.64985E-4 1.09307E-3 8.82439E-4 9.17315E-4 8.38163E-4 7.06206E-4 8.54059E-4 9.8051E-4 9.12731E-4 9.65135E-4 9.66733E-4 1.01815E-3
