Artocarpus hirsutus SDM files/MIS19/results (with bias file)/Arthir_9.asc
ncols         625
nrows         721
xllcorner     69.99986311115
yllcorner     5.99986187915
cellsize      0.041666667
NODATA_value  -9999
[rows 216 to 242 of 721, columns 0 to 60 of 625]
1.0524E-4 1.05265E-4 8.51482E-5 8.54369E-5 9.30809E-5 1.01347E-4 9.40118E-5 9.49486E-5 9.42474E-5 8.61599E-5 1.02244E-4 9.34857E-5 9.44119E-5 9.37573E-5 9.40968E-5 8.74948E-5 9.54063E-5 8.13652E-5 7.06726E-5 8.31603E-5 8.55398E-5 9.21834E-5 1.13386E-4 9.69155E-5 7.3434E-5 7.24588E-5 9.67038E-5 7.50379E-5 6.9234E-5 6.92674E-5 6.42651E-5 7.09347E-5 5.99872E-5 5.38744E-5 6.75553E-5 7.58661E-5 6.26821E-5 6.22192E-5 6.41798E-5 6.44114E-5 6.51043E-5 6.57901E-5 6.58042E-5 6.50834E-5 7.28603E-5 7.23375E-5 6.68882E-5 6.22374E-5 6.38084E-5 5.23437E-5 4.84559E-5 4.5298E-5 4.1732E-5 3.82765E-5 3.52114E-5 3.59325E-5 3.54215E-5 2.8412E-5 2.9925E-5 3.27868E-5 2.75767E-5
8.66181E-5 8.75234E-5 7.91587E-5 8.69345E-5 9.4369E-5 9.4369E-5 9.43289E-5 9.52679E-5 8.70545E-5 9.42228E-5 8.73074E-5 9.47712E-5 8.81458E-5 8.69764E-5 8.60612E-5 8.69529E-5 7.99981E-5 7.31312E-5 1.05038E-4 9.67537E-5 9.53298E-5 9.58977E-5 8.88356E-5 7.93174E-5 7.76841E-5 9.96434E-5 8.12551E-5 6.39895E-5 8.11433E-5 6.89845E-5 6.9464E-5 6.51075E-5 5.97407E-5 6.50945E-5 6.50408E-5 8.24971E-5 6.77953E-5 6.94077E-5 7.55587E-5 7.50007E-5 6.98879E-5 7.69E-5 8.01699E-5 8.87195E-5 8.84007E-5 8.87195E-5 8.24035E-5 7.02856E-5 6.58726E-5 6.37939E-5 5.2532E-5 4.86301E-5 4.49743E-5 4.23187E-5 3.59804E-5 3.64847E-5 3.29517E-5 3.22562E-5 2.68339E-5 2.98377E-5 3.40382E-5
9.44064E-5 9.60637E-5 7.88725E-5 7.91587E-5 7.93929E-5 8.7191E-5 8.7131E-5 9.56302E-5 8.77022E-5 8.67402E-5 8.03245E-5 8.58112E-5 7.95008E-5 7.97313E-5 7.94435E-5 7.28016E-5 7.25716E-5 9.6387E-5 9.66384E-5 9.01625E-5 9.00212E-5 8.30759E-5 8.25695E-5 8.261E-5 8.48921E-5 7.62363E-5 6.52209E-5 6.44137E-5 7.7566E-5 6.87024E-5 6.8951E-5 6.44334E-5 5.92994E-5 7.55778E-5 8.18878E-5 8.18878E-5 6.84072E-5 7.50007E-5 7.62365E-5 9.11549E-5 8.21797E-5 8.36646E-5 7.82624E-5 8.9055E-5 9.15862E-5 7.98382E-5 7.34504E-5 6.08512E-5 7.17893E-5 7.25393E-5 5.9532E-5 5.28982E-5 4.44983E-5 4.5298E-5 3.81396E-5 3.56006E-5 3.28427E-5 3.31881E-5 3.01674E-5 2.80949E-5 2.87613E-5
9.87077E-5 9.60637E-5 7.94263E-5 6.71279E-5 6.75521E-5 7.4276E-5 8.04891E-5 7.98946E-5 7.98597E-5 8.04184E-5 8.00924E-5 7.95008E-5 7.95008E-5 7.80828E-5 7.86288E-5 7.22966E-5 8.21884E-5 8.41472E-5 8.29492E-5 7.75227E-5 8.27767E-5 6.58069E-5 6.53526E-5 6.62112E-5 7.00148E-5 5.62909E-5 6.1538E-5 7.54768E-5 7.07681E-5 7.17776E-5 6.86688E-5 6.3079E-5 5.84566E-5 6.68014E-5 8.29806E-5 8.18453E-5 8.35338E-5 7.44467E-5 9.04816E-5 8.83574E-5 8.24504E-5 8.99727E-5 8.51472E-5 7.99331E-5 9.32136E-5 9.22469E-5 8.65683E-5 7.93874E-5 7.65431E-5 6.17108E-5 7.40966E-5 5.9746E-5 4.86187E-5 4.89512E-5 4.12756E-5 3.45993E-5 3.52114E-5 3.50766E-5 2.96444E-5 3.03717E-5 3.42059E-5
8.16614E-5 8.93586E-5 8.02875E-5 7.37916E-5 7.37916E-5 7.40078E-5 6.82535E-5 8.04327E-5 7.36949E-5 6.72491E-5 7.28865E-5 7.18455E-5 7.28016E-5 6.78023E-5 8.04551E-5 7.15355E-5 8.04917E-5 7.96652E-5 8.12028E-5 7.11216E-5 7.51074E-5 7.40743E-5 6.48699E-5 6.66952E-5 6.04616E-5 6.04616E-5 6.06623E-5 6.23567E-5 6.83536E-5 6.3643E-5 7.02419E-5 5.74355E-5 5.66587E-5 5.30371E-5 7.39308E-5 7.4962E-5 8.12626E-5 8.26016E-5 9.01376E-5 8.86486E-5 8.96305E-5 8.99439E-5 8.45183E-5 8.6342E-5 8.97896E-5 1.01728E-4 9.02894E-5 7.88011E-5 8.45225E-5 7.00252E-5 6.22752E-5 7.32961E-5 6.01543E-5 5.34516E-5 4.48025E-5 4.05374E-5 3.77271E-5 3.43352E-5 3.49555E-5 3.00635E-5 3.36195E-5
8.13662E-5 8.27899E-5 8.13962E-5 6.82836E-5 7.40401E-5 6.84827E-5 6.86813E-5 6.86813E-5 6.8174E-5 6.74445E-5 7.36089E-5 6.66746E-5 6.12306E-5 6.75578E-5 8.07242E-5 8.01867E-5 7.32504E-5 7.4683E-5 7.48955E-5 7.43423E-5 6.898E-5 6.80323E-5 6.82239E-5 5.04697E-5 5.50529E-5 5.97695E-5 6.01846E-5 6.29651E-5 5.77567E-5 5.26535E-5 6.6216E-5 6.40473E-5 6.44911E-5 6.36103E-5 6.35773E-5 7.46769E-5 8.12202E-5 8.12111E-5 8.12202E-5 8.92897E-5 8.24069E-5 8.99439E-5 9.05838E-5 8.3912E-5 8.60612E-5 8.85201E-5 9.15961E-5 8.93647E-5 7.52859E-5 7.98612E-5 6.97581E-5 6.90188E-5 5.97244E-5 6.01617E-5 5.51162E-5 4.53714E-5 4.21002E-5 4.20897E-5 3.90308E-5 3.26893E-5 3.32655E-5
8.27899E-5 8.36503E-5 6.85432E-5 6.89922E-5 6.89922E-5 6.33308E-5 6.39861E-5 6.93919E-5 6.30444E-5 6.93074E-5 6.90444E-5 6.85345E-5 5.65889E-5 5.79263E-5 6.96035E-5 6.84174E-5 6.84174E-5 6.92982E-5 5.91564E-5 5.39266E-5 5.48165E-5 6.24131E-5 4.64065E-5 4.64301E-5 5.04697E-5 5.13137E-5 4.82146E-5 4.358E-5 4.97497E-5 4.85734E-5 5.31653E-5 5.48301E-5 5.91564E-5 6.55469E-5 6.59775E-5 6.48755E-5 7.54396E-5 8.14871E-5 7.43692E-5 7.49226E-5 8.9583E-5 9.08913E-5 9.08913E-5 9.18978E-5 9.15676E-5 8.69545E-5 8.84999E-5 8.04999E-5 7.39715E-5 8.42626E-5 7.67827E-5 7.07504E-5 6.03557E-5 6.21027E-5 5.15528E-5 4.28448E-5 4.22407E-5 4.29984E-5 3.93065E-5 3.2114E-5 3.29238E-5
7.61237E-5 6.90229E-5 6.31757E-5 6.97071E-5 6.35717E-5 6.3802E-5 6.37552E-5 6.46166E-5 5.88658E-5 6.43032E-5 6.45041E-5 5.31726E-5 5.28055E-5 5.83286E-5 5.92832E-5 5.88454E-5 6.2366E-5 6.23361E-5 5.7724E-5 5.8124E-5 5.02525E-5 4.55961E-5 4.19763E-5 4.31025E-5 4.64065E-5 4.29474E-5 3.88058E-5 3.90945E-5 3.63864E-5 5.00487E-5 5.91068E-5 5.97106E-5 6.01423E-5 5.50325E-5 6.04093E-5 5.95455E-5 7.40863E-5 7.40863E-5 7.46375E-5 8.2076E-5 7.62662E-5 9.08719E-5 9.12191E-5 8.47947E-5 9.41868E-5 8.72481E-5 8.84999E-5 8.1062E-5 7.4462E-5 7.18338E-5 7.86962E-5 6.47511E-5 5.43916E-5 5.61056E-5 5.13686E-5 4.71893E-5 4.61917E-5 4.17942E-5 3.90308E-5 3.50514E-5 3.26846E-5
7.71725E-5 7.71725E-5 6.97387E-5 6.44919E-5 5.89657E-5 6.42296E-5 6.48627E-5 5.909E-5 5.86536E-5 5.88203E-5 5.89866E-5 5.38976E-5 5.31726E-5 5.81185E-5 5.36495E-5 5.4724E-5 5.50394E-5 5.1446E-5 4.11222E-5 4.10851E-5 4.3496E-5 3.82347E-5 3.52734E-5 3.64666E-5 3.64666E-5 3.72127E-5 3.32365E-5 3.59993E-5 3.26068E-5 4.05617E-5 5.05346E-5 3.99023E-5 4.41497E-5 4.72445E-5 5.15393E-5 5.56058E-5 6.95174E-5 7.48824E-5 7.48824E-5 7.62497E-5 8.35468E-5 8.44718E-5 8.44718E-5 8.57043E-5 8.0193E-5 8.25201E-5 7.58012E-5 7.58012E-5 7.05931E-5 7.77001E-5 7.00717E-5 5.89542E-5 5.48032E-5 5.05371E-5 4.43704E-5 5.24635E-5 4.70087E-5 4.5692E-5 3.90354E-5 3.3165E-5 3.03815E-5
7.14101E-5 6.44919E-5 7.06964E-5 6.42591E-5 5.93601E-5 5.93601E-5 5.99438E-5 5.95011E-5 5.96697E-5 5.43684E-5 5.43418E-5 4.99529E-5 4.95839E-5 4.92177E-5 3.93152E-5 4.9113E-5 4.01028E-5 3.28356E-5 4.11449E-5 3.45277E-5 3.46005E-5 3.7071E-5 3.34838E-5 3.38062E-5 3.00756E-5 3.37047E-5 3.35863E-5 2.97882E-5 3.00857E-5 2.79317E-5 3.72367E-5 4.0989E-5 4.09027E-5 4.17778E-5 5.09918E-5 5.0792E-5 5.61904E-5 6.49691E-5 7.07862E-5 7.8466E-5 7.87391E-5 7.87391E-5 7.98873E-5 7.96285E-5 8.72784E-5 7.60916E-5 7.03403E-5 7.58108E-5 6.25928E-5 6.59135E-5 6.49837E-5 5.18432E-5 5.20294E-5 4.79794E-5 4.40594E-5 4.05903E-5 4.17111E-5 3.71999E-5 3.38766E-5 3.05996E-5 3.0273E-5
7.02066E-5 6.51587E-5 5.96029E-5 5.96029E-5 5.97736E-5 6.03898E-5 6.01431E-5 5.99147E-5 5.51097E-5 5.05164E-5 5.01585E-5 4.97881E-5 4.40164E-5 3.67434E-5 3.64911E-5 3.68448E-5 2.96485E-5 3.74537E-5 3.42295E-5 3.38452E-5 3.4292E-5 3.1106E-5 2.51786E-5 2.8342E-5 2.68602E-5 2.50881E-5 2.83261E-5 2.72834E-5 2.76757E-5 2.7841E-5 3.12004E-5 3.53257E-5 3.90347E-5 3.86522E-5 4.67169E-5 5.46144E-5 5.5995E-5 5.66085E-5 5.76283E-5 6.4411E-5 7.49636E-5 6.46576E-5 8.01846E-5 7.93523E-5 7.9085E-5 6.56234E-5 6.80045E-5 6.17318E-5 6.30431E-5 5.75838E-5 5.65754E-5 5.18432E-5 4.74723E-5 4.39184E-5 4.42174E-5 4.11646E-5 4.04399E-5 3.31945E-5 3.00874E-5 2.79491E-5 3.01571E-5
6.51587E-5 5.98018E-5 6.04189E-5 5.52072E-5 5.52072E-5 6.05906E-5 5.53637E-5 5.08923E-5 5.05569E-5 5.08666E-5 5.10085E-5 4.04776E-5 3.68954E-5 3.73951E-5 3.01009E-5 3.80131E-5 3.46274E-5 2.81139E-5 3.10686E-5 2.85436E-5 3.17694E-5 2.51924E-5 2.30632E-5 2.30504E-5 2.30504E-5 2.28183E-5 2.53518E-5 2.3209E-5 2.54202E-5 2.57706E-5 2.65019E-5 2.65945E-5 2.89187E-5 3.91822E-5 4.35498E-5 4.72235E-5 4.77301E-5 5.68187E-5 5.74412E-5 5.84891E-5 6.01794E-5 6.05911E-5 6.81056E-5 7.50079E-5 7.3947E-5 6.51614E-5 6.19537E-5 6.23918E-5 6.26008E-5 5.73993E-5 5.22162E-5 5.27806E-5 4.79853E-5 4.86716E-5 4.45351E-5 4.53389E-5 3.64741E-5 3.63344E-5 2.98765E-5 2.98687E-5 3.09013E-5
6.02183E-5 6.00012E-5 6.06199E-5 5.5618E-5 5.55747E-5 5.59606E-5 5.16264E-5 5.57035E-5 4.45862E-5 4.50063E-5 4.07788E-5 3.77054E-5 3.76734E-5 3.36324E-5 3.05083E-5 3.11302E-5 2.83385E-5 2.58518E-5 2.36538E-5 2.37947E-5 2.61555E-5 2.33186E-5 2.13034E-5 2.3222E-5 2.15968E-5 2.15968E-5 1.91517E-5 2.32846E-5 2.40254E-5 2.41908E-5 2.36771E-5 2.62264E-5 2.65945E-5 2.92253E-5 3.69952E-5 3.98683E-5 4.4514E-5 4.86008E-5 5.30488E-5 5.86996E-5 5.40163E-5 5.59769E-5 6.14814E-5 6.04173E-5 6.04313E-5 5.97837E-5 6.15183E-5 6.26238E-5 5.74065E-5 5.25918E-5 5.297E-5 4.83424E-5 5.297E-5 4.86716E-5 4.43927E-5 4.08869E-5 3.64646E-5 3.35565E-5 3.13978E-5 3.16013E-5 3.48214E-5
6.10414E-5 6.10414E-5 6.12441E-5 5.6377E-5 5.69274E-5 5.67225E-5 5.1797E-5 5.14144E-5 4.72703E-5 4.14894E-5 3.77251E-5 3.79537E-5 3.76734E-5 4.17399E-5 3.08296E-5 3.17955E-5 2.85338E-5 2.58518E-5 2.60298E-5 2.37309E-5 2.16995E-5 2.16216E-5 2.17575E-5 1.95781E-5 1.94335E-5 1.94137E-5 1.91362E-5 1.93381E-5 2.08396E-5 2.09148E-5 2.30928E-5 2.33412E-5 2.40986E-5 2.45243E-5 3.39407E-5 4.00252E-5 4.07416E-5 4.50065E-5 4.96707E-5 5.38288E-5 5.42294E-5 5.48105E-5 5.65961E-5 5.5997E-5 5.58096E-5 6.08668E-5 6.21988E-5 5.80413E-5 5.27936E-5 5.28001E-5 4.87021E-5 5.316E-5 4.42452E-5 4.45519E-5 3.63531E-5 3.68675E-5 3.05368E-5 3.07478E-5 3.13978E-5 3.19453E-5 2.90453E-5
6.08214E-5 6.18738E-5 5.69562E-5 5.65638E-5 5.23546E-5 4.53878E-5 5.26894E-5 4.0968E-5 4.16742E-5 4.15026E-5 3.81108E-5 3.12901E-5 3.12901E-5 2.83663E-5 2.81721E-5 2.56162E-5 2.87304E-5 2.40071E-5 2.38298E-5 2.39936E-5 2.17118E-5 1.97948E-5 1.78907E-5 1.78145E-5 1.78787E-5 1.63248E-5 1.74893E-5 1.93381E-5 1.88546E-5 2.12879E-5 1.99659E-5 2.16651E-5 2.41908E-5 2.49742E-5 3.11228E-5 3.72831E-5 3.78183E-5 4.13502E-5 4.5992E-5 4.61573E-5 4.98725E-5 5.48294E-5 5.09645E-5 5.62116E-5 6.08668E-5 5.07995E-5 5.22669E-5 5.30027E-5 5.29896E-5 4.37883E-5 4.83424E-5 4.44039E-5 4.50444E-5 4.13387E-5 3.34542E-5 3.05368E-5 3.05404E-5 3.12982E-5 3.05207E-5 2.97732E-5 2.86567E-5
5.67511E-5 5.71445E-5 5.71445E-5 5.00785E-5 4.57021E-5 4.24E-5 4.26927E-5 4.2225E-5 3.83944E-5 3.88796E-5 3.15229E-5 3.1307E-5 3.17664E-5 3.30099E-5 2.89463E-5 2.64186E-5 2.65855E-5 2.68418E-5 2.44931E-5 2.20938E-5 2.18586E-5 1.98503E-5 1.81417E-5 1.66283E-5 1.78748E-5 1.64463E-5 1.79336E-5 1.79279E-5 1.89908E-5 1.93381E-5 1.83168E-5 2.04653E-5 2.19049E-5 2.27773E-5 2.5154E-5 3.43279E-5 3.11728E-5 3.85079E-5 3.80062E-5 4.66514E-5 4.63342E-5 5.07758E-5 5.05939E-5 4.6179E-5 4.66789E-5 4.66899E-5 4.78547E-5 4.78547E-5 4.41141E-5 4.42615E-5 4.47343E-5 4.07665E-5 3.71374E-5 3.32281E-5 3.32196E-5 3.40447E-5 3.10838E-5 3.16353E-5 2.9366E-5 3.07432E-5 2.90847E-5
5.71445E-5 5.05537E-5 4.69951E-5 4.74918E-5 4.25712E-5 4.33375E-5 4.31726E-5 3.93759E-5 3.51417E-5 3.56514E-5 3.53881E-5 3.22241E-5 3.1548E-5 2.92316E-5 2.87041E-5 2.72342E-5 2.74307E-5 2.45813E-5 2.22582E-5 2.02088E-5 2.20938E-5 1.99875E-5 1.82055E-5 1.78787E-5 1.8067E-5 1.66245E-5 1.64426E-5 1.6552E-5 1.61425E-5 1.74227E-5 1.80613E-5 1.89144E-5 2.05437E-5 2.27904E-5 2.52504E-5 2.77781E-5 2.7875E-5 3.12923E-5 3.46188E-5 3.91033E-5 4.73368E-5 3.86851E-5 4.81872E-5 4.39455E-5 4.31853E-5 4.35066E-5 4.41193E-5 4.03603E-5 4.0923E-5 4.06358E-5 4.06358E-5 3.74043E-5 3.62411E-5 3.39362E-5 3.08778E-5 3.12071E-5 3.46583E-5 3.26637E-5 2.99026E-5 3.25474E-5 3.27896E-5
5.29324E-5 5.31235E-5 4.38175E-5 4.36508E-5 4.36508E-5 3.96569E-5 3.9518E-5 4.02197E-5 3.63977E-5 3.53957E-5 3.2234E-5 3.28089E-5 3.1996E-5 2.72697E-5 2.99417E-5 2.71657E-5 2.5211E-5 2.52053E-5 2.23384E-5 2.42324E-5 2.02815E-5 1.96329E-5 1.8071E-5 1.81361E-5 1.78106E-5 1.80022E-5 1.67352E-5 1.81833E-5 1.51715E-5 1.83827E-5 1.81263E-5 1.88531E-5 1.90552E-5 2.29546E-5 2.32815E-5 2.46405E-5 2.72933E-5 3.08641E-5 3.4868E-5 3.52412E-5 3.54907E-5 3.92533E-5 3.55074E-5 3.56309E-5 3.96478E-5 3.95059E-5 3.62751E-5 4.06506E-5 3.23407E-5 4.09279E-5 3.66417E-5 3.37158E-5 3.35867E-5 3.07757E-5 3.46676E-5 2.86833E-5 2.93942E-5 2.97105E-5 2.97105E-5 3.327E-5 3.30335E-5
5.35077E-5 5.33153E-5 5.42793E-5 4.9904E-5 4.55387E-5 4.55288E-5 4.10828E-5 3.6434E-5 3.56514E-5 3.29416E-5 3.29343E-5 3.01972E-5 3.40998E-5 3.00821E-5 3.0485E-5 2.4525E-5 2.29107E-5 2.27415E-5 2.07963E-5 2.21734E-5 2.03482E-5 2.03436E-5 1.95564E-5 1.91379E-5 1.62713E-5 1.61511E-5 1.65558E-5 1.81222E-5 1.51763E-5 1.73474E-5 1.68597E-5 1.89933E-5 2.12279E-5 2.13785E-5 2.37851E-5 2.90812E-5 2.81699E-5 2.75888E-5 3.17446E-5 3.57589E-5 3.61454E-5 3.29039E-5 3.24393E-5 3.51275E-5 3.26726E-5 3.29076E-5 3.21213E-5 3.28073E-5 3.01694E-5 2.99542E-5 3.35992E-5 2.75219E-5 2.79152E-5 3.1443E-5 2.80078E-5 3.2006E-5 2.96129E-5 3.28119E-5 3.36372E-5 3.09125E-5 3.47158E-5
4.99194E-5 4.50713E-5 4.11039E-5 4.57071E-5 4.60329E-5 4.60229E-5 4.19756E-5 3.77401E-5 3.81371E-5 3.75963E-5 3.77196E-5 2.97687E-5 2.99742E-5 2.70768E-5 3.08125E-5 2.4437E-5 2.50328E-5 2.29858E-5 2.29806E-5 2.04949E-5 2.05687E-5 1.87918E-5 1.83228E-5 1.60367E-5 1.60367E-5 1.78011E-5 1.45338E-5 1.78708E-5 1.63299E-5 1.84591E-5 1.90616E-5 1.92659E-5 2.36235E-5 2.34547E-5 2.6748E-5 2.99235E-5 2.88734E-5 2.85742E-5 3.16418E-5 2.8393E-5 2.92158E-5 3.02619E-5 3.27899E-5 3.24428E-5 3.2211E-5 2.94259E-5 2.92263E-5 2.96375E-5 2.73357E-5 2.77267E-5 3.08975E-5 3.01616E-5 2.79184E-5 2.84186E-5 2.90002E-5 2.61014E-5 2.93397E-5 3.34117E-5 3.5099E-5 3.55982E-5 3.49741E-5
4.5886E-5 4.21491E-5 4.19977E-5 3.82693E-5 3.89602E-5 4.24269E-5 3.45035E-5 3.42562E-5 3.80003E-5 3.41257E-5 3.13922E-5 3.42378E-5 3.10647E-5 2.76556E-5 2.75591E-5 2.79281E-5 2.32349E-5 2.32295E-5 2.11711E-5 2.08644E-5 2.08595E-5 1.91942E-5 1.75307E-5 1.72811E-5 1.82487E-5 1.82487E-5 1.78027E-5 1.78027E-5 1.79982E-5 1.69243E-5 1.92678E-5 2.11519E-5 2.10078E-5 2.37993E-5 2.69403E-5 2.72311E-5 2.98166E-5 2.89872E-5 3.18697E-5 3.2211E-5 2.63769E-5 3.06985E-5 3.05888E-5 2.68507E-5 3.03705E-5 2.7238E-5 2.68603E-5 3.00726E-5 2.7826E-5 2.75321E-5 2.82269E-5 2.54662E-5 2.8328E-5 2.60083E-5 2.63825E-5 3.30671E-5 2.97603E-5 3.72433E-5 3.37878E-5 3.76396E-5 3.6832E-5
4.2301E-5 4.62174E-5 4.22879E-5 4.22879E-5 3.91005E-5 3.95117E-5 3.51258E-5 3.53791E-5 3.5747E-5 3.53558E-5 3.44847E-5 3.16186E-5 2.51556E-5 3.08352E-5 2.2853E-5 2.5503E-5 2.06675E-5 2.09595E-5 2.15471E-5 2.15471E-5 1.93417E-5 1.93371E-5 1.93324E-5 1.93951E-5 1.75875E-5 1.91783E-5 1.93795E-5 1.68557E-5 1.83887E-5 1.85964E-5 2.15398E-5 2.1998E-5 2.58183E-5 2.37993E-5 2.6947E-5 2.75219E-5 3.07972E-5 3.06872E-5 3.03628E-5 3.00492E-5 2.70437E-5 2.75321E-5 3.06985E-5 2.68537E-5 2.69567E-5 2.73457E-5 2.72479E-5 2.71505E-5 2.50204E-5 2.2803E-5 2.53753E-5 2.52876E-5 2.57409E-5 2.37124E-5 2.6961E-5 3.02963E-5 3.0089E-5 3.34415E-5 3.79091E-5 3.52198E-5 3.88199E-5
4.29101E-5 4.30646E-5 4.28965E-5 3.8681E-5 3.48821E-5 3.53872E-5 3.52522E-5 3.47492E-5 3.54948E-5 3.28935E-5 2.94951E-5 3.55986E-5 3.54627E-5 2.90638E-5 2.62303E-5 2.33353E-5 2.08913E-5 2.34953E-5 2.09595E-5 1.90178E-5 1.91482E-5 1.91435E-5 1.92056E-5 1.80367E-5 1.95277E-5 1.98074E-5 1.93883E-5 2.16646E-5 2.15923E-5 2.04168E-5 2.1157E-5 2.41369E-5 2.70293E-5 2.60975E-5 2.71407E-5 2.83247E-5 3.13494E-5 3.09155E-5 3.06985E-5 3.08085E-5 3.00726E-5 2.75321E-5 2.51073E-5 2.84156E-5 2.46647E-5 2.72479E-5 2.50268E-5 2.52969E-5 2.33847E-5 2.33038E-5 2.5833E-5 2.37973E-5 2.59324E-5 2.68602E-5 2.71465E-5 2.9451E-5 2.85216E-5 3.25074E-5 3.17182E-5 3.79389E-5 4.13606E-5
3.89688E-5 4.33615E-5 4.36743E-5 3.98057E-5 4.02331E-5 3.57589E-5 3.30229E-5 3.26692E-5 3.31304E-5 3.28935E-5 3.26538E-5 2.94881E-5 2.69012E-5 2.68049E-5 2.69913E-5 2.71829E-5 2.4258E-5 2.14154E-5 2.12552E-5 2.14007E-5 1.75574E-5 1.94876E-5 1.94179E-5 1.96207E-5 1.94062E-5 1.93368E-5 2.42828E-5 2.33564E-5 2.32728E-5 2.10658E-5 2.43032E-5 2.97311E-5 2.7815E-5 3.03705E-5 2.74376E-5 3.11572E-5 3.42218E-5 3.42218E-5 3.05888E-5 2.85248E-5 3.1598E-5 2.33012E-5 2.52941E-5 2.87189E-5 2.50268E-5 2.84261E-5 2.45854E-5 2.53876E-5 2.32206E-5 2.14545E-5 2.40601E-5 2.40628E-5 2.72467E-5 2.70601E-5 2.76354E-5 3.5613E-5 3.48638E-5 3.28448E-5 3.46373E-5 3.99822E-5 4.06945E-5
3.95207E-5 3.9663E-5 3.62579E-5 4.03778E-5 3.6025E-5 3.26799E-5 3.32574E-5 3.23223E-5 3.29046E-5 3.01441E-5 3.02348E-5 3.01266E-5 2.73851E-5 2.69012E-5 2.69012E-5 2.67025E-5 2.47829E-5 2.19573E-5 2.40838E-5 2.17875E-5 1.80642E-5 1.93504E-5 1.95575E-5 2.13114E-5 1.94807E-5 2.44735E-5 2.73987E-5 2.94938E-5 2.39455E-5 2.60791E-5 2.66501E-5 3.02652E-5 2.98346E-5 2.7822E-5 3.08129E-5 3.50943E-5 3.18055E-5 3.14699E-5 2.88218E-5 2.92446E-5 3.22759E-5 2.82343E-5 2.87296E-5 2.89326E-5 2.59226E-5 2.58233E-5 2.7825E-5 2.33872E-5 2.16915E-5 2.1537E-5 2.19253E-5 2.19229E-5 2.83422E-5 2.81407E-5 2.60975E-5 3.19582E-5 3.21867E-5 3.1497E-5 3.61318E-5 3.61166E-5 3.98349E-5
4.49155E-5 4.13765E-5 4.09577E-5 3.29154E-5 3.32686E-5 3.05944E-5 3.3738E-5 3.3969E-5 3.00362E-5 3.07966E-5 3.10073E-5 3.01266E-5 2.79774E-5 2.73851E-5 2.75725E-5 2.68921E-5 2.74671E-5 2.47829E-5 2.21922E-5 2.21073E-5 2.0059E-5 2.18656E-5 2.17041E-5 2.1694E-5 2.15416E-5 2.50017E-5 2.48235E-5 2.67382E-5 2.60883E-5 2.59019E-5 2.81996E-5 2.99583E-5 2.72486E-5 2.72486E-5 3.02894E-5 3.13852E-5 3.53325E-5 3.21569E-5 3.2516E-5 3.28665E-5 3.23914E-5 3.17077E-5 2.90286E-5 2.62932E-5 2.67572E-5 2.62961E-5 2.66748E-5 2.34772E-5 2.17692E-5 2.19253E-5 2.24037E-5 2.52057E-5 2.52028E-5 2.77419E-5 2.80405E-5 2.80294E-5 3.17313E-5 3.16054E-5 3.94334E-5 3.98401E-5 3.70067E-5
4.16786E-5 4.19749E-5 4.21257E-5 3.75845E-5 3.35082E-5 3.41111E-5 3.04848E-5 3.39808E-5 2.99286E-5 3.02494E-5 3.05692E-5 3.02348E-5 2.74902E-5 2.75793E-5 2.76714E-5 2.9577E-5 2.73689E-5 2.74671E-5 2.6687E-5 2.42497E-5 2.64807E-5 2.42354E-5 2.4401E-5 2.4401E-5 2.18578E-5 2.54565E-5 2.72178E-5 2.62666E-5 2.54443E-5 2.76851E-5 2.80986E-5 2.61947E-5 2.95428E-5 3.01812E-5 3.13852E-5 3.13852E-5 3.19472E-5 2.86526E-5 2.78544E-5 2.89582E-5 3.21607E-5 2.98749E-5 2.99818E-5 2.71391E-5 2.73442E-5 2.4658E-5 2.18471E-5 2.44043E-5 2.20037E-5 2.16199E-5 2.18529E-5 2.45859E-5 2.74569E-5 2.53735E-5 2.8238E-5 3.16223E-5 3.18354E-5 3.62607E-5 3.66345E-5 3.71546E-5 3.74035E-5
