Artocarpus hirsutus SDM files/MIS19/results (with bias file)/Arthir_7.asc
ncols         625
nrows         721
xllcorner     69.99986311115
yllcorner     5.99986187915
cellsize      0.041666667
NODATA_value  -9999
[rows 351 to 377 of 721, columns 183 to 243 of 625]
4.14253E-3 5.11328E-3 5.12192E-3 3.72358E-3 4.21091E-3 4.39001E-3 4.65003E-3 4.21601E-3 4.39446E-3 3.91591E-3 3.58093E-3 3.60399E-3 5.03194E-3 4.42837E-3 4.36059E-3 4.54811E-3 4.4162E-3 4.44436E-3 4.2507E-3 4.6249E-3 4.20494E-3 5.01156E-3 4.70503E-3 4.59163E-3 4.60704E-3 5.57267E-3 4.44367E-3 4.88692E-3 6.05284E-3 5.58943E-3 5.62098E-3 5.6892E-3 5.84836E-3 5.11998E-3 5.48893E-3 6.26384E-3 6.93095E-3 6.64639E-3 7.27485E-3 8.80432E-3 7.65365E-3 9.5728E-3 7.03986E-3 6.92621E-3 7.34863E-3 7.8935E-3 6.98539E-3 7.19277E-3 6.77947E-3 7.63189E-3 7.27438E-3 6.54831E-3 6.70513E-3 7.40927E-3 7.54534E-3 8.07422E-3 8.67709E-3 9.55845E-3 1.23999E-2 1.31354E-2 9.616E-3
4.05654E-3 4.57566E-3 4.78949E-3 4.46878E-3 4.81529E-3 4.75296E-3 4.85431E-3 4.8053E-3 4.88399E-3 4.69982E-3 4.31395E-3 4.59201E-3 4.26363E-3 4.55302E-3 4.54355E-3 4.40023E-3 4.96611E-3 5.33021E-3 5.74025E-3 5.38528E-3 4.61854E-3 4.78118E-3 4.45381E-3 4.7709E-3 5.17075E-3 6.54488E-3 6.69408E-3 7.20316E-3 5.99331E-3 6.26983E-3 5.66348E-3 6.15935E-3 5.7245E-3 6.21016E-3 6.11558E-3 6.97285E-3 6.84235E-3 7.1336E-3 7.95736E-3 7.5066E-3 7.53681E-3 8.02524E-3 7.85737E-3 7.76654E-3 7.6861E-3 8.02866E-3 8.51907E-3 7.28481E-3 7.46976E-3 7.47693E-3 8.37979E-3 7.21708E-3 8.01399E-3 8.96543E-3 8.32274E-3 8.42205E-3 9.07763E-3 9.50499E-3 1.06896E-2 1.1983E-2 1.0447E-2
5.34958E-3 5.15513E-3 5.42391E-3 5.78639E-3 5.76886E-3 5.2801E-3 5.13371E-3 5.70336E-3 5.84023E-3 4.90538E-3 3.88526E-3 6.03935E-3 6.86913E-3 5.44262E-3 5.22717E-3 4.79307E-3 6.53133E-3 6.51864E-3 7.32941E-3 6.73553E-3 7.03879E-3 5.94542E-3 4.54516E-3 5.31898E-3 6.63427E-3 7.4009E-3 7.70845E-3 6.30238E-3 5.84556E-3 6.0033E-3 5.87083E-3 5.99067E-3 6.30806E-3 6.1735E-3 7.01282E-3 7.17608E-3 7.08831E-3 7.4476E-3 8.26261E-3 7.92313E-3 8.487E-3 8.47485E-3 9.64988E-3 8.93716E-3 8.65811E-3 8.77718E-3 8.26105E-3 8.603E-3 8.00489E-3 7.61903E-3 8.69756E-3 6.92955E-3 7.55474E-3 7.82425E-3 9.1414E-3 8.93081E-3 1.03299E-2 1.25743E-2 1.32623E-2 1.14258E-2 9.70567E-3
5.78942E-3 5.18274E-3 5.41659E-3 5.5643E-3 5.94819E-3 5.34801E-3 5.49391E-3 5.23218E-3 5.64012E-3 4.72667E-3 3.93448E-3 4.14778E-3 6.07206E-3 7.22101E-3 4.62844E-3 7.15534E-3 4.62368E-3 4.93762E-3 4.36967E-3 5.57909E-3 8.15381E-3 7.93632E-3 5.52319E-3 4.32394E-3 4.90213E-3 5.37646E-3 5.49702E-3 5.54289E-3 5.70469E-3 6.32029E-3 5.84609E-3 5.99146E-3 7.10315E-3 6.90967E-3 7.55394E-3 7.54587E-3 7.09641E-3 7.45859E-3 7.9753E-3 8.55155E-3 8.60693E-3 8.90582E-3 9.25234E-3 9.96141E-3 9.36713E-3 8.68718E-3 9.10601E-3 8.47353E-3 8.80101E-3 7.73717E-3 7.98899E-3 7.24879E-3 7.90994E-3 9.01864E-3 1.03268E-2 1.07222E-2 1.002E-2 1.45945E-2 1.00058E-2 9.11297E-3 7.89637E-3
5.18125E-3 6.16197E-3 5.54491E-3 5.21554E-3 5.52292E-3 5.96352E-3 5.52621E-3 5.38026E-3 5.53492E-3 5.18368E-3 4.10725E-3 3.84487E-3 4.42692E-3 4.8986E-3 5.32874E-3 5.89357E-3 6.5433E-3 5.34274E-3 4.95801E-3 4.66644E-3 4.68863E-3 7.03657E-3 6.19909E-3 4.63129E-3 4.71486E-3 6.55061E-3 7.57816E-3 6.50754E-3 5.88759E-3 6.25377E-3 6.25419E-3 6.18491E-3 7.48103E-3 8.1506E-3 8.09155E-3 8.45252E-3 8.22168E-3 7.71175E-3 7.58698E-3 8.08619E-3 9.65907E-3 9.18836E-3 9.11845E-3 9.18256E-3 9.69506E-3 1.0127E-2 1.01941E-2 9.04835E-3 8.67866E-3 7.63343E-3 8.81693E-3 8.23097E-3 8.52759E-3 1.32342E-2 1.46619E-2 8.77362E-3 1.25601E-2 1.21217E-2 7.54214E-3 7.76459E-3 7.17425E-3
6.09885E-3 5.9137E-3 5.72155E-3 5.3407E-3 5.13594E-3 4.98155E-3 6.23971E-3 6.13898E-3 5.60071E-3 6.36568E-3 5.07593E-3 3.52799E-3 3.9246E-3 3.67179E-3 5.52833E-3 5.80523E-3 6.64828E-3 5.17094E-3 4.79397E-3 5.702E-3 5.76523E-3 4.81251E-3 7.59778E-3 6.84964E-3 4.87979E-3 6.84152E-3 7.16398E-3 6.23101E-3 6.00659E-3 5.47313E-3 6.35181E-3 6.57235E-3 8.71202E-3 7.477E-3 7.55983E-3 7.02256E-3 7.65064E-3 8.0512E-3 8.59057E-3 8.42096E-3 8.46279E-3 9.67853E-3 8.78837E-3 9.35895E-3 9.19199E-3 8.71275E-3 1.02469E-2 8.52368E-3 8.93195E-3 7.11633E-3 9.09253E-3 1.01184E-2 9.4686E-3 7.72358E-3 6.50865E-3 6.73892E-3 1.0526E-2 1.02502E-2 7.41384E-3 8.31806E-3 7.49301E-3
5.38361E-3 5.44878E-3 5.26736E-3 5.14433E-3 4.74859E-3 5.2592E-3 5.51617E-3 6.95393E-3 5.7948E-3 6.5478E-3 6.21534E-3 4.1347E-3 3.55614E-3 3.48982E-3 4.99016E-3 5.79565E-3 6.22056E-3 5.37241E-3 4.35117E-3 5.31678E-3 5.9561E-3 4.88553E-3 6.85198E-3 6.32214E-3 5.28858E-3 6.10176E-3 5.51159E-3 6.28312E-3 5.47644E-3 4.69575E-3 4.80036E-3 5.36199E-3 7.1467E-3 7.88627E-3 7.65105E-3 7.77462E-3 7.86921E-3 8.1578E-3 8.16761E-3 8.67782E-3 8.987E-3 9.43679E-3 9.28062E-3 9.67164E-3 9.30955E-3 9.72114E-3 8.89725E-3 8.55112E-3 8.32461E-3 8.49839E-3 9.08418E-3 9.78878E-3 8.03752E-3 8.88549E-3 7.14391E-3 7.65936E-3 9.17682E-3 1.0521E-2 9.32083E-3 1.01528E-2 8.05683E-3
5.39212E-3 5.48838E-3 5.18203E-3 4.91765E-3 4.61354E-3 4.53809E-3 5.74931E-3 5.40549E-3 4.91532E-3 5.19374E-3 5.1399E-3 4.69721E-3 3.68876E-3 3.26523E-3 3.79018E-3 4.92828E-3 6.42609E-3 6.02973E-3 5.13729E-3 4.82239E-3 4.47787E-3 4.30391E-3 5.92511E-3 6.40479E-3 5.94183E-3 5.91797E-3 5.89037E-3 6.30393E-3 7.76678E-3 6.48846E-3 5.41005E-3 5.03294E-3 5.76588E-3 6.73636E-3 6.9656E-3 7.14628E-3 7.57114E-3 7.8438E-3 7.91554E-3 7.79628E-3 8.95442E-3 9.21236E-3 9.10181E-3 8.63619E-3 9.37972E-3 8.83373E-3 1.02853E-2 8.6425E-3 9.88817E-3 8.99402E-3 9.10752E-3 1.02394E-2 8.53358E-3 1.01535E-2 1.00419E-2 8.78418E-3 8.32063E-3 9.75786E-3 9.99523E-3 9.77469E-3 8.2048E-3
5.03653E-3 4.93505E-3 4.94917E-3 4.56006E-3 4.33862E-3 4.47669E-3 5.65329E-3 5.61958E-3 4.84342E-3 4.47838E-3 4.411E-3 4.35365E-3 3.73809E-3 3.34916E-3 3.29145E-3 4.04091E-3 4.28547E-3 5.16357E-3 4.88087E-3 4.03308E-3 3.5605E-3 3.76868E-3 4.91398E-3 6.56232E-3 5.52543E-3 5.07486E-3 4.09101E-3 5.80573E-3 7.5385E-3 8.04371E-3 6.13512E-3 5.6076E-3 5.05743E-3 6.54776E-3 7.1934E-3 6.88953E-3 7.09116E-3 8.27554E-3 8.27877E-3 8.56832E-3 8.23281E-3 8.88759E-3 9.57687E-3 9.90983E-3 1.16825E-2 8.81403E-3 8.51564E-3 7.83128E-3 8.93987E-3 1.05582E-2 1.10766E-2 9.98953E-3 8.31056E-3 8.89564E-3 1.02227E-2 9.45012E-3 8.80582E-3 9.36429E-3 9.6456E-3 8.95843E-3 9.33917E-3
4.75368E-3 4.53948E-3 4.48959E-3 4.33559E-3 4.41498E-3 4.52544E-3 5.60681E-3 4.90661E-3 4.98348E-3 5.18889E-3 4.86515E-3 4.7611E-3 3.76102E-3 3.53999E-3 3.62065E-3 3.79908E-3 4.68032E-3 4.08254E-3 3.58382E-3 3.53341E-3 3.54915E-3 4.21259E-3 4.43533E-3 6.12152E-3 6.23659E-3 5.42984E-3 3.40378E-3 5.00934E-3 6.4362E-3 7.14077E-3 6.5324E-3 5.79992E-3 5.16976E-3 5.67248E-3 7.1048E-3 7.36282E-3 7.68487E-3 9.35314E-3 8.82561E-3 8.3005E-3 8.84426E-3 8.50351E-3 1.07371E-2 9.10456E-3 8.83876E-3 8.71979E-3 1.01044E-2 1.00138E-2 8.54044E-3 8.32534E-3 1.08677E-2 1.30412E-2 9.89314E-3 7.82847E-3 9.8326E-3 8.97339E-3 9.52997E-3 1.06993E-2 9.4889E-3 8.54094E-3 1.00203E-2
4.521E-3 4.29104E-3 4.45391E-3 4.63825E-3 4.60641E-3 4.85646E-3 5.91355E-3 5.48197E-3 5.59917E-3 4.92078E-3 4.73123E-3 4.55868E-3 3.87026E-3 3.31258E-3 3.22436E-3 3.7475E-3 4.22191E-3 5.00744E-3 4.06039E-3 3.50122E-3 3.40244E-3 4.19091E-3 3.66978E-3 4.11804E-3 4.92174E-3 4.16351E-3 4.13244E-3 6.09149E-3 5.68677E-3 5.96881E-3 5.86988E-3 6.36354E-3 4.94182E-3 5.69251E-3 5.2513E-3 8.27386E-3 7.89242E-3 9.56461E-3 9.03206E-3 9.95643E-3 9.3107E-3 9.78171E-3 9.07782E-3 9.31253E-3 9.94409E-3 9.87744E-3 1.04629E-2 1.04521E-2 8.43045E-3 9.92039E-3 1.03604E-2 1.56834E-2 1.16865E-2 9.1873E-3 9.18972E-3 9.14201E-3 9.33936E-3 1.19647E-2 1.01516E-2 8.20271E-3 1.28327E-2
4.06558E-3 3.6827E-3 4.01493E-3 4.17171E-3 4.94011E-3 5.28994E-3 5.86592E-3 5.40792E-3 4.74685E-3 4.33109E-3 4.06718E-3 4.11349E-3 3.94595E-3 3.40904E-3 3.32839E-3 3.51901E-3 4.02385E-3 5.72193E-3 5.04294E-3 4.6791E-3 3.15288E-3 3.77831E-3 4.05111E-3 4.17441E-3 4.71017E-3 3.63244E-3 3.92628E-3 6.30923E-3 4.85675E-3 4.45322E-3 4.73506E-3 5.86423E-3 4.79534E-3 5.00922E-3 5.0373E-3 7.21535E-3 8.6956E-3 8.00725E-3 7.79381E-3 8.94779E-3 8.093E-3 8.78836E-3 8.68711E-3 8.86343E-3 9.68326E-3 9.73418E-3 9.33291E-3 9.67426E-3 7.53961E-3 9.19987E-3 8.68028E-3 1.06963E-2 9.20036E-3 8.90349E-3 9.38213E-3 9.29999E-3 8.98387E-3 1.00368E-2 9.37533E-3 8.22091E-3 8.29989E-3
3.79164E-3 3.85069E-3 3.67529E-3 4.14121E-3 5.97302E-3 4.67899E-3 4.24819E-3 4.57205E-3 4.87021E-3 4.83976E-3 4.42085E-3 3.98638E-3 4.25795E-3 3.67343E-3 3.57939E-3 3.62346E-3 3.90515E-3 4.44748E-3 5.15719E-3 4.35907E-3 3.91004E-3 3.67181E-3 4.08066E-3 4.30404E-3 3.96417E-3 3.93965E-3 3.74261E-3 4.51604E-3 7.01467E-3 6.20652E-3 5.20078E-3 5.79155E-3 5.66069E-3 5.12354E-3 4.5908E-3 8.27177E-3 9.31538E-3 7.04789E-3 6.52831E-3 6.87174E-3 7.09795E-3 7.14642E-3 8.81322E-3 1.00007E-2 1.12568E-2 1.12677E-2 8.45326E-3 8.81063E-3 9.56445E-3 9.47238E-3 9.47238E-3 9.47919E-3 9.37558E-3 8.58844E-3 9.20688E-3 9.40138E-3 1.01257E-2 9.23299E-3 8.37529E-3 1.07531E-2 7.86812E-3
4.19003E-3 3.78625E-3 3.68352E-3 4.13127E-3 4.64809E-3 3.73634E-3 3.3679E-3 3.61281E-3 4.24679E-3 4.27558E-3 3.961E-3 4.11051E-3 5.33835E-3 4.08876E-3 3.72485E-3 3.25787E-3 3.56806E-3 3.976E-3 5.89884E-3 4.8594E-3 4.36224E-3 3.83788E-3 3.79874E-3 4.22896E-3 4.15304E-3 4.32064E-3 3.97168E-3 4.32081E-3 5.06323E-3 4.67436E-3 4.68956E-3 5.25479E-3 5.18975E-3 5.25498E-3 4.57002E-3 6.93177E-3 8.68598E-3 7.78961E-3 7.35312E-3 6.42371E-3 7.28008E-3 8.79201E-3 8.46894E-3 1.27995E-2 1.14493E-2 8.47379E-3 9.29936E-3 1.05165E-2 9.1952E-3 9.45063E-3 9.03127E-3 1.00755E-2 8.74604E-3 9.03978E-3 9.95067E-3 1.10018E-2 1.08613E-2 8.64129E-3 8.17674E-3 1.34402E-2 1.00504E-2
3.88666E-3 4.20452E-3 3.8478E-3 3.75191E-3 3.7106E-3 3.4721E-3 3.54542E-3 3.24637E-3 3.59933E-3 4.146E-3 3.87092E-3 4.06069E-3 4.05607E-3 4.21434E-3 4.1919E-3 3.58155E-3 3.48798E-3 4.03397E-3 5.26737E-3 4.86134E-3 5.03962E-3 4.63862E-3 4.63635E-3 4.41786E-3 4.309E-3 4.30543E-3 4.70513E-3 5.02148E-3 4.82911E-3 4.24663E-3 4.43725E-3 5.17796E-3 5.26318E-3 5.06153E-3 4.86034E-3 6.07667E-3 8.40941E-3 6.74507E-3 8.45614E-3 7.03503E-3 8.13393E-3 7.3614E-3 7.92597E-3 9.52486E-3 9.43871E-3 8.83753E-3 8.3461E-3 1.16851E-2 8.08676E-3 9.11589E-3 9.7764E-3 9.37146E-3 8.85154E-3 8.3778E-3 9.49587E-3 1.11209E-2 9.06945E-3 7.37705E-3 7.72626E-3 1.31789E-2 8.19972E-3
4.29869E-3 4.48675E-3 3.70703E-3 3.57821E-3 4.09986E-3 3.42571E-3 3.19515E-3 3.1909E-3 3.36043E-3 3.63833E-3 3.39323E-3 4.20253E-3 4.08231E-3 4.03577E-3 4.17922E-3 3.68598E-3 3.44262E-3 3.93889E-3 4.35253E-3 4.0971E-3 4.23562E-3 5.03819E-3 5.13565E-3 5.52603E-3 4.8667E-3 4.28781E-3 4.62024E-3 4.41133E-3 4.95493E-3 4.62077E-3 4.71473E-3 4.64754E-3 4.89025E-3 4.81845E-3 4.89613E-3 5.13186E-3 5.41421E-3 6.75486E-3 6.83578E-3 8.18139E-3 9.62382E-3 7.70422E-3 6.65438E-3 7.30136E-3 7.62123E-3 7.70461E-3 1.08526E-2 9.62569E-3 8.31166E-3 8.12495E-3 8.74372E-3 9.15097E-3 8.63533E-3 7.91555E-3 9.02678E-3 9.51193E-3 9.36883E-3 7.40021E-3 8.23945E-3 8.40765E-3 6.26404E-3
3.70018E-3 3.92587E-3 3.74539E-3 3.19428E-3 3.58605E-3 3.91451E-3 3.38031E-3 3.19536E-3 3.54299E-3 3.51281E-3 3.45543E-3 3.66842E-3 4.26744E-3 4.09936E-3 3.63908E-3 3.42666E-3 3.6656E-3 5.04848E-3 4.22781E-3 4.0971E-3 4.07181E-3 4.47927E-3 4.23683E-3 5.61712E-3 5.32625E-3 4.60945E-3 4.61917E-3 4.70003E-3 4.60445E-3 4.5549E-3 4.38238E-3 4.91901E-3 5.12488E-3 5.24251E-3 5.59656E-3 4.91764E-3 4.98851E-3 5.30145E-3 5.55463E-3 6.46421E-3 8.65858E-3 7.4576E-3 7.16647E-3 7.79516E-3 7.53438E-3 7.52071E-3 9.85797E-3 9.56373E-3 9.86548E-3 9.17285E-3 8.15084E-3 7.97952E-3 8.46432E-3 8.93333E-3 7.78133E-3 8.14512E-3 9.05887E-3 7.40365E-3 7.36699E-3 6.74126E-3 7.48568E-3
3.91918E-3 3.76911E-3 3.72881E-3 3.24816E-3 3.37553E-3 3.67659E-3 3.94306E-3 3.54021E-3 3.49588E-3 3.65258E-3 3.61229E-3 3.71038E-3 4.16857E-3 4.34523E-3 3.80436E-3 3.46861E-3 3.86586E-3 4.96665E-3 4.35005E-3 4.2472E-3 4.31855E-3 3.91861E-3 4.46309E-3 5.09043E-3 4.97653E-3 5.49947E-3 4.72965E-3 4.62578E-3 5.11927E-3 4.48896E-3 4.47466E-3 4.88756E-3 5.67206E-3 5.90068E-3 5.82018E-3 5.88818E-3 5.45311E-3 5.3513E-3 5.44286E-3 5.87539E-3 7.20772E-3 9.15642E-3 7.87015E-3 8.13619E-3 7.3506E-3 7.59312E-3 8.55815E-3 1.00243E-2 8.53192E-3 8.8676E-3 9.34322E-3 9.21022E-3 7.92911E-3 7.63547E-3 8.05082E-3 7.80964E-3 8.76867E-3 7.17851E-3 8.17015E-3 8.25163E-3 8.37703E-3
4.34178E-3 3.98173E-3 3.83852E-3 4.01775E-3 3.5231E-3 3.11462E-3 3.54477E-3 4.12243E-3 3.37533E-3 3.52539E-3 3.57528E-3 3.93853E-3 3.81484E-3 3.92662E-3 3.85917E-3 3.47957E-3 3.96404E-3 4.36153E-3 4.19396E-3 4.11937E-3 4.18993E-3 4.05673E-3 4.03993E-3 4.69837E-3 4.19198E-3 5.04226E-3 5.53706E-3 4.85447E-3 4.81555E-3 4.64293E-3 4.33703E-3 4.34385E-3 4.723E-3 5.15592E-3 4.88153E-3 5.49877E-3 5.77405E-3 7.19042E-3 6.62679E-3 5.569E-3 6.67703E-3 7.48005E-3 7.986E-3 7.34165E-3 7.55516E-3 7.55459E-3 8.19422E-3 1.15792E-2 7.207E-3 7.97293E-3 8.66438E-3 7.74362E-3 7.49827E-3 8.10338E-3 7.27249E-3 7.21809E-3 9.01945E-3 6.92139E-3 7.38357E-3 1.01888E-2 8.50689E-3
4.37831E-3 4.44653E-3 4.34866E-3 4.01687E-3 3.64725E-3 3.80467E-3 3.49835E-3 3.63556E-3 3.71538E-3 3.67285E-3 3.49982E-3 3.54437E-3 3.75279E-3 3.91046E-3 3.94438E-3 3.63723E-3 3.80418E-3 4.39345E-3 4.51326E-3 4.58696E-3 4.67579E-3 4.60749E-3 4.23897E-3 4.29259E-3 4.37623E-3 4.77922E-3 5.52419E-3 4.42131E-3 4.52498E-3 4.47664E-3 4.40682E-3 5.30951E-3 4.99863E-3 4.68496E-3 4.53322E-3 5.10709E-3 5.77831E-3 6.76399E-3 8.16495E-3 6.67365E-3 7.43331E-3 5.81833E-3 5.88561E-3 6.366E-3 5.82257E-3 6.63555E-3 9.08794E-3 1.02977E-2 7.62267E-3 6.72182E-3 7.01837E-3 8.18283E-3 7.92146E-3 7.05043E-3 7.41041E-3 6.70399E-3 8.186E-3 6.92561E-3 7.09823E-3 9.07837E-3 7.4911E-3
4.42387E-3 4.07187E-3 3.53976E-3 3.24928E-3 3.42005E-3 4.87742E-3 3.76635E-3 3.5082E-3 3.95573E-3 3.72874E-3 3.75621E-3 3.95074E-3 3.9554E-3 3.87902E-3 3.99262E-3 3.831E-3 3.85008E-3 3.74839E-3 3.7739E-3 3.894E-3 4.06955E-3 4.47742E-3 5.03347E-3 4.75355E-3 4.34636E-3 4.91763E-3 4.81585E-3 4.5886E-3 4.03142E-3 4.58231E-3 4.51196E-3 5.1616E-3 5.62628E-3 4.54416E-3 4.60196E-3 4.90474E-3 4.835E-3 5.38422E-3 6.76071E-3 5.98549E-3 6.58811E-3 5.95634E-3 5.48149E-3 5.77275E-3 5.51936E-3 6.98167E-3 1.10699E-2 6.85782E-3 7.46795E-3 7.22501E-3 7.31742E-3 7.85254E-3 7.73433E-3 7.15953E-3 6.35846E-3 6.27852E-3 7.72262E-3 6.47308E-3 7.3592E-3 9.18986E-3 6.65087E-3
3.86366E-3 4.13401E-3 3.3082E-3 3.74457E-3 3.5518E-3 4.30963E-3 3.57947E-3 3.43941E-3 4.33185E-3 3.90307E-3 4.18119E-3 4.10368E-3 4.1125E-3 4.15999E-3 4.18784E-3 4.12799E-3 4.15815E-3 3.98158E-3 4.13799E-3 4.35109E-3 4.33203E-3 4.19354E-3 4.84098E-3 4.90679E-3 4.71542E-3 4.35573E-3 5.32066E-3 4.94746E-3 4.18619E-3 4.36102E-3 4.36559E-3 4.93208E-3 4.98265E-3 4.37749E-3 4.7846E-3 4.53579E-3 4.77254E-3 5.44732E-3 5.88362E-3 5.82896E-3 5.35819E-3 5.39785E-3 5.24954E-3 6.00149E-3 5.88215E-3 5.63947E-3 9.89132E-3 7.55823E-3 5.3782E-3 6.38568E-3 8.88746E-3 7.58408E-3 7.43055E-3 6.62884E-3 6.5538E-3 5.87852E-3 7.29528E-3 5.70227E-3 6.81831E-3 8.46109E-3 6.4916E-3
3.58751E-3 3.42445E-3 3.75808E-3 3.98531E-3 3.70257E-3 3.61746E-3 3.60049E-3 3.95188E-3 4.82491E-3 4.98675E-3 4.03312E-3 4.37058E-3 4.61102E-3 4.52761E-3 4.35985E-3 4.32803E-3 4.49862E-3 4.52512E-3 4.69042E-3 4.68965E-3 4.54737E-3 3.80478E-3 4.90395E-3 4.40258E-3 4.19199E-3 4.6232E-3 5.17295E-3 4.35234E-3 4.247E-3 4.5671E-3 4.77228E-3 5.28192E-3 4.47627E-3 4.24691E-3 4.79254E-3 5.03225E-3 5.59508E-3 4.84532E-3 4.79272E-3 7.61107E-3 5.66134E-3 5.12237E-3 5.29641E-3 5.08858E-3 6.10848E-3 4.99973E-3 6.77589E-3 6.38755E-3 5.92162E-3 5.55426E-3 7.6716E-3 8.32794E-3 6.92867E-3 7.11771E-3 6.55841E-3 5.32565E-3 6.09103E-3 5.74655E-3 7.17096E-3 7.08121E-3 6.10816E-3
2.54461E-3 3.11862E-3 3.26229E-3 3.12751E-3 2.71815E-3 3.48306E-3 3.53206E-3 3.6464E-3 3.22436E-3 4.56533E-3 3.98286E-3 4.61085E-3 5.44634E-3 4.3371E-3 5.05404E-3 5.20594E-3 4.21711E-3 4.28896E-3 5.05793E-3 4.86897E-3 4.57492E-3 4.39478E-3 4.72058E-3 4.43178E-3 4.23103E-3 4.68654E-3 5.98471E-3 4.66487E-3 4.33226E-3 4.18256E-3 4.58549E-3 4.53165E-3 4.7085E-3 4.91006E-3 4.74076E-3 5.32749E-3 4.94024E-3 4.74348E-3 4.70149E-3 9.06259E-3 5.94473E-3 4.96861E-3 4.9083E-3 4.60181E-3 5.08374E-3 5.84105E-3 7.04417E-3 6.03869E-3 5.78472E-3 5.22898E-3 6.78812E-3 7.98307E-3 6.93681E-3 5.37996E-3 5.94165E-3 5.31645E-3 5.68046E-3 5.97465E-3 7.25651E-3 5.95963E-3 6.80244E-3
2.75288E-3 2.76145E-3 3.01646E-3 2.89021E-3 2.71727E-3 2.73681E-3 3.03786E-3 2.81634E-3 2.91352E-3 3.53866E-3 4.46114E-3 5.11837E-3 5.0112E-3 4.54069E-3 4.4639E-3 4.59339E-3 5.0185E-3 4.53861E-3 5.97564E-3 5.37027E-3 5.0512E-3 4.32747E-3 4.64331E-3 4.7599E-3 4.40808E-3 4.41034E-3 5.08168E-3 5.20906E-3 4.23356E-3 4.83932E-3 5.50031E-3 5.01184E-3 5.18124E-3 5.44467E-3 5.12428E-3 6.14503E-3 4.71968E-3 4.10941E-3 4.44647E-3 8.29264E-3 7.31508E-3 5.04957E-3 5.16516E-3 4.71569E-3 5.44315E-3 6.00008E-3 7.05305E-3 5.25111E-3 5.41741E-3 5.17975E-3 7.03861E-3 6.14511E-3 6.45952E-3 6.35694E-3 5.49917E-3 5.71307E-3 5.26982E-3 5.54364E-3 7.04019E-3 6.37963E-3 6.12854E-3
3.73331E-3 3.28774E-3 3.27793E-3 3.36438E-3 2.90354E-3 2.4505E-3 3.275E-3 2.5508E-3 2.79996E-3 3.16238E-3 3.97694E-3 4.20007E-3 3.55387E-3 4.04926E-3 3.54592E-3 4.13545E-3 4.10461E-3 4.95699E-3 6.06359E-3 5.0849E-3 4.5694E-3 4.56489E-3 4.43677E-3 5.63912E-3 4.48669E-3 4.47074E-3 4.78999E-3 5.4965E-3 4.27287E-3 4.63042E-3 5.29791E-3 4.41795E-3 4.34478E-3 4.85029E-3 4.67944E-3 5.35971E-3 4.98943E-3 4.23034E-3 4.32372E-3 7.57039E-3 6.93593E-3 5.98752E-3 5.99126E-3 4.68096E-3 4.71266E-3 5.16326E-3 5.59382E-3 5.2853E-3 4.9244E-3 5.43172E-3 7.02784E-3 6.24852E-3 5.45829E-3 6.22098E-3 4.81294E-3 5.31656E-3 4.86108E-3 5.73927E-3 6.65699E-3 6.59664E-3 8.66059E-3
3.07644E-3 2.86549E-3 2.66541E-3 2.57528E-3 3.03861E-3 2.579E-3 2.84285E-3 2.57272E-3 3.25125E-3 3.57956E-3 3.63568E-3 4.13443E-3 3.50093E-3 3.36252E-3 4.20787E-3 3.14575E-3 3.16164E-3 5.11417E-3 5.11088E-3 4.73925E-3 5.22498E-3 4.58532E-3 5.15033E-3 5.1161E-3 4.47671E-3 4.18692E-3 4.51216E-3 4.98881E-3 4.48943E-3 5.03067E-3 4.75928E-3 4.33549E-3 4.66206E-3 4.76209E-3 4.36311E-3 5.17168E-3 5.76747E-3 4.43189E-3 3.76098E-3 5.68974E-3 6.32543E-3 5.45315E-3 6.23384E-3 5.2526E-3 6.34899E-3 4.67529E-3 4.56455E-3 4.71691E-3 5.08155E-3 6.22163E-3 7.63466E-3 6.31844E-3 4.84004E-3 5.90501E-3 5.00979E-3 4.27051E-3 4.9368E-3 5.88868E-3 5.65409E-3 5.49151E-3 7.19264E-3
