Artocarpus hirsutus SDM files/MIS19/results (with bias file)/Arthir_1.asc
ncols         625
nrows         721
xllcorner     69.99986311115
yllcorner     5.99986187915
cellsize      0.041666667
NODATA_value  -9999
[rows 351 to 377 of 721, columns 305 to 365 of 625]
4.09507E-3 4.34324E-3 4.70722E-3 4.7814E-3 4.04028E-3 4.74074E-3 4.35435E-3 4.37671E-3 4.20038E-3 4.32189E-3 1.08367E-2 1.07417E-2 6.40556E-3 7.09329E-3 6.22775E-3 6.61117E-3 6.53958E-3 7.12549E-3 7.79038E-3 7.48802E-3 7.67392E-3 9.12219E-3 8.15035E-3 8.83386E-3 1.0173E-2 8.36015E-3 9.11411E-3 1.03812E-2 9.36758E-3 1.10473E-2 8.65098E-3 1.28088E-2 1.3122E-2 1.20652E-2 9.24843E-3 9.5273E-3 9.40853E-3 1.27455E-2 1.74462E-2 2.00097E-2 1.87821E-2 2.84237E-2 2.74601E-2 2.04153E-2 1.68062E-2 1.34119E-2 1.41807E-2 1.44507E-2 1.69815E-2 1.76473E-2 1.82656E-2 1.27922E-2 1.22308E-2 1.28987E-2 1.49795E-2 1.59948E-2 1.56608E-2 1.6655E-2 1.88979E-2 2.04351E-2 1.73359E-2
4.9921E-3 4.56493E-3 3.93485E-3 4.55944E-3 4.2231E-3 4.92959E-3 5.16452E-3 4.469E-3 4.68786E-3 5.03467E-3 7.23406E-3 6.01838E-3 8.11903E-3 7.45478E-3 5.69626E-3 6.25936E-3 6.97188E-3 7.55372E-3 6.7261E-3 7.5164E-3 7.21838E-3 8.10795E-3 9.46014E-3 8.25737E-3 9.54267E-3 1.02061E-2 8.64937E-3 9.85249E-3 8.68737E-3 9.31467E-3 9.87656E-3 1.50157E-2 1.82137E-2 9.87562E-3 1.26519E-2 1.0868E-2 1.23519E-2 1.19816E-2 9.01283E-3 1.2393E-2 1.5746E-2 2.27889E-2 2.08224E-2 2.39053E-2 1.76195E-2 1.4711E-2 1.2702E-2 1.45269E-2 1.7934E-2 1.43338E-2 2.52608E-2 2.51389E-2 1.92527E-2 1.22892E-2 1.38056E-2 1.51053E-2 1.71604E-2 2.00864E-2 2.16809E-2 2.51869E-2 2.92547E-2
4.88681E-3 4.69005E-3 4.07078E-3 4.48941E-3 4.95673E-3 4.70517E-3 5.93792E-3 5.6492E-3 5.90937E-3 4.81961E-3 5.40132E-3 6.87717E-3 7.68705E-3 6.07151E-3 6.34559E-3 7.04749E-3 7.01853E-3 7.53751E-3 8.60037E-3 8.09333E-3 8.05385E-3 7.23839E-3 9.78485E-3 8.63189E-3 8.61471E-3 1.04237E-2 8.4076E-3 9.30387E-3 8.49066E-3 9.27333E-3 1.58679E-2 1.34466E-2 1.11477E-2 9.92868E-3 1.1892E-2 1.18347E-2 1.21672E-2 1.23388E-2 1.05929E-2 8.08598E-3 8.76465E-3 1.03676E-2 1.41689E-2 1.87801E-2 1.38668E-2 1.1407E-2 1.4752E-2 1.55024E-2 2.35909E-2 1.86408E-2 1.37564E-2 1.46334E-2 1.74239E-2 1.87442E-2 1.52623E-2 1.41751E-2 1.60083E-2 1.56991E-2 1.65844E-2 1.78124E-2 1.99169E-2
5.22771E-3 4.12484E-3 4.26966E-3 4.27163E-3 4.58172E-3 4.87798E-3 5.44367E-3 5.91074E-3 5.65241E-3 6.83401E-3 5.02377E-3 9.80759E-3 7.08828E-3 5.2757E-3 5.5168E-3 6.51403E-3 7.84138E-3 7.37914E-3 8.00045E-3 7.91312E-3 8.35522E-3 8.05021E-3 7.70099E-3 9.58018E-3 8.05518E-3 1.0267E-2 8.98403E-3 8.92193E-3 8.20804E-3 9.90703E-3 1.07398E-2 9.53018E-3 9.96829E-3 9.66156E-3 1.36642E-2 1.9495E-2 2.34723E-2 1.36059E-2 1.20957E-2 9.98339E-3 9.79272E-3 1.11037E-2 9.74532E-3 8.46012E-3 1.00925E-2 1.35137E-2 1.23258E-2 1.12039E-2 1.75974E-2 2.35865E-2 1.73057E-2 1.38512E-2 1.38364E-2 1.90059E-2 1.58009E-2 1.531E-2 2.10076E-2 2.25743E-2 1.62767E-2 1.3409E-2 1.64036E-2
5.14261E-3 5.45419E-3 4.61896E-3 4.66444E-3 4.51315E-3 5.03815E-3 5.14356E-3 5.18637E-3 5.56938E-3 9.19293E-3 7.47702E-3 8.19716E-3 6.78002E-3 4.90754E-3 5.97506E-3 5.91248E-3 7.47825E-3 8.53266E-3 7.30515E-3 8.31002E-3 7.84576E-3 7.81279E-3 8.09035E-3 7.94481E-3 8.87632E-3 9.37087E-3 8.99969E-3 8.59317E-3 8.13412E-3 1.24546E-2 1.90431E-2 9.16699E-3 1.07335E-2 1.04113E-2 1.21943E-2 1.72469E-2 1.69974E-2 1.90547E-2 1.28387E-2 1.6206E-2 2.07297E-2 1.22422E-2 1.11782E-2 1.29939E-2 1.15453E-2 1.08356E-2 1.11292E-2 1.03618E-2 9.92019E-3 1.22209E-2 1.80007E-2 2.34076E-2 1.47714E-2 1.45782E-2 1.30409E-2 1.27998E-2 1.2921E-2 1.92326E-2 1.67963E-2 1.72465E-2 1.47586E-2
4.94882E-3 4.97888E-3 4.62781E-3 4.44215E-3 4.30074E-3 4.79991E-3 5.80015E-3 5.69133E-3 4.3957E-3 6.68611E-3 8.06215E-3 9.47539E-3 6.14544E-3 5.12305E-3 5.59913E-3 6.28633E-3 7.5853E-3 8.62676E-3 7.98867E-3 7.70385E-3 8.19371E-3 8.1513E-3 7.96136E-3 8.57365E-3 7.65222E-3 8.53158E-3 1.08875E-2 7.80163E-3 7.90968E-3 1.51718E-2 1.51195E-2 1.25944E-2 9.55763E-3 9.60311E-3 9.99156E-3 1.56281E-2 1.29177E-2 1.61934E-2 1.36807E-2 1.29019E-2 1.70073E-2 9.15766E-3 1.12652E-2 1.61282E-2 2.25186E-2 1.5877E-2 1.24318E-2 1.31872E-2 1.28238E-2 1.27424E-2 1.24236E-2 1.24436E-2 1.55895E-2 2.34684E-2 2.37908E-2 1.89167E-2 1.49844E-2 1.33136E-2 1.34923E-2 1.65237E-2 1.48839E-2
5.561E-3 4.3312E-3 4.92283E-3 4.75964E-3 4.62466E-3 4.27067E-3 7.54181E-3 6.61021E-3 5.51217E-3 6.66768E-3 7.43326E-3 1.07364E-2 5.70734E-3 5.38564E-3 5.79996E-3 6.50655E-3 6.89548E-3 7.66803E-3 8.52508E-3 7.88364E-3 8.18381E-3 7.45651E-3 8.83659E-3 8.09891E-3 7.74054E-3 7.96521E-3 9.40516E-3 7.68972E-3 1.32392E-2 1.06271E-2 1.27114E-2 1.22644E-2 8.17338E-3 9.7175E-3 1.39538E-2 1.20469E-2 1.01385E-2 1.54039E-2 1.17699E-2 1.11849E-2 1.21946E-2 1.92705E-2 1.1311E-2 9.27083E-3 1.74407E-2 1.532E-2 1.72465E-2 1.22141E-2 1.20134E-2 1.16988E-2 1.17854E-2 1.11728E-2 1.24026E-2 1.24256E-2 1.42997E-2 1.35021E-2 1.77672E-2 1.72972E-2 1.33973E-2 1.29445E-2 1.26631E-2
5.86726E-3 5.45823E-3 4.61644E-3 4.66603E-3 5.07407E-3 6.64245E-3 4.24683E-3 4.52875E-3 7.34282E-3 1.00083E-2 9.97858E-3 8.42465E-3 5.7223E-3 6.6389E-3 6.0552E-3 6.91766E-3 6.68209E-3 7.48549E-3 7.54197E-3 8.87134E-3 8.62392E-3 8.66958E-3 9.2229E-3 8.85858E-3 8.19195E-3 7.60284E-3 7.31417E-3 8.09877E-3 1.04104E-2 9.3931E-3 1.00255E-2 9.32391E-3 9.18426E-3 1.20727E-2 1.14147E-2 8.15208E-3 1.00885E-2 1.05647E-2 1.48585E-2 1.01322E-2 1.28452E-2 1.78891E-2 1.68956E-2 1.51363E-2 1.52318E-2 1.92901E-2 1.34484E-2 1.12797E-2 1.00552E-2 1.10083E-2 1.13921E-2 1.2296E-2 1.1893E-2 1.36241E-2 1.39127E-2 1.22634E-2 1.26229E-2 1.28401E-2 1.7797E-2 1.69494E-2 1.53493E-2
4.5681E-3 4.46724E-3 4.55373E-3 5.69097E-3 9.26861E-3 5.20097E-3 4.51253E-3 4.69353E-3 4.66819E-3 5.83073E-3 6.30422E-3 6.92714E-3 5.82334E-3 6.68775E-3 7.01501E-3 7.06889E-3 7.50431E-3 7.27441E-3 7.9265E-3 8.50835E-3 8.14542E-3 7.51909E-3 8.47724E-3 9.39662E-3 9.29703E-3 9.1973E-3 7.31993E-3 9.31145E-3 9.87024E-3 1.15446E-2 8.66532E-3 8.19923E-3 1.00762E-2 1.16904E-2 1.31771E-2 9.83261E-3 9.66651E-3 1.04067E-2 1.1509E-2 1.01436E-2 1.33501E-2 1.38697E-2 1.88179E-2 2.37989E-2 2.40779E-2 2.14572E-2 2.05101E-2 1.94901E-2 1.477E-2 1.49498E-2 1.12277E-2 1.19389E-2 1.17237E-2 1.31186E-2 1.28949E-2 1.27708E-2 1.25846E-2 1.45115E-2 1.28062E-2 1.49681E-2 2.45002E-2
4.81403E-3 4.61711E-3 4.89385E-3 7.72494E-3 5.16445E-3 5.92052E-3 5.45728E-3 5.24826E-3 4.87965E-3 5.17932E-3 5.84796E-3 6.35605E-3 6.55853E-3 6.21485E-3 7.08685E-3 6.39406E-3 6.71881E-3 6.84342E-3 7.38003E-3 8.24188E-3 8.40713E-3 7.99014E-3 7.96086E-3 9.8666E-3 7.91181E-3 7.72026E-3 7.29626E-3 9.19414E-3 1.04801E-2 1.42772E-2 8.71729E-3 8.41212E-3 1.04355E-2 1.26838E-2 1.26791E-2 1.30379E-2 1.0328E-2 1.53772E-2 9.02086E-3 1.1207E-2 1.56658E-2 1.44896E-2 1.49024E-2 1.75138E-2 1.81815E-2 1.81623E-2 1.81482E-2 1.74522E-2 1.45667E-2 1.81694E-2 1.58916E-2 1.14059E-2 1.2398E-2 1.45919E-2 1.45814E-2 1.16875E-2 1.13051E-2 1.53735E-2 1.41066E-2 1.06454E-2 1.16391E-2
4.7685E-3 4.63366E-3 5.05838E-3 5.73412E-3 5.34255E-3 5.27402E-3 4.83174E-3 4.82922E-3 4.91374E-3 4.92582E-3 5.87195E-3 5.96291E-3 6.03549E-3 6.63969E-3 6.28427E-3 6.45155E-3 7.20852E-3 7.21153E-3 6.78077E-3 6.5675E-3 6.95262E-3 6.74679E-3 7.06522E-3 8.49485E-3 9.31373E-3 8.56623E-3 7.58889E-3 9.31236E-3 9.86488E-3 1.00016E-2 8.28839E-3 9.0586E-3 9.46259E-3 8.87498E-3 9.22326E-3 1.1949E-2 1.34669E-2 9.56896E-3 8.66983E-3 1.08216E-2 1.14543E-2 1.23532E-2 1.10235E-2 1.19125E-2 1.30678E-2 1.38585E-2 1.52354E-2 2.04476E-2 1.5452E-2 1.27304E-2 1.26111E-2 9.85649E-3 1.00292E-2 9.76703E-3 1.08452E-2 1.07763E-2 1.21825E-2 1.1603E-2 1.14014E-2 1.28764E-2 1.09583E-2
5.34143E-3 4.80306E-3 5.74717E-3 7.50962E-3 8.58868E-3 5.74826E-3 7.01749E-3 5.81728E-3 4.83795E-3 5.42333E-3 6.52174E-3 5.44775E-3 6.23477E-3 6.68529E-3 5.8237E-3 7.03979E-3 6.21062E-3 1.06466E-2 8.2899E-3 7.20137E-3 7.59902E-3 7.84537E-3 7.18159E-3 7.31654E-3 6.98534E-3 8.3111E-3 7.62331E-3 9.53019E-3 9.53019E-3 9.23016E-3 9.61061E-3 8.5977E-3 9.12538E-3 9.09846E-3 8.66634E-3 9.90241E-3 1.57593E-2 1.23118E-2 1.01931E-2 1.23947E-2 1.15241E-2 1.12936E-2 1.04169E-2 1.12174E-2 1.13555E-2 1.1451E-2 1.38383E-2 1.38673E-2 1.59272E-2 1.71773E-2 1.09933E-2 1.23242E-2 1.1898E-2 1.09283E-2 1.06925E-2 1.18338E-2 1.20109E-2 1.38617E-2 1.28077E-2 1.25317E-2 1.10202E-2
4.67133E-3 4.99835E-3 7.38607E-3 1.11427E-2 7.84171E-3 5.63053E-3 5.93598E-3 5.13806E-3 6.34056E-3 1.08779E-2 6.54006E-3 7.01037E-3 6.34744E-3 7.76357E-3 6.25507E-3 6.66753E-3 6.34902E-3 8.08863E-3 9.12129E-3 7.33513E-3 8.64168E-3 1.07586E-2 1.00877E-2 7.92967E-3 7.13433E-3 7.40908E-3 8.01145E-3 7.68507E-3 8.09354E-3 8.86985E-3 9.74538E-3 9.57033E-3 8.98142E-3 9.98774E-3 9.17023E-3 8.53723E-3 9.09846E-3 9.32995E-3 1.5103E-2 1.66617E-2 1.63077E-2 9.81678E-3 1.21448E-2 1.49703E-2 1.5969E-2 1.45954E-2 1.39895E-2 1.19231E-2 1.80177E-2 1.86414E-2 1.21495E-2 9.80454E-3 1.02015E-2 1.3122E-2 1.11466E-2 1.20922E-2 1.11735E-2 1.03023E-2 1.04216E-2 1.00989E-2 1.03425E-2
4.78107E-3 5.63102E-3 1.14522E-2 7.36162E-3 4.57527E-3 5.05433E-3 5.65229E-3 5.67974E-3 7.17393E-3 1.00231E-2 7.14965E-3 5.98677E-3 8.22823E-3 1.30179E-2 7.68644E-3 6.3591E-3 6.69512E-3 6.53778E-3 6.94642E-3 6.99499E-3 6.98825E-3 9.46041E-3 1.22429E-2 1.1165E-2 8.64551E-3 8.34648E-3 8.83911E-3 9.00262E-3 7.91194E-3 7.81296E-3 8.29416E-3 8.62362E-3 9.02307E-3 8.24905E-3 9.87244E-3 1.00745E-2 1.0196E-2 9.4333E-3 9.06264E-3 1.11718E-2 1.44728E-2 1.14627E-2 1.78437E-2 1.53965E-2 8.5635E-3 1.01786E-2 1.03182E-2 1.05263E-2 1.75754E-2 2.16965E-2 1.76251E-2 1.07581E-2 7.81783E-3 7.78965E-3 9.37607E-3 8.90844E-3 9.33632E-3 1.01368E-2 1.05921E-2 1.03842E-2 1.05259E-2
4.81963E-3 8.0267E-3 8.40768E-3 4.60048E-3 4.66677E-3 4.99922E-3 5.50546E-3 5.49651E-3 7.18673E-3 5.49948E-3 5.63261E-3 5.80676E-3 6.1943E-3 8.32132E-3 7.84361E-3 8.21209E-3 6.96835E-3 7.39524E-3 6.7507E-3 7.26728E-3 7.52621E-3 7.28817E-3 7.14482E-3 8.42658E-3 8.43816E-3 7.59036E-3 8.11837E-3 8.07414E-3 8.3906E-3 7.79956E-3 8.50019E-3 7.6959E-3 8.49308E-3 8.75966E-3 9.67307E-3 1.00699E-2 9.04662E-3 9.7902E-3 9.12282E-3 9.0638E-3 1.18045E-2 1.33348E-2 1.97782E-2 2.92276E-2 2.16122E-2 7.9758E-3 7.40118E-3 1.02836E-2 1.13935E-2 1.40276E-2 1.3899E-2 1.1032E-2 1.15134E-2 1.395E-2 8.2093E-3 9.1478E-3 9.40116E-3 9.37109E-3 1.09453E-2 1.07759E-2 1.0481E-2
5.70522E-3 7.05293E-3 6.1665E-3 5.99392E-3 6.00462E-3 5.34796E-3 5.47716E-3 6.34772E-3 7.04118E-3 6.81399E-3 6.05133E-3 6.11496E-3 5.68472E-3 7.24113E-3 6.89457E-3 6.85099E-3 6.32459E-3 6.96596E-3 6.59535E-3 6.82056E-3 7.18255E-3 7.98217E-3 7.67615E-3 7.22092E-3 8.25948E-3 7.9789E-3 8.94326E-3 9.10972E-3 9.06398E-3 8.43922E-3 9.3829E-3 7.79442E-3 8.16324E-3 9.34277E-3 9.17416E-3 9.783E-3 1.02602E-2 1.01335E-2 8.32724E-3 8.7238E-3 9.78852E-3 1.07896E-2 1.26964E-2 1.41735E-2 1.56588E-2 2.63769E-2 1.48824E-2 8.81948E-3 1.0816E-2 9.56192E-3 1.54209E-2 1.73805E-2 9.10586E-3 7.59575E-3 7.98391E-3 8.26861E-3 8.86108E-3 8.76211E-3 9.27693E-3 1.00989E-2 9.90135E-3
5.0878E-3 7.91297E-3 5.91356E-3 5.03657E-3 5.03375E-3 5.94836E-3 6.16493E-3 6.31378E-3 6.19287E-3 6.7555E-3 6.03504E-3 6.1721E-3 6.32428E-3 6.17454E-3 6.78547E-3 7.67958E-3 9.49227E-3 8.71177E-3 6.7827E-3 7.49005E-3 7.29229E-3 7.92139E-3 7.27776E-3 8.02647E-3 8.21197E-3 8.43141E-3 9.31601E-3 8.59346E-3 7.55654E-3 8.29051E-3 9.8704E-3 1.13671E-2 8.2197E-3 1.28391E-2 9.49854E-3 1.11894E-2 8.36286E-3 1.08335E-2 1.18782E-2 7.67426E-3 7.97621E-3 8.35985E-3 8.78264E-3 9.91613E-3 1.20624E-2 1.85605E-2 3.0015E-2 1.30075E-2 1.22274E-2 1.07945E-2 1.79616E-2 1.65463E-2 1.54397E-2 1.12479E-2 6.91796E-3 6.89723E-3 7.29364E-3 7.02625E-3 8.42638E-3 7.60112E-3 9.01369E-3
6.88333E-3 8.25691E-3 6.18446E-3 6.86996E-3 5.95147E-3 7.37534E-3 6.91462E-3 6.88142E-3 6.84578E-3 6.17588E-3 6.7879E-3 6.63968E-3 6.70831E-3 6.79325E-3 7.50343E-3 8.07334E-3 1.12388E-2 8.91751E-3 6.95427E-3 6.9423E-3 7.45429E-3 7.4016E-3 7.47158E-3 7.91501E-3 7.72765E-3 1.11654E-2 1.00579E-2 7.58765E-3 8.99674E-3 7.82007E-3 6.68916E-3 7.2377E-3 7.78587E-3 7.6483E-3 8.84835E-3 7.96598E-3 7.59867E-3 1.2311E-2 1.93673E-2 1.14228E-2 7.61833E-3 7.59385E-3 8.75495E-3 1.27535E-2 7.8657E-3 1.0243E-2 1.93195E-2 2.37398E-2 1.01187E-2 1.70659E-2 1.26343E-2 1.31218E-2 1.79022E-2 1.47855E-2 9.96195E-3 7.20838E-3 6.34265E-3 6.84868E-3 8.00583E-3 8.19036E-3 7.12556E-3
6.07647E-3 6.31178E-3 5.67485E-3 5.51866E-3 5.16905E-3 6.61389E-3 7.1351E-3 6.44941E-3 8.5741E-3 7.41542E-3 8.46794E-3 7.76755E-3 6.78183E-3 7.5211E-3 6.52683E-3 6.86932E-3 9.99125E-3 1.05374E-2 8.2162E-3 7.15399E-3 7.37402E-3 7.10781E-3 8.62267E-3 7.94514E-3 7.789E-3 1.19282E-2 1.07368E-2 7.48682E-3 1.41608E-2 1.46573E-2 9.01539E-3 6.2589E-3 1.11881E-2 7.8431E-3 1.14608E-2 7.14762E-3 6.85529E-3 1.18172E-2 1.52351E-2 1.3182E-2 9.2508E-3 7.93244E-3 9.21342E-3 1.64693E-2 1.0619E-2 7.83479E-3 1.17615E-2 1.54282E-2 1.98038E-2 1.03552E-2 1.06545E-2 1.05405E-2 1.6309E-2 2.1765E-2 1.92571E-2 2.14522E-2 9.81336E-3 8.19573E-3 5.80113E-3 9.79711E-3 9.68981E-3
7.62105E-3 5.80365E-3 6.42546E-3 5.56181E-3 4.98585E-3 4.98097E-3 5.67453E-3 6.40381E-3 7.59803E-3 8.50551E-3 1.03602E-2 7.55131E-3 6.18759E-3 6.55096E-3 6.50325E-3 6.51812E-3 9.97728E-3 8.11597E-3 8.94756E-3 9.41699E-3 9.01704E-3 9.11414E-3 7.40083E-3 7.26655E-3 7.52302E-3 1.0843E-2 1.11281E-2 1.21209E-2 1.25186E-2 9.60142E-3 7.93426E-3 6.75405E-3 1.25396E-2 1.42616E-2 1.38833E-2 6.68825E-3 9.27682E-3 1.4587E-2 1.71886E-2 1.62869E-2 1.04159E-2 9.49117E-3 8.09156E-3 1.02888E-2 7.4655E-3 8.38715E-3 6.94329E-3 8.4084E-3 1.4905E-2 7.65146E-3 8.51574E-3 1.54865E-2 1.50746E-2 1.63234E-2 1.847E-2 2.35989E-2 2.02467E-2 2.00041E-2 1.65138E-2 1.03459E-2 1.23901E-2
8.26267E-3 6.49958E-3 5.48514E-3 6.17486E-3 5.57047E-3 5.29063E-3 5.19702E-3 5.82919E-3 5.82719E-3 7.10819E-3 9.22501E-3 9.03717E-3 7.00983E-3 7.33679E-3 6.59428E-3 6.07235E-3 6.49587E-3 8.57027E-3 7.69477E-3 9.30006E-3 1.04418E-2 9.3586E-3 8.07231E-3 9.00963E-3 8.58305E-3 7.76208E-3 1.26835E-2 1.42857E-2 1.36255E-2 1.20822E-2 1.17071E-2 1.19995E-2 1.02761E-2 1.45103E-2 1.8521E-2 8.56099E-3 1.58726E-2 1.87589E-2 1.57196E-2 1.11741E-2 8.24991E-3 8.486E-3 1.34423E-2 1.20219E-2 1.3872E-2 1.08411E-2 7.93988E-3 8.43966E-3 1.33886E-2 2.11848E-2 9.80919E-3 1.11375E-2 9.66612E-3 1.06236E-2 1.26481E-2 1.62392E-2 2.18099E-2 2.23709E-2 1.50863E-2 2.36935E-2 1.76098E-2
7.97642E-3 7.56708E-3 6.66166E-3 6.7633E-3 6.14239E-3 6.02889E-3 6.34857E-3 6.06534E-3 6.32112E-3 5.88887E-3 7.58486E-3 8.89167E-3 7.63328E-3 7.64905E-3 8.78247E-3 7.63552E-3 6.85867E-3 7.14071E-3 7.29786E-3 8.26728E-3 7.6448E-3 8.14297E-3 7.80319E-3 9.52648E-3 9.09014E-3 9.37357E-3 2.03741E-2 1.19408E-2 9.09027E-3 6.8755E-3 8.33538E-3 1.26191E-2 1.37552E-2 1.46245E-2 1.40723E-2 8.03356E-3 1.22446E-2 1.82858E-2 2.37756E-2 1.36669E-2 1.11436E-2 9.1472E-3 1.21897E-2 2.30627E-2 2.46912E-2 1.02328E-2 7.28266E-3 1.23603E-2 1.02308E-2 1.01412E-2 1.46346E-2 1.41035E-2 8.61605E-3 8.24373E-3 1.42646E-2 1.71354E-2 1.62678E-2 1.44208E-2 1.98587E-2 1.75094E-2 3.0057E-2
7.71412E-3 6.05698E-3 6.63883E-3 5.76608E-3 6.47621E-3 6.32421E-3 6.57671E-3 6.48706E-3 5.95505E-3 5.75169E-3 6.40921E-3 8.95031E-3 6.17713E-3 7.4678E-3 9.27595E-3 8.15092E-3 7.12849E-3 8.17166E-3 7.35089E-3 7.59308E-3 7.62049E-3 9.36101E-3 8.82868E-3 8.81357E-3 1.00871E-2 9.09716E-3 1.6652E-2 1.44367E-2 1.31054E-2 6.86373E-3 6.6637E-3 7.11602E-3 9.35414E-3 1.23361E-2 1.33044E-2 7.2327E-3 7.70514E-3 1.23959E-2 1.57726E-2 1.66671E-2 2.15704E-2 1.65801E-2 8.33874E-3 2.11718E-2 2.43021E-2 9.6008E-3 1.58515E-2 2.43528E-2 1.80354E-2 8.98856E-3 6.59009E-3 1.40104E-2 1.37386E-2 7.35208E-3 8.31473E-3 1.02529E-2 1.23536E-2 1.22003E-2 1.25511E-2 1.70302E-2 2.02503E-2
6.22203E-3 6.18621E-3 9.6655E-3 4.93841E-3 6.12395E-3 7.02752E-3 6.40084E-3 6.49492E-3 8.38057E-3 1.02556E-2 6.50518E-3 7.75365E-3 5.91059E-3 6.0485E-3 6.60718E-3 6.72864E-3 6.88861E-3 7.16007E-3 7.59003E-3 8.44888E-3 7.56864E-3 9.67588E-3 6.83824E-3 7.96844E-3 1.17532E-2 1.47872E-2 1.37799E-2 1.31803E-2 1.69262E-2 1.0573E-2 1.07086E-2 7.73815E-3 7.11871E-3 9.30149E-3 1.02305E-2 7.64838E-3 8.41349E-3 6.6574E-3 7.81605E-3 1.31153E-2 1.85991E-2 1.70118E-2 1.17314E-2 7.13635E-3 1.79973E-2 1.81629E-2 3.07666E-2 3.30548E-2 2.30327E-2 1.63944E-2 1.21462E-2 1.38519E-2 1.45987E-2 1.54117E-2 1.45952E-2 7.24168E-3 9.45521E-3 1.03712E-2 1.08511E-2 1.51847E-2 1.47085E-2
6.40035E-3 5.51473E-3 9.86094E-3 5.40078E-3 6.81481E-3 7.57058E-3 7.03717E-3 8.50688E-3 9.16006E-3 7.14263E-3 6.12746E-3 9.04977E-3 6.38626E-3 6.27706E-3 6.77162E-3 7.30098E-3 7.04894E-3 7.26539E-3 8.80291E-3 8.04161E-3 8.01532E-3 1.46842E-2 7.9152E-3 8.37295E-3 8.0731E-3 1.35977E-2 9.66111E-3 1.02583E-2 1.58083E-2 1.5801E-2 1.68881E-2 1.40274E-2 8.65141E-3 1.2443E-2 1.39926E-2 8.98113E-3 7.93013E-3 1.76866E-2 1.042E-2 9.62487E-3 1.08112E-2 2.18486E-2 2.07604E-2 1.05412E-2 6.81025E-3 7.7708E-3 9.25292E-3 1.15772E-2 8.07648E-3 1.04116E-2 1.42009E-2 9.51951E-3 1.26098E-2 2.40321E-2 1.72939E-2 1.56324E-2 1.50947E-2 1.06322E-2 9.94481E-3 1.12681E-2 1.33464E-2
7.46434E-3 5.55959E-3 5.54043E-3 6.1009E-3 6.94304E-3 7.20768E-3 6.40976E-3 7.50073E-3 8.07303E-3 7.8585E-3 8.668E-3 8.0433E-3 1.06922E-2 6.7076E-3 6.36335E-3 6.33438E-3 6.85587E-3 7.91549E-3 8.8413E-3 9.68699E-3 8.77204E-3 1.2295E-2 6.13708E-3 8.33871E-3 1.06046E-2 1.07555E-2 8.05098E-3 1.20702E-2 1.24592E-2 1.25941E-2 1.02284E-2 1.11424E-2 1.24783E-2 1.33262E-2 1.74933E-2 1.14221E-2 6.57075E-3 1.18933E-2 2.43391E-2 1.07065E-2 1.32187E-2 1.66502E-2 9.04713E-3 8.80271E-3 1.99858E-2 1.0447E-2 9.26436E-3 3.31564E-2 2.00066E-2 8.12059E-3 8.76153E-3 1.11996E-2 1.3567E-2 1.153E-2 1.20242E-2 1.1481E-2 1.53939E-2 1.71241E-2 1.53218E-2 1.27833E-2 1.40317E-2
5.61444E-3 6.48757E-3 5.51951E-3 5.47128E-3 6.61034E-3 6.31904E-3 6.7841E-3 7.34054E-3 7.18983E-3 6.48184E-3 7.07332E-3 7.65015E-3 7.20008E-3 6.49143E-3 7.64302E-3 6.32578E-3 7.13318E-3 6.54993E-3 8.00894E-3 8.66652E-3 1.02162E-2 1.73924E-2 8.61214E-3 9.27615E-3 9.65265E-3 9.80359E-3 9.23045E-3 7.38061E-3 1.69717E-2 1.47866E-2 1.52125E-2 1.39406E-2 1.25164E-2 9.64687E-3 1.49463E-2 1.57373E-2 1.10847E-2 8.05293E-3 1.60967E-2 2.68701E-2 1.19067E-2 6.86014E-3 6.9391E-3 1.35294E-2 3.56876E-2 1.50992E-2 1.02653E-2 1.49771E-2 2.85623E-2 1.01585E-2 1.3181E-2 9.17958E-3 1.26033E-2 1.03478E-2 1.21206E-2 1.66001E-2 4.2433E-2 1.55576E-2 1.20803E-2 1.25704E-2 2.78733E-2
