Artocarpus hirsutus SDM files/MIS19/results (with bias file)/Arthir_6.asc
ncols         625
nrows         721
xllcorner     69.99986311115
yllcorner     5.99986187915
cellsize      0.041666667
NODATA_value  -9999
[rows 270 to 296 of 721, columns 305 to 365 of 625]
5.02337E-3 5.55904E-3 5.21844E-3 5.27984E-3 5.21844E-3 5.58427E-3 5.66654E-3 5.945E-3 6.35164E-3 6.74534E-3 6.87731E-3 6.3739E-3 6.38583E-3 6.84712E-3 8.59233E-3 8.33346E-3 7.21214E-3 7.6912E-3 9.05824E-3 1.05964E-2 9.6691E-3 1.04318E-2 9.13689E-3 7.67604E-3 1.03954E-2 7.14408E-3 7.79959E-3 8.57924E-3 1.05438E-2 1.10962E-2 1.36213E-2 6.53727E-3 5.86028E-3 6.03289E-3 8.64472E-3 7.89186E-3 7.45423E-3 7.59751E-3 7.67689E-3 7.69899E-3 7.8104E-3 7.89186E-3 6.56576E-3 6.99737E-3 6.85875E-3 7.11038E-3 6.66236E-3 6.86216E-3 6.73081E-3 6.63435E-3 6.8374E-3 6.17237E-3 6.48413E-3 5.55728E-3 6.61823E-3 5.50807E-3 5.27977E-3 4.97524E-3 5.6153E-3 5.57323E-3 6.10057E-3
4.58927E-3 4.6391E-3 4.74482E-3 4.59148E-3 5.32339E-3 5.69302E-3 5.81674E-3 5.87952E-3 6.03052E-3 6.59043E-3 6.9376E-3 6.60913E-3 8.26072E-3 7.55147E-3 7.43067E-3 7.50999E-3 9.26442E-3 8.06772E-3 7.97951E-3 8.98308E-3 1.08795E-2 1.2426E-2 9.72626E-3 1.05616E-2 6.44052E-3 8.42028E-3 1.32356E-2 1.07564E-2 9.86591E-3 1.34674E-2 1.22035E-2 6.08656E-3 5.87579E-3 7.3325E-3 8.72917E-3 7.8431E-3 8.56325E-3 8.71802E-3 8.83578E-3 7.83287E-3 8.04301E-3 7.26431E-3 7.51888E-3 6.78908E-3 6.72386E-3 7.75658E-3 7.99506E-3 6.29559E-3 6.85595E-3 6.63731E-3 7.34493E-3 6.41283E-3 6.15095E-3 5.74762E-3 6.18881E-3 5.881E-3 6.18862E-3 5.16335E-3 6.35909E-3 5.74081E-3 5.00836E-3
5.06298E-3 4.58516E-3 5.68222E-3 5.53969E-3 6.34332E-3 6.25727E-3 6.0141E-3 6.28376E-3 6.46362E-3 5.97754E-3 6.68721E-3 7.00468E-3 7.05908E-3 7.37354E-3 6.90938E-3 8.65042E-3 8.26532E-3 7.72674E-3 8.43229E-3 7.80632E-3 9.83837E-3 8.79292E-3 1.08286E-2 1.0495E-2 7.74602E-3 9.98509E-3 1.4773E-2 1.3642E-2 6.13479E-3 9.28054E-3 8.46455E-3 5.61737E-3 7.42831E-3 8.93574E-3 8.59149E-3 8.85394E-3 9.00802E-3 9.14611E-3 8.90486E-3 8.72766E-3 8.89503E-3 7.48397E-3 7.35576E-3 6.99402E-3 6.71902E-3 6.67338E-3 1.17879E-2 6.08166E-3 5.97082E-3 6.49751E-3 6.81652E-3 6.65037E-3 6.51751E-3 6.05885E-3 6.39982E-3 5.78628E-3 5.82366E-3 5.70686E-3 5.56621E-3 5.59734E-3 5.26923E-3
4.65415E-3 4.69304E-3 4.26709E-3 5.03589E-3 7.42131E-3 7.51014E-3 8.27675E-3 7.37355E-3 6.76997E-3 5.76803E-3 6.35479E-3 6.77736E-3 6.52486E-3 7.26812E-3 9.55029E-3 9.95466E-3 1.04003E-2 9.43305E-3 9.24904E-3 8.69479E-3 1.06645E-2 8.93702E-3 1.29467E-2 1.005E-2 9.06433E-3 1.12263E-2 1.42359E-2 1.19748E-2 1.03574E-2 8.81952E-3 6.21122E-3 6.81111E-3 8.75306E-3 9.486E-3 9.21553E-3 8.89888E-3 8.93232E-3 8.97395E-3 9.05162E-3 8.4839E-3 8.35515E-3 8.0337E-3 7.62148E-3 7.52025E-3 7.49035E-3 7.43441E-3 7.3766E-3 6.7803E-3 6.93547E-3 6.69944E-3 6.75778E-3 7.02624E-3 6.61346E-3 6.45132E-3 6.49278E-3 6.18479E-3 6.0892E-3 5.92937E-3 5.59373E-3 6.35383E-3 5.90987E-3
2.73602E-3 2.82817E-3 3.21613E-3 3.20007E-3 3.92202E-3 3.85281E-3 4.28936E-3 3.76644E-3 3.57866E-3 6.06441E-3 6.98703E-3 7.17313E-3 6.93839E-3 7.32298E-3 1.00068E-2 1.01846E-2 1.19434E-2 1.09034E-2 8.5756E-3 9.79892E-3 1.34078E-2 1.19619E-2 1.42017E-2 1.51904E-2 1.19181E-2 1.19238E-2 9.52423E-3 7.66533E-3 9.98707E-3 6.6405E-3 6.01322E-3 8.35494E-3 1.02204E-2 1.03646E-2 9.70924E-3 9.75468E-3 9.83924E-3 9.77214E-3 9.64974E-3 8.94364E-3 7.93404E-3 8.26634E-3 7.75799E-3 7.78298E-3 1.11974E-2 1.15048E-2 7.3393E-3 7.95811E-3 7.65316E-3 7.11098E-3 6.8956E-3 7.042E-3 7.12004E-3 6.67086E-3 6.57546E-3 6.29294E-3 6.24269E-3 6.18326E-3 6.35687E-3 6.37786E-3 5.64594E-3
3.8424E-3 4.43556E-3 5.69025E-3 6.59221E-3 7.21185E-3 5.18978E-3 4.27526E-3 4.21946E-3 4.64349E-3 8.98025E-3 1.13439E-2 1.26412E-2 1.13838E-2 1.0993E-2 9.41958E-3 1.28681E-2 1.22758E-2 1.33119E-2 9.77967E-3 1.34193E-2 1.15791E-2 1.19625E-2 9.35274E-3 1.12029E-2 8.16312E-3 6.55298E-3 6.2805E-3 6.60578E-3 6.92058E-3 7.19443E-3 8.25649E-3 9.82069E-3 1.035E-2 1.04174E-2 1.09857E-2 1.12157E-2 1.10133E-2 9.30858E-3 9.94663E-3 9.12606E-3 7.57049E-3 1.11186E-2 1.25779E-2 1.43199E-2 1.26929E-2 8.41728E-3 8.30803E-3 7.7641E-3 8.09817E-3 6.5464E-3 6.51629E-3 7.6752E-3 8.00516E-3 6.84245E-3 6.36604E-3 6.32939E-3 6.39395E-3 6.45675E-3 6.42369E-3 6.15218E-3 6.22884E-3
4.84036E-3 6.14197E-3 6.06827E-3 4.41106E-3 3.86219E-3 4.22734E-3 4.17614E-3 4.78863E-3 6.64938E-3 1.28377E-2 1.00964E-2 7.82556E-3 6.80908E-3 6.83969E-3 6.12229E-3 5.45153E-3 5.15933E-3 5.8319E-3 4.9927E-3 5.48956E-3 5.30452E-3 5.96159E-3 6.10727E-3 6.13502E-3 6.25392E-3 6.90244E-3 7.15904E-3 8.10886E-3 9.64781E-3 9.26431E-3 1.09581E-2 1.14999E-2 1.1146E-2 1.0923E-2 1.30312E-2 1.63069E-2 1.00797E-2 7.70463E-3 8.60802E-3 1.21838E-2 1.31377E-2 1.3408E-2 1.42964E-2 1.18034E-2 9.61305E-3 7.36247E-3 6.54368E-3 5.81394E-3 6.692E-3 7.69731E-3 7.47408E-3 8.36684E-3 7.22313E-3 7.5185E-3 6.87128E-3 7.09883E-3 6.97694E-3 6.39378E-3 5.95104E-3 6.41956E-3 6.87962E-3
5.28914E-3 6.24871E-3 5.99126E-3 4.36801E-3 3.85483E-3 6.53185E-3 4.38278E-3 5.83169E-3 4.72289E-3 5.83776E-3 4.55149E-3 3.92073E-3 4.21859E-3 4.55528E-3 5.39117E-3 6.95126E-3 6.88409E-3 7.0585E-3 8.15125E-3 7.45936E-3 7.51636E-3 8.99917E-3 9.97765E-3 7.76318E-3 9.32127E-3 9.66917E-3 1.03485E-2 9.13946E-3 1.13384E-2 1.09954E-2 1.15101E-2 1.15527E-2 1.20174E-2 1.27531E-2 1.22223E-2 1.15241E-2 7.59544E-3 9.03528E-3 1.20303E-2 1.53867E-2 1.37539E-2 1.11895E-2 1.10158E-2 8.56241E-3 7.44446E-3 5.59741E-3 6.85714E-3 8.96426E-3 9.67177E-3 9.72567E-3 6.9528E-3 7.25206E-3 7.21995E-3 7.07384E-3 7.50794E-3 7.62199E-3 7.1496E-3 6.62475E-3 5.48389E-3 8.66354E-3 8.54598E-3
2.99969E-3 3.09464E-3 3.3508E-3 3.9879E-3 4.46394E-3 5.39222E-3 5.57679E-3 6.62983E-3 8.43858E-3 7.02542E-3 5.22596E-3 7.26173E-3 7.70313E-3 7.87629E-3 9.19093E-3 8.09039E-3 9.00517E-3 7.34009E-3 1.03961E-2 9.71068E-3 1.15032E-2 1.64835E-2 1.21511E-2 8.26906E-3 1.23924E-2 1.05463E-2 1.0106E-2 9.2644E-3 1.17234E-2 1.66934E-2 1.37397E-2 1.27734E-2 1.18912E-2 1.5176E-2 1.38516E-2 9.95983E-3 1.07619E-2 1.1661E-2 1.13782E-2 9.80653E-3 7.57956E-3 7.34916E-3 7.24828E-3 7.19891E-3 7.03235E-3 6.77387E-3 7.88393E-3 9.28745E-3 8.33385E-3 7.54208E-3 6.51174E-3 6.871E-3 7.53093E-3 7.24771E-3 8.29949E-3 6.88725E-3 8.57365E-3 6.85123E-3 5.69776E-3 6.83185E-3 7.084E-3
3.49586E-3 3.63261E-3 4.28E-3 5.11833E-3 6.40181E-3 5.21754E-3 4.78624E-3 6.18521E-3 8.71833E-3 8.90267E-3 6.02205E-3 9.50445E-3 1.16128E-2 1.13617E-2 9.58702E-3 7.1309E-3 1.00134E-2 8.50908E-3 1.14341E-2 8.598E-3 8.7999E-3 9.48353E-3 1.11212E-2 1.19509E-2 1.02881E-2 1.01871E-2 7.30736E-3 9.58818E-3 1.64143E-2 2.02514E-2 1.46303E-2 1.39468E-2 1.36103E-2 1.38603E-2 1.24084E-2 1.00564E-2 9.60473E-3 9.8763E-3 1.07935E-2 9.95015E-3 1.01419E-2 1.08015E-2 9.05343E-3 8.17712E-3 7.99088E-3 8.98572E-3 8.63973E-3 9.22336E-3 1.09408E-2 7.55854E-3 6.65854E-3 8.39598E-3 1.19977E-2 7.11368E-3 1.09958E-2 9.0042E-3 7.45069E-3 6.04441E-3 8.62573E-3 8.59874E-3 9.16901E-3
3.50242E-3 4.39059E-3 5.65955E-3 6.55439E-3 6.91795E-3 6.22605E-3 4.51434E-3 8.35377E-3 1.00388E-2 7.10867E-3 5.88734E-3 6.73122E-3 8.84775E-3 1.16162E-2 7.6922E-3 7.32689E-3 1.21495E-2 1.45959E-2 1.43636E-2 1.19529E-2 1.21854E-2 1.54958E-2 1.39404E-2 9.63149E-3 7.37096E-3 8.36549E-3 7.18092E-3 1.15228E-2 1.40723E-2 1.14858E-2 8.09004E-3 8.46212E-3 9.26095E-3 1.1131E-2 1.10912E-2 1.11833E-2 1.1411E-2 8.87934E-3 1.16703E-2 1.31416E-2 1.24512E-2 1.20598E-2 8.93352E-3 7.899E-3 8.44778E-3 9.60886E-3 9.31073E-3 1.12733E-2 1.19702E-2 8.35545E-3 6.42641E-3 8.18785E-3 9.4716E-3 9.6172E-3 1.17226E-2 1.01818E-2 9.84612E-3 7.9758E-3 9.34443E-3 9.88625E-3 8.35343E-3
4.74975E-3 4.99387E-3 5.86797E-3 6.4551E-3 5.67346E-3 5.4924E-3 4.35823E-3 6.09501E-3 8.40461E-3 8.36816E-3 9.25084E-3 5.9628E-3 5.67088E-3 9.06641E-3 1.14738E-2 8.2857E-3 1.28747E-2 1.02674E-2 1.00433E-2 8.48695E-3 1.03603E-2 9.48089E-3 8.55919E-3 6.82478E-3 7.58623E-3 9.18814E-3 8.5812E-3 1.03058E-2 1.1276E-2 1.00034E-2 9.24791E-3 1.1125E-2 1.40053E-2 1.61147E-2 1.21872E-2 1.42273E-2 1.15762E-2 8.34198E-3 1.07751E-2 1.09744E-2 1.24984E-2 1.25326E-2 8.05236E-3 7.40685E-3 9.16078E-3 1.01509E-2 1.06662E-2 9.93592E-3 1.01681E-2 7.29599E-3 6.2914E-3 9.7067E-3 1.09265E-2 1.03477E-2 1.07306E-2 1.02937E-2 8.57609E-3 7.4665E-3 7.88966E-3 8.22247E-3 7.7399E-3
5.19708E-3 6.06693E-3 6.40783E-3 7.26164E-3 6.24726E-3 6.34038E-3 6.27529E-3 5.78918E-3 9.83581E-3 1.07336E-2 1.11553E-2 1.1121E-2 8.94947E-3 8.41263E-3 8.80068E-3 7.06231E-3 6.80115E-3 7.36938E-3 7.0374E-3 6.87298E-3 6.8504E-3 7.02995E-3 6.91407E-3 8.77598E-3 1.31719E-2 1.23001E-2 9.76672E-3 1.07526E-2 1.10565E-2 1.23532E-2 1.44796E-2 1.49895E-2 1.3858E-2 1.43064E-2 1.23734E-2 1.49073E-2 1.60476E-2 1.27834E-2 1.48481E-2 1.75858E-2 1.13513E-2 7.89657E-3 6.85622E-3 7.68978E-3 1.0457E-2 1.15165E-2 1.17256E-2 1.48633E-2 1.55733E-2 6.89309E-3 7.11378E-3 1.08398E-2 1.10502E-2 1.04085E-2 1.03808E-2 8.1994E-3 7.50087E-3 8.07772E-3 7.43772E-3 8.79319E-3 8.74156E-3
5.02144E-3 5.05482E-3 5.01661E-3 7.41793E-3 6.81732E-3 7.53078E-3 6.01373E-3 6.10614E-3 1.0164E-2 1.12609E-2 1.05268E-2 5.73361E-3 5.05995E-3 4.96668E-3 7.61802E-3 8.6191E-3 8.13102E-3 9.66824E-3 1.08562E-2 1.26743E-2 9.65081E-3 9.92285E-3 9.21058E-3 1.24511E-2 1.74597E-2 1.20828E-2 9.75975E-3 9.57052E-3 9.89727E-3 1.469E-2 1.65303E-2 1.66392E-2 9.11538E-3 1.06346E-2 1.02125E-2 1.25794E-2 9.41407E-3 8.25146E-3 1.13736E-2 1.27517E-2 8.75656E-3 8.42942E-3 9.21477E-3 1.06832E-2 1.21974E-2 1.27057E-2 1.52135E-2 1.27847E-2 7.98883E-3 7.43831E-3 1.03592E-2 1.2006E-2 1.13643E-2 1.13952E-2 9.81284E-3 8.41423E-3 7.79939E-3 7.87544E-3 6.96071E-3 8.8253E-3 8.35115E-3
5.54787E-3 3.04791E-3 3.20878E-3 3.75873E-3 3.68943E-3 4.4426E-3 4.76334E-3 7.14643E-3 8.95433E-3 7.70134E-3 5.17933E-3 6.46592E-3 6.55236E-3 6.51111E-3 8.36909E-3 1.35611E-2 1.24308E-2 1.34458E-2 1.73761E-2 1.69757E-2 1.13965E-2 1.03679E-2 1.17773E-2 1.08343E-2 1.14555E-2 1.08104E-2 9.71581E-3 8.80574E-3 8.99395E-3 9.60667E-3 1.07551E-2 9.65391E-3 7.99456E-3 8.80573E-3 9.588E-3 8.93995E-3 8.50723E-3 1.0137E-2 1.11755E-2 9.92652E-3 1.19633E-2 1.21488E-2 1.44608E-2 1.50807E-2 1.27556E-2 1.0481E-2 1.28195E-2 1.16928E-2 1.00857E-2 8.64195E-3 1.17196E-2 1.12538E-2 1.0396E-2 1.01986E-2 9.33476E-3 8.75109E-3 7.78177E-3 9.02064E-3 7.05423E-3 9.64177E-3 9.80634E-3
5.65192E-3 3.40362E-3 3.76713E-3 4.253E-3 4.39764E-3 5.00984E-3 8.3146E-3 1.08833E-2 1.20717E-2 9.19479E-3 8.41857E-3 7.23452E-3 8.1161E-3 8.93334E-3 6.73448E-3 9.36935E-3 1.08601E-2 1.28883E-2 1.35668E-2 9.47184E-3 7.99898E-3 8.1509E-3 8.63449E-3 8.74932E-3 8.8308E-3 8.99119E-3 8.94654E-3 9.27769E-3 1.10294E-2 9.93205E-3 1.10589E-2 1.00612E-2 8.92948E-3 9.8713E-3 1.01099E-2 1.01769E-2 1.03493E-2 1.01803E-2 1.15243E-2 1.14373E-2 1.15945E-2 9.70147E-3 1.30918E-2 1.20388E-2 1.24321E-2 1.13507E-2 9.06802E-3 9.48593E-3 1.09355E-2 9.06999E-3 1.03137E-2 1.07995E-2 1.09145E-2 9.66781E-3 1.04134E-2 1.02833E-2 9.26298E-3 9.54355E-3 7.23369E-3 8.14797E-3 8.52106E-3
3.50105E-3 3.57255E-3 4.28047E-3 5.17695E-3 5.95641E-3 5.88667E-3 7.99728E-3 9.70266E-3 1.17759E-2 9.96033E-3 7.4291E-3 9.84786E-3 1.10148E-2 7.23136E-3 9.16219E-3 1.13909E-2 1.12264E-2 1.21385E-2 1.03126E-2 9.59042E-3 8.78177E-3 8.21218E-3 8.21627E-3 1.05733E-2 1.0263E-2 1.23515E-2 1.26748E-2 1.24022E-2 1.06749E-2 1.11511E-2 1.22559E-2 1.19498E-2 1.04282E-2 1.02813E-2 1.05707E-2 1.096E-2 1.04687E-2 9.56758E-3 9.34593E-3 9.4184E-3 8.44985E-3 8.5219E-3 8.83657E-3 7.42544E-3 8.72341E-3 9.24135E-3 7.65296E-3 1.15477E-2 1.3119E-2 1.34941E-2 1.02877E-2 1.10921E-2 1.03342E-2 1.20116E-2 1.30447E-2 9.4337E-3 7.10471E-3 9.45297E-3 7.47698E-3 7.66689E-3 9.23613E-3
3.90191E-3 4.19706E-3 5.02154E-3 5.5933E-3 7.28767E-3 7.69015E-3 1.10983E-2 1.13138E-2 1.15369E-2 8.62419E-3 8.50343E-3 1.02466E-2 8.6063E-3 6.9804E-3 1.05934E-2 1.22702E-2 1.30162E-2 1.02759E-2 1.30174E-2 1.28811E-2 1.28241E-2 1.20065E-2 1.35528E-2 1.59407E-2 1.25985E-2 1.3061E-2 1.25598E-2 1.02935E-2 1.21258E-2 1.07557E-2 1.27095E-2 1.29828E-2 1.0649E-2 1.14964E-2 1.143E-2 1.10418E-2 1.14062E-2 1.03285E-2 1.05874E-2 1.09613E-2 1.10361E-2 1.04933E-2 9.05815E-3 9.89401E-3 9.12487E-3 1.20964E-2 1.39819E-2 1.52342E-2 1.29716E-2 1.25192E-2 1.20266E-2 1.27929E-2 1.26925E-2 1.25295E-2 1.11821E-2 1.01612E-2 1.04571E-2 9.13291E-3 9.17321E-3 1.24266E-2 1.0694E-2
4.52309E-3 5.94057E-3 9.57003E-3 9.81577E-3 8.74128E-3 1.06244E-2 1.14933E-2 1.25017E-2 1.37921E-2 1.2253E-2 1.11996E-2 9.48936E-3 7.66527E-3 7.8918E-3 9.87002E-3 1.12555E-2 1.0074E-2 1.3093E-2 1.28157E-2 9.99213E-3 1.22303E-2 1.43675E-2 1.57251E-2 1.25426E-2 1.46912E-2 1.4587E-2 1.36756E-2 1.16068E-2 1.61295E-2 1.06969E-2 1.11944E-2 1.23024E-2 9.63435E-3 1.37173E-2 1.55892E-2 1.09986E-2 1.30673E-2 1.40731E-2 1.28952E-2 1.60087E-2 1.44451E-2 1.07788E-2 1.16422E-2 9.43738E-3 1.19232E-2 1.36242E-2 1.07969E-2 9.74421E-3 1.1262E-2 1.16479E-2 1.11865E-2 1.18677E-2 1.12167E-2 1.21259E-2 1.19147E-2 1.1214E-2 1.27571E-2 1.27992E-2 1.5106E-2 1.38854E-2 1.04524E-2
7.88886E-3 8.70632E-3 1.1198E-2 1.13256E-2 9.77308E-3 8.97328E-3 1.12536E-2 1.05062E-2 1.00069E-2 7.719E-3 6.61948E-3 7.37713E-3 7.69962E-3 1.20827E-2 1.93551E-2 1.31141E-2 1.04791E-2 1.42893E-2 1.61991E-2 1.07188E-2 1.55024E-2 1.47484E-2 1.93845E-2 1.73132E-2 1.36947E-2 1.08679E-2 1.11424E-2 9.75287E-3 1.11085E-2 1.03528E-2 1.47475E-2 1.61718E-2 1.46538E-2 1.08785E-2 1.49731E-2 1.08859E-2 1.1445E-2 1.3543E-2 1.3718E-2 1.41269E-2 1.61797E-2 1.38772E-2 1.66762E-2 1.12793E-2 1.13118E-2 1.0056E-2 1.27249E-2 1.47977E-2 1.40002E-2 1.2288E-2 1.09574E-2 1.16974E-2 1.52295E-2 9.23332E-3 7.76064E-3 7.67675E-3 1.11249E-2 1.15E-2 1.44655E-2 1.20635E-2 1.15401E-2
1.24455E-2 1.24726E-2 1.17312E-2 1.15129E-2 1.1084E-2 1.15242E-2 1.06232E-2 1.04495E-2 1.27518E-2 9.03394E-3 1.02517E-2 9.6542E-3 9.38359E-3 1.16718E-2 1.21632E-2 1.08882E-2 1.61295E-2 1.65037E-2 1.39287E-2 8.65327E-3 1.08148E-2 1.79761E-2 2.07681E-2 1.55708E-2 1.02631E-2 9.38128E-3 9.9761E-3 1.02059E-2 1.42587E-2 1.40364E-2 1.65448E-2 2.13043E-2 1.68209E-2 1.05456E-2 1.03776E-2 1.23796E-2 1.11564E-2 1.16341E-2 1.57576E-2 1.60233E-2 1.63141E-2 1.84904E-2 1.68528E-2 1.43311E-2 1.65323E-2 1.62157E-2 1.56761E-2 1.46346E-2 1.316E-2 1.22942E-2 1.29269E-2 1.40634E-2 1.4983E-2 1.17811E-2 9.04285E-3 7.41036E-3 1.18124E-2 9.5982E-3 7.76124E-3 7.19673E-3 9.18647E-3
7.0528E-3 6.82518E-3 9.29718E-3 1.17185E-2 1.26495E-2 1.40588E-2 1.52104E-2 1.41511E-2 1.65106E-2 1.26727E-2 9.48242E-3 9.60878E-3 1.33272E-2 1.48512E-2 1.91972E-2 1.78769E-2 1.38075E-2 1.24922E-2 8.61841E-3 8.49611E-3 8.68644E-3 1.07502E-2 1.25118E-2 1.03497E-2 1.04998E-2 1.05875E-2 8.65328E-3 1.32748E-2 1.60658E-2 1.75467E-2 2.03111E-2 1.6482E-2 1.24449E-2 9.19825E-3 1.01554E-2 1.49325E-2 1.41926E-2 1.34808E-2 1.50818E-2 1.48024E-2 1.67755E-2 1.45822E-2 1.27063E-2 1.60435E-2 1.8081E-2 1.41772E-2 1.31344E-2 1.16328E-2 1.21658E-2 1.30523E-2 1.31861E-2 1.45936E-2 1.40209E-2 8.52586E-3 8.45798E-3 7.78194E-3 9.79058E-3 6.79198E-3 6.86451E-3 6.76301E-3 7.08044E-3
1.02348E-2 7.61223E-3 8.11647E-3 9.80076E-3 1.07723E-2 1.08749E-2 1.35939E-2 1.23634E-2 1.11126E-2 1.35833E-2 1.25517E-2 1.32508E-2 1.43665E-2 1.34404E-2 1.32193E-2 1.42737E-2 1.16332E-2 1.02551E-2 1.05537E-2 1.52517E-2 1.22706E-2 9.69336E-3 9.84423E-3 9.08425E-3 9.90325E-3 1.13492E-2 1.08581E-2 1.62732E-2 1.44683E-2 1.75494E-2 1.44916E-2 9.57511E-3 7.22434E-3 8.78382E-3 1.30333E-2 1.77416E-2 1.38217E-2 1.2165E-2 1.70005E-2 1.49296E-2 1.12071E-2 1.13129E-2 1.61299E-2 1.49916E-2 8.3558E-3 8.95353E-3 9.46855E-3 1.15046E-2 1.28671E-2 1.31653E-2 1.49201E-2 1.29965E-2 1.00147E-2 9.72551E-3 8.85135E-3 7.63432E-3 7.44077E-3 9.8788E-3 9.61464E-3 8.40775E-3 7.2284E-3
8.62436E-3 7.76941E-3 8.8078E-3 1.0491E-2 1.48943E-2 1.15788E-2 7.632E-3 7.06599E-3 8.09462E-3 6.76014E-3 6.91467E-3 7.04771E-3 7.97163E-3 8.0864E-3 8.23749E-3 8.12188E-3 8.01249E-3 7.58329E-3 8.31459E-3 8.76239E-3 8.20274E-3 8.79379E-3 1.42039E-2 1.24648E-2 1.08544E-2 1.19604E-2 1.42096E-2 1.49394E-2 1.18464E-2 9.04671E-3 7.60727E-3 7.83585E-3 1.1222E-2 1.35865E-2 1.51704E-2 1.56577E-2 1.11887E-2 9.98616E-3 1.06089E-2 1.09822E-2 9.54056E-3 1.21385E-2 1.04565E-2 8.43217E-3 8.92402E-3 8.04545E-3 8.26485E-3 1.1384E-2 1.25929E-2 1.56862E-2 1.0873E-2 8.69688E-3 8.5178E-3 9.29496E-3 9.13165E-3 8.03971E-3 1.14465E-2 1.53364E-2 1.65719E-2 1.94526E-2 1.13898E-2
7.06764E-3 7.93083E-3 1.14096E-2 8.19808E-3 6.95143E-3 7.11445E-3 6.48409E-3 7.58365E-3 6.63136E-3 8.38182E-3 7.9448E-3 1.10768E-2 1.10415E-2 1.20789E-2 1.22528E-2 1.16433E-2 1.09375E-2 1.45821E-2 1.06476E-2 9.19574E-3 8.83993E-3 8.29563E-3 1.12257E-2 1.13717E-2 9.80605E-3 1.25273E-2 1.16634E-2 1.09507E-2 1.78715E-2 9.31801E-3 9.99948E-3 1.01437E-2 1.72397E-2 1.6366E-2 1.68561E-2 1.88235E-2 1.3498E-2 1.30974E-2 1.42199E-2 1.23016E-2 1.21195E-2 1.0763E-2 1.1602E-2 1.41245E-2 1.19208E-2 1.06886E-2 1.04732E-2 1.09466E-2 1.30033E-2 1.21562E-2 9.14834E-3 7.91353E-3 7.72763E-3 8.98236E-3 1.58094E-2 1.143E-2 8.52047E-3 1.13853E-2 1.80996E-2 1.59386E-2 7.79439E-3
7.84201E-3 1.0334E-2 1.35794E-2 1.70321E-2 9.73234E-3 1.23592E-2 1.22844E-2 1.2956E-2 1.37676E-2 1.02393E-2 9.04062E-3 1.12197E-2 1.37638E-2 1.70106E-2 1.38695E-2 1.19876E-2 1.34483E-2 1.77361E-2 1.62181E-2 1.18801E-2 1.2447E-2 8.92602E-3 1.48758E-2 1.11496E-2 1.0018E-2 1.24612E-2 1.78349E-2 1.7324E-2 1.0355E-2 1.00047E-2 9.08903E-3 1.56803E-2 2.15868E-2 1.83766E-2 1.82636E-2 2.32606E-2 1.40579E-2 1.75197E-2 1.75664E-2 2.58775E-2 2.24635E-2 1.04029E-2 9.92221E-3 1.04198E-2 9.34281E-3 9.99048E-3 1.0275E-2 1.89577E-2 1.75691E-2 1.10861E-2 1.03143E-2 1.09106E-2 1.11161E-2 9.46105E-3 9.64507E-3 8.68816E-3 7.738E-3 8.63028E-3 8.71913E-3 8.30139E-3 1.07298E-2
1.35387E-2 9.11935E-3 1.03764E-2 1.39983E-2 9.68928E-3 1.36429E-2 1.11505E-2 1.64819E-2 1.50105E-2 1.13097E-2 1.19113E-2 9.20562E-3 8.71846E-3 7.59356E-3 6.58984E-3 8.54499E-3 7.874E-3 1.11546E-2 8.57327E-3 8.01059E-3 8.6007E-3 8.07683E-3 1.08946E-2 1.18162E-2 9.9863E-3 1.38003E-2 2.07366E-2 9.92333E-3 8.96922E-3 7.27141E-3 9.37132E-3 1.18696E-2 1.11125E-2 1.11943E-2 1.29049E-2 1.22647E-2 1.16462E-2 1.07375E-2 1.38143E-2 2.10103E-2 1.05729E-2 9.9915E-3 1.07497E-2 1.29552E-2 1.23547E-2 1.05222E-2 1.37329E-2 1.38841E-2 1.00689E-2 8.50402E-3 8.24225E-3 8.59765E-3 9.23022E-3 8.728E-3 9.78838E-3 8.38773E-3 1.07013E-2 1.37487E-2 1.14724E-2 1.02939E-2 8.08967E-3
