Artocarpus hirsutus SDM files/MIS19/results (with bias file)/Arthir_3.asc
ncols         625
nrows         721
xllcorner     69.99986311115
yllcorner     5.99986187915
cellsize      0.041666667
NODATA_value  -9999
[rows 216 to 242 of 721, columns 488 to 548 of 625]
1.71501E-3 2.52671E-3 3.22998E-3 2.29768E-3 2.54577E-3 4.01144E-3 3.02549E-3 3.22792E-3 3.50696E-3 4.00181E-3 4.9148E-3 5.96903E-3 7.23652E-3 6.86042E-3 7.32107E-3 6.99719E-3 9.02721E-3 8.72717E-3 9.6818E-3 1.01101E-2 8.49825E-3 8.6116E-3 7.16726E-3 2.54146E-3 2.96375E-3 3.07746E-3 2.45077E-3 2.12992E-3 2.35782E-3 2.84052E-3 2.06011E-3 2.25102E-3 2.13854E-3 2.41396E-3 2.40174E-3 2.70883E-3 3.37811E-3 2.65086E-3 3.12386E-3 4.77694E-3 3.70004E-3 3.42603E-3 5.38787E-3 4.24755E-3 3.61539E-3 3.57584E-3 4.0128E-3 5.85987E-3 6.36757E-3 5.22381E-3 6.09253E-3 8.1003E-3 1.0425E-2 1.14594E-2 1.17238E-2 1.25531E-2 1.17579E-2 1.32112E-2 1.34327E-2 1.35374E-2 1.20244E-2
1.42652E-3 1.57766E-3 2.6467E-3 4.06333E-3 3.03146E-3 2.36653E-3 2.48377E-3 1.78389E-3 1.80716E-3 4.03842E-3 5.84451E-3 6.59759E-3 8.0997E-3 8.29273E-3 7.94608E-3 9.39787E-3 9.49623E-3 8.29231E-3 1.13378E-2 1.0429E-2 8.74861E-3 1.02594E-2 2.16257E-3 3.30212E-3 2.83052E-3 2.70108E-3 2.72916E-3 2.18032E-3 2.19694E-3 3.2456E-3 2.82767E-3 3.15487E-3 2.49998E-3 2.61702E-3 2.50504E-3 3.66057E-3 3.50482E-3 3.30002E-3 3.97984E-3 5.21305E-3 4.94567E-3 4.02029E-3 4.0528E-3 3.65225E-3 3.80387E-3 4.19489E-3 4.31215E-3 5.60204E-3 5.91944E-3 6.32909E-3 6.96377E-3 7.83865E-3 8.76825E-3 9.58897E-3 1.17545E-2 1.1228E-2 1.33863E-2 1.43678E-2 1.41618E-2 1.16944E-2 1.14588E-2
1.81742E-3 2.48956E-3 1.91441E-3 2.49511E-3 3.38753E-3 3.05629E-3 3.3197E-3 2.13074E-3 2.27622E-3 3.96128E-3 6.52705E-3 6.63089E-3 7.86265E-3 8.5532E-3 9.02303E-3 9.45579E-3 9.02184E-3 1.26109E-2 1.12773E-2 1.06709E-2 9.99627E-3 1.00704E-2 9.80832E-3 2.30076E-3 1.953E-3 1.84109E-3 2.07858E-3 2.7726E-3 2.00324E-3 2.34994E-3 3.86575E-3 3.15372E-3 2.9344E-3 3.10633E-3 3.02142E-3 3.87726E-3 3.60597E-3 3.44465E-3 3.43631E-3 3.36222E-3 4.38315E-3 5.916E-3 4.60989E-3 4.50169E-3 4.82429E-3 5.16901E-3 5.57198E-3 5.53966E-3 6.39859E-3 7.44211E-3 7.86095E-3 7.66671E-3 7.82005E-3 8.87048E-3 9.22535E-3 9.39715E-3 9.67349E-3 1.09438E-2 1.49168E-2 1.16913E-2 1.10776E-2
2.65934E-3 3.26391E-3 3.23692E-3 3.49775E-3 4.07245E-3 3.65512E-3 4.30689E-3 3.79283E-3 4.53432E-3 6.14582E-3 4.11859E-3 5.6276E-3 8.22497E-3 9.63557E-3 8.52554E-3 1.00343E-2 1.14906E-2 1.24812E-2 1.32036E-2 1.26474E-2 1.15712E-2 1.14766E-2 1.12716E-2 1.91237E-3 2.69747E-3 1.96887E-3 1.93601E-3 2.35577E-3 2.21592E-3 1.73736E-3 2.64715E-3 4.38845E-3 4.2088E-3 3.87907E-3 4.4652E-3 4.45586E-3 4.10048E-3 4.73092E-3 4.44996E-3 4.41664E-3 4.56386E-3 5.62949E-3 4.90485E-3 5.13609E-3 5.51619E-3 5.6545E-3 6.21622E-3 6.60342E-3 6.71841E-3 7.56806E-3 7.48349E-3 7.81623E-3 8.67123E-3 8.26992E-3 8.9969E-3 9.07923E-3 9.19449E-3 9.48252E-3 1.11067E-2 1.15651E-2 1.02856E-2
3.23671E-3 3.39334E-3 3.7602E-3 4.30295E-3 4.56637E-3 4.12193E-3 2.97196E-3 3.85724E-3 4.93278E-3 4.62212E-3 5.41691E-3 8.10635E-3 9.75434E-3 1.06508E-2 1.0906E-2 1.12571E-2 1.29975E-2 1.24656E-2 1.43335E-2 1.45191E-2 1.28849E-2 1.20317E-2 1.16828E-2 1.57008E-3 1.68749E-2 1.20342E-2 1.35943E-2 2.28471E-3 2.40613E-3 2.63682E-3 2.81317E-3 3.49771E-3 4.66944E-3 4.10175E-3 4.7265E-3 4.74419E-3 4.77378E-3 5.09252E-3 4.99094E-3 4.85822E-3 4.74386E-3 5.74749E-3 5.92184E-3 6.21506E-3 6.2934E-3 6.80231E-3 6.9305E-3 6.85161E-3 6.95597E-3 7.35348E-3 7.2573E-3 7.71195E-3 8.09837E-3 8.24561E-3 8.18462E-3 9.43621E-3 9.47842E-3 1.12083E-2 1.12342E-2 1.10856E-2 1.00536E-2
3.34103E-3 3.70939E-3 3.95322E-3 4.83515E-3 4.89352E-3 4.5197E-3 4.34634E-3 3.59818E-3 4.32757E-3 5.80601E-3 6.0689E-3 7.15999E-3 9.35679E-3 1.08074E-2 1.22597E-2 1.27198E-2 1.59301E-2 1.55898E-2 1.52754E-2 1.65941E-2 1.63837E-2 1.55201E-2 1.30878E-2 1.79817E-2 1.97319E-2 1.46702E-2 1.59053E-2 1.5847E-2 1.77449E-2 1.57406E-2 3.44889E-3 3.77747E-3 3.90087E-3 4.31037E-3 4.44455E-3 4.95567E-3 5.09942E-3 5.54586E-3 5.55825E-3 5.81975E-3 5.90606E-3 5.96979E-3 6.47155E-3 6.56497E-3 6.81231E-3 7.21103E-3 7.2747E-3 7.04714E-3 7.02412E-3 6.9677E-3 7.45557E-3 7.60244E-3 7.97521E-3 7.97679E-3 8.29558E-3 8.20177E-3 9.11199E-3 9.82345E-3 1.01744E-2 9.99989E-3 9.95152E-3
3.5647E-3 3.65761E-3 4.58966E-3 4.97258E-3 5.24405E-3 5.65434E-3 5.64305E-3 6.14363E-3 6.53303E-3 7.45638E-3 8.3217E-3 1.04632E-2 1.20118E-2 1.31574E-2 1.32921E-2 1.4614E-2 1.68616E-2 1.65586E-2 1.52862E-2 1.64381E-2 1.6793E-2 1.69121E-2 1.70354E-2 1.6741E-2 1.84454E-2 1.72217E-2 1.69394E-2 1.68731E-2 1.67974E-2 1.62051E-2 1.58759E-2 1.66186E-2 1.59333E-2 4.6852E-3 5.09141E-3 5.31149E-3 5.44546E-3 6.03553E-3 6.0718E-3 6.16926E-3 6.41257E-3 6.53489E-3 7.07261E-3 7.26494E-3 7.40388E-3 7.38702E-3 7.07864E-3 7.1473E-3 7.18265E-3 6.84588E-3 7.26361E-3 7.66264E-3 7.70813E-3 7.63467E-3 7.92361E-3 7.90209E-3 8.16536E-3 8.40223E-3 9.47554E-3 1.00135E-2 9.93746E-3
3.56091E-3 4.10168E-3 4.90232E-3 5.27688E-3 6.12841E-3 6.37733E-3 7.03801E-3 7.23785E-3 7.97767E-3 8.97612E-3 9.95129E-3 1.08359E-2 1.36598E-2 1.38642E-2 1.41019E-2 1.52498E-2 1.56045E-2 1.70398E-2 1.64356E-2 1.72417E-2 1.66319E-2 1.68005E-2 1.68826E-2 1.69341E-2 1.71861E-2 1.74153E-2 1.74003E-2 1.69475E-2 1.68517E-2 1.66001E-2 1.74531E-2 1.70108E-2 1.63131E-2 1.59559E-2 5.57795E-3 5.64081E-3 5.77954E-3 6.35992E-3 6.49919E-3 6.62779E-3 6.83188E-3 7.27429E-3 7.33362E-3 7.43072E-3 7.51095E-3 7.26426E-3 7.25745E-3 7.25402E-3 6.96301E-3 6.9873E-3 6.98135E-3 6.99973E-3 6.969E-3 6.94763E-3 7.64283E-3 7.92699E-3 8.237E-3 8.17099E-3 8.51359E-3 8.69747E-3 9.61971E-3
4.00463E-3 4.93781E-3 5.62385E-3 6.18185E-3 6.634E-3 6.89744E-3 7.41888E-3 8.44898E-3 8.83446E-3 1.01187E-2 1.10127E-2 1.21773E-2 1.26997E-2 1.3158E-2 1.42918E-2 1.4762E-2 1.50794E-2 1.64965E-2 1.67332E-2 1.78278E-2 1.77347E-2 1.79865E-2 1.72544E-2 1.71019E-2 1.7488E-2 1.75463E-2 1.75137E-2 1.72849E-2 1.81673E-2 1.79415E-2 1.76252E-2 1.73449E-2 5.58206E-3 5.58775E-3 5.89836E-3 6.28372E-3 6.62696E-3 6.76466E-3 6.79132E-3 6.85101E-3 7.4875E-3 7.52734E-3 7.56136E-3 7.60988E-3 7.65534E-3 7.37557E-3 7.40885E-3 7.07659E-3 7.06515E-3 7.06515E-3 7.08771E-3 7.0382E-3 7.00634E-3 6.92929E-3 7.15861E-3 7.18171E-3 7.1587E-3 7.468E-3 8.67079E-3 8.64757E-3 8.62431E-3
5.01051E-3 5.25979E-3 6.07049E-3 6.53386E-3 7.67823E-3 8.11667E-3 8.23539E-3 9.31461E-3 9.80529E-3 1.09198E-2 1.16427E-2 1.25473E-2 1.28378E-2 1.43266E-2 1.4476E-2 1.5472E-2 1.59541E-2 1.75383E-2 1.86105E-2 1.85064E-2 1.89272E-2 1.79888E-2 1.81256E-2 1.77946E-2 1.781E-2 1.92637E-2 1.92212E-2 1.89372E-2 1.87314E-2 1.83999E-2 1.80711E-2 1.7232E-2 5.86655E-3 5.89116E-3 5.98947E-3 6.51307E-3 6.82408E-3 6.91161E-3 7.40515E-3 7.46968E-3 7.47354E-3 7.49624E-3 7.75302E-3 7.76006E-3 7.47298E-3 7.51254E-3 7.19138E-3 7.19627E-3 7.16829E-3 7.15195E-3 6.79325E-3 7.10162E-3 7.13194E-3 6.99855E-3 6.97581E-3 7.26055E-3 7.22629E-3 7.09669E-3 8.4162E-3 8.55114E-3 8.53869E-3
5.55326E-3 6.18218E-3 6.59612E-3 7.62862E-3 8.40648E-3 8.82602E-3 9.85562E-3 1.00628E-2 1.05398E-2 1.17819E-2 1.22112E-2 1.28493E-2 1.43227E-2 1.48042E-2 1.54861E-2 1.60396E-2 1.65913E-2 1.83133E-2 1.93942E-2 1.94094E-2 1.87618E-2 1.88261E-2 1.85014E-2 1.87851E-2 1.86283E-2 1.96653E-2 1.94929E-2 1.96823E-2 1.89298E-2 1.90043E-2 1.97953E-2 1.90634E-2 6.17681E-3 6.11907E-3 6.78074E-3 6.77212E-3 6.80001E-3 7.52451E-3 7.58926E-3 7.63459E-3 7.66695E-3 7.65748E-3 7.59205E-3 7.48181E-3 7.52563E-3 7.5357E-3 7.2217E-3 7.2324E-3 6.90208E-3 6.94746E-3 6.94746E-3 6.86927E-3 6.88356E-3 6.91323E-3 7.15917E-3 7.43637E-3 7.37062E-3 7.3625E-3 7.27684E-3 7.60173E-3 7.87305E-3
6.50072E-3 6.83193E-3 7.22807E-3 8.31574E-3 9.65112E-3 1.05026E-2 1.08144E-2 1.20815E-2 1.23295E-2 1.27524E-2 1.30358E-2 1.42488E-2 1.50344E-2 1.56793E-2 1.61893E-2 1.68998E-2 1.73408E-2 1.76688E-2 1.89254E-2 1.91914E-2 1.92223E-2 1.95107E-2 1.92939E-2 1.90873E-2 2.04322E-2 2.00817E-2 1.97501E-2 1.94434E-2 1.91478E-2 1.99255E-2 1.94192E-2 1.88626E-2 6.43529E-3 6.8863E-3 6.92159E-3 7.08263E-3 7.0538E-3 7.74433E-3 7.99771E-3 7.69418E-3 7.72766E-3 7.5889E-3 7.61673E-3 7.59676E-3 7.60189E-3 7.28323E-3 7.30078E-3 6.95871E-3 6.9736E-3 6.96522E-3 6.98556E-3 6.98938E-3 7.28094E-3 7.23064E-3 7.21957E-3 7.50923E-3 7.47223E-3 7.74639E-3 7.71763E-3 7.98361E-3 7.89907E-3
7.36863E-3 7.92958E-3 8.80245E-3 9.4633E-3 1.07558E-2 1.14304E-2 1.28737E-2 1.32693E-2 1.31164E-2 1.32782E-2 1.38494E-2 1.52097E-2 1.58332E-2 1.66352E-2 1.6894E-2 1.75966E-2 1.77842E-2 1.91696E-2 1.95052E-2 1.93597E-2 1.9821E-2 1.95974E-2 1.95931E-2 2.04112E-2 2.03731E-2 2.03193E-2 1.98951E-2 2.06459E-2 2.04095E-2 1.97607E-2 1.93554E-2 1.87778E-2 7.10782E-3 7.12665E-3 7.12416E-3 7.10846E-3 8.04295E-3 7.95767E-3 7.89602E-3 7.80337E-3 7.85405E-3 7.85405E-3 8.08583E-3 7.374E-3 7.38414E-3 7.39372E-3 7.05355E-3 7.07177E-3 7.08481E-3 7.08635E-3 6.99126E-3 7.2855E-3 7.23873E-3 6.77373E-3 6.72395E-3 6.97629E-3 6.90102E-3 7.15389E-3 7.15389E-3 7.14053E-3 7.0994E-3
9.06414E-3 9.61457E-3 9.3321E-3 1.15489E-2 1.1739E-2 1.31314E-2 1.28443E-2 1.4455E-2 1.40114E-2 1.44293E-2 1.46778E-2 1.60667E-2 1.65732E-2 1.71802E-2 1.74785E-2 1.80354E-2 1.83131E-2 1.96564E-2 1.99083E-2 1.98483E-2 1.96623E-2 1.9949E-2 1.95064E-2 2.07832E-2 2.03063E-2 1.97525E-2 2.10187E-2 2.05169E-2 2.00285E-2 1.93685E-2 1.88498E-2 2.03655E-2 7.74617E-3 7.71553E-3 7.68962E-3 7.47417E-3 7.92377E-3 7.70835E-3 7.82388E-3 7.85187E-3 7.87263E-3 7.86866E-3 7.75128E-3 7.42508E-3 7.42067E-3 6.66606E-3 7.0937E-3 7.10052E-3 7.0992E-3 7.06473E-3 6.55269E-3 6.52064E-3 6.48684E-3 6.74216E-3 6.71459E-3 6.28366E-3 6.2416E-3 6.49369E-3 6.87695E-3 7.18441E-3 7.20562E-3
1.03498E-2 1.0377E-2 9.3169E-3 9.77677E-3 1.26241E-2 1.49231E-2 1.17958E-2 1.35318E-2 1.50467E-2 1.51676E-2 1.5519E-2 1.69523E-2 1.72625E-2 1.75791E-2 1.77715E-2 1.82396E-2 1.95504E-2 1.9835E-2 1.98706E-2 1.97495E-2 1.96673E-2 1.98091E-2 1.94554E-2 2.05953E-2 2.00398E-2 1.96356E-2 2.08197E-2 2.02418E-2 1.94948E-2 1.89574E-2 1.8497E-2 1.95398E-2 7.78924E-3 7.71058E-3 7.63788E-3 7.54767E-3 7.46012E-3 7.79155E-3 7.72169E-3 7.94703E-3 7.96028E-3 7.83465E-3 7.83938E-3 7.8439E-3 7.1798E-3 7.44301E-3 7.10559E-3 7.07682E-3 6.62825E-3 6.60011E-3 6.17788E-3 6.1594E-3 6.08721E-3 6.06432E-3 6.30507E-3 6.27422E-3 6.24827E-3 6.54004E-3 6.52962E-3 6.54004E-3 7.2345E-3
1.06097E-2 8.86559E-3 9.98777E-3 1.01886E-2 1.16953E-2 1.15588E-2 1.32491E-2 1.41365E-2 1.74848E-2 1.58012E-2 1.70218E-2 1.72761E-2 1.76264E-2 1.77684E-2 1.79479E-2 1.83868E-2 1.85898E-2 1.99224E-2 1.98285E-2 1.96604E-2 1.95028E-2 1.95225E-2 2.03363E-2 2.04027E-2 2.01695E-2 1.93389E-2 2.04418E-2 1.97849E-2 1.89078E-2 1.79486E-2 1.7278E-2 1.79058E-2 1.79311E-2 7.80345E-3 7.79638E-3 8.09644E-3 7.90734E-3 7.7391E-3 7.6107E-3 7.62067E-3 7.62834E-3 7.84679E-3 7.84821E-3 7.0546E-3 7.50616E-3 6.97625E-3 6.65252E-3 6.62825E-3 6.21897E-3 6.19934E-3 6.17788E-3 6.14727E-3 5.75505E-3 5.74003E-3 5.72968E-3 5.90521E-3 5.90521E-3 6.5801E-3 6.5604E-3 6.55706E-3 6.55706E-3
1.10989E-2 1.02554E-2 1.12787E-2 1.23494E-2 1.44473E-2 1.4719E-2 1.42667E-2 1.44294E-2 1.54589E-2 1.61855E-2 1.63392E-2 1.74741E-2 1.78803E-2 1.78951E-2 1.81448E-2 1.81022E-2 1.93912E-2 1.94287E-2 1.94118E-2 1.94339E-2 1.91087E-2 1.93522E-2 2.01073E-2 2.0052E-2 1.97621E-2 1.9101E-2 1.85898E-2 1.94868E-2 1.8362E-2 1.74576E-2 1.77099E-2 1.71541E-2 1.70285E-2 8.33574E-3 8.34881E-3 7.9737E-3 7.29916E-3 7.25284E-3 7.17587E-3 7.18491E-3 7.19497E-3 7.65804E-3 7.8523E-3 7.0546E-3 6.71381E-3 6.69833E-3 6.28154E-3 6.26412E-3 6.19519E-3 5.79218E-3 5.77182E-3 5.7575E-3 5.73489E-3 5.72968E-3 5.73229E-3 5.97843E-3 5.90228E-3 6.17775E-3 6.16852E-3 6.65492E-3 6.7591E-3
8.49383E-3 1.07196E-2 1.1715E-2 1.17881E-2 1.21531E-2 1.45109E-2 1.46248E-2 1.70168E-2 1.65282E-2 1.6517E-2 1.65085E-2 1.7607E-2 1.77803E-2 1.77357E-2 1.78023E-2 1.77733E-2 1.9185E-2 1.89882E-2 1.90474E-2 1.89822E-2 1.91142E-2 2.0114E-2 1.98819E-2 1.94749E-2 1.89508E-2 1.99504E-2 1.93852E-2 1.87851E-2 1.7984E-2 1.69014E-2 1.72641E-2 1.66552E-2 1.55173E-2 1.77854E-2 1.63776E-2 7.26877E-3 7.27856E-3 7.26401E-3 7.73304E-3 7.61187E-3 7.60905E-3 7.60918E-3 7.38641E-3 6.71543E-3 6.29911E-3 6.27967E-3 6.26412E-3 6.27779E-3 5.84253E-3 5.75259E-3 5.38582E-3 5.36349E-3 5.35317E-3 5.31796E-3 5.33992E-3 5.59021E-3 5.56442E-3 5.96401E-3 6.29421E-3 6.87758E-3 7.6715E-3
1.20778E-2 1.30053E-2 1.32515E-2 1.26952E-2 1.42896E-2 1.57971E-2 1.54916E-2 1.66568E-2 1.66674E-2 1.65906E-2 1.63093E-2 1.75071E-2 1.73318E-2 1.73942E-2 1.73631E-2 1.74491E-2 1.86201E-2 1.86698E-2 1.87257E-2 1.90746E-2 1.88275E-2 1.89777E-2 1.98841E-2 1.97253E-2 1.90859E-2 1.84599E-2 1.89275E-2 1.80822E-2 1.73694E-2 1.78094E-2 1.58749E-2 1.514E-2 1.52098E-2 2.10033E-2 1.55859E-2 7.21882E-3 7.15718E-3 7.15944E-3 7.58951E-3 9.38353E-3 8.16724E-3 7.13826E-3 6.38584E-3 6.29744E-3 6.27204E-3 6.25589E-3 6.29911E-3 5.84253E-3 5.39585E-3 5.35102E-3 5.28621E-3 5.29504E-3 5.31796E-3 5.3318E-3 5.30947E-3 5.58459E-3 5.6329E-3 5.6252E-3 6.17469E-3 7.71772E-3 1.09881E-2
1.41606E-2 1.40803E-2 1.43882E-2 1.56781E-2 1.61989E-2 1.79244E-2 1.65903E-2 1.71404E-2 1.68059E-2 1.65132E-2 1.63434E-2 1.72766E-2 1.71137E-2 1.70727E-2 1.70204E-2 1.70647E-2 1.70805E-2 1.81455E-2 1.80392E-2 1.83965E-2 1.81783E-2 1.8267E-2 1.93245E-2 1.88887E-2 1.84442E-2 1.83113E-2 1.89734E-2 1.83919E-2 1.74117E-2 1.67732E-2 1.56989E-2 1.48323E-2 1.68905E-2 1.27102E-2 1.33216E-2 1.35156E-2 1.37251E-2 1.47044E-2 1.64173E-2 1.16473E-2 6.64463E-3 6.70746E-3 6.37892E-3 6.32741E-3 5.9023E-3 5.69414E-3 6.16878E-3 5.09346E-3 4.98892E-3 4.99754E-3 5.39316E-3 5.06448E-3 5.37852E-3 5.03161E-3 5.00187E-3 5.55555E-3 5.63035E-3 5.66221E-3 5.69856E-3 7.06203E-3 1.08454E-2
1.4258E-2 1.62202E-2 1.62392E-2 1.60338E-2 1.71302E-2 1.74553E-2 1.7917E-2 1.76694E-2 1.69273E-2 1.65338E-2 1.72153E-2 1.68933E-2 1.66569E-2 1.63372E-2 1.63185E-2 1.74172E-2 1.73789E-2 1.73674E-2 1.7641E-2 1.76212E-2 1.77211E-2 1.78592E-2 1.91964E-2 1.89052E-2 1.84957E-2 1.95726E-2 1.74013E-2 1.85623E-2 1.77143E-2 1.78501E-2 1.54133E-2 1.41248E-2 1.4407E-2 1.37183E-2 1.43209E-2 1.78036E-2 1.59901E-2 7.62769E-3 7.5618E-3 1.2855E-2 1.4785E-2 7.15899E-3 1.18994E-2 5.95256E-3 5.92371E-3 5.33021E-3 5.33021E-3 5.08641E-3 4.97429E-3 5.44877E-3 5.5482E-3 5.56805E-3 5.58134E-3 9.36426E-3 5.05029E-3 5.63035E-3 5.65749E-3 5.28676E-3 6.18605E-3 6.65786E-3 6.87271E-3
1.62444E-2 1.66338E-2 1.67864E-2 1.6982E-2 1.71719E-2 1.71075E-2 1.74557E-2 1.67863E-2 1.68694E-2 1.74577E-2 1.68155E-2 1.64409E-2 1.61798E-2 1.5882E-2 1.57991E-2 1.58376E-2 1.58454E-2 1.72071E-2 1.7255E-2 1.74199E-2 1.75781E-2 1.71601E-2 1.84796E-2 1.83362E-2 1.82763E-2 1.78382E-2 1.73464E-2 1.66211E-2 1.56641E-2 1.58144E-2 1.51138E-2 1.38662E-2 1.51028E-2 1.54449E-2 1.30726E-2 1.23085E-2 1.24699E-2 1.20718E-2 1.23586E-2 1.11629E-2 1.27506E-2 1.26393E-2 1.06774E-2 1.07665E-2 1.08633E-2 6.03164E-3 1.01531E-2 4.83769E-3 1.0128E-2 6.53355E-3 9.97684E-3 7.14532E-3 9.37467E-3 9.06906E-3 9.17049E-3 9.81096E-3 9.5792E-3 9.3862E-3 8.40571E-3 4.19804E-3 4.58757E-3
1.68797E-2 1.70082E-2 1.72026E-2 1.84926E-2 1.9025E-2 1.87633E-2 1.76851E-2 1.66921E-2 1.57952E-2 1.71304E-2 1.63736E-2 1.61289E-2 1.56579E-2 1.52257E-2 1.51529E-2 1.53168E-2 1.53529E-2 1.54148E-2 1.6679E-2 1.66461E-2 1.68414E-2 1.69012E-2 1.76539E-2 1.77049E-2 1.72866E-2 1.71569E-2 1.69039E-2 1.71589E-2 1.76732E-2 1.67288E-2 1.5587E-2 1.95444E-2 1.57897E-2 1.50671E-2 1.44494E-2 1.29858E-2 1.55562E-2 1.21786E-2 1.1622E-2 1.198E-2 1.72131E-2 1.39438E-2 1.38953E-2 1.1466E-2 6.96758E-3 7.27635E-3 1.01233E-2 1.00756E-2 5.65201E-3 7.52489E-3 7.54452E-3 6.69002E-3 5.76624E-3 6.84358E-3 9.0694E-3 9.71715E-3 9.60159E-3 5.38102E-3 5.1938E-3 5.20453E-3 5.56023E-3
1.70262E-2 1.79908E-2 1.74654E-2 1.74509E-2 1.86382E-2 1.97729E-2 1.78537E-2 1.69495E-2 1.59674E-2 1.64461E-2 1.59833E-2 1.54989E-2 1.49792E-2 1.47307E-2 1.46307E-2 1.47743E-2 1.50397E-2 1.47858E-2 1.60565E-2 1.6235E-2 1.62369E-2 1.60025E-2 1.68578E-2 1.69699E-2 1.77263E-2 1.67572E-2 1.68353E-2 1.62173E-2 1.47807E-2 1.55504E-2 1.60887E-2 1.99643E-2 2.43463E-2 2.24761E-2 2.0771E-2 1.9668E-2 1.41606E-2 1.19205E-2 1.53988E-2 1.61065E-2 1.70268E-2 1.7496E-2 6.34753E-3 1.40462E-2 1.18833E-2 1.05223E-2 9.93107E-3 1.34416E-2 5.88494E-3 6.01731E-3 6.76252E-3 6.32639E-3 7.05758E-3 6.84496E-3 9.0335E-3 1.01835E-2 1.05785E-2 5.8456E-3 5.81076E-3 6.20326E-3 1.0335E-2
1.74815E-2 1.80714E-2 1.69757E-2 1.68032E-2 1.47776E-2 1.64903E-2 1.83329E-2 1.66199E-2 1.66631E-2 1.62776E-2 1.55886E-2 1.50015E-2 1.45752E-2 1.51258E-2 1.51964E-2 1.48478E-2 1.45294E-2 1.4358E-2 1.54279E-2 1.57655E-2 1.54962E-2 1.56585E-2 1.65485E-2 1.66049E-2 1.91224E-2 1.85251E-2 1.65051E-2 1.5242E-2 1.54504E-2 1.6055E-2 1.97458E-2 1.88865E-2 1.91705E-2 1.76413E-2 1.89382E-2 1.42692E-2 1.44546E-2 1.51463E-2 1.69836E-2 1.59595E-2 1.55222E-2 1.47114E-2 6.93331E-3 1.53309E-2 1.55253E-2 1.42002E-2 8.03816E-3 7.85398E-3 5.44228E-3 4.01609E-3 5.32939E-3 5.6175E-3 5.7421E-3 1.05997E-2 1.00544E-2 6.26139E-3 6.54268E-3 6.55062E-3 7.2925E-3 1.16695E-2 1.18211E-2
1.83066E-2 1.75889E-2 1.7705E-2 1.50129E-2 1.73015E-2 1.55475E-2 1.72022E-2 1.65271E-2 1.58129E-2 1.55207E-2 1.47492E-2 1.48816E-2 1.46354E-2 1.4667E-2 1.47443E-2 1.51484E-2 1.40567E-2 1.4952E-2 1.51676E-2 1.53167E-2 1.54852E-2 1.53915E-2 1.81021E-2 1.93963E-2 2.43577E-2 2.01468E-2 1.95452E-2 1.64655E-2 1.8829E-2 1.65442E-2 2.26976E-2 1.47248E-2 1.25627E-2 1.09815E-2 1.22472E-2 1.72418E-2 1.77043E-2 1.78891E-2 1.91597E-2 1.77974E-2 7.31073E-3 8.38425E-3 1.62535E-2 8.60568E-3 7.54139E-3 5.62421E-3 4.37679E-3 3.71238E-3 3.04335E-3 2.41869E-3 3.55578E-3 4.79506E-3 5.04377E-3 9.54587E-3 1.14946E-2 1.34702E-2 1.11727E-2 6.94226E-3 1.16207E-2 1.1528E-2 1.33965E-2
1.77229E-2 1.72332E-2 1.38196E-2 1.46269E-2 1.54776E-2 1.61291E-2 1.5963E-2 1.44918E-2 1.62702E-2 1.7297E-2 1.38204E-2 1.48159E-2 1.49435E-2 1.48243E-2 1.64243E-2 1.45362E-2 1.46001E-2 1.5032E-2 1.51831E-2 1.52657E-2 1.52377E-2 1.52952E-2 1.62317E-2 1.75196E-2 2.11334E-2 1.63932E-2 1.95883E-2 1.45644E-2 1.43782E-2 1.16943E-2 1.56544E-2 1.47479E-2 1.45954E-2 1.6362E-2 1.1262E-2 1.48292E-2 1.84688E-2 1.87338E-2 1.79464E-2 6.80785E-3 7.35173E-3 7.26354E-3 7.45562E-3 6.61809E-3 4.3265E-3 3.6254E-3 4.68949E-3 3.83415E-3 3.16736E-3 4.71141E-3 6.2379E-3 6.92036E-3 7.67076E-3 1.60628E-2 9.92972E-3 1.59011E-2 1.26371E-2 1.15684E-2 1.1776E-2 1.24476E-2 1.32108E-2
