Artocarpus hirsutus SDM files/MIS19/results (with bias file)/Arthir_avg.asc
ncols         625
nrows         721
xllcorner     69.99986311115
yllcorner     5.99986187915
cellsize      0.041666667
NODATA_value  -9999
[rows 0 to 26 of 721, columns 488 to 548 of 625]
1.25102E-5 1.34137E-5 1.31674E-5 1.51876E-5 1.60779E-5 1.6206E-5 1.64681E-5 1.44474E-5 1.08468E-5 1.2947E-5 1.44703E-5 1.71522E-5 1.51645E-5 1.14338E-5 1.02282E-5 8.1285E-6 8.19812E-6 7.03016E-6 7.3786E-6 9.47832E-6 8.82243E-6 9.50777E-6 1.00784E-5 8.8444E-6 1.08971E-5 8.72085E-6 9.89616E-6 9.25432E-6 9.68345E-6 1.00852E-5 1.05426E-5 1.0452E-5 1.20953E-5 1.27556E-5 1.37836E-5 1.34502E-5 1.33337E-5 1.23921E-5 1.21248E-5 1.33081E-5 1.43552E-5 1.35677E-5 1.26489E-5 1.16031E-5 1.02548E-5 1.334E-5 1.68444E-5 1.61844E-5 1.56814E-5 1.40935E-5 1.4444E-5 1.3208E-5 1.36672E-5 1.31947E-5 1.42704E-5 1.22036E-5 1.17508E-5 1.12916E-5 1.16183E-5 1.49637E-5 1.59279E-5
1.2909E-5 1.21578E-5 1.28497E-5 1.37297E-5 1.36214E-5 1.61092E-5 1.77864E-5 1.24141E-5 1.25253E-5 1.14933E-5 1.37702E-5 1.62495E-5 1.25506E-5 1.08022E-5 8.55942E-6 8.161E-6 9.02571E-6 7.96595E-6 8.19821E-6 8.44972E-6 8.81868E-6 9.29319E-6 8.7634E-6 9.4416E-6 9.51706E-6 9.33111E-6 9.30571E-6 8.92016E-6 9.44259E-6 8.76573E-6 1.03125E-5 9.95831E-6 1.20086E-5 1.24694E-5 1.11125E-5 1.2081E-5 1.05428E-5 1.04869E-5 1.01862E-5 1.26321E-5 1.38491E-5 1.23265E-5 1.35677E-5 1.28869E-5 1.33246E-5 1.8862E-5 1.67655E-5 1.61024E-5 1.66324E-5 1.61682E-5 1.42285E-5 1.28227E-5 1.33365E-5 1.49056E-5 1.67973E-5 1.42031E-5 1.30246E-5 1.27092E-5 1.4041E-5 1.62184E-5 1.61181E-5
1.52219E-5 1.25685E-5 1.22259E-5 1.15265E-5 1.1133E-5 1.21192E-5 1.20062E-5 1.11099E-5 1.10406E-5 1.10752E-5 1.14057E-5 1.17768E-5 1.05483E-5 1.0919E-5 9.24308E-6 9.45974E-6 8.8305E-6 8.87396E-6 8.86353E-6 9.07102E-6 9.48863E-6 1.15057E-5 1.09841E-5 1.21212E-5 1.3813E-5 1.22829E-5 1.2709E-5 1.22893E-5 1.223E-5 1.1485E-5 1.05149E-5 1.00646E-5 1.03937E-5 9.65411E-6 1.04783E-5 9.74867E-6 1.06306E-5 1.07158E-5 1.00327E-5 1.01759E-5 1.04529E-5 1.21114E-5 1.25866E-5 1.3432E-5 1.48807E-5 1.48814E-5 1.78244E-5 1.66759E-5 1.60612E-5 1.47523E-5 1.50184E-5 1.45844E-5 1.51376E-5 1.60117E-5 1.57652E-5 1.50367E-5 1.61319E-5 1.51017E-5 1.63018E-5 1.62022E-5 1.74578E-5
1.47913E-5 1.11539E-5 1.06488E-5 1.07869E-5 1.06057E-5 1.1235E-5 1.20842E-5 1.1966E-5 1.3587E-5 1.64951E-5 1.59073E-5 1.27568E-5 1.09707E-5 1.12642E-5 1.21016E-5 1.19941E-5 1.12991E-5 1.1025E-5 1.17972E-5 1.32157E-5 1.15379E-5 1.16588E-5 1.39149E-5 1.55464E-5 1.79355E-5 1.48716E-5 1.33946E-5 1.13627E-5 1.11273E-5 1.19247E-5 1.22893E-5 1.36162E-5 1.31432E-5 1.44434E-5 1.28902E-5 1.2878E-5 1.25717E-5 1.21792E-5 1.19789E-5 1.1869E-5 1.12586E-5 1.12029E-5 1.0341E-5 1.14792E-5 1.19994E-5 1.45747E-5 1.67973E-5 1.58779E-5 1.466E-5 1.45286E-5 1.3695E-5 1.49996E-5 1.52548E-5 1.67789E-5 1.66785E-5 1.63667E-5 1.62684E-5 1.63175E-5 1.62992E-5 1.73938E-5 1.71003E-5
1.53151E-5 1.28995E-5 1.18354E-5 1.33192E-5 1.70062E-5 1.66655E-5 1.46774E-5 1.28825E-5 1.47747E-5 1.44675E-5 1.42107E-5 9.79071E-6 8.82239E-6 9.43946E-6 1.35885E-5 1.54803E-5 1.64382E-5 1.533E-5 1.13262E-5 1.07936E-5 1.02051E-5 1.03571E-5 1.3194E-5 1.74996E-5 1.84446E-5 1.06801E-5 1.30659E-5 9.38282E-6 9.6178E-6 9.75172E-6 1.13073E-5 1.33308E-5 1.2855E-5 1.3431E-5 1.33838E-5 1.23725E-5 1.36446E-5 1.41625E-5 1.44279E-5 1.43803E-5 1.5028E-5 1.49496E-5 1.48982E-5 1.45006E-5 1.56995E-5 1.61934E-5 1.35158E-5 1.18767E-5 1.27562E-5 1.28225E-5 1.28843E-5 1.25968E-5 1.26192E-5 1.26802E-5 1.37382E-5 1.36508E-5 1.3564E-5 1.46398E-5 1.47019E-5 1.56341E-5 1.64623E-5
1.44459E-5 1.87968E-5 1.84663E-5 1.8001E-5 2.04542E-5 1.984E-5 2.07766E-5 1.62506E-5 1.19207E-5 1.27987E-5 8.32296E-6 7.05185E-6 7.81021E-6 1.10675E-5 1.46535E-5 1.84661E-5 1.20342E-5 1.0925E-5 9.56683E-6 9.72588E-6 9.1209E-6 1.06711E-5 1.25586E-5 1.56987E-5 1.7765E-5 1.17749E-5 9.39596E-6 9.00695E-6 9.97439E-6 1.03175E-5 1.39836E-5 1.40647E-5 1.13195E-5 1.19714E-5 1.17768E-5 1.19937E-5 1.48045E-5 1.72812E-5 1.39701E-5 1.07311E-5 1.16751E-5 1.44528E-5 1.48968E-5 1.46828E-5 1.61935E-5 1.52355E-5 1.46201E-5 1.53389E-5 1.34303E-5 1.47394E-5 1.42509E-5 1.59814E-5 1.67353E-5 1.59078E-5 1.42991E-5 1.46213E-5 1.40224E-5 1.26285E-5 1.35042E-5 1.4602E-5 1.57104E-5
1.66278E-5 2.01017E-5 2.14659E-5 2.13179E-5 2.08611E-5 1.86057E-5 1.79556E-5 1.63138E-5 1.00874E-5 1.22811E-5 8.50367E-6 8.51855E-6 1.01481E-5 1.23321E-5 1.75089E-5 1.14599E-5 1.02366E-5 9.51817E-6 9.39245E-6 1.01253E-5 1.09287E-5 1.21087E-5 1.23987E-5 1.24543E-5 1.41546E-5 1.28987E-5 1.55406E-5 1.08815E-5 1.14304E-5 1.12185E-5 1.4327E-5 1.16455E-5 1.07438E-5 1.09179E-5 1.12492E-5 1.51779E-5 1.46662E-5 1.44983E-5 1.17907E-5 1.0431E-5 1.13162E-5 1.25449E-5 1.23657E-5 1.12807E-5 1.16361E-5 1.29385E-5 1.59348E-5 1.39831E-5 1.73842E-5 1.99332E-5 1.84713E-5 1.82339E-5 2.03129E-5 2.03749E-5 1.73871E-5 1.63004E-5 1.67951E-5 1.77145E-5 1.65247E-5 1.54055E-5 1.47194E-5
2.03407E-5 1.59733E-5 1.72299E-5 2.10873E-5 1.95527E-5 1.70806E-5 1.16533E-5 1.16964E-5 1.15699E-5 1.19198E-5 1.2002E-5 1.16618E-5 1.41241E-5 1.51815E-5 1.69883E-5 1.09756E-5 8.22182E-6 8.70836E-6 9.13737E-6 1.0409E-5 1.1684E-5 1.12217E-5 1.13719E-5 1.10705E-5 1.05309E-5 1.26007E-5 1.40595E-5 1.22036E-5 1.01943E-5 9.29692E-6 1.0227E-5 1.09935E-5 1.10148E-5 1.19039E-5 1.32903E-5 1.32903E-5 1.30073E-5 1.29842E-5 1.32885E-5 1.06148E-5 1.10926E-5 1.18548E-5 1.22297E-5 1.13707E-5 1.25621E-5 1.35313E-5 1.22884E-5 1.38066E-5 2.05517E-5 2.0534E-5 2.06891E-5 2.0687E-5 1.82919E-5 1.69336E-5 1.37363E-5 1.32576E-5 1.55979E-5 1.52897E-5 1.59423E-5 1.5895E-5 1.55053E-5
2.09482E-5 1.73492E-5 1.39562E-5 1.87672E-5 2.06981E-5 1.33942E-5 1.11804E-5 1.03385E-5 1.19421E-5 1.11033E-5 1.11033E-5 1.18244E-5 1.2521E-5 1.23848E-5 1.46929E-5 1.25567E-5 9.99393E-6 8.4864E-6 9.14756E-6 1.01409E-5 1.15494E-5 1.18908E-5 1.18908E-5 1.15393E-5 1.15406E-5 1.28023E-5 1.30174E-5 1.24695E-5 1.22993E-5 1.13974E-5 1.09023E-5 1.05132E-5 1.06203E-5 1.25866E-5 1.23885E-5 1.33957E-5 1.27886E-5 1.32391E-5 1.38788E-5 1.34493E-5 1.24129E-5 1.27186E-5 1.32677E-5 1.28203E-5 1.39822E-5 1.48573E-5 1.43664E-5 1.62494E-5 1.7018E-5 1.55283E-5 1.53817E-5 1.57974E-5 1.41602E-5 1.42717E-5 1.4477E-5 1.45226E-5 1.48704E-5 1.34147E-5 1.32241E-5 1.47439E-5 1.78302E-5
1.78473E-5 1.67175E-5 1.40459E-5 1.46711E-5 1.74195E-5 1.26831E-5 9.32861E-6 1.10819E-5 1.13475E-5 1.18123E-5 1.12142E-5 1.14818E-5 1.26068E-5 1.13801E-5 1.18466E-5 1.23427E-5 1.12807E-5 1.09065E-5 1.05971E-5 1.08485E-5 1.20371E-5 1.37892E-5 1.43882E-5 1.22144E-5 1.19307E-5 1.55436E-5 1.65716E-5 1.51588E-5 1.2868E-5 1.12404E-5 9.33553E-6 1.05573E-5 1.4377E-5 1.48747E-5 1.6178E-5 1.5397E-5 1.47275E-5 1.72527E-5 1.9458E-5 1.50198E-5 1.17962E-5 1.26335E-5 1.43428E-5 1.4706E-5 1.48332E-5 1.50337E-5 1.17708E-5 1.37127E-5 1.67456E-5 1.78797E-5 1.80409E-5 1.37387E-5 1.44069E-5 1.48278E-5 1.43894E-5 1.43667E-5 1.44587E-5 1.37991E-5 1.32845E-5 1.47439E-5 1.71638E-5
1.40665E-5 1.49226E-5 1.83679E-5 1.35557E-5 1.26448E-5 1.2836E-5 1.14379E-5 1.14716E-5 1.26321E-5 1.33941E-5 1.41786E-5 1.07996E-5 1.12974E-5 1.12974E-5 1.25472E-5 1.22177E-5 1.19653E-5 1.22785E-5 1.23269E-5 1.25103E-5 1.24001E-5 1.40939E-5 1.24033E-5 1.34331E-5 1.3479E-5 1.5774E-5 1.87672E-5 1.74802E-5 1.29688E-5 1.06633E-5 1.04708E-5 1.13626E-5 1.26334E-5 1.46291E-5 1.32104E-5 1.19721E-5 1.2486E-5 1.30623E-5 1.41519E-5 1.31028E-5 1.36195E-5 1.79636E-5 1.63623E-5 1.6455E-5 1.54945E-5 1.25435E-5 1.34644E-5 1.7898E-5 1.81842E-5 1.78751E-5 1.65242E-5 1.76412E-5 1.83844E-5 1.83191E-5 1.96479E-5 1.95343E-5 1.79995E-5 1.94137E-5 1.91504E-5 1.88285E-5 1.94821E-5
2.00333E-5 1.78132E-5 1.62022E-5 1.31736E-5 1.494E-5 1.4855E-5 1.25078E-5 1.33974E-5 1.34707E-5 1.43709E-5 1.37021E-5 1.56825E-5 1.43812E-5 1.33876E-5 1.32444E-5 1.1735E-5 1.15187E-5 1.26471E-5 1.29093E-5 1.29093E-5 1.39186E-5 1.35153E-5 1.35153E-5 1.462E-5 1.40245E-5 1.50737E-5 1.73853E-5 1.89527E-5 1.35818E-5 1.14452E-5 1.15887E-5 1.15342E-5 1.3856E-5 1.28717E-5 1.14149E-5 1.21501E-5 1.31374E-5 1.40679E-5 1.48718E-5 1.55163E-5 1.68149E-5 1.49271E-5 1.43903E-5 1.2776E-5 1.0853E-5 1.36931E-5 1.57148E-5 1.74735E-5 1.75823E-5 1.70876E-5 1.76849E-5 1.89291E-5 1.90626E-5 1.94062E-5 1.81641E-5 1.74279E-5 1.78101E-5 1.93646E-5 1.95035E-5 2.13677E-5 2.15218E-5
2.4566E-5 2.41304E-5 1.50587E-5 1.10457E-5 1.50794E-5 1.84108E-5 1.63338E-5 1.62864E-5 1.24479E-5 1.2036E-5 1.44166E-5 1.56743E-5 1.81095E-5 1.29713E-5 1.22618E-5 1.34947E-5 1.24567E-5 1.2995E-5 1.24641E-5 1.31156E-5 1.22831E-5 1.35553E-5 1.49546E-5 1.64654E-5 1.61511E-5 1.78408E-5 1.85138E-5 1.73178E-5 1.33547E-5 1.01283E-5 1.11215E-5 1.2375E-5 1.23951E-5 1.12942E-5 1.28453E-5 1.26366E-5 1.36082E-5 1.35672E-5 1.55506E-5 1.64319E-5 1.66339E-5 1.51293E-5 1.47218E-5 1.26777E-5 1.28912E-5 1.36812E-5 1.62716E-5 1.68964E-5 1.85824E-5 1.87527E-5 1.76661E-5 1.83231E-5 1.94571E-5 1.85901E-5 1.89291E-5 1.75158E-5 1.63672E-5 1.71843E-5 1.91695E-5 1.98353E-5 1.87717E-5
2.53215E-5 2.05573E-5 1.38837E-5 1.1071E-5 1.42634E-5 1.91924E-5 1.77451E-5 1.57631E-5 1.21756E-5 1.09867E-5 1.42063E-5 1.95883E-5 1.69476E-5 1.44291E-5 1.25975E-5 1.27005E-5 1.1313E-5 1.14933E-5 1.13082E-5 1.28477E-5 1.31896E-5 1.65832E-5 1.73378E-5 1.80097E-5 1.5219E-5 1.34026E-5 1.62897E-5 1.36031E-5 1.33027E-5 1.28008E-5 1.19365E-5 1.17103E-5 1.30419E-5 1.3943E-5 1.41268E-5 1.37232E-5 1.433E-5 1.57162E-5 1.68758E-5 1.91032E-5 2.05675E-5 1.8649E-5 1.73531E-5 1.75981E-5 1.78948E-5 1.63588E-5 1.71671E-5 2.01451E-5 2.02715E-5 2.0444E-5 2.03973E-5 2.02827E-5 1.92824E-5 2.00879E-5 1.78446E-5 1.66129E-5 1.46352E-5 1.76074E-5 1.8686E-5 1.84915E-5 1.61547E-5
2.214E-5 1.99746E-5 1.36812E-5 1.22178E-5 1.43623E-5 1.98847E-5 2.23945E-5 2.03269E-5 1.67141E-5 1.60018E-5 1.35973E-5 1.48971E-5 1.89725E-5 1.36794E-5 1.00557E-5 1.13012E-5 1.12523E-5 1.0928E-5 1.32478E-5 1.40766E-5 1.3926E-5 1.57257E-5 1.57538E-5 1.5219E-5 1.18366E-5 1.0702E-5 1.2242E-5 1.34355E-5 1.46496E-5 1.59788E-5 1.37021E-5 1.38578E-5 1.30616E-5 1.21835E-5 1.27334E-5 1.30486E-5 1.68315E-5 1.93518E-5 1.90413E-5 2.06938E-5 2.13267E-5 2.02272E-5 1.86654E-5 1.9796E-5 1.72412E-5 1.63201E-5 2.04637E-5 2.12466E-5 1.81602E-5 2.02003E-5 1.83748E-5 1.72424E-5 1.95752E-5 1.85865E-5 1.92647E-5 1.85868E-5 1.85185E-5 2.28104E-5 2.30709E-5 2.17614E-5 2.03966E-5
2.49112E-5 1.9201E-5 1.39772E-5 1.16861E-5 1.51357E-5 2.27359E-5 2.03407E-5 2.01952E-5 1.61975E-5 1.45033E-5 1.13772E-5 1.26954E-5 1.44193E-5 1.57388E-5 1.27425E-5 1.33645E-5 1.17104E-5 1.21335E-5 1.31749E-5 1.10197E-5 1.1625E-5 1.25612E-5 1.41213E-5 1.27217E-5 1.20619E-5 1.48099E-5 1.74959E-5 1.61611E-5 1.59861E-5 1.73482E-5 1.77117E-5 1.61684E-5 1.39581E-5 1.41004E-5 1.58326E-5 1.8052E-5 1.73282E-5 1.68562E-5 1.65932E-5 1.72702E-5 1.82315E-5 1.9029E-5 1.71776E-5 1.45556E-5 1.34026E-5 1.56274E-5 1.78149E-5 1.86276E-5 1.47912E-5 1.63995E-5 1.61894E-5 1.54722E-5 1.73684E-5 1.72637E-5 1.63828E-5 1.67958E-5 1.85603E-5 2.33558E-5 2.57089E-5 2.3002E-5 2.19871E-5
1.82496E-5 1.97534E-5 1.28632E-5 1.4021E-5 1.44896E-5 1.59504E-5 1.95781E-5 1.55074E-5 1.38E-5 1.35162E-5 1.36771E-5 1.58024E-5 1.91979E-5 1.76179E-5 1.41847E-5 1.68946E-5 1.22944E-5 1.20978E-5 1.25078E-5 1.17994E-5 1.23553E-5 1.17598E-5 1.18977E-5 1.31568E-5 1.86698E-5 1.81776E-5 1.78923E-5 1.66807E-5 1.65018E-5 1.67309E-5 1.59151E-5 1.35252E-5 1.48677E-5 1.38262E-5 1.38944E-5 1.47994E-5 1.47156E-5 1.59264E-5 1.59173E-5 1.46651E-5 1.66464E-5 1.66142E-5 1.55129E-5 1.56993E-5 1.80867E-5 1.56778E-5 1.56666E-5 1.59389E-5 1.46214E-5 1.45495E-5 1.51366E-5 1.5081E-5 1.58928E-5 1.74721E-5 1.59252E-5 1.65103E-5 1.99272E-5 2.11467E-5 2.14617E-5 2.1162E-5 2.09815E-5
1.59015E-5 1.4884E-5 1.51085E-5 1.50337E-5 1.57578E-5 1.57104E-5 1.53187E-5 1.45176E-5 1.54921E-5 1.56032E-5 1.65418E-5 2.24614E-5 2.04796E-5 1.66154E-5 1.19978E-5 1.38087E-5 1.30708E-5 1.32135E-5 1.33605E-5 1.33521E-5 1.1615E-5 1.13635E-5 1.14223E-5 1.47674E-5 1.80303E-5 1.51936E-5 1.9875E-5 2.08047E-5 1.55782E-5 1.28924E-5 1.27965E-5 1.58554E-5 1.57689E-5 1.11215E-5 1.2289E-5 1.39805E-5 1.54379E-5 1.63611E-5 1.64115E-5 1.66339E-5 1.70618E-5 1.95418E-5 1.81356E-5 2.2833E-5 1.79168E-5 1.75475E-5 1.52972E-5 1.57819E-5 1.62064E-5 1.65112E-5 1.67286E-5 1.78121E-5 1.85841E-5 1.91857E-5 1.92942E-5 2.07009E-5 1.94988E-5 2.06849E-5 2.07655E-5 2.09237E-5 2.16589E-5
1.60897E-5 1.59927E-5 1.62043E-5 1.64488E-5 1.61727E-5 1.82177E-5 2.21096E-5 1.51557E-5 1.414E-5 1.70803E-5 2.35476E-5 2.00207E-5 1.45052E-5 1.37053E-5 1.35834E-5 1.32589E-5 1.29022E-5 1.30484E-5 1.43594E-5 1.34481E-5 1.32093E-5 1.1679E-5 1.21524E-5 1.40494E-5 1.41109E-5 1.63217E-5 2.00922E-5 1.68726E-5 1.35091E-5 1.15387E-5 1.52303E-5 1.94441E-5 1.71629E-5 1.47821E-5 1.60201E-5 1.70492E-5 1.6988E-5 1.70521E-5 1.817E-5 1.86346E-5 1.87591E-5 1.80672E-5 1.64709E-5 1.76602E-5 1.6726E-5 1.66138E-5 1.73382E-5 1.62863E-5 1.66778E-5 1.73037E-5 2.03132E-5 1.82446E-5 1.86374E-5 1.90839E-5 1.71843E-5 1.8019E-5 1.93008E-5 2.20102E-5 2.23862E-5 2.18393E-5 2.13919E-5
1.58458E-5 1.57055E-5 1.64813E-5 1.65306E-5 1.6187E-5 1.72637E-5 1.58181E-5 1.61557E-5 1.41901E-5 1.82714E-5 1.54549E-5 1.38422E-5 1.37599E-5 1.32643E-5 1.57427E-5 1.37681E-5 1.14164E-5 1.26614E-5 1.34855E-5 1.33077E-5 1.41631E-5 1.41631E-5 1.4381E-5 1.48234E-5 1.53908E-5 1.66138E-5 1.61319E-5 1.54744E-5 1.45734E-5 1.36637E-5 1.6603E-5 1.79778E-5 1.48408E-5 1.43978E-5 1.67865E-5 1.67225E-5 1.48341E-5 1.47138E-5 1.49995E-5 1.33492E-5 1.44254E-5 1.68475E-5 1.67436E-5 1.80076E-5 1.78406E-5 1.75646E-5 1.90836E-5 1.66627E-5 1.64289E-5 1.81663E-5 1.86958E-5 1.81128E-5 1.89884E-5 1.99476E-5 1.79758E-5 1.72819E-5 2.02841E-5 2.28389E-5 2.20357E-5 1.86423E-5 1.94692E-5
1.60815E-5 1.59398E-5 1.59398E-5 1.57522E-5 1.67625E-5 1.65632E-5 1.62358E-5 1.63337E-5 1.75976E-5 1.69449E-5 1.6253E-5 1.6184E-5 1.55994E-5 1.72901E-5 1.58763E-5 1.41509E-5 1.23709E-5 1.26639E-5 1.33932E-5 1.43252E-5 1.41612E-5 1.3947E-5 1.4474E-5 1.58277E-5 1.5642E-5 1.52137E-5 1.48969E-5 1.56088E-5 1.41201E-5 1.53057E-5 1.50445E-5 1.76158E-5 1.64583E-5 1.31935E-5 1.56188E-5 1.57148E-5 1.37806E-5 1.40759E-5 1.43605E-5 1.47523E-5 1.58792E-5 1.70992E-5 1.72018E-5 1.78562E-5 1.92643E-5 2.04584E-5 1.92059E-5 1.79104E-5 1.66424E-5 1.78902E-5 1.89511E-5 1.73524E-5 1.73524E-5 1.7545E-5 1.83283E-5 1.8342E-5 2.49705E-5 2.36032E-5 2.1907E-5 2.24278E-5 2.4254E-5
1.58186E-5 1.8878E-5 1.7016E-5 1.84508E-5 1.6279E-5 1.5406E-5 1.77119E-5 1.80093E-5 1.61182E-5 1.81732E-5 1.92553E-5 1.89031E-5 1.65571E-5 1.94926E-5 2.1518E-5 1.60911E-5 1.51022E-5 1.3733E-5 1.43359E-5 1.49417E-5 1.60391E-5 1.51052E-5 1.60304E-5 1.705E-5 1.58981E-5 1.49428E-5 1.55133E-5 1.53791E-5 1.54685E-5 1.52436E-5 1.69633E-5 1.6808E-5 1.7232E-5 1.33373E-5 1.7354E-5 1.5355E-5 1.58533E-5 1.63251E-5 1.60852E-5 1.6997E-5 1.89601E-5 2.1025E-5 2.108E-5 2.00057E-5 2.04003E-5 1.94137E-5 2.15049E-5 2.08288E-5 1.91719E-5 2.01069E-5 2.05039E-5 1.93966E-5 2.10551E-5 2.07419E-5 2.19774E-5 2.31607E-5 2.73165E-5 2.35632E-5 2.0368E-5 2.34376E-5 2.63254E-5
1.69891E-5 2.11379E-5 1.51556E-5 1.60482E-5 1.75223E-5 1.74386E-5 1.65275E-5 1.62508E-5 1.70204E-5 1.76692E-5 1.9795E-5 1.8644E-5 1.86819E-5 2.0805E-5 2.71662E-5 2.23577E-5 1.84851E-5 1.55941E-5 1.3828E-5 1.47574E-5 1.77838E-5 1.62671E-5 1.55203E-5 1.56034E-5 1.5602E-5 1.56737E-5 1.66673E-5 1.68548E-5 1.69891E-5 1.84248E-5 2.13788E-5 1.92658E-5 1.63806E-5 1.62716E-5 2.02931E-5 1.82079E-5 2.18408E-5 1.94682E-5 1.92588E-5 2.03986E-5 2.00471E-5 2.14016E-5 2.17028E-5 2.08324E-5 2.0029E-5 2.15677E-5 2.26662E-5 2.17948E-5 2.17336E-5 2.15394E-5 2.08155E-5 2.39604E-5 2.62244E-5 2.11838E-5 2.26694E-5 2.70088E-5 2.90266E-5 2.6267E-5 1.99628E-5 2.1344E-5 2.37706E-5
1.60013E-5 1.68505E-5 1.40473E-5 1.5784E-5 1.55506E-5 1.55506E-5 1.54273E-5 1.64642E-5 1.89451E-5 1.9893E-5 2.67941E-5 2.23893E-5 1.68412E-5 1.79514E-5 1.92401E-5 1.92401E-5 2.25716E-5 2.11989E-5 1.73333E-5 1.55186E-5 1.51991E-5 1.31998E-5 1.43004E-5 1.59774E-5 1.61463E-5 1.56868E-5 1.65667E-5 1.64702E-5 1.63797E-5 1.72165E-5 1.90023E-5 1.61901E-5 1.37095E-5 1.80548E-5 1.9154E-5 2.60226E-5 2.33323E-5 2.00843E-5 2.21325E-5 2.00958E-5 2.05881E-5 2.18622E-5 1.82094E-5 1.94561E-5 1.95044E-5 2.08417E-5 2.28088E-5 2.30683E-5 2.31203E-5 2.21638E-5 2.37807E-5 2.56528E-5 2.59856E-5 2.56152E-5 2.2886E-5 2.41106E-5 2.35632E-5 2.15617E-5 1.91586E-5 2.27529E-5 2.38688E-5
2.14472E-5 1.55113E-5 1.55113E-5 1.62366E-5 1.51311E-5 1.48734E-5 1.66917E-5 1.67046E-5 1.89167E-5 2.08844E-5 2.10928E-5 2.65269E-5 2.38152E-5 1.74322E-5 1.4527E-5 1.83112E-5 2.33744E-5 2.05088E-5 2.07535E-5 1.94389E-5 1.42896E-5 1.3371E-5 1.70903E-5 1.74597E-5 1.57636E-5 1.34121E-5 1.56034E-5 1.70631E-5 1.55165E-5 1.52685E-5 1.49253E-5 1.5899E-5 1.48982E-5 1.86516E-5 2.15671E-5 2.65419E-5 2.49916E-5 1.92969E-5 1.94784E-5 1.90891E-5 2.06115E-5 2.22873E-5 1.93204E-5 2.2469E-5 1.9426E-5 1.95702E-5 2.22432E-5 2.46794E-5 2.02069E-5 2.2173E-5 2.43925E-5 2.41242E-5 2.52286E-5 2.05184E-5 2.06608E-5 2.15328E-5 2.25229E-5 2.02951E-5 1.87307E-5 2.10143E-5 2.068E-5
2.01775E-5 2.03855E-5 2.16746E-5 1.99729E-5 1.64519E-5 1.40289E-5 1.51769E-5 1.63706E-5 1.92297E-5 1.90997E-5 2.51185E-5 2.0976E-5 2.00218E-5 2.2115E-5 2.20406E-5 2.11358E-5 2.2759E-5 2.56875E-5 2.11737E-5 1.50734E-5 1.45253E-5 1.58886E-5 1.57664E-5 1.50037E-5 1.50451E-5 1.34037E-5 1.85654E-5 1.49115E-5 1.35906E-5 1.48878E-5 1.55727E-5 1.5434E-5 1.64701E-5 1.92859E-5 2.39467E-5 2.92433E-5 2.53494E-5 2.25799E-5 2.02554E-5 2.07433E-5 2.23387E-5 2.5305E-5 2.43531E-5 1.82343E-5 1.66202E-5 1.82073E-5 2.11972E-5 2.3951E-5 2.26334E-5 2.47603E-5 2.49647E-5 2.34423E-5 2.15902E-5 2.1347E-5 2.05699E-5 2.08058E-5 1.95556E-5 1.95951E-5 2.09303E-5 2.12135E-5 2.24076E-5
1.8878E-5 2.38116E-5 2.55838E-5 2.17242E-5 1.81929E-5 1.61931E-5 1.61925E-5 1.43693E-5 1.81061E-5 1.79035E-5 2.17697E-5 2.34671E-5 1.96946E-5 1.85868E-5 2.38776E-5 2.50473E-5 2.62752E-5 2.44205E-5 1.76071E-5 1.2995E-5 1.29499E-5 1.67083E-5 1.62642E-5 1.64898E-5 1.42998E-5 1.49108E-5 1.63739E-5 1.47025E-5 1.41022E-5 1.62912E-5 1.88475E-5 1.70548E-5 1.66803E-5 2.20126E-5 2.58037E-5 2.68331E-5 2.74462E-5 2.73335E-5 2.3348E-5 1.86078E-5 1.89468E-5 2.13639E-5 2.25956E-5 2.13575E-5 2.14539E-5 2.1214E-5 1.8922E-5 2.05837E-5 2.5783E-5 2.94476E-5 2.44024E-5 2.0878E-5 1.8649E-5 1.84356E-5 1.86245E-5 1.96133E-5 2.02258E-5 2.01671E-5 2.26124E-5 2.12671E-5 2.24277E-5
