Artocarpus hirsutus SDM files/MIS19/results (with bias file)/Arthir_6.asc
ncols         625
nrows         721
xllcorner     69.99986311115
yllcorner     5.99986187915
cellsize      0.041666667
NODATA_value  -9999
[rows 0 to 26 of 721, columns 61 to 121 of 625]
5.39191E-4 3.58715E-4 4.18194E-4 4.71358E-4 2.63125E-4 3.41101E-4 2.92911E-4 2.89292E-4 2.40446E-4 2.51016E-4 1.43637E-4 2.21717E-4 1.89375E-4 1.80455E-4 1.59542E-4 1.73228E-4 1.49073E-4 1.18772E-4 1.31148E-4 1.02039E-4 1.18934E-4 1.43379E-4 1.51628E-4 1.35828E-4 1.24293E-4 1.10219E-4 1.13492E-4 1.06528E-4 1.01266E-4 8.55078E-5 9.54208E-5 1.12519E-4 1.13736E-4 9.39105E-5 1.02921E-4 1.1338E-4 1.07819E-4 1.15869E-4 1.28074E-4 1.85296E-4 2.16199E-4 1.93555E-4 2.13232E-4 2.23053E-4 1.7837E-4 1.71654E-4 1.36428E-4 1.61826E-4 1.44906E-4 1.23611E-4 1.14754E-4 1.25086E-4 1.50395E-4 1.61655E-4 1.28575E-4 7.89742E-5 6.8482E-5 1.28757E-4 1.68888E-4 2.25338E-4 1.91892E-4
6.15181E-4 3.57833E-4 5.8973E-4 4.61239E-4 3.52491E-4 3.92738E-4 3.53364E-4 3.42041E-4 2.84122E-4 2.38531E-4 2.22658E-4 2.88189E-4 2.17334E-4 2.39422E-4 1.76606E-4 1.82286E-4 1.71744E-4 1.54794E-4 1.61848E-4 1.2542E-4 1.34395E-4 1.33358E-4 1.33675E-4 1.41243E-4 1.30964E-4 1.39009E-4 1.35672E-4 1.31842E-4 1.08749E-4 9.35575E-5 9.4328E-5 1.56297E-4 1.20382E-4 1.15436E-4 1.30799E-4 1.15311E-4 1.19413E-4 1.29151E-4 1.43783E-4 1.63289E-4 1.97191E-4 2.16234E-4 2.27532E-4 2.69109E-4 2.46721E-4 1.83974E-4 1.68045E-4 1.84203E-4 1.64225E-4 1.17392E-4 1.24502E-4 1.57222E-4 1.47537E-4 1.73495E-4 1.35312E-4 1.31779E-4 1.34508E-4 1.19463E-4 1.52313E-4 1.47842E-4 1.42654E-4
5.78876E-4 5.09752E-4 7.12941E-4 4.69905E-4 4.54248E-4 4.89006E-4 4.15242E-4 4.01104E-4 3.23536E-4 3.62702E-4 2.68854E-4 3.32226E-4 2.70236E-4 2.68171E-4 2.08163E-4 2.35519E-4 2.00968E-4 2.29593E-4 2.08659E-4 1.73045E-4 1.8401E-4 1.4081E-4 1.42104E-4 1.4758E-4 1.46422E-4 1.40255E-4 1.40748E-4 1.36497E-4 1.33404E-4 1.233E-4 1.3157E-4 1.4692E-4 1.46023E-4 1.27533E-4 1.38949E-4 1.37524E-4 1.36694E-4 1.32662E-4 1.50459E-4 1.79797E-4 1.95197E-4 2.57443E-4 2.8575E-4 2.77639E-4 2.75888E-4 2.63905E-4 2.28936E-4 2.16189E-4 1.61548E-4 1.3849E-4 1.70418E-4 2.0339E-4 2.1614E-4 1.88237E-4 2.07892E-4 1.87421E-4 1.44986E-4 1.70548E-4 1.74081E-4 1.79173E-4 2.36712E-4
8.64281E-4 7.76388E-4 8.10053E-4 6.35473E-4 6.41356E-4 5.9046E-4 5.97312E-4 4.86508E-4 4.47342E-4 4.72056E-4 3.37392E-4 3.94588E-4 3.71026E-4 3.03189E-4 2.92847E-4 2.94245E-4 2.43561E-4 2.49547E-4 1.83809E-4 2.25814E-4 2.12233E-4 1.6643E-4 1.87339E-4 1.58221E-4 1.69267E-4 1.66147E-4 1.55159E-4 1.8479E-4 1.84649E-4 1.49169E-4 1.76944E-4 1.60306E-4 1.45418E-4 1.64268E-4 1.49937E-4 1.29268E-4 1.23823E-4 1.29384E-4 1.37862E-4 1.66051E-4 1.70334E-4 1.60813E-4 1.95154E-4 2.29171E-4 2.76092E-4 2.85014E-4 3.12158E-4 2.65917E-4 2.20685E-4 1.8013E-4 2.15481E-4 2.45159E-4 2.49665E-4 2.05515E-4 1.55256E-4 1.47267E-4 1.4783E-4 1.62777E-4 1.84338E-4 2.26815E-4 2.17165E-4
9.77363E-4 9.96795E-4 9.52275E-4 9.11471E-4 8.66567E-4 7.36088E-4 7.56002E-4 5.90702E-4 6.26233E-4 5.10951E-4 4.80549E-4 4.78474E-4 4.27531E-4 3.67443E-4 3.63329E-4 3.48746E-4 3.28194E-4 3.15009E-4 3.20157E-4 2.71402E-4 2.94926E-4 2.39312E-4 1.99113E-4 2.0702E-4 2.25302E-4 2.35392E-4 2.44754E-4 2.32406E-4 2.01516E-4 1.88248E-4 1.83764E-4 1.89956E-4 1.86432E-4 1.75179E-4 1.4607E-4 1.46929E-4 1.38398E-4 1.49337E-4 1.3786E-4 1.50262E-4 1.31509E-4 1.41447E-4 1.55259E-4 1.67101E-4 2.11139E-4 2.38627E-4 2.79056E-4 3.21761E-4 2.92137E-4 2.3933E-4 2.76991E-4 3.08096E-4 2.88776E-4 2.14024E-4 1.86728E-4 1.54509E-4 1.16243E-4 1.57019E-4 2.60625E-4 2.79135E-4 3.20274E-4
1.82219E-3 1.06227E-3 1.08397E-3 1.02047E-3 1.0481E-3 9.67796E-4 9.4009E-4 7.62609E-4 7.51978E-4 7.0584E-4 6.4108E-4 6.68428E-4 4.52953E-4 4.68593E-4 4.89016E-4 4.33049E-4 4.44191E-4 5.07462E-4 4.58845E-4 5.18503E-4 3.29112E-4 3.47154E-4 3.94655E-4 3.35467E-4 2.96655E-4 2.94303E-4 2.65043E-4 2.42079E-4 2.08224E-4 2.07147E-4 1.97608E-4 1.87645E-4 1.96217E-4 1.91197E-4 1.76806E-4 1.66808E-4 1.52295E-4 1.52516E-4 1.42871E-4 1.41373E-4 1.63682E-4 1.67473E-4 1.57188E-4 1.63494E-4 1.77981E-4 2.04003E-4 2.37582E-4 2.97205E-4 3.64992E-4 3.32516E-4 3.18342E-4 2.74225E-4 3.12997E-4 2.37261E-4 2.54579E-4 2.44575E-4 2.12125E-4 3.12754E-4 3.5165E-4 3.40964E-4 3.73439E-4
2.56226E-3 2.06973E-3 2.35407E-3 1.59079E-3 1.37109E-3 2.08485E-3 1.53488E-3 1.19314E-3 8.26832E-4 1.02553E-3 8.44774E-4 1.02569E-3 7.50313E-4 7.7525E-4 6.81336E-4 7.89788E-4 7.09961E-4 7.73411E-4 6.4411E-4 5.43102E-4 4.09233E-4 3.63348E-4 4.48279E-4 3.64845E-4 3.70881E-4 4.03625E-4 3.3664E-4 2.78105E-4 2.46282E-4 2.16355E-4 2.37129E-4 2.42783E-4 2.16878E-4 2.05018E-4 2.03239E-4 1.77695E-4 1.63106E-4 1.53832E-4 1.51491E-4 1.57342E-4 1.63986E-4 1.66718E-4 1.95009E-4 2.08199E-4 2.08761E-4 2.28045E-4 2.19577E-4 2.86464E-4 3.74118E-4 4.07775E-4 3.6002E-4 3.14018E-4 3.20266E-4 2.8052E-4 3.31886E-4 4.28981E-4 3.07379E-4 3.39904E-4 4.42299E-4 4.22229E-4 2.82233E-4
3.62207E-3 3.02097E-3 2.66116E-3 2.72857E-3 2.91024E-3 2.8307E-3 1.90995E-3 1.86177E-3 1.93192E-3 2.0055E-3 1.8465E-3 1.02345E-3 1.09585E-3 1.09177E-3 9.43445E-4 9.82949E-4 9.77403E-4 9.20279E-4 7.03563E-4 6.4663E-4 4.55885E-4 4.86916E-4 5.02882E-4 3.98677E-4 5.57239E-4 4.84759E-4 3.60051E-4 2.78617E-4 2.76016E-4 2.74822E-4 2.849E-4 2.77845E-4 2.83735E-4 2.84854E-4 2.13778E-4 1.84445E-4 1.64037E-4 1.83031E-4 1.60156E-4 1.66175E-4 1.48684E-4 1.86422E-4 1.90834E-4 2.03656E-4 2.11728E-4 1.8815E-4 2.32383E-4 3.43502E-4 4.04563E-4 4.67785E-4 3.95505E-4 3.30034E-4 3.40212E-4 3.47061E-4 4.36214E-4 3.68807E-4 4.42989E-4 4.64627E-4 6.51206E-4 4.94649E-4 3.15753E-4
4.52652E-3 4.39289E-3 3.54949E-3 2.93794E-3 3.08004E-3 3.03544E-3 3.33367E-3 2.94132E-3 1.90649E-3 2.63606E-3 1.22071E-3 1.55649E-3 1.41734E-3 1.34775E-3 1.29276E-3 1.46088E-3 1.13876E-3 9.39866E-4 9.67497E-4 1.07375E-3 8.98245E-4 4.8488E-4 6.70642E-4 6.14556E-4 7.01043E-4 5.5372E-4 3.58199E-4 3.55719E-4 4.42319E-4 4.02985E-4 3.80648E-4 4.03021E-4 3.6079E-4 3.20423E-4 2.12587E-4 2.03209E-4 2.01581E-4 1.78119E-4 1.82333E-4 1.79007E-4 1.94226E-4 1.73632E-4 2.04408E-4 2.40077E-4 2.08746E-4 2.14803E-4 3.73139E-4 4.19988E-4 4.39886E-4 5.04819E-4 4.20813E-4 2.78569E-4 3.5519E-4 3.27325E-4 4.11495E-4 3.71321E-4 5.03576E-4 4.83163E-4 8.61571E-4 4.38044E-4 6.45283E-4
4.91651E-3 5.7805E-3 5.43929E-3 3.21413E-3 3.97688E-3 3.36373E-3 3.90611E-3 4.2459E-3 3.57845E-3 1.90574E-3 1.93813E-3 1.71608E-3 1.82163E-3 1.71477E-3 1.46257E-3 1.66629E-3 1.28183E-3 1.36786E-3 1.1641E-3 1.39588E-3 1.16981E-3 8.69656E-4 7.64292E-4 9.4667E-4 7.65841E-4 5.15165E-4 4.31243E-4 5.41227E-4 4.97531E-4 5.21988E-4 4.34543E-4 4.41639E-4 3.68936E-4 2.64109E-4 2.57896E-4 2.69501E-4 2.73928E-4 2.13371E-4 2.10067E-4 1.95732E-4 2.17715E-4 2.20761E-4 2.65065E-4 2.32889E-4 2.45429E-4 3.37258E-4 4.00109E-4 3.40565E-4 5.05648E-4 5.8599E-4 4.19313E-4 3.36712E-4 3.71524E-4 4.31085E-4 5.42642E-4 6.31031E-4 7.36381E-4 4.72141E-4 7.51332E-4 6.12899E-4 6.34503E-4
4.79289E-3 5.7452E-3 7.29551E-3 4.05705E-3 4.1734E-3 3.77192E-3 3.78681E-3 4.23416E-3 4.23923E-3 2.26835E-3 3.08631E-3 2.41977E-3 2.8876E-3 2.50383E-3 1.58484E-3 1.73486E-3 1.98332E-3 1.3316E-3 1.15918E-3 1.54952E-3 1.69518E-3 1.50243E-3 1.0095E-3 1.03791E-3 8.95663E-4 6.51076E-4 8.9434E-4 7.04961E-4 5.55036E-4 7.07712E-4 6.33149E-4 4.90909E-4 3.42519E-4 3.36115E-4 4.21723E-4 3.67393E-4 2.74712E-4 2.77523E-4 2.95719E-4 2.55312E-4 2.29914E-4 2.77039E-4 2.60862E-4 3.07119E-4 3.47034E-4 4.56024E-4 4.72053E-4 4.68689E-4 6.93414E-4 7.32094E-4 5.0927E-4 4.45611E-4 5.00886E-4 5.14218E-4 6.82819E-4 8.96544E-4 6.1155E-4 7.46967E-4 6.24586E-4 8.10962E-4 6.49255E-4
5.41927E-3 5.76799E-3 7.6943E-3 5.28233E-3 5.79518E-3 5.48566E-3 4.76205E-3 4.79597E-3 3.23941E-3 3.55191E-3 3.44543E-3 3.30198E-3 3.00726E-3 3.4219E-3 2.15879E-3 1.90427E-3 2.60986E-3 2.15139E-3 1.3453E-3 1.94135E-3 1.79809E-3 1.67136E-3 1.58486E-3 1.1222E-3 1.26291E-3 7.58163E-4 9.40638E-4 1.03222E-3 7.16434E-4 8.0722E-4 6.02235E-4 4.49604E-4 4.50636E-4 4.46594E-4 5.31424E-4 3.58653E-4 2.88849E-4 4.35411E-4 3.44692E-4 2.38733E-4 2.28323E-4 3.54517E-4 2.46131E-4 3.04836E-4 4.31764E-4 5.4804E-4 6.82557E-4 7.33599E-4 9.72766E-4 8.19874E-4 5.32693E-4 5.56676E-4 5.84906E-4 6.69731E-4 7.71623E-4 9.06889E-4 1.0784E-3 1.01605E-3 8.3011E-4 1.17068E-3 7.65807E-4
6.79661E-3 7.05098E-3 7.85798E-3 7.14434E-3 5.7909E-3 5.86789E-3 6.79314E-3 5.57615E-3 5.43211E-3 4.28877E-3 3.71868E-3 3.83304E-3 4.35298E-3 3.88039E-3 3.17616E-3 2.41224E-3 3.84632E-3 2.78972E-3 2.03832E-3 2.00198E-3 1.70358E-3 1.75832E-3 1.93281E-3 1.49971E-3 1.216E-3 1.15805E-3 1.14735E-3 9.45227E-4 8.27614E-4 8.28141E-4 5.88668E-4 6.56077E-4 6.22557E-4 5.29255E-4 5.2665E-4 3.60536E-4 4.28618E-4 5.26779E-4 3.37089E-4 3.12791E-4 4.10284E-4 5.44203E-4 3.598E-4 4.11544E-4 6.37598E-4 8.14433E-4 9.38741E-4 7.48484E-4 9.13965E-4 8.81527E-4 6.73707E-4 9.54024E-4 7.26771E-4 8.24086E-4 9.58442E-4 9.39179E-4 1.07003E-3 1.22191E-3 1.35481E-3 1.16702E-3 1.09358E-3
1.39129E-2 8.116E-3 9.42685E-3 8.73113E-3 5.82958E-3 6.61805E-3 7.69876E-3 7.74442E-3 6.82885E-3 6.28401E-3 4.25545E-3 4.58719E-3 5.14272E-3 5.53797E-3 3.73565E-3 3.38565E-3 4.06012E-3 3.09865E-3 2.82964E-3 3.19346E-3 1.98093E-3 1.80779E-3 2.38797E-3 2.09327E-3 1.99046E-3 1.37345E-3 1.27159E-3 1.44824E-3 1.18518E-3 1.27583E-3 1.04898E-3 7.78913E-4 6.69966E-4 6.47007E-4 5.32366E-4 4.7276E-4 5.98955E-4 6.75973E-4 4.23054E-4 5.15868E-4 6.10263E-4 6.4884E-4 5.36207E-4 5.68941E-4 9.11586E-4 9.81293E-4 9.40563E-4 7.09302E-4 8.09153E-4 6.77827E-4 7.00459E-4 1.16195E-3 1.3851E-3 1.00362E-3 8.30626E-4 1.08598E-3 1.38705E-3 1.34866E-3 1.60863E-3 1.40254E-3 1.44853E-3
1.45452E-2 9.76863E-3 9.36619E-3 8.80889E-3 5.86969E-3 1.00995E-2 1.39855E-2 1.37342E-2 1.36633E-2 8.94275E-3 9.56878E-3 1.03435E-2 8.19569E-3 6.28753E-3 8.71805E-3 5.89967E-3 3.92967E-3 4.00646E-3 4.38901E-3 3.32945E-3 2.4011E-3 2.4157E-3 1.84604E-3 2.485E-3 2.48456E-3 1.60624E-3 9.70918E-4 1.58969E-3 1.75501E-3 1.57818E-3 1.17044E-3 9.60252E-4 1.00126E-3 9.41357E-4 8.89832E-4 6.28281E-4 6.02142E-4 5.88614E-4 5.58962E-4 6.55282E-4 8.17381E-4 6.40155E-4 6.38108E-4 6.65996E-4 1.09303E-3 9.12447E-4 6.65848E-4 9.81163E-4 1.28272E-3 7.82651E-4 7.60069E-4 1.29566E-3 2.13978E-3 1.68957E-3 1.01909E-3 1.18533E-3 2.03684E-3 2.05462E-3 1.59806E-3 1.77075E-3 1.76894E-3
8.37555E-3 1.17756E-2 8.76765E-3 5.2068E-3 6.10448E-3 9.87566E-3 6.61055E-3 1.04438E-2 1.26714E-2 7.84676E-3 8.54016E-3 1.11864E-2 1.0979E-2 1.04317E-2 1.17765E-2 6.93675E-3 3.54603E-3 3.53234E-3 3.86615E-3 4.04048E-3 2.97981E-3 3.30585E-3 2.33824E-3 2.2475E-3 2.75388E-3 1.96247E-3 1.42557E-3 1.68626E-3 2.18779E-3 1.68534E-3 1.25162E-3 7.53819E-4 1.08409E-3 1.22162E-3 1.07582E-3 9.31592E-4 9.31384E-4 9.2727E-4 7.49001E-4 8.23369E-4 7.3482E-4 1.02846E-3 9.01999E-4 9.0819E-4 8.97351E-4 7.88094E-4 6.25121E-4 1.04222E-3 1.4424E-3 8.70368E-4 1.60581E-3 1.22836E-3 2.50382E-3 3.02749E-3 2.20312E-3 1.49214E-3 1.71762E-3 1.58681E-3 1.26063E-3 1.3709E-3 1.54653E-3
8.91964E-3 1.35964E-2 8.78063E-3 8.58054E-3 8.6279E-3 4.50191E-3 5.9112E-3 8.68423E-3 1.02513E-2 9.72103E-3 7.36549E-3 1.2029E-2 1.12474E-2 1.31356E-2 1.33888E-2 8.98301E-3 3.96662E-3 3.19228E-3 3.44261E-3 3.1779E-3 2.63372E-3 2.75382E-3 2.34926E-3 2.15056E-3 2.64357E-3 2.38006E-3 2.2577E-3 2.30693E-3 2.41833E-3 1.59509E-3 9.21959E-4 1.10198E-3 1.23728E-3 1.59534E-3 1.13512E-3 1.10044E-3 1.01869E-3 1.2116E-3 6.53947E-4 1.09859E-3 1.01078E-3 1.31581E-3 8.58468E-4 1.01738E-3 1.19075E-3 1.04964E-3 8.57486E-4 1.2165E-3 1.51942E-3 9.6956E-4 1.53794E-3 1.58753E-3 3.11171E-3 3.35434E-3 3.01192E-3 1.51767E-3 1.65481E-3 2.43675E-3 2.00167E-3 2.10076E-3 1.51354E-3
7.34863E-3 1.83076E-2 1.5372E-2 1.09094E-2 7.40568E-3 4.97661E-3 9.5209E-3 1.31733E-2 1.54829E-2 1.0724E-2 7.15727E-3 9.14365E-3 1.11645E-2 1.21355E-2 1.30288E-2 8.88632E-3 5.27597E-3 4.21118E-3 3.74009E-3 3.70925E-3 2.14737E-3 1.99553E-3 2.0634E-3 2.28667E-3 1.92705E-3 2.06722E-3 1.88463E-3 2.46304E-3 2.67598E-3 1.71184E-3 1.31716E-3 9.00985E-4 1.86841E-3 1.38679E-3 9.15914E-4 1.4699E-3 1.58706E-3 1.09057E-3 6.10449E-4 1.04451E-3 1.61305E-3 1.35597E-3 7.95946E-4 1.04226E-3 8.99189E-4 1.17677E-3 1.38015E-3 1.09518E-3 1.4941E-3 1.32925E-3 1.06809E-3 1.741E-3 3.6434E-3 3.93719E-3 4.16921E-3 1.7714E-3 2.24719E-3 2.44299E-3 3.79848E-3 2.10742E-3 3.10251E-3
1.52542E-2 1.5592E-2 1.98504E-2 1.45832E-2 1.03224E-2 6.76922E-3 1.08894E-2 8.30459E-3 8.30572E-3 9.05632E-3 1.11389E-2 7.3489E-3 1.36764E-2 1.78204E-2 1.58123E-2 1.4421E-2 6.50249E-3 5.36776E-3 5.02039E-3 3.81093E-3 4.01091E-3 3.03104E-3 3.00776E-3 3.01841E-3 2.07058E-3 1.96768E-3 2.00287E-3 2.00609E-3 3.00184E-3 2.14475E-3 2.31038E-3 1.36805E-3 2.05856E-3 1.78594E-3 1.13487E-3 1.98758E-3 1.65916E-3 1.02414E-3 1.22461E-3 7.18634E-4 1.58049E-3 1.84607E-3 7.91543E-4 1.1933E-3 1.19127E-3 1.29966E-3 1.15348E-3 9.09688E-4 5.49207E-4 6.96142E-4 1.41728E-3 3.66839E-3 3.58059E-3 5.32725E-3 4.007E-3 1.96786E-3 2.3953E-3 2.87849E-3 4.04986E-3 3.71683E-3 2.98629E-3
2.14608E-2 2.423E-2 1.47376E-2 1.06592E-2 6.65858E-3 7.43552E-3 9.60525E-3 9.35652E-3 7.55947E-3 8.16954E-3 1.02844E-2 9.99734E-3 1.25737E-2 1.89863E-2 1.57516E-2 1.32004E-2 8.7762E-3 7.62217E-3 6.92003E-3 5.10445E-3 4.10704E-3 3.7255E-3 2.98708E-3 2.19346E-3 2.59761E-3 2.57999E-3 2.78276E-3 2.64951E-3 2.72499E-3 2.28227E-3 2.69211E-3 2.14112E-3 2.09895E-3 2.18796E-3 1.62433E-3 2.51424E-3 1.5142E-3 1.26691E-3 1.98054E-3 8.27008E-4 1.8726E-3 2.01273E-3 9.98033E-4 1.20475E-3 1.54236E-3 1.07504E-3 9.44976E-4 9.29292E-4 7.8957E-4 1.8216E-3 4.05422E-3 4.60741E-3 2.99169E-3 3.72423E-3 3.89115E-3 2.82959E-3 3.89387E-3 3.16249E-3 3.60821E-3 2.77059E-3 2.31484E-3
3.08043E-2 2.278E-2 1.91861E-2 8.78682E-3 7.15031E-3 9.48805E-3 1.26547E-2 1.73837E-2 1.29598E-2 9.96265E-3 1.26464E-2 1.31166E-2 1.52386E-2 1.6288E-2 1.58008E-2 2.22377E-2 1.75823E-2 8.13389E-3 8.7524E-3 5.59312E-3 5.59108E-3 4.31111E-3 3.8766E-3 5.71815E-3 3.59121E-3 2.26224E-3 2.81213E-3 1.91315E-3 2.43115E-3 2.19E-3 1.99415E-3 1.69265E-3 1.50594E-3 2.43237E-3 2.66122E-3 2.82295E-3 1.93654E-3 2.01727E-3 2.42459E-3 1.11415E-3 1.84017E-3 2.34816E-3 1.58494E-3 1.17344E-3 1.43476E-3 1.57423E-3 1.99874E-3 2.65746E-3 3.56499E-3 3.97955E-3 4.7277E-3 4.15463E-3 6.27973E-3 4.53448E-3 3.78137E-3 6.68154E-3 4.64559E-3 3.89885E-3 2.87572E-3 4.51314E-3 4.04898E-3
2.19054E-2 1.68225E-2 1.54706E-2 1.23001E-2 8.719E-3 7.89755E-3 6.81202E-3 7.52725E-3 2.38665E-2 1.63665E-2 1.67094E-2 1.72003E-2 1.56989E-2 1.4389E-2 1.60008E-2 1.80229E-2 2.53838E-2 1.99765E-2 1.6955E-2 1.37228E-2 1.49574E-2 7.0127E-3 5.7569E-3 5.04673E-3 6.91961E-3 4.08394E-3 4.57867E-3 4.19087E-3 2.31988E-3 2.32297E-3 3.42056E-3 2.13735E-3 2.64174E-3 2.7033E-3 2.79729E-3 2.66512E-3 2.20361E-3 3.05046E-3 2.81234E-3 1.89951E-3 2.27171E-3 2.34824E-3 2.18787E-3 1.54165E-3 1.26864E-3 2.0753E-3 3.43789E-3 3.34307E-3 3.81452E-3 3.97753E-3 5.93438E-3 5.05065E-3 7.90089E-3 5.05011E-3 3.61316E-3 6.8135E-3 6.60728E-3 6.57133E-3 4.50649E-3 3.15419E-3 3.95038E-3
2.93042E-2 2.88348E-2 2.27331E-2 7.04558E-3 1.42878E-2 9.17604E-3 5.98107E-3 1.38278E-2 2.39057E-2 2.0597E-2 2.27797E-2 2.28283E-2 3.44151E-2 1.39549E-2 1.06408E-2 1.16178E-2 1.47663E-2 1.19532E-2 8.8161E-3 8.59875E-3 1.2133E-2 7.0733E-3 4.66908E-3 5.15975E-3 7.39138E-3 5.7855E-3 3.9812E-3 6.57984E-3 6.30774E-3 2.81619E-3 3.41497E-3 3.59932E-3 3.64088E-3 3.04226E-3 2.45608E-3 2.77234E-3 3.3221E-3 2.2842E-3 3.26569E-3 2.49681E-3 3.36286E-3 2.06201E-3 2.77057E-3 2.35069E-3 2.22163E-3 2.75054E-3 3.17281E-3 3.01697E-3 4.10405E-3 6.15401E-3 4.97288E-3 7.06392E-3 7.91231E-3 5.42261E-3 3.77505E-3 5.55323E-3 6.00329E-3 5.93687E-3 5.48368E-3 5.11426E-3 3.10513E-3
2.69895E-2 2.34496E-2 1.22495E-2 5.53598E-3 1.80215E-2 1.4163E-2 7.54828E-3 2.52656E-2 2.10137E-2 2.43592E-2 3.42414E-2 3.11968E-2 2.54726E-2 1.82196E-2 9.87516E-3 8.76635E-3 7.23754E-3 6.01029E-3 5.20311E-3 5.21432E-3 6.2515E-3 5.09614E-3 5.11166E-3 5.69224E-3 6.22964E-3 7.28695E-3 4.45034E-3 5.25248E-3 6.77923E-3 4.47134E-3 3.77183E-3 4.73988E-3 6.13733E-3 2.31731E-3 3.16829E-3 3.7381E-3 4.55108E-3 3.09346E-3 2.87762E-3 3.40822E-3 4.0157E-3 3.11306E-3 3.55184E-3 3.4386E-3 4.63429E-3 4.58449E-3 4.39514E-3 3.92618E-3 6.38628E-3 6.99633E-3 6.10676E-3 7.5766E-3 5.98014E-3 7.90427E-3 5.53619E-3 5.02918E-3 4.9267E-3 5.56281E-3 4.14982E-3 4.4499E-3 3.88961E-3
2.76761E-2 1.27489E-2 1.4558E-2 4.26239E-3 2.61426E-2 1.78795E-2 6.48614E-3 2.78245E-2 3.3102E-2 5.10702E-2 3.84462E-2 3.0496E-2 3.00583E-2 2.43597E-2 2.65224E-2 2.58503E-2 2.04273E-2 1.61611E-2 8.09746E-3 5.78812E-3 6.75181E-3 7.25831E-3 5.48525E-3 5.10342E-3 6.92249E-3 7.53934E-3 6.44488E-3 7.82422E-3 6.1719E-3 5.17554E-3 4.51312E-3 5.40778E-3 6.83916E-3 4.02076E-3 4.41997E-3 5.0908E-3 4.63609E-3 5.44996E-3 3.54943E-3 5.26772E-3 4.07973E-3 4.38973E-3 5.1644E-3 4.77872E-3 6.63473E-3 5.08845E-3 5.98145E-3 5.10498E-3 7.36442E-3 7.5488E-3 7.64917E-3 7.03559E-3 6.58648E-3 5.33072E-3 7.43273E-3 4.786E-3 6.17026E-3 6.46964E-3 5.40589E-3 2.88396E-3 5.36143E-3
1.83358E-2 1.23456E-2 1.9726E-2 1.09754E-2 2.74564E-2 1.83692E-2 1.27836E-2 2.31826E-2 4.19193E-2 3.03085E-2 2.19459E-2 1.32979E-2 2.29293E-2 2.06211E-2 1.20292E-2 1.28706E-2 1.43869E-2 1.24085E-2 1.46371E-2 1.70563E-2 9.43614E-3 1.07317E-2 1.08219E-2 6.37199E-3 8.28533E-3 6.12731E-3 6.69915E-3 6.8804E-3 4.68616E-3 4.43407E-3 5.79729E-3 5.22629E-3 7.59417E-3 4.60934E-3 4.96615E-3 5.1923E-3 8.20632E-3 7.52634E-3 5.61801E-3 6.49799E-3 6.12632E-3 4.00989E-3 7.81134E-3 6.06232E-3 6.85088E-3 8.3991E-3 6.36489E-3 4.93338E-3 8.09031E-3 8.89705E-3 8.32513E-3 5.78579E-3 5.88099E-3 3.10107E-3 6.52806E-3 5.83641E-3 5.63457E-3 5.05206E-3 3.95881E-3 2.55968E-3 3.10903E-3
2.50408E-2 1.2223E-2 2.43355E-2 1.15311E-2 3.0826E-2 2.209E-2 2.68341E-2 3.66218E-2 3.39843E-2 2.78434E-2 1.65078E-2 1.56466E-2 1.63714E-2 1.69745E-2 1.23735E-2 1.012E-2 8.58994E-3 9.19896E-3 1.46445E-2 1.2717E-2 1.43307E-2 1.14941E-2 8.59045E-3 7.84024E-3 8.81895E-3 8.64205E-3 8.78595E-3 7.56047E-3 7.99851E-3 5.34073E-3 6.3732E-3 6.27949E-3 6.01407E-3 8.64818E-3 6.98413E-3 9.70345E-3 9.075E-3 9.53062E-3 1.17691E-2 9.70519E-3 4.31329E-3 6.04945E-3 8.8852E-3 1.15138E-2 7.62399E-3 8.95464E-3 5.85906E-3 8.13738E-3 7.79961E-3 7.65902E-3 8.48416E-3 7.05655E-3 2.57931E-3 5.60985E-3 5.36313E-3 7.14426E-3 6.54107E-3 6.80395E-3 5.28652E-3 5.30257E-3 2.99044E-3
