Artocarpus hirsutus SDM files/MIS19/results (with bias file)/Arthir_median.asc
ncols         625
nrows         721
xllcorner     69.99986311115
yllcorner     5.99986187915
cellsize      0.041666667
NODATA_value  -9999
[rows 135 to 161 of 721, columns 488 to 548 of 625]
4.50932E-5 4.49433E-5 4.14758E-5 3.89716E-5 3.89522E-5 3.40866E-5 3.5131E-5 3.47392E-5 3.49136E-5 4.03368E-5 4.24621E-5 4.51567E-5 5.35419E-5 5.61646E-5 6.18948E-5 6.64649E-5 6.34841E-5 6.00054E-5 5.62962E-5 5.60487E-5 5.66751E-5 5.56571E-5 5.22191E-5 5.25508E-5 5.14253E-5 4.39766E-5 5.41886E-5 6.22599E-5 4.35462E-5 5.8904E-5 5.38074E-5 5.71601E-5 4.75169E-5 5.89947E-5 5.55755E-5 5.47584E-5 5.06729E-5 5.16467E-5 5.31349E-5 5.79757E-5 4.7836E-5 4.54432E-5 6.08122E-5 6.28327E-5 5.94625E-5 6.63454E-5 5.51855E-5 6.3208E-5 7.12885E-5 5.73074E-5 7.98197E-5 7.72534E-5 7.10947E-5 9.04841E-5 8.49802E-5 9.34213E-5 8.19174E-5 1.09039E-4 1.13544E-4 1.08998E-4 1.12439E-4
4.0533E-5 4.00608E-5 3.81945E-5 3.74899E-5 3.56184E-5 3.57889E-5 3.48978E-5 3.80992E-5 3.73744E-5 4.412E-5 4.7569E-5 5.3995E-5 5.79987E-5 5.66104E-5 6.28436E-5 5.93249E-5 5.5301E-5 5.33619E-5 5.65665E-5 5.39387E-5 5.65502E-5 5.98721E-5 5.57777E-5 5.09679E-5 5.39459E-5 4.79791E-5 5.82576E-5 6.2456E-5 5.00968E-5 6.26523E-5 5.67902E-5 5.23497E-5 5.38834E-5 5.69173E-5 4.90788E-5 5.53981E-5 5.35352E-5 5.44737E-5 4.71726E-5 5.34079E-5 4.93359E-5 4.69485E-5 5.77541E-5 6.42236E-5 7.43278E-5 6.64493E-5 5.78057E-5 5.31207E-5 6.29301E-5 6.08684E-5 7.45347E-5 8.2352E-5 6.69749E-5 7.82467E-5 1.0239E-4 8.83597E-5 9.74787E-5 9.20283E-5 8.60389E-5 1.1448E-4 1.07031E-4
3.93809E-5 3.67371E-5 3.19701E-5 3.36847E-5 3.70104E-5 3.51401E-5 3.58893E-5 4.4376E-5 5.05838E-5 4.84725E-5 5.04105E-5 5.72466E-5 5.70303E-5 6.1154E-5 5.19872E-5 5.64242E-5 4.5966E-5 4.70099E-5 5.48607E-5 5.51886E-5 6.1144E-5 5.42198E-5 5.9925E-5 5.58734E-5 5.70432E-5 5.27145E-5 5.95718E-5 6.01153E-5 6.05756E-5 5.66917E-5 5.23265E-5 5.23453E-5 5.36351E-5 5.53192E-5 4.60474E-5 5.42554E-5 5.24033E-5 5.69989E-5 4.65131E-5 5.38898E-5 4.3565E-5 4.87121E-5 5.20152E-5 5.60532E-5 6.48484E-5 6.54758E-5 6.19809E-5 5.66699E-5 6.88919E-5 7.15881E-5 6.28492E-5 7.28295E-5 7.69734E-5 7.82467E-5 9.52291E-5 8.83719E-5 8.89359E-5 1.00338E-4 1.02173E-4 8.54386E-5 1.32974E-4
3.57051E-5 3.36918E-5 3.29453E-5 3.60786E-5 3.72426E-5 3.43573E-5 3.72756E-5 5.00235E-5 5.31317E-5 5.24465E-5 5.52315E-5 5.95678E-5 5.62432E-5 5.65787E-5 4.51218E-5 4.1917E-5 4.23325E-5 4.93707E-5 5.0011E-5 5.29696E-5 5.52157E-5 5.41357E-5 5.54792E-5 5.61433E-5 5.06229E-5 5.85729E-5 5.66336E-5 5.04432E-5 5.35221E-5 4.90809E-5 4.94561E-5 4.43384E-5 5.38249E-5 5.93837E-5 4.78909E-5 5.28271E-5 5.0144E-5 6.14329E-5 5.46178E-5 5.18453E-5 4.89915E-5 5.38868E-5 4.54119E-5 6.31328E-5 5.83299E-5 5.834E-5 6.88193E-5 6.63277E-5 7.68295E-5 7.70161E-5 7.77654E-5 6.99738E-5 7.73793E-5 8.67299E-5 9.31074E-5 8.72595E-5 8.96006E-5 1.02375E-4 9.44353E-5 1.08293E-4 1.14205E-4
3.58617E-5 3.61739E-5 3.62221E-5 3.48459E-5 3.75366E-5 4.5767E-5 5.34562E-5 6.05018E-5 5.451E-5 5.36796E-5 5.10101E-5 5.27285E-5 4.60069E-5 4.48368E-5 4.14172E-5 4.59371E-5 4.84853E-5 4.96636E-5 4.51193E-5 4.56073E-5 4.71807E-5 4.83855E-5 5.20104E-5 5.3635E-5 5.4187E-5 6.70295E-5 5.61806E-5 5.35527E-5 5.11997E-5 5.33929E-5 5.34628E-5 5.1532E-5 4.41942E-5 4.70443E-5 4.42294E-5 5.26413E-5 5.7348E-5 6.00557E-5 6.08204E-5 5.26958E-5 4.2875E-5 5.46616E-5 5.2418E-5 5.63728E-5 5.96742E-5 5.62374E-5 5.69198E-5 6.92939E-5 7.9887E-5 7.05106E-5 7.8369E-5 7.28397E-5 8.10785E-5 9.19984E-5 9.8478E-5 7.61868E-5 9.17355E-5 9.31177E-5 9.3303E-5 9.08284E-5 9.75273E-5
3.39686E-5 3.60414E-5 3.64929E-5 3.58808E-5 4.20858E-5 5.18005E-5 6.09641E-5 6.38909E-5 5.35407E-5 4.9838E-5 4.63782E-5 5.11413E-5 3.8753E-5 4.11421E-5 3.95251E-5 4.61736E-5 4.74501E-5 4.65726E-5 4.89493E-5 4.65645E-5 4.81239E-5 5.30086E-5 5.15156E-5 4.79913E-5 5.46559E-5 5.75705E-5 6.2318E-5 5.68196E-5 5.30984E-5 5.60384E-5 5.96467E-5 6.28456E-5 4.88707E-5 4.52474E-5 4.3384E-5 5.45263E-5 5.83591E-5 4.79426E-5 6.25581E-5 5.53257E-5 4.93832E-5 5.30319E-5 4.61151E-5 5.72586E-5 6.49453E-5 6.13978E-5 5.24517E-5 5.71796E-5 7.47584E-5 6.84498E-5 8.00523E-5 7.09116E-5 7.64033E-5 7.7457E-5 8.94398E-5 8.96982E-5 8.66255E-5 8.00902E-5 1.06275E-4 1.23792E-4 8.42241E-5
3.60837E-5 3.63552E-5 3.52999E-5 3.88398E-5 4.92246E-5 6.1825E-5 5.54554E-5 5.44332E-5 4.40919E-5 4.16569E-5 4.18127E-5 4.39535E-5 4.00601E-5 4.50679E-5 4.57024E-5 5.16255E-5 5.16569E-5 4.5004E-5 4.59146E-5 4.29272E-5 4.71712E-5 4.67849E-5 5.04544E-5 5.09435E-5 4.84789E-5 5.09215E-5 5.68519E-5 5.40557E-5 5.42481E-5 5.38749E-5 5.81823E-5 5.51E-5 5.22228E-5 5.04519E-5 4.55476E-5 5.89593E-5 6.06551E-5 4.90951E-5 6.37508E-5 5.10714E-5 4.10724E-5 5.95905E-5 4.93815E-5 4.39409E-5 6.19664E-5 6.94797E-5 6.40412E-5 5.11526E-5 7.01603E-5 7.22337E-5 7.41526E-5 5.29126E-5 6.66793E-5 8.86747E-5 7.42598E-5 9.07871E-5 1.04528E-4 8.95203E-5 7.84688E-5 1.09172E-4 9.12627E-5
4.31866E-5 4.2113E-5 4.98841E-5 4.9645E-5 5.92155E-5 6.35567E-5 5.50373E-5 4.43273E-5 4.39021E-5 4.47238E-5 4.93272E-5 4.98863E-5 4.63392E-5 4.77644E-5 5.14226E-5 5.27334E-5 5.29165E-5 4.3291E-5 4.90648E-5 5.46929E-5 5.47315E-5 5.08086E-5 5.17714E-5 5.56069E-5 5.32843E-5 4.72312E-5 4.57043E-5 4.74504E-5 5.35773E-5 5.42812E-5 5.7886E-5 5.71648E-5 5.72019E-5 5.36067E-5 5.21619E-5 5.83683E-5 5.34483E-5 5.22557E-5 5.89103E-5 4.56785E-5 4.58547E-5 6.3615E-5 5.1625E-5 4.93427E-5 5.59481E-5 5.25285E-5 5.9046E-5 5.62432E-5 5.66109E-5 6.52762E-5 6.23686E-5 7.47389E-5 7.60628E-5 8.07514E-5 6.98358E-5 8.31734E-5 1.0826E-4 7.96828E-5 7.41723E-5 7.47863E-5 1.10379E-4
5.3671E-5 4.83157E-5 5.36858E-5 5.769E-5 7.0149E-5 5.44512E-5 5.10432E-5 4.69459E-5 4.5177E-5 4.56863E-5 5.38123E-5 5.6893E-5 5.70144E-5 4.87141E-5 5.24606E-5 5.11397E-5 4.78816E-5 4.41277E-5 4.55281E-5 5.32198E-5 5.93115E-5 5.29958E-5 4.79255E-5 6.04666E-5 5.60857E-5 5.33748E-5 4.80947E-5 4.62743E-5 4.8704E-5 4.61555E-5 4.73452E-5 5.06781E-5 5.08131E-5 5.05157E-5 4.54767E-5 5.30698E-5 5.7533E-5 5.05122E-5 6.19118E-5 4.98426E-5 4.7601E-5 6.42273E-5 5.67184E-5 5.07947E-5 6.35137E-5 4.7824E-5 4.70303E-5 6.02226E-5 6.118E-5 6.4694E-5 7.23389E-5 7.63193E-5 8.31578E-5 8.47669E-5 7.70746E-5 7.46074E-5 1.11478E-4 9.80536E-5 9.54738E-5 7.68683E-5 8.45861E-5
5.15391E-5 5.2304E-5 5.49704E-5 5.89758E-5 6.25985E-5 4.50183E-5 4.87425E-5 5.10619E-5 4.65137E-5 4.92106E-5 6.24917E-5 5.56433E-5 4.94572E-5 4.71106E-5 5.05867E-5 5.2251E-5 5.67861E-5 5.49821E-5 5.39657E-5 5.13026E-5 6.06281E-5 5.86905E-5 5.72357E-5 6.40505E-5 5.74841E-5 5.67478E-5 5.22892E-5 4.85644E-5 5.09026E-5 4.69658E-5 4.60596E-5 4.61814E-5 4.51488E-5 4.67449E-5 4.50229E-5 4.48791E-5 4.70602E-5 5.70902E-5 5.8809E-5 5.58405E-5 5.08818E-5 4.9571E-5 4.63191E-5 5.10943E-5 5.91101E-5 4.91646E-5 4.43495E-5 4.77954E-5 5.29055E-5 6.53427E-5 7.54445E-5 6.93298E-5 6.42512E-5 7.22645E-5 7.98901E-5 6.37571E-5 1.0305E-4 1.02231E-4 9.81572E-5 1.0549E-4 9.53786E-5
5.35326E-5 5.60789E-5 5.62076E-5 6.15681E-5 5.16979E-5 3.8445E-5 3.94384E-5 4.51976E-5 5.39774E-5 5.75684E-5 6.19982E-5 5.58742E-5 4.83708E-5 4.331E-5 4.44322E-5 4.824E-5 5.72183E-5 5.63445E-5 5.74777E-5 5.31534E-5 6.07799E-5 5.64035E-5 6.18222E-5 6.24681E-5 5.10442E-5 6.11376E-5 5.82859E-5 4.93091E-5 5.55694E-5 5.15919E-5 5.22145E-5 4.70957E-5 4.6159E-5 4.70613E-5 4.44741E-5 4.65233E-5 5.32947E-5 5.10069E-5 5.34204E-5 5.50353E-5 5.21151E-5 4.93888E-5 4.40856E-5 5.26124E-5 5.62686E-5 4.7374E-5 4.81629E-5 5.39773E-5 5.56525E-5 5.92649E-5 7.87917E-5 7.9326E-5 8.28192E-5 8.00713E-5 7.16389E-5 6.28552E-5 8.80168E-5 1.11269E-4 1.06726E-4 1.01391E-4 1.09034E-4
4.92246E-5 5.92226E-5 6.04329E-5 6.16027E-5 5.00414E-5 4.44661E-5 3.82116E-5 4.28361E-5 4.72017E-5 5.91547E-5 5.74236E-5 4.54898E-5 4.73827E-5 4.11713E-5 4.69953E-5 4.99431E-5 5.18046E-5 5.1437E-5 5.44209E-5 5.0348E-5 5.44108E-5 5.6992E-5 5.58833E-5 5.92039E-5 5.48093E-5 6.11651E-5 5.38744E-5 5.56567E-5 5.44266E-5 5.01691E-5 5.4133E-5 5.49445E-5 4.92838E-5 4.84982E-5 5.41779E-5 5.50911E-5 4.99733E-5 5.55025E-5 4.81834E-5 5.03008E-5 5.32372E-5 5.21759E-5 5.13436E-5 5.64423E-5 5.29674E-5 5.5549E-5 4.95664E-5 4.05361E-5 5.16537E-5 5.23572E-5 6.19132E-5 8.32109E-5 8.01481E-5 8.98385E-5 8.53754E-5 8.46268E-5 7.79706E-5 8.19016E-5 1.01569E-4 7.45112E-5 9.0483E-5
5.60362E-5 6.42683E-5 6.12922E-5 6.17013E-5 5.95337E-5 4.56114E-5 3.9166E-5 3.81279E-5 5.22141E-5 5.50983E-5 5.52177E-5 4.72717E-5 4.8572E-5 4.20317E-5 4.77447E-5 4.92777E-5 5.02655E-5 5.06468E-5 5.03689E-5 5.0743E-5 5.14611E-5 5.29781E-5 4.98172E-5 5.33794E-5 5.49974E-5 5.74798E-5 4.75591E-5 5.69944E-5 4.6617E-5 4.96144E-5 5.48346E-5 5.55437E-5 5.27101E-5 5.01522E-5 5.06539E-5 4.74255E-5 4.9788E-5 4.96044E-5 4.8231E-5 4.27137E-5 4.64075E-5 5.31811E-5 5.3662E-5 5.77478E-5 4.65333E-5 5.15539E-5 4.28743E-5 4.38296E-5 4.33874E-5 5.38218E-5 4.89644E-5 5.31717E-5 6.49146E-5 7.61123E-5 8.87572E-5 9.47329E-5 1.00016E-4 7.8533E-5 7.72237E-5 7.33596E-5 1.06014E-4
5.90625E-5 6.47865E-5 6.28543E-5 5.81238E-5 5.10075E-5 4.19801E-5 3.44338E-5 4.01264E-5 3.91707E-5 5.51044E-5 5.60545E-5 5.99642E-5 5.40078E-5 4.30059E-5 5.02435E-5 4.38607E-5 4.20071E-5 3.84262E-5 4.86068E-5 4.563E-5 4.65982E-5 4.69849E-5 5.00063E-5 4.62379E-5 4.69508E-5 5.09999E-5 4.96877E-5 5.31598E-5 5.44482E-5 5.22425E-5 5.55924E-5 5.15286E-5 5.181E-5 4.71226E-5 4.91511E-5 5.35066E-5 5.14312E-5 4.98286E-5 5.00176E-5 4.63538E-5 4.35076E-5 4.76904E-5 4.22196E-5 4.62616E-5 4.8965E-5 5.60185E-5 5.24984E-5 4.36875E-5 5.2982E-5 6.00116E-5 5.49292E-5 6.66853E-5 5.36967E-5 5.27684E-5 6.96159E-5 6.52429E-5 6.43812E-5 9.80407E-5 1.0045E-4 7.29454E-5 7.22452E-5
5.55527E-5 5.65878E-5 6.17186E-5 5.90067E-5 4.65953E-5 4.10997E-5 3.66208E-5 3.65565E-5 4.77936E-5 5.11734E-5 5.63355E-5 5.85374E-5 4.48902E-5 4.49714E-5 4.6615E-5 4.08432E-5 3.99552E-5 3.83004E-5 4.27779E-5 4.13847E-5 4.54263E-5 4.29838E-5 4.15367E-5 4.02092E-5 4.55343E-5 4.43172E-5 4.553E-5 5.17697E-5 4.89811E-5 4.66486E-5 4.38215E-5 4.32325E-5 4.96542E-5 4.76932E-5 4.18087E-5 4.48862E-5 4.88703E-5 5.12716E-5 5.60399E-5 5.32655E-5 5.10719E-5 5.00621E-5 4.65568E-5 5.00631E-5 4.54384E-5 5.64339E-5 5.54055E-5 4.77646E-5 5.62474E-5 6.93219E-5 7.2569E-5 8.35972E-5 6.26755E-5 7.58562E-5 7.13391E-5 5.83769E-5 9.09185E-5 7.46359E-5 1.09835E-4 8.11764E-5 9.3843E-5
4.83209E-5 5.10073E-5 5.88555E-5 5.31347E-5 4.34477E-5 3.93233E-5 4.53913E-5 4.34764E-5 5.26378E-5 4.5304E-5 5.30126E-5 5.66013E-5 5.40473E-5 4.89992E-5 4.29609E-5 4.78321E-5 4.64048E-5 4.28556E-5 4.76634E-5 5.06234E-5 5.14757E-5 4.43837E-5 4.24633E-5 4.50832E-5 4.71177E-5 4.53358E-5 4.54901E-5 5.07807E-5 5.16804E-5 4.52666E-5 4.1491E-5 4.12286E-5 5.20376E-5 4.90449E-5 3.87212E-5 3.88652E-5 3.87178E-5 3.88769E-5 4.46966E-5 5.29294E-5 4.99901E-5 4.95388E-5 4.94187E-5 4.61864E-5 5.12681E-5 5.73091E-5 5.60477E-5 5.48524E-5 5.90606E-5 6.94077E-5 8.0343E-5 8.56153E-5 5.71354E-5 5.05472E-5 7.64721E-5 7.32403E-5 7.78588E-5 9.32034E-5 9.66821E-5 8.56969E-5 1.07143E-4
4.21545E-5 5.34783E-5 6.50986E-5 5.27795E-5 4.10704E-5 4.28483E-5 4.51585E-5 5.08355E-5 4.90534E-5 5.31538E-5 5.24116E-5 5.39861E-5 5.26645E-5 5.52772E-5 4.91656E-5 5.71265E-5 4.94628E-5 4.48548E-5 5.2418E-5 5.36733E-5 5.74893E-5 4.40822E-5 4.58372E-5 5.06719E-5 5.15687E-5 4.78422E-5 5.02785E-5 4.82125E-5 4.95767E-5 4.39106E-5 3.41569E-5 3.36106E-5 4.31749E-5 4.24338E-5 3.99027E-5 3.99027E-5 4.11698E-5 3.91766E-5 4.26087E-5 3.87528E-5 4.35637E-5 4.40419E-5 4.6688E-5 4.63406E-5 4.59642E-5 4.98627E-5 5.47905E-5 5.58975E-5 5.81879E-5 6.14549E-5 6.93551E-5 7.7682E-5 6.48235E-5 4.60103E-5 9.41424E-5 8.55271E-5 7.62492E-5 8.75343E-5 9.63557E-5 9.59895E-5 1.00448E-4
4.6886E-5 5.85764E-5 6.53078E-5 5.086E-5 3.95916E-5 4.21032E-5 3.80495E-5 4.27285E-5 3.58057E-5 4.93328E-5 4.47993E-5 4.2648E-5 5.05259E-5 5.45475E-5 5.08388E-5 5.22349E-5 5.87139E-5 5.49353E-5 5.3495E-5 5.55364E-5 5.78525E-5 5.48316E-5 5.16693E-5 5.24691E-5 4.4892E-5 4.76673E-5 5.42438E-5 4.76724E-5 4.03394E-5 4.33821E-5 3.12265E-5 3.52852E-5 4.15849E-5 3.16369E-5 3.93209E-5 3.82057E-5 4.02512E-5 3.43997E-5 3.94866E-5 3.73473E-5 3.36533E-5 3.3835E-5 3.35766E-5 3.83852E-5 3.54521E-5 3.59058E-5 4.02723E-5 4.13586E-5 4.65555E-5 5.19782E-5 8.39112E-5 7.77784E-5 7.32238E-5 5.56781E-5 7.9687E-5 9.91941E-5 9.6635E-5 8.34582E-5 9.3017E-5 9.94687E-5 1.04367E-4
5.56945E-5 6.95779E-5 6.18048E-5 5.00681E-5 4.2337E-5 4.12707E-5 3.59263E-5 3.80515E-5 3.45475E-5 4.40743E-5 3.83069E-5 3.88861E-5 4.61489E-5 4.96643E-5 4.87679E-5 4.78486E-5 5.37646E-5 5.62991E-5 5.37093E-5 4.61742E-5 4.66979E-5 4.31698E-5 4.60434E-5 4.76949E-5 4.36861E-5 4.34649E-5 5.03566E-5 4.95211E-5 4.22186E-5 3.8193E-5 3.53379E-5 3.17941E-5 3.57053E-5 2.93266E-5 3.41764E-5 3.35129E-5 3.9114E-5 3.18569E-5 3.82867E-5 4.02772E-5 3.50923E-5 3.64416E-5 3.67247E-5 3.80769E-5 3.59255E-5 3.93598E-5 3.92547E-5 4.4699E-5 4.63663E-5 5.06908E-5 7.68873E-5 6.78028E-5 5.73424E-5 4.85537E-5 6.48744E-5 8.65681E-5 9.55749E-5 8.21016E-5 9.7631E-5 1.07814E-4 1.02499E-4
6.18905E-5 6.49772E-5 5.66968E-5 5.03401E-5 3.96601E-5 4.09127E-5 4.07441E-5 3.64221E-5 3.80065E-5 4.15303E-5 3.93163E-5 4.07792E-5 4.46045E-5 4.32493E-5 4.00926E-5 4.79435E-5 5.26574E-5 5.92294E-5 5.53199E-5 4.63727E-5 4.67261E-5 4.22879E-5 4.37374E-5 4.35116E-5 3.97335E-5 4.08662E-5 4.18759E-5 3.56536E-5 3.71222E-5 3.63839E-5 3.79363E-5 3.31384E-5 3.24816E-5 3.28721E-5 3.63223E-5 3.36959E-5 3.4992E-5 3.41766E-5 3.46834E-5 4.35864E-5 3.48563E-5 3.50992E-5 3.70426E-5 3.82966E-5 3.86113E-5 3.89394E-5 3.77308E-5 4.88959E-5 5.46812E-5 5.11486E-5 8.97739E-5 6.35533E-5 6.7481E-5 6.65508E-5 5.72695E-5 8.075E-5 9.37952E-5 8.77921E-5 8.55003E-5 1.0162E-4 1.07922E-4
6.3648E-5 6.51137E-5 5.13258E-5 4.75575E-5 3.87758E-5 4.03965E-5 3.8284E-5 3.97536E-5 4.43323E-5 4.82788E-5 4.49932E-5 4.79045E-5 4.52735E-5 5.03401E-5 4.8781E-5 5.32642E-5 5.12262E-5 5.2493E-5 5.51224E-5 4.33686E-5 4.02685E-5 3.72898E-5 3.68522E-5 3.48854E-5 3.66426E-5 3.45188E-5 4.02794E-5 3.36743E-5 3.59213E-5 4.40331E-5 3.95083E-5 3.23485E-5 3.21985E-5 3.47886E-5 3.41586E-5 3.70599E-5 3.51513E-5 4.158E-5 4.5569E-5 4.19098E-5 3.78493E-5 3.62796E-5 3.5303E-5 3.67489E-5 4.67023E-5 4.51529E-5 3.87235E-5 5.2936E-5 5.69189E-5 5.58952E-5 8.26335E-5 6.97514E-5 6.74725E-5 7.20238E-5 6.82822E-5 6.39667E-5 8.18438E-5 9.65619E-5 9.47339E-5 9.89381E-5 8.6872E-5
6.12651E-5 5.53186E-5 5.14551E-5 4.74457E-5 4.01877E-5 4.18853E-5 4.10039E-5 4.52954E-5 4.51383E-5 5.28508E-5 4.74341E-5 4.52967E-5 4.92217E-5 4.67433E-5 4.74451E-5 5.65291E-5 5.15568E-5 5.82035E-5 4.27917E-5 4.56474E-5 3.93034E-5 3.90633E-5 3.9349E-5 3.92425E-5 3.77073E-5 3.44221E-5 3.38012E-5 3.52434E-5 3.95112E-5 4.72775E-5 4.05888E-5 3.40382E-5 3.49086E-5 3.62051E-5 3.51072E-5 3.49942E-5 3.89383E-5 4.52385E-5 4.40394E-5 3.95152E-5 3.78272E-5 3.86876E-5 3.46538E-5 3.39455E-5 4.63988E-5 5.03721E-5 3.80539E-5 5.16047E-5 5.66355E-5 7.06183E-5 8.3272E-5 6.6459E-5 7.10961E-5 8.08584E-5 8.12791E-5 7.33123E-5 8.4861E-5 8.56396E-5 9.26257E-5 1.05145E-4 1.16917E-4
6.08731E-5 5.75317E-5 5.60093E-5 4.48777E-5 3.81159E-5 4.28609E-5 4.52188E-5 4.67664E-5 4.43954E-5 5.92213E-5 5.03592E-5 5.11805E-5 5.20401E-5 5.2365E-5 4.98836E-5 6.26781E-5 5.87228E-5 5.28241E-5 4.04022E-5 4.1845E-5 5.19296E-5 4.45221E-5 3.64964E-5 4.59794E-5 3.79283E-5 3.74916E-5 3.53378E-5 2.9333E-5 4.09353E-5 4.27818E-5 3.82438E-5 3.37185E-5 3.20031E-5 3.0977E-5 3.22794E-5 3.15403E-5 3.84008E-5 4.66695E-5 4.8422E-5 3.79314E-5 3.5696E-5 4.02845E-5 3.86296E-5 3.12741E-5 4.44402E-5 4.9483E-5 4.19157E-5 5.11188E-5 5.91507E-5 7.372E-5 8.44546E-5 7.06216E-5 7.28073E-5 7.84286E-5 7.96991E-5 7.68376E-5 7.67604E-5 1.06351E-4 1.05085E-4 8.74919E-5 9.51298E-5
5.75707E-5 6.45561E-5 5.60226E-5 4.42617E-5 3.81954E-5 4.30772E-5 4.82836E-5 5.32102E-5 4.91821E-5 5.79075E-5 5.95553E-5 5.6476E-5 5.82748E-5 5.03884E-5 5.32442E-5 5.59326E-5 5.50493E-5 4.91631E-5 4.21204E-5 4.23049E-5 5.89365E-5 4.61954E-5 4.18903E-5 4.92929E-5 3.73407E-5 4.1457E-5 3.77708E-5 3.47598E-5 4.23956E-5 4.36429E-5 4.24373E-5 3.77176E-5 3.73333E-5 3.5051E-5 3.51878E-5 3.54775E-5 4.45191E-5 4.57198E-5 4.42088E-5 3.8812E-5 3.49323E-5 4.67071E-5 4.0553E-5 3.61636E-5 3.67434E-5 5.49035E-5 4.57601E-5 5.3746E-5 5.07287E-5 6.36858E-5 7.29152E-5 6.40215E-5 5.5731E-5 6.10188E-5 8.06739E-5 7.09982E-5 7.51826E-5 8.45822E-5 1.28227E-4 1.03403E-4 9.90917E-5
6.68533E-5 6.36494E-5 5.04558E-5 4.52796E-5 4.80882E-5 4.80291E-5 4.88289E-5 5.70753E-5 5.76585E-5 6.4839E-5 6.27005E-5 6.10811E-5 6.30833E-5 5.29703E-5 5.86848E-5 5.67951E-5 5.51654E-5 5.44045E-5 5.10049E-5 5.167E-5 5.79489E-5 3.91729E-5 4.17125E-5 4.9695E-5 4.13728E-5 4.3658E-5 4.65009E-5 4.45876E-5 4.55668E-5 4.39673E-5 4.61556E-5 3.52726E-5 4.21858E-5 4.59618E-5 3.313E-5 3.43768E-5 4.49863E-5 4.08096E-5 4.03317E-5 3.4921E-5 3.64025E-5 4.77876E-5 4.19289E-5 3.89368E-5 4.19808E-5 5.68147E-5 5.47092E-5 4.54681E-5 4.53004E-5 4.58797E-5 5.05016E-5 5.59611E-5 6.24135E-5 5.80068E-5 7.83415E-5 7.31503E-5 8.31304E-5 8.41302E-5 1.15183E-4 1.15962E-4 1.11202E-4
6.37729E-5 5.77061E-5 5.86234E-5 4.10127E-5 5.45344E-5 5.08739E-5 5.7064E-5 6.04923E-5 6.61664E-5 5.80368E-5 5.50508E-5 5.68121E-5 6.01637E-5 6.13659E-5 6.06287E-5 6.27684E-5 5.88195E-5 5.6827E-5 5.33993E-5 5.50435E-5 5.66614E-5 4.74773E-5 4.65424E-5 5.17102E-5 4.99372E-5 4.83295E-5 4.62116E-5 4.74454E-5 4.65083E-5 5.19778E-5 4.99724E-5 4.20746E-5 4.338E-5 4.85671E-5 3.73929E-5 3.25001E-5 5.29715E-5 4.29749E-5 4.53384E-5 3.74338E-5 3.37343E-5 4.92474E-5 5.17189E-5 4.61677E-5 3.9808E-5 5.60483E-5 5.6162E-5 4.12048E-5 4.31649E-5 5.41486E-5 5.66081E-5 6.43936E-5 7.45005E-5 6.92765E-5 8.17597E-5 8.4981E-5 8.92459E-5 9.91281E-5 1.12871E-4 1.11726E-4 1.13701E-4
6.04481E-5 5.65963E-5 5.83059E-5 6.07975E-5 6.38891E-5 6.69073E-5 6.5688E-5 6.11096E-5 5.99214E-5 5.6565E-5 5.84042E-5 5.61863E-5 5.49685E-5 4.97196E-5 5.03285E-5 5.13986E-5 4.71653E-5 4.70698E-5 4.5704E-5 4.60076E-5 4.73411E-5 4.56852E-5 4.50277E-5 5.22924E-5 4.89654E-5 5.03765E-5 4.9681E-5 4.75935E-5 4.14153E-5 4.42688E-5 4.65344E-5 5.0756E-5 4.27793E-5 4.62023E-5 4.32863E-5 4.36927E-5 5.04556E-5 4.6827E-5 4.67427E-5 4.62818E-5 4.45067E-5 5.0351E-5 5.2753E-5 4.95782E-5 4.08738E-5 4.68771E-5 4.85548E-5 4.53067E-5 5.611E-5 6.22616E-5 7.04061E-5 7.05801E-5 8.77897E-5 8.13661E-5 8.11894E-5 8.78088E-5 9.46014E-5 1.03053E-4 1.04609E-4 1.16515E-4 1.26513E-4
