Artocarpus hirsutus SDM files/MIS19/results (with bias file)/Arthir_8.asc
ncols         625
nrows         721
xllcorner     69.99986311115
yllcorner     5.99986187915
cellsize      0.041666667
NODATA_value  -9999
[rows 432 to 458 of 721, columns 244 to 304 of 625]
1.18304E-3 1.35213E-3 1.22687E-3 1.53015E-3 1.64986E-3 1.94584E-3 1.86779E-3 1.94825E-3 1.88957E-3 1.58346E-3 1.41649E-3 1.75303E-3 1.74458E-3 1.87034E-3 1.85684E-3 1.80599E-3 1.88063E-3 1.97412E-3 2.34538E-3 2.99177E-3 2.8536E-3 1.98412E-3 3.68467E-3 4.47944E-3 3.51596E-3 3.49841E-3 4.2747E-3 4.20155E-3 4.06849E-3 4.08619E-3 4.92443E-3 4.19222E-3 4.66511E-3 4.79709E-3 7.21286E-3 5.63906E-3 7.96672E-3 7.51828E-3 5.92636E-3 8.37304E-3 1.43396E-2 1.91049E-2 1.08264E-2 7.08015E-3 1.06414E-2 2.32069E-2 7.06084E-3 1.05508E-2 1.91448E-2 1.19135E-2 2.1051E-2 7.98791E-3 7.75627E-3 1.03593E-2 1.3767E-2 1.66365E-2 2.18926E-2 1.05604E-2 2.10488E-2 1.96761E-2 7.08926E-3
1.66603E-3 1.3551E-3 1.39425E-3 1.557E-3 1.54861E-3 1.71566E-3 2.29636E-3 2.41499E-3 2.34347E-3 2.02445E-3 1.64893E-3 2.40211E-3 2.39701E-3 2.10549E-3 2.05479E-3 1.97363E-3 1.73239E-3 1.81447E-3 2.29668E-3 2.67825E-3 2.14354E-3 2.17056E-3 2.79447E-3 3.17364E-3 4.21014E-3 4.35328E-3 4.24939E-3 3.04322E-3 3.91334E-3 4.8461E-3 4.65641E-3 4.29966E-3 5.13095E-3 5.48457E-3 6.84517E-3 6.56416E-3 5.5908E-3 7.07266E-3 8.40837E-3 1.12949E-2 8.87309E-3 7.28041E-3 9.22848E-3 1.26985E-2 1.01835E-2 1.04548E-2 1.10439E-2 1.5752E-2 1.39779E-2 1.15434E-2 2.63184E-2 1.88546E-2 7.48785E-3 4.72642E-3 7.76835E-3 1.12005E-2 1.94561E-2 1.64041E-2 1.53797E-2 5.31663E-3 4.52724E-3
1.38451E-3 1.4156E-3 1.78314E-3 1.18041E-3 1.21935E-3 1.37171E-3 2.32764E-3 1.97079E-3 2.10612E-3 2.59049E-3 1.9488E-3 3.19662E-3 2.86204E-3 2.38905E-3 2.1885E-3 2.01977E-3 2.58787E-3 1.71891E-3 2.14382E-3 2.22794E-3 2.14696E-3 2.04966E-3 2.20358E-3 2.40782E-3 4.0756E-3 4.91325E-3 3.82394E-3 4.29394E-3 3.23191E-3 4.57302E-3 4.2727E-3 4.4972E-3 4.63543E-3 5.41472E-3 5.68411E-3 7.43414E-3 6.17039E-3 1.33803E-2 1.09059E-2 6.49179E-3 1.10333E-2 1.28156E-2 1.82994E-2 1.49967E-2 7.8313E-3 9.4807E-3 1.52504E-2 2.29943E-2 1.06679E-2 8.97179E-3 1.34465E-2 2.00215E-2 1.0185E-2 5.13542E-3 7.86477E-3 1.39749E-2 2.11734E-2 2.2622E-2 1.4759E-2 4.2448E-3 3.0743E-3
1.4297E-3 1.48236E-3 2.14725E-3 1.38846E-3 1.35682E-3 1.26608E-3 2.01545E-3 1.95081E-3 1.73051E-3 2.06593E-3 2.54148E-3 2.83503E-3 3.03283E-3 2.70021E-3 2.81056E-3 2.58634E-3 2.60484E-3 1.9312E-3 1.90437E-3 1.93529E-3 2.19807E-3 2.72955E-3 2.84593E-3 3.56754E-3 2.99573E-3 3.13615E-3 4.1995E-3 4.77569E-3 3.94646E-3 3.54452E-3 3.89303E-3 4.11016E-3 4.71869E-3 4.98573E-3 4.71226E-3 6.73699E-3 8.18406E-3 9.02528E-3 5.58326E-3 8.74576E-3 1.59564E-2 1.50179E-2 1.58341E-2 7.75109E-3 8.98891E-3 2.36838E-2 1.2885E-2 2.11651E-2 1.05912E-2 7.33443E-3 1.65496E-2 1.77581E-2 5.49996E-3 8.2826E-3 5.5845E-3 1.21201E-2 1.51725E-2 2.2789E-2 7.08605E-3 3.45158E-3 1.71346E-3
1.33753E-3 1.67635E-3 2.34551E-3 2.20649E-3 1.93613E-3 1.59172E-3 1.49969E-3 1.63946E-3 2.2816E-3 1.89787E-3 1.96287E-3 2.53376E-3 3.79569E-3 2.74833E-3 2.94474E-3 2.92768E-3 2.24632E-3 1.90799E-3 2.23233E-3 2.33612E-3 2.36602E-3 2.76004E-3 3.38782E-3 2.79122E-3 3.32057E-3 4.31591E-3 4.29637E-3 3.82687E-3 4.22341E-3 3.6497E-3 4.36389E-3 4.29948E-3 5.86638E-3 4.17956E-3 4.87975E-3 4.71485E-3 6.81489E-3 7.6976E-3 1.30867E-2 7.67853E-3 1.41191E-2 1.88313E-2 9.37983E-3 7.12689E-3 1.34294E-2 1.2163E-2 2.17718E-2 2.53433E-2 1.35005E-2 1.08452E-2 7.55785E-3 1.68335E-2 1.05323E-2 6.3192E-3 5.20651E-3 4.74679E-3 1.23173E-2 1.12374E-2 7.69293E-3 8.60146E-3 2.96646E-3
1.46069E-3 1.66417E-3 2.44452E-3 2.27722E-3 2.34564E-3 2.4809E-3 1.94549E-3 1.5965E-3 2.20719E-3 2.02859E-3 1.74059E-3 2.5358E-3 2.40919E-3 3.52592E-3 3.0217E-3 2.64589E-3 2.40515E-3 2.16673E-3 2.38039E-3 2.60084E-3 2.44022E-3 2.69735E-3 3.17264E-3 2.8349E-3 2.56078E-3 2.54041E-3 3.60288E-3 3.82164E-3 3.85253E-3 3.40256E-3 4.17746E-3 4.27573E-3 4.02692E-3 4.30904E-3 5.11353E-3 4.44511E-3 8.46884E-3 1.3335E-2 1.54092E-2 1.28454E-2 1.77549E-2 1.62116E-2 8.13258E-3 2.00234E-2 1.17878E-2 1.30232E-2 1.36926E-2 1.95888E-2 1.42073E-2 2.156E-2 9.41049E-3 1.38322E-2 1.7684E-2 1.66954E-2 1.61069E-2 7.43821E-3 1.11206E-2 4.02666E-3 1.23836E-2 2.73988E-3 7.60551E-3
1.65687E-3 1.59794E-3 2.9602E-3 2.59988E-3 2.402E-3 2.30812E-3 2.46735E-3 1.99586E-3 1.85125E-3 1.87891E-3 1.92579E-3 2.3931E-3 2.37568E-3 4.31761E-3 3.60152E-3 3.07567E-3 2.55684E-3 2.39114E-3 2.38622E-3 2.267E-3 2.64984E-3 3.42391E-3 3.26852E-3 2.47828E-3 2.65681E-3 3.70623E-3 3.5132E-3 4.20695E-3 4.5167E-3 3.57585E-3 3.75505E-3 4.22065E-3 5.46877E-3 4.79844E-3 6.20927E-3 8.51865E-3 9.24302E-3 1.68441E-2 8.12934E-3 9.56201E-3 1.24908E-2 9.8156E-3 1.39946E-2 1.41713E-2 7.90228E-3 1.03902E-2 1.22547E-2 1.48032E-2 1.42698E-2 1.9329E-2 1.73898E-2 1.39336E-2 4.48991E-3 1.06835E-2 1.89406E-2 1.58712E-2 2.90796E-3 2.63877E-3 5.03507E-3 5.96704E-3 1.4075E-3
1.43396E-3 1.59059E-3 1.81365E-3 1.76237E-3 2.14138E-3 2.08295E-3 2.5266E-3 2.00724E-3 2.64129E-3 2.49136E-3 2.06787E-3 1.9814E-3 3.27141E-3 3.7106E-3 3.25996E-3 3.27588E-3 3.26739E-3 2.47E-3 2.94038E-3 3.41414E-3 3.15568E-3 3.38133E-3 3.01403E-3 2.76031E-3 2.68509E-3 4.55389E-3 7.54064E-3 5.58762E-3 3.50722E-3 3.25951E-3 3.93729E-3 4.29186E-3 3.64043E-3 4.44187E-3 6.79849E-3 6.9843E-3 1.2146E-2 1.02139E-2 9.32516E-3 8.59543E-3 9.02561E-3 2.233E-2 1.79219E-2 1.22456E-2 8.33808E-3 6.25444E-3 1.59285E-2 2.06455E-2 1.20946E-2 1.5918E-2 1.59633E-2 1.49729E-2 4.77622E-3 7.56715E-3 1.98943E-2 6.88911E-3 5.48505E-3 1.80147E-3 3.71303E-3 1.61171E-3 1.0895E-3
1.82569E-3 1.81913E-3 1.80114E-3 1.98724E-3 2.12186E-3 2.42978E-3 2.04352E-3 2.1031E-3 3.19745E-3 2.80822E-3 3.53236E-3 2.59238E-3 2.60676E-3 3.25882E-3 3.21349E-3 3.13855E-3 3.05174E-3 2.73018E-3 2.9639E-3 3.17795E-3 3.08803E-3 3.01696E-3 2.76413E-3 2.89841E-3 4.08606E-3 5.3841E-3 5.70664E-3 3.54937E-3 3.28481E-3 3.15983E-3 3.96375E-3 4.52392E-3 6.27351E-3 6.27374E-3 7.6983E-3 1.07802E-2 9.74249E-3 6.42902E-3 7.0749E-3 1.434E-2 1.40878E-2 2.2672E-2 9.71324E-3 8.84956E-3 9.23869E-3 1.32328E-2 1.34968E-2 2.14854E-2 1.09701E-2 1.13072E-2 1.87845E-2 5.98002E-3 3.05369E-3 7.74345E-3 7.71139E-3 3.9162E-3 2.15356E-3 9.21717E-4 1.18674E-3 1.89585E-3 1.05494E-3
1.69371E-3 1.76725E-3 1.75312E-3 2.19752E-3 2.47608E-3 2.53278E-3 2.2891E-3 2.5388E-3 2.5391E-3 2.61984E-3 3.51991E-3 3.03991E-3 2.72472E-3 2.74042E-3 3.1913E-3 3.03855E-3 2.76013E-3 2.49964E-3 2.58889E-3 2.67495E-3 2.96608E-3 2.95439E-3 2.95857E-3 3.12904E-3 3.79471E-3 5.16844E-3 4.77534E-3 3.32011E-3 3.31726E-3 3.43694E-3 5.2311E-3 7.8811E-3 6.18397E-3 5.82547E-3 1.37257E-2 8.33261E-3 8.03117E-3 8.05209E-3 1.1938E-2 1.10772E-2 1.05148E-2 1.9281E-2 1.33198E-2 9.34439E-3 8.29761E-3 8.85152E-3 1.29568E-2 1.49998E-2 5.40993E-3 8.03659E-3 1.48679E-2 1.38079E-2 3.1535E-3 3.68755E-3 9.94652E-4 3.58843E-3 2.43503E-3 7.01291E-4 6.45263E-4 1.17419E-3 1.04349E-3
1.98913E-3 2.25551E-3 2.09683E-3 2.01126E-3 2.59775E-3 2.74434E-3 2.16311E-3 2.51677E-3 2.67021E-3 2.97238E-3 3.02545E-3 3.06886E-3 2.53086E-3 3.28745E-3 3.06801E-3 2.89947E-3 2.72715E-3 2.89173E-3 2.88893E-3 3.30664E-3 2.74131E-3 2.75362E-3 2.99117E-3 3.16622E-3 3.68588E-3 4.00438E-3 3.43676E-3 3.2837E-3 3.21257E-3 4.26993E-3 6.15358E-3 8.95054E-3 5.3563E-3 8.57652E-3 8.67346E-3 8.91151E-3 8.57271E-3 7.75443E-3 1.57152E-2 1.40425E-2 1.27957E-2 1.01775E-2 1.01645E-2 7.13453E-3 1.15188E-2 1.89366E-2 1.93802E-2 9.24751E-3 5.53949E-3 8.61507E-3 1.23587E-2 5.82674E-3 1.30992E-3 1.16284E-3 1.21153E-3 1.9349E-3 3.51519E-3 1.40301E-3 6.79246E-4 6.52531E-4 6.60794E-4
2.16451E-3 2.02064E-3 1.7102E-3 2.19231E-3 2.31425E-3 2.77059E-3 2.38491E-3 2.21088E-3 2.4684E-3 2.34209E-3 2.58528E-3 2.63054E-3 2.25162E-3 3.29038E-3 2.96229E-3 3.15966E-3 3.22212E-3 2.78768E-3 3.03827E-3 3.56956E-3 3.01995E-3 3.41291E-3 3.93766E-3 3.62171E-3 3.34558E-3 3.57591E-3 3.26039E-3 3.42255E-3 3.26645E-3 3.95072E-3 5.75926E-3 7.53117E-3 5.59415E-3 1.11156E-2 6.43612E-3 1.0033E-2 1.22245E-2 7.88272E-3 1.14227E-2 1.68561E-2 1.29712E-2 9.03246E-3 8.69937E-3 9.26702E-3 1.06815E-2 1.08855E-2 1.85198E-2 8.57835E-3 4.92845E-3 9.1199E-3 7.39745E-3 6.00891E-3 2.54371E-3 3.01997E-3 6.44325E-4 1.15076E-3 2.51721E-3 1.95554E-3 1.17026E-3 7.36523E-4 4.1845E-4
2.27201E-3 2.31082E-3 1.83239E-3 2.22048E-3 2.31492E-3 2.53601E-3 2.14805E-3 2.29693E-3 2.61343E-3 3.07319E-3 2.52427E-3 2.18715E-3 3.11705E-3 4.04888E-3 3.0461E-3 3.76213E-3 2.6361E-3 2.57765E-3 2.38599E-3 3.48712E-3 4.8935E-3 5.90685E-3 6.05334E-3 3.74591E-3 3.87573E-3 3.77027E-3 2.9595E-3 4.61689E-3 4.56415E-3 4.64321E-3 5.3474E-3 1.03078E-2 5.97617E-3 6.02239E-3 8.36887E-3 1.26709E-2 1.44404E-2 7.56339E-3 1.02087E-2 1.01001E-2 1.1163E-2 1.07844E-2 6.60008E-3 8.65148E-3 1.11411E-2 1.1619E-2 1.84422E-2 9.95687E-3 5.37776E-3 3.14541E-3 4.48299E-3 6.56855E-3 4.09192E-3 1.28241E-3 7.85499E-4 8.43728E-4 1.49178E-3 2.84344E-3 2.59466E-3 1.297E-3 1.18272E-3
2.08691E-3 1.89092E-3 2.02308E-3 2.09449E-3 2.49304E-3 1.98182E-3 3.08198E-3 4.69469E-3 2.85347E-3 2.57747E-3 2.24707E-3 3.45207E-3 2.37373E-3 3.89873E-3 3.63006E-3 3.00554E-3 2.83058E-3 2.25116E-3 2.1668E-3 3.35683E-3 6.1282E-3 6.57685E-3 5.324E-3 3.39928E-3 3.8456E-3 3.36068E-3 3.52691E-3 3.66307E-3 3.40013E-3 3.58445E-3 4.90569E-3 5.92316E-3 6.81097E-3 6.60866E-3 9.20493E-3 1.38486E-2 1.23401E-2 8.17183E-3 1.04262E-2 1.46505E-2 1.38416E-2 1.10546E-2 9.63574E-3 7.93253E-3 8.02233E-3 1.70793E-2 8.38855E-3 6.34736E-3 2.90831E-3 4.92822E-3 4.85721E-3 3.4512E-3 2.06687E-3 1.7521E-3 5.41535E-4 6.2565E-4 8.92144E-4 1.42342E-3 1.61765E-3 2.22182E-3 1.93325E-3
2.20276E-3 2.052E-3 2.05467E-3 2.40134E-3 2.539E-3 3.05475E-3 3.13076E-3 2.56245E-3 2.69061E-3 2.48879E-3 2.14831E-3 3.07047E-3 2.72891E-3 4.2906E-3 3.04169E-3 3.09534E-3 2.5181E-3 2.36752E-3 2.30206E-3 4.48618E-3 5.35432E-3 3.79912E-3 3.73968E-3 4.03009E-3 3.32164E-3 4.23431E-3 4.82594E-3 4.88184E-3 6.16303E-3 4.69078E-3 3.89374E-3 1.00553E-2 6.34573E-3 4.09416E-3 8.60592E-3 1.45714E-2 1.61904E-2 8.44774E-3 7.65636E-3 6.79411E-3 1.11247E-2 8.92055E-3 1.36308E-2 1.52824E-2 6.67652E-3 7.72063E-3 9.72504E-3 2.74123E-3 2.90924E-3 3.09898E-3 6.1625E-3 2.68942E-3 1.69223E-3 1.10422E-3 1.16527E-3 5.03191E-4 6.60384E-4 1.41082E-3 8.15098E-4 8.177E-4 1.06898E-3
1.98067E-3 2.21383E-3 2.39495E-3 2.2201E-3 2.59243E-3 2.75058E-3 3.30071E-3 2.84984E-3 2.71302E-3 2.73379E-3 2.45648E-3 2.356E-3 2.71982E-3 3.54482E-3 2.90046E-3 3.61446E-3 3.27463E-3 2.52853E-3 4.58599E-3 4.87042E-3 4.04978E-3 3.6299E-3 3.32768E-3 3.01931E-3 3.52558E-3 3.89146E-3 4.48906E-3 6.01532E-3 8.51531E-3 8.66813E-3 7.44017E-3 1.25443E-2 7.82816E-3 5.77488E-3 4.7513E-3 1.09081E-2 1.09327E-2 1.20529E-2 7.20457E-3 8.00198E-3 1.09974E-2 7.8219E-3 9.25242E-3 1.33065E-2 6.5971E-3 9.29734E-3 3.71248E-3 6.01323E-3 2.48561E-3 6.27795E-3 3.50706E-3 1.17698E-3 6.56894E-4 1.37098E-3 2.87183E-3 2.2542E-3 6.34735E-4 1.76589E-3 5.81997E-4 6.67585E-4 6.81065E-4
1.99786E-3 2.83399E-3 3.02522E-3 2.41436E-3 2.41471E-3 2.33763E-3 2.68209E-3 2.7099E-3 2.20089E-3 3.2812E-3 3.06673E-3 2.94926E-3 3.12223E-3 2.85354E-3 2.76248E-3 3.60472E-3 4.7696E-3 4.18963E-3 4.08842E-3 4.10248E-3 6.09894E-3 4.84459E-3 4.37496E-3 3.33822E-3 2.85688E-3 3.44471E-3 4.32607E-3 6.14606E-3 7.80368E-3 7.21368E-3 1.1772E-2 8.16189E-3 9.285E-3 8.29469E-3 4.57135E-3 9.83027E-3 1.35859E-2 7.65612E-3 8.06099E-3 1.18986E-2 1.30987E-2 7.87595E-3 6.79741E-3 9.2694E-3 5.42605E-3 2.21441E-3 3.05208E-3 4.02712E-3 3.99236E-3 3.77643E-3 4.2343E-3 1.68496E-3 8.14207E-4 1.11091E-3 2.28235E-3 1.19458E-3 6.18698E-4 6.41093E-4 8.22223E-4 1.01499E-3 5.68417E-4
2.55372E-3 2.93808E-3 2.75664E-3 3.87596E-3 3.0826E-3 2.45857E-3 2.93168E-3 2.25713E-3 3.77506E-3 5.80457E-3 6.04239E-3 4.96406E-3 3.63402E-3 3.30368E-3 4.19825E-3 4.07224E-3 3.72651E-3 3.57104E-3 3.55582E-3 5.00647E-3 4.58238E-3 3.73144E-3 4.91692E-3 5.18996E-3 3.73574E-3 3.54189E-3 4.30138E-3 5.67573E-3 6.21452E-3 9.51937E-3 9.95858E-3 8.41971E-3 1.0629E-2 9.69214E-3 8.2374E-3 5.77167E-3 6.54742E-3 9.23823E-3 1.16635E-2 1.19423E-2 8.34599E-3 7.68667E-3 8.62742E-3 9.77569E-3 2.4909E-3 2.44319E-3 2.23408E-3 4.74475E-3 2.4482E-3 2.1467E-3 3.77244E-3 2.66347E-3 7.16862E-4 1.75228E-3 1.45383E-3 1.4014E-3 7.2884E-4 6.33354E-4 6.11386E-4 6.28607E-4 5.61022E-4
2.74681E-3 2.99582E-3 2.86247E-3 3.07118E-3 3.20416E-3 2.64125E-3 2.92062E-3 2.66243E-3 5.41346E-3 3.99959E-3 3.4636E-3 3.30505E-3 3.09594E-3 2.99735E-3 3.26532E-3 3.83651E-3 3.28244E-3 2.88244E-3 3.55718E-3 4.43527E-3 3.89345E-3 3.96204E-3 4.02514E-3 4.26108E-3 4.51421E-3 3.99111E-3 5.41596E-3 4.95812E-3 6.34103E-3 1.02816E-2 7.30917E-3 1.01786E-2 7.73553E-3 9.66508E-3 1.04494E-2 5.82951E-3 9.1509E-3 1.19354E-2 7.91512E-3 8.75138E-3 7.06552E-3 6.49641E-3 9.78168E-3 5.02288E-3 2.34707E-3 2.7014E-3 1.84911E-3 2.34745E-3 2.60605E-3 2.0282E-3 2.42365E-3 3.07701E-3 1.05928E-3 7.9424E-4 7.7285E-4 7.87052E-4 7.8782E-4 6.9461E-4 6.50602E-4 -9999 -9999
2.60732E-3 3.42068E-3 3.17974E-3 3.18108E-3 2.94522E-3 3.05645E-3 3.24757E-3 2.90665E-3 2.93088E-3 3.00226E-3 3.3666E-3 3.19824E-3 3.65832E-3 3.10114E-3 3.06916E-3 3.62796E-3 3.2358E-3 3.34723E-3 3.69093E-3 4.37617E-3 3.89525E-3 4.78124E-3 5.09965E-3 4.57943E-3 5.34034E-3 4.22809E-3 4.85284E-3 5.35345E-3 6.00003E-3 7.32877E-3 7.65713E-3 1.00065E-2 6.62458E-3 7.25355E-3 5.95554E-3 5.73406E-3 8.144E-3 9.17256E-3 7.52937E-3 7.092E-3 7.43569E-3 8.78407E-3 4.2629E-3 4.3828E-3 2.65929E-3 1.80332E-3 1.81027E-3 2.07638E-3 2.13172E-3 1.99107E-3 1.94166E-3 1.95533E-3 1.43262E-3 8.9303E-4 8.6404E-4 8.67976E-4 7.64563E-4 7.4083E-4 -9999 -9999 -9999
2.72335E-3 3.41459E-3 3.40605E-3 3.30163E-3 3.15549E-3 3.30626E-3 2.96538E-3 3.24226E-3 3.37651E-3 3.77125E-3 3.32601E-3 3.40714E-3 3.41759E-3 2.73908E-3 2.78278E-3 3.71169E-3 3.25E-3 3.63629E-3 4.00018E-3 3.30202E-3 4.55239E-3 4.14015E-3 4.33715E-3 4.06406E-3 4.88215E-3 4.51073E-3 4.53781E-3 5.68854E-3 6.41257E-3 6.23511E-3 8.69498E-3 7.4169E-3 6.74656E-3 6.81869E-3 6.1449E-3 5.98445E-3 7.21211E-3 6.3329E-3 8.26912E-3 6.74424E-3 6.95806E-3 3.94924E-3 4.23786E-3 3.68574E-3 2.27237E-3 2.03241E-3 1.92339E-3 1.92847E-3 1.63833E-3 1.52773E-3 1.26611E-3 1.26563E-3 1.05364E-3 8.85309E-4 9.38812E-4 8.2621E-4 -9999 -9999 -9999 -9999 -9999
2.66894E-3 3.18351E-3 3.85084E-3 3.50547E-3 3.43857E-3 3.09892E-3 3.175E-3 3.45822E-3 3.64396E-3 3.82498E-3 3.36641E-3 3.1702E-3 2.86095E-3 2.89857E-3 3.68617E-3 3.44375E-3 3.22868E-3 4.09552E-3 4.35199E-3 2.92516E-3 3.33171E-3 4.39998E-3 3.58037E-3 3.71188E-3 3.92279E-3 4.41557E-3 5.72432E-3 5.06252E-3 6.011E-3 5.93165E-3 7.74742E-3 6.8346E-3 5.34198E-3 6.09219E-3 7.64052E-3 6.26333E-3 6.7653E-3 7.17035E-3 6.30183E-3 6.40234E-3 2.94029E-3 3.54911E-3 3.40825E-3 2.61E-3 1.91966E-3 1.61762E-3 1.6197E-3 1.51709E-3 1.397E-3 1.27886E-3 1.09304E-3 9.84498E-4 9.6267E-4 1.02169E-3 8.52857E-4 -9999 -9999 -9999 -9999 -9999 -9999
2.71382E-3 3.20933E-3 3.71918E-3 3.67035E-3 3.57949E-3 3.10539E-3 3.05445E-3 3.70722E-3 4.0698E-3 3.5862E-3 3.41779E-3 3.19932E-3 3.22517E-3 3.14632E-3 3.5152E-3 3.77677E-3 3.31241E-3 3.3147E-3 3.42901E-3 3.06054E-3 3.16333E-3 3.4653E-3 3.43125E-3 4.12069E-3 3.58315E-3 3.8519E-3 4.95949E-3 4.89892E-3 4.85739E-3 5.82199E-3 6.32639E-3 7.12204E-3 6.17867E-3 5.56792E-3 5.47144E-3 6.08032E-3 6.45691E-3 6.4745E-3 6.54424E-3 3.45917E-3 3.04275E-3 2.23426E-3 2.22805E-3 2.20196E-3 2.41402E-3 1.86482E-3 1.29132E-3 1.04324E-3 1.22346E-3 1.29112E-3 1.24058E-3 1.10796E-3 9.49141E-4 9.20753E-4 -9999 -9999 -9999 -9999 -9999 -9999 -9999
2.89472E-3 3.54469E-3 3.96514E-3 3.44219E-3 3.39353E-3 3.30213E-3 3.5502E-3 3.99833E-3 4.26765E-3 3.38142E-3 3.2191E-3 3.31187E-3 3.18046E-3 3.32926E-3 3.883E-3 4.05402E-3 3.45668E-3 3.31376E-3 3.30066E-3 3.2226E-3 4.42949E-3 5.67279E-3 4.42387E-3 4.85696E-3 4.35372E-3 3.94955E-3 3.42056E-3 3.92099E-3 4.29613E-3 4.76516E-3 5.67149E-3 6.40313E-3 9.10352E-3 6.96201E-3 4.92729E-3 5.08559E-3 6.04846E-3 5.69473E-3 3.15551E-3 2.97444E-3 3.28154E-3 2.5748E-3 2.0205E-3 1.48655E-3 1.95565E-3 2.27387E-3 1.39992E-3 1.46812E-3 1.10772E-3 1.24752E-3 1.2477E-3 1.1266E-3 9.95613E-4 -9999 -9999 -9999 -9999 -9999 -9999 -9999 -9999
2.99485E-3 3.73587E-3 3.99186E-3 3.50281E-3 3.24375E-3 3.82159E-3 3.89719E-3 4.42277E-3 3.7456E-3 2.75613E-3 2.8394E-3 3.16397E-3 3.9532E-3 3.73872E-3 3.88626E-3 3.48643E-3 3.51214E-3 3.66275E-3 3.20087E-3 3.34065E-3 3.6722E-3 3.89165E-3 3.95766E-3 5.022E-3 4.69465E-3 4.0333E-3 3.99466E-3 4.33719E-3 5.39131E-3 4.07307E-3 5.83169E-3 5.78184E-3 5.77958E-3 6.87693E-3 7.23517E-3 4.81369E-3 5.20614E-3 5.0666E-3 3.06279E-3 3.6487E-3 3.686E-3 3.25628E-3 2.28767E-3 1.57619E-3 1.33464E-3 1.52891E-3 1.4545E-3 1.29197E-3 1.26342E-3 1.45816E-3 1.23658E-3 1.07805E-3 -9999 -9999 -9999 -9999 -9999 -9999 -9999 -9999 -9999
2.7259E-3 3.21998E-3 4.19972E-3 3.53403E-3 3.41719E-3 4.08088E-3 4.07847E-3 3.91096E-3 2.9464E-3 3.09378E-3 5.71904E-3 3.19339E-3 3.41955E-3 3.49813E-3 3.19927E-3 3.64013E-3 3.33444E-3 3.31718E-3 3.03741E-3 3.82174E-3 4.52467E-3 3.59959E-3 3.16141E-3 3.45108E-3 5.87496E-3 4.40316E-3 4.50482E-3 6.37378E-3 5.75339E-3 4.54805E-3 4.34546E-3 4.71321E-3 4.48782E-3 7.00976E-3 8.19637E-3 5.73809E-3 4.86073E-3 2.60095E-3 2.54577E-3 3.0058E-3 2.89763E-3 2.22321E-3 2.07174E-3 1.49792E-3 1.57503E-3 1.35316E-3 1.25158E-3 1.3452E-3 1.46745E-3 1.43938E-3 1.16581E-3 1.08518E-3 1.03595E-3 -9999 -9999 -9999 -9999 -9999 -9999 -9999 -9999
3.6627E-3 3.14487E-3 3.67541E-3 4.3893E-3 3.49515E-3 3.85679E-3 4.29757E-3 3.27135E-3 2.91988E-3 3.81829E-3 5.38299E-3 4.30074E-3 3.60824E-3 3.38397E-3 3.35359E-3 4.36919E-3 4.08776E-3 3.33912E-3 3.08901E-3 3.3232E-3 3.70859E-3 4.34826E-3 3.26988E-3 3.59483E-3 4.95741E-3 4.21367E-3 4.41618E-3 5.20627E-3 5.40299E-3 4.53399E-3 4.35522E-3 4.63096E-3 4.62295E-3 4.6456E-3 6.2152E-3 5.10469E-3 2.5497E-3 2.31742E-3 2.13265E-3 1.97897E-3 1.7248E-3 1.81098E-3 1.64708E-3 1.43707E-3 1.34918E-3 1.47249E-3 1.34424E-3 1.3357E-3 1.26005E-3 1.266E-3 1.0135E-3 -9999 9.87309E-4 -9999 -9999 -9999 -9999 -9999 -9999 -9999 -9999
