Artocarpus hirsutus SDM files/MIS19/results (with bias file)/Arthir_min.asc
ncols         625
nrows         721
xllcorner     69.99986311115
yllcorner     5.99986187915
cellsize      0.041666667
NODATA_value  -9999
[rows 189 to 215 of 721, columns 0 to 60 of 625]
1.13145E-4 1.20455E-4 1.20905E-4 1.08207E-4 1.08207E-4 1.19064E-4 9.74245E-5 9.70791E-5 9.70791E-5 1.072E-4 9.80823E-5 8.9658E-5 8.9658E-5 9.02634E-5 9.02634E-5 9.02634E-5 9.08559E-5 8.33012E-5 6.91186E-5 7.00793E-5 6.38717E-5 5.29511E-5 5.85946E-5 4.90044E-5 4.45321E-5 4.48458E-5 4.11508E-5 3.73401E-5 3.8738E-5 3.19437E-5 2.93202E-5 2.167E-5 1.95621E-5 1.7835E-5 1.45344E-5 1.47401E-5 1.52342E-5 1.54491E-5 1.25954E-5 1.27722E-5 1.15998E-5 1.04525E-5 1.0488E-5 9.5428E-6 1.17232E-5 1.06023E-5 9.54593E-6 9.70689E-6 9.7718E-6 9.73861E-6 9.83613E-6 8.87821E-6 8.01065E-6 7.13629E-6 8.13066E-6 8.10074E-6 8.15371E-6 7.50347E-6 7.61397E-6 7.69763E-6 8.281E-6
1.0091E-4 1.0091E-4 9.01794E-5 9.01794E-5 8.26509E-5 8.9073E-5 9.77709E-5 9.8431E-5 1.07601E-4 8.9658E-5 8.19122E-5 8.19122E-5 8.24653E-5 9.0584E-5 9.0584E-5 8.33012E-5 8.33012E-5 7.63184E-5 6.34559E-5 6.38843E-5 6.43369E-5 5.88135E-5 4.90044E-5 4.95341E-5 4.95341E-5 4.53172E-5 4.11508E-5 3.77424E-5 2.53163E-5 2.31279E-5 1.89318E-5 1.72607E-5 1.98451E-5 1.81551E-5 1.64752E-5 1.48396E-5 1.55066E-5 1.41047E-5 1.26854E-5 1.14395E-5 1.15569E-5 1.04525E-5 9.37986E-6 9.51066E-6 9.54288E-6 8.87057E-6 7.88165E-6 1.10073E-5 9.77468E-6 9.73861E-6 9.83613E-6 8.94056E-6 7.83432E-6 7.03741E-6 7.13505E-6 7.33624E-6 8.40295E-6 7.53117E-6 7.64206E-6 7.72995E-6 8.22026E-6
9.22431E-5 7.52019E-5 7.52019E-5 9.93554E-5 8.13628E-5 8.13628E-5 9.87991E-5 9.87991E-5 8.19122E-5 8.19122E-5 8.24653E-5 9.0584E-5 9.0584E-5 9.15863E-5 7.63742E-5 8.42062E-5 7.71469E-5 6.98556E-5 7.05901E-5 6.43369E-5 5.88135E-5 5.92106E-5 5.38861E-5 5.4469E-5 4.53172E-5 4.5806E-5 3.7751E-5 3.4598E-5 2.55054E-5 2.10498E-5 1.91347E-5 1.94115E-5 1.77507E-5 1.60598E-5 1.65365E-5 1.7216E-5 1.39567E-5 1.41999E-5 1.28147E-5 1.15168E-5 1.03818E-5 1.04525E-5 9.47859E-6 8.55711E-6 9.64295E-6 7.80283E-6 7.88165E-6 9.14471E-6 9.87627E-6 8.79378E-6 7.87926E-6 8.94056E-6 9.06284E-6 7.91525E-6 7.15845E-6 8.31148E-6 7.55897E-6 7.67026E-6 7.69763E-6 8.5986E-6 8.89466E-6
7.52019E-5 8.29751E-5 8.35354E-5 8.38477E-5 7.42793E-5 6.79662E-5 6.79662E-5 6.82202E-5 8.24948E-5 8.30518E-5 9.15863E-5 8.36738E-5 7.66596E-5 8.45208E-5 8.48367E-5 8.45208E-5 7.51771E-5 8.56944E-5 6.92609E-5 6.50473E-5 6.52767E-5 5.98515E-5 4.9719E-5 5.02557E-5 4.59769E-5 4.2199E-5 3.4727E-5 2.84873E-5 2.61408E-5 2.13494E-5 2.14936E-5 1.76285E-5 1.76895E-5 1.44157E-5 1.72208E-5 1.56694E-5 1.41031E-5 1.41999E-5 1.29503E-5 1.16385E-5 1.04171E-5 9.51376E-6 8.55995E-6 8.56002E-6 8.64686E-6 6.9374E-6 7.88165E-6 7.13274E-6 8.25073E-6 8.85566E-6 8.91451E-6 8.94056E-6 7.88925E-6 7.03916E-6 7.39056E-6 7.52634E-6 8.5008E-6 7.64206E-6 8.567E-6 7.72995E-6 7.07197E-6
7.57368E-5 7.59786E-5 8.38477E-5 6.775E-5 6.84625E-5 6.82202E-5 8.24948E-5 7.53269E-5 8.31126E-5 7.63742E-5 8.42677E-5 8.42677E-5 8.48367E-5 8.48367E-5 7.74351E-5 7.54279E-5 6.88103E-5 6.31381E-5 6.38215E-5 5.9672E-5 5.2723E-5 5.36527E-5 4.87916E-5 4.48042E-5 3.34735E-5 3.35906E-5 3.07546E-5 2.55569E-5 2.37207E-5 2.37922E-5 1.93357E-5 1.76285E-5 1.78168E-5 1.68375E-5 1.22346E-5 1.40549E-5 1.42041E-5 1.29063E-5 1.29503E-5 1.04907E-5 1.0566E-5 9.51376E-6 8.64978E-6 8.59176E-6 7.69603E-6 7.74796E-6 8.79896E-6 7.15653E-6 8.2844E-6 8.25385E-6 7.22474E-6 7.86531E-6 7.06518E-6 7.36335E-6 7.52721E-6 6.73702E-6 8.5582E-6 8.65774E-6 7.75846E-6 7.8725E-6 7.90151E-6
6.95588E-5 6.95588E-5 7.68192E-5 7.53126E-5 6.87053E-5 7.55795E-5 7.5862E-5 7.66596E-5 7.69157E-5 6.78813E-5 6.81216E-5 6.85816E-5 6.25066E-5 6.72734E-5 6.75247E-5 6.957E-5 7.65297E-5 7.05344E-5 6.45114E-5 5.89717E-5 5.34917E-5 4.89736E-5 4.94773E-5 3.70547E-5 3.35984E-5 3.07692E-5 2.77545E-5 2.29505E-5 2.65193E-5 2.10916E-5 2.18045E-5 1.62354E-5 1.50682E-5 1.32078E-5 1.36032E-5 1.23187E-5 1.43014E-5 1.15237E-5 1.04228E-5 9.42065E-6 8.44773E-6 7.59538E-6 8.68186E-6 8.62071E-6 7.72452E-6 7.88691E-6 7.10901E-6 7.23299E-6 7.49719E-6 7.52204E-6 6.55659E-6 7.07087E-6 7.18788E-6 6.66369E-6 6.66369E-6 6.71224E-6 7.58597E-6 8.62592E-6 7.75846E-6 7.78706E-6 7.84359E-6
5.10015E-5 5.64184E-5 6.89353E-5 6.89353E-5 6.94514E-5 6.94514E-5 6.81081E-5 6.20873E-5 6.20873E-5 6.20873E-5 7.57647E-5 7.62763E-5 6.75247E-5 6.17599E-5 5.33492E-5 5.64571E-5 6.24278E-5 6.28493E-5 5.72389E-5 5.22853E-5 4.80476E-5 4.91455E-5 4.08366E-5 3.74535E-5 3.39597E-5 3.4189E-5 2.79553E-5 2.31104E-5 2.10187E-5 1.92483E-5 1.74878E-5 1.28215E-5 1.28215E-5 1.32532E-5 1.37477E-5 1.23645E-5 1.15665E-5 1.04972E-5 9.45213E-6 8.50746E-6 8.50784E-6 6.82616E-6 8.74327E-6 6.2364E-6 6.32046E-6 6.38635E-6 6.22138E-6 5.62163E-6 5.71762E-6 5.73653E-6 6.64877E-6 6.64609E-6 6.8251E-6 7.36335E-6 7.47192E-6 6.74056E-6 7.58597E-6 8.56806E-6 7.73091E-6 7.8725E-6 7.84851E-6
5.68189E-5 6.28414E-5 5.72329E-5 6.32993E-5 5.61779E-5 6.23067E-5 6.2773E-5 5.95534E-5 5.95534E-5 5.97638E-5 5.31726E-5 5.35484E-5 5.35484E-5 5.35484E-5 5.41274E-5 5.41274E-5 4.97771E-5 4.9952E-5 5.01272E-5 4.55627E-5 4.36717E-5 4.00834E-5 3.63536E-5 3.75931E-5 3.79878E-5 3.1426E-5 2.56584E-5 2.31965E-5 2.13227E-5 1.58219E-5 1.58697E-5 1.59245E-5 1.47797E-5 1.33482E-5 1.20499E-5 1.11951E-5 1.01257E-5 1.04972E-5 9.45213E-6 8.476E-6 7.59782E-6 7.7037E-6 6.2827E-6 6.28053E-6 5.65312E-6 5.01667E-6 5.54372E-6 5.62004E-6 5.6195E-6 6.39289E-6 5.7154E-6 6.01276E-6 6.80072E-6 7.39056E-6 6.73702E-6 6.74056E-6 7.59081E-6 8.63139E-6 7.75942E-6 7.81969E-6 8.83178E-6
6.91792E-5 6.94377E-5 5.61779E-5 5.65573E-5 5.67571E-5 5.42381E-5 4.9371E-5 5.44296E-5 5.47971E-5 5.35484E-5 5.37483E-5 5.39489E-5 5.43294E-5 5.43294E-5 4.49733E-5 5.01383E-5 5.50813E-5 4.55954E-5 4.59154E-5 4.23299E-5 3.84283E-5 3.47477E-5 2.88461E-5 3.35655E-5 2.61955E-5 3.50568E-5 2.88641E-5 1.84019E-5 1.67115E-5 1.5057E-5 1.36127E-5 1.22945E-5 1.13939E-5 1.14722E-5 9.26213E-6 7.4814E-6 7.58639E-6 7.78633E-6 8.0763E-6 6.48238E-6 7.78716E-6 5.94256E-6 7.01963E-6 6.27851E-6 6.32294E-6 5.65288E-6 5.67178E-6 5.00422E-6 5.64029E-6 6.39289E-6 5.82026E-6 6.03829E-6 6.82585E-6 6.10484E-6 7.42181E-6 6.74056E-6 7.53509E-6 7.646E-6 7.79197E-6 7.85342E-6 7.9395E-6
6.32866E-5 4.6159E-5 5.16534E-5 5.16534E-5 4.90043E-5 5.44296E-5 4.97199E-5 5.503E-5 4.90973E-5 4.90973E-5 5.43294E-5 5.43294E-5 4.94539E-5 5.45204E-5 5.50933E-5 6.1133E-5 5.58828E-5 4.6756E-5 3.84465E-5 3.87061E-5 4.30733E-5 3.20673E-5 3.2179E-5 2.91556E-5 2.41322E-5 2.20498E-5 2.52208E-5 1.84623E-5 1.50609E-5 1.5113E-5 1.37577E-5 1.42248E-5 1.15149E-5 1.04228E-5 9.29655E-6 7.50698E-6 6.7269E-6 6.93248E-6 5.4485E-6 6.59708E-6 6.59708E-6 5.90072E-6 5.94055E-6 6.25951E-6 6.34613E-6 5.6945E-6 5.14035E-6 5.00564E-6 5.07432E-6 5.73801E-6 5.29796E-6 6.08301E-6 6.06454E-6 6.10878E-6 6.66722E-6 6.74486E-6 7.62273E-6 6.8729E-6 7.15487E-6 7.91036E-6 7.79587E-6
4.19468E-5 4.6974E-5 5.16534E-5 4.47315E-5 4.53842E-5 5.00556E-5 5.539E-5 5.55967E-5 4.92805E-5 4.98129E-5 4.49733E-5 5.51208E-5 5.01742E-5 5.55204E-5 5.0715E-5 4.67892E-5 4.69303E-5 4.70717E-5 4.75774E-5 4.32337E-5 3.9541E-5 3.26451E-5 2.95776E-5 2.69715E-5 2.44811E-5 2.21221E-5 1.79781E-5 2.07328E-5 1.52216E-5 1.38088E-5 1.4176E-5 1.42248E-5 1.03163E-5 9.26479E-6 9.3284E-6 7.53486E-6 6.77748E-6 7.03166E-6 5.4485E-6 4.88959E-6 5.86108E-6 5.94256E-6 5.31485E-6 4.25338E-6 4.2012E-6 4.47241E-6 5.00793E-6 4.45555E-6 4.48349E-6 5.20167E-6 5.28187E-6 5.24305E-6 5.37898E-6 6.2942E-6 6.40965E-6 6.92451E-6 6.99964E-6 6.8729E-6 7.10246E-6 8.03143E-6 7.74358E-6
4.28465E-5 4.28465E-5 4.08011E-5 4.53842E-5 4.53842E-5 5.04087E-5 4.48158E-5 5.61974E-5 4.94539E-5 4.94539E-5 4.5628E-5 5.0715E-5 5.12608E-5 4.67892E-5 4.60183E-5 5.71051E-5 5.23189E-5 5.25138E-5 4.79209E-5 4.38398E-5 3.61293E-5 3.28804E-5 3.32172E-5 3.00958E-5 2.72356E-5 2.46401E-5 1.81075E-5 1.64512E-5 1.71257E-5 1.38564E-5 1.43267E-5 1.28947E-5 1.03517E-5 1.04258E-5 8.3461E-6 7.48432E-6 6.75447E-6 6.0687E-6 5.59379E-6 6.36052E-6 5.90468E-6 5.29703E-6 5.35247E-6 4.17323E-6 4.15784E-6 4.17175E-6 4.42604E-6 4.45555E-6 4.04106E-6 5.29796E-6 5.39943E-6 4.82201E-6 5.47838E-6 5.46171E-6 5.5619E-6 6.43328E-6 7.00051E-6 7.02543E-6 7.05482E-6 8.03143E-6 7.94831E-6
4.30064E-5 4.7482E-5 4.12423E-5 4.56907E-5 4.58515E-5 4.63566E-5 4.49733E-5 4.56381E-5 4.5628E-5 4.57981E-5 4.08095E-5 4.56987E-5 4.56987E-5 4.58583E-5 4.18271E-5 4.22759E-5 4.25614E-5 4.24035E-5 4.38505E-5 4.02442E-5 4.03838E-5 3.33409E-5 3.01035E-5 3.00958E-5 2.75265E-5 2.49957E-5 1.65123E-5 1.49844E-5 1.5036E-5 1.39557E-5 1.39557E-5 1.42736E-5 1.15228E-5 9.26851E-6 8.40573E-6 6.80264E-6 6.8258E-6 6.17635E-6 5.63563E-6 5.69472E-6 5.1625E-6 3.9973E-6 3.98254E-6 4.67456E-6 4.83165E-6 4.20093E-6 4.42604E-6 4.41099E-6 4.57825E-6 4.66259E-6 5.28187E-6 5.34005E-6 4.83981E-6 5.46171E-6 4.89505E-6 6.4137E-6 4.62439E-6 5.33153E-6 7.07927E-6 7.37889E-6 7.43774E-6
4.3602E-5 3.40925E-5 4.15207E-5 4.60126E-5 4.18222E-5 5.13338E-5 4.1021E-5 4.16178E-5 4.22224E-5 4.09616E-5 4.5529E-5 4.56987E-5 4.60292E-5 4.68375E-5 4.22664E-5 4.27199E-5 5.18649E-5 4.29978E-5 3.90434E-5 3.56817E-5 4.09492E-5 3.70272E-5 3.34564E-5 3.05171E-5 2.78201E-5 2.51685E-5 2.04891E-5 1.67386E-5 1.50878E-5 1.40036E-5 1.40036E-5 1.42306E-5 1.1645E-5 9.40236E-6 7.59442E-6 7.62027E-6 6.13462E-6 5.4707E-6 5.67751E-6 4.90948E-6 5.11061E-6 4.58138E-6 4.1622E-6 4.20397E-6 4.20246E-6 3.73623E-6 4.44369E-6 4.59518E-6 4.10078E-6 4.62877E-6 5.22429E-6 5.28187E-6 5.35978E-6 5.56255E-6 5.66804E-6 5.09921E-6 5.55338E-6 5.39332E-6 5.64109E-6 6.49841E-6 5.70251E-6
4.3602E-5 3.81104E-5 3.45889E-5 4.66826E-5 4.25797E-5 4.73613E-5 4.20454E-5 4.10851E-5 3.74464E-5 4.15269E-5 4.15366E-5 4.19829E-5 4.68375E-5 4.24238E-5 4.24238E-5 5.18649E-5 4.76594E-5 4.79911E-5 3.94612E-5 3.59227E-5 3.24584E-5 3.70272E-5 3.05304E-5 3.08427E-5 2.79236E-5 2.80198E-5 2.05653E-5 1.50423E-5 1.36403E-5 1.54431E-5 1.39097E-5 1.2817E-5 1.16894E-5 9.37037E-6 8.43764E-6 6.7821E-6 6.82832E-6 5.51136E-6 5.69673E-6 5.65653E-6 4.59836E-6 3.59251E-6 3.57925E-6 3.23586E-6 3.25728E-6 3.78902E-6 3.86218E-6 4.53078E-6 4.07328E-6 5.18641E-6 4.63178E-6 5.91321E-6 5.30424E-6 4.69991E-6 4.22522E-6 4.9467E-6 5.02249E-6 4.86687E-6 4.95946E-6 5.57576E-6 6.33123E-6
4.01696E-5 3.45811E-5 3.86458E-5 3.83866E-5 3.77728E-5 4.20454E-5 3.73073E-5 3.73073E-5 4.16817E-5 4.18271E-5 4.21292E-5 4.7012E-5 4.25818E-5 4.27302E-5 4.7012E-5 4.28591E-5 4.29978E-5 4.31473E-5 3.56747E-5 3.56747E-5 3.57985E-5 3.39394E-5 3.41742E-5 3.11714E-5 3.10559E-5 2.82131E-5 2.07071E-5 1.86922E-5 1.51459E-5 1.50959E-5 1.60282E-5 1.2817E-5 1.15669E-5 1.05054E-5 9.50172E-6 7.64618E-6 6.15988E-6 5.55054E-6 4.99802E-6 4.46536E-6 4.43242E-6 3.97051E-6 3.97049E-6 3.98384E-6 3.55391E-6 4.20534E-6 5.0546E-6 4.58124E-6 4.60072E-6 5.28583E-6 5.26638E-6 5.91321E-6 5.89144E-6 4.64877E-6 4.71725E-6 4.80436E-6 4.8596E-6 4.62439E-6 4.72939E-6 4.88716E-6 5.63748E-6
3.14572E-5 3.49445E-5 3.51976E-5 3.92075E-5 3.80463E-5 3.39782E-5 3.39782E-5 4.19631E-5 3.79807E-5 3.83796E-5 4.24137E-5 4.22763E-5 4.22763E-5 4.25716E-5 4.68487E-5 4.68487E-5 4.28591E-5 4.7318E-5 4.29978E-5 3.9608E-5 3.2692E-5 2.99358E-5 3.41742E-5 3.09623E-5 2.82209E-5 2.55309E-5 2.07841E-5 1.87616E-5 1.5152E-5 1.72587E-5 1.59752E-5 1.2958E-5 1.04737E-5 8.56152E-6 7.75816E-6 6.95178E-6 5.55249E-6 4.9812E-6 5.55069E-6 4.37306E-6 4.40269E-6 3.93062E-6 3.93062E-6 4.58273E-6 3.56818E-6 5.00266E-6 4.45123E-6 5.09489E-6 5.11373E-6 5.82784E-6 4.65145E-6 5.26866E-6 5.85193E-6 5.26866E-6 5.18904E-6 4.27436E-6 5.21548E-6 5.55682E-6 5.41633E-6 4.67808E-6 4.83658E-6
3.68325E-5 3.19144E-5 3.87899E-5 3.57088E-5 3.48854E-5 3.42076E-5 3.4575E-5 3.44629E-5 3.4712E-5 3.81133E-5 4.19729E-5 4.21194E-5 4.21194E-5 4.68487E-5 4.68487E-5 4.71756E-5 4.3028E-5 4.31776E-5 3.89259E-5 3.93248E-5 3.24584E-5 3.25708E-5 3.38047E-5 3.07416E-5 2.82209E-5 2.84154E-5 2.30898E-5 1.8764E-5 1.71115E-5 1.57852E-5 1.46501E-5 1.18657E-5 1.06993E-5 8.71322E-6 8.71043E-6 7.70339E-6 6.18272E-6 6.18272E-6 4.94779E-6 4.96449E-6 4.9279E-6 3.94519E-6 4.00115E-6 4.04148E-6 4.02779E-6 3.68461E-6 5.07662E-6 6.4213E-6 5.81014E-6 5.2118E-6 5.19207E-6 5.1763E-6 5.85506E-6 5.29093E-6 4.60355E-6 4.71971E-6 3.89625E-6 4.87287E-6 6.43205E-6 6.36247E-6 5.51882E-6
4.11523E-5 4.16045E-5 3.54352E-5 3.47558E-5 2.78103E-5 2.80114E-5 3.1357E-5 3.4833E-5 3.4833E-5 3.85225E-5 3.82641E-5 3.81312E-5 3.85403E-5 3.88183E-5 4.25913E-5 4.27394E-5 4.25809E-5 4.30368E-5 3.90785E-5 3.91965E-5 3.59386E-5 4.11089E-5 3.38192E-5 3.07416E-5 2.79278E-5 2.55343E-5 2.32484E-5 1.89703E-5 1.98205E-5 1.61798E-5 1.17159E-5 1.09259E-5 9.70967E-6 9.56943E-6 8.65171E-6 7.70339E-6 6.97755E-6 5.59198E-6 5.59198E-6 4.98123E-6 4.99965E-6 4.49838E-6 4.49822E-6 4.00099E-6 4.06826E-6 4.87349E-6 4.91284E-6 5.70451E-6 5.74619E-6 6.45211E-6 6.5473E-6 5.23669E-6 5.08263E-6 4.64003E-6 4.62054E-6 4.71971E-6 4.37198E-6 4.5179E-6 5.07227E-6 4.99839E-6 5.66163E-6
3.74801E-5 4.20514E-5 4.22081E-5 3.6336E-5 2.78103E-5 2.79981E-5 3.1459E-5 3.48167E-5 3.4833E-5 3.85225E-5 3.49703E-5 3.85403E-5 3.85403E-5 3.86919E-5 3.91058E-5 3.85484E-5 4.27482E-5 3.92311E-5 3.58367E-5 3.58367E-5 3.29469E-5 4.11266E-5 3.41936E-5 2.79394E-5 2.54572E-5 2.32576E-5 2.13833E-5 1.7475E-5 1.60655E-5 1.61798E-5 1.1795E-5 1.05286E-5 1.07357E-5 9.67379E-6 8.77529E-6 7.81599E-6 6.97997E-6 5.57318E-6 6.29416E-6 5.07065E-6 5.05195E-6 4.48319E-6 5.06868E-6 4.13114E-6 5.43651E-6 4.84081E-6 6.14569E-6 5.47628E-6 5.66567E-6 7.1862E-6 6.47945E-6 5.86259E-6 5.1014E-6 5.19567E-6 4.65715E-6 4.67082E-6 4.82759E-6 4.95227E-6 4.63715E-6 5.0198E-6 5.01676E-6
3.78738E-5 4.24931E-5 2.62266E-5 3.67257E-5 3.28396E-5 2.79981E-5 3.12333E-5 3.45669E-5 3.18111E-5 3.15978E-5 3.47357E-5 3.47357E-5 3.86919E-5 4.22953E-5 3.78755E-5 4.24615E-5 4.24615E-5 3.51076E-5 3.58521E-5 3.30743E-5 3.33022E-5 3.40904E-5 2.80548E-5 2.56497E-5 2.59113E-5 2.14626E-5 1.94395E-5 2.23406E-5 1.82625E-5 1.63997E-5 1.30666E-5 1.18388E-5 1.09259E-5 1.10037E-5 8.86733E-6 8.74289E-6 7.78713E-6 6.95657E-6 6.36003E-6 5.69047E-6 5.65035E-6 5.03489E-6 5.7866E-6 5.17539E-6 6.87097E-6 6.79527E-6 6.17183E-6 6.15311E-6 6.94984E-6 7.21275E-6 6.50686E-6 5.94896E-6 5.04854E-6 5.08263E-6 5.15753E-6 4.75816E-6 4.29231E-6 4.32401E-6 4.56737E-6 5.65897E-6 4.94668E-6
3.47094E-5 3.45889E-5 3.88448E-5 2.89019E-5 3.81167E-5 3.27162E-5 3.12333E-5 3.1357E-5 3.15978E-5 3.1936E-5 3.21802E-5 3.19503E-5 3.4993E-5 3.19837E-5 3.22133E-5 3.23107E-5 3.53728E-5 3.16183E-5 3.19339E-5 3.26047E-5 2.99655E-5 2.44589E-5 2.56497E-5 2.57375E-5 2.12381E-5 2.15357E-5 2.23406E-5 2.00296E-5 1.80666E-5 1.61142E-5 1.62289E-5 1.33429E-5 1.2327E-5 1.21949E-5 1.08858E-5 8.71356E-6 7.07933E-6 7.07933E-6 7.05321E-6 6.98004E-6 6.33639E-6 6.27067E-6 6.46526E-6 7.58667E-6 7.64214E-6 6.82419E-6 6.92498E-6 6.92875E-6 7.84986E-6 7.03097E-6 7.29608E-6 6.41334E-6 5.73521E-6 5.71478E-6 5.16082E-6 4.77816E-6 5.01027E-6 4.35593E-6 5.04347E-6 5.57652E-6 5.56286E-6
3.89525E-5 3.16759E-5 2.79468E-5 3.0275E-5 3.35308E-5 3.83912E-5 2.97529E-5 2.86158E-5 2.90427E-5 2.88479E-5 3.20609E-5 3.4993E-5 3.51296E-5 2.90731E-5 2.93827E-5 2.94839E-5 3.23155E-5 2.91655E-5 2.90529E-5 3.2386E-5 3.36115E-5 3.38384E-5 2.80469E-5 2.32667E-5 2.13833E-5 2.13833E-5 2.14561E-5 1.96802E-5 1.6174E-5 1.6284E-5 1.62238E-5 1.31109E-5 1.30183E-5 1.2154E-5 1.08128E-5 9.77905E-6 8.77826E-6 7.81609E-6 7.87143E-6 6.34057E-6 8.00962E-6 8.55748E-6 8.55748E-6 8.53064E-6 8.59387E-6 8.53064E-6 8.75772E-6 7.91218E-6 7.85405E-6 7.99924E-6 7.43566E-6 5.90597E-6 7.43642E-6 5.79893E-6 5.88124E-6 5.27217E-6 5.34636E-6 4.84538E-6 4.93717E-6 5.45981E-6 6.20175E-6
2.86788E-5 3.20156E-5 2.47012E-5 2.76077E-5 3.08195E-5 3.42582E-5 3.10601E-5 3.04074E-5 2.63852E-5 2.92568E-5 2.92694E-5 3.20804E-5 3.17472E-5 2.91734E-5 2.70767E-5 3.00139E-5 3.02284E-5 2.70797E-5 2.68767E-5 2.81957E-5 2.59511E-5 2.83668E-5 2.56523E-5 2.35039E-5 2.13042E-5 2.32508E-5 2.10033E-5 1.97545E-5 1.7812E-5 1.7812E-5 1.63391E-5 1.48257E-5 1.32534E-5 1.36609E-5 1.21992E-5 9.64486E-6 9.68079E-6 1.0853E-5 9.85146E-6 8.09598E-6 8.0388E-6 9.68109E-6 9.75707E-6 1.06719E-5 1.07966E-5 9.65593E-6 8.85416E-6 9.05691E-6 9.15535E-6 8.17705E-6 7.19014E-6 6.45574E-6 7.51801E-6 6.53102E-6 5.85963E-6 5.94585E-6 5.23348E-6 5.38925E-6 5.39198E-6 5.5346E-6 6.00467E-6
2.88725E-5 3.54586E-5 2.47012E-5 2.77941E-5 2.79029E-5 2.82007E-5 2.81158E-5 3.10601E-5 3.41549E-5 2.677E-5 2.9161E-5 3.13261E-5 3.08822E-5 2.61337E-5 2.97888E-5 2.70797E-5 2.72547E-5 2.48323E-5 2.25315E-5 2.09186E-5 2.66813E-5 2.35306E-5 2.13992E-5 2.35039E-5 2.64657E-5 2.4013E-5 1.9622E-5 1.53664E-5 2.19525E-5 1.61747E-5 1.6115E-5 1.45189E-5 1.20483E-5 1.21336E-5 1.39997E-5 1.36653E-5 1.38545E-5 1.24639E-5 9.62535E-6 1.12759E-5 1.20475E-5 1.20044E-5 1.23305E-5 1.10765E-5 1.1247E-5 1.00587E-5 1.02822E-5 1.02444E-5 9.29003E-6 8.08084E-6 7.2121E-6 7.2387E-6 8.45569E-6 6.46002E-6 5.81663E-6 6.6279E-6 5.85963E-6 5.90597E-6 6.05855E-6 5.53802E-6 5.4606E-6
3.23438E-5 2.64994E-5 2.50523E-5 2.79872E-5 2.80913E-5 3.11406E-5 3.10333E-5 2.83102E-5 3.12747E-5 3.11804E-5 2.88433E-5 2.8552E-5 3.13047E-5 2.78475E-5 2.71617E-5 2.71617E-5 2.70612E-5 2.47405E-5 2.01937E-5 1.89515E-5 2.69523E-5 2.16248E-5 2.16169E-5 2.62867E-5 2.13926E-5 2.36749E-5 2.39608E-5 1.96888E-5 1.78194E-5 1.78791E-5 1.81347E-5 1.46272E-5 1.16077E-5 1.16469E-5 1.34419E-5 1.33965E-5 1.08343E-5 1.39058E-5 1.23249E-5 1.35492E-5 1.35492E-5 1.35565E-5 1.24203E-5 1.39682E-5 1.25107E-5 1.11984E-5 1.13633E-5 1.15306E-5 1.16143E-5 1.00508E-5 9.04872E-6 8.91754E-6 8.02256E-6 8.14699E-6 7.32398E-6 6.75437E-6 6.65572E-6 5.95262E-6 6.00032E-6 6.31847E-6 5.62955E-6
3.24561E-5 2.94941E-5 2.27225E-5 2.532E-5 2.30607E-5 2.82007E-5 2.82982E-5 2.82053E-5 3.12747E-5 2.83261E-5 2.45598E-5 2.87366E-5 3.15287E-5 2.51104E-5 2.56393E-5 2.87395E-5 2.87395E-5 2.64516E-5 2.03995E-5 2.09036E-5 2.0968E-5 2.63582E-5 2.30949E-5 2.78429E-5 2.53686E-5 2.67045E-5 2.19613E-5 1.76336E-5 1.76336E-5 1.79461E-5 1.47759E-5 1.48258E-5 1.48807E-5 1.70871E-5 1.50214E-5 1.46768E-5 1.33517E-5 1.40746E-5 1.43499E-5 1.31958E-5 1.33006E-5 1.33991E-5 1.34967E-5 1.55167E-5 1.38655E-5 1.39078E-5 1.25488E-5 1.56974E-5 1.28343E-5 1.12782E-5 9.12016E-6 9.25534E-6 8.20478E-6 8.42885E-6 8.36814E-6 7.44109E-6 6.70907E-6 6.73295E-6 6.93634E-6 6.2531E-6 5.61235E-6
