Artocarpus hirsutus SDM files/MIS19/results (with bias file)/Arthir_3.asc
ncols         625
nrows         721
xllcorner     69.99986311115
yllcorner     5.99986187915
cellsize      0.041666667
NODATA_value  -9999
[rows 270 to 296 of 721, columns 0 to 60 of 625]
4.32267E-5 4.32267E-5 3.97201E-5 4.20361E-5 4.06727E-5 3.52748E-5 3.95714E-5 3.44221E-5 3.46623E-5 3.1298E-5 3.6366E-5 3.18311E-5 3.28165E-5 3.24833E-5 3.2263E-5 3.2594E-5 3.2705E-5 3.04986E-5 3.17894E-5 3.18929E-5 3.60428E-5 3.14621E-5 3.20015E-5 3.27667E-5 3.33275E-5 3.33275E-5 2.95771E-5 3.02883E-5 3.13283E-5 3.30016E-5 2.98675E-5 3.35701E-5 3.05023E-5 3.12733E-5 2.87638E-5 2.88812E-5 2.65648E-5 2.36581E-5 2.37505E-5 2.1453E-5 2.37786E-5 2.50229E-5 2.29193E-5 2.27003E-5 2.41567E-5 2.44945E-5 2.47643E-5 2.54433E-5 2.62418E-5 2.69774E-5 2.61257E-5 2.61394E-5 2.65859E-5 2.79447E-5 2.78684E-5 2.8529E-5 2.92485E-5 3.66331E-5 3.27915E-5 3.37884E-5 4.006E-5
4.33404E-5 4.51768E-5 4.37797E-5 3.80933E-5 3.90067E-5 3.47806E-5 3.56095E-5 3.2705E-5 3.28165E-5 3.28165E-5 3.23729E-5 3.30404E-5 3.42887E-5 3.33743E-5 3.24584E-5 3.27915E-5 3.44054E-5 3.35766E-5 2.88602E-5 3.22003E-5 3.27423E-5 3.25206E-5 3.29655E-5 3.26313E-5 3.26313E-5 3.38779E-5 3.53988E-5 3.19439E-5 3.71898E-5 3.33386E-5 3.3679E-5 3.45305E-5 3.52383E-5 3.21209E-5 3.26679E-5 2.97634E-5 2.98841E-5 2.88949E-5 2.64692E-5 2.63937E-5 2.73335E-5 2.49513E-5 2.61618E-5 2.62619E-5 2.72225E-5 2.7695E-5 2.84493E-5 2.63144E-5 2.78691E-5 2.88338E-5 2.8658E-5 2.89552E-5 2.98378E-5 2.76491E-5 2.78548E-5 2.967E-5 3.16984E-5 3.33309E-5 3.89702E-5 3.41551E-5 3.43207E-5
4.39291E-5 4.01224E-5 3.96761E-5 3.51279E-5 3.65865E-5 3.51057E-5 3.61928E-5 3.33791E-5 3.24584E-5 3.37163E-5 3.34627E-5 3.33491E-5 3.16625E-5 3.48499E-5 3.4147E-5 3.5441E-5 3.52013E-5 2.95286E-5 3.07748E-5 3.04631E-5 3.44469E-5 3.35247E-5 3.26068E-5 3.3753E-5 3.10895E-5 3.20474E-5 3.56085E-5 3.74101E-5 3.7537E-5 3.81775E-5 3.98263E-5 3.55867E-5 3.59492E-5 3.60956E-5 3.65863E-5 3.66111E-5 3.3376E-5 3.3174E-5 3.34153E-5 2.70587E-5 2.75319E-5 2.80888E-5 2.90576E-5 2.68978E-5 2.80517E-5 2.84423E-5 2.87363E-5 2.9944E-5 3.08627E-5 3.13926E-5 3.14098E-5 2.89342E-5 2.95362E-5 3.07755E-5 2.73257E-5 3.14703E-5 3.35095E-5 4.00173E-5 4.22539E-5 4.65042E-5 3.49866E-5
3.88797E-5 3.65865E-5 3.98113E-5 3.54612E-5 3.74617E-5 3.29283E-5 3.39461E-5 3.36019E-5 3.30106E-5 3.78172E-5 3.32359E-5 3.27617E-5 3.42376E-5 3.50821E-5 3.42118E-5 3.57773E-5 3.07522E-5 3.23696E-5 3.05442E-5 3.05442E-5 3.50356E-5 3.49171E-5 3.47684E-5 3.36189E-5 3.45187E-5 3.54881E-5 3.73834E-5 3.93687E-5 3.84308E-5 4.04707E-5 4.06358E-5 4.09394E-5 4.12167E-5 4.06917E-5 4.11337E-5 4.13004E-5 3.83139E-5 3.88333E-5 3.5995E-5 3.5771E-5 3.2153E-5 2.81924E-5 2.89736E-5 3.02899E-5 3.2117E-5 3.24548E-5 3.28995E-5 3.3257E-5 3.10692E-5 3.14913E-5 3.22553E-5 3.3025E-5 3.43936E-5 3.37316E-5 3.39712E-5 3.34965E-5 4.05724E-5 4.41675E-5 4.02843E-5 4.30543E-5 4.02007E-5
4.51358E-5 3.92731E-5 4.06258E-5 3.55821E-5 3.35766E-5 3.27868E-5 3.43798E-5 3.43798E-5 3.35513E-5 3.46141E-5 3.52013E-5 3.07908E-5 3.49373E-5 3.21759E-5 3.23949E-5 3.52688E-5 3.59944E-5 3.09388E-5 3.67555E-5 3.09388E-5 3.55774E-5 3.27876E-5 4.19524E-5 3.41691E-5 3.68535E-5 4.1535E-5 3.9899E-5 4.03059E-5 4.06013E-5 4.14327E-5 4.20246E-5 4.26172E-5 4.26457E-5 4.35449E-5 4.44329E-5 4.03938E-5 4.09598E-5 4.14004E-5 3.74804E-5 3.77327E-5 3.76232E-5 3.72696E-5 3.34941E-5 3.45282E-5 3.66098E-5 3.70153E-5 3.73886E-5 3.42579E-5 3.47304E-5 3.59114E-5 3.69028E-5 3.95836E-5 3.7352E-5 3.78407E-5 3.97693E-5 3.74828E-5 4.37514E-5 3.99491E-5 4.30474E-5 4.47174E-5 4.80223E-5
4.13158E-5 4.00771E-5 3.65534E-5 3.80693E-5 3.39158E-5 3.42632E-5 3.44967E-5 3.4147E-5 3.52949E-5 3.49373E-5 3.58934E-5 3.58934E-5 3.55091E-5 3.49113E-5 3.74775E-5 3.63571E-5 3.77323E-5 3.2543E-5 4.0144E-5 3.39578E-5 3.14681E-5 3.32109E-5 3.4372E-5 3.75044E-5 3.89369E-5 3.87893E-5 4.09866E-5 4.11472E-5 4.1293E-5 4.25599E-5 4.74763E-5 4.46602E-5 4.49983E-5 4.59151E-5 4.45367E-5 4.59657E-5 4.61492E-5 4.6616E-5 4.25122E-5 4.29607E-5 4.28613E-5 4.32863E-5 3.94491E-5 3.89478E-5 4.0475E-5 4.10524E-5 4.16123E-5 3.75204E-5 4.31891E-5 4.14874E-5 4.26176E-5 4.33554E-5 4.01138E-5 4.09179E-5 4.20439E-5 4.06962E-5 3.7533E-5 3.88948E-5 4.09628E-5 4.80962E-5 5.15459E-5
3.73291E-5 3.75555E-5 3.84532E-5 3.80693E-5 3.48447E-5 3.4349E-5 3.63836E-5 3.65071E-5 3.54096E-5 3.55091E-5 3.58671E-5 3.74775E-5 3.74775E-5 3.64806E-5 3.33643E-5 3.73238E-5 3.21906E-5 3.37723E-5 3.35445E-5 3.65747E-5 3.00121E-5 3.04181E-5 3.35498E-5 3.97118E-5 3.98645E-5 4.12579E-5 4.19606E-5 4.22668E-5 4.27037E-5 4.34298E-5 4.32777E-5 4.37454E-5 4.50819E-5 4.60286E-5 4.52833E-5 4.57701E-5 4.61065E-5 4.65646E-5 4.72414E-5 4.29187E-5 4.89095E-5 4.40086E-5 4.39052E-5 4.39227E-5 4.67372E-5 4.75328E-5 4.81793E-5 4.70942E-5 4.8374E-5 4.51197E-5 4.60333E-5 4.71194E-5 4.35019E-5 4.54256E-5 4.33712E-5 4.02191E-5 3.96932E-5 3.81145E-5 4.84004E-5 5.66405E-5 5.10374E-5
3.80635E-5 3.87151E-5 3.43747E-5 3.86865E-5 3.91112E-5 3.517E-5 3.44401E-5 3.68745E-5 3.69997E-5 3.95813E-5 3.6475E-5 3.77052E-5 3.80843E-5 3.85005E-5 3.86036E-5 3.93891E-5 3.38574E-5 3.48101E-5 3.42506E-5 4.02732E-5 3.38682E-5 3.14863E-5 3.1785E-5 3.57225E-5 3.99534E-5 4.18191E-5 4.22449E-5 4.2848E-5 4.37165E-5 4.32492E-5 4.35629E-5 4.4601E-5 4.56842E-5 4.64865E-5 4.71354E-5 5.27494E-5 4.79813E-5 4.81421E-5 5.40775E-5 5.40999E-5 4.90356E-5 4.95495E-5 5.08147E-5 5.04959E-5 5.1023E-5 5.28368E-5 5.44433E-5 5.44618E-5 5.46616E-5 5.22023E-5 5.34592E-5 5.48967E-5 5.11175E-5 4.68419E-5 4.4197E-5 4.58423E-5 4.16463E-5 4.83878E-5 5.79058E-5 5.7189E-5 5.72454E-5
3.69227E-5 3.91052E-5 3.45779E-5 3.60098E-5 4.02877E-5 3.60098E-5 3.574E-5 3.59834E-5 3.77264E-5 3.74716E-5 3.83705E-5 3.76992E-5 3.91235E-5 3.89914E-5 3.91235E-5 3.76463E-5 3.80843E-5 3.47484E-5 3.60885E-5 3.86277E-5 3.32292E-5 3.55653E-5 3.53565E-5 3.58128E-5 4.03883E-5 4.18191E-5 4.26679E-5 3.82477E-5 4.38285E-5 4.47148E-5 4.45935E-5 4.56552E-5 4.72355E-5 5.21582E-5 5.32499E-5 5.50758E-5 5.45581E-5 6.08122E-5 5.57197E-5 6.1922E-5 5.59719E-5 5.5993E-5 5.6577E-5 5.58478E-5 5.14679E-5 5.25136E-5 5.2695E-5 5.29397E-5 5.34876E-5 5.60377E-5 5.48555E-5 5.47836E-5 5.68245E-5 5.29869E-5 4.85763E-5 4.47337E-5 4.87327E-5 4.74604E-5 5.05423E-5 6.52366E-5 4.85947E-5
3.49266E-5 3.58879E-5 3.55244E-5 3.60041E-5 3.72186E-5 3.74657E-5 3.69672E-5 3.71916E-5 3.75717E-5 3.82074E-5 3.82074E-5 3.85975E-5 3.92284E-5 3.56402E-5 4.01899E-5 4.17327E-5 4.09374E-5 3.75785E-5 2.68114E-5 2.81124E-5 3.39287E-5 3.00739E-5 3.78372E-5 3.96523E-5 4.14447E-5 3.44438E-5 3.52646E-5 4.03516E-5 4.10359E-5 4.60806E-5 4.61098E-5 4.68823E-5 4.81871E-5 5.44926E-5 5.50758E-5 5.56545E-5 5.92165E-5 5.98035E-5 6.35253E-5 6.37619E-5 5.88201E-5 6.55555E-5 6.00482E-5 5.9658E-5 5.93147E-5 6.03165E-5 6.11296E-5 6.17465E-5 6.03594E-5 6.21753E-5 6.00889E-5 6.18933E-5 5.70029E-5 5.96848E-5 5.11362E-5 5.33456E-5 5.14868E-5 5.82906E-5 4.66267E-5 6.23337E-5 5.45985E-5
3.46397E-5 3.82265E-5 3.52006E-5 3.53201E-5 3.60455E-5 3.59236E-5 3.28361E-5 3.30646E-5 3.32839E-5 3.31768E-5 3.34916E-5 3.38279E-5 3.42889E-5 3.45459E-5 3.69533E-5 3.90373E-5 3.97924E-5 3.98417E-5 2.75981E-5 2.85843E-5 3.29243E-5 3.66306E-5 3.57434E-5 3.62277E-5 3.64406E-5 4.01558E-5 4.01558E-5 4.01816E-5 4.73443E-5 4.71685E-5 4.7198E-5 4.79879E-5 4.80174E-5 5.46657E-5 5.5808E-5 6.53878E-5 6.43304E-5 6.26466E-5 6.43668E-5 6.39628E-5 6.54839E-5 6.75218E-5 6.77697E-5 6.82665E-5 6.80259E-5 6.75966E-5 6.80536E-5 6.82853E-5 6.78683E-5 6.2977E-5 6.71754E-5 6.78469E-5 6.27027E-5 5.45907E-5 5.65071E-5 5.81946E-5 5.56557E-5 5.87917E-5 6.01633E-5 4.87285E-5 5.31722E-5
3.45168E-5 3.46088E-5 3.51948E-5 3.60136E-5 3.58918E-5 3.58918E-5 3.58918E-5 3.61359E-5 3.65049E-5 3.68776E-5 3.73475E-5 3.79847E-5 3.47502E-5 3.52477E-5 3.78479E-5 4.05186E-5 4.29317E-5 4.38627E-5 3.30181E-5 3.20476E-5 3.29021E-5 3.437E-5 3.66885E-5 3.62889E-5 4.08293E-5 4.12429E-5 3.74464E-5 4.14005E-5 4.18195E-5 4.22426E-5 4.68304E-5 4.87516E-5 5.62939E-5 5.72666E-5 5.80709E-5 6.58009E-5 6.62412E-5 6.58377E-5 7.26397E-5 7.2909E-5 7.38991E-5 7.56667E-5 6.95681E-5 7.64589E-5 6.96116E-5 7.67437E-5 6.89634E-5 6.85123E-5 6.92173E-5 7.03771E-5 6.52837E-5 6.82645E-5 6.16449E-5 6.06473E-5 6.39581E-5 5.32717E-5 5.63124E-5 5.02935E-5 5.42148E-5 5.06469E-5 6.25072E-5
3.49569E-5 3.49569E-5 3.52886E-5 3.55287E-5 3.58918E-5 3.60076E-5 3.63754E-5 3.67468E-5 3.69964E-5 3.73739E-5 3.41858E-5 3.48679E-5 3.52233E-5 3.22206E-5 3.82004E-5 3.56476E-5 3.71311E-5 3.81411E-5 3.75135E-5 3.62813E-5 3.5421E-5 3.70541E-5 3.48816E-5 3.73963E-5 3.76718E-5 3.87178E-5 3.88478E-5 4.32381E-5 4.25194E-5 4.32381E-5 4.82556E-5 5.03919E-5 5.12612E-5 5.79759E-5 5.78046E-5 5.73934E-5 6.80181E-5 7.68274E-5 7.73403E-5 7.68533E-5 7.63692E-5 7.63942E-5 7.79573E-5 7.74651E-5 7.80046E-5 7.82697E-5 7.90743E-5 7.77786E-5 7.8278E-5 7.17377E-5 7.22325E-5 6.73497E-5 7.04925E-5 6.62613E-5 6.8722E-5 6.16403E-5 5.72321E-5 5.78232E-5 6.50464E-5 6.31016E-5 6.41491E-5
3.85764E-5 3.50698E-5 3.53084E-5 3.61236E-5 3.62462E-5 3.64926E-5 3.67405E-5 3.71155E-5 3.74942E-5 3.41858E-5 3.47687E-5 3.16809E-5 3.56007E-5 3.26532E-5 3.35464E-5 3.11612E-5 3.53919E-5 3.59922E-5 3.65959E-5 3.64963E-5 3.66023E-5 3.83136E-5 3.80293E-5 3.85361E-5 3.86894E-5 3.9336E-5 4.04274E-5 4.48528E-5 4.57538E-5 4.45453E-5 4.51724E-5 5.17476E-5 5.21144E-5 5.89289E-5 5.93233E-5 6.56785E-5 6.61412E-5 6.72747E-5 7.39543E-5 7.32444E-5 7.66079E-5 7.79167E-5 7.92286E-5 8.14011E-5 8.99559E-5 8.24926E-5 8.1699E-5 8.25367E-5 8.1184E-5 7.29179E-5 7.41165E-5 6.88789E-5 7.33247E-5 7.33581E-5 6.93701E-5 6.44742E-5 6.06956E-5 6.3137E-5 6.41851E-5 6.19501E-5 6.50187E-5
3.94958E-5 3.94958E-5 3.58993E-5 3.63629E-5 3.661E-5 3.68651E-5 3.72349E-5 3.74942E-5 3.42958E-5 3.14622E-5 3.17828E-5 3.57151E-5 3.2758E-5 3.32031E-5 3.37676E-5 3.43355E-5 3.14776E-5 3.53919E-5 3.59922E-5 3.79054E-5 3.84425E-5 3.90862E-5 3.49669E-5 3.9312E-5 3.98665E-5 4.03964E-5 4.09407E-5 4.18124E-5 4.20928E-5 4.63612E-5 4.62248E-5 4.66904E-5 5.28046E-5 5.95099E-5 5.9908E-5 6.61048E-5 6.63487E-5 7.54155E-5 7.49556E-5 8.34152E-5 7.59252E-5 7.72198E-5 8.6841E-5 9.05088E-5 9.23523E-5 9.20509E-5 8.30444E-5 8.33008E-5 8.41532E-5 8.14133E-5 7.48197E-5 8.05766E-5 7.42807E-5 7.42958E-5 6.9071E-5 6.593E-5 6.85956E-5 6.43551E-5 6.56357E-5 6.86669E-5 6.57653E-5
3.9616E-5 3.9616E-5 3.62595E-5 3.661E-5 3.68523E-5 3.37148E-5 3.76148E-5 3.45285E-5 3.14569E-5 3.17774E-5 3.22041E-5 3.27523E-5 3.33095E-5 3.37618E-5 3.1051E-5 3.15783E-5 3.55049E-5 3.59859E-5 3.65959E-5 3.75859E-5 3.90862E-5 3.51958E-5 3.57906E-5 3.63883E-5 3.66547E-5 4.12078E-5 4.18944E-5 4.19187E-5 4.2937E-5 4.77582E-5 4.80961E-5 4.82569E-5 5.43919E-5 6.08905E-5 6.08905E-5 6.07214E-5 6.76737E-5 7.64101E-5 7.63943E-5 7.64189E-5 7.67138E-5 8.50852E-5 8.45658E-5 8.65346E-5 8.85714E-5 8.8889E-5 9.51042E-5 9.41883E-5 8.60831E-5 7.3574E-5 7.96466E-5 8.16277E-5 8.24193E-5 7.54969E-5 7.13629E-5 6.63475E-5 6.9912E-5 7.26995E-5 6.64398E-5 6.08172E-5 7.19739E-5
3.60148E-5 3.63825E-5 3.65059E-5 3.66232E-5 3.38231E-5 3.41681E-5 3.45226E-5 3.47567E-5 3.52297E-5 3.23074E-5 3.28573E-5 3.30855E-5 3.36423E-5 3.43295E-5 3.13609E-5 3.20007E-5 3.61006E-5 3.33124E-5 3.74531E-5 3.43283E-5 4.00001E-5 3.60246E-5 3.6626E-5 3.72439E-5 3.79988E-5 3.80137E-5 4.27344E-5 4.30453E-5 4.40821E-5 4.43771E-5 4.88954E-5 4.97073E-5 5.60245E-5 5.62703E-5 6.27173E-5 6.19214E-5 6.9726E-5 7.68469E-5 7.73844E-5 7.61491E-5 8.39361E-5 8.50571E-5 9.33656E-5 8.68218E-5 8.68078E-5 8.85749E-5 8.17232E-5 8.17436E-5 8.12044E-5 7.36497E-5 8.01181E-5 8.26947E-5 7.47045E-5 7.6906E-5 7.17853E-5 7.34669E-5 6.96384E-5 7.05647E-5 6.40067E-5 6.61439E-5 6.96699E-5
3.64928E-5 3.64928E-5 3.66165E-5 3.69969E-5 3.39616E-5 3.45165E-5 3.48683E-5 3.52173E-5 3.20899E-5 3.26362E-5 3.28573E-5 3.34162E-5 3.40928E-5 3.47889E-5 3.1995E-5 3.26414E-5 3.31947E-5 3.39844E-5 3.41137E-5 3.46907E-5 3.55143E-5 3.46195E-5 3.72439E-5 3.82464E-5 3.85177E-5 3.89055E-5 3.96846E-5 3.97069E-5 4.4192E-5 4.52559E-5 4.97073E-5 5.07005E-5 5.67636E-5 6.37219E-5 6.41814E-5 6.33538E-5 6.97114E-5 7.88845E-5 7.81431E-5 7.8427E-5 8.05428E-5 8.99371E-5 9.0261E-5 9.11875E-5 8.96891E-5 8.91411E-5 8.9122E-5 8.19555E-5 8.17243E-5 7.72429E-5 7.97982E-5 7.14276E-5 7.28381E-5 7.73804E-5 7.03702E-5 7.27166E-5 7.367E-5 6.82057E-5 7.06948E-5 7.30289E-5 7.56762E-5
3.66098E-5 3.66098E-5 3.34992E-5 3.37267E-5 3.39556E-5 3.42955E-5 3.49801E-5 3.5456E-5 3.24109E-5 3.28514E-5 3.32977E-5 3.36302E-5 3.44329E-5 3.50176E-5 3.58456E-5 3.29662E-5 3.35309E-5 3.36587E-5 3.44588E-5 3.39307E-5 3.46129E-5 3.2024E-5 3.4215E-5 3.47915E-5 3.91585E-5 3.98094E-5 4.00758E-5 4.08997E-5 4.52168E-5 4.58538E-5 5.05319E-5 5.13696E-5 5.1216E-5 6.37085E-5 6.35309E-5 6.00681E-5 6.85093E-5 7.80849E-5 7.68383E-5 7.73339E-5 7.78732E-5 8.70011E-5 8.84374E-5 8.87565E-5 8.90758E-5 8.99661E-5 8.93526E-5 8.14149E-5 7.40501E-5 7.92362E-5 7.97982E-5 7.97785E-5 7.1376E-5 7.34704E-5 6.81597E-5 6.97287E-5 6.26874E-5 6.7309E-5 6.90866E-5 7.06491E-5 7.34609E-5
3.51644E-5 3.32673E-5 3.37205E-5 3.37205E-5 3.40644E-5 3.41798E-5 3.41798E-5 3.10397E-5 3.47445E-5 3.49801E-5 3.18682E-5 3.27348E-5 3.37438E-5 3.50112E-5 3.56053E-5 3.20912E-5 3.201E-5 3.24376E-5 2.84893E-5 3.24834E-5 3.36977E-5 3.22327E-5 3.41816E-5 3.53705E-5 3.38951E-5 3.63335E-5 3.69441E-5 4.11647E-5 4.14313E-5 4.61509E-5 4.58696E-5 5.20361E-5 5.8451E-5 5.67875E-5 5.93011E-5 6.37353E-5 7.14907E-5 7.15284E-5 7.1076E-5 7.80914E-5 7.83745E-5 8.83717E-5 8.84172E-5 8.90308E-5 9.01985E-5 8.1066E-5 8.18561E-5 9.55528E-5 8.6734E-5 7.84178E-5 7.97417E-5 8.00054E-5 7.15615E-5 7.32286E-5 7.39695E-5 6.76658E-5 6.78345E-5 6.36738E-5 6.45229E-5 6.53746E-5 7.17284E-5
3.10048E-5 3.30368E-5 3.39432E-5 3.42829E-5 3.53655E-5 3.338E-5 3.20565E-5 2.85255E-5 3.09932E-5 3.15234E-5 2.96037E-5 2.83514E-5 3.0628E-5 3.34209E-5 3.42302E-5 3.33508E-5 2.74726E-5 2.61071E-5 2.61953E-5 2.74548E-5 2.955E-5 3.14867E-5 3.29668E-5 3.36281E-5 3.62126E-5 3.69366E-5 3.74244E-5 4.04765E-5 4.38717E-5 4.41939E-5 4.43664E-5 5.16801E-5 5.361E-5 5.20303E-5 6.04497E-5 6.5389E-5 6.58441E-5 7.14963E-5 7.17179E-5 8.68337E-5 8.65706E-5 8.77071E-5 8.80436E-5 8.91981E-5 8.07576E-5 8.18157E-5 8.26532E-5 8.69794E-5 8.61408E-5 8.81371E-5 7.88987E-5 7.83797E-5 7.20171E-5 7.34377E-5 6.67684E-5 6.62966E-5 6.75831E-5 6.69479E-5 6.75937E-5 6.91579E-5 7.19241E-5
2.93093E-5 3.0012E-5 3.39305E-5 3.42764E-5 3.59535E-5 4.03395E-5 3.9759E-5 3.52902E-5 3.04357E-5 2.61869E-5 2.8941E-5 3.02179E-5 3.15645E-5 3.38663E-5 3.29567E-5 3.33398E-5 3.55505E-5 3.58182E-5 3.02648E-5 2.58254E-5 3.02588E-5 2.86887E-5 3.01575E-5 3.06736E-5 3.65617E-5 3.75493E-5 3.85669E-5 4.00878E-5 3.72658E-5 4.24829E-5 4.39064E-5 4.50836E-5 5.32433E-5 5.01961E-5 5.78815E-5 5.86431E-5 6.55957E-5 7.21624E-5 7.95489E-5 7.93076E-5 8.01015E-5 8.01426E-5 7.9858E-5 8.04111E-5 8.1215E-5 9.32488E-5 8.55092E-5 8.58142E-5 8.69581E-5 7.81024E-5 7.76052E-5 7.91399E-5 8.02093E-5 7.15068E-5 7.24379E-5 6.51679E-5 6.53945E-5 6.68832E-5 6.9566E-5 6.91196E-5 7.09388E-5
3.34917E-5 3.37189E-5 3.37189E-5 3.42698E-5 3.47362E-5 3.32984E-5 3.64731E-5 3.6989E-5 3.12699E-5 2.91259E-5 2.97071E-5 3.08233E-5 3.16648E-5 3.2858E-5 3.03359E-5 3.23405E-5 3.33398E-5 3.11281E-5 3.06135E-5 3.0013E-5 3.89813E-5 3.01411E-5 2.86305E-5 3.22351E-5 3.62812E-5 3.89246E-5 4.34425E-5 4.31672E-5 4.31402E-5 4.16076E-5 4.04914E-5 4.78356E-5 4.88134E-5 5.13576E-5 5.92171E-5 5.99951E-5 6.49302E-5 7.30722E-5 7.26262E-5 7.95111E-5 7.90258E-5 8.00823E-5 7.95742E-5 8.01041E-5 8.37628E-5 8.5142E-5 8.57508E-5 8.60561E-5 7.80454E-5 7.91026E-5 8.04167E-5 7.96443E-5 8.35527E-5 7.59552E-5 6.55523E-5 6.61859E-5 6.64155E-5 6.64262E-5 6.81601E-5 6.86192E-5 7.64653E-5
3.33721E-5 3.4056E-5 3.41713E-5 3.41713E-5 3.4287E-5 3.11314E-5 3.55775E-5 3.35235E-5 3.45482E-5 3.28367E-5 3.35078E-5 3.45393E-5 3.18724E-5 2.78056E-5 2.87503E-5 3.04501E-5 3.13753E-5 2.91074E-5 2.94991E-5 3.12256E-5 3.19555E-5 3.07947E-5 3.06922E-5 3.4892E-5 3.57075E-5 3.85168E-5 4.1741E-5 4.18908E-5 4.18908E-5 3.8694E-5 4.28209E-5 5.12804E-5 4.83075E-5 5.25047E-5 6.03636E-5 5.97681E-5 6.61712E-5 7.15867E-5 7.23303E-5 7.18716E-5 7.18716E-5 7.92695E-5 7.97782E-5 8.37201E-5 8.48384E-5 8.54247E-5 8.48609E-5 7.79879E-5 7.90448E-5 8.00765E-5 8.06243E-5 7.40452E-5 8.48599E-5 7.5665E-5 7.76672E-5 6.73126E-5 6.6807E-5 6.6598E-5 6.6799E-5 7.44492E-5 7.59111E-5
3.133E-5 3.46226E-5 3.46226E-5 3.41646E-5 3.43963E-5 3.13363E-5 3.15487E-5 3.52191E-5 3.59323E-5 3.31641E-5 3.36143E-5 3.4876E-5 2.94429E-5 2.75388E-5 2.8082E-5 2.92494E-5 2.94463E-5 2.95453E-5 3.09581E-5 2.86189E-5 2.8811E-5 2.93886E-5 3.33001E-5 3.41937E-5 3.53449E-5 3.9968E-5 3.99797E-5 4.0246E-5 3.98382E-5 3.93126E-5 4.41011E-5 5.10613E-5 4.85929E-5 4.81362E-5 5.4463E-5 5.93583E-5 6.54993E-5 6.48837E-5 7.2073E-5 7.06872E-5 7.13781E-5 7.18914E-5 7.25932E-5 7.56761E-5 7.58919E-5 7.64351E-5 7.74352E-5 7.82265E-5 7.95109E-5 7.97915E-5 7.35236E-5 8.50787E-5 7.65799E-5 7.65942E-5 7.86202E-5 7.83746E-5 6.77204E-5 6.67699E-5 6.78691E-5 7.58572E-5 7.48975E-5
3.48502E-5 3.48502E-5 3.47327E-5 3.46156E-5 3.46156E-5 3.48502E-5 3.49681E-5 3.5324E-5 3.229E-5 3.60464E-5 3.32917E-5 3.24076E-5 3.02542E-5 2.9042E-5 2.84686E-5 2.98318E-5 3.03543E-5 2.94586E-5 2.9932E-5 2.72171E-5 2.76769E-5 3.10491E-5 2.81383E-5 3.24221E-5 3.07856E-5 3.67803E-5 3.98177E-5 3.90318E-5 3.87732E-5 3.90434E-5 4.37989E-5 4.84318E-5 4.82598E-5 4.7954E-5 5.96938E-5 5.93294E-5 6.54672E-5 6.50497E-5 6.50676E-5 6.50676E-5 6.4456E-5 6.4456E-5 7.11168E-5 7.51022E-5 7.51405E-5 7.61248E-5 7.74155E-5 7.76523E-5 7.13529E-5 7.32466E-5 7.35041E-5 7.70518E-5 7.68123E-5 7.78115E-5 7.85766E-5 7.8318E-5 7.85893E-5 7.88036E-5 7.6401E-5 7.82576E-5 8.66177E-5
3.50719E-5 3.49537E-5 3.50719E-5 3.49537E-5 3.48431E-5 3.50792E-5 3.50792E-5 3.53168E-5 3.5556E-5 3.2722E-5 3.30546E-5 3.38435E-5 2.97495E-5 3.09684E-5 3.06577E-5 2.83853E-5 2.92496E-5 2.95453E-5 2.95453E-5 3.01454E-5 3.05639E-5 3.09691E-5 2.71477E-5 2.76761E-5 3.29658E-5 3.55689E-5 3.60455E-5 3.47494E-5 3.83708E-5 4.34348E-5 4.90448E-5 4.90448E-5 4.82252E-5 5.36502E-5 5.38287E-5 5.98627E-5 5.94973E-5 5.87119E-5 6.48193E-5 6.46044E-5 6.46044E-5 6.44399E-5 6.73769E-5 6.69657E-5 6.82956E-5 7.01489E-5 7.08314E-5 7.06319E-5 7.2011E-5 7.32272E-5 6.54271E-5 6.93325E-5 7.77762E-5 7.11483E-5 7.13955E-5 7.85545E-5 7.93124E-5 7.85217E-5 8.74473E-5 8.88842E-5 9.06283E-5
