Artocarpus hirsutus SDM files/MIS19/results (with bias file)/Arthir_median.asc
ncols         625
nrows         721
xllcorner     69.99986311115
yllcorner     5.99986187915
cellsize      0.041666667
NODATA_value  -9999
[rows 81 to 107 of 721, columns 183 to 243 of 625]
7.66934E-3 7.46665E-3 8.18401E-3 9.2612E-3 5.96805E-3 2.65794E-3 4.17718E-3 2.60375E-3 6.19956E-3 3.95698E-3 6.12179E-3 1.8106E-3 2.1919E-3 4.70891E-3 3.14154E-3 4.16203E-4 5.28385E-4 1.06053E-4 3.70837E-4 1.18335E-4 5.50411E-5 1.24904E-5 2.89223E-5 8.45029E-5 4.69589E-4 4.57543E-4 3.93882E-4 2.33785E-4 5.45023E-5 1.50053E-5 2.98777E-5 3.8454E-5 2.80041E-5 2.58116E-5 9.47559E-6 1.81855E-5 9.47576E-6 3.15809E-6 8.78092E-6 1.31191E-5 8.09744E-6 3.66827E-6 2.40842E-6 2.68558E-6 1.95959E-6 1.73837E-6 2.39279E-6 2.89435E-6 2.32279E-6 2.01622E-6 2.41479E-6 2.57818E-6 2.97283E-6 3.41866E-6 3.083E-6 2.53126E-6 2.92761E-6 3.24423E-6 3.00545E-6 3.11965E-6 3.29549E-6
5.85928E-3 7.21596E-3 9.28466E-3 7.1516E-3 7.5448E-3 2.58238E-3 6.27942E-3 3.79188E-3 7.69725E-3 5.14132E-3 4.91697E-3 5.14178E-3 3.1492E-3 1.03678E-3 1.42752E-3 6.18791E-4 2.64791E-4 3.31488E-4 6.58548E-4 3.2653E-4 1.11905E-4 5.40538E-5 2.22745E-4 6.49495E-5 3.6932E-4 2.42117E-4 3.45921E-4 2.51463E-4 4.30441E-5 2.04635E-5 9.48315E-6 4.59798E-6 2.01009E-5 5.45415E-5 4.20227E-5 2.90943E-5 7.73143E-6 5.04002E-6 1.10556E-5 1.69371E-5 1.03576E-5 5.68199E-6 2.6986E-6 7.14225E-6 3.24812E-6 2.02802E-6 1.95888E-6 2.70569E-6 2.66123E-6 2.41359E-6 2.54469E-6 2.34318E-6 2.39933E-6 3.14351E-6 3.849E-6 3.1435E-6 2.56968E-6 2.66522E-6 3.15782E-6 3.43749E-6 3.10992E-6
7.9674E-3 8.59776E-3 5.66224E-3 8.24752E-3 9.47121E-3 6.55038E-3 9.25385E-3 5.46088E-3 3.83284E-3 3.92723E-3 5.37123E-3 4.59006E-3 2.15261E-3 1.26131E-3 2.53421E-3 6.45362E-4 3.19349E-3 5.39258E-4 6.08425E-4 3.2241E-4 3.01335E-4 1.68807E-4 3.72397E-5 4.39662E-5 2.11916E-4 2.31072E-4 9.95682E-5 1.833E-4 3.09111E-5 7.85743E-5 2.67203E-5 8.94245E-6 8.03957E-6 4.78243E-5 4.89768E-5 5.61217E-5 3.88657E-5 1.66845E-5 1.30986E-5 2.29282E-5 1.45228E-5 1.35813E-5 6.43957E-6 1.40027E-5 5.92062E-6 2.44104E-6 2.11631E-6 1.98845E-6 2.544E-6 4.98433E-6 4.28613E-6 2.6391E-6 2.29915E-6 2.77417E-6 3.27244E-6 3.65755E-6 3.67436E-6 3.793E-6 3.42656E-6 3.67303E-6 3.53529E-6
8.33647E-3 6.31726E-3 7.5815E-3 7.59627E-3 9.44945E-3 7.82799E-3 9.44634E-3 9.35167E-3 8.21079E-3 2.39467E-3 1.59006E-3 1.80296E-3 6.98229E-4 1.31504E-3 4.22246E-3 1.77053E-3 2.80404E-3 2.00189E-3 2.74136E-3 1.06923E-3 6.46424E-4 3.6776E-4 1.87631E-4 1.69019E-4 5.3396E-5 6.52177E-4 5.26275E-4 4.5121E-4 6.26682E-5 1.33646E-4 2.53117E-5 1.27095E-5 1.40287E-5 1.11504E-5 1.86599E-5 2.1333E-5 2.2791E-5 3.22871E-5 3.26584E-5 2.65654E-5 2.3749E-5 1.94928E-5 1.96176E-5 1.63926E-5 9.46088E-6 3.94675E-6 2.55669E-6 2.18918E-6 2.18197E-6 2.42439E-6 3.54192E-6 5.12682E-6 2.78391E-6 2.62034E-6 2.88372E-6 3.17842E-6 3.43383E-6 3.41221E-6 3.67016E-6 3.9026E-6 3.80295E-6
6.79056E-3 5.08349E-3 7.78842E-3 8.87437E-3 7.61208E-3 8.83979E-3 1.07779E-2 8.84843E-3 1.06731E-2 1.01718E-2 5.22656E-3 4.99089E-3 5.581E-3 5.35437E-3 3.51758E-3 5.48646E-3 2.45623E-3 3.56491E-3 2.93059E-3 2.53868E-3 7.64142E-4 2.81499E-4 1.10829E-4 9.43252E-5 9.92234E-5 5.2892E-4 7.54686E-4 7.64991E-4 2.51331E-4 2.95802E-4 4.20314E-5 2.76327E-5 1.48652E-5 5.64418E-5 9.36261E-5 7.21432E-5 4.80613E-5 3.5298E-5 3.28421E-5 2.9951E-5 3.20841E-5 2.23716E-5 1.12719E-5 9.53652E-6 1.11042E-5 5.84496E-6 3.75527E-6 2.9478E-6 2.17349E-6 2.26291E-6 2.50297E-6 3.97414E-6 4.26562E-6 2.89495E-6 2.68278E-6 2.90867E-6 2.8777E-6 2.8777E-6 3.42055E-6 3.40587E-6 3.65478E-6
7.70515E-3 3.56889E-3 1.56303E-3 1.80883E-3 2.11437E-3 1.23225E-3 1.26791E-3 3.49997E-3 1.11355E-2 9.88279E-3 1.06276E-2 8.94058E-3 7.69992E-3 8.4014E-3 1.94625E-3 2.53481E-3 7.62685E-3 4.14564E-3 2.01555E-3 1.16237E-3 2.66788E-3 5.84687E-4 3.67104E-4 5.78203E-5 9.66735E-5 2.40594E-4 1.27388E-4 8.63085E-4 8.66788E-4 2.85223E-4 2.25945E-4 8.85732E-5 5.00718E-5 2.00123E-5 6.28491E-5 1.1498E-4 4.7439E-5 4.96419E-5 3.7024E-5 2.47084E-5 1.74114E-5 9.19754E-6 5.62883E-6 9.39739E-6 1.48917E-5 1.20777E-5 6.62558E-6 6.65796E-6 3.09767E-6 2.41319E-6 2.30652E-6 2.52477E-6 2.761E-6 3.16958E-6 2.85721E-6 3.33517E-6 3.06405E-6 3.14502E-6 3.13827E-6 3.36942E-6 3.56884E-6
8.34467E-3 9.3163E-3 9.02305E-3 7.93881E-3 7.19671E-3 7.99768E-3 7.22986E-3 1.03058E-3 9.92759E-3 1.06109E-2 1.00499E-2 1.05329E-2 6.51169E-3 9.29106E-3 5.91212E-3 2.3198E-3 1.79397E-3 6.23739E-3 1.65554E-3 2.88338E-3 2.65763E-3 4.07322E-4 2.81954E-4 2.25846E-4 8.91756E-5 3.00533E-4 1.83456E-4 4.92372E-4 9.93884E-4 6.16681E-4 5.70991E-4 2.96991E-4 1.40378E-4 3.49101E-5 7.63034E-5 1.18387E-4 2.74915E-5 5.2511E-5 3.24531E-5 1.49218E-5 2.66313E-5 3.7497E-5 1.52764E-5 6.70133E-6 1.4537E-5 1.99236E-5 1.01028E-5 8.49371E-6 1.11307E-5 4.2822E-6 2.44256E-6 2.30563E-6 2.77239E-6 5.75008E-6 6.70927E-6 4.59684E-6 3.43432E-6 3.07758E-6 3.31855E-6 3.85717E-6 3.99236E-6
9.34415E-3 9.19269E-3 5.68447E-3 4.79863E-3 5.93333E-3 5.62657E-3 7.4483E-3 2.023E-3 5.06074E-3 6.855E-3 1.18629E-2 1.04044E-2 4.13997E-3 9.20257E-3 2.77554E-3 7.12896E-3 4.0281E-3 1.05233E-3 3.535E-3 1.57512E-3 3.62468E-3 6.86865E-4 2.80164E-4 1.19686E-4 5.30483E-5 6.75817E-5 1.09494E-4 5.77688E-4 2.62554E-4 1.93321E-4 3.6571E-4 3.65842E-4 1.64415E-4 4.16502E-5 6.12639E-5 1.59445E-4 2.55449E-5 2.14239E-5 4.61525E-5 1.11537E-5 2.32829E-5 4.2578E-5 3.84952E-5 2.15665E-5 2.40201E-5 2.79329E-5 2.03512E-5 1.54708E-5 1.57709E-5 1.06402E-5 5.10993E-6 2.79344E-6 2.72459E-6 2.77808E-6 4.37562E-6 6.9344E-6 6.39506E-6 3.73467E-6 3.44588E-6 4.00664E-6 4.24518E-6
9.67213E-3 7.83484E-3 8.44472E-3 5.27337E-3 5.07592E-3 4.93394E-3 2.24291E-3 8.94526E-4 8.78604E-4 7.92724E-3 1.06731E-2 6.04352E-3 1.16226E-2 9.55477E-3 4.4352E-3 2.42708E-3 3.26461E-3 4.91696E-3 1.09328E-3 2.45485E-3 3.00743E-3 3.4583E-3 1.55305E-3 6.54026E-4 6.92133E-4 1.98293E-4 4.0737E-5 3.11204E-4 8.29485E-4 3.45612E-4 5.07679E-4 4.23923E-4 4.80495E-4 6.23138E-5 3.22031E-5 1.73456E-4 8.61368E-5 2.09152E-5 4.02456E-5 7.74399E-5 6.65428E-5 7.41745E-5 6.24714E-5 3.79691E-5 1.87005E-5 3.52031E-5 2.48593E-5 2.21021E-5 1.86924E-5 9.70121E-6 6.08436E-6 3.48944E-6 2.76697E-6 2.75256E-6 3.06405E-6 3.32429E-6 5.88425E-6 7.80826E-6 6.1042E-6 4.56623E-6 3.78693E-6
4.5198E-3 8.22852E-3 5.06758E-3 6.43405E-3 7.58304E-3 4.22518E-3 8.4272E-3 6.71324E-3 4.23804E-3 9.30938E-4 5.26179E-3 1.11148E-2 1.1661E-2 9.91893E-3 8.12366E-3 1.18739E-3 2.32941E-3 6.75551E-4 8.16066E-4 3.33784E-3 4.0128E-3 3.15739E-3 3.21843E-3 3.31516E-3 8.74974E-4 1.35816E-4 5.30109E-5 2.48752E-4 1.19359E-3 6.0335E-4 1.22767E-4 5.77063E-4 6.21314E-4 2.25956E-4 7.32479E-5 2.6591E-5 4.42373E-5 1.78576E-5 7.76787E-5 7.75106E-5 6.6737E-5 5.06345E-5 5.70801E-5 3.71474E-5 1.69579E-5 1.91094E-5 2.90698E-5 3.13413E-5 2.92012E-5 1.67901E-5 1.14196E-5 8.80655E-6 4.71822E-6 2.9945E-6 3.04827E-6 3.08924E-6 3.67949E-6 4.73555E-6 6.29238E-6 5.73857E-6 4.73741E-6
4.37729E-3 2.85023E-3 6.76474E-3 8.29199E-3 7.33046E-3 7.33653E-3 5.09371E-3 6.22378E-3 2.26553E-3 8.07014E-4 7.19831E-4 1.10597E-2 9.94197E-3 1.03737E-2 8.76951E-3 5.03203E-3 1.86046E-3 3.90595E-3 4.66856E-3 5.58237E-3 3.0585E-3 2.59549E-3 1.03014E-3 4.0448E-4 2.30025E-4 5.53898E-5 3.43582E-5 6.12153E-4 1.95891E-3 2.95305E-4 1.52488E-4 6.4509E-4 5.78855E-4 3.08829E-4 1.50362E-4 6.12045E-5 1.29729E-5 1.19228E-5 2.63751E-5 1.38702E-5 1.48561E-5 1.087E-5 2.2751E-5 2.43327E-5 5.40941E-5 3.62556E-5 1.69475E-5 2.79439E-5 3.06764E-5 2.4664E-5 2.59975E-5 1.15673E-5 7.60168E-6 4.22184E-6 3.43048E-6 3.08746E-6 3.41031E-6 4.03838E-6 9.37227E-6 9.06788E-6 6.18794E-6
7.23796E-3 4.58191E-3 6.08268E-3 8.48467E-3 5.38342E-3 4.16286E-3 4.87981E-3 3.05006E-3 8.34258E-3 7.29989E-3 1.10276E-3 3.08815E-3 1.05241E-2 5.51848E-3 1.06365E-2 3.71698E-3 3.58146E-3 8.7915E-3 9.09311E-3 9.1254E-3 2.7738E-3 4.31456E-4 2.44586E-3 3.20752E-3 8.54073E-4 2.68668E-4 9.42974E-4 1.22844E-4 8.8087E-4 1.45482E-4 3.3236E-4 7.09004E-4 5.20598E-4 2.79469E-4 2.09901E-4 1.04236E-4 2.48973E-5 1.354E-5 5.9622E-5 8.91541E-5 1.67347E-5 5.30246E-5 1.09791E-5 1.19776E-5 1.56409E-5 3.5298E-5 2.58535E-5 1.95209E-5 4.22778E-5 2.92261E-5 3.54187E-5 2.69014E-5 1.60586E-5 6.68441E-6 4.25951E-6 3.41493E-6 3.40807E-6 3.69969E-6 5.89941E-6 1.26313E-5 9.53924E-6
3.36997E-3 7.3251E-3 6.95023E-3 4.19944E-3 2.84505E-3 4.0702E-3 6.52036E-3 7.76064E-3 5.95375E-3 5.09897E-3 2.19066E-3 3.28875E-3 1.7771E-3 4.10513E-3 2.27684E-3 2.32975E-3 9.7114E-3 5.9102E-3 9.35258E-3 9.26905E-3 5.59442E-3 4.55781E-3 3.97567E-4 5.27942E-3 2.64204E-3 3.02149E-3 6.15772E-4 1.12498E-4 1.23465E-4 1.73355E-4 9.35368E-4 6.15645E-4 3.6493E-4 1.98901E-4 1.67947E-4 7.16698E-5 1.28288E-5 1.37778E-5 2.15804E-5 1.19015E-4 1.339E-4 5.016E-5 5.47072E-5 3.6657E-5 2.09345E-5 4.5454E-5 1.91751E-5 2.03744E-5 2.53015E-5 4.07728E-5 4.25946E-5 3.20412E-5 2.49551E-5 1.0719E-5 5.66846E-6 3.82963E-6 3.4056E-6 3.74454E-6 4.42004E-6 1.17619E-5 1.26727E-5
5.68094E-3 2.84546E-3 3.97504E-3 2.86351E-3 3.54493E-3 4.94884E-3 3.14292E-3 3.80047E-3 6.9045E-3 5.19002E-3 6.12919E-3 7.32792E-3 4.64293E-3 5.93104E-4 1.10101E-2 8.80394E-3 7.85337E-3 3.04013E-3 2.12346E-3 7.5731E-3 8.64269E-3 4.26061E-3 2.95416E-3 1.28816E-3 4.46745E-3 4.92843E-4 2.02045E-4 7.73084E-4 7.02709E-4 8.35042E-4 7.15878E-4 8.48048E-4 4.51789E-4 2.74216E-4 5.94315E-5 1.41755E-4 8.55807E-5 6.0422E-5 6.19993E-5 3.33842E-5 2.11049E-4 2.06037E-4 1.52718E-4 1.05098E-4 2.39342E-5 7.76698E-5 5.13054E-5 2.75849E-5 1.87243E-5 4.80122E-5 5.25247E-5 4.32036E-5 3.79232E-5 2.40669E-5 1.3818E-5 5.74757E-6 3.97443E-6 3.74162E-6 4.05974E-6 9.6966E-6 1.68453E-5
2.29601E-3 2.00883E-3 3.23804E-3 5.6927E-3 6.51199E-3 6.18765E-3 6.68521E-3 5.079E-3 7.89414E-3 6.83232E-3 7.21862E-3 5.39769E-3 4.15701E-3 2.18538E-3 1.49988E-3 8.13128E-3 2.02978E-3 1.61163E-3 9.64513E-4 2.40516E-4 8.52727E-4 3.7126E-4 3.99544E-4 2.15208E-4 5.5429E-4 9.00805E-4 8.36813E-4 1.71281E-3 7.31034E-4 1.06437E-3 1.93414E-3 1.13526E-3 3.20363E-4 1.34819E-4 7.38146E-5 5.01877E-4 4.70698E-4 8.64486E-5 4.73374E-5 2.78177E-5 9.18094E-5 1.57124E-4 9.32896E-5 5.46946E-5 1.10246E-4 1.05664E-4 6.34066E-5 6.22775E-5 1.70517E-5 5.00214E-5 6.69554E-5 5.96293E-5 5.15562E-5 2.31345E-5 1.29008E-5 7.31091E-6 5.46457E-6 3.95511E-6 4.04037E-6 7.99197E-6 1.86196E-5
1.79498E-3 5.85336E-3 6.06688E-3 4.83791E-3 3.34794E-3 4.96791E-3 4.77612E-3 2.57913E-3 6.91871E-3 6.3135E-3 1.13758E-3 6.56587E-3 5.36571E-3 5.35645E-3 1.55928E-3 5.57395E-4 2.99109E-3 3.22557E-3 8.30128E-3 1.50642E-3 4.03034E-4 8.87929E-4 4.22556E-4 4.07428E-4 5.09484E-3 8.09984E-3 5.47509E-3 2.71539E-3 2.60178E-3 2.01531E-3 2.68654E-3 1.53151E-3 8.1186E-4 1.25377E-4 4.63964E-4 1.65544E-4 7.31222E-4 2.84074E-4 5.979E-5 1.83994E-5 4.19135E-5 2.95764E-5 6.74105E-5 1.06419E-4 1.66134E-4 8.01904E-5 1.11354E-4 1.04804E-4 1.90868E-5 2.76958E-5 7.27972E-5 8.04091E-5 7.17703E-5 4.93807E-5 2.89247E-5 1.27013E-5 1.20942E-5 6.02331E-6 4.2601E-6 4.69013E-6 1.04122E-5
6.19947E-3 5.23275E-3 4.15205E-3 3.28157E-3 4.80319E-3 6.44464E-3 5.57423E-3 5.38239E-3 7.16023E-3 4.21203E-3 3.22418E-3 9.56234E-3 6.45291E-3 9.02093E-3 4.90465E-3 3.77597E-3 7.00346E-3 8.54371E-3 5.71868E-3 8.20734E-3 4.15976E-3 3.66895E-3 4.36757E-4 6.54454E-4 8.42034E-3 8.47244E-3 7.09295E-3 6.35283E-3 4.94798E-3 4.03849E-3 3.14449E-3 1.44033E-3 2.8958E-4 2.43015E-4 1.92642E-4 7.46963E-4 4.96082E-4 5.74343E-4 2.18549E-4 2.97894E-5 5.40831E-5 1.26767E-4 6.8343E-5 2.05722E-4 7.55001E-5 8.27406E-5 6.31272E-5 7.70807E-5 5.47473E-5 5.4349E-5 7.65629E-5 9.94957E-5 9.3351E-5 7.44567E-5 6.24785E-5 2.80934E-5 1.29659E-5 9.4918E-6 6.83909E-6 4.57255E-6 5.0661E-6
7.02123E-3 6.86188E-3 5.06547E-3 3.88212E-3 5.25668E-3 6.25878E-3 4.6804E-3 4.74502E-3 4.54514E-3 3.35677E-3 9.55345E-3 2.99269E-3 9.06195E-3 7.85244E-3 5.81726E-3 5.58646E-3 5.19311E-3 4.60942E-3 5.38164E-3 6.04978E-3 6.0329E-3 2.82636E-3 1.34661E-3 8.20743E-4 1.02799E-2 9.01409E-3 6.77211E-3 5.51932E-3 4.21889E-3 3.32145E-3 3.86047E-3 2.65291E-3 7.57814E-4 6.52309E-4 5.95379E-4 9.88877E-4 7.72074E-4 9.22507E-4 3.33051E-4 3.55949E-5 1.60539E-4 2.62598E-4 1.06378E-4 7.62964E-5 4.92781E-5 7.6698E-5 7.21526E-5 1.689E-4 1.14293E-4 1.05407E-4 9.96783E-5 9.67747E-5 1.1191E-4 1.02232E-4 8.10782E-5 6.82716E-5 3.12326E-5 1.81084E-5 1.10267E-5 7.55436E-6 5.08599E-6
5.07647E-3 6.75053E-3 7.36852E-3 6.03839E-3 2.97626E-3 4.80376E-3 2.94462E-3 3.39317E-3 2.1721E-3 3.94432E-3 9.25168E-3 6.72291E-3 6.9752E-3 4.75805E-3 6.10739E-3 5.31578E-3 7.93169E-3 6.02633E-3 8.50717E-3 9.89374E-3 7.62008E-3 2.62742E-3 5.94622E-4 4.59623E-4 9.29726E-3 8.74052E-3 8.03399E-3 6.84445E-3 7.30723E-3 4.66382E-3 3.17708E-3 5.88115E-3 4.74377E-3 3.78887E-3 1.3472E-3 4.06824E-4 9.61184E-4 4.54274E-4 1.42236E-3 3.0728E-4 6.06682E-5 2.07582E-4 5.39393E-5 2.74259E-5 9.25315E-5 4.91975E-5 9.86745E-5 1.3528E-4 9.75797E-5 6.30717E-5 3.74206E-5 5.13984E-5 1.15501E-4 1.32903E-4 1.1457E-4 8.84639E-5 7.4628E-5 4.15828E-5 2.01226E-5 9.01105E-6 7.94908E-6
2.84908E-3 4.5577E-3 3.47405E-3 5.65389E-3 4.79145E-3 3.21821E-3 4.16131E-3 5.09733E-3 5.65801E-3 5.3362E-3 7.72855E-3 4.37206E-3 4.0448E-3 3.09436E-3 5.40878E-3 5.39276E-3 2.90278E-3 3.27011E-3 7.59031E-3 6.1061E-3 5.41964E-3 7.65969E-3 3.10991E-3 4.21144E-4 7.54267E-3 7.59241E-3 3.10712E-3 6.79254E-3 7.9991E-3 1.84873E-3 4.29809E-3 5.67565E-3 4.78685E-3 2.22739E-3 2.79805E-3 7.37153E-4 1.77538E-4 4.14057E-4 2.05308E-4 8.0255E-4 1.41297E-4 1.2437E-4 3.27098E-4 1.60035E-4 2.43597E-4 7.37308E-5 1.57259E-4 2.97306E-4 7.38185E-5 7.81518E-5 6.08135E-5 6.7306E-5 1.34272E-4 1.10097E-4 7.08513E-5 8.18705E-5 6.96297E-5 7.05673E-5 4.81731E-5 1.77255E-5 1.24694E-5
5.87092E-3 5.46464E-3 3.1733E-3 5.40169E-3 5.30766E-3 4.28534E-3 5.69614E-3 4.55912E-3 5.47114E-3 7.08809E-3 5.87875E-3 3.21463E-3 5.32089E-3 5.35871E-3 4.93253E-3 6.16708E-3 6.07062E-3 6.01312E-3 1.79936E-3 8.5145E-3 8.13609E-3 8.03811E-3 4.64929E-3 5.69595E-3 6.31895E-4 1.82804E-3 4.52486E-4 4.01706E-4 4.48639E-4 4.77993E-4 6.85016E-4 3.01728E-3 2.70414E-3 4.11513E-3 3.23806E-3 9.89918E-4 5.46639E-4 1.38065E-3 7.32883E-4 2.51427E-4 5.21812E-4 1.67662E-4 7.56468E-4 1.27692E-4 7.93691E-5 7.83856E-5 2.58891E-4 1.34519E-4 2.69847E-4 3.25391E-4 2.47158E-4 1.26932E-4 1.83026E-4 2.17492E-4 1.80028E-4 5.84479E-5 3.2214E-5 1.6025E-5 1.92107E-5 5.48561E-5 4.8032E-5
8.2467E-3 4.65964E-3 3.28676E-3 1.99846E-3 3.29308E-3 2.12692E-3 2.47603E-3 2.94835E-3 3.00722E-3 3.78925E-3 3.85325E-3 6.07589E-3 4.69174E-3 4.43267E-3 6.67146E-3 2.93179E-3 4.41135E-3 3.16024E-3 4.88042E-3 9.54795E-4 5.53073E-3 9.46899E-3 8.44792E-3 3.95192E-3 1.13236E-3 1.12144E-2 4.71528E-3 5.24094E-4 4.32626E-4 2.69718E-4 8.28738E-4 2.18863E-3 2.12958E-3 2.49997E-3 5.34861E-3 3.54901E-3 2.29488E-3 1.91862E-3 4.7794E-4 1.17955E-3 3.08942E-4 1.41028E-4 1.02429E-3 3.79496E-4 5.70531E-5 7.16407E-5 2.03154E-4 2.59723E-4 3.14594E-4 4.5842E-4 4.09061E-4 2.624E-4 1.94629E-4 2.31474E-4 2.83387E-4 1.14894E-4 6.19953E-5 2.83468E-5 2.69082E-5 3.36296E-5 5.79582E-5
2.8498E-3 3.65154E-3 3.59476E-3 2.14589E-3 2.84228E-3 2.6278E-3 3.1811E-3 3.35105E-3 5.37813E-3 7.38538E-3 8.79143E-3 6.38385E-3 5.32626E-3 6.49605E-3 4.398E-3 6.84313E-3 3.61343E-3 3.60516E-3 4.83717E-3 6.79188E-3 4.53855E-3 5.67939E-3 1.17088E-3 1.70476E-3 3.79612E-3 5.52936E-3 8.3909E-3 3.10917E-3 1.77029E-3 7.57004E-4 2.45792E-4 7.18002E-4 6.60027E-3 5.40382E-3 5.98786E-3 4.71462E-3 2.12036E-3 2.89696E-3 7.11943E-4 8.79291E-4 6.63437E-4 2.46282E-4 1.62683E-3 9.9506E-4 1.98871E-4 8.23845E-5 9.09499E-5 2.13598E-4 4.73596E-4 4.61984E-4 3.79595E-4 3.61387E-4 2.0213E-4 2.14038E-4 3.03556E-4 3.30647E-4 1.07511E-4 6.58425E-5 4.07347E-5 3.6433E-5 3.73333E-5
3.60906E-3 1.60624E-3 1.26955E-3 1.59735E-3 3.03028E-3 2.31468E-3 2.53861E-3 2.93398E-3 5.90369E-3 6.75832E-3 6.09375E-3 3.87254E-3 3.5763E-3 2.66014E-3 3.24512E-3 5.13198E-3 6.64113E-3 7.20942E-3 8.03779E-3 7.08914E-3 7.20692E-3 3.81265E-3 1.04217E-2 7.96679E-3 6.96261E-3 7.72984E-3 7.64458E-3 6.10592E-3 4.79413E-3 2.47218E-3 5.68092E-4 5.37429E-4 5.09091E-3 7.01453E-4 4.49594E-4 4.76676E-4 1.99902E-4 7.22056E-4 3.75466E-4 3.37294E-4 2.52497E-4 1.7694E-4 9.74065E-4 1.75112E-3 4.08471E-4 4.78898E-4 9.57649E-5 1.8819E-4 2.63237E-4 2.51532E-4 1.46929E-4 2.38976E-4 1.54498E-4 1.77861E-4 3.19217E-4 4.34811E-4 3.65201E-4 1.83137E-4 9.17358E-5 9.34887E-5 8.64018E-5
1.00447E-3 2.69337E-3 2.90459E-3 4.52932E-3 3.81652E-3 5.62328E-3 3.48159E-3 5.28203E-3 3.98901E-3 7.17791E-3 5.06786E-3 5.35082E-3 4.14716E-3 4.96461E-3 4.70745E-3 5.10592E-3 7.59586E-3 8.62425E-3 4.81416E-3 2.49566E-3 6.93183E-3 3.05534E-3 4.33389E-3 8.70823E-3 5.29766E-3 5.59928E-3 5.68522E-3 5.56875E-3 7.11403E-3 4.08482E-3 4.24738E-3 4.85661E-4 2.52607E-4 6.14864E-4 3.96841E-3 3.97024E-3 4.20265E-3 3.1081E-4 5.716E-4 8.62398E-5 1.86643E-4 4.84266E-4 1.7347E-3 5.83407E-4 2.43773E-4 5.20235E-4 4.14394E-4 1.69262E-4 1.45581E-4 9.41164E-5 1.20099E-4 3.14916E-4 5.12813E-4 2.32706E-4 3.83952E-4 5.35162E-4 5.25889E-4 3.67344E-4 1.36377E-4 5.89502E-5 5.53493E-5
1.16334E-3 2.30365E-3 5.85159E-3 5.6858E-3 6.96544E-3 7.8854E-3 7.40723E-3 8.1373E-3 7.14031E-3 7.87794E-3 1.01693E-2 4.1102E-3 3.37158E-3 2.29423E-3 3.58899E-3 6.31172E-3 5.25891E-3 7.28217E-3 1.11038E-2 2.32458E-3 1.37574E-2 1.03186E-2 8.20956E-3 2.81498E-3 3.78893E-3 4.64828E-3 5.87421E-3 3.13495E-3 5.67581E-3 5.87708E-3 1.95379E-3 3.29467E-3 1.22416E-3 2.06402E-4 5.66908E-4 2.8602E-3 1.81061E-3 1.71906E-3 1.02727E-3 3.59834E-4 6.49258E-4 1.1697E-4 2.03653E-4 5.38747E-4 3.35518E-4 5.09266E-4 1.46688E-3 1.09287E-3 1.03513E-3 5.02501E-4 8.89411E-5 2.03119E-4 4.64569E-4 4.91E-4 3.47734E-4 5.90114E-4 6.09612E-4 6.00775E-4 3.42836E-4 1.94805E-4 8.82757E-5
1.7769E-3 5.70076E-3 6.31424E-3 7.89038E-3 6.54633E-3 7.86897E-3 5.82326E-3 4.5769E-3 5.24659E-3 7.43292E-3 1.00571E-2 4.97668E-3 9.31391E-3 3.23144E-3 5.3188E-3 3.25183E-3 1.13955E-2 4.05078E-3 3.01886E-3 1.56023E-3 4.53308E-3 7.34577E-3 5.22176E-3 6.73978E-3 6.30931E-3 7.90131E-3 7.69037E-3 5.96582E-3 4.70495E-3 5.13489E-3 5.742E-3 2.70046E-3 5.1749E-3 3.64363E-3 2.64273E-4 4.40699E-3 5.88634E-3 4.24072E-3 3.67773E-3 2.99703E-3 6.87982E-4 3.21272E-4 2.68903E-4 1.41302E-4 1.14141E-3 9.00174E-4 9.63541E-4 8.32982E-4 3.96568E-4 4.21899E-4 3.52665E-4 3.16601E-4 3.7278E-4 6.84324E-4 6.67385E-4 7.06892E-4 5.90492E-4 6.84179E-4 6.04374E-4 4.72099E-4 2.55912E-4
