Artocarpus altilis SDM files/Environmental layers/bio16.asc
ncols  1201
nrows  481
xllcorner  119.958333335783
yllcorner  -15.041666666017
cellsize 0.041666666667
NODATA_value  -9999
[rows 385 to 419 of 481, columns 395 to 473 of 1201]
977 971 973 971 966 978 1003 1028 933 931 927 914 914 915 914 913 917 917 923 929 932 935 941 944 949 953 960 964 967 974 978 983 990 996 1001 1008 1014 1020 1027 1032 1038 1045 1052 1061 1064 1068 1073 1077 1080 1084 1088 1092 1094 1099 1100 1103 1105 1103 1104 1106 1110 1112 1118 1122 1122 1126 1133 1135 1134 1137 1138 1138 1141 1143 1148 1152 1150 1155 1155
986 984 981 976 978 981 1002 1000 903 912 920 916 913 912 910 911 915 918 921 926 927 932 934 937 939 943 949 954 961 968 974 981 985 989 996 1001 1007 1011 1020 1026 1030 1035 1041 1049 1053 1059 1063 1067 1071 1077 1081 1085 1088 1091 1093 1093 1095 1102 1109 1111 1118 1121 1127 1129 1138 1139 1145 1147 1145 1149 1153 1155 1158 1160 1158 1157 1157 1168 1164
992 986 980 982 986 993 1003 964 894 896 908 911 911 909 908 908 913 914 917 920 923 927 930 934 940 945 949 957 965 967 974 980 984 991 998 1004 1008 1015 1018 1024 1031 1035 1042 1049 1056 1064 1068 1070 1077 1085 1089 1093 1098 1105 1105 1103 1106 1114 1119 1123 1125 1128 1133 1132 1138 1144 1149 1149 1149 1153 1156 1158 1164 1171 1171 1170 1170 1178 1169
993 984 981 985 993 1016 1021 928 883 881 894 904 907 906 904 905 908 912 914 916 921 927 930 935 939 943 949 950 954 960 968 973 979 989 992 998 1007 1013 1018 1027 1034 1040 1044 1051 1058 1062 1064 1069 1077 1084 1086 1090 1098 1104 1105 1107 1112 1118 1120 1118 1119 1120 1127 1128 1131 1143 1151 1154 1155 1158 1162 1166 1168 1168 1165 1168 1170 1185 1174
990 979 979 986 1000 1051 937 868 863 870 885 896 901 902 900 898 900 906 910 913 916 922 926 928 934 939 945 952 955 959 966 972 980 986 992 1000 1005 1012 1020 1027 1035 1040 1047 1054 1057 1063 1070 1074 1080 1083 1089 1096 1100 1103 1107 1108 1108 1115 1119 1125 1127 1126 1128 1131 1129 1137 1153 1158 1159 1162 1165 1170 1174 1173 1175 1176 1175 1181 1184
987 974 975 988 1040 959 834 837 846 860 874 889 895 898 896 896 897 902 905 910 913 918 922 925 929 936 942 948 955 959 965 973 980 986 991 998 1005 1013 1018 1026 1033 1038 1044 1050 1057 1063 1068 1074 1080 1091 1097 1105 1110 1110 1110 1113 1116 1117 1123 1128 1135 1137 1135 1142 1139 1138 1149 1164 1167 1170 1170 1174 1177 1182 1186 1184 1185 1186 1191
982 968 970 993 1044 850 845 855 852 862 871 885 892 893 893 892 895 901 903 910 911 915 917 922 929 934 940 945 952 960 965 969 976 981 988 996 1003 1010 1015 1020 1025 1034 1044 1050 1055 1061 1069 1075 1081 1087 1095 1106 1111 1112 1114 1117 1121 1124 1129 1137 1144 1147 1146 1147 1145 1142 1144 1160 1173 1176 1179 1184 1190 1189 1196 1197 1192 1190 1190
968 954 972 1043 935 842 863 870 867 871 876 884 887 891 890 891 896 898 904 906 910 913 916 920 924 930 936 942 947 954 962 966 972 980 984 992 1001 1006 1014 1022 1030 1038 1044 1050 1058 1064 1071 1078 1082 1091 1097 1105 1105 1109 1115 1119 1122 1129 1137 1143 1147 1150 1153 1150 1150 1150 1150 1159 1177 1182 1183 1189 1200 1201 1201 1200 1199 1199 1198
964 972 1065 1011 847 860 870 871 874 875 879 879 885 887 886 887 891 896 899 904 907 908 912 919 923 929 934 940 947 950 957 964 971 980 987 992 1000 1008 1017 1025 1031 1038 1045 1054 1060 1064 1071 1078 1087 1089 1093 1101 1107 1114 1115 1117 1123 1133 1136 1144 1145 1151 1148 1148 1150 1153 1156 1154 1166 1181 1189 1196 1207 1207 1212 1207 1203 1208 1213
972 1008 972 860 875 875 874 875 880 876 876 873 879 884 883 882 888 893 899 899 901 905 910 915 920 925 931 937 944 951 957 965 973 977 983 991 999 1006 1013 1021 1029 1037 1044 1050 1057 1065 1072 1077 1084 1092 1096 1102 1111 1117 1122 1131 1137 1141 1148 1151 1150 1150 1155 1158 1161 1162 1161 1162 1163 1177 1190 1194 1206 1209 1214 1214 1212 1211 1219
1035 969 895 887 887 880 875 880 877 878 876 874 879 880 881 880 885 891 893 896 900 903 907 911 917 922 928 934 940 945 953 961 969 975 982 993 1000 1005 1014 1021 1029 1035 1043 1050 1057 1061 1069 1077 1086 1094 1096 1102 1108 1116 1120 1129 1136 1143 1146 1148 1151 1152 1158 1164 1162 1165 1166 1166 1170 1178 1190 1200 1212 1213 1213 1214 1216 1216 1218
1044 920 923 900 891 882 881 875 878 883 876 877 878 879 880 882 886 889 890 892 896 900 904 907 912 917 923 930 935 943 952 959 966 972 978 986 994 1003 1011 1017 1026 1035 1042 1049 1058 1068 1075 1084 1089 1092 1097 1103 1109 1117 1126 1131 1136 1142 1149 1152 1155 1159 1163 1168 1172 1173 1178 1179 1180 1185 1196 1211 1221 1218 1216 1215 1219 1218 1220
916 911 919 913 889 884 881 876 886 884 877 874 874 877 879 883 886 888 888 888 892 897 901 907 913 917 922 931 938 945 950 957 961 967 977 985 993 1002 1011 1019 1027 1036 1041 1053 1061 1068 1073 1078 1084 1091 1100 1107 1113 1120 1124 1130 1137 1140 1146 1151 1157 1163 1167 1172 1177 1181 1182 1184 1185 1193 1201 1216 1225 1226 1222 1223 1227 1228 1231
918 925 928 915 887 888 875 878 880 886 883 876 871 873 876 879 884 885 885 890 891 897 902 905 912 917 922 926 930 938 946 953 962 970 979 987 992 999 1008 1014 1023 1028 1037 1044 1054 1064 1072 1078 1085 1090 1099 1107 1111 1118 1122 1129 1138 1140 1145 1151 1158 1164 1172 1175 1180 1185 1189 1189 1193 1200 1204 1224 1230 1229 1230 1235 1237 1240 1244
927 927 917 906 884 868 863 866 868 932 915 896 865 865 874 878 882 884 883 886 889 889 893 899 904 909 916 922 929 933 942 952 957 965 975 981 990 997 1003 1012 1019 1028 1036 1044 1053 1060 1067 1076 1083 1090 1098 1107 1113 1119 1128 1134 1140 1146 1151 1158 1163 1172 1173 1179 1185 1192 1193 1197 1197 1199 1204 1225 1234 1232 1234 1237 1240 1243 1243
941 931 928 921 887 872 866 856 843 889 867 863 857 864 870 874 879 882 881 886 888 891 895 900 905 912 917 922 929 936 945 953 961 968 975 984 993 999 1005 1011 1018 1027 1036 1045 1051 1056 1064 1073 1080 1089 1099 1108 1112 1117 1125 1132 1135 1142 1150 1157 1163 1171 1176 1180 1186 1191 1198 1201 1203 1210 1220 1234 1243 1246 1244 1242 1245 1251 1254
953 941 932 914 954 920 882 855 856 849 839 850 856 864 868 872 877 879 880 881 884 888 892 896 901 905 912 919 926 933 941 950 957 967 974 979 985 994 1006 1015 1023 1031 1038 1046 1053 1060 1066 1076 1084 1091 1095 1103 1112 1120 1127 1133 1140 1148 1152 1157 1163 1170 1179 1180 1183 1190 1195 1195 1199 1203 1217 1222 1231 1235 1241 1243 1244 1250 1255
953 944 984 1028 942 918 881 865 871 866 847 849 854 863 866 867 871 876 877 879 881 885 889 894 900 904 909 916 923 931 938 945 952 960 970 979 985 993 1005 1013 1023 1032 1040 1046 1050 1059 1068 1073 1083 1092 1100 1107 1113 1121 1130 1134 1138 1145 1152 1157 1164 1172 1181 1184 1186 1189 1195 1202 1206 1205 1219 1230 1234 1241 1246 1251 1254 1261 1263
982 1028 932 884 873 898 933 898 885 878 857 851 857 862 865 866 869 874 874 874 875 880 885 888 895 901 907 914 921 928 936 943 951 957 965 974 985 992 999 1007 1016 1025 1036 1045 1052 1058 1068 1076 1085 1093 1102 1108 1113 1118 1126 1134 1142 1149 1159 1166 1171 1175 1179 1188 1191 1192 1197 1204 1218 1216 1222 1231 1237 1243 1254 1262 1261 1268 1273
1012 1014 923 924 928 890 884 900 899 878 857 855 861 864 864 865 865 867 869 871 875 878 882 888 891 899 905 912 919 926 933 941 949 959 967 974 983 990 1000 1008 1016 1022 1029 1037 1046 1055 1062 1073 1082 1090 1099 1107 1114 1121 1128 1135 1140 1144 1154 1164 1170 1174 1178 1185 1191 1196 1200 1199 1210 1223 1230 1236 1243 1248 1252 1261 1270 1269 1269
1005 970 956 989 887 898 901 896 896 878 868 865 866 865 863 863 864 864 866 868 872 873 877 882 887 893 900 906 914 921 929 937 945 952 962 970 980 988 996 1004 1011 1019 1027 1035 1043 1053 1063 1071 1079 1088 1096 1104 1113 1118 1119 1131 1141 1147 1155 1160 1165 1174 1181 1188 1190 1195 1202 1207 1211 1223 1233 1242 1245 1248 1255 1262 1270 1279 1280
980 974 1021 966 901 911 912 899 893 884 882 865 869 866 863 859 861 865 863 866 870 874 879 883 888 894 899 907 914 922 929 937 943 953 962 971 979 988 994 1002 1012 1020 1026 1035 1047 1056 1063 1069 1078 1086 1096 1103 1113 1122 1132 1137 1147 1152 1162 1162 1166 1173 1181 1192 1197 1200 1207 1213 1219 1224 1232 1246 1255 1263 1261 1269 1275 1281 1289
1094 989 976 902 908 927 919 905 891 894 895 886 876 868 863 858 857 859 861 865 867 871 871 880 885 891 896 902 909 916 926 934 944 951 959 968 977 985 990 999 1005 1013 1024 1031 1040 1049 1058 1066 1073 1080 1091 1100 1105 1116 1125 1129 1138 1144 1159 1165 1171 1174 1180 1193 1200 1204 1211 1219 1226 1231 1237 1242 1253 1263 1265 1272 1280 1287 1293
1069 1015 1030 946 919 922 911 911 932 943 937 897 876 869 864 858 856 856 859 863 867 870 875 876 881 891 896 902 909 914 921 929 937 947 955 963 972 982 990 1002 1008 1020 1028 1036 1044 1052 1060 1068 1078 1087 1095 1105 1115 1121 1129 1139 1147 1152 1158 1174 1181 1184 1190 1196 1206 1214 1221 1224 1235 1240 1244 1252 1259 1267 1271 1276 1282 1286 1292
1040 1019 1044 974 937 917 910 912 929 950 930 882 872 869 863 859 858 857 858 861 862 866 870 874 879 883 892 899 906 914 921 929 938 944 953 962 972 980 989 995 1005 1013 1022 1032 1038 1047 1057 1066 1078 1087 1094 1102 1110 1122 1128 1140 1143 1152 1159 1165 1173 1182 1186 1192 1199 1209 1220 1229 1234 1243 1251 1254 1258 1264 1272 1278 1284 1288 1296
1058 1012 1052 1047 942 925 920 919 936 965 931 887 882 870 862 857 854 857 857 858 860 862 867 871 877 882 887 894 902 909 916 925 933 942 950 959 970 977 986 992 1003 1011 1019 1028 1036 1044 1055 1064 1072 1080 1089 1099 1108 1112 1121 1137 1139 1141 1152 1163 1172 1178 1185 1191 1198 1203 1216 1224 1235 1244 1254 1255 1260 1268 1273 1281 1286 1290 1304
934 956 1038 986 929 925 953 958 958 925 881 877 886 872 862 854 852 854 854 855 856 859 862 866 871 876 884 891 897 905 913 921 929 936 946 955 964 970 980 989 996 1007 1014 1023 1034 1041 1053 1062 1067 1077 1087 1096 1103 1109 1115 1126 1137 1142 1150 1162 1174 1183 1186 1194 1201 1209 1218 1227 1233 1241 1247 1253 1261 1268 1273 1279 1290 1294 1306
942 1023 1019 988 951 964 977 986 982 937 925 915 887 869 858 851 849 849 852 854 856 858 860 863 868 874 882 889 895 902 912 920 927 935 944 952 962 969 976 987 997 1005 1017 1026 1034 1044 1054 1062 1070 1080 1091 1100 1107 1114 1119 1127 1135 1143 1150 1158 1168 1182 1189 1194 1198 1205 1215 1223 1230 1236 1245 1253 1263 1271 1279 1287 1296 1303 1316
981 1071 1085 958 975 976 954 930 945 987 1009 933 876 866 856 845 843 846 850 850 852 854 858 860 866 873 881 886 892 899 906 914 924 932 937 947 957 966 975 983 992 1004 1012 1019 1030 1042 1052 1059 1067 1078 1088 1099 1108 1117 1123 1129 1138 1147 1153 1161 1168 1177 1191 1196 1203 1209 1218 1223 1228 1238 1249 1257 1266 1273 1280 1288 1295 1304 1317
1037 1013 1058 1005 1055 979 949 949 982 1014 972 963 909 873 852 839 839 842 843 846 845 848 852 854 859 865 873 879 886 893 901 908 917 927 937 945 953 962 972 983 994 1003 1012 1021 1028 1038 1048 1058 1066 1079 1084 1092 1101 1111 1119 1127 1133 1140 1151 1160 1168 1176 1184 1196 1204 1209 1218 1226 1229 1238 1247 1251 1259 1269 1279 1286 1292 1299 1317
1023 1008 1025 1076 1020 1024 976 1012 971 963 995 964 924 893 844 825 831 835 837 839 842 845 849 855 859 864 871 877 884 891 899 906 914 923 933 941 948 959 968 979 989 999 1005 1017 1026 1038 1044 1055 1065 1074 1080 1088 1098 1108 1117 1124 1133 1141 1148 1157 1163 1171 1179 1191 1204 1210 1215 1225 1236 1241 1249 1254 1264 1270 1279 1288 1297 1303 1314
1011 1010 1031 1085 1004 974 950 963 999 988 889 864 894 889 819 815 830 832 832 835 838 840 844 850 857 861 864 869 877 887 891 900 910 919 928 935 945 955 963 971 979 990 1002 1012 1023 1032 1039 1050 1060 1069 1075 1084 1093 1102 1115 1124 1135 1145 1148 1154 1164 1173 1181 1186 1199 1211 1216 1225 1236 1247 1256 1258 1266 1273 1283 1290 1299 1310 1315
1007 1044 1015 963 1019 984 971 916 885 869 878 825 804 793 812 828 829 828 828 830 831 834 840 846 850 855 862 868 874 879 888 896 904 914 922 933 943 952 961 972 983 991 1002 1011 1020 1029 1040 1049 1059 1068 1075 1081 1092 1100 1107 1119 1131 1138 1147 1154 1160 1168 1177 1185 1192 1208 1218 1223 1229 1237 1248 1258 1264 1274 1284 1292 1301 1312 1319
989 946 947 908 917 932 869 855 821 806 782 768 782 798 819 827 826 826 826 828 830 834 839 845 849 853 857 863 870 878 884 892 901 910 917 927 936 946 959 966 974 984 995 1006 1013 1021 1031 1043 1054 1063 1071 1080 1089 1097 1109 1116 1127 1138 1148 1155 1165 1171 1180 1189 1197 1207 1222 1229 1236 1245 1256 1267 1271 1280 1285 1293 1304 1317 1325
967 948 947 957 840 843 927 836 801 804 752 767 784 800 817 822 821 820 822 824 828 832 834 837 842 845 849 854 860 868 878 885 893 902 913 924 932 942 952 961 969 981 991 1001 1011 1019 1026 1037 1046 1054 1067 1075 1087 1094 1103 1116 1125 1135 1144 1154 1163 1169 1179 1190 1197 1205 1215 1223 1233 1247 1254 1267 1270 1276 1285 1295 1303 1314 1322
