Artocarpus altilis SDM files/Environmental layers/bio1.asc
ncols  1201
nrows  481
xllcorner  119.958333335783
yllcorner  -15.041666666017
cellsize 0.041666666667
NODATA_value  -9999
[rows 252 to 287 of 481, columns 560 to 639 of 1201]
58 69 64 66 74 86 67 68 53 58 88 112 103 71 94 120 150 141 148 147 159 156 136 106 153 170 161 183 181 193 194 175 172 170 148 132 165 180 192 189 206 203 202 212 215 223 225 225 225 225 222 205 193 198 193 189 210 216 216 222 225 227 229 226 220 227 232 236 238 240 -9999 -9999 -9999 -9999 -9999 -9999 -9999 -9999 -9999 -9999
65 64 65 61 54 68 75 62 47 52 70 100 119 104 85 86 139 135 140 131 147 157 147 104 126 140 143 157 153 176 188 185 155 167 150 121 140 164 179 180 174 189 175 185 194 198 210 226 226 226 224 217 206 198 180 185 200 214 207 213 211 212 215 213 209 212 215 216 227 234 235 237 238 234 -9999 -9999 -9999 -9999 -9999 -9999
67 65 67 68 65 60 70 53 44 49 49 75 102 119 117 119 137 120 123 124 125 151 145 138 107 109 112 141 138 162 176 174 158 144 157 116 135 150 146 173 144 154 167 171 169 182 202 221 226 225 224 223 212 199 197 179 205 209 197 205 192 194 195 190 192 192 194 177 209 216 225 228 227 231 236 235 236 -9999 -9999 -9999
69 63 60 69 73 60 69 59 58 52 46 71 100 107 123 126 108 84 100 94 92 137 120 118 115 121 118 103 122 160 162 158 157 139 153 152 153 138 140 141 95 99 145 146 140 161 180 186 223 225 225 224 222 211 195 189 196 194 189 191 167 166 169 168 177 175 181 179 190 190 206 212 212 208 216 226 234 237 -9999 -9999
70 67 67 84 81 59 55 53 58 52 50 63 89 106 99 103 74 68 72 59 89 122 117 103 105 129 135 119 101 129 128 137 127 121 132 138 139 120 116 108 53 73 106 100 134 159 146 172 219 225 225 224 224 221 208 197 183 177 177 188 160 143 139 138 143 155 163 165 174 176 175 176 191 190 194 205 213 224 233 -9999
67 67 75 80 81 56 38 31 48 33 43 57 54 86 77 92 69 28 27 59 104 116 116 129 133 135 137 134 132 129 115 112 96 80 87 92 111 123 100 97 37 46 61 90 125 147 173 174 195 223 225 224 224 223 220 199 182 174 163 156 161 130 107 83 75 114 113 130 154 154 153 166 168 163 198 177 187 197 220 231
79 74 75 88 83 58 44 39 33 26 40 43 43 65 55 60 61 34 39 82 104 115 124 131 135 133 136 137 138 138 135 128 118 98 85 63 54 76 86 78 22 -7 31 72 102 112 121 168 181 206 220 223 223 222 222 217 200 178 172 164 134 117 116 100 69 79 70 63 88 112 137 134 143 136 179 167 152 188 200 215
79 80 79 87 88 82 77 70 54 47 46 34 30 41 55 63 60 68 78 99 109 116 125 130 133 132 136 134 135 138 138 138 135 129 120 108 86 47 58 58 38 2 30 56 73 92 82 115 141 176 202 196 207 214 220 220 216 206 187 188 166 162 144 126 112 72 52 50 57 59 105 94 110 119 145 164 150 149 174 182
66 83 82 83 86 84 82 84 80 75 50 35 33 36 59 87 77 66 81 94 122 120 127 130 133 129 123 127 127 127 129 136 139 138 133 126 118 96 101 83 51 44 57 82 58 55 73 68 117 169 170 137 148 190 205 203 211 217 213 204 186 183 173 155 109 88 91 100 92 46 45 50 73 76 112 129 137 100 145 132
66 86 71 78 84 84 78 76 76 62 48 64 53 62 72 87 87 81 75 88 129 123 118 103 127 112 112 97 111 101 105 118 130 136 140 136 132 131 107 67 67 91 96 82 55 49 96 99 110 109 143 92 86 159 175 176 201 213 213 212 206 191 167 156 145 131 107 127 93 66 84 66 46 42 96 94 120 85 83 120
80 91 75 81 86 85 80 66 57 59 70 81 68 66 58 55 85 94 83 127 139 141 124 91 113 102 94 85 71 58 78 83 109 121 131 141 141 140 115 90 80 108 81 57 41 50 91 120 104 74 91 90 65 127 152 140 175 181 208 207 212 207 198 179 163 160 146 138 120 110 118 78 100 42 40 77 79 65 78 119
83 96 80 79 84 98 94 91 96 94 92 81 62 47 19 21 67 95 97 117 145 148 139 110 81 87 56 62 44 45 42 80 98 72 99 124 132 141 131 113 113 111 86 50 46 67 91 128 128 117 98 74 52 88 118 130 165 160 192 197 209 210 206 198 185 172 170 151 161 147 109 103 118 68 25 37 35 47 99 110
72 95 93 80 97 102 99 98 103 93 97 75 40 13 0 7 43 86 106 106 145 152 120 103 71 62 40 80 67 94 67 44 65 50 84 85 108 129 134 136 138 110 99 60 75 72 88 124 136 131 115 89 71 79 110 100 123 139 156 181 192 195 208 205 200 186 170 155 177 153 131 143 123 74 49 77 52 45 77 65
82 91 103 92 90 107 102 111 109 91 87 62 24 10 7 16 51 87 108 123 142 155 129 116 83 89 44 101 119 112 86 27 31 43 42 44 66 90 115 122 132 122 88 96 104 96 95 101 135 137 131 114 101 107 120 97 79 100 113 141 142 175 205 206 204 200 183 170 177 179 156 166 131 83 91 113 102 97 70 65
97 106 111 107 101 101 108 102 119 100 84 78 46 41 49 57 73 91 109 126 147 158 149 133 109 104 87 84 135 124 96 70 61 97 42 25 51 85 95 131 109 114 112 117 121 102 95 101 129 142 140 139 130 131 127 104 80 99 85 97 147 178 200 196 205 204 201 194 194 192 187 159 112 93 125 128 127 118 105 99
120 113 109 119 113 93 101 102 112 102 101 97 84 84 78 79 89 97 102 114 136 158 162 146 137 137 108 115 135 140 119 112 104 117 61 59 87 110 105 123 92 112 126 133 117 102 113 103 117 140 145 143 139 136 126 94 99 107 89 75 124 164 158 190 186 196 204 208 207 205 192 174 150 117 149 128 159 128 123 92
135 118 112 110 124 101 95 107 111 120 114 104 95 98 96 97 100 98 97 96 108 152 167 170 165 159 146 142 140 164 134 134 145 141 105 103 101 88 115 135 128 122 135 130 97 109 131 123 109 121 143 144 140 126 115 118 114 99 95 91 105 130 128 162 154 156 174 201 208 208 203 189 169 147 160 152 162 161 126 94
146 127 125 101 113 124 114 111 122 129 123 113 106 104 97 104 105 97 66 70 108 143 156 163 165 174 179 172 167 173 170 158 156 149 131 138 137 117 97 94 103 129 130 121 117 96 111 126 116 123 137 145 140 134 134 123 122 126 121 105 107 128 128 142 153 142 152 169 192 209 209 187 175 169 158 166 179 147 125 115
158 153 130 124 110 119 129 130 135 133 118 113 113 103 100 106 108 99 71 88 116 137 153 156 166 167 165 183 187 185 180 163 132 124 134 143 154 146 126 113 113 128 143 131 124 111 122 147 147 127 133 142 137 136 132 135 128 123 117 114 120 132 133 132 151 151 140 142 182 211 213 209 194 182 175 156 183 172 152 124
166 163 147 126 130 122 123 133 135 128 125 118 114 116 118 114 108 111 105 113 124 141 151 153 163 175 173 169 174 188 184 161 124 128 140 135 153 130 118 132 122 114 122 138 145 129 147 155 144 122 123 137 129 107 122 117 123 123 118 118 125 132 132 137 149 144 142 146 193 213 215 216 215 207 191 176 193 177 166 149
175 172 162 150 130 138 135 133 140 124 125 131 126 121 120 119 119 123 119 125 130 141 145 137 151 170 180 186 182 183 190 173 161 160 162 154 175 150 145 152 147 140 122 105 112 157 145 109 106 107 108 134 130 125 125 110 102 109 111 117 123 125 127 130 143 135 146 151 173 198 217 218 219 218 203 200 180 172 180 166
179 176 171 174 154 141 149 141 146 132 124 128 128 129 121 119 121 132 130 135 139 143 149 142 155 178 179 181 190 189 193 181 178 175 175 180 173 179 172 169 170 173 165 147 138 154 125 81 41 79 91 114 107 105 116 115 109 112 103 107 120 124 124 125 135 142 145 151 179 198 202 218 220 219 216 202 191 190 192 178
166 171 174 171 175 162 149 140 137 140 137 132 123 124 122 120 121 131 128 127 136 142 143 151 161 173 176 186 196 194 195 188 191 187 185 188 187 173 145 128 165 168 149 134 140 148 126 89 50 68 88 99 108 105 108 114 109 101 93 97 110 120 118 124 122 132 133 135 160 189 191 213 221 220 219 212 205 210 197 181
172 168 162 171 178 181 176 160 155 147 136 135 132 137 134 121 119 117 126 133 135 141 141 143 167 168 175 189 180 169 176 192 187 183 179 176 170 175 163 141 145 142 140 120 108 122 123 110 61 69 82 94 104 121 121 117 107 100 96 88 100 111 118 118 129 120 121 137 155 181 191 213 222 222 221 222 223 222 220 212
182 177 166 163 168 177 175 180 177 161 143 137 135 139 139 131 125 125 127 134 144 140 140 136 149 140 168 192 177 161 178 176 168 162 158 153 156 162 153 145 136 119 104 84 84 86 97 93 82 104 118 125 118 117 116 120 106 111 122 117 105 99 109 101 122 101 120 156 176 184 216 222 223 223 224 224 225 225 225 224
198 177 175 170 182 181 176 159 166 162 162 146 145 146 142 145 142 139 133 134 146 152 156 159 162 164 177 181 180 187 180 159 158 155 130 106 132 156 152 150 152 133 91 81 97 100 87 87 98 115 121 126 102 104 112 127 136 145 131 127 102 97 109 129 119 92 115 125 155 202 220 222 223 224 225 226 226 227 227 228
199 197 181 186 187 184 185 167 164 167 169 164 146 148 160 153 145 149 150 152 160 164 166 163 160 171 175 172 165 170 177 158 159 160 135 135 124 149 155 168 165 124 123 101 116 133 122 100 102 117 132 109 109 110 121 117 137 156 133 134 117 134 134 144 117 96 98 131 168 197 217 218 213 210 222 226 227 228 228 229
213 199 197 197 195 192 175 181 192 193 188 177 161 150 157 152 144 140 139 149 157 166 169 177 183 181 187 185 174 179 190 168 158 159 165 155 168 180 180 185 165 157 135 126 139 147 141 106 102 110 133 133 126 125 117 121 147 160 150 151 129 148 150 134 124 106 98 149 169 201 206 193 195 222 225 227 228 228 225 226
211 216 202 198 200 202 198 181 186 196 192 171 164 163 164 157 147 139 135 144 151 151 160 163 167 171 171 177 179 174 169 184 187 186 184 185 189 197 196 184 181 174 154 142 155 155 128 131 135 110 136 141 128 133 120 103 145 146 145 145 142 127 109 90 78 89 93 142 164 191 176 179 210 217 218 226 227 226 226 212
203 212 217 208 201 198 202 192 172 180 186 185 172 159 153 153 136 124 142 151 157 156 162 169 168 169 171 180 184 181 186 187 174 189 203 195 195 203 199 197 187 181 173 159 164 163 137 146 145 136 144 146 141 128 138 129 157 152 139 136 137 130 114 84 44 56 104 140 173 157 155 159 180 186 209 227 225 217 209 202
194 203 212 219 220 213 209 209 201 187 167 173 176 177 159 148 138 150 138 155 162 166 170 176 184 182 179 170 177 179 177 184 183 181 186 200 184 193 192 183 193 188 182 168 146 171 145 158 122 131 151 145 159 125 158 163 142 126 146 141 124 132 123 94 60 54 107 128 137 144 138 158 186 208 224 225 221 219 210 195
185 192 201 211 220 223 224 224 224 218 202 182 170 177 164 155 152 167 162 162 167 173 176 177 182 183 184 183 185 187 184 191 196 191 178 183 206 193 192 171 174 190 187 185 176 175 156 158 124 122 156 171 164 171 167 135 97 108 130 117 102 106 122 111 75 48 78 87 123 118 135 164 190 219 226 217 196 209 191 189
177 183 192 200 210 218 222 224 224 223 215 212 196 184 185 181 165 167 173 173 176 178 186 183 183 182 182 178 177 173 177 189 201 208 194 204 195 203 189 182 183 180 172 170 178 183 173 149 155 147 170 177 186 176 131 105 72 81 103 112 98 84 90 79 66 41 80 106 113 129 150 175 205 223 225 210 194 181 174 182
177 180 184 191 198 208 217 221 224 224 224 215 216 218 207 199 194 181 182 184 191 195 188 197 199 191 184 182 183 182 181 184 197 200 213 216 219 221 221 215 210 211 197 195 207 183 155 165 197 193 193 193 185 151 108 111 100 121 94 77 77 73 53 50 53 75 114 143 137 134 150 190 209 220 216 204 190 169 130 160
184 184 185 185 189 198 207 214 220 224 225 223 215 214 215 214 207 201 203 201 199 207 212 201 198 195 199 201 202 194 177 184 182 184 203 213 212 219 220 223 223 223 222 216 216 207 181 172 205 168 187 189 153 111 132 140 140 119 92 71 76 78 82 76 62 107 134 163 177 183 190 194 207 211 204 183 182 148 117 160
201 202 201 186 183 189 199 207 214 219 223 224 224 222 217 218 214 212 217 211 207 204 209 219 224 224 223 219 205 185 166 176 174 165 191 208 213 215 215 223 222 220 222 224 223 208 199 178 204 203 195 191 164 149 158 168 152 120 99 92 110 112 100 72 84 112 114 136 151 185 199 199 205 202 194 185 195 149 123 171
