Artocarpus altilis SDM files/Environmental layers/bio1.asc
ncols  1201
nrows  481
xllcorner  119.958333335783
yllcorner  -15.041666666017
cellsize 0.041666666667
NODATA_value  -9999
[rows 324 to 359 of 481, columns 640 to 719 of 1201]
227 221 215 198 179 177 189 193 186 147 163 154 137 108 115 111 67 52 71 110 133 151 174 149 132 161 193 208 215 225 226 226 226 227 227 227 228 228 229 230 231 231 231 231 232 232 232 -9999 -9999 233 233 233 233 234 234 234 235 236 236 236 -9999 236 236 -9999 -9999 236 236 236 236 236 236 236 236 236 236 236 236 237 236 237
227 219 211 211 197 203 196 175 169 147 127 141 132 117 111 128 81 66 54 86 108 151 188 174 146 158 185 207 208 223 226 226 226 226 227 227 227 227 229 230 230 230 230 231 231 232 232 233 233 -9999 233 233 233 233 234 234 234 235 235 236 236 236 236 -9999 -9999 236 236 236 236 236 236 236 236 236 236 236 236 -9999 236 236
224 218 211 207 204 195 183 169 168 166 136 116 105 99 118 129 84 87 61 70 106 139 179 203 181 189 200 192 198 221 223 226 226 226 226 226 226 227 227 228 229 229 230 230 231 232 232 232 233 233 -9999 -9999 233 233 233 233 234 234 235 235 236 236 236 -9999 -9999 -9999 236 -9999 -9999 236 236 236 236 236 236 236 -9999 236 236 236
227 223 217 214 207 206 195 190 191 178 161 149 109 102 113 135 111 116 58 40 86 141 159 189 205 186 161 174 199 208 221 223 225 225 225 225 225 226 226 227 227 227 229 229 230 231 232 232 233 233 233 -9999 -9999 233 233 -9999 -9999 -9999 -9999 234 235 235 236 -9999 236 -9999 -9999 -9999 -9999 -9999 236 -9999 -9999 -9999 -9999 -9999 -9999 -9999 -9999 -9999
228 223 222 222 215 209 192 181 185 179 164 147 139 122 115 143 134 122 66 41 76 116 123 170 205 180 156 148 169 193 212 219 224 224 223 224 224 225 225 226 227 226 227 228 229 230 231 232 232 232 232 233 -9999 -9999 -9999 -9999 -9999 -9999 -9999 -9999 234 234 234 -9999 236 236 236 236 236 236 236 -9999 -9999 -9999 -9999 -9999 -9999 -9999 -9999 -9999
227 222 223 226 222 215 201 190 177 171 154 172 161 131 120 140 128 81 44 26 29 54 95 155 201 188 157 136 154 171 195 211 225 224 223 222 222 223 224 225 226 226 227 227 228 229 231 231 232 232 232 232 232 233 -9999 -9999 -9999 -9999 -9999 -9999 233 233 234 234 235 235 235 235 235 -9999 236 -9999 -9999 -9999 -9999 -9999 -9999 -9999 -9999 -9999
228 224 224 226 226 220 211 203 189 176 174 181 153 139 135 154 112 117 74 32 21 42 99 160 199 196 160 164 149 165 199 221 223 222 220 218 218 219 221 223 224 225 226 227 228 229 229 231 231 232 232 232 232 232 232 233 233 233 -9999 233 233 233 233 233 234 234 235 235 235 -9999 -9999 -9999 -9999 -9999 -9999 -9999 -9999 -9999 -9999 -9999
227 226 225 227 227 225 217 205 196 179 185 189 166 134 131 160 144 148 93 39 37 52 119 157 182 206 187 185 178 168 191 208 222 220 217 213 211 212 215 219 222 224 226 226 228 229 229 230 231 232 232 232 232 232 232 232 232 233 233 233 233 233 233 233 233 233 234 235 235 -9999 -9999 -9999 -9999 -9999 -9999 -9999 -9999 -9999 -9999 -9999
226 225 226 227 227 227 219 211 205 197 189 172 169 136 134 159 167 174 139 75 73 39 93 111 161 198 207 195 190 168 183 207 219 217 211 205 201 201 207 214 214 215 221 225 228 229 229 230 231 232 232 232 232 232 232 232 232 232 232 232 232 233 233 233 233 233 233 234 235 -9999 -9999 -9999 -9999 -9999 -9999 -9999 -9999 -9999 -9999 -9999
224 223 226 227 228 228 223 217 213 207 195 187 177 148 151 165 182 188 173 142 104 38 38 104 132 165 201 205 198 195 201 207 220 214 207 196 183 186 199 203 201 200 210 219 225 228 230 230 231 232 232 232 232 232 232 232 232 232 232 232 232 232 232 232 233 233 233 234 235 -9999 -9999 -9999 -9999 -9999 -9999 -9999 -9999 -9999 -9999 -9999
225 224 224 227 228 228 225 223 217 210 203 195 186 172 176 191 202 191 158 126 92 65 45 66 110 139 169 194 192 202 210 213 215 211 203 189 162 170 191 192 177 180 196 206 216 227 230 230 231 231 231 231 232 232 232 232 232 232 232 231 231 232 232 232 232 232 233 233 235 -9999 -9999 -9999 -9999 -9999 -9999 -9999 -9999 -9999 -9999 -9999
226 227 225 227 228 229 228 227 225 217 214 207 196 188 201 201 205 199 165 147 128 104 89 101 82 118 140 137 141 156 161 176 197 208 200 193 182 179 183 175 143 141 178 188 211 225 229 230 231 231 231 231 231 231 232 232 232 231 231 230 230 230 230 230 231 231 232 233 -9999 -9999 -9999 -9999 -9999 -9999 -9999 -9999 -9999 -9999 -9999 -9999
228 228 229 229 228 229 228 228 228 226 224 220 213 209 216 215 212 200 182 178 152 126 137 140 109 87 124 107 90 116 99 116 168 194 185 188 187 185 181 169 151 156 157 177 208 226 229 230 230 231 231 231 230 230 230 230 230 230 228 224 226 225 224 226 228 231 232 -9999 -9999 -9999 -9999 -9999 -9999 -9999 -9999 -9999 -9999 -9999 -9999 -9999
231 230 230 230 229 229 229 229 229 229 229 227 223 223 219 212 202 201 183 165 159 168 178 164 156 112 107 89 74 81 83 121 143 180 166 167 157 174 175 174 177 179 180 192 204 222 227 229 229 230 230 230 229 229 227 227 227 227 224 214 216 217 215 217 225 230 232 233 -9999 -9999 -9999 -9999 -9999 -9999 -9999 -9999 -9999 -9999 -9999 -9999
232 231 231 231 230 229 229 229 229 229 229 228 228 227 225 215 202 202 186 176 167 187 184 161 146 129 98 72 56 52 65 83 112 159 164 136 136 160 175 181 188 190 187 190 201 210 226 227 227 227 228 228 227 227 226 227 226 223 222 206 191 197 205 216 225 229 232 233 -9999 -9999 -9999 -9999 -9999 -9999 -9999 -9999 -9999 -9999 -9999 -9999
232 231 232 232 231 230 229 229 229 229 229 228 228 228 226 221 213 213 206 197 195 177 188 167 160 140 108 89 43 47 68 83 108 144 171 156 149 152 170 184 191 194 186 179 188 198 224 226 227 227 227 227 227 226 226 226 221 213 206 199 160 172 206 217 225 230 232 234 234 -9999 -9999 -9999 -9999 -9999 -9999 -9999 -9999 -9999 -9999 -9999
236 235 232 -9999 232 231 230 229 229 230 229 229 228 228 227 226 221 219 215 210 197 180 181 178 161 136 103 93 72 51 74 88 101 117 149 153 143 149 171 184 191 199 198 194 201 218 225 227 227 227 227 227 226 226 226 224 214 196 161 181 185 187 216 227 229 231 233 234 234 -9999 -9999 -9999 -9999 -9999 -9999 -9999 -9999 -9999 -9999 -9999
-9999 -9999 -9999 -9999 233 231 230 230 230 229 229 229 228 228 227 222 219 216 209 205 187 180 174 177 167 132 115 90 85 59 68 87 62 102 112 153 160 164 172 184 191 198 198 184 208 219 218 227 227 227 226 226 226 226 227 223 214 191 166 188 209 215 224 228 230 232 233 234 -9999 -9999 -9999 -9999 -9999 -9999 -9999 -9999 -9999 -9999 -9999 -9999
-9999 -9999 -9999 237 233 232 230 230 229 229 229 229 229 229 228 217 208 217 211 208 204 199 180 169 176 153 129 97 95 77 66 69 45 69 102 142 175 172 179 184 183 180 167 188 206 201 205 226 227 227 226 226 226 226 227 226 218 206 198 205 215 224 226 228 230 232 233 -9999 -9999 -9999 -9999 -9999 -9999 -9999 -9999 -9999 -9999 -9999 -9999 -9999
-9999 -9999 -9999 233 233 232 231 231 230 229 226 227 229 229 226 224 219 222 216 210 196 201 181 155 151 147 144 139 129 115 91 87 64 90 115 124 160 177 188 171 146 126 136 172 177 192 200 224 226 226 226 226 226 226 227 227 223 218 214 217 223 226 227 228 229 231 -9999 -9999 -9999 -9999 -9999 -9999 -9999 -9999 -9999 -9999 -9999 -9999 -9999 -9999
-9999 -9999 -9999 234 232 232 231 231 231 230 224 220 227 229 226 227 223 217 212 194 195 191 182 168 170 160 158 174 153 136 125 117 84 96 119 126 152 182 189 160 138 142 155 178 186 199 203 217 224 227 226 225 226 226 226 227 226 224 223 224 226 227 228 228 228 229 229 -9999 -9999 -9999 -9999 -9999 -9999 -9999 -9999 -9999 -9999 -9999 -9999 -9999
-9999 -9999 -9999 -9999 235 234 232 231 231 230 226 223 225 229 228 228 223 205 200 200 199 191 193 197 192 181 179 186 164 157 155 127 122 104 94 137 163 153 181 179 175 177 183 181 195 202 206 211 220 225 226 225 226 226 226 226 225 225 225 226 226 227 228 228 228 228 228 229 230 -9999 -9999 -9999 -9999 -9999 -9999 -9999 -9999 -9999 -9999 -9999
-9999 -9999 -9999 -9999 -9999 238 236 235 232 231 229 230 227 227 228 226 220 198 195 201 199 189 194 210 190 202 187 193 172 177 178 165 163 133 93 103 118 150 170 196 203 201 197 193 202 210 205 207 211 221 226 226 226 226 225 224 224 225 225 225 226 227 228 228 228 228 228 228 229 231 233 -9999 -9999 -9999 -9999 -9999 -9999 -9999 -9999 -9999
-9999 -9999 -9999 -9999 -9999 -9999 -9999 -9999 238 233 231 230 231 227 228 229 228 214 181 194 198 193 199 212 207 209 192 184 192 193 189 169 135 112 75 108 121 144 159 175 203 209 208 212 215 215 214 204 210 216 221 221 216 217 216 221 222 223 222 222 222 225 227 228 228 228 228 228 228 229 231 231 -9999 -9999 -9999 -9999 -9999 -9999 -9999 -9999
-9999 -9999 -9999 -9999 -9999 -9999 -9999 -9999 -9999 235 232 232 233 233 230 232 230 226 206 185 197 195 197 216 214 214 201 191 187 199 179 160 132 97 93 122 138 165 167 172 177 197 212 213 216 218 220 218 207 211 200 200 185 178 167 201 210 211 214 215 219 223 226 227 227 227 228 228 228 228 229 229 229 229 230 -9999 -9999 -9999 -9999 -9999
-9999 -9999 -9999 -9999 -9999 -9999 -9999 -9999 -9999 -9999 -9999 -9999 233 237 235 233 232 230 223 210 186 202 208 207 218 212 217 211 204 202 183 179 167 128 104 133 153 163 182 187 178 182 197 207 214 217 219 222 220 213 204 203 202 192 178 179 157 162 180 202 209 217 223 225 226 227 227 227 228 228 228 228 228 228 228 229 230 230 230 -9999
-9999 -9999 -9999 -9999 -9999 -9999 -9999 -9999 -9999 -9999 -9999 -9999 240 240 240 239 234 232 229 225 204 211 216 211 218 211 215 218 208 201 197 192 170 166 148 120 136 148 163 183 191 187 180 198 206 209 215 219 222 222 220 218 210 197 182 147 116 105 137 164 199 211 219 224 225 226 227 227 227 226 226 227 227 227 226 227 227 227 229 230
-9999 -9999 -9999 -9999 -9999 -9999 -9999 -9999 -9999 -9999 -9999 -9999 -9999 -9999 -9999 -9999 238 234 232 228 224 216 220 217 218 220 216 222 219 214 205 200 190 178 183 155 154 125 145 158 183 173 187 192 200 205 207 212 216 218 220 217 209 194 175 135 92 60 104 122 171 200 216 221 224 224 224 225 222 223 224 224 223 220 222 222 221 222 224 225
-9999 -9999 -9999 -9999 -9999 -9999 -9999 -9999 -9999 -9999 -9999 -9999 -9999 -9999 -9999 -9999 240 238 234 230 226 220 221 222 222 223 224 220 211 215 215 209 203 199 185 167 180 161 137 149 166 163 168 182 192 195 190 211 206 203 204 212 202 184 158 83 66 45 91 119 138 156 180 191 193 194 217 219 219 219 222 222 224 223 219 219 221 221 223 221
-9999 -9999 -9999 -9999 -9999 -9999 -9999 -9999 -9999 -9999 -9999 -9999 -9999 -9999 -9999 -9999 -9999 240 237 233 231 223 226 220 225 228 227 224 217 216 218 215 219 210 199 190 192 186 166 151 148 157 154 168 177 187 196 207 181 182 194 177 181 173 143 93 46 79 94 112 115 135 139 140 127 140 181 210 219 223 224 223 220 223 222 221 223 223 222 224
-9999 -9999 -9999 -9999 -9999 -9999 -9999 -9999 -9999 -9999 -9999 -9999 -9999 -9999 -9999 -9999 -9999 241 239 235 233 229 228 221 224 229 230 228 220 219 219 221 220 213 199 196 198 189 176 168 178 169 182 177 165 187 200 203 182 168 201 179 149 153 130 83 72 99 111 104 112 121 117 115 99 109 138 190 215 222 222 222 221 223 224 224 225 226 227 227
-9999 -9999 -9999 -9999 -9999 -9999 -9999 -9999 -9999 -9999 -9999 -9999 -9999 -9999 -9999 -9999 -9999 -9999 -9999 238 234 232 227 222 226 230 231 231 224 212 211 217 221 218 211 211 204 205 201 183 195 201 199 193 166 171 188 201 180 168 186 169 174 156 136 102 115 132 146 157 143 121 104 76 87 102 132 180 199 199 214 213 214 224 228 232 234 232 231 -9999
-9999 -9999 -9999 -9999 -9999 -9999 -9999 -9999 -9999 -9999 -9999 -9999 -9999 -9999 -9999 -9999 -9999 -9999 -9999 238 234 233 227 222 226 229 230 231 229 223 217 217 222 223 217 210 211 210 203 201 201 207 207 207 197 178 170 184 185 187 197 185 158 141 145 130 134 163 177 194 172 163 129 112 90 106 142 176 197 199 202 182 199 209 227 235 235 -9999 -9999 -9999
-9999 -9999 -9999 -9999 -9999 -9999 -9999 -9999 -9999 -9999 -9999 -9999 -9999 -9999 -9999 -9999 -9999 -9999 -9999 238 235 234 232 226 223 225 231 232 231 228 226 224 224 226 222 216 221 223 226 223 222 220 220 217 200 192 176 160 151 172 192 190 191 180 181 175 164 154 179 202 195 191 178 150 151 141 147 161 161 161 173 139 160 199 214 228 232 -9999 -9999 -9999
-9999 -9999 -9999 -9999 -9999 -9999 -9999 -9999 -9999 -9999 -9999 -9999 -9999 -9999 -9999 -9999 -9999 -9999 -9999 -9999 236 234 234 232 228 227 229 232 232 225 227 227 226 228 227 225 229 230 231 231 229 227 227 225 219 210 203 195 186 187 179 177 182 186 193 195 186 192 202 214 214 198 174 169 170 147 157 141 124 145 147 127 147 170 205 213 223 233 -9999 -9999
-9999 -9999 -9999 -9999 -9999 -9999 -9999 -9999 -9999 -9999 -9999 -9999 -9999 -9999 -9999 -9999 -9999 -9999 -9999 -9999 237 235 235 234 232 231 230 232 232 226 229 227 227 230 230 231 231 231 232 231 226 227 228 228 228 227 221 215 214 214 209 195 185 202 212 209 200 201 191 214 202 184 192 198 181 176 157 149 140 127 118 148 170 189 200 207 219 228 233 236
