Artocarpus altilis SDM files/Environmental layers/bio12.asc
ncols  1201
nrows  481
xllcorner  119.958333335783
yllcorner  -15.041666666017
cellsize 0.041666666667
NODATA_value  -9999
[rows 420 to 454 of 481, columns 316 to 394 of 1201]
2146 2094 2033 1889 1912 1922 1818 1941 1645 1587 1732 1778 1860 1746 1615 1705 1691 1466 1249 1276 1431 1486 1345 1276 1395 1570 1469 1430 1476 1514 1406 1399 1450 1475 1409 1366 1376 1329 1383 1343 1317 1497 1376 1278 1335 1381 1412 1421 1442 1462 1623 1696 1725 1781 1788 1780 1773 1750 1766 1806 1771 1823 1692 1729 1820 1685 1617 1705 1734 1635 1685 1726 1666 1615 1600 1625 1682 1608 1649
1940 1826 1693 1888 2002 1978 1964 1911 1768 1778 1852 1872 1817 1774 1705 1676 1465 1341 1430 1506 1411 1419 1368 1277 1446 1520 1438 1486 1527 1426 1355 1429 1439 1316 1285 1268 1294 1363 1418 1376 1522 1550 1517 1395 1326 1354 1386 1441 1653 1629 1652 1664 1666 1704 1689 1712 1714 1720 1767 1833 1781 1813 1777 1754 1738 1588 1703 1725 1728 1681 1801 1752 1720 1601 1617 1637 1668 1638 1641
1745 1497 1384 1736 1947 1922 1911 1869 1820 1823 1817 1849 1817 1787 1725 1650 1515 1456 1567 1611 1539 1486 1342 1282 1437 1577 1485 1438 1397 1380 1388 1443 1401 1280 1307 1338 1333 1394 1372 1356 1546 1506 1467 1237 1304 1339 1389 1408 1380 1348 1556 1448 1492 1442 1431 1526 1570 1677 1739 1770 1773 1792 1708 1793 1635 1572 1762 1696 1720 1708 1731 1622 1606 1584 1635 1621 1602 1645 1668
1871 1694 1595 1741 1662 1635 1754 1886 1809 1798 1757 1825 1781 1751 1681 1576 1538 1478 1467 1536 1584 1461 1225 1404 1520 1563 1521 1473 1391 1464 1494 1430 1306 1346 1368 1316 1345 1368 1313 1321 1450 1400 1327 1199 1292 1338 1370 1413 1392 1368 1371 1315 1387 1461 1565 1708 1708 1717 1711 1760 1683 1695 1732 1736 1713 1669 1726 1684 1670 1731 1768 1665 1523 1560 1688 1638 1620 1612 1643
1697 1700 1742 1788 1504 1612 1782 1714 1587 1691 1772 1803 1734 1732 1601 1552 1547 1493 1650 1610 1513 1511 1257 1481 1592 1562 1488 1324 1407 1500 1495 1371 1426 1454 1390 1336 1341 1296 1308 1315 1427 1251 1165 1203 1274 1320 1364 1387 1400 1416 1413 1464 1504 1603 1623 1700 1760 1729 1724 1799 1753 1643 1720 1734 1732 1691 1722 1688 1716 1790 1742 1621 1572 1582 1693 1653 1566 1564 1565
1957 1970 1741 1724 1850 1780 1686 1729 1771 1756 1740 1703 1656 1541 1481 1383 1462 1586 1590 1461 1380 1363 1325 1573 1519 1420 1266 1348 1516 1517 1403 1348 1456 1481 1380 1346 1334 1281 1330 1315 1435 1263 1214 1253 1324 1359 1399 1463 1507 1528 1614 1612 1640 1591 1675 1548 1505 1602 1737 1757 1666 1594 1684 1703 1692 1713 1763 1774 1765 1740 1661 1638 1655 1656 1655 1664 1611 1541 1388
2027 1988 1941 1976 1888 1649 1763 1816 1583 1691 1708 1589 1477 1460 1374 1399 1446 1515 1563 1437 1356 1280 1376 1450 1556 1457 1347 1498 1542 1486 1469 1381 1448 1412 1371 1419 1346 1355 1392 1315 1429 1345 1361 1444 1328 1448 1397 1494 1541 1500 1468 1611 1599 1580 1638 1613 1634 1561 1674 1706 1434 1512 1610 1526 1485 1571 1637 1596 1705 1617 1581 1556 1635 1670 1640 1636 1627 1573 1463
1949 1912 1866 1782 1725 1548 1812 1608 1573 1731 1623 1633 1607 1545 1471 1492 1555 1600 1471 1311 1397 1429 1430 1591 1555 1533 1496 1524 1548 1469 1361 1298 1457 1399 1298 1252 1223 1384 1286 1309 1452 1414 1425 1321 1343 1443 1300 1348 1470 1544 1520 1519 1585 1611 1629 1655 1593 1573 1722 1753 1480 1473 1516 1486 1480 1481 1540 1560 1521 1520 1521 1502 1505 1558 1584 1518 1459 1465 1450
1919 1831 1639 1569 1599 1763 1635 1575 1656 1569 1524 1636 1617 1604 1483 1534 1599 1475 1330 1428 1484 1382 1331 1567 1551 1531 1468 1562 1449 1269 1249 1375 1365 1251 1326 1319 1267 1340 1214 1373 1405 1339 1314 1393 1303 1266 1287 1426 1481 1564 1552 1464 1475 1643 1665 1657 1511 1600 1643 1464 1386 1401 1462 1493 1451 1468 1443 1501 1532 1533 1611 1579 1495 1528 1583 1462 1421 1394 1425
1873 1887 1787 1569 1732 1683 1478 1535 1585 1392 1577 1639 1640 1474 1458 1582 1583 1461 1391 1578 1473 1336 1328 1483 1540 1538 1529 1553 1492 1387 1349 1315 1277 1355 1281 1225 1274 1273 1218 1309 1314 1298 1378 1325 1272 1313 1303 1492 1482 1530 1523 1507 1496 1602 1662 1517 1538 1671 1633 1408 1342 1348 1412 1453 1442 1501 1448 1396 1405 1419 1436 1470 1429 1497 1512 1434 1404 1366 1420
1881 1850 1640 1591 1716 1431 1534 1590 1597 1604 1553 1609 1532 1414 1517 1573 1484 1319 1442 1399 1226 1269 1389 1513 1495 1463 1457 1509 1442 1336 1295 1333 1344 1273 1233 1249 1283 1203 1178 1192 1173 1232 1287 1346 1253 1171 1302 1346 1378 1364 1437 1535 1550 1604 1556 1451 1556 1722 1595 1311 1377 1357 1425 1385 1401 1422 1388 1358 1336 1383 1389 1427 1412 1375 1426 1401 1349 1440 1458
1885 1745 1571 1593 1501 1441 1552 1591 1695 1652 1611 1547 1534 1491 1541 1570 1462 1376 1366 1198 1226 1242 1340 1409 1471 1448 1484 1468 1399 1399 1398 1375 1326 1268 1225 1222 1206 1147 1196 1225 1215 1262 1244 1185 1128 1168 1243 1301 1312 1348 1364 1477 1541 1520 1463 1470 1609 1602 1405 1279 1283 1294 1419 1345 1406 1357 1351 1325 1318 1318 1351 1450 1413 1404 1412 1415 1386 1415 1402
1535 1532 1622 1549 1448 1610 1517 1527 1572 1700 1688 1639 1616 1547 1520 1407 1346 1402 1396 1278 1287 1322 1461 1427 1431 1387 1395 1356 1354 1314 1332 1300 1244 1236 1156 1171 1117 1155 1191 1222 1277 1212 1115 1104 1103 1163 1256 1301 1393 1423 1422 1470 1521 1479 1477 1566 1647 1542 1448 1296 1292 1270 1404 1302 1365 1329 1285 1296 1334 1316 1351 1358 1381 1353 1387 1354 1343 1335 1339
1522 1776 1705 1657 1595 1544 1462 1637 1640 1728 1641 1660 1596 1516 1427 1313 1251 1274 1185 1148 1242 1391 1365 1329 1286 1281 1332 1323 1263 1223 1203 1234 1156 1128 1120 1126 1141 1164 1188 1258 1210 1123 1142 1108 1121 1169 1238 1306 1306 1366 1443 1454 1424 1401 1464 1644 1383 1377 1277 1251 1269 1282 1403 1314 1296 1292 1293 1295 1308 1360 1431 1356 1338 1355 1417 1371 1326 1310 1316
1380 1469 1533 1528 1489 1479 1445 1612 1693 1655 1522 1494 1492 1401 1266 1239 1194 1173 1124 1181 1297 1383 1343 1248 1177 1185 1238 1233 1287 1249 1199 1096 1078 1092 1103 1149 1148 1152 1191 1244 1114 1133 1096 1101 1141 1216 1225 1239 1303 1356 1342 1285 1349 1408 1469 1496 1543 1500 1307 1279 1273 1265 1265 1256 1295 1268 1323 1314 1306 1327 1347 1316 1336 1367 1363 1336 1337 1332 1357
1777 1838 1715 1460 1473 1373 1470 1536 1612 1556 1486 1395 1510 1266 1181 1154 1132 1174 1209 1225 1261 1224 1296 1174 1191 1126 1158 1142 1103 1034 1067 1070 1072 1077 1112 1151 1149 1146 1226 1143 1147 1119 1134 1130 1176 1274 1292 1229 1250 1238 1260 1308 1368 1481 1592 1660 1674 1657 1302 1259 1273 1306 1379 1410 1308 1279 1295 1325 1312 1302 1335 1304 1311 1395 1330 1303 1334 1338 1378
1760 1794 1601 1402 1357 1412 1607 1688 1616 1478 1357 1382 1354 1229 1159 1116 1175 1182 1250 1261 1124 1141 1118 1185 1162 1130 1122 1072 1023 1004 1005 1006 1025 1073 1105 1123 1128 1165 1153 1108 1108 1137 1155 1133 1138 1155 1253 1324 1315 1269 1265 1325 1418 1613 1633 1684 1687 1593 1300 1337 1307 1327 1432 1366 1336 1319 1285 1308 1311 1364 1361 1299 1345 1380 1329 1304 1317 1331 1360
1793 1754 1625 1370 1487 1573 1603 1617 1513 1456 1452 1418 1286 1223 1210 1218 1203 1237 1308 1127 1106 1037 1046 1172 1070 1020 1075 1048 1098 1071 1059 1001 1007 1044 1087 1105 1110 1159 1114 1160 1150 1203 1190 1163 1129 1175 1290 1348 1336 1303 1310 1422 1508 1616 1598 1626 1565 1567 1230 1262 1298 1381 1393 1323 1294 1299 1294 1299 1317 1327 1303 1314 1339 1347 1312 1323 1332 1335 1281
1804 1713 1544 1580 1580 1641 1652 1573 1578 1505 1443 1441 1377 1387 1299 1208 1208 1291 1253 1137 1033 1022 1042 998 971 956 993 952 986 1066 1040 991 985 1026 1061 1076 1152 1110 1109 1218 1199 1180 1134 1100 1144 1259 1237 1283 1333 1325 1368 1469 1552 1490 1446 1408 1287 1224 1226 1313 1337 1455 1389 1278 1294 1341 1324 1303 1318 1316 1329 1322 1325 1324 1334 1333 1341 1429 1267
1679 1630 1606 1614 1602 1654 1586 1539 1449 1399 1445 1398 1364 1291 1236 1241 1253 1204 1052 1029 1025 1021 1001 1018 930 902 924 907 918 990 1019 981 992 1031 1061 1102 1105 1111 1176 1232 1096 1095 1090 1172 1205 1141 1131 1147 1212 1313 1467 1560 1521 1367 1424 1273 1190 1245 1220 1262 1414 1432 1340 1287 1283 1286 1288 1302 1318 1319 1316 1337 1334 1337 1335 1317 1326 1324 1237
1595 1597 1631 1652 1627 1573 1477 1489 1462 1416 1334 1248 1210 1214 1318 1333 1267 1085 979 985 974 1046 991 994 922 945 939 925 933 1073 979 961 1007 1049 1071 1111 1103 1114 1167 1050 1116 1140 1135 1257 1217 1125 1204 1234 1246 1351 1484 1406 1241 1219 1181 1142 1133 1143 1218 1357 1406 1314 1305 1295 1289 1329 1301 1307 1319 1330 1322 1338 1348 1348 1336 1307 1279 1241 1240
1604 1521 1481 1454 1480 1521 1528 1449 1372 1318 1228 1196 1285 1328 1296 1216 1128 1066 1128 1071 977 966 1063 1047 940 996 968 927 994 990 937 938 1010 1051 1057 1081 1094 1104 1065 1090 1179 1138 1204 1204 1126 1135 1139 1146 1288 1423 1475 1338 1256 1239 1100 1083 1176 1131 1236 1216 1214 1304 1304 1332 1415 1348 1388 1325 1325 1332 1330 1342 1393 1361 1353 1319 1302 1282 1270
1534 1474 1397 1455 1507 1489 1446 1388 1315 1292 1240 1305 1281 1194 1131 1142 1036 1055 1074 1147 1130 1137 1022 935 910 984 942 944 947 966 922 957 1039 1084 1081 1096 1076 1165 1139 1204 1183 1166 1187 1140 1118 1129 1187 1190 1324 1457 1384 1243 1285 1278 1142 1086 1133 1177 1182 1129 1208 1241 1214 1261 1379 1271 1285 1350 1331 1341 1353 1376 1436 1411 1394 1366 1312 1302 1293
1429 1397 1378 1487 1443 1419 1314 1318 1293 1335 1295 1259 1133 1059 1057 1065 1000 988 1026 1014 995 960 928 882 902 912 973 961 922 912 920 1013 1057 1090 1100 1097 1120 1174 1183 1203 1182 1130 1173 1183 1078 1158 1226 1251 1353 1441 1337 1148 1125 1199 1086 1090 1081 1139 1330 1148 1239 1190 1241 1214 1344 1272 1286 1307 1330 1344 1348 1373 1379 1371 1361 1339 1322 1323 1313
1363 1324 1312 1338 1314 1231 1184 1139 1222 1306 1285 1215 1126 1128 1083 1033 1001 982 951 926 961 1009 931 948 915 890 895 885 900 927 924 977 1022 1046 1066 1077 1104 1173 1155 1141 1096 1139 1183 1084 1050 1185 1200 1233 1328 1397 1228 1127 1135 1144 1103 1119 1057 1073 1257 1212 1181 1176 1228 1210 1240 1270 1303 1316 1338 1351 1353 1353 1373 1361 1339 1338 1358 1351 1333
1403 1322 1272 1339 1329 1192 1117 1198 1234 1254 1206 1090 1122 1095 1083 1075 1004 973 993 1018 963 930 912 905 902 953 901 874 902 907 901 957 971 956 969 1042 1157 1151 1116 1027 1036 1024 1055 1044 1089 1217 1188 1162 1202 1223 1061 1064 1077 1087 1049 1117 1163 1055 1227 1348 1334 1196 1192 1233 1206 1262 1302 1319 1342 1360 1367 1372 1370 1350 1381 1379 1371 1357 1340
1373 1269 1219 1269 1174 1080 1107 1169 1161 1089 1083 1034 1029 1037 1028 994 962 972 1003 945 918 921 901 937 948 1020 966 940 936 887 955 936 916 924 991 1026 1111 1042 996 1032 1071 1024 1028 1131 1089 1105 1144 1087 1190 1114 1012 1072 1094 1059 1128 1232 1153 1095 1096 1116 1205 1240 1259 1250 1236 1271 1307 1324 1344 1367 1376 1385 1382 1418 1449 1422 1395 1362 1352
1257 1163 1170 1151 1125 1141 1173 1300 1143 1040 1040 1019 1049 1002 966 968 971 1027 990 1022 1013 938 985 948 984 1005 1037 1011 914 883 889 930 895 855 925 967 967 948 1006 1005 989 1032 1067 1141 1097 1120 1123 1078 1125 1025 1019 1086 1098 1137 1148 1097 1111 1137 1213 1207 1171 1305 1297 1287 1250 1281 1310 1329 1352 1378 1410 1389 1393 1425 1428 1400 1398 1377 1361
1246 1111 1111 1238 1299 1336 1239 1309 1161 1088 999 993 998 967 951 969 997 997 1025 1026 983 1019 1013 967 1013 1031 1026 972 1017 920 892 868 868 851 953 956 914 926 1035 1023 1068 1062 1085 1097 1084 1104 1036 1034 1096 982 996 1040 1054 1095 1127 1099 1148 1257 1237 1203 1265 1350 1326 1270 1250 1288 1312 1330 1352 1401 1384 1395 1401 1487 1592 1467 1388 1363 1390
1137 1143 1275 1361 1351 1291 1238 1181 1075 1073 1078 1001 981 941 945 955 958 978 989 1015 967 947 961 1000 984 951 916 988 916 938 944 898 841 841 904 890 892 913 1021 1023 1080 1060 1109 1104 1122 1032 1017 1024 1071 947 993 995 1048 1016 1068 1242 1265 1171 1207 1226 1244 1218 1217 1243 1267 1272 1311 1335 1396 1407 1366 1408 1436 1503 1526 1510 1411 1365 1344
1115 1248 1276 1286 1307 1213 1153 1052 1043 987 988 1003 985 933 941 930 929 915 928 937 922 953 1011 988 956 925 883 847 814 836 882 852 825 850 902 844 872 927 982 1048 1024 1075 1112 1072 1101 1037 1020 995 966 943 1024 988 997 1014 1061 1052 1067 1089 1087 1103 1180 1179 1198 1228 1275 1289 1338 1373 1415 1358 1372 1400 1473 1407 1463 1470 1349 1342 1372
1337 1353 1288 1188 1088 1060 1132 992 1040 984 950 946 936 911 922 943 932 922 900 890 904 900 926 890 853 844 832 821 820 822 830 827 834 858 863 858 914 978 1022 1031 1050 1084 1113 1027 1023 1044 1067 1041 963 956 967 987 956 1067 1035 1139 1091 1059 1142 1082 1146 1185 1207 1249 1249 1310 1369 1327 1394 1359 1371 1391 1436 1372 1462 1372 1331 1475 1375
1375 1333 1267 1156 1047 1012 980 955 1006 980 950 926 911 942 961 919 885 891 895 896 907 905 863 820 815 827 821 832 826 830 835 838 840 859 881 964 1008 998 1013 975 975 1090 1104 1079 968 1031 1025 983 998 943 918 966 946 981 1130 1175 1152 1072 1042 1111 1193 1210 1218 1229 1248 1348 1394 1362 1333 1330 1356 1357 1339 1363 1316 1337 1356 1413 1417
1378 1277 1097 1091 1034 1031 990 965 962 949 950 945 899 928 991 999 954 906 870 927 890 862 813 829 881 910 899 890 879 862 871 860 915 911 920 1040 1060 1064 1073 914 912 1002 1010 1093 1054 1007 952 974 999 947 913 913 932 958 1036 1008 1012 1059 1094 1162 1202 1208 1229 1270 1282 1351 1351 1357 1315 1324 1339 1338 1328 1314 1293 1348 1386 1349 1394
1287 1246 1114 1009 982 1029 1075 1021 934 901 887 908 866 911 923 920 899 902 874 847 815 823 860 881 896 862 877 898 875 856 868 861 907 917 1009 993 1029 1083 1015 967 906 891 930 962 975 1035 976 962 967 945 912 905 925 931 942 954 969 1014 1033 1095 1192 1246 1228 1283 1318 1271 1228 1264 1267 1310 1320 1323 1318 1324 1323 1367 1394 1366 1401
