Artocarpus altilis SDM files/Environmental layers/bio15.asc
ncols  1201
nrows  481
xllcorner  119.958333335783
yllcorner  -15.041666666017
cellsize 0.041666666667
NODATA_value  -9999
[rows 252 to 287 of 481, columns 574 to 655 of 1201]
48 48 48 49 50 50 51 51 51 51 52 52 52 52 52 51 51 51 50 50 49 49 49 49 49 49 49 49 49 49 49 50 50 50 51 51 52 52 53 53 54 54 54 55 55 55 56 56 57 57 57 58 58 58 58 58 -9999 -9999 -9999 -9999 -9999 -9999 -9999 -9999 -9999 -9999 -9999 -9999 -9999 -9999 -9999 -9999 -9999 -9999 -9999 -9999 -9999 -9999 -9999 -9999 -9999 -9999
48 48 48 49 50 49 50 50 50 50 51 51 51 51 51 51 50 50 50 49 49 48 48 49 49 48 49 49 49 49 49 49 49 50 50 51 51 52 53 53 54 54 55 55 55 56 56 57 57 58 58 58 58 59 58 58 58 58 58 58 -9999 -9999 -9999 -9999 -9999 -9999 -9999 -9999 -9999 -9999 -9999 -9999 -9999 -9999 -9999 -9999 -9999 -9999 -9999 -9999 -9999 -9999
48 48 48 48 49 49 49 50 50 50 49 49 49 50 50 50 50 49 49 48 48 47 48 48 47 48 47 47 48 48 48 48 49 49 50 50 51 52 53 53 54 55 55 56 56 56 57 57 58 58 59 59 59 59 59 59 58 58 58 58 58 57 57 -9999 -9999 -9999 -9999 -9999 -9999 -9999 -9999 -9999 -9999 -9999 -9999 -9999 -9999 -9999 -9999 -9999 -9999 -9999
48 48 48 48 48 48 48 49 49 48 48 49 49 48 49 49 49 48 48 48 48 48 48 47 47 47 47 47 47 47 47 48 48 49 49 50 51 52 52 53 54 55 55 56 56 57 57 58 58 58 59 59 59 59 59 59 59 59 58 58 58 58 57 57 -9999 -9999 -9999 -9999 -9999 -9999 -9999 -9999 -9999 -9999 -9999 -9999 -9999 -9999 -9999 -9999 -9999 -9999
47 47 47 47 47 47 47 48 48 47 47 48 48 48 48 48 48 48 47 47 47 47 47 46 46 46 46 46 46 46 47 47 47 48 49 49 50 51 52 53 54 55 56 56 57 57 57 58 58 58 58 59 59 60 60 60 59 59 59 59 58 58 58 57 57 -9999 -9999 -9999 -9999 -9999 -9999 -9999 -9999 -9999 -9999 -9999 -9999 -9999 -9999 -9999 -9999 -9999
47 47 47 47 47 47 47 47 47 47 48 48 48 48 47 47 47 46 46 46 46 46 46 46 46 46 46 46 46 46 46 46 47 48 48 49 50 51 52 53 54 55 56 56 57 57 57 57 58 58 58 59 59 59 59 59 59 59 59 58 58 58 58 57 57 57 -9999 -9999 -9999 -9999 -9999 -9999 -9999 -9999 -9999 -9999 -9999 -9999 -9999 -9999 -9999 -9999
46 46 46 46 46 46 46 46 47 47 47 47 47 47 47 47 47 46 46 45 45 45 45 45 45 46 46 46 46 46 46 46 46 47 48 49 50 51 52 53 54 55 56 56 57 57 57 58 58 58 58 59 59 59 59 59 59 58 58 58 58 57 57 57 57 57 57 57 57 -9999 -9999 -9999 -9999 -9999 -9999 -9999 -9999 -9999 -9999 -9999 -9999 -9999
46 46 46 46 45 46 46 46 47 47 47 47 46 46 46 46 46 46 46 45 45 45 45 45 45 45 45 45 45 45 45 45 46 46 47 48 49 51 52 53 54 55 55 56 57 57 58 58 58 58 58 58 58 59 59 58 58 58 58 58 57 57 57 56 56 57 57 57 57 57 -9999 -9999 -9999 -9999 -9999 -9999 -9999 -9999 -9999 -9999 -9999 -9999
45 45 45 45 45 45 46 46 46 46 46 46 45 45 45 45 45 45 45 45 45 45 45 44 45 45 45 45 45 45 45 45 45 46 47 48 49 50 51 53 54 54 55 56 56 57 57 58 58 58 58 58 58 58 58 58 58 58 57 57 57 56 56 56 56 55 56 56 57 57 57 58 58 -9999 -9999 -9999 -9999 -9999 -9999 -9999 -9999 -9999
44 44 44 44 44 44 45 45 45 45 45 45 45 44 44 44 44 44 44 44 44 45 44 45 44 44 45 45 45 45 45 45 45 46 47 47 49 49 51 52 53 54 55 55 56 56 57 57 58 58 58 58 58 58 58 58 57 57 57 57 56 56 55 55 55 55 55 55 56 57 57 58 59 59 60 60 60 -9999 -9999 -9999 -9999 -9999
43 43 43 43 43 44 44 45 45 44 45 44 44 44 44 43 43 43 43 43 43 44 44 44 44 44 44 44 44 45 45 45 45 46 46 47 48 49 50 52 53 53 54 55 55 56 56 57 57 57 58 58 58 58 57 57 57 57 56 56 56 55 55 55 55 55 55 55 56 57 57 58 59 59 60 60 60 60 60 60 59 58
42 42 42 42 42 43 44 44 44 44 44 44 43 43 43 43 43 42 42 42 43 43 43 44 44 44 44 44 44 44 45 45 45 46 47 47 48 49 50 51 52 53 54 54 55 55 56 56 57 57 57 58 58 57 57 57 57 56 56 56 55 55 55 54 54 54 54 55 55 56 57 57 58 59 59 60 60 60 59 59 58 57
42 41 41 41 41 42 43 43 43 43 43 43 42 42 42 42 42 42 42 42 42 42 42 43 43 44 44 44 44 44 44 45 45 46 47 48 48 49 50 51 52 52 53 54 54 55 55 56 56 56 57 57 57 57 57 57 56 56 56 55 55 55 54 54 54 54 54 54 55 56 56 56 57 58 58 59 59 59 58 58 57 56
41 40 40 40 40 41 42 42 42 42 42 42 42 42 42 41 41 41 41 41 41 42 42 42 43 43 43 44 44 44 44 45 45 46 47 48 48 49 50 51 51 52 52 53 53 54 54 55 56 56 56 57 57 57 57 57 56 57 56 55 55 54 54 54 54 54 54 54 55 55 56 55 56 56 57 58 57 56 56 56 55 54
39 39 39 39 39 40 41 41 41 41 41 41 41 41 41 41 40 40 41 41 41 41 41 42 42 43 43 43 44 44 44 45 45 46 46 48 49 49 50 51 51 52 52 53 53 53 54 55 55 56 56 56 57 57 57 57 56 56 55 55 55 54 54 54 53 53 53 54 54 54 55 54 55 55 55 56 56 55 54 53 53 52
38 38 38 38 38 39 39 40 40 40 40 40 40 40 40 40 40 40 40 40 40 41 41 41 42 42 43 43 43 44 44 45 45 45 46 48 48 49 50 51 51 51 52 52 53 53 54 54 55 55 56 56 56 57 57 56 56 56 55 55 55 54 54 53 53 53 53 53 53 53 53 53 53 53 53 53 53 53 52 51 51 49
37 37 37 37 37 37 38 38 39 39 39 39 39 39 39 40 40 40 40 40 40 40 41 41 42 42 43 43 43 44 44 44 45 45 46 47 48 49 50 50 50 51 51 52 52 53 53 54 54 55 56 56 56 56 56 56 56 56 55 55 55 54 54 54 53 52 52 51 51 51 51 51 51 51 51 51 50 50 49 48 47 46
36 36 36 36 36 36 36 37 37 38 38 38 38 38 39 39 39 40 40 40 40 41 41 41 41 42 42 43 43 43 44 44 45 46 46 47 48 48 49 50 50 51 51 52 52 52 53 53 54 54 55 55 55 56 56 56 56 55 55 55 55 54 53 53 52 51 51 50 50 50 49 49 49 49 49 48 47 47 46 45 44 42
35 35 35 35 35 35 35 36 36 36 37 37 37 38 38 38 39 39 39 39 40 41 41 42 41 42 42 43 43 43 44 44 44 45 46 46 47 48 49 49 50 50 51 51 51 52 52 53 54 54 55 55 55 56 56 55 55 55 55 54 54 53 53 52 51 50 50 49 48 48 47 47 46 46 46 45 45 44 43 41 40 39
34 34 34 34 34 34 34 35 35 35 35 36 36 37 37 38 38 39 39 39 40 40 41 41 41 42 42 42 43 43 44 44 44 45 46 46 46 47 48 48 49 49 50 50 51 51 52 53 54 54 55 55 55 55 55 55 54 54 54 54 53 53 52 51 50 49 49 47 46 46 45 44 44 43 43 42 41 41 39 38 37 36
32 33 33 33 33 33 33 34 34 34 34 35 35 36 37 37 38 38 39 39 40 40 41 41 41 42 43 43 43 43 43 43 44 44 45 45 46 46 47 47 48 48 49 50 50 51 52 52 53 53 54 54 55 55 55 54 54 54 53 53 52 52 51 50 49 48 47 46 44 43 43 42 41 41 40 39 38 37 36 35 34 33
31 31 32 32 32 32 32 32 32 33 33 34 34 35 36 37 37 38 38 39 39 40 41 41 41 42 42 42 43 43 43 43 43 44 44 44 45 45 46 46 47 48 48 49 50 50 51 52 52 53 53 54 54 54 54 54 53 53 52 52 51 51 50 49 48 47 45 44 43 41 41 40 39 38 37 36 35 34 33 32 31 30
30 30 30 31 30 30 31 31 31 32 32 33 33 34 35 36 37 37 38 38 39 40 40 40 41 41 41 42 42 42 42 42 43 43 43 44 44 44 45 46 46 47 48 49 49 50 51 52 52 53 53 54 53 54 53 53 53 52 52 51 50 50 49 48 46 45 44 42 41 40 39 38 37 35 34 33 32 31 30 29 28 28
29 29 29 29 29 29 29 29 30 30 31 31 32 33 34 35 36 36 37 38 38 39 39 40 40 41 41 41 41 41 42 42 42 42 42 43 43 44 44 45 46 46 47 48 49 50 51 51 52 52 53 53 53 53 53 53 52 51 51 50 50 49 48 47 45 44 42 40 39 38 36 35 34 33 32 32 30 29 28 27 27 26
28 28 27 27 27 27 28 28 28 29 29 30 31 32 33 34 35 35 36 37 37 38 38 39 39 40 40 40 40 41 41 41 41 42 42 42 43 43 44 44 45 46 47 48 49 49 50 51 52 52 52 53 52 53 52 52 51 51 50 50 49 48 47 46 44 42 41 39 37 36 35 34 32 32 31 30 28 27 27 26 25 24
27 27 26 26 26 26 26 26 27 27 28 29 29 31 31 32 33 34 35 35 36 36 37 38 38 39 39 39 40 40 40 40 41 41 41 41 42 43 43 44 45 46 47 48 49 49 50 51 51 52 52 52 52 52 52 51 51 50 50 49 48 47 46 45 43 42 40 38 36 35 33 32 31 30 29 28 27 27 26 25 25 24
25 25 25 25 25 25 25 25 25 26 26 27 28 29 30 31 32 32 33 34 34 35 35 36 37 38 38 38 39 39 39 40 40 40 40 41 42 42 42 43 44 45 46 47 48 49 50 51 51 52 52 52 51 51 51 51 50 50 49 48 48 47 46 44 43 41 39 37 35 33 32 31 29 28 28 27 26 25 25 24 24 23
24 24 23 23 23 23 23 23 23 24 24 25 26 27 28 29 30 31 31 32 33 33 34 35 36 36 37 37 38 38 38 39 39 39 40 40 41 41 42 43 44 45 46 47 48 49 50 50 51 51 51 51 51 51 50 50 49 49 49 48 47 46 45 44 42 40 38 36 34 33 31 30 28 27 26 26 25 24 24 24 23 23
23 22 22 21 21 21 21 21 22 22 23 24 25 26 27 28 28 29 30 30 31 32 32 33 34 35 35 36 37 37 37 38 38 38 39 39 40 41 41 42 43 44 45 47 47 48 49 50 50 50 51 50 50 50 50 49 49 49 48 48 47 46 45 44 42 40 38 36 34 32 30 29 28 27 26 25 24 24 24 23 23 23
21 21 20 20 20 20 20 20 20 20 21 22 23 24 25 26 27 27 28 29 29 30 31 31 32 33 34 35 35 36 36 37 37 38 38 38 39 40 41 42 43 44 45 46 47 48 49 49 50 50 50 50 50 50 49 49 48 48 48 47 47 46 45 43 42 40 38 36 34 32 30 28 27 26 25 25 24 24 24 23 23 23
20 19 19 18 18 18 18 18 18 19 19 20 21 22 23 24 25 25 26 27 27 28 29 30 31 31 32 33 34 34 35 35 36 36 37 38 38 39 40 41 42 43 44 45 47 47 48 48 49 49 49 49 49 49 48 48 48 48 47 47 46 46 45 43 42 40 38 35 33 32 30 28 27 26 26 -9999 -9999 -9999 -9999 -9999 -9999 -9999
18 18 17 17 17 17 17 17 17 17 18 19 20 20 21 22 23 24 24 25 25 26 27 28 29 30 31 31 32 33 34 34 35 35 36 36 37 38 39 40 41 42 43 44 45 46 47 48 48 48 48 48 48 48 48 48 48 47 47 47 46 45 44 43 41 40 37 35 33 31 30 28 27 26 25 25 -9999 -9999 -9999 -9999 -9999 -9999
17 17 16 16 16 15 15 15 16 16 17 17 18 19 20 21 21 22 22 23 24 24 25 26 27 28 29 30 30 31 32 33 33 34 35 35 36 37 38 39 40 41 43 44 45 46 46 47 47 47 47 47 47 47 47 47 47 47 47 46 46 45 44 43 41 39 37 35 33 32 30 29 27 26 26 26 -9999 -9999 -9999 -9999 -9999 -9999
16 15 15 15 14 14 14 14 15 15 15 16 17 17 18 19 20 20 21 21 22 23 23 24 25 26 27 28 29 30 31 31 32 33 34 34 35 36 37 38 39 40 42 43 44 45 45 46 46 46 46 46 46 47 46 46 47 47 47 46 46 45 44 43 41 39 38 35 34 32 31 29 28 27 26 26 -9999 -9999 -9999 -9999 -9999 -9999
15 14 14 14 14 13 13 13 14 14 14 15 15 16 17 17 18 19 19 20 20 21 22 22 23 24 25 26 27 28 29 30 31 31 32 33 34 35 36 37 38 39 41 42 43 44 44 45 45 45 45 45 45 46 46 46 46 46 46 46 46 45 44 43 41 40 38 36 35 32 31 30 29 28 27 26 26 25 -9999 -9999 -9999 -9999
14 14 13 13 13 13 13 13 13 13 13 14 14 15 15 16 17 17 18 18 19 19 20 21 22 23 24 25 26 26 27 28 29 30 31 31 32 33 34 36 37 38 40 41 42 43 43 44 44 44 44 44 44 45 45 46 46 46 46 46 45 45 44 43 41 40 39 37 35 33 32 31 30 28 28 27 26 26 -9999 -9999 -9999 -9999
