Artocarpus altilis SDM files/Environmental layers/bio15.asc
ncols  1201
nrows  481
xllcorner  119.958333335783
yllcorner  -15.041666666017
cellsize 0.041666666667
NODATA_value  -9999
[rows 144 to 179 of 481, columns 0 to 81 of 1201]
23 23 23 23 23 24 25 25 26 26 27 27 28 28 29 29 30 30 31 -9999 -9999 -9999 -9999 -9999 -9999 -9999 -9999 -9999 -9999 -9999 -9999 -9999 -9999 33 33 32 32 32 31 31 31 31 31 31 31 31 31 30 31 31 31 31 31 31 31 31 32 32 32 33 33 34 34 34 35 35 35 35 35 -9999 -9999 -9999 -9999 -9999 -9999 36 36 36 36 35 35 35
23 23 24 24 24 24 25 26 26 27 27 28 28 29 29 30 30 31 31 -9999 -9999 -9999 -9999 -9999 -9999 -9999 -9999 -9999 -9999 -9999 -9999 -9999 33 33 33 32 32 32 32 31 31 31 31 31 31 31 31 31 31 31 31 31 31 31 32 32 33 33 34 34 35 35 35 35 36 36 36 36 -9999 -9999 -9999 -9999 -9999 -9999 -9999 -9999 -9999 36 36 36 35 35
24 24 24 25 25 25 26 26 27 27 28 28 29 29 30 30 31 31 -9999 -9999 -9999 -9999 -9999 -9999 -9999 -9999 -9999 -9999 -9999 -9999 -9999 34 33 33 33 32 32 32 32 31 31 31 31 31 31 31 31 31 31 31 31 32 32 33 33 34 35 35 36 36 36 37 36 36 36 36 36 -9999 -9999 -9999 -9999 -9999 -9999 -9999 -9999 -9999 -9999 -9999 -9999 36 36 -9999
25 25 25 26 26 26 27 27 28 28 29 29 30 30 31 31 32 -9999 -9999 -9999 -9999 -9999 -9999 -9999 -9999 -9999 -9999 -9999 -9999 -9999 34 34 33 33 33 33 32 32 32 32 31 31 31 31 31 31 31 31 31 32 32 33 33 34 35 36 37 37 38 38 38 38 38 37 37 36 37 -9999 -9999 -9999 -9999 -9999 -9999 -9999 35 35 36 36 36 36 36 -9999
26 26 26 26 27 27 28 28 29 29 30 30 31 31 31 32 -9999 -9999 -9999 -9999 -9999 -9999 -9999 -9999 -9999 -9999 -9999 -9999 -9999 -9999 34 34 34 33 33 32 32 32 32 32 32 31 31 31 31 31 31 31 32 32 33 34 35 36 37 38 39 39 40 39 39 39 39 38 38 -9999 -9999 -9999 -9999 -9999 35 35 35 35 35 35 35 36 36 36 36 36
27 27 27 28 28 28 29 29 29 30 31 31 32 32 32 33 -9999 34 35 -9999 -9999 -9999 -9999 -9999 -9999 -9999 -9999 -9999 36 35 35 35 34 33 33 32 32 32 32 32 32 32 32 31 31 31 31 32 32 33 34 35 37 38 39 40 41 41 41 41 41 40 39 39 38 -9999 -9999 -9999 36 35 35 35 35 35 35 35 35 36 36 36 36 36
27 28 28 29 29 29 30 30 31 31 31 32 33 33 34 34 34 35 35 36 36 37 -9999 -9999 -9999 -9999 37 36 36 36 36 35 35 34 33 33 32 32 32 32 32 32 32 32 32 32 32 33 33 34 35 37 38 39 40 41 42 42 42 42 42 41 40 39 -9999 -9999 -9999 -9999 36 35 35 35 35 35 35 35 36 36 36 36 36 36
28 29 29 30 30 30 31 31 32 32 33 33 34 34 35 35 36 36 36 37 37 37 37 38 38 38 37 37 37 37 36 36 35 34 34 33 33 32 32 32 32 32 32 32 32 33 33 34 34 35 36 38 39 40 42 43 43 43 43 43 42 41 41 -9999 -9999 -9999 -9999 36 36 36 35 35 35 35 35 36 36 36 36 36 36 36
29 30 30 31 31 32 32 32 33 34 34 34 35 35 36 36 37 37 38 38 38 38 38 38 38 38 38 38 38 37 37 36 36 35 35 34 33 33 33 33 33 32 32 32 33 33 34 34 35 36 37 39 40 41 42 43 44 44 44 43 43 42 41 -9999 -9999 -9999 -9999 37 36 36 36 35 35 36 36 36 36 36 36 36 36 36
30 30 31 32 32 33 33 34 35 35 35 36 36 37 37 38 38 39 39 39 40 40 40 40 40 39 39 39 39 38 38 37 36 36 35 34 34 34 34 33 33 33 33 33 33 34 34 35 36 37 38 40 41 42 43 44 44 44 44 43 43 -9999 -9999 -9999 -9999 -9999 -9999 37 37 37 36 36 36 36 36 36 36 36 36 37 36 37
31 31 31 33 33 33 34 35 36 36 37 37 37 38 39 39 40 40 41 41 41 41 41 41 41 41 40 40 39 39 38 38 37 36 35 35 34 34 34 34 33 34 34 34 34 34 35 36 37 38 39 40 41 42 43 44 44 44 44 43 43 -9999 -9999 -9999 -9999 -9999 -9999 38 37 37 37 37 37 37 37 37 37 37 37 37 37 37
31 32 32 33 34 34 35 36 37 38 38 39 39 39 40 40 41 42 42 42 42 43 42 42 42 42 41 41 40 40 39 38 37 37 36 36 35 35 34 34 34 34 34 34 34 35 36 36 37 38 40 41 42 43 43 44 44 44 43 43 -9999 -9999 -9999 -9999 -9999 -9999 38 38 38 38 37 37 37 37 37 37 37 37 37 37 37 37
32 33 34 34 35 36 36 37 38 39 39 40 40 40 41 42 42 43 43 44 44 44 44 43 43 43 42 42 41 41 40 39 39 38 37 36 36 35 35 35 34 34 34 35 35 36 36 37 38 39 40 41 42 42 43 43 44 43 43 -9999 -9999 -9999 -9999 -9999 -9999 -9999 38 38 38 38 38 38 38 38 38 38 37 37 37 37 37 37
33 34 34 35 36 37 38 39 39 40 41 41 41 42 43 43 44 44 44 45 45 45 44 44 44 43 43 43 42 41 41 40 40 39 38 37 37 36 36 35 35 35 35 35 36 36 37 37 38 39 40 41 41 42 42 43 43 43 -9999 -9999 -9999 -9999 -9999 40 39 39 39 38 38 38 38 38 38 38 38 38 38 38 38 38 38 38
33 34 35 36 37 38 39 40 40 41 42 42 42 43 44 44 45 45 46 46 46 46 45 45 44 44 44 43 43 42 42 41 40 40 39 38 38 37 37 36 36 36 36 36 36 36 37 37 38 39 39 40 41 41 42 42 42 43 -9999 -9999 -9999 -9999 -9999 40 39 -9999 -9999 -9999 38 38 38 38 38 38 38 38 38 38 38 38 38 38
34 35 36 37 38 39 40 41 41 42 42 43 44 44 45 45 46 46 47 47 47 47 46 46 45 45 45 44 44 43 43 42 41 40 40 39 39 38 37 37 37 36 36 37 37 37 37 37 38 38 39 39 40 41 41 41 42 -9999 -9999 -9999 -9999 -9999 -9999 -9999 -9999 -9999 -9999 -9999 38 38 38 38 38 38 38 38 38 38 38 38 38 38
35 36 37 38 38 40 41 41 42 43 43 44 44 45 46 46 47 47 48 48 48 47 47 47 46 46 45 45 45 44 43 43 42 42 41 40 40 39 38 38 38 37 37 37 37 37 37 37 38 38 38 39 39 40 40 41 -9999 -9999 -9999 -9999 -9999 -9999 -9999 -9999 -9999 -9999 -9999 -9999 -9999 38 38 38 38 38 38 38 38 38 38 38 38 38
35 36 38 39 39 40 42 42 43 44 44 45 45 46 47 47 48 48 48 49 49 48 48 47 47 47 46 46 45 45 44 44 43 42 41 41 40 40 39 39 38 38 38 37 37 37 37 37 37 38 38 38 39 39 -9999 -9999 -9999 -9999 -9999 -9999 -9999 -9999 -9999 -9999 -9999 -9999 -9999 -9999 -9999 -9999 -9999 -9999 38 38 38 38 38 38 38 38 38 38
36 37 38 39 40 41 42 43 44 44 45 45 46 47 47 48 48 49 49 49 49 49 48 48 48 47 47 47 46 46 45 44 44 43 42 42 41 40 40 39 39 38 38 38 37 37 37 37 37 37 37 38 38 39 -9999 -9999 -9999 -9999 -9999 -9999 -9999 -9999 -9999 -9999 -9999 -9999 -9999 -9999 -9999 -9999 -9999 -9999 -9999 38 38 38 38 38 38 38 38 38
37 38 39 40 41 42 42 43 44 45 45 46 47 48 48 48 49 49 50 50 50 50 49 49 48 48 48 47 47 46 45 45 44 43 43 42 41 41 40 40 39 38 38 38 37 37 37 37 37 37 37 38 -9999 -9999 -9999 -9999 -9999 -9999 -9999 -9999 -9999 -9999 -9999 -9999 -9999 -9999 -9999 -9999 -9999 -9999 -9999 -9999 -9999 -9999 38 38 38 38 38 38 38 38
37 38 39 40 41 42 43 44 45 46 46 47 47 48 48 49 49 50 50 50 50 50 50 50 49 49 48 48 47 47 46 46 45 44 43 42 42 41 40 40 39 39 38 38 37 37 37 37 37 37 37 -9999 -9999 -9999 -9999 -9999 -9999 -9999 -9999 -9999 -9999 -9999 -9999 -9999 -9999 -9999 -9999 -9999 -9999 -9999 -9999 -9999 -9999 -9999 38 38 38 38 38 38 39 38
37 38 39 40 42 43 44 44 45 46 46 47 48 48 49 49 50 50 51 51 51 51 50 50 50 49 49 48 48 47 47 46 45 44 44 43 42 41 41 40 39 39 38 38 37 37 37 37 -9999 -9999 -9999 -9999 -9999 -9999 -9999 -9999 -9999 -9999 -9999 -9999 -9999 -9999 -9999 -9999 -9999 -9999 -9999 -9999 -9999 -9999 -9999 -9999 -9999 39 38 38 38 39 39 39 39 39
37 38 39 41 42 43 44 45 45 46 46 47 48 48 49 50 50 50 51 51 51 51 51 51 50 50 49 49 48 48 47 46 46 45 44 43 43 42 41 40 40 39 38 38 38 37 37 -9999 -9999 -9999 -9999 -9999 -9999 -9999 -9999 -9999 -9999 -9999 -9999 -9999 -9999 -9999 -9999 -9999 -9999 -9999 -9999 -9999 -9999 -9999 -9999 -9999 -9999 39 39 39 39 39 39 39 39 39
38 39 40 41 42 43 44 44 45 46 46 47 48 48 49 50 50 51 51 51 51 51 51 51 51 50 50 49 49 48 48 47 46 45 45 44 43 42 41 41 40 39 39 38 38 38 -9999 -9999 -9999 -9999 -9999 -9999 -9999 -9999 -9999 -9999 -9999 -9999 -9999 -9999 -9999 -9999 -9999 -9999 -9999 -9999 -9999 -9999 -9999 -9999 -9999 -9999 -9999 39 39 39 39 39 39 39 39 39
38 39 40 41 42 43 44 44 45 46 46 47 48 48 49 50 50 51 51 51 52 51 51 51 51 50 50 50 49 49 48 47 47 46 45 44 44 43 42 41 40 40 39 39 38 38 -9999 -9999 -9999 -9999 -9999 -9999 -9999 -9999 -9999 -9999 -9999 -9999 -9999 -9999 -9999 -9999 -9999 -9999 -9999 -9999 -9999 -9999 -9999 -9999 -9999 -9999 -9999 39 39 39 39 39 39 39 39 39
38 39 40 41 42 43 44 44 45 46 46 47 48 48 49 49 50 51 51 51 52 52 52 51 51 51 50 50 50 49 49 48 47 46 46 45 44 43 43 42 41 40 40 39 38 -9999 -9999 -9999 -9999 -9999 -9999 -9999 -9999 -9999 -9999 -9999 -9999 -9999 -9999 -9999 -9999 -9999 -9999 -9999 -9999 -9999 -9999 -9999 -9999 -9999 39 -9999 -9999 39 39 39 39 39 39 39 39 39
38 39 40 41 42 43 43 44 45 45 46 47 47 48 49 50 50 51 51 51 52 52 52 52 51 51 51 50 50 50 49 48 48 47 46 46 45 44 43 42 42 41 40 39 -9999 -9999 -9999 -9999 -9999 -9999 -9999 -9999 -9999 -9999 -9999 -9999 -9999 -9999 -9999 -9999 -9999 -9999 -9999 -9999 -9999 -9999 -9999 -9999 -9999 40 39 40 39 39 39 39 39 39 39 39 39 39
39 39 40 41 42 42 43 44 45 45 46 46 47 48 48 49 50 50 51 51 52 52 52 52 52 51 51 51 50 50 49 49 48 48 47 46 46 45 44 43 42 41 41 40 -9999 -9999 -9999 -9999 -9999 -9999 -9999 -9999 -9999 -9999 -9999 -9999 -9999 -9999 -9999 -9999 -9999 -9999 -9999 -9999 -9999 -9999 -9999 -9999 -9999 40 40 40 40 40 -9999 -9999 40 39 39 39 39 39
39 40 40 41 41 42 43 43 44 45 45 46 47 48 48 49 50 50 50 51 51 52 52 52 52 51 51 51 51 50 50 49 49 48 47 47 46 45 45 44 43 42 41 41 40 -9999 -9999 -9999 -9999 -9999 -9999 -9999 -9999 -9999 -9999 -9999 -9999 -9999 -9999 -9999 -9999 -9999 -9999 -9999 -9999 -9999 -9999 -9999 -9999 40 40 40 40 -9999 -9999 40 40 40 40 40 -9999 -9999
39 40 40 41 41 42 42 43 43 44 45 46 46 47 48 49 49 50 50 50 51 51 51 51 51 51 51 51 51 51 50 50 49 49 48 47 47 46 45 44 43 43 42 41 41 -9999 -9999 -9999 -9999 -9999 -9999 -9999 -9999 -9999 -9999 -9999 -9999 -9999 -9999 -9999 -9999 -9999 -9999 -9999 -9999 -9999 -9999 -9999 -9999 -9999 40 40 -9999 -9999 -9999 40 40 40 -9999 -9999 -9999 -9999
39 40 40 41 41 41 42 42 43 44 44 45 46 47 48 48 49 49 50 50 50 51 51 51 51 51 51 51 51 51 51 50 50 49 49 48 47 47 46 45 44 43 43 42 41 41 -9999 -9999 -9999 -9999 -9999 -9999 -9999 -9999 -9999 -9999 -9999 -9999 -9999 -9999 -9999 -9999 -9999 -9999 -9999 -9999 -9999 -9999 -9999 -9999 -9999 -9999 -9999 -9999 -9999 40 40 -9999 -9999 -9999 -9999 -9999
40 40 40 40 41 41 41 42 43 43 44 45 46 46 47 47 48 49 49 50 50 51 51 51 51 51 51 51 52 51 51 51 50 50 49 48 48 47 46 46 45 44 43 42 42 41 -9999 -9999 -9999 -9999 -9999 -9999 -9999 -9999 -9999 -9999 -9999 -9999 -9999 -9999 -9999 -9999 -9999 -9999 -9999 -9999 -9999 -9999 -9999 -9999 -9999 -9999 -9999 -9999 -9999 -9999 -9999 -9999 -9999 -9999 -9999 -9999
40 40 40 40 40 40 41 41 42 43 44 44 45 45 46 47 47 48 49 50 50 51 51 51 51 52 52 51 52 51 51 51 51 50 50 49 48 48 47 46 45 45 44 43 42 42 42 -9999 -9999 -9999 -9999 -9999 -9999 -9999 -9999 -9999 -9999 -9999 -9999 -9999 -9999 -9999 -9999 -9999 -9999 -9999 -9999 -9999 -9999 -9999 -9999 -9999 -9999 -9999 -9999 -9999 -9999 -9999 -9999 -9999 -9999 -9999
40 40 40 40 40 40 41 41 42 43 43 44 44 45 46 46 47 48 48 49 50 50 51 51 52 52 52 52 52 51 52 51 51 50 50 49 49 48 47 47 46 45 44 44 43 42 42 -9999 -9999 -9999 -9999 -9999 -9999 -9999 -9999 -9999 -9999 -9999 -9999 -9999 -9999 -9999 -9999 -9999 -9999 -9999 -9999 -9999 -9999 -9999 -9999 -9999 -9999 -9999 -9999 -9999 -9999 -9999 -9999 -9999 -9999 -9999
40 40 40 40 40 40 40 41 42 42 43 43 44 45 45 46 47 47 48 49 49 50 51 51 52 52 52 52 52 52 52 51 51 51 50 50 49 49 48 47 46 46 45 44 43 43 42 42 -9999 -9999 -9999 -9999 -9999 -9999 -9999 -9999 -9999 -9999 -9999 -9999 -9999 -9999 -9999 -9999 -9999 -9999 -9999 -9999 -9999 -9999 -9999 -9999 -9999 -9999 -9999 -9999 -9999 -9999 -9999 -9999 -9999 -9999
40 40 40 40 40 40 40 41 41 42 43 43 44 44 45 45 46 47 48 49 49 50 50 51 52 52 52 52 52 52 52 52 51 51 51 50 50 49 48 47 47 46 46 45 44 43 43 42 42 -9999 -9999 -9999 -9999 -9999 -9999 -9999 -9999 -9999 -9999 -9999 -9999 -9999 -9999 -9999 -9999 -9999 -9999 -9999 -9999 -9999 -9999 -9999 -9999 -9999 -9999 -9999 -9999 -9999 -9999 -9999 -9999 -9999
