Artocarpus altilis SDM files/Environmental layers/bio16.asc
ncols  1201
nrows  481
xllcorner  119.958333335783
yllcorner  -15.041666666017
cellsize 0.041666666667
NODATA_value  -9999
[rows 175 to 209 of 481, columns 395 to 473 of 1201]
957 957 950 970 971 973 980 1013 990 924 970 927 924 852 819 822 809 823 818 727 729 779 770 738 702 711 710 857 898 928 941 907 893 890 913 860 720 660 644 677 745 741 867 921 935 950 853 887 859 795 768 725 798 871 838 724 675 704 741 700 664 645 642 644 643 639 642 670 726 760 724 742 725 760 831 818 793 799 804
977 984 987 984 985 987 959 937 1016 981 980 989 923 951 908 891 845 907 894 833 853 864 826 833 857 851 739 704 832 830 823 878 947 964 931 949 891 771 747 846 782 691 767 902 969 950 1003 962 925 914 838 796 788 821 815 778 826 858 886 833 813 749 686 680 703 739 787 772 745 760 776 720 724 774 763 800 787 801 817
940 984 1046 1017 1038 1054 1086 997 1004 1043 1041 1108 1009 1000 1006 984 1022 962 974 967 948 893 839 796 794 753 832 838 848 899 921 945 922 948 991 982 992 969 925 967 951 883 693 827 968 1004 1030 968 1054 1027 1022 1001 999 967 901 877 847 864 941 924 907 862 778 751 785 808 816 855 833 788 839 807 756 757 786 822 808 806 854
916 951 1031 1003 1063 1061 1069 1119 1110 1096 1152 1105 1045 943 976 987 1054 980 1023 1029 962 926 925 915 909 926 865 873 837 863 910 898 978 1005 986 1007 981 987 996 973 977 962 856 773 877 1009 1068 1085 1031 1048 1077 1137 1133 1098 1089 1065 995 963 925 910 921 866 930 837 815 847 879 863 882 851 815 797 768 783 826 858 851 804 866
1035 1054 1008 1051 1136 1151 1151 1178 1112 1111 1045 1106 1167 1062 1078 999 986 1102 1118 1039 1010 998 947 1024 990 989 947 989 1025 1032 1000 1000 979 935 933 984 979 989 989 990 980 894 873 811 846 943 969 1026 1063 1126 1164 1149 1090 1119 1152 1101 1099 1119 1067 1079 1026 992 899 911 940 919 818 919 930 888 872 833 829 861 896 864 890 839 821
1081 1085 1101 1118 1130 1212 1114 1035 1078 1175 1170 973 1039 1186 1159 1123 1082 1057 1065 1082 1085 1030 974 979 1035 957 944 1035 1028 1044 1016 995 1046 924 985 927 1022 965 954 998 1030 1028 1041 899 684 707 757 814 845 925 982 1098 1171 1180 1154 1161 1148 1152 1134 1129 1116 1101 1039 1040 1025 993 842 896 916 905 899 902 887 902 911 789 799 903 946
1123 1153 1198 1201 1127 1110 1220 1212 1089 1158 1154 1146 1051 1024 1074 1170 1092 1146 1020 939 1016 1020 1095 1060 1022 1028 934 977 991 928 980 952 929 886 976 987 971 972 944 811 928 1015 938 976 844 722 746 715 741 786 806 872 952 1072 1115 1107 1053 1087 1090 1143 1132 1140 1136 1123 1127 1037 937 914 820 817 782 828 807 761 875 860 808 875 966
1103 1198 1240 1142 1203 1231 1219 1136 1189 1093 1088 1144 1149 1140 1112 1125 1149 1162 1196 1087 892 950 1014 992 978 988 1077 1055 954 1013 863 985 872 808 915 862 872 917 917 914 755 766 756 840 908 829 714 742 693 733 812 792 886 908 932 936 958 1000 920 1007 1065 1048 1060 1032 1062 1030 992 1004 1018 1006 1017 912 853 770 786 856 931 827 921
1098 1127 1138 1247 1128 1176 1166 1238 1273 1252 1219 1255 1162 1110 1143 1213 1193 1048 958 1103 932 1059 941 851 959 928 1001 981 833 965 968 800 966 885 796 756 796 819 775 843 761 675 716 806 947 982 860 708 745 726 723 740 849 929 845 947 975 872 986 923 881 899 885 859 884 1075 1052 1025 985 980 1027 1027 1017 906 927 926 914 934 950
981 1041 1132 1145 1005 1118 1132 1006 1105 1112 1185 1234 1169 1226 1180 1043 983 888 841 862 851 841 845 805 817 821 868 830 822 873 987 960 873 907 792 789 818 770 766 724 748 811 851 771 741 717 889 844 766 733 715 717 700 720 751 860 842 839 907 942 1060 959 820 884 806 839 800 785 810 850 878 968 943 935 861 977 1041 990 967
1005 1036 1025 959 927 947 1100 941 989 1076 1159 1002 1044 1117 1142 926 833 846 959 829 806 875 824 845 822 841 822 835 821 772 854 879 772 760 752 721 759 780 784 763 740 723 714 689 686 695 679 757 948 840 782 711 704 701 704 714 745 775 771 948 840 808 831 764 751 751 721 710 719 732 738 791 890 958 928 926 1002 1081 1061
1138 1039 920 1005 973 897 865 954 884 1037 912 957 972 1079 936 885 875 778 742 768 748 715 848 912 799 893 845 862 941 770 754 755 936 939 884 844 821 798 745 671 675 659 655 660 655 652 647 647 695 809 916 903 884 807 748 718 696 714 728 730 734 732 732 701 694 697 714 759 849 803 807 829 792 781 819 817 985 917 878
956 899 829 865 880 1035 925 927 881 818 876 830 899 901 826 773 913 818 732 750 859 851 858 848 822 853 872 814 769 748 701 693 703 700 709 675 661 679 704 696 673 678 665 666 672 674 672 672 665 667 672 698 768 827 859 759 721 693 691 676 678 694 678 676 690 724 753 756 793 781 820 893 963 940 966 866 860 1028 1117
871 879 983 1152 1101 856 915 913 935 905 793 775 816 940 830 814 747 790 822 726 718 741 714 713 744 721 741 733 712 748 746 711 657 645 644 654 658 651 652 662 675 679 679 673 673 683 688 701 687 679 674 666 663 730 815 844 767 708 701 686 690 712 703 685 682 716 723 713 725 790 783 874 853 911 924 910 916 970 1107
921 946 1034 1142 982 1025 1019 954 933 895 962 817 881 863 802 775 741 715 695 683 661 670 667 664 649 658 651 660 660 649 645 648 653 650 659 656 659 657 654 669 679 678 687 694 689 699 711 721 711 700 689 681 675 668 662 724 852 763 706 700 723 727 728 688 689 706 699 708 727 740 752 789 784 886 979 889 937 1070 1182
932 989 1032 1069 1106 1164 1043 1030 938 1022 929 943 960 822 808 733 714 671 664 660 661 656 652 668 676 654 655 667 651 641 642 644 640 653 666 667 670 671 669 674 687 690 695 699 708 709 724 729 726 710 701 687 680 678 678 666 680 770 704 691 683 685 733 778 770 757 711 735 724 711 711 704 753 838 1004 914 776 1030 1140
1051 1151 1280 1206 1234 1234 1058 911 1020 932 929 821 777 721 698 676 667 667 666 660 659 659 657 649 636 640 647 650 645 640 637 635 638 650 660 660 673 684 684 694 691 694 696 716 727 732 728 733 743 734 722 706 688 686 687 682 681 676 680 679 681 678 678 685 691 694 695 693 696 721 713 748 777 783 826 977 769 877 907
1159 1223 1250 1122 1260 1099 926 963 1097 1058 930 724 685 675 665 655 653 650 656 649 647 652 649 654 647 647 649 653 650 647 644 645 643 650 652 658 671 689 706 704 701 712 725 708 710 723 724 734 732 728 731 729 706 699 699 699 691 687 686 674 677 670 673 677 693 706 710 707 718 733 734 727 764 764 753 772 871 770 1004
1176 1315 1285 1209 1225 1058 1059 1023 1025 1093 945 676 660 643 641 638 626 631 632 632 631 638 646 653 650 655 654 659 660 653 655 654 653 650 657 665 675 679 690 722 720 737 717 737 724 707 715 733 733 731 726 728 709 711 704 702 700 685 688 682 675 679 684 690 702 702 699 710 709 710 730 732 757 758 756 738 863 772 884
1186 1188 1226 1308 1242 1205 1192 1116 1135 1125 859 694 657 633 644 677 636 628 623 624 636 639 645 652 648 652 660 659 663 664 672 670 659 660 668 672 680 688 695 706 712 715 744 741 714 712 714 717 739 740 736 710 700 700 690 693 695 696 689 689 680 682 695 700 698 701 701 706 710 705 717 714 731 741 742 751 731 849 858
1233 1301 1357 1347 1337 1265 1239 1199 1146 910 723 645 647 640 637 647 622 671 639 635 628 638 647 655 654 656 652 664 668 672 668 664 665 672 679 681 683 696 703 710 718 724 733 734 766 747 728 729 730 730 727 709 715 705 705 687 686 681 673 687 681 684 695 697 702 693 703 702 706 715 715 710 712 733 762 781 772 730 790
1301 1323 1318 1283 1237 1306 1272 1239 960 767 657 647 683 637 643 647 786 791 609 631 641 670 725 660 661 663 665 663 674 687 674 676 675 676 672 681 687 688 705 727 736 735 737 749 747 766 758 748 745 731 725 712 711 714 710 693 680 675 681 678 674 683 688 683 689 703 702 703 699 710 709 705 713 733 752 715 710 706 705
1335 1336 1284 1179 1188 1200 1119 919 899 680 631 649 662 740 837 734 970 709 666 681 652 668 658 679 663 679 682 667 674 698 769 796 774 723 687 681 689 694 713 755 752 751 748 740 745 757 783 777 769 769 754 746 724 721 700 703 699 695 686 681 676 677 675 667 675 695 695 693 690 697 700 704 713 717 728 718 709 712 691
1176 1238 1249 1056 1063 1008 895 849 702 678 668 724 926 976 858 902 825 599 655 692 685 673 712 643 654 658 660 746 809 861 940 1034 1045 916 758 764 756 763 817 921 830 851 873 840 796 763 772 814 830 807 821 802 910 779 718 707 704 703 712 703 689 681 672 673 672 680 683 680 674 679 688 695 695 696 704 708 705 697 694
1052 1223 1213 978 1036 1089 1052 962 873 736 827 812 763 808 846 1009 749 614 655 688 652 682 785 654 707 676 727 931 1083 970 1000 1145 1061 853 988 946 855 1018 925 760 811 941 1089 1160 1072 1018 934 948 960 942 924 936 1045 1014 824 799 772 781 706 707 700 687 683 678 675 674 667 670 668 657 664 678 684 686 694 702 715 700 684
1261 1192 1091 938 882 864 858 901 805 1016 1073 1058 893 996 1058 1027 730 673 680 656 697 740 751 732 774 730 774 929 960 986 1080 1097 1065 1109 1105 867 1092 1081 942 1051 938 1064 1117 1238 1227 1194 1082 1097 1099 1081 1042 1048 1059 1147 1073 908 934 871 758 725 701 685 689 683 674 670 671 682 668 657 654 660 674 683 669 673 667 662 661
1264 1196 1029 912 808 748 791 754 774 991 1139 1085 874 1062 1027 847 705 779 804 790 918 939 958 900 838 850 898 942 992 943 977 1029 1058 1120 1015 934 1187 939 1033 920 941 1035 1173 1095 1052 1241 1184 1240 1226 1253 1171 1110 1079 1099 1207 1135 1121 1091 938 803 715 713 692 686 668 666 670 654 660 665 654 652 659 666 657 657 657 655 649
1193 1109 1030 1036 1083 1045 1027 919 1110 892 987 1134 992 953 1072 987 948 960 1019 976 866 987 1018 892 971 902 968 958 930 815 968 1154 1196 1016 1038 1171 1221 1209 1152 1181 1044 985 890 870 973 1143 1250 1251 1283 1267 1256 1243 1236 1152 1210 1236 1222 1105 984 975 951 954 844 839 742 685 666 661 650 646 648 654 657 657 656 646 646 641 641
1055 981 964 1084 1110 1128 1073 1118 948 1009 1163 1025 832 912 1011 978 1104 957 1119 977 894 1032 987 973 1011 1006 1088 1168 1056 1154 1193 1231 1232 1237 1238 1174 1108 1020 906 979 993 1155 1228 1229 1152 1001 971 1097 1154 1107 1200 1285 1240 1269 1217 1138 1157 1135 1133 1167 1088 1128 1068 997 1043 935 706 657 650 645 639 638 646 644 657 650 647 636 631
949 1048 1065 1039 927 992 961 1016 1111 1149 1108 924 817 1074 1041 1139 988 1082 1117 1089 928 964 1107 1117 1072 1006 1146 1172 1150 1055 1094 1219 1171 1130 1129 1054 1071 1063 1171 1226 1173 1175 1188 1166 1204 1246 1171 987 1021 1005 1146 1132 1067 1112 1135 1123 1042 1167 1162 1105 1135 1078 1054 1066 1030 963 942 783 678 645 643 634 633 641 641 643 637 633 627
930 944 967 963 1061 1038 1018 965 964 1023 1074 1100 1106 1149 1088 1105 1036 1114 1012 861 834 881 900 1007 1132 1065 1159 1059 1001 1147 1171 1160 1158 1029 1011 1093 1151 1181 1190 1133 1190 1222 1236 1096 1057 1080 1216 1155 1155 1143 1109 1030 922 951 962 942 879 965 1017 953 973 950 1010 1024 940 882 842 868 809 791 748 768 679 643 645 653 642 630 626
931 820 817 880 992 943 913 887 896 882 986 1040 1036 1061 1120 1146 1117 1132 978 997 1119 1081 868 1028 1128 1174 1172 1108 1114 1080 1216 1201 1099 1022 984 1048 1003 1034 1044 1005 1082 1055 1113 1090 955 1025 1109 1063 1018 1049 961 893 949 990 982 891 793 898 890 975 865 830 816 776 828 901 905 842 893 874 890 889 866 716 672 665 683 660 636
745 739 748 779 942 1079 993 968 873 861 931 934 902 919 1009 1047 1035 996 1083 1051 919 888 1002 930 954 931 991 1009 896 813 1029 1038 984 897 871 847 845 859 958 1024 918 994 958 1001 922 871 886 970 1088 991 926 905 879 822 948 828 940 767 848 764 749 789 700 726 742 667 681 754 722 754 850 855 763 726 708 743 728 664 694
978 949 984 963 895 887 916 905 898 883 783 815 836 813 843 870 913 897 874 882 883 1135 1004 1131 1035 906 860 864 861 993 1022 1005 989 883 982 944 1080 1114 1053 913 846 906 891 941 992 940 1037 1114 1112 1172 1142 1086 948 871 834 866 1027 836 732 693 713 745 843 900 912 816 838 819 791 737 682 697 776 843 794 726 653 698 792
954 904 886 900 948 1016 1075 1080 956 854 748 816 822 904 927 867 857 911 1023 1033 1142 1053 1092 1099 1098 1117 1149 1202 1211 1172 1160 1195 1118 989 1096 967 1132 1158 1122 1063 1107 1089 1080 1096 1089 1050 1047 1036 1148 1145 1115 1010 938 983 935 1026 906 911 976 989 978 1027 1035 1002 816 883 977 949 817 656 772 656 714 731 850 913 881 832 763
