Artocarpus altilis SDM files/Environmental layers/bio12.asc
ncols  1201
nrows  481
xllcorner  119.958333335783
yllcorner  -15.041666666017
cellsize 0.041666666667
NODATA_value  -9999
[rows 420 to 454 of 481, columns 395 to 473 of 1201]
1642 1625 1515 1489 1501 1500 1583 1479 1429 1313 1314 1310 1335 1363 1381 1391 1391 1390 1392 1395 1400 1403 1405 1409 1407 1411 1421 1429 1436 1444 1454 1465 1478 1489 1501 1509 1521 1534 1547 1560 1574 1588 1601 1610 1623 1639 1648 1658 1673 1691 1704 1716 1732 1749 1759 1767 1781 1791 1807 1820 1831 1845 1857 1875 1886 1897 1916 1927 1932 1952 1962 1972 1982 1993 2012 2024 2026 2037 2051
1653 1662 1600 1461 1517 1410 1327 1411 1379 1292 1288 1309 1334 1353 1373 1382 1384 1384 1385 1387 1390 1390 1393 1397 1399 1405 1412 1422 1429 1438 1449 1459 1471 1479 1489 1503 1516 1529 1540 1555 1568 1582 1597 1613 1624 1635 1648 1657 1670 1683 1696 1712 1726 1740 1755 1766 1780 1791 1804 1818 1829 1842 1855 1868 1882 1893 1907 1918 1930 1941 1956 1973 1986 1997 2013 2025 2031 2040 2049
1677 1626 1484 1377 1339 1327 1358 1332 1296 1304 1311 1313 1329 1347 1361 1373 1375 1375 1376 1376 1378 1378 1382 1386 1391 1398 1407 1413 1422 1434 1445 1456 1462 1477 1487 1498 1510 1522 1536 1552 1567 1575 1588 1603 1618 1634 1644 1654 1665 1682 1694 1707 1725 1737 1752 1766 1783 1794 1801 1814 1828 1837 1851 1866 1877 1891 1908 1916 1932 1940 1953 1967 1976 1990 2004 2025 2028 2041 2049
1566 1474 1386 1309 1297 1420 1341 1291 1291 1295 1297 1311 1322 1332 1351 1360 1364 1366 1365 1366 1366 1365 1371 1376 1379 1389 1395 1404 1414 1423 1433 1441 1454 1469 1481 1495 1508 1518 1529 1543 1553 1566 1580 1592 1605 1627 1637 1649 1661 1676 1689 1703 1716 1729 1738 1755 1774 1787 1803 1819 1834 1840 1846 1862 1876 1892 1913 1920 1933 1938 1952 1967 1975 1980 1996 2014 2030 2042 2049
1438 1381 1329 1313 1282 1289 1362 1308 1306 1299 1296 1292 1312 1331 1341 1349 1351 1353 1352 1352 1356 1354 1358 1364 1373 1377 1383 1393 1403 1414 1425 1434 1446 1458 1468 1479 1496 1510 1522 1531 1546 1563 1574 1587 1598 1611 1623 1638 1651 1664 1680 1692 1706 1720 1734 1748 1764 1777 1787 1805 1825 1838 1845 1855 1870 1877 1892 1909 1927 1937 1951 1967 1973 1974 1997 2018 2024 2031 2046
1340 1310 1300 1354 1302 1257 1296 1334 1304 1297 1283 1286 1300 1320 1328 1335 1338 1337 1336 1338 1342 1344 1348 1352 1361 1366 1374 1382 1392 1401 1413 1426 1440 1451 1461 1476 1486 1499 1514 1528 1542 1551 1564 1577 1589 1605 1618 1632 1647 1658 1673 1687 1699 1715 1729 1743 1758 1767 1781 1793 1807 1821 1835 1848 1865 1879 1891 1900 1918 1932 1939 1956 1975 1972 1986 2008 2013 2025 2037
1380 1331 1344 1285 1308 1270 1296 1305 1294 1298 1283 1279 1291 1301 1312 1322 1323 1320 1320 1324 1327 1333 1336 1343 1348 1356 1363 1375 1382 1393 1405 1418 1431 1442 1455 1466 1479 1496 1507 1520 1536 1549 1564 1575 1586 1601 1617 1630 1641 1657 1668 1684 1701 1716 1729 1738 1754 1770 1785 1795 1801 1819 1832 1842 1855 1877 1891 1900 1909 1923 1929 1944 1958 1963 1980 2007 2013 2025 2035
1384 1347 1300 1302 1306 1252 1257 1276 1301 1287 1276 1280 1289 1291 1302 1307 1306 1303 1305 1309 1309 1316 1319 1326 1333 1344 1351 1359 1371 1384 1395 1403 1417 1431 1444 1457 1470 1482 1495 1510 1525 1539 1551 1563 1578 1593 1608 1618 1632 1646 1658 1674 1689 1700 1712 1727 1743 1758 1771 1788 1799 1814 1825 1837 1849 1863 1893 1910 1918 1928 1936 1941 1953 1964 1977 1995 2007 2012 2024
1393 1362 1331 1282 1260 1284 1300 1308 1303 1290 1278 1271 1280 1285 1290 1290 1291 1288 1291 1293 1298 1303 1308 1313 1319 1327 1336 1344 1355 1367 1378 1389 1404 1419 1433 1442 1456 1469 1488 1498 1515 1528 1537 1553 1562 1577 1596 1615 1631 1649 1658 1671 1685 1700 1713 1726 1742 1756 1770 1780 1796 1814 1827 1839 1852 1860 1879 1901 1911 1928 1932 1947 1954 1962 1977 1995 2003 2011 2028
1432 1450 1454 1319 1249 1251 1276 1325 1304 1285 1263 1255 1265 1270 1273 1274 1276 1276 1278 1279 1284 1288 1296 1301 1312 1322 1330 1340 1351 1362 1376 1391 1403 1412 1427 1446 1459 1469 1483 1499 1513 1528 1540 1555 1568 1581 1596 1612 1628 1640 1658 1664 1678 1687 1703 1718 1733 1744 1760 1778 1791 1806 1819 1832 1839 1844 1854 1869 1887 1907 1911 1926 1940 1948 1969 1988 2000 2008 2020
1344 1431 1433 1423 1381 1291 1246 1251 1277 1263 1246 1240 1244 1251 1255 1257 1259 1262 1264 1265 1268 1273 1281 1288 1295 1306 1316 1328 1336 1346 1359 1372 1387 1401 1415 1429 1439 1454 1468 1479 1494 1506 1521 1536 1548 1561 1577 1592 1609 1628 1640 1657 1669 1681 1697 1713 1727 1738 1751 1769 1780 1797 1815 1835 1845 1848 1860 1869 1880 1894 1909 1923 1936 1942 1963 1979 1999 2020 2029
1351 1292 1273 1314 1301 1344 1301 1278 1266 1251 1232 1219 1223 1231 1236 1241 1243 1243 1242 1244 1248 1257 1264 1272 1281 1291 1300 1313 1328 1339 1348 1361 1376 1391 1407 1422 1435 1450 1460 1475 1491 1502 1516 1531 1544 1557 1568 1585 1604 1621 1637 1647 1662 1675 1687 1703 1720 1734 1748 1761 1776 1788 1800 1816 1837 1848 1861 1870 1884 1897 1905 1918 1935 1946 1964 1987 2000 2007 2008
1476 1375 1317 1271 1241 1282 1309 1279 1255 1232 1216 1210 1211 1212 1221 1226 1226 1225 1224 1230 1234 1241 1248 1257 1268 1278 1290 1302 1310 1325 1339 1349 1364 1378 1392 1409 1426 1442 1456 1470 1485 1498 1512 1523 1538 1553 1565 1578 1594 1606 1624 1641 1658 1671 1683 1696 1711 1727 1742 1764 1776 1782 1794 1802 1818 1833 1850 1864 1878 1893 1901 1912 1924 1936 1957 1977 1983 1995 2000
1356 1377 1309 1289 1205 1185 1225 1235 1234 1219 1205 1199 1202 1203 1207 1208 1208 1208 1208 1213 1218 1226 1233 1244 1252 1264 1276 1286 1301 1313 1325 1340 1355 1370 1386 1401 1415 1428 1442 1456 1473 1486 1502 1515 1532 1547 1563 1574 1588 1603 1619 1631 1648 1664 1681 1687 1702 1719 1731 1749 1771 1775 1789 1797 1814 1828 1847 1862 1874 1890 1895 1908 1919 1924 1936 1955 1969 1994 2000
1403 1337 1305 1245 1211 1203 1201 1217 1216 1206 1196 1195 1193 1189 1189 1190 1190 1190 1189 1195 1202 1211 1220 1233 1244 1251 1264 1279 1290 1306 1321 1336 1350 1364 1380 1393 1408 1424 1438 1453 1471 1488 1501 1517 1526 1540 1556 1570 1582 1597 1612 1631 1646 1664 1676 1683 1698 1713 1727 1734 1757 1774 1790 1798 1810 1819 1829 1841 1856 1873 1887 1901 1912 1921 1923 1936 1946 1968 1990
1359 1294 1266 1223 1214 1214 1205 1198 1201 1192 1187 1186 1180 1175 1173 1173 1173 1173 1175 1178 1187 1194 1204 1211 1224 1237 1250 1265 1279 1292 1309 1323 1338 1352 1368 1384 1399 1411 1428 1444 1462 1478 1492 1506 1519 1535 1547 1560 1575 1586 1601 1616 1632 1647 1666 1681 1692 1708 1721 1735 1746 1759 1775 1792 1805 1814 1830 1845 1856 1868 1880 1892 1902 1914 1922 1936 1943 1956 1975
1322 1273 1220 1208 1214 1211 1202 1187 1189 1179 1175 1172 1167 1161 1157 1155 1157 1158 1160 1165 1175 1182 1189 1202 1215 1226 1239 1254 1270 1283 1299 1313 1330 1344 1359 1373 1389 1404 1417 1431 1448 1466 1482 1495 1511 1527 1540 1555 1568 1585 1594 1608 1623 1640 1658 1671 1684 1701 1715 1729 1741 1752 1772 1787 1801 1814 1829 1845 1857 1860 1872 1885 1891 1901 1916 1936 1949 1957 1963
1233 1255 1197 1194 1210 1208 1206 1197 1187 1179 1167 1160 1152 1147 1142 1139 1139 1140 1143 1149 1155 1166 1178 1188 1200 1212 1223 1240 1256 1271 1286 1303 1320 1335 1351 1364 1379 1395 1408 1423 1439 1456 1473 1489 1506 1521 1535 1547 1563 1579 1591 1602 1617 1633 1650 1662 1676 1691 1705 1721 1731 1741 1750 1762 1779 1793 1809 1826 1841 1851 1864 1877 1884 1897 1909 1923 1945 1958 1967
1194 1185 1191 1216 1222 1213 1206 1193 1183 1170 1156 1147 1138 1132 1125 1123 1122 1123 1124 1131 1140 1151 1164 1175 1185 1202 1216 1229 1246 1264 1278 1292 1312 1328 1341 1361 1380 1393 1402 1419 1434 1449 1468 1484 1500 1514 1530 1541 1555 1571 1584 1602 1617 1632 1649 1661 1672 1683 1696 1710 1726 1743 1756 1765 1775 1791 1804 1818 1832 1843 1857 1871 1884 1893 1903 1915 1928 1945 1965
1205 1214 1233 1241 1233 1207 1193 1184 1169 1158 1145 1135 1125 1117 1110 1107 1108 1109 1112 1118 1129 1140 1152 1165 1174 1193 1209 1223 1239 1256 1272 1286 1301 1318 1334 1348 1367 1386 1397 1410 1426 1437 1453 1470 1484 1502 1522 1534 1548 1564 1578 1587 1602 1614 1630 1645 1660 1672 1686 1704 1717 1732 1748 1763 1770 1781 1796 1806 1820 1834 1848 1862 1871 1888 1897 1906 1918 1926 1939
1235 1244 1247 1244 1234 1217 1192 1176 1160 1144 1135 1124 1112 1103 1096 1093 1093 1095 1099 1105 1116 1127 1138 1151 1165 1180 1195 1208 1225 1242 1260 1274 1290 1305 1325 1339 1352 1377 1391 1405 1417 1433 1449 1465 1480 1494 1508 1532 1541 1553 1569 1582 1598 1612 1624 1638 1655 1670 1680 1696 1710 1724 1738 1750 1764 1778 1794 1806 1815 1827 1836 1853 1864 1877 1890 1899 1913 1924 1934
1264 1265 1257 1246 1228 1215 1198 1179 1164 1146 1129 1114 1102 1091 1085 1081 1080 1083 1087 1094 1104 1115 1126 1143 1156 1173 1190 1206 1219 1235 1254 1271 1283 1300 1318 1334 1347 1365 1383 1400 1412 1428 1443 1459 1474 1487 1501 1516 1535 1551 1566 1576 1591 1602 1617 1633 1648 1660 1673 1693 1701 1715 1727 1742 1757 1767 1784 1800 1813 1820 1833 1839 1854 1871 1887 1898 1908 1922 1928
1280 1279 1269 1258 1235 1215 1200 1185 1167 1146 1127 1106 1092 1082 1074 1070 1070 1073 1078 1083 1094 1107 1119 1134 1152 1168 1184 1199 1215 1231 1251 1266 1280 1295 1313 1330 1345 1358 1375 1393 1413 1423 1437 1453 1468 1485 1497 1511 1527 1543 1561 1575 1586 1601 1612 1626 1638 1654 1667 1680 1693 1707 1722 1735 1749 1763 1774 1785 1797 1811 1824 1839 1850 1866 1872 1884 1893 1908 1920
1295 1286 1279 1265 1245 1227 1209 1193 1170 1145 1122 1099 1085 1073 1064 1061 1060 1063 1067 1074 1082 1094 1105 1121 1141 1159 1176 1191 1208 1224 1244 1260 1273 1292 1309 1323 1340 1353 1370 1386 1400 1416 1431 1447 1460 1478 1494 1506 1518 1534 1548 1562 1581 1595 1610 1620 1634 1650 1664 1678 1688 1702 1717 1730 1741 1753 1768 1782 1794 1804 1814 1826 1837 1851 1864 1877 1886 1895 1907
1302 1293 1280 1268 1254 1235 1209 1186 1166 1144 1123 1103 1084 1066 1057 1053 1052 1055 1059 1068 1080 1089 1103 1115 1132 1149 1166 1181 1199 1217 1237 1254 1267 1288 1301 1316 1330 1348 1364 1380 1399 1415 1430 1444 1456 1472 1488 1500 1514 1528 1544 1555 1571 1588 1604 1618 1628 1642 1655 1666 1682 1693 1704 1719 1733 1746 1759 1766 1785 1796 1808 1819 1826 1841 1852 1866 1880 1890 1901
1312 1298 1280 1271 1255 1231 1206 1184 1165 1148 1128 1114 1092 1057 1053 1050 1048 1049 1054 1062 1070 1081 1095 1110 1126 1143 1161 1174 1192 1213 1230 1240 1256 1276 1289 1307 1326 1342 1358 1374 1393 1408 1421 1434 1451 1465 1476 1494 1509 1520 1532 1550 1563 1577 1591 1614 1627 1635 1645 1661 1675 1688 1700 1712 1726 1733 1744 1759 1771 1786 1799 1812 1820 1833 1848 1858 1870 1880 1889
1325 1303 1284 1278 1280 1271 1268 1232 1197 1166 1142 1135 1142 1075 1052 1047 1045 1047 1048 1054 1064 1079 1093 1107 1123 1135 1157 1173 1188 1209 1226 1241 1254 1273 1293 1308 1325 1338 1352 1366 1384 1400 1415 1429 1442 1455 1471 1486 1499 1513 1530 1542 1553 1566 1582 1597 1612 1625 1644 1656 1670 1679 1692 1705 1720 1731 1743 1754 1767 1780 1785 1800 1811 1823 1838 1851 1859 1868 1878
1322 1308 1297 1339 1347 1317 1297 1261 1223 1194 1175 1175 1173 1101 1059 1048 1044 1044 1047 1051 1061 1074 1089 1105 1122 1132 1152 1169 1188 1202 1220 1239 1253 1271 1288 1304 1319 1336 1352 1367 1381 1395 1410 1425 1441 1455 1468 1483 1499 1510 1524 1541 1552 1561 1571 1587 1603 1617 1628 1642 1662 1673 1684 1701 1711 1722 1734 1746 1759 1770 1785 1793 1804 1814 1821 1835 1848 1864 1870
1310 1318 1377 1350 1372 1302 1336 1275 1219 1200 1184 1153 1103 1084 1061 1050 1045 1044 1045 1051 1062 1073 1085 1102 1115 1130 1149 1165 1183 1206 1222 1233 1251 1266 1282 1299 1316 1329 1345 1360 1375 1391 1408 1424 1435 1451 1463 1476 1492 1506 1520 1537 1552 1563 1574 1586 1600 1615 1632 1640 1651 1669 1681 1692 1702 1712 1725 1738 1750 1759 1770 1784 1794 1806 1814 1824 1831 1849 1863
1341 1477 1476 1352 1322 1389 1252 1204 1208 1192 1176 1145 1096 1076 1062 1052 1047 1045 1046 1049 1064 1075 1085 1096 1110 1129 1146 1162 1180 1195 1209 1227 1243 1261 1278 1295 1312 1325 1338 1351 1366 1381 1396 1412 1428 1444 1455 1470 1486 1495 1510 1525 1542 1555 1566 1578 1592 1606 1617 1628 1642 1656 1669 1686 1696 1705 1721 1735 1748 1758 1765 1777 1789 1799 1808 1815 1827 1834 1845
1409 1365 1377 1337 1284 1280 1308 1232 1205 1185 1229 1226 1090 1077 1066 1056 1050 1048 1049 1049 1062 1076 1087 1097 1111 1126 1144 1161 1176 1196 1210 1225 1240 1258 1275 1289 1304 1321 1336 1351 1366 1381 1392 1405 1420 1431 1449 1465 1481 1493 1505 1519 1534 1548 1559 1572 1584 1594 1608 1622 1635 1648 1659 1669 1686 1697 1704 1715 1733 1741 1753 1765 1776 1791 1795 1805 1816 1825 1831
1477 1373 1359 1370 1357 1344 1339 1249 1206 1180 1171 1150 1129 1088 1070 1060 1054 1052 1053 1054 1065 1079 1087 1099 1114 1128 1145 1159 1174 1193 1209 1223 1242 1260 1273 1291 1307 1321 1336 1351 1365 1379 1391 1405 1420 1434 1445 1460 1475 1492 1501 1514 1527 1542 1558 1566 1580 1593 1602 1615 1628 1639 1651 1663 1672 1686 1698 1708 1721 1735 1747 1758 1770 1782 1790 1795 1806 1818 1829
1476 1527 1518 1425 1440 1389 1284 1330 1303 1226 1176 1092 1094 1093 1075 1064 1059 1056 1057 1057 1067 1079 1090 1103 1114 1128 1144 1156 1172 1193 1211 1223 1239 1256 1270 1288 1305 1321 1337 1349 1362 1376 1392 1399 1414 1430 1440 1454 1469 1485 1500 1510 1522 1535 1549 1560 1574 1587 1597 1608 1621 1632 1648 1661 1672 1684 1694 1706 1713 1720 1733 1742 1748 1763 1775 1784 1794 1809 1816
1405 1539 1527 1441 1416 1314 1306 1302 1311 1219 1131 1057 1080 1088 1079 1070 1064 1062 1063 1063 1069 1080 1091 1104 1116 1128 1146 1160 1180 1198 1214 1227 1239 1254 1269 1285 1301 1316 1332 1347 1359 1372 1388 1399 1413 1429 1438 1450 1464 1479 1490 1505 1519 1531 1541 1554 1568 1582 1590 1602 1614 1628 1635 1649 1657 1668 1680 1692 1702 1710 1719 1733 1744 1750 1762 1774 1782 1791 1803
1402 1362 1452 1496 1436 1311 1205 1151 1161 1105 1057 1075 1092 1096 1084 1075 1070 1068 1070 1071 1077 1082 1091 1106 1121 1133 1149 1161 1173 1188 1205 1225 1239 1251 1267 1282 1299 1312 1328 1343 1357 1368 1385 1395 1409 1424 1437 1447 1461 1474 1490 1500 1514 1528 1543 1551 1563 1577 1590 1599 1607 1621 1633 1644 1652 1660 1671 1683 1698 1708 1717 1724 1737 1749 1760 1769 1776 1787 1791
