Artocarpus altilis SDM files/Environmental layers/bio15.asc
ncols  1201
nrows  481
xllcorner  119.958333335783
yllcorner  -15.041666666017
cellsize 0.041666666667
NODATA_value  -9999
[rows 288 to 323 of 481, columns 492 to 573 of 1201]
62 62 62 62 62 62 62 62 62 62 62 62 62 61 61 61 61 61 61 60 60 60 59 59 58 58 58 57 57 57 57 56 56 55 54 54 53 53 52 52 52 51 50 50 49 48 47 46 45 44 43 42 41 39 38 37 36 36 35 34 33 32 31 30 29 29 28 27 26 25 24 23 23 22 21 20 18 17 16 16 15 14
63 63 63 63 63 63 63 63 63 63 62 62 62 62 62 62 62 61 61 61 60 60 60 59 59 59 58 58 58 57 57 56 56 55 55 54 54 53 53 52 52 51 50 50 49 48 47 46 45 44 43 42 41 39 38 37 37 36 35 34 33 32 31 30 30 29 28 27 26 25 24 23 22 21 20 19 18 17 16 15 14 14
64 63 63 63 64 63 64 63 63 63 63 63 63 62 62 62 62 62 62 61 61 61 60 60 59 59 59 58 58 58 57 57 56 56 55 55 54 53 53 52 52 51 51 50 49 48 47 46 45 44 43 42 41 40 39 38 37 36 35 34 34 33 32 31 30 29 28 27 26 25 25 24 22 21 20 19 18 17 15 15 14 13
64 64 64 64 64 64 64 64 64 64 64 63 63 63 63 63 63 62 62 62 61 61 61 60 60 59 59 59 58 58 58 57 57 56 56 55 54 54 53 53 52 51 51 50 49 48 47 46 45 44 43 42 41 40 39 38 37 36 36 35 34 33 32 31 30 30 29 28 27 26 25 24 23 21 20 19 17 16 15 14 14 13
65 65 65 65 65 65 65 65 64 64 64 64 64 63 63 63 63 63 63 62 62 61 61 61 60 60 59 59 59 58 58 57 57 56 56 55 55 54 53 53 52 51 50 50 49 48 47 46 45 44 43 42 41 40 39 38 38 37 36 35 34 34 33 32 31 30 29 28 27 26 25 24 23 21 20 19 17 16 15 14 14 13
65 65 65 65 65 65 65 65 65 65 64 64 64 64 64 64 63 63 63 63 62 62 61 61 60 60 60 59 59 58 58 58 57 57 56 56 55 54 54 53 52 51 51 50 49 48 47 46 45 44 43 42 41 40 40 39 38 37 36 36 35 34 33 33 32 31 30 29 28 27 26 24 23 22 20 19 17 16 15 14 14 13
66 66 66 66 66 66 66 65 65 65 65 65 64 64 64 64 64 63 63 63 62 62 62 61 61 60 60 60 59 59 58 58 57 57 56 56 55 55 54 53 52 52 51 50 49 48 47 46 45 44 43 42 42 41 40 39 38 38 37 36 35 35 34 33 32 32 31 30 28 27 26 25 23 22 20 19 17 16 15 15 14 13
66 66 66 66 66 66 66 66 66 65 65 65 65 65 64 64 64 64 63 63 63 62 62 61 61 61 60 60 59 59 59 58 58 57 57 56 55 55 54 53 52 52 51 50 49 48 47 46 45 44 44 43 42 41 40 40 39 38 37 37 36 35 35 34 33 32 31 30 29 28 27 25 24 22 21 19 18 17 15 15 14 14
67 67 67 67 67 66 66 66 66 66 65 65 65 65 65 64 64 64 64 63 63 62 62 62 61 61 61 60 60 59 59 58 58 57 57 56 55 55 54 53 52 52 51 50 49 48 47 46 46 45 44 43 42 41 41 40 39 38 38 37 36 36 35 34 34 33 32 31 30 28 27 26 24 23 21 20 18 17 16 15 14 14
67 67 67 67 67 67 67 66 66 66 66 65 65 65 65 65 64 64 64 63 63 63 62 62 62 61 61 60 60 59 59 58 58 57 57 56 55 55 54 53 53 52 51 50 49 48 48 47 46 45 44 43 43 42 41 40 40 39 38 38 37 36 36 35 34 33 32 31 30 29 28 26 25 23 22 20 19 17 16 15 15 14
67 67 67 67 67 67 67 67 66 66 66 66 66 65 65 65 64 64 64 64 63 63 63 62 62 61 61 61 60 60 59 59 58 57 57 56 55 55 54 53 53 52 51 50 50 49 48 47 46 46 45 44 43 42 42 41 40 39 39 38 38 37 36 36 35 34 33 32 31 30 28 27 25 24 22 21 19 18 17 16 15 14
68 68 68 68 67 67 67 67 67 66 66 66 66 65 65 65 65 64 64 64 63 63 63 62 62 62 61 61 60 60 59 59 58 57 57 56 55 55 54 53 53 52 51 51 50 49 48 48 47 46 45 44 44 43 42 41 41 40 39 39 38 38 37 36 36 35 34 33 31 30 29 27 26 24 23 21 20 19 17 16 16 15
68 68 68 68 68 68 67 67 67 67 66 66 66 66 65 65 65 64 64 64 63 63 63 63 62 62 61 61 61 60 59 59 58 57 57 56 55 55 54 53 53 52 52 51 50 49 49 48 47 46 46 45 44 43 43 42 41 41 40 39 39 38 38 37 36 35 34 33 32 31 30 28 27 25 24 22 21 19 18 17 16 15
68 68 68 68 68 68 67 67 67 67 66 66 66 66 65 65 65 64 64 64 64 63 63 63 62 62 62 61 61 60 59 59 58 58 57 56 55 55 54 54 53 52 52 51 50 50 49 48 48 47 46 45 45 44 43 43 42 41 41 40 40 39 38 38 37 36 35 34 33 32 30 29 27 26 25 23 22 20 19 18 17 16
69 69 68 68 68 68 68 67 67 67 67 66 66 66 66 65 65 64 64 64 64 63 63 63 62 62 62 61 61 60 59 59 58 58 57 56 56 55 54 54 53 53 52 52 51 50 50 49 48 47 47 46 45 45 44 43 43 42 42 41 40 40 39 38 38 37 36 35 34 33 31 30 28 27 25 24 23 21 20 19 18 17
69 69 69 68 68 68 68 67 67 67 67 67 66 66 66 65 65 65 64 64 64 63 63 63 62 62 62 61 61 60 60 59 58 58 57 56 56 55 55 54 53 53 52 52 51 51 50 49 49 48 47 47 46 45 45 44 43 43 42 42 41 41 40 39 38 38 37 36 35 33 32 31 29 28 27 25 24 22 21 20 19 18
69 69 69 69 68 68 68 68 67 67 67 67 66 66 66 65 65 65 64 64 64 63 63 63 62 62 62 61 61 60 60 59 58 58 57 56 56 55 55 54 54 53 53 52 52 51 50 50 49 48 48 47 47 46 45 45 44 44 43 43 42 41 41 40 39 38 38 37 36 34 33 32 30 29 28 26 25 23 22 21 20 19
69 69 69 69 68 68 68 68 67 67 67 67 66 66 66 65 65 65 64 64 64 63 63 63 62 62 62 61 61 60 60 59 58 58 57 57 56 55 55 54 54 53 53 52 52 51 51 50 49 49 48 48 47 47 46 45 45 44 44 43 43 42 42 41 40 39 38 38 36 35 34 33 32 30 29 27 26 24 23 22 21 20
70 69 69 69 69 68 68 68 67 67 67 67 66 66 66 65 65 65 64 64 64 63 63 63 62 62 62 61 61 60 60 59 58 58 57 57 56 56 55 55 54 54 53 53 52 52 51 50 50 50 49 48 48 47 47 46 46 45 45 44 44 43 42 42 41 40 39 38 37 36 35 34 33 31 30 28 27 26 24 23 22 21
69 69 69 69 69 68 68 68 68 67 67 67 66 66 66 65 65 65 64 64 64 63 63 63 62 62 62 61 61 60 60 59 59 58 58 57 56 56 55 55 54 54 53 53 52 52 51 51 50 50 49 49 48 48 47 47 46 46 45 45 44 44 43 43 42 41 40 39 38 37 36 35 34 32 31 30 28 27 26 24 23 22
70 69 69 69 69 68 68 68 67 67 67 67 66 66 66 66 65 65 64 64 64 63 63 63 62 62 61 61 61 60 60 59 59 58 58 57 57 56 56 55 54 54 54 53 53 52 52 51 51 50 50 49 49 48 48 48 47 47 46 46 45 45 44 43 43 42 41 40 39 38 37 36 35 34 32 31 29 28 27 26 24 23
70 69 69 69 69 68 68 68 68 67 67 67 67 66 66 66 65 65 64 64 64 63 63 63 62 62 61 61 61 60 60 59 59 58 58 57 57 56 56 55 55 54 54 53 53 53 52 52 51 51 50 50 49 49 49 48 48 47 47 46 46 45 45 44 44 43 42 41 40 40 38 37 36 35 34 32 31 30 28 27 26 25
70 70 69 69 69 68 68 68 68 67 67 67 67 66 66 66 65 65 65 64 64 63 63 63 62 62 62 61 61 60 60 60 59 58 58 57 57 56 56 55 55 54 54 54 53 53 52 52 52 51 51 50 50 50 49 49 48 48 48 47 47 46 46 45 44 44 43 42 41 41 39 38 37 36 35 34 32 31 30 29 27 26
70 70 69 69 69 68 68 68 68 67 67 67 67 66 66 66 65 65 65 64 64 63 63 63 62 62 62 61 61 60 60 60 59 59 58 58 57 57 56 56 55 55 54 54 54 53 53 52 52 52 51 51 50 50 50 49 49 49 48 48 47 47 46 46 45 45 44 43 42 42 41 40 38 37 36 35 34 32 31 30 29 28
70 70 69 69 69 68 68 68 68 67 67 67 66 66 66 66 65 65 65 64 64 63 63 63 62 62 62 61 61 60 60 60 59 59 58 58 57 57 56 56 55 55 55 54 54 53 53 53 52 52 52 51 51 51 50 50 50 49 49 49 48 48 47 47 46 46 45 44 43 43 42 41 40 39 37 36 35 34 33 32 31 30
70 70 69 69 69 68 68 68 68 67 67 67 67 66 66 66 65 65 65 64 64 63 63 63 62 62 62 61 61 61 60 60 59 59 58 58 57 57 56 56 55 55 55 54 54 54 53 53 53 52 52 52 51 51 51 50 50 50 50 49 49 48 48 47 47 46 46 45 44 44 43 42 41 40 39 38 36 35 34 33 32 31
70 70 69 69 69 69 68 68 68 67 67 67 66 66 66 66 65 65 65 64 64 64 63 63 62 62 62 61 61 60 60 60 59 59 58 58 57 57 56 56 56 55 55 55 54 54 54 53 53 53 52 52 52 52 51 51 51 50 50 50 49 49 49 48 48 47 47 46 45 45 44 43 42 41 40 39 38 37 36 35 34 33
70 70 70 69 69 69 68 68 68 67 67 67 66 66 66 66 65 65 65 64 64 64 63 63 62 62 62 61 61 60 60 60 59 59 58 58 57 57 56 56 56 55 55 55 54 54 54 54 53 53 53 53 52 52 52 51 51 51 51 50 50 50 49 49 49 48 48 47 46 46 45 44 43 42 41 40 39 38 37 37 36 35
70 70 70 69 69 69 68 68 68 67 67 67 66 66 66 66 65 65 65 64 64 64 63 63 63 62 62 61 61 60 60 59 59 59 58 58 57 57 56 56 56 55 55 55 55 54 54 54 54 53 53 53 53 52 52 52 52 52 51 51 51 50 50 50 49 49 48 48 47 47 46 45 44 44 43 42 41 40 39 38 37 37
70 70 70 69 69 69 68 68 68 67 67 67 67 66 66 66 65 65 65 64 64 64 63 63 63 62 62 61 61 60 60 59 59 59 58 58 57 57 56 56 56 55 55 55 55 54 54 54 54 54 53 53 53 53 53 53 52 52 52 52 51 51 51 50 50 50 49 49 48 48 47 46 46 45 44 43 42 41 41 40 39 38
71 70 70 70 69 69 69 68 68 68 67 67 66 66 66 66 65 65 65 64 64 64 63 63 63 62 62 61 61 60 60 59 59 59 58 58 57 57 57 56 56 56 55 55 55 55 55 54 54 54 54 54 54 53 53 53 53 53 52 52 52 52 51 51 51 50 50 49 49 48 48 47 47 46 45 45 44 43 42 41 41 40
71 70 70 70 69 69 69 68 68 68 67 67 67 66 66 66 65 65 65 64 64 64 63 63 63 62 62 61 61 60 60 59 59 59 58 58 57 57 57 56 56 56 56 55 55 55 55 55 55 55 54 54 54 54 54 54 53 53 53 53 53 52 52 52 52 51 51 50 50 49 49 48 48 47 46 46 45 44 44 43 42 42
71 71 70 70 69 69 69 68 68 68 67 67 67 66 66 66 65 65 65 64 64 64 63 63 63 62 62 61 61 60 60 60 59 59 58 58 57 57 57 56 56 56 56 56 56 55 55 55 55 55 55 55 55 54 54 54 54 54 54 54 53 53 53 53 52 52 52 51 51 50 50 49 49 48 48 47 46 46 45 45 44 43
71 71 70 70 70 69 69 68 68 68 67 67 67 66 66 66 65 65 65 65 64 64 63 63 63 62 62 61 61 60 60 59 59 58 58 58 57 57 57 57 56 56 56 56 56 56 55 55 55 55 55 55 55 55 55 55 55 55 54 54 54 54 53 53 53 53 52 52 52 51 51 50 50 49 49 48 48 47 47 46 45 45
71 71 70 70 70 69 69 68 68 68 67 67 67 66 66 66 65 65 65 65 64 64 64 63 63 62 62 61 61 60 60 59 59 59 58 58 57 57 57 57 56 56 56 56 56 56 56 56 56 56 56 56 56 55 56 55 55 55 55 55 55 54 54 54 54 53 53 53 52 52 51 51 51 50 50 49 49 48 48 47 47 46
72 71 71 70 70 69 69 69 68 68 67 67 67 66 66 66 65 65 65 65 64 64 64 63 63 62 62 61 61 60 60 59 59 58 58 58 57 57 57 57 56 56 56 56 56 56 56 56 56 56 56 56 56 56 56 56 56 56 56 55 55 55 55 55 54 54 54 53 53 53 52 52 52 51 51 50 50 50 49 49 48 48
