Artocarpus altilis SDM files/Environmental layers/bio1.asc
ncols  1201
nrows  481
xllcorner  119.958333335783
yllcorner  -15.041666666017
cellsize 0.041666666667
NODATA_value  -9999
[rows 432 to 467 of 481, columns 480 to 559 of 1201]
247 247 247 247 247 247 247 247 247 246 246 246 246 246 246 245 245 245 244 244 244 243 243 243 242 242 242 241 241 240 240 240 239 239 238 238 237 237 236 234 234 233 231 230 230 228 228 229 230 228 228 227 228 228 227 227 227 226 225 224 223 222 223 222 221 221 221 221 219 220 219 218 219 216 208 207 209 209 208 211
247 247 247 247 247 247 247 247 247 246 246 246 246 246 246 245 245 245 244 244 243 243 243 243 242 242 242 241 241 240 240 239 239 238 238 238 237 237 236 235 233 231 231 231 230 229 228 227 229 228 229 228 229 228 228 228 227 226 225 224 224 223 222 221 220 220 221 220 219 220 219 218 217 217 212 207 212 208 199 210
247 247 247 247 247 247 247 247 247 246 246 246 246 246 245 245 245 245 244 244 243 243 243 243 242 242 241 241 241 240 240 239 239 238 238 238 237 237 236 235 233 231 231 231 230 228 228 229 230 230 229 229 228 228 227 227 227 226 226 225 223 222 221 222 222 221 221 221 219 219 218 218 218 218 216 212 210 213 211 210
247 247 247 247 247 247 247 247 247 246 246 246 246 246 245 245 245 245 244 244 244 243 243 242 242 242 241 241 240 240 240 239 239 238 238 238 237 237 236 235 233 232 232 232 230 229 229 231 230 230 230 229 229 228 227 227 226 226 225 225 224 222 222 222 222 222 222 220 219 217 217 216 217 217 217 215 214 215 213 211
247 247 247 247 247 247 247 247 247 246 246 246 246 246 245 245 245 245 244 244 243 243 243 242 242 242 241 241 240 240 240 239 239 238 238 237 237 237 237 236 235 232 232 232 230 229 230 231 229 230 229 229 228 228 227 227 226 225 225 224 223 222 223 223 223 222 222 221 219 217 216 215 214 215 217 214 214 214 213 208
247 247 247 247 247 247 247 247 246 246 246 246 246 246 245 245 245 244 244 244 243 243 243 242 242 242 241 241 240 240 240 239 239 238 238 237 237 237 237 236 235 234 233 232 231 230 231 231 230 228 228 227 227 228 227 226 225 224 222 221 221 223 224 223 222 222 222 221 219 217 215 214 211 209 215 216 214 213 214 213
247 247 247 247 247 247 247 247 246 246 246 246 246 246 245 245 245 244 244 244 243 243 243 242 242 242 241 241 240 240 240 239 239 238 238 237 237 237 236 236 235 234 233 232 230 231 231 229 228 227 227 228 227 227 226 226 225 222 222 221 220 223 224 223 222 221 221 221 219 218 217 213 212 213 213 216 215 216 216 212
247 247 247 247 247 247 247 246 246 246 246 246 246 245 245 245 245 244 244 244 243 243 243 242 242 241 241 241 240 240 239 239 238 238 238 237 237 237 236 236 235 234 234 232 231 232 230 229 228 228 228 227 226 226 226 225 223 223 224 224 223 224 224 224 222 222 222 221 220 218 217 213 216 213 210 217 217 217 215 210
247 247 247 247 247 247 247 247 246 246 246 246 246 245 245 245 245 244 244 244 243 243 243 242 242 241 241 241 240 240 239 239 238 238 237 237 237 236 236 235 234 234 233 232 232 232 230 230 229 228 228 227 226 227 227 226 225 225 225 226 226 225 224 223 223 223 223 222 221 219 218 213 217 213 215 217 218 218 217 215
247 247 247 247 247 247 247 246 246 246 246 246 246 245 245 245 245 244 244 243 243 243 243 242 242 241 241 240 240 240 239 239 238 238 237 237 237 236 236 235 234 234 234 233 232 231 231 230 229 228 228 227 228 228 227 227 227 226 226 226 225 225 224 224 224 223 223 222 221 221 220 218 218 217 218 218 218 218 217 216
247 247 247 247 247 247 247 246 246 246 246 246 245 245 245 245 245 244 244 243 243 243 243 242 242 241 241 240 240 240 239 238 238 238 237 237 237 236 236 235 234 234 233 233 232 231 230 229 227 226 226 226 228 228 228 227 227 227 226 225 225 225 224 224 223 223 223 222 221 221 219 220 220 219 219 219 218 218 217 207
247 247 247 247 247 247 247 246 246 246 246 246 245 245 245 245 244 244 244 243 243 243 242 242 241 241 241 240 240 240 239 238 238 238 237 237 237 236 235 235 234 234 233 232 232 231 230 229 228 227 226 226 228 228 227 226 227 227 226 225 224 224 223 223 223 222 222 222 221 220 218 217 219 219 219 217 215 217 216 212
247 247 247 247 247 247 246 246 246 246 246 246 246 245 245 245 245 244 244 243 243 243 242 242 241 241 240 240 240 239 239 238 238 238 237 237 236 236 235 234 234 234 233 232 232 231 231 229 228 227 225 227 228 228 227 227 227 226 226 225 225 223 223 222 223 222 221 221 221 220 218 217 217 219 219 217 210 216 216 214
247 247 247 247 247 247 246 246 246 246 246 246 245 245 245 245 245 244 244 243 243 243 242 242 241 241 240 240 240 239 239 238 238 238 237 237 236 235 235 234 234 234 233 232 231 231 230 229 228 226 225 226 228 228 228 227 226 224 224 224 224 225 224 222 221 222 221 220 221 219 218 215 216 218 219 218 213 214 214 213
247 247 247 247 247 246 246 246 246 246 246 246 245 245 245 245 245 244 244 243 243 243 242 242 241 241 240 240 240 239 239 239 238 238 237 237 236 235 235 234 234 233 233 232 231 230 230 229 228 227 227 227 229 228 227 226 226 225 224 223 223 224 224 224 222 221 221 221 220 218 218 215 216 218 219 218 217 217 216 214
247 247 247 247 247 246 246 246 246 246 246 246 245 245 245 245 245 244 244 243 243 242 242 241 241 241 240 240 240 239 239 239 238 238 237 237 236 235 234 234 234 233 233 233 232 231 230 229 228 229 228 229 229 228 227 227 225 225 224 223 223 222 224 224 223 222 222 222 220 217 217 215 216 218 219 219 218 217 216 206
247 247 247 247 247 246 246 246 246 246 246 246 245 245 245 245 245 244 244 243 243 242 242 241 241 241 240 240 239 239 239 239 238 238 237 236 236 235 235 234 233 233 233 232 232 232 231 230 230 229 230 229 229 228 227 226 225 225 225 224 223 221 222 224 223 223 222 222 221 217 216 216 217 218 218 218 218 217 216 211
247 247 247 247 246 246 246 246 246 246 246 246 245 245 245 245 244 244 243 243 243 242 242 241 241 241 240 240 239 239 239 239 238 238 237 236 236 235 235 234 234 233 232 232 231 231 231 231 231 230 229 229 228 228 227 227 226 225 224 224 223 221 222 223 223 221 221 222 221 219 218 218 217 217 218 218 217 217 213 210
247 247 247 247 246 246 246 246 246 246 246 245 245 245 245 245 244 244 243 243 243 242 242 241 241 241 240 240 239 239 239 239 238 238 237 236 236 235 235 234 234 233 232 232 231 230 230 230 230 230 229 228 228 227 227 226 225 225 224 224 223 222 222 223 223 221 220 221 221 220 219 217 216 217 217 217 215 206 199 193
247 247 247 246 246 246 246 246 246 246 246 245 245 245 245 245 244 244 243 243 243 242 242 241 241 241 240 240 239 239 239 239 238 238 237 236 235 235 235 234 234 233 233 232 231 231 230 229 229 228 228 226 226 224 225 225 224 223 224 223 223 222 222 223 222 222 220 220 221 220 218 218 218 217 217 217 214 203 195 191
247 247 247 246 246 246 246 246 246 246 246 245 245 245 245 245 244 244 243 243 242 242 242 241 241 241 240 240 240 239 239 239 238 238 237 236 235 235 235 235 234 233 233 232 232 231 230 230 229 229 228 227 226 224 224 223 222 221 220 220 219 221 222 222 222 222 219 220 220 220 219 219 219 218 216 214 212 210 201 193
247 247 246 246 246 246 246 246 246 246 245 245 245 245 245 244 244 243 243 243 242 242 242 241 241 241 240 240 240 239 239 239 238 238 237 236 235 235 235 235 234 233 233 232 231 231 230 230 229 229 228 227 226 225 225 224 223 220 220 219 217 217 218 220 221 222 221 219 220 220 220 219 218 218 217 215 207 209 206 196
246 246 246 246 246 246 246 246 246 246 245 245 245 245 245 244 244 243 243 243 242 242 242 241 241 241 240 240 240 239 239 239 238 238 237 236 235 235 235 235 234 233 233 232 232 231 230 230 230 229 229 228 226 226 226 225 222 221 222 219 218 219 219 220 221 221 218 218 219 219 219 219 219 218 216 215 214 214 208 205
246 246 246 246 246 246 246 246 246 246 245 245 245 245 245 244 244 243 243 243 242 242 242 241 241 241 240 240 240 239 239 239 238 238 237 237 235 235 235 235 234 233 233 232 232 231 231 230 230 229 229 228 227 227 226 224 223 222 222 220 219 221 220 220 220 219 219 218 218 217 218 219 218 218 216 214 214 213 211 207
246 246 246 246 246 246 246 246 246 245 245 245 245 245 244 244 243 243 243 243 242 242 242 241 241 241 240 240 240 239 239 239 238 238 237 237 236 235 235 235 234 233 233 232 232 231 231 231 230 230 230 229 228 227 226 225 223 223 222 222 221 221 221 220 220 220 219 219 218 217 217 217 217 218 217 214 210 213 213 213
246 246 246 246 246 246 246 246 245 245 245 245 245 244 244 244 244 243 243 243 242 242 242 241 241 241 240 240 240 239 239 238 238 238 237 237 236 236 235 235 234 234 233 233 232 232 232 231 231 230 229 229 228 228 226 225 224 224 223 223 222 222 221 220 221 221 220 220 219 219 218 218 217 217 216 214 212 211 213 214
246 246 246 246 246 246 246 246 245 245 245 245 245 244 244 244 244 243 243 243 242 242 242 241 241 241 240 240 240 239 239 238 238 238 237 237 236 236 235 235 234 234 233 233 232 232 232 231 231 230 229 229 228 227 227 225 225 224 224 224 223 221 220 221 222 222 221 220 219 217 217 217 217 215 215 215 214 213 213 215
246 246 246 246 246 246 246 245 245 245 245 245 245 244 244 244 243 243 243 243 242 242 -9999 -9999 241 241 240 240 240 239 239 238 238 238 237 237 236 236 235 234 234 234 234 233 233 232 232 231 231 230 230 229 228 227 226 227 226 226 224 223 222 220 221 222 223 221 221 220 220 219 218 216 215 215 216 216 216 215 215 216
246 246 246 246 246 246 246 245 245 245 245 245 245 244 244 244 243 243 243 242 242 -9999 -9999 -9999 -9999 241 240 240 240 239 239 238 238 237 237 237 236 236 235 234 234 234 234 233 233 232 232 231 231 230 230 229 228 228 228 227 226 225 224 223 222 221 221 222 222 221 221 221 220 219 216 214 215 217 217 217 216 217 216 215
246 246 246 246 246 246 245 245 245 245 245 245 245 244 244 244 243 243 243 242 242 -9999 -9999 -9999 -9999 241 240 240 240 239 239 238 238 237 237 237 236 236 235 234 234 234 234 233 232 232 232 231 231 230 230 229 229 228 227 227 226 225 225 224 222 221 221 223 222 222 221 220 220 218 217 218 216 217 218 217 217 217 216 214
246 246 246 246 246 245 245 245 245 245 245 245 244 244 244 244 243 243 243 242 242 -9999 -9999 -9999 -9999 241 240 240 240 239 238 238 238 237 237 237 236 236 235 235 234 234 233 233 232 232 231 231 231 230 230 229 229 228 228 227 226 226 225 225 223 222 222 223 223 222 221 220 220 219 220 220 217 216 218 218 218 217 216 215
246 246 246 246 246 245 245 245 245 245 245 245 244 244 244 244 243 243 243 242 242 242 -9999 -9999 241 241 240 240 239 239 238 238 238 237 237 237 236 236 235 235 234 234 233 233 232 232 231 231 230 230 229 229 228 228 228 227 226 226 225 225 224 223 224 224 223 222 220 220 221 221 220 220 219 217 219 219 217 216 215 214
246 246 246 246 245 245 245 245 245 245 245 245 244 244 244 243 243 243 243 242 242 242 -9999 241 241 241 240 240 239 239 238 238 238 237 237 237 236 236 235 235 234 234 233 233 232 232 231 231 230 230 230 229 228 228 227 227 226 226 226 225 225 225 224 224 223 222 221 221 222 221 219 220 219 219 219 218 216 215 215 215
246 246 246 246 245 245 245 245 245 245 245 244 244 244 244 243 243 243 242 242 242 242 -9999 241 241 241 240 240 239 239 238 238 238 238 237 237 236 236 235 235 234 234 233 233 232 232 231 231 230 230 229 229 228 228 227 227 227 227 226 225 225 225 224 224 223 223 222 222 222 221 219 218 215 218 216 216 214 215 215 216
246 246 246 245 245 245 245 245 245 245 245 244 244 244 243 243 243 243 243 242 242 -9999 -9999 241 241 240 240 240 239 239 239 238 238 238 237 236 236 235 235 235 234 233 233 233 232 232 231 231 230 230 229 229 228 228 228 227 227 226 226 225 225 224 224 224 224 223 223 223 222 221 220 217 212 214 213 214 215 216 216 216
246 246 245 245 245 245 245 245 245 245 244 244 244 244 243 243 243 243 242 242 242 -9999 -9999 241 241 240 240 240 239 239 239 238 238 237 237 236 236 235 235 234 234 234 233 233 232 232 231 231 230 230 230 229 228 228 228 227 227 226 226 226 225 225 224 223 223 222 223 222 222 221 220 217 215 209 213 215 216 217 217 216
