Artocarpus altilis SDM files/Environmental layers/bio16.asc
ncols  1201
nrows  481
xllcorner  119.958333335783
yllcorner  -15.041666666017
cellsize 0.041666666667
NODATA_value  -9999
[rows 385 to 419 of 481, columns 474 to 552 of 1201]
1147 1143 1141 1140 1140 1133 1133 1129 1125 1124 1119 1115 1109 1104 1100 1094 1086 1077 1069 1062 1053 1051 1050 1044 1036 1030 1025 1021 1012 1004 1001 997 993 993 998 1003 1003 1003 1007 1012 1018 1028 1039 1052 1062 1071 1089 1093 1096 1105 1117 1120 1117 1119 1138 1143 1147 1142 1156 1201 1194 1177 1159 1179 1248 1325 1323 1280 1318 1393 1251 1276 1382 1337 1217 1175 1163 1159 1135
1154 1149 1149 1143 1143 1143 1140 1138 1134 1131 1128 1123 1121 1117 1109 1106 1097 1089 1084 1078 1069 1064 1066 1063 1057 1049 1046 1039 1034 1025 1022 1017 1014 1014 1017 1023 1024 1026 1031 1036 1038 1049 1057 1069 1082 1090 1106 1113 1113 1123 1131 1139 1135 1138 1144 1150 1146 1146 1162 1195 1195 1283 1189 1246 1229 1223 1288 1226 1247 1376 1364 1295 1312 1397 1249 1198 1172 1161 1155
1163 1162 1162 1158 1158 1156 1154 1151 1151 1147 1142 1142 1137 1132 1125 1121 1112 1103 1099 1093 1083 1080 1077 1075 1068 1063 1060 1053 1050 1044 1040 1039 1039 1037 1037 1041 1044 1047 1053 1059 1063 1073 1078 1091 1096 1109 1124 1132 1144 1150 1149 1158 1156 1155 1154 1162 1161 1153 1168 1194 1277 1314 1238 1251 1244 1240 1242 1270 1249 1273 1300 1366 1313 1405 1271 1212 1177 1160 1149
1169 1166 1169 1165 1164 1162 1162 1157 1156 1154 1153 1153 1148 1144 1139 1133 1127 1120 1119 1113 1104 1100 1099 1095 1086 1085 1081 1076 1071 1066 1065 1063 1062 1059 1060 1062 1066 1066 1076 1080 1085 1092 1102 1109 1119 1124 1142 1153 1164 1167 1164 1169 1175 1170 1165 1169 1161 1147 1181 1206 1258 1365 1286 1264 1262 1215 1320 1373 1297 1363 1285 1370 1277 1390 1275 1223 1174 1154 1133
1180 1178 1177 1177 1174 1174 1172 1170 1166 1164 1162 1160 1156 1152 1150 1146 1143 1137 1135 1129 1123 1125 1114 1101 1098 1099 1098 1093 1091 1089 1087 1086 1082 1078 1086 1086 1089 1090 1094 1098 1110 1116 1123 1131 1135 1145 1160 1171 1180 1181 1168 1174 1177 1173 1170 1164 1148 1120 1227 1267 1275 1317 1354 1357 1321 1292 1273 1438 1377 1370 1311 1385 1361 1352 1266 1253 1183 1171 1147
1193 1187 1188 1185 1184 1183 1182 1181 1178 1175 1176 1173 1169 1166 1161 1156 1154 1148 1147 1143 1138 1137 1132 1117 1105 1109 1115 1112 1110 1108 1106 1106 1103 1105 1105 1108 1111 1112 1116 1118 1129 1136 1144 1151 1156 1160 1176 1183 1185 1186 1183 1171 1174 1178 1175 1164 1142 1105 1200 1227 1330 1288 1427 1397 1428 1372 1271 1444 1341 1332 1361 1389 1416 1379 1276 1251 1196 1175 1143
1193 1193 1195 1191 1190 1188 1189 1187 1185 1181 1184 1181 1179 1176 1171 1171 1171 1169 1163 1161 1161 1158 1149 1138 1129 1122 1127 1130 1131 1133 1128 1127 1127 1127 1129 1133 1132 1132 1134 1137 1146 1151 1152 1165 1174 1175 1188 1195 1194 1197 1195 1185 1193 1187 1184 1173 1150 1121 1199 1177 1223 1336 1389 1497 1388 1283 1376 1490 1374 1355 1351 1361 1379 1413 1375 1279 1206 1171 1158
1199 1201 1202 1204 1203 1203 1202 1199 1198 1197 1197 1194 1192 1190 1181 1177 1181 1186 1176 1174 1173 1172 1168 1156 1146 1138 1135 1150 1151 1153 1149 1149 1148 1149 1154 1157 1155 1156 1156 1160 1166 1172 1167 1174 1183 1190 1201 1212 1210 1214 1206 1200 1205 1203 1197 1183 1166 1154 1201 1185 1214 1266 1298 1455 1329 1321 1484 1467 1334 1415 1389 1362 1341 1395 1443 1359 1217 1165 1154
1210 1210 1212 1215 1215 1215 1217 1215 1212 1211 1212 1208 1206 1203 1199 1194 1197 1199 1197 1191 1189 1187 1181 1181 1166 1151 1161 1170 1172 1173 1173 1171 1173 1174 1177 1178 1181 1182 1184 1183 1187 1195 1191 1193 1194 1202 1222 1221 1231 1233 1221 1219 1219 1214 1212 1196 1183 1183 1204 1185 1217 1213 1227 1398 1394 1331 1493 1473 1295 1451 1417 1387 1391 1385 1453 1352 1208 1166 1153
1227 1220 1221 1224 1228 1229 1226 1225 1225 1223 1223 1219 1218 1216 1213 1209 1210 1208 1208 1206 1205 1205 1203 1199 1196 1176 1166 1177 1189 1195 1194 1192 1192 1196 1199 1201 1202 1206 1212 1206 1206 1213 1213 1217 1218 1218 1236 1241 1248 1241 1235 1237 1236 1223 1221 1205 1193 1209 1217 1212 1224 1215 1214 1286 1422 1330 1512 1437 1278 1506 1451 1351 1442 1449 1446 1265 1213 1182 1141
1229 1232 1227 1227 1232 1232 1234 1233 1233 1233 1235 1234 1233 1230 1230 1226 1226 1225 1224 1222 1219 1219 1229 1214 1204 1198 1189 1191 1207 1214 1216 1212 1214 1216 1218 1223 1225 1228 1231 1234 1230 1230 1231 1237 1237 1238 1252 1253 1260 1259 1252 1253 1250 1226 1226 1212 1195 1235 1212 1228 1233 1253 1229 1292 1320 1373 1418 1533 1398 1363 1464 1389 1423 1464 1435 1256 1215 1184 1140
1226 1241 1234 1232 1235 1238 1242 1243 1241 1242 1243 1242 1245 1242 1242 1245 1243 1240 1238 1235 1232 1247 1242 1233 1223 1219 1214 1208 1208 1231 1237 1234 1236 1237 1240 1246 1247 1250 1257 1256 1257 1252 1252 1259 1260 1261 1262 1260 1264 1274 1264 1265 1258 1235 1235 1225 1218 1254 1240 1226 1233 1254 1253 1244 1264 1410 1406 1533 1407 1435 1391 1421 1409 1455 1464 1270 1210 1193 1147
1231 1244 1252 1245 1247 1249 1252 1254 1253 1255 1257 1258 1258 1255 1253 1258 1258 1255 1251 1250 1256 1270 1254 1253 1242 1238 1236 1231 1223 1247 1251 1251 1254 1254 1255 1263 1263 1266 1269 1271 1272 1270 1269 1270 1274 1275 1277 1275 1274 1283 1271 1270 1274 1261 1248 1229 1268 1271 1259 1250 1252 1239 1245 1258 1296 1329 1378 1471 1468 1463 1383 1440 1438 1476 1421 1285 1212 1192 1135
1246 1250 1259 1256 1256 1258 1261 1261 1262 1265 1267 1265 1266 1266 1263 1263 1265 1266 1267 1269 1273 1276 1270 1266 1262 1257 1255 1262 1250 1260 1272 1273 1277 1275 1277 1282 1284 1289 1291 1291 1295 1292 1292 1289 1291 1289 1292 1296 1293 1291 1285 1282 1285 1273 1261 1240 1291 1273 1272 1269 1244 1231 1259 1310 1325 1361 1313 1282 1432 1472 1424 1439 1476 1443 1410 1325 1220 1208 1164
1247 1252 1260 1262 1261 1262 1265 1269 1271 1275 1277 1277 1278 1279 1279 1282 1282 1277 1280 1287 1292 1288 1288 1279 1278 1274 1281 1286 1269 1282 1293 1297 1300 1299 1294 1298 1304 1304 1305 1308 1311 1309 1308 1305 1305 1307 1307 1310 1307 1307 1301 1293 1290 1281 1273 1260 1306 1276 1313 1292 1285 1251 1280 1316 1297 1309 1292 1268 1283 1399 1465 1487 1506 1398 1373 1343 1202 1207 1184
1258 1262 1272 1272 1273 1278 1281 1284 1288 1289 1294 1293 1292 1292 1293 1294 1295 1294 1293 1300 1306 1304 1303 1296 1292 1297 1302 1305 1291 1314 1315 1318 1317 1317 1328 1320 1322 1330 1331 1326 1325 1324 1326 1326 1324 1322 1323 1322 1321 1323 1314 1303 1294 1286 1272 1285 1359 1316 1299 1341 1290 1276 1310 1278 1276 1321 1359 1319 1296 1326 1424 1508 1465 1389 1353 1339 1200 1209 1194
1259 1267 1277 1276 1277 1282 1285 1285 1292 1293 1301 1305 1299 1301 1302 1304 1310 1311 1313 1315 1321 1318 1316 1310 1311 1311 1312 1313 1309 1336 1338 1336 1335 1333 1348 1351 1340 1354 1349 1347 1347 1342 1345 1347 1345 1344 1335 1331 1330 1331 1330 1316 1301 1292 1271 1307 1338 1306 1293 1367 1371 1283 1291 1298 1287 1310 1322 1374 1407 1405 1426 1511 1395 1356 1349 1315 1195 1194 1215
1267 1280 1292 1286 1287 1293 1294 1299 1304 1307 1313 1313 1314 1316 1318 1319 1322 1323 1324 1324 1326 1326 1329 1323 1325 1326 1328 1332 1333 1347 1355 1356 1356 1357 1367 1376 1364 1368 1369 1366 1360 1355 1362 1369 1363 1356 1356 1356 1346 1338 1336 1327 1318 1307 1304 1326 1343 1316 1305 1316 1398 1340 1270 1292 1267 1278 1330 1350 1380 1361 1473 1511 1394 1349 1351 1297 1192 1204 1196
1276 1284 1298 1290 1292 1299 1304 1308 1313 1318 1321 1324 1327 1325 1327 1330 1332 1339 1345 1347 1346 1345 1349 1346 1347 1348 1353 1357 1357 1373 1374 1374 1379 1375 1387 1390 1388 1389 1391 1387 1379 1373 1380 1383 1383 1371 1369 1375 1371 1352 1346 1337 1327 1302 1332 1337 1346 1336 1337 1351 1359 1383 1367 1309 1306 1321 1304 1302 1306 1351 1439 1487 1421 1347 1340 1277 1196 1198 1185
1274 1286 1303 1297 1300 1306 1308 1312 1316 1324 1328 1332 1335 1339 1342 1345 1348 1348 1353 1356 1357 1359 1361 1362 1362 1361 1364 1367 1371 1392 1394 1393 1392 1397 1401 1410 1407 1406 1408 1404 1400 1395 1395 1389 1389 1386 1385 1386 1389 1362 1352 1341 1331 1296 1337 1334 1340 1343 1366 1390 1297 1367 1411 1316 1269 1306 1339 1334 1304 1343 1438 1407 1396 1413 1383 1322 1213 1181 1189
1285 1296 1312 1309 1309 1315 1322 1326 1331 1337 1343 1344 1350 1355 1358 1359 1361 1363 1371 1370 1369 1373 1380 1381 1377 1372 1374 1377 1388 1416 1415 1409 1406 1409 1415 1422 1422 1417 1419 1418 1411 1409 1407 1396 1392 1392 1391 1395 1395 1374 1353 1346 1339 1299 1333 1340 1356 1369 1430 1328 1325 1338 1311 1329 1297 1266 1303 1356 1386 1369 1412 1396 1339 1369 1344 1344 1280 1223 1180
1292 1297 1320 1317 1313 1318 1324 1329 1333 1339 1344 1350 1354 1356 1360 1362 1364 1369 1374 1380 1380 1381 1393 1400 1396 1387 1386 1380 1396 1426 1429 1425 1425 1424 1432 1437 1439 1437 1435 1434 1428 1425 1421 1414 1409 1402 1406 1405 1399 1380 1366 1361 1359 1321 1348 1367 1388 1379 1381 1310 1367 1348 1290 1339 1369 1305 1260 1285 1318 1389 1390 1367 1320 1367 1254 1344 1258 1227 1202
1301 1299 1320 1329 1321 1323 1330 1336 1342 1351 1358 1362 1365 1368 1373 1377 1380 1383 1386 1393 1394 1399 1406 1411 1412 1404 1405 1399 1415 1435 1435 1437 1437 1436 1444 1444 1447 1445 1442 1440 1433 1433 1426 1420 1411 1408 1410 1415 1406 1398 1372 1388 1415 1326 1333 1412 1347 1334 1320 1307 1295 1272 1229 1280 1413 1266 1241 1339 1380 1357 1349 1403 1337 1312 1265 1262 1239 1221 1164
1300 1303 1313 1335 1328 1331 1338 1344 1351 1358 1365 1373 1378 1383 1385 1389 1393 1396 1400 1406 1413 1417 1418 1420 1420 1416 1427 1422 1426 1446 1447 1449 1453 1456 1466 1468 1465 1464 1458 1452 1446 1441 1435 1431 1423 1421 1421 1420 1417 1414 1380 1446 1510 1351 1323 1358 1346 1436 1323 1346 1301 1287 1242 1299 1281 1295 1245 1323 1314 1285 1320 1385 1350 1344 1318 1236 1266 1253 1169
1307 1308 1317 1340 1334 1338 1344 1351 1359 1365 1368 1374 1380 1384 1390 1394 1399 1402 1406 1411 1422 1428 1427 1426 1426 1424 1424 1432 1437 1453 1456 1466 1468 1473 1482 1482 1481 1478 1475 1466 1459 1454 1446 1444 1442 1432 1436 1430 1419 1401 1435 1479 1515 1387 1442 1337 1415 1462 1400 1355 1321 1253 1253 1312 1309 1374 1266 1264 1242 1241 1274 1347 1334 1382 1329 1235 1270 1285 1217
1316 1314 1317 1340 1340 1340 1345 1353 1362 1370 1377 1381 1388 1392 1399 1403 1408 1413 1415 1415 1425 1431 1440 1436 1440 1443 1441 1446 1449 1453 1460 1481 1481 1487 1492 1489 1493 1487 1482 1477 1469 1459 1453 1457 1449 1436 1451 1441 1421 1396 1476 1476 1484 1389 1497 1429 1407 1435 1481 1389 1382 1265 1250 1332 1247 1236 1253 1249 1215 1234 1306 1322 1267 1275 1264 1315 1342 1296 1215
1317 1318 1322 1338 1354 1346 1353 1361 1369 1377 1385 1393 1398 1402 1408 1413 1416 1423 1427 1434 1436 1443 1460 1457 1454 1454 1455 1465 1464 1458 1468 1497 1497 1503 1503 1502 1501 1500 1496 1489 1481 1470 1466 1476 1463 1459 1463 1439 1415 1442 1479 1477 1476 1384 1448 1428 1407 1413 1483 1406 1502 1349 1276 1257 1243 1219 1216 1226 1262 1295 1332 1321 1277 1217 1187 1254 1358 1292 1200
1323 1327 1333 1340 1359 1352 1359 1367 1376 1383 1391 1401 1403 1409 1415 1420 1425 1432 1436 1440 1441 1447 1463 1464 1465 1468 1469 1480 1482 1467 1474 1498 1507 1517 1520 1519 1518 1512 1507 1503 1489 1484 1483 1486 1479 1473 1468 1446 1424 1492 1471 1491 1495 1391 1428 1443 1435 1432 1458 1424 1476 1440 1387 1256 1262 1249 1246 1260 1261 1267 1395 1360 1347 1285 1215 1247 1324 1247 1171
1329 1333 1336 1346 1358 1363 1365 1373 1381 1389 1399 1403 1410 1416 1422 1428 1435 1441 1447 1450 1453 1461 1469 1475 1476 1482 1491 1500 1495 1486 1486 1501 1505 1527 1531 1534 1532 1525 1526 1517 1503 1493 1494 1492 1483 1473 1467 1447 1478 1469 1464 1494 1491 1395 1461 1445 1429 1436 1423 1439 1414 1433 1455 1269 1220 1206 1332 1250 1202 1289 1363 1415 1359 1309 1252 1254 1244 1188 1139
1327 1335 1344 1349 1357 1365 1370 1378 1386 1395 1407 1410 1416 1423 1430 1435 1442 1451 1457 1463 1467 1477 1480 1484 1488 1486 1512 1500 1500 1503 1501 1503 1502 1529 1540 1545 1536 1529 1535 1527 1515 1502 1496 1502 1488 1475 1472 1443 1533 1505 1470 1493 1529 1410 1383 1359 1364 1333 1364 1400 1399 1426 1429 1295 1235 1211 1297 1210 1193 1254 1292 1396 1434 1325 1300 1273 1272 1223 1159
1325 1338 1348 1360 1358 1367 1374 1382 1392 1400 1409 1415 1422 1430 1437 1443 1449 1457 1465 1472 1477 1492 1497 1505 1505 1512 1519 1510 1509 1517 1516 1511 1512 1538 1552 1550 1541 1540 1541 1525 1520 1506 1502 1510 1488 1479 1475 1465 1528 1523 1509 1495 1555 1481 1431 1457 1407 1316 1306 1333 1380 1449 1331 1361 1216 1264 1239 1194 1235 1253 1213 1299 1363 1317 1337 1197 1361 1305 1179
1328 1334 1346 1371 1375 1372 1379 1387 1398 1404 1412 1419 1427 1436 1444 1450 1456 1460 1469 1478 1483 1488 1495 1504 1506 1521 1520 1523 1523 1522 1526 1522 1520 1545 1559 1560 1553 1547 1546 1530 1525 1510 1506 1514 1493 1479 1465 1514 1518 1515 1525 1512 1548 1523 1413 1442 1501 1406 1302 1304 1329 1318 1277 1258 1200 1192 1215 1164 1280 1184 1184 1206 1275 1324 1286 1152 1276 1397 1272
1329 1337 1346 1366 1383 1373 1382 1389 1401 1410 1417 1423 1432 1440 1448 1455 1461 1470 1476 1485 1488 1493 1506 1513 1515 1523 1532 1534 1530 1531 1533 1529 1532 1550 1570 1560 1557 1552 1549 1535 1528 1515 1513 1516 1497 1490 1464 1555 1525 1507 1510 1465 1482 1556 1481 1491 1543 1446 1356 1349 1334 1312 1285 1257 1230 1194 1187 1195 1200 1146 1197 1200 1166 1296 1283 1200 1268 1382 1328
1337 1338 1348 1362 1381 1378 1386 1394 1402 1413 1424 1428 1436 1444 1452 1460 1467 1478 1483 1488 1494 1502 1517 1525 1528 1531 1539 1540 1539 1540 1543 1541 1544 1559 1575 1563 1559 1557 1552 1541 1534 1521 1516 1518 1501 1501 1512 1563 1530 1521 1486 1481 1502 1518 1534 1531 1510 1480 1464 1373 1348 1381 1287 1251 1249 1241 1191 1209 1166 1134 1110 1103 1133 1210 1267 1175 1226 1361 1397
1332 1341 1345 1360 1370 1381 1385 1396 1405 1415 1424 1431 1440 1449 1457 1465 1472 1479 1484 1490 1503 1509 1523 1532 1533 1538 1543 1542 1545 1545 1546 1549 1563 1573 1575 1574 1566 1561 1552 1542 1541 1528 1520 1518 1513 1491 1569 1516 1512 1507 1484 1506 1507 1457 1522 1547 1395 1353 1391 1338 1334 1464 1348 1263 1226 1226 1212 1173 1177 1140 1118 1075 1100 1200 1186 1168 1325 1275 1242
