Artocarpus altilis SDM files/Environmental layers/bio12.asc
ncols  1201
nrows  481
xllcorner  119.958333335783
yllcorner  -15.041666666017
cellsize 0.041666666667
NODATA_value  -9999
[rows 245 to 279 of 481, columns 395 to 473 of 1201]
2092 2180 2208 2191 2132 2223 2329 2289 2223 2239 2253 2309 2404 2443 2482 2460 2400 2468 2698 2800 2735 2689 2697 2712 2717 2768 2756 2732 2756 2824 2987 3021 2936 2887 2889 2918 2954 2955 2912 2908 2930 2871 2980 2957 2866 2960 2914 2933 2908 2920 2907 2901 2892 2900 2926 2917 2899 2894 2882 2865 2792 2873 2891 2908 2942 3023 3126 3040 3090 3141 3152 3127 3113 3182 3191 3206 3244 3276 3276
2100 2195 2227 2180 2103 2213 2336 2308 2249 2255 2256 2292 2347 2415 2465 2483 2437 2458 2632 2724 2769 2748 2704 2692 2705 2722 2749 2756 2792 2830 2894 3067 2958 2959 2942 2995 2953 2926 2930 2955 2897 2948 3014 2961 2901 2997 2958 2947 2947 2950 2942 2950 2948 2953 2973 2948 2914 2932 2898 2858 2864 2875 2886 2970 3083 3127 3104 3102 3063 3149 3167 3119 3185 3262 3247 3221 3252 3276 3276
2183 2174 2189 2199 2165 2222 2301 2315 2278 2270 2257 2274 2308 2380 2462 2482 2440 2434 2540 2641 2732 2781 2752 2699 2695 2694 2750 2782 2863 2893 2770 2986 3110 2999 3039 2981 2985 3006 3008 2909 3011 3008 2987 2938 3005 3007 2988 2975 2977 2955 2987 3002 2990 2980 2966 2984 2990 2986 2957 2929 2905 2954 2958 3134 3114 3102 3139 3153 3088 3113 3185 3193 3270 3273 3264 3266 3276 3276 3276
2160 2088 2132 2168 2166 2201 2266 2315 2283 2245 2245 2267 2311 2362 2453 2491 2469 2442 2520 2594 2694 2796 2795 2713 2702 2723 2772 2801 2862 2898 2861 3078 2996 3052 2919 3035 3069 2993 2982 2961 2999 2982 2987 3071 3036 2982 3028 3013 2978 3028 3019 3014 3001 3002 3016 3054 3052 3033 2998 2959 2900 2996 3075 3154 3123 3096 3181 3159 3084 3159 3215 3257 3273 3267 3276 3276 3276 3276 3276
2069 2094 2111 2132 2163 2215 2271 2310 2289 2253 2259 2279 2320 2371 2459 2528 2513 2480 2537 2652 2725 2754 2762 2734 2734 2771 2814 2830 2886 2918 2916 2933 2894 2901 2800 2984 3137 3023 3060 2951 3019 3046 3100 3076 3006 3036 3074 3019 2999 3078 3016 3022 3057 3072 3052 3065 3047 3061 3058 2995 2940 3105 3087 3183 3158 3146 3158 3186 3156 3247 3272 3276 3276 3272 3275 3276 3276 3276 3276
2082 2153 2136 2122 2169 2235 2281 2334 2336 2309 2291 2306 2351 2404 2479 2527 2518 2512 2563 2671 2702 2699 2714 2723 2734 2768 2807 2854 2909 2921 2925 2927 2896 2851 2828 2819 3083 3186 3016 3018 3098 3063 3065 3010 3077 3086 3043 3047 3028 3052 3062 3087 3098 3090 3067 3087 3068 3115 3052 3097 3111 3086 3085 3150 3132 3159 3199 3160 3238 3255 3276 3270 3267 3275 3275 3276 3276 3276 3276
2059 2143 2124 2116 2170 2236 2300 2365 2356 2316 2305 2321 2390 2467 2510 2520 2494 2511 2550 2625 2646 2661 2684 2705 2723 2750 2779 2823 2876 2895 2896 2919 2917 2893 2865 2842 2867 3107 3151 3081 3148 3095 3085 3091 3113 3117 3096 3054 3065 3030 3091 3131 3113 3104 3099 3113 3089 3119 3054 3088 3085 3145 3106 3139 3146 3240 3238 3169 3190 3268 3276 3237 3231 3268 3276 3276 3276 3276 3276
2065 2104 2091 2109 2186 2242 2313 2360 2349 2330 2347 2355 2406 2483 2488 2484 2433 2471 2511 2571 2628 2639 2660 2701 2720 2736 2765 2814 2851 2854 2864 2921 2944 2941 2925 2902 2867 2946 3025 3067 3205 3128 3159 3131 3084 3112 3103 3116 3111 3057 3126 3156 3136 3111 3093 3138 3109 3124 3105 3160 3176 3091 3116 3182 3204 3193 3201 3181 3183 3209 3264 3253 3273 3271 3276 3276 3276 3276 3276
2063 2081 2113 2174 2231 2237 2293 2353 2356 2367 2388 2388 2402 2455 2453 2455 2403 2450 2500 2549 2622 2638 2650 2682 2704 2733 2768 2800 2815 2858 2887 2891 2906 2948 2995 2982 2928 2971 2927 3130 3248 3195 3217 3162 3158 3163 3157 3148 3127 3084 3143 3174 3168 3116 3125 3132 3133 3109 3099 3182 3186 3171 3143 3189 3191 3217 3175 3192 3226 3239 3270 3272 3255 3270 3276 3276 3276 3276 3276
2083 2083 2131 2210 2238 2176 2259 2349 2371 2377 2391 2398 2413 2437 2444 2405 2372 2458 2504 2557 2625 2635 2644 2661 2680 2726 2762 2747 2769 2864 2893 2892 2904 2982 3026 2993 2974 2974 2943 3251 3197 3158 3170 3141 3106 3171 3167 3148 3127 3119 3133 3133 3141 3120 3139 3150 3119 3149 3169 3196 3210 3115 3172 3221 3206 3217 3219 3138 3268 3235 3244 3270 3266 3276 3275 3276 3269 3276 3276
2109 2089 2127 2204 2223 2159 2271 2374 2381 2378 2401 2406 2425 2444 2433 2379 2378 2475 2494 2557 2633 2638 2643 2660 2673 2725 2759 2763 2787 2850 2885 2905 2912 2980 2956 3013 3033 2987 2965 3246 3167 3150 3156 3116 3146 3134 3095 3137 3087 3214 3131 3143 3144 3165 3119 3132 3213 3198 3162 3153 3176 3195 3200 3189 3131 3177 3245 3110 3199 3270 3264 3244 3269 3269 3272 3234 3261 3276 3273
2117 2107 2135 2189 2237 2250 2320 2371 2371 2372 2399 2423 2446 2439 2437 2447 2437 2455 2467 2544 2635 2664 2667 2684 2694 2716 2759 2788 2803 2839 2869 2841 2788 2980 3012 3016 3053 3046 2990 3222 3175 3139 3094 3006 3093 3147 3176 3154 3180 3165 3213 3202 3166 3117 3184 3134 3128 3169 3137 3171 3176 3188 3220 3195 3111 3224 3262 3143 3146 3204 3177 3184 3217 3207 3256 3235 3248 3272 3264
2178 2178 2198 2242 2287 2334 2381 2377 2357 2365 2382 2440 2462 2426 2412 2456 2477 2483 2492 2529 2605 2678 2688 2688 2689 2715 2762 2791 2804 2834 2858 2802 2747 3010 3084 3015 3055 3055 3029 3148 3062 2925 3120 3219 3220 3210 3146 3081 3217 3155 3158 3212 3121 3169 3185 3162 3149 3150 3196 3167 3207 3150 3192 3164 3152 3189 3274 3185 3178 3111 3179 3194 3185 3167 3229 3223 3202 3276 3276
2222 2245 2276 2306 2335 2366 2386 2380 2370 2384 2422 2462 2475 2425 2410 2431 2466 2516 2520 2509 2566 2688 2709 2693 2692 2658 2736 2799 2818 2831 2848 2816 2853 2976 3031 3019 3019 3035 3058 3064 3018 3035 3258 3206 3207 3188 3165 3081 3219 3200 3185 3125 3166 3193 3203 3160 3162 3184 3174 3154 3175 3146 3129 3197 3181 3169 3243 3221 3199 3117 3101 3159 3224 3154 3163 3152 3232 3276 3276
2245 2279 2323 2355 2368 2352 2317 2364 2420 2439 2456 2469 2470 2433 2420 2414 2414 2489 2519 2512 2550 2679 2743 2724 2708 2641 2744 2827 2840 2839 2824 2788 2912 2971 2985 2937 2940 3057 3081 3071 3029 3020 3205 3180 3214 3188 3135 3062 3242 3196 3184 3193 3186 3179 3159 3169 3155 3164 3147 3147 3149 3133 3162 3187 3149 3177 3195 3145 3218 3191 3065 3101 3122 3186 3096 3192 3199 3276 3276
2299 2314 2368 2398 2377 2340 2275 2385 2476 2470 2459 2450 2463 2450 2453 2443 2413 2464 2507 2513 2556 2668 2755 2760 2760 2746 2784 2820 2828 2844 2852 2850 2924 2952 2964 2924 2944 3071 3088 3060 3061 3044 3051 3073 3185 3190 3194 3246 3208 3198 3216 3212 3197 3166 3162 3181 3166 3159 3148 3119 3093 3116 3137 3152 3151 3180 3176 3115 3176 3246 3184 3096 3015 3099 3128 3123 3251 3276 3276
2314 2321 2374 2404 2365 2357 2387 2432 2458 2465 2433 2432 2455 2467 2470 2481 2453 2459 2484 2501 2549 2646 2715 2714 2728 2765 2814 2842 2844 2847 2871 2892 2914 2935 2949 2966 2990 3044 3049 3008 3068 3086 3077 3095 3265 3227 3234 3224 3191 3151 3170 3126 3141 3176 3185 3170 3159 3135 3157 3131 3096 3114 3139 3116 3109 3164 3156 3064 3164 3182 3245 3039 3033 3075 3087 3170 3276 3274 3276
2303 2308 2382 2395 2338 2382 2444 2444 2436 2462 2465 2468 2478 2428 2419 2491 2516 2488 2479 2492 2538 2600 2648 2642 2664 2714 2788 2848 2883 2893 2894 2911 2906 2938 2965 2993 2998 3035 3046 2996 3060 3083 3069 3071 3189 3235 3207 3169 3154 3125 3185 3171 3108 3122 3171 3147 3142 3162 3114 3123 3134 3142 3135 3073 3114 3093 3118 3121 3049 3171 3234 3013 2998 3101 3183 3262 3259 3249 3272
2269 2282 2366 2367 2339 2404 2471 2465 2454 2483 2505 2499 2480 2366 2364 2488 2551 2499 2471 2490 2591 2594 2576 2604 2658 2683 2725 2813 2881 2886 2875 2910 2882 2924 2993 3043 3034 3045 3041 3045 3087 3062 3047 3063 3077 3244 3208 3189 3172 3211 3168 3151 3154 3176 3130 3132 3105 3111 3122 3112 3130 3123 3095 3041 3131 3093 3098 3122 3001 3162 3224 3013 2931 3106 3264 3243 3185 3243 3220
2276 2276 2339 2351 2367 2432 2483 2475 2458 2480 2530 2526 2461 2385 2394 2493 2562 2516 2469 2497 2651 2614 2533 2581 2652 2667 2699 2813 2875 2862 2852 2903 2897 2929 2988 3048 3062 3068 3062 3110 3116 3093 3077 3081 3086 3176 3257 3220 3214 3234 3187 3155 3147 3162 3122 3115 3110 3079 3117 3136 3120 3067 3090 3029 3063 3083 3017 3071 3046 3179 3155 3023 2968 3021 3245 3203 3197 3220 3162
2290 2287 2313 2329 2388 2440 2445 2446 2437 2456 2523 2541 2463 2426 2441 2494 2558 2525 2472 2494 2611 2615 2557 2598 2682 2693 2733 2890 2870 2833 2849 2889 2907 2958 3024 3038 3045 3057 3062 3075 3112 3128 3114 3106 3104 3103 3258 3221 3172 3254 3172 3160 3103 3134 3170 3140 3110 3109 3101 3144 3118 3075 3067 3105 3060 3064 3039 3019 3028 3137 3077 2977 2932 3012 3203 3147 3208 3138 3120
2293 2303 2302 2308 2355 2404 2390 2395 2423 2464 2509 2537 2492 2473 2488 2513 2554 2525 2513 2581 2660 2658 2593 2632 2714 2746 2771 2895 2859 2818 2839 2878 2920 2980 3048 3029 3044 3057 3044 3028 3052 3115 3103 3111 3123 3110 3214 3271 3198 3225 3179 3127 3096 3119 3185 3135 3161 3074 3041 3108 3127 3024 3080 3086 3041 3011 3056 3026 2986 3096 3071 2995 2959 2961 3210 3052 3202 3111 3063
2281 2308 2315 2318 2343 2381 2386 2381 2426 2503 2536 2537 2521 2523 2549 2568 2573 2533 2578 2743 2739 2676 2620 2655 2720 2774 2785 2832 2870 2863 2847 2871 2917 2961 3008 3017 3047 3067 3045 2989 3013 3109 3106 3101 3113 3113 3139 3259 3269 3257 3174 3123 3178 3147 3139 3049 3170 3102 3087 3075 3007 3049 3060 3041 3029 3018 3096 3088 3110 3079 3021 2976 2916 2913 3124 3080 3139 3038 3104
2298 2338 2349 2356 2374 2398 2412 2405 2449 2548 2578 2556 2536 2559 2612 2634 2584 2544 2623 2777 2766 2707 2661 2695 2732 2790 2800 2841 2901 2893 2841 2860 2891 2936 2986 3013 3041 3059 3042 2999 3022 3108 3101 3080 3083 3116 3123 3248 3238 3205 3161 3177 3104 3094 3090 3097 3053 3076 3163 3093 3020 3037 3093 3097 3013 2994 3047 3128 3082 3017 3054 3064 3008 2818 3037 3206 2971 2974 3003
2329 2383 2382 2388 2406 2431 2433 2443 2491 2578 2589 2541 2526 2598 2667 2669 2612 2594 2678 2755 2760 2734 2753 2777 2795 2808 2817 2857 2921 2920 2876 2863 2891 2906 2961 3000 3028 3041 3041 2996 3038 3105 3086 3068 3072 3105 3086 3231 3258 3251 3152 3117 3125 3134 3163 3004 3083 3122 3099 2963 2998 2983 3094 3084 2961 2940 3038 3131 3062 2994 3055 3121 3008 2842 2854 3118 3095 2837 3021
2367 2395 2389 2389 2430 2447 2443 2476 2531 2576 2567 2515 2510 2634 2715 2699 2650 2665 2733 2743 2728 2744 2810 2840 2847 2847 2831 2830 2885 2919 2901 2884 2920 2902 2900 2961 3008 3042 3047 2993 3033 3085 3074 3057 3082 3097 3024 3145 3270 3249 3213 3167 3145 3155 3133 3070 3030 3124 3010 2995 3070 2962 2989 3079 2933 3033 3001 3062 3067 2998 2993 3081 3088 2914 2804 2908 3054 2873 3077
2387 2400 2398 2402 2436 2448 2462 2495 2526 2553 2556 2534 2561 2670 2733 2725 2704 2720 2749 2726 2717 2755 2826 2854 2877 2895 2850 2797 2835 2873 2889 2883 2907 2896 2885 2908 2981 3038 3052 3006 2995 3048 3075 3075 3091 3110 3056 3031 3263 3215 3190 3177 3130 3083 3036 3072 3113 3204 3038 2999 3113 2964 3048 2999 2944 3060 3067 3029 3064 3034 2880 3131 3078 2976 2770 2888 2923 2945 3072
2404 2406 2401 2410 2451 2467 2487 2502 2513 2539 2564 2593 2636 2698 2732 2721 2751 2764 2769 2745 2722 2752 2822 2850 2887 2920 2856 2787 2819 2849 2844 2863 2908 2917 2885 2872 2956 3043 3052 2997 2954 3033 3086 3093 3101 3102 3051 2928 3244 3233 3214 3184 3146 3089 3048 3041 3084 3166 3111 3046 3043 3043 3001 2971 2939 2962 3071 3044 3028 3061 2838 3065 3095 3048 2774 2870 2849 3047 3105
2413 2409 2402 2415 2464 2494 2515 2512 2510 2542 2579 2627 2676 2697 2710 2741 2804 2776 2772 2777 2739 2750 2809 2837 2878 2908 2858 2822 2845 2843 2814 2826 2897 2933 2905 2876 2962 3051 3036 2990 3013 3052 3065 3075 3094 3088 3025 2872 2967 3251 3218 3194 3227 3165 3123 3109 3082 3114 3062 3047 3008 3025 2998 2975 3041 3032 3054 3019 2909 2957 2935 2916 3116 2987 2832 2817 2870 3053 3114
2432 2421 2413 2423 2462 2506 2537 2534 2520 2544 2586 2646 2683 2663 2697 2758 2770 2730 2765 2781 2761 2770 2822 2833 2863 2884 2868 2868 2880 2851 2793 2809 2887 2928 2907 2887 2940 3025 3018 2981 3011 3039 3053 3029 3048 3081 3046 2997 2924 2924 3196 3239 3196 3238 3199 3101 3029 3118 2987 3067 3090 3053 3024 3049 3042 3030 3067 3048 3067 2834 2856 3025 3075 2829 2876 2840 3030 3109 3109
2465 2455 2441 2450 2480 2524 2572 2561 2532 2555 2598 2667 2704 2670 2705 2773 2755 2738 2762 2759 2761 2792 2849 2874 2861 2841 2867 2901 2900 2874 2801 2808 2889 2929 2909 2895 2894 2964 2960 2921 2991 3044 3075 2994 2932 3048 3092 3128 3112 2931 2809 3174 3244 3244 3170 3142 3042 3091 3063 3090 3067 3101 3042 3060 3002 2983 3080 3051 2970 2868 2860 3136 2942 2822 2865 2937 3102 3096 2894
2433 2462 2467 2488 2502 2526 2589 2573 2530 2558 2596 2664 2717 2699 2702 2756 2767 2762 2752 2728 2733 2771 2857 2906 2859 2814 2864 2926 2916 2889 2820 2817 2873 2915 2933 2930 2889 2910 2933 2920 2972 3048 3068 2976 2848 2938 3111 3140 3126 3041 2863 2848 3212 3227 3193 3152 3144 3043 3027 3006 3079 3084 3072 3058 3001 2990 3059 3050 2849 2829 2878 2972 2912 2915 2884 3115 3126 3052 2825
2406 2466 2507 2542 2524 2527 2582 2574 2522 2532 2577 2642 2714 2712 2673 2722 2788 2775 2744 2698 2709 2769 2871 2902 2867 2827 2855 2915 2924 2875 2820 2843 2876 2872 2905 2937 2913 2924 2946 2936 2958 3050 3042 2978 2836 2862 3039 3132 3093 3066 3001 2922 2934 3173 3194 3124 3099 3119 3100 3035 3052 3021 3036 3039 2942 3032 3010 3102 2982 2923 2785 2836 2951 2855 2993 3085 2941 2971 2856
2392 2487 2531 2567 2550 2556 2591 2581 2515 2551 2591 2645 2714 2710 2641 2670 2767 2774 2753 2693 2719 2812 2889 2873 2867 2861 2852 2879 2891 2844 2857 2887 2901 2850 2852 2892 2942 2962 2949 2913 2946 3039 3031 2969 2859 2864 2961 3099 3081 3066 3076 3067 3003 2909 3165 3129 3065 3076 3022 3035 3082 3068 2937 2976 2971 2985 3090 3056 2894 2794 2835 2887 2901 2913 3096 2986 2804 2948 2844
2403 2504 2521 2555 2574 2595 2605 2572 2497 2554 2605 2655 2720 2717 2626 2643 2733 2778 2757 2709 2754 2844 2883 2857 2860 2868 2874 2861 2840 2833 2877 2922 2923 2867 2824 2875 2962 2977 2948 2894 2915 3015 3023 2954 2910 2920 2929 3032 3059 3054 3054 3046 3020 2966 3183 3060 3023 3062 3006 3030 3033 2999 2931 2938 2982 3085 3069 3036 2966 2792 2766 2876 2800 2987 2970 2819 2859 2908 2912
