Artocarpus altilis SDM files/Environmental layers/bio15.asc
ncols  1201
nrows  481
xllcorner  119.958333335783
yllcorner  -15.041666666017
cellsize 0.041666666667
NODATA_value  -9999
[rows 288 to 323 of 481, columns 574 to 655 of 1201]
13 13 13 13 12 12 12 12 12 12 13 13 13 14 14 15 15 16 16 17 17 18 19 19 20 21 22 23 24 25 26 26 27 28 29 30 31 32 33 34 36 37 38 40 41 42 42 42 43 43 43 44 44 44 44 45 45 46 46 46 45 45 44 43 42 41 39 38 36 34 33 31 30 29 29 28 27 27 -9999 -9999 -9999 -9999
13 13 13 12 12 12 12 12 12 12 12 12 13 13 13 14 14 15 15 16 16 17 17 18 19 20 21 22 22 23 24 25 26 26 27 28 29 30 31 33 34 36 37 38 39 40 41 41 42 42 42 43 43 44 44 45 45 45 45 46 45 45 44 43 42 41 40 38 37 35 34 33 31 30 30 29 28 27 -9999 -9999 -9999 -9999
13 13 12 12 12 12 12 12 12 12 12 12 12 12 13 13 13 14 14 15 15 16 16 17 18 19 19 20 21 22 23 23 24 25 26 26 27 28 30 31 32 34 35 37 38 39 40 40 41 41 41 42 42 43 43 44 44 45 45 45 45 45 44 44 43 42 41 40 38 36 35 34 33 32 31 30 29 28 -9999 -9999 -9999 -9999
13 13 12 12 12 12 12 12 11 11 11 11 12 12 12 12 13 13 13 14 14 15 15 16 17 18 18 19 20 21 21 22 23 23 24 25 26 26 28 29 31 32 34 35 37 38 38 39 39 40 40 41 42 42 43 43 44 44 45 45 45 45 45 44 44 43 42 41 39 37 36 35 34 33 32 31 30 30 30 -9999 -9999 -9999
13 13 12 12 12 12 12 12 11 11 11 11 11 12 12 12 12 12 13 13 14 14 15 15 16 17 17 18 19 19 20 20 21 22 22 23 24 25 26 27 29 30 32 33 35 36 37 37 38 39 39 40 40 41 42 42 43 44 44 44 45 45 45 45 44 43 43 42 40 39 37 36 35 34 33 32 32 31 30 -9999 -9999 -9999
13 13 13 12 12 12 12 12 11 11 11 11 11 11 12 12 12 12 12 13 13 14 14 15 15 16 16 17 18 18 19 19 20 20 21 21 22 23 24 25 27 28 30 31 33 34 35 36 36 37 38 39 39 40 41 41 42 43 43 44 44 45 45 45 45 44 43 43 41 40 39 37 36 36 35 34 33 32 31 31 -9999 -9999
13 13 13 12 12 12 12 12 12 11 11 11 11 11 12 12 12 12 12 12 13 13 14 14 15 15 16 16 17 17 18 18 18 19 19 20 20 21 22 24 25 27 28 30 31 32 33 34 35 35 36 37 38 39 39 40 41 42 43 43 44 45 45 45 45 45 44 44 43 41 40 39 38 37 36 35 34 33 32 32 -9999 -9999
13 13 13 13 12 12 12 12 12 12 12 11 11 11 11 12 12 12 12 12 13 13 14 14 14 15 15 16 16 16 17 17 17 17 18 18 19 20 21 22 23 25 26 27 29 30 31 32 33 34 34 35 36 37 38 39 40 41 42 43 44 44 45 45 46 45 45 44 43 42 41 40 39 38 37 36 36 35 34 33 33 -9999
13 13 13 13 13 13 12 12 12 12 12 12 12 12 12 12 12 12 12 12 13 13 13 14 14 14 15 15 15 16 16 16 16 16 17 17 18 18 19 20 21 23 24 26 27 28 29 30 31 32 33 33 35 36 37 38 39 40 41 42 43 44 45 45 46 45 45 45 44 43 42 41 40 39 38 37 37 36 35 34 34 34
14 13 13 13 13 13 13 12 12 12 12 12 12 12 12 12 12 12 12 12 13 13 13 14 14 14 14 15 15 15 15 15 15 15 16 16 16 17 18 18 19 21 22 23 25 26 27 28 29 30 31 31 33 34 35 37 38 39 41 42 43 44 45 45 46 46 46 45 45 44 43 42 41 40 39 39 38 37 37 36 35 34
14 14 14 13 13 13 13 13 13 12 12 12 12 12 12 12 12 12 12 13 13 13 14 14 14 14 14 14 14 14 14 14 15 15 15 15 15 16 16 17 18 19 20 21 23 24 25 26 27 28 29 30 31 32 34 35 37 38 40 41 42 43 44 45 46 46 46 46 45 45 44 43 42 41 40 40 39 39 38 37 36 36
14 14 14 14 14 13 13 13 13 13 13 13 12 12 12 12 12 13 13 13 13 13 14 14 14 14 14 14 14 14 14 14 14 14 14 14 14 15 15 16 16 17 19 20 21 22 23 24 25 26 27 28 29 30 32 34 35 37 39 40 42 43 44 45 46 46 46 46 45 45 44 43 43 42 41 40 40 40 39 38 38 37
15 14 14 14 14 14 14 13 13 13 13 13 13 13 13 13 13 13 13 13 14 14 14 14 14 14 14 14 14 14 14 14 14 14 14 14 14 14 14 15 15 16 17 18 19 20 21 22 23 24 25 26 27 29 30 32 34 36 38 39 41 43 44 45 46 46 47 46 46 45 45 44 43 43 42 41 41 41 40 39 39 38
15 15 15 14 14 14 14 14 14 14 13 13 13 13 13 13 13 13 14 14 14 14 14 14 14 14 14 14 14 14 14 14 13 13 13 13 13 13 13 14 14 15 16 16 17 18 19 20 21 22 23 24 26 27 29 31 32 34 36 38 40 42 44 45 45 46 47 47 46 46 45 44 44 43 43 42 42 41 41 40 40 39
16 16 15 15 15 14 14 14 14 14 14 14 14 14 14 14 14 14 14 14 14 15 15 15 15 15 14 14 14 14 14 13 13 13 13 13 13 13 13 13 13 14 15 15 16 17 18 18 19 20 22 23 24 26 27 29 31 33 35 37 39 41 43 45 46 46 47 47 47 46 46 45 44 44 43 43 42 42 42 41 41 40
17 16 16 15 15 15 15 15 14 14 14 14 14 14 14 14 14 14 15 15 15 15 15 15 15 15 15 14 14 14 14 13 13 13 13 13 13 13 13 13 13 13 14 14 15 16 17 17 18 19 20 21 23 24 26 28 30 32 34 37 39 41 43 44 45 46 47 47 47 47 46 46 45 44 44 43 43 43 42 42 42 41
18 17 17 16 16 16 15 15 15 15 15 15 15 15 15 15 15 15 15 15 15 15 15 15 15 15 15 14 14 14 14 13 13 13 13 13 13 13 13 13 13 13 13 14 14 15 16 16 17 18 19 20 22 23 25 27 29 31 33 36 38 40 42 44 45 46 47 47 47 47 47 46 45 45 45 44 44 43 43 42 42 42
19 18 17 17 17 16 16 16 16 15 15 15 15 15 15 15 15 16 16 16 16 16 16 16 16 15 15 15 14 14 14 14 13 13 13 13 13 13 13 13 13 13 13 14 14 14 15 16 16 17 18 20 21 22 24 26 28 30 33 35 37 40 42 44 45 46 47 48 48 48 47 47 46 46 45 45 44 44 43 43 43 42
20 19 18 18 17 17 17 17 16 16 16 16 16 16 16 16 16 16 16 17 17 17 17 16 16 16 15 15 15 14 14 14 14 13 13 13 13 13 13 13 13 13 13 13 14 14 15 15 16 17 18 19 20 22 23 25 27 30 32 35 37 40 42 44 46 47 48 48 49 48 48 47 47 46 46 45 45 44 44 43 43 43
21 20 20 19 18 18 18 17 17 17 17 17 17 17 17 17 17 17 17 17 17 17 17 17 17 16 16 16 15 15 14 14 14 14 13 13 13 13 13 13 13 13 13 13 14 14 15 15 16 16 17 18 20 21 23 25 27 29 32 34 37 40 42 44 46 47 48 49 49 48 48 48 47 47 46 46 45 45 45 44 43 43
22 22 21 20 20 19 19 19 18 18 18 18 18 18 18 18 18 18 18 18 18 18 18 17 17 17 16 16 16 15 15 14 14 14 14 14 13 13 13 13 13 13 13 13 14 14 14 15 16 16 17 18 19 21 23 25 27 29 32 35 37 40 42 44 46 48 49 49 49 49 49 48 48 47 47 46 46 46 45 45 44 43
24 23 22 22 21 21 20 20 19 19 19 19 19 19 19 19 19 19 19 19 19 19 18 18 18 17 17 16 16 16 15 15 14 14 14 14 14 14 13 13 13 13 13 14 14 14 14 15 15 16 17 18 19 21 23 25 27 30 32 35 38 40 43 45 47 48 49 49 50 50 49 49 48 48 47 47 46 46 45 45 45 44
25 25 24 23 23 22 22 21 21 21 21 20 20 20 20 20 20 20 20 20 20 20 19 19 19 18 18 17 17 16 16 15 15 15 14 14 14 14 14 14 14 14 14 14 14 14 15 15 16 16 17 18 19 21 23 25 27 30 33 35 38 41 43 45 47 48 50 50 50 50 50 49 49 48 48 47 46 46 46 45 45 45
27 26 25 25 24 24 23 23 23 22 22 22 22 22 22 21 21 21 21 21 21 21 20 20 19 19 18 18 17 17 16 16 15 15 15 14 14 14 14 14 14 14 14 14 14 14 15 15 16 16 17 18 20 21 23 26 28 31 33 36 39 41 44 46 48 49 50 50 51 51 50 50 49 49 48 47 47 46 46 46 45 45
29 28 27 26 26 25 25 24 24 24 24 23 23 23 23 23 23 23 23 22 22 22 21 21 21 20 19 19 18 18 17 17 16 16 15 15 15 14 14 14 14 14 14 14 14 15 15 15 16 17 18 19 20 22 24 26 29 31 34 37 39 42 44 46 48 50 51 51 51 51 51 50 50 49 49 48 47 47 46 46 46 45
30 30 29 28 28 27 27 26 26 26 25 25 25 25 25 24 24 24 24 24 23 23 23 22 22 21 21 20 19 19 18 17 17 16 16 16 15 15 15 15 14 14 14 15 15 15 16 16 16 17 18 20 21 23 25 27 30 32 35 38 40 43 45 47 49 50 51 52 52 52 51 51 50 49 49 48 48 47 47 46 46 46
32 31 31 30 29 29 29 28 28 27 27 27 27 27 26 26 26 26 25 25 25 24 24 23 23 22 22 21 20 20 19 18 18 -9999 -9999 16 16 16 15 15 15 15 15 15 15 15 16 17 17 18 19 21 22 24 26 28 31 33 36 38 41 44 46 48 49 51 52 52 52 52 52 51 51 50 49 49 48 47 47 47 46 46
34 33 33 32 31 31 30 30 30 29 29 29 28 28 28 28 28 27 27 27 26 26 25 25 24 24 23 22 22 21 20 20 19 19 18 17 17 17 17 16 16 16 16 16 16 17 17 18 19 19 21 22 24 26 28 30 32 35 37 40 42 44 46 48 50 51 52 53 53 53 52 52 51 50 50 49 48 48 48 47 47 46
36 35 35 34 33 33 32 32 32 31 31 31 30 30 30 30 29 29 29 28 28 27 27 26 26 25 24 24 23 22 22 21 20 20 19 18 18 18 17 17 17 17 17 17 17 18 18 19 20 21 22 24 25 27 29 31 34 36 38 41 43 45 47 49 50 52 53 53 53 53 52 52 51 50 50 49 49 48 48 48 47 47
38 37 36 36 35 35 34 34 33 33 33 32 32 32 32 31 31 31 30 30 29 29 28 28 27 27 26 25 25 24 23 23 22 21 -9999 -9999 20 19 19 19 18 18 19 19 19 19 20 21 22 23 24 25 27 29 31 33 35 37 40 42 44 46 48 50 51 52 53 54 54 53 53 52 52 51 50 50 49 49 48 48 48 47
39 39 38 38 37 37 36 36 35 35 35 34 34 34 33 33 33 32 32 32 31 31 30 30 29 28 28 27 26 26 25 24 23 23 23 23 21 21 20 20 20 20 20 20 21 21 22 23 24 25 26 27 29 31 33 35 37 39 41 43 45 47 49 50 52 53 54 54 54 54 54 53 52 51 51 50 50 49 49 49 48 48
41 41 40 40 39 39 38 38 37 37 37 36 36 36 35 35 35 34 34 33 33 32 32 31 31 30 29 29 28 27 27 26 25 25 24 24 23 23 22 22 22 22 22 22 23 23 24 25 26 27 28 29 31 33 35 36 38 40 42 44 46 48 50 51 52 54 54 55 55 55 54 54 53 52 52 51 51 50 50 49 49 48
43 42 42 41 41 40 40 40 39 39 38 38 38 37 37 37 36 36 36 35 35 34 34 33 32 32 31 31 30 29 28 28 27 27 26 26 25 25 24 24 24 24 24 24 25 25 26 27 28 29 30 32 33 35 36 38 40 42 44 46 47 49 51 52 53 54 55 56 56 56 55 54 54 53 52 52 51 50 50 50 49 48
44 44 44 43 43 42 42 41 41 41 40 40 40 39 39 39 38 38 37 37 37 36 35 35 34 34 33 32 32 31 30 30 29 28 28 28 27 27 27 26 26 26 26 27 27 27 28 29 29 31 32 33 35 37 39 40 42 44 46 47 49 50 52 53 54 55 56 56 57 57 56 55 55 54 53 52 52 51 51 50 49 49
46 46 45 45 44 44 44 43 43 42 42 42 41 41 41 40 40 40 39 39 38 38 37 37 36 36 35 34 34 33 33 32 -9999 -9999 -9999 -9999 29 29 28 28 28 29 28 -9999 -9999 -9999 -9999 -9999 -9999 -9999 -9999 -9999 38 39 41 42 44 46 47 49 50 52 53 54 55 56 57 57 57 57 57 56 55 55 54 53 52 51 51 50 50 49
47 47 47 46 46 46 45 45 45 44 44 44 43 43 43 42 42 41 41 41 40 40 39 39 38 38 37 36 36 35 35 34 34 34 33 33 32 32 -9999 -9999 -9999 -9999 -9999 -9999 -9999 -9999 -9999 -9999 -9999 -9999 -9999 -9999 -9999 41 43 44 46 47 49 50 52 53 54 55 56 57 58 58 58 58 57 57 56 55 54 54 53 52 51 51 50 49
