Artocarpus altilis SDM files/Environmental layers/bio12.asc
ncols  1201
nrows  481
xllcorner  119.958333335783
yllcorner  -15.041666666017
cellsize 0.041666666667
NODATA_value  -9999
[rows 210 to 244 of 481, columns 316 to 394 of 1201]
2019 2080 1951 1841 1924 1922 1941 1821 1829 1870 1888 1923 1986 1979 1878 1868 1898 1998 2046 2358 2648 2363 2574 2196 2040 2413 2205 2788 3154 3200 3133 2468 2993 3093 2889 2813 3078 2952 2566 2537 2524 3025 3168 2546 3008 3072 2739 2834 3194 3187 3276 3256 3143 2940 3248 3276 3276 3276 3276 3276 3276 3276 3276 3276 3271 3264 3108 2868 2594 2378 2733 2405 2562 3018 3076 2971 3112 2826 2829
2290 1958 1940 1841 1854 1898 1962 2007 1847 1871 1882 1877 1927 1954 1927 1914 1908 1937 2183 2406 2340 2042 1985 1971 2009 2472 2947 3129 3268 3014 3063 3119 2406 2396 2549 2963 2850 3028 3211 2832 2791 2950 3264 3145 2508 2553 3152 3276 3276 3276 3212 3116 3009 3266 3276 3276 3276 3276 3276 3276 3276 3276 3269 3217 3230 3067 2859 2536 2533 2140 2632 2431 3206 3191 3236 3093 2857 2725 2480
2345 2097 1955 1884 1784 1821 1883 1912 1853 1856 1847 1832 1886 1954 1934 1866 1894 1901 1889 1922 1865 1963 1907 1985 2431 3043 3217 2886 2413 2422 2286 2320 2700 2399 2299 2301 2861 3030 2916 3266 3237 3270 3261 3109 2584 2514 2359 2521 2972 3178 3261 3276 3276 3276 3276 3276 3276 3276 3276 3276 3275 3252 3239 3267 3176 3039 2675 2669 2439 2770 3143 3049 3273 3219 3059 2837 2808 2584 2683
2690 2325 1945 1994 1883 1788 1774 1776 1809 1798 1832 1872 1893 1909 1867 1867 1889 1964 1868 1843 1854 1913 2060 2269 2331 2786 2964 2758 2556 2107 2141 2140 2196 2830 2646 2765 3213 3179 2575 2454 3076 3276 3276 3126 3270 3132 2672 2353 2400 2757 3162 3267 3201 3265 3276 3276 3276 3276 3276 3239 3208 3198 3130 3138 3111 2846 2453 2412 2867 3246 3159 3183 3162 2948 2766 2763 2871 2804 2822
2774 2537 2178 1873 1847 1832 1757 1807 1821 1860 1840 1824 1836 1804 1815 1814 1821 1884 1877 1821 1887 1911 2303 2730 2076 2407 2272 2112 2245 2138 2086 2122 2233 2959 3133 2870 2385 2207 2204 2174 2351 2559 2306 2320 2572 2870 2885 2520 2453 2355 2679 2797 2598 3091 3276 3276 3269 3276 3274 3246 2822 2564 2534 2502 2506 2440 2335 2415 3106 2997 2705 2624 2816 2943 2954 2873 2852 3003 2923
2887 2746 2315 1957 1817 1726 1766 1796 1884 1904 1860 1782 1780 1726 1725 1732 1727 -9999 -9999 -9999 -9999 1915 1979 2263 2445 2042 1957 2278 2149 2056 2227 2163 2497 2851 2535 2200 2132 2182 2169 2248 2267 2177 2346 2401 2812 2349 2339 2494 2539 2369 2304 2581 3054 3204 3142 3159 3187 3121 2902 2902 2780 2860 2686 2400 2349 2417 2432 2740 2812 2568 2337 2520 2729 2882 2626 2601 2892 2809 2862
2669 2740 2387 1952 1740 1730 1753 1816 1823 1767 1847 1774 1772 1710 -9999 -9999 -9999 -9999 -9999 -9999 -9999 -9999 2024 1842 1917 2012 2044 1987 2338 2143 2578 2267 2161 2519 2078 2091 2175 2235 2214 2255 2301 2313 2403 2227 2208 2210 2482 2709 2811 2728 2829 3192 3261 3276 3276 3276 3276 3268 3126 3094 3196 2748 2444 2599 2552 2573 2834 3019 2644 2336 2411 2607 2923 2816 2280 2287 2413 2786 2975
1757 1876 1977 1679 1652 1702 1706 1704 1756 1744 1741 1755 1708 -9999 -9999 -9999 -9999 -9999 -9999 -9999 -9999 -9999 -9999 -9999 -9999 -9999 1959 1950 1966 1968 1960 -9999 2055 2055 2095 2152 2182 2222 2236 2247 2283 2298 2270 2231 2458 2326 2586 3123 3242 3162 3239 3273 3276 3151 3271 3065 3118 2880 2932 3038 2864 2854 2619 2602 2522 2950 2985 2676 2686 2375 2708 2941 2765 2509 2293 2600 2534 2903 2465
1525 1553 1575 1670 1889 1996 1838 1859 1836 1801 1799 1707 -9999 -9999 -9999 -9999 -9999 -9999 -9999 -9999 -9999 -9999 -9999 -9999 -9999 -9999 -9999 -9999 -9999 -9999 -9999 -9999 2144 2196 2140 2151 2233 2247 2245 2253 2242 2262 2244 2386 2559 2407 2536 2988 3217 2656 2498 3013 2994 2676 2818 2797 3004 3124 3134 3099 3117 3115 3048 2847 2401 2764 2646 2246 2568 2225 2687 2551 2593 2774 2744 2701 2847 2740 2301
-9999 1513 1564 1642 1825 1980 2049 1902 1799 1800 1908 1696 -9999 -9999 -9999 -9999 -9999 -9999 -9999 -9999 -9999 -9999 -9999 -9999 -9999 -9999 -9999 -9999 -9999 -9999 -9999 -9999 2198 2253 2163 2142 2143 2163 2255 2261 2226 2253 2290 2363 2314 2454 2458 2315 2233 2184 2321 2473 2691 3052 3276 3276 3276 3266 3148 3160 3141 2848 2544 2428 2536 2265 2724 2220 2496 2459 2164 2131 2192 2311 2168 2409 2559 2042 2099
-9999 -9999 -9999 1551 1703 1747 1973 2111 2114 2018 1769 -9999 -9999 -9999 -9999 -9999 -9999 -9999 -9999 -9999 -9999 -9999 -9999 -9999 -9999 -9999 -9999 -9999 -9999 -9999 -9999 -9999 2126 2084 2086 2079 2085 2074 2180 2196 2245 2341 2837 3092 3010 2997 2835 2574 2234 2192 2352 2973 3235 3035 2918 3193 3218 2961 2744 2830 2657 2480 2247 2352 2189 2114 2006 2082 2185 2115 2023 2067 2659 2539 2155 1970 2339 2012 1848
-9999 -9999 -9999 -9999 1553 1614 1691 1890 2179 2134 2118 2039 1998 -9999 -9999 -9999 -9999 -9999 -9999 -9999 -9999 -9999 -9999 -9999 -9999 -9999 -9999 -9999 -9999 -9999 -9999 -9999 -9999 -9999 2031 2044 2036 1986 2092 2176 2404 2943 3107 3184 3199 3160 2576 2227 2213 2224 2358 2760 2669 2907 2464 2479 2683 2705 2655 2483 2639 2436 2206 2311 2121 2078 1936 2056 2200 2305 2032 1963 2199 2033 1916 1834 2123 1917 1788
-9999 -9999 -9999 -9999 -9999 -9999 1596 1664 1737 1743 1977 2237 2026 -9999 -9999 -9999 -9999 -9999 -9999 -9999 -9999 -9999 -9999 -9999 -9999 -9999 -9999 -9999 -9999 -9999 -9999 -9999 -9999 -9999 -9999 2037 1953 1946 2102 2163 2056 1983 1998 2100 2129 2138 1998 2013 2080 2165 2201 2253 2204 2185 2801 2878 2445 2329 2207 2036 2106 2181 2294 2381 2180 2079 1941 1955 1946 1937 1715 1754 2242 2086 1763 1771 1782 1782 1801
-9999 -9999 -9999 -9999 -9999 -9999 -9999 1646 1806 1797 1750 1846 2094 -9999 -9999 -9999 -9999 -9999 -9999 -9999 -9999 -9999 -9999 -9999 -9999 -9999 -9999 -9999 -9999 -9999 -9999 -9999 -9999 -9999 -9999 -9999 -9999 -9999 2135 2138 1989 2010 2146 2100 2059 2056 2037 2071 2113 2161 2160 2144 2141 2122 2161 2263 2135 2249 2197 2000 1967 1923 2011 1982 1991 1990 1816 1750 1854 2041 1696 1882 1948 1871 1703 1677 1661 1662 1659
-9999 -9999 -9999 -9999 -9999 -9999 -9999 -9999 1772 1769 1747 1731 -9999 -9999 -9999 -9999 -9999 -9999 -9999 -9999 -9999 -9999 -9999 -9999 -9999 -9999 -9999 -9999 -9999 -9999 -9999 -9999 -9999 -9999 -9999 -9999 -9999 -9999 2283 2215 1970 2041 2124 2097 2052 2035 2061 2080 2084 2093 2086 2094 2143 2189 2233 2130 2048 2029 1910 1965 1915 1997 1859 1797 1859 1806 1753 1779 1707 1675 1660 1753 1799 1684 1678 1712 1755 1736 1717
-9999 -9999 -9999 -9999 -9999 -9999 -9999 -9999 -9999 -9999 -9999 -9999 -9999 -9999 -9999 -9999 -9999 -9999 -9999 -9999 -9999 -9999 -9999 -9999 -9999 -9999 -9999 -9999 -9999 -9999 -9999 -9999 -9999 -9999 -9999 -9999 -9999 -9999 2275 2358 2169 2085 2064 1997 1982 1986 2006 2029 2040 2053 2064 2077 2058 2118 2167 2159 2092 1919 1873 1841 1809 1802 1773 1799 1767 1766 1716 1694 1660 1650 1665 1685 1678 1671 1690 1689 1686 1705 1738
-9999 -9999 -9999 -9999 -9999 -9999 -9999 -9999 -9999 -9999 -9999 -9999 -9999 -9999 -9999 -9999 -9999 -9999 -9999 -9999 -9999 -9999 -9999 -9999 -9999 -9999 -9999 -9999 -9999 -9999 -9999 -9999 -9999 -9999 -9999 -9999 -9999 -9999 2215 2404 2297 2130 2087 2034 1993 1940 1872 1877 1948 1988 1988 1964 1925 1908 1904 1921 1933 1969 1900 1856 1816 1773 1768 1770 1742 1701 1673 1654 1642 1652 1676 1705 1720 1736 1734 1733 1755 1760 1759
-9999 -9999 -9999 -9999 -9999 -9999 -9999 -9999 -9999 -9999 -9999 -9999 -9999 -9999 -9999 -9999 -9999 -9999 -9999 -9999 -9999 -9999 -9999 -9999 -9999 -9999 -9999 -9999 -9999 -9999 -9999 -9999 -9999 -9999 -9999 -9999 -9999 -9999 2167 2354 2239 2040 2042 2061 1997 1937 1894 1910 1918 1891 1862 1858 1824 1838 1911 1899 1896 1894 1817 1778 1798 1758 1755 1713 1686 1666 1651 1667 1658 1678 1679 1710 1724 1745 1745 1750 1789 1799 1801
-9999 -9999 -9999 -9999 -9999 -9999 -9999 -9999 -9999 -9999 -9999 -9999 -9999 -9999 -9999 -9999 -9999 -9999 -9999 -9999 -9999 -9999 -9999 -9999 -9999 -9999 -9999 -9999 -9999 -9999 -9999 -9999 -9999 -9999 -9999 -9999 -9999 -9999 -9999 2238 2162 1948 1929 1935 1946 2019 2026 1998 2006 1913 1843 1849 1842 1900 2016 2009 2059 2114 2054 1963 1940 1874 1699 1739 1699 1709 1704 1705 1726 1716 1718 1723 1726 1754 1772 1800 1826 1837 1864
-9999 -9999 -9999 -9999 -9999 -9999 -9999 -9999 -9999 -9999 -9999 -9999 -9999 -9999 -9999 -9999 -9999 -9999 -9999 -9999 -9999 -9999 -9999 -9999 -9999 -9999 -9999 -9999 -9999 -9999 -9999 -9999 -9999 -9999 -9999 -9999 -9999 -9999 -9999 2110 2052 1929 1900 1889 1939 2056 2060 2037 2016 1892 1840 1851 1838 1865 1903 1889 1913 1914 1861 1907 1893 1852 1759 1811 1773 1776 1802 1820 1771 1754 1739 1746 1751 1754 1789 1829 1870 1893 1913
-9999 -9999 -9999 -9999 -9999 -9999 -9999 -9999 -9999 -9999 -9999 -9999 -9999 -9999 -9999 -9999 -9999 -9999 -9999 -9999 -9999 -9999 -9999 -9999 -9999 -9999 -9999 -9999 -9999 -9999 -9999 -9999 -9999 -9999 -9999 -9999 -9999 -9999 2213 2251 2159 1995 1936 1891 1933 2070 2091 1999 1994 1902 1887 1912 1896 1901 1880 1873 1901 1856 1834 1808 1882 1899 1794 1781 1771 1737 1753 1795 1804 1801 1764 1780 1788 1802 1831 1861 1882 1890 1925
-9999 -9999 -9999 -9999 -9999 -9999 -9999 -9999 -9999 -9999 -9999 -9999 -9999 -9999 -9999 -9999 -9999 -9999 -9999 -9999 -9999 -9999 -9999 -9999 -9999 -9999 -9999 -9999 -9999 -9999 -9999 -9999 -9999 -9999 -9999 2232 2264 2279 2380 2420 2287 2225 2159 1943 1957 2163 2154 2031 1999 1963 1959 1944 1919 1869 1851 1856 1846 1814 1831 1845 1994 1947 1774 1769 1739 1729 1782 1817 1738 1745 1776 1855 1809 1816 1849 1883 1899 1943 1981
-9999 -9999 -9999 -9999 -9999 -9999 -9999 -9999 -9999 -9999 -9999 -9999 -9999 -9999 -9999 -9999 -9999 -9999 -9999 -9999 -9999 -9999 -9999 -9999 -9999 -9999 -9999 -9999 -9999 -9999 -9999 -9999 -9999 -9999 2246 2346 2382 2395 2394 2331 2286 2311 2239 2121 2112 2165 2075 2007 1977 1969 1982 1964 1943 1886 1846 1821 1785 1817 1851 1863 1886 1868 1771 1814 1798 1799 1846 1869 1773 1754 1771 1799 1834 1878 1851 1846 1837 1922 2013
-9999 -9999 -9999 -9999 -9999 -9999 -9999 -9999 -9999 -9999 -9999 -9999 -9999 -9999 -9999 -9999 -9999 -9999 -9999 -9999 -9999 -9999 -9999 -9999 -9999 -9999 -9999 -9999 -9999 -9999 -9999 -9999 2232 2306 2387 2383 2347 2317 2295 2264 2239 2179 2087 2104 2137 2089 1997 2049 1961 1980 2004 1923 1856 1864 1887 1860 1836 1883 1905 1880 1852 1911 1910 1948 1897 1972 1960 1924 1823 1770 1849 1893 1901 1925 1910 1914 1921 1939 1972
-9999 -9999 -9999 -9999 -9999 -9999 -9999 -9999 -9999 -9999 -9999 -9999 -9999 -9999 -9999 -9999 -9999 -9999 -9999 -9999 -9999 -9999 -9999 -9999 -9999 -9999 -9999 -9999 -9999 -9999 -9999 2198 2337 2420 2384 2328 2301 2269 2249 2241 2218 2119 1931 1986 2150 2133 2046 2127 2102 2001 2001 1973 1985 2009 2051 2021 1928 1872 1861 1872 1860 1922 1959 1954 1887 1940 1927 1891 1856 1855 1937 2010 1974 1947 1971 2004 2029 1998 2013
-9999 -9999 -9999 -9999 -9999 -9999 -9999 -9999 -9999 -9999 -9999 -9999 -9999 -9999 -9999 -9999 -9999 -9999 -9999 -9999 -9999 -9999 -9999 -9999 -9999 -9999 -9999 -9999 -9999 -9999 -9999 -9999 2253 2403 2346 2282 2255 2232 2205 2193 2185 2123 2011 2130 2245 2222 2176 2204 2208 1999 1942 1959 2039 2065 2041 2002 1866 1820 1864 1908 1851 1870 1891 1863 1865 1858 1812 1831 1943 1939 1942 1959 1968 1977 2012 2032 2078 2061 2082
-9999 -9999 -9999 -9999 -9999 -9999 -9999 -9999 -9999 -9999 -9999 -9999 -9999 -9999 -9999 -9999 -9999 -9999 -9999 -9999 -9999 -9999 -9999 -9999 -9999 -9999 -9999 -9999 -9999 -9999 -9999 -9999 2219 2382 2232 2187 2223 2200 2165 2151 2147 2148 2149 2217 2248 2240 2211 2187 2199 2065 1915 1926 2015 1975 1876 1886 1872 1879 1903 1922 1856 1885 1913 1864 1940 1931 1803 1895 2093 2031 1981 2016 2020 2066 2089 2068 2112 2146 2196
-9999 -9999 -9999 -9999 -9999 -9999 -9999 -9999 -9999 -9999 -9999 -9999 -9999 -9999 -9999 -9999 -9999 -9999 -9999 -9999 -9999 -9999 -9999 -9999 -9999 -9999 -9999 -9999 -9999 -9999 -9999 -9999 2196 2348 2041 2069 2179 2159 2116 2089 2091 2112 2131 2156 2183 2204 2200 2174 2166 2140 1932 1830 1869 1868 1837 1877 1921 1898 1900 1891 1833 1857 1897 1891 2027 2008 1797 1901 2103 2042 1981 2025 2012 2059 2082 2081 2095 2146 2213
-9999 -9999 -9999 -9999 -9999 -9999 -9999 -9999 -9999 -9999 -9999 -9999 -9999 -9999 -9999 -9999 -9999 -9999 -9999 -9999 -9999 -9999 -9999 -9999 -9999 -9999 -9999 -9999 -9999 -9999 -9999 -9999 -9999 2280 2168 2189 2201 2143 2060 2013 2048 2087 2108 2070 2094 2149 2166 2150 2137 2113 1895 1720 1758 1841 1889 1956 1980 1923 1892 1851 1807 1809 1864 1881 1915 1851 1761 1849 2072 2105 2047 2051 2007 2038 2083 2077 2075 2140 2174
-9999 -9999 -9999 -9999 -9999 -9999 -9999 -9999 -9999 -9999 -9999 -9999 -9999 -9999 -9999 -9999 -9999 -9999 -9999 -9999 -9999 -9999 -9999 -9999 -9999 -9999 -9999 -9999 -9999 -9999 -9999 -9999 -9999 2218 2278 2224 2201 2125 2033 2006 2077 2114 2094 1961 2019 2108 2105 2104 2036 1954 1768 1672 1726 1859 2004 2031 1963 1922 1852 1817 1778 1750 1780 1813 1832 1814 1780 1859 2079 2163 2132 2032 1971 2050 2086 2073 2061 2131 2195
-9999 -9999 -9999 -9999 -9999 -9999 -9999 -9999 -9999 -9999 -9999 -9999 -9999 -9999 -9999 -9999 -9999 -9999 -9999 -9999 -9999 -9999 -9999 -9999 -9999 -9999 -9999 -9999 -9999 -9999 -9999 -9999 -9999 -9999 2167 2092 2124 2119 2068 2074 2128 2143 2109 2024 2080 2124 2098 2022 1867 1844 1801 1702 -9999 1869 2053 2064 1975 1956 1835 1793 1767 1732 1747 1783 1840 1856 1837 1932 2094 2161 2161 2074 2023 2066 2080 2090 2085 2147 2207
-9999 -9999 -9999 -9999 -9999 -9999 -9999 -9999 -9999 -9999 -9999 -9999 -9999 -9999 -9999 -9999 -9999 -9999 -9999 -9999 -9999 -9999 -9999 -9999 -9999 -9999 -9999 -9999 -9999 -9999 -9999 -9999 -9999 -9999 2118 2174 2179 2164 2118 2100 2126 2116 2082 1995 2022 2107 2096 1955 1928 2094 1919 1716 -9999 1881 2039 2046 1980 1970 1837 1790 1776 1741 1747 1790 1859 1883 1890 2015 2127 2168 2184 2137 2082 2096 2080 2058 2077 2118 2156
-9999 -9999 -9999 -9999 -9999 -9999 -9999 -9999 -9999 -9999 -9999 -9999 -9999 -9999 -9999 -9999 -9999 -9999 -9999 -9999 -9999 -9999 -9999 -9999 -9999 -9999 -9999 -9999 -9999 -9999 -9999 -9999 -9999 2314 2322 2356 2297 2213 2147 2069 2046 2019 2054 2002 1993 2104 2063 1869 1982 2131 1802 1678 1807 1905 2026 2012 1955 1940 1855 1821 1784 1734 1734 1799 1832 1874 1939 2082 2174 2196 2192 2147 2089 2061 1981 1958 2012 2057 2151
-9999 -9999 -9999 -9999 -9999 -9999 -9999 -9999 -9999 -9999 -9999 -9999 -9999 -9999 -9999 -9999 -9999 -9999 -9999 -9999 -9999 -9999 -9999 -9999 -9999 -9999 -9999 -9999 -9999 -9999 -9999 -9999 -9999 2402 2414 2390 2296 2247 2205 2138 1997 1952 2060 2080 2069 2120 2031 1801 1917 2017 1723 1732 1889 2004 2033 2010 1965 1910 1866 1847 1796 1743 1744 -9999 1834 1884 2008 2143 2231 2229 2191 2146 2097 2027 1944 1976 2023 2082 2162
-9999 -9999 -9999 -9999 -9999 -9999 -9999 -9999 -9999 -9999 -9999 -9999 -9999 -9999 -9999 -9999 -9999 -9999 -9999 -9999 -9999 -9999 -9999 -9999 -9999 -9999 -9999 -9999 -9999 -9999 -9999 -9999 2457 2469 2427 2382 2258 2283 2282 2194 2068 2054 2106 2086 2054 2085 2039 1828 1865 1972 1773 1791 1953 2003 2027 2046 1994 1932 1894 1857 1819 1787 1784 1821 1877 1961 2060 2175 2266 2243 2164 2128 2129 2086 2008 2001 2014 2091 2118
