Artocarpus altilis SDM files/Environmental layers/bio16.asc
ncols  1201
nrows  481
xllcorner  119.958333335783
yllcorner  -15.041666666017
cellsize 0.041666666667
NODATA_value  -9999
[rows 420 to 454 of 481, columns 79 to 157 of 1201]
-9999 -9999 -9999 -9999 -9999 -9999 1101 1133 1011 1043 1046 1046 1045 1043 1038 1021 1030 1039 1039 1014 1001 1000 1036 1105 1125 1107 1046 1046 1039 1017 1025 980 985 1003 992 982 978 976 1011 970 986 959 980 991 991 987 979 957 942 948 953 925 902 905 930 875 879 906 901 903 879 872 877 883 860 849 851 853 877 809 801 821 854 828 809 814 846 826 817
-9999 -9999 -9999 -9999 -9999 -9999 1119 1056 991 -9999 -9999 -9999 -9999 -9999 -9999 -9999 -9999 1043 1075 1026 1019 1029 1056 1087 1110 1139 1109 1077 1000 1019 1023 1015 983 992 982 975 980 960 1004 958 975 976 952 965 971 962 943 937 937 933 934 917 908 905 895 907 875 884 880 898 885 881 876 866 850 858 842 827 827 821 800 818 835 838 816 842 884 842 818
-9999 -9999 -9999 -9999 -9999 -9999 -9999 -9999 -9999 -9999 -9999 -9999 -9999 -9999 -9999 -9999 -9999 1023 1030 1040 -9999 -9999 -9999 1055 1095 1138 1112 1083 1017 1044 1041 1052 1033 997 971 982 985 984 1003 953 963 978 976 951 966 946 965 950 925 925 924 968 952 905 874 903 901 878 879 887 874 855 856 864 877 841 843 864 893 799 794 815 822 828 826 849 882 821 799
-9999 -9999 -9999 -9999 -9999 -9999 -9999 -9999 -9999 -9999 -9999 -9999 -9999 -9999 -9999 -9999 -9999 -9999 -9999 -9999 -9999 -9999 -9999 -9999 1091 1106 1062 1084 1091 1063 1046 1064 1023 1007 981 977 979 973 989 951 953 933 969 967 940 937 949 942 934 913 940 986 918 875 863 872 910 877 858 874 870 852 855 865 850 840 839 842 821 776 816 825 824 817 842 897 865 786 782
-9999 -9999 -9999 -9999 -9999 -9999 -9999 -9999 -9999 -9999 -9999 -9999 -9999 -9999 -9999 -9999 -9999 -9999 -9999 -9999 -9999 -9999 -9999 -9999 -9999 1041 1077 1083 1087 1062 1053 1055 1040 1010 999 979 974 970 978 957 967 929 931 940 957 915 924 940 925 925 902 896 900 897 869 865 870 865 859 866 853 860 852 837 837 839 841 818 797 840 837 813 820 825 865 845 819 786 771
-9999 -9999 -9999 -9999 -9999 -9999 -9999 -9999 -9999 -9999 -9999 -9999 -9999 -9999 -9999 -9999 -9999 -9999 -9999 -9999 -9999 -9999 -9999 -9999 1020 1018 1046 1083 1077 1066 1054 1063 1060 1019 1012 989 985 978 973 963 969 942 936 925 926 929 930 939 942 908 923 893 900 898 888 868 859 859 850 862 863 854 847 845 830 819 819 809 837 850 827 820 793 801 822 830 813 773 759
-9999 -9999 -9999 -9999 -9999 -9999 -9999 -9999 -9999 -9999 -9999 -9999 -9999 -9999 -9999 -9999 -9999 -9999 -9999 -9999 -9999 -9999 -9999 1019 1028 1013 1014 1078 1084 1070 1054 1046 1075 1037 1014 1006 991 978 973 963 959 940 948 937 928 925 919 919 929 905 894 898 876 880 866 866 866 847 855 837 853 854 850 844 821 821 820 827 833 828 829 819 825 796 777 813 786 771 762
-9999 -9999 -9999 -9999 -9999 -9999 -9999 -9999 -9999 -9999 -9999 -9999 -9999 -9999 -9999 -9999 -9999 -9999 -9999 -9999 -9999 -9999 -9999 1016 1092 1005 981 1002 1068 1076 1060 1042 1038 1037 1030 1018 996 978 973 959 953 948 945 938 927 919 909 912 915 906 895 892 890 892 865 869 853 847 857 836 837 835 843 833 810 824 818 817 811 809 831 809 823 799 773 773 757 769 763
-9999 -9999 -9999 -9999 -9999 -9999 -9999 -9999 -9999 -9999 -9999 -9999 -9999 -9999 -9999 -9999 -9999 -9999 -9999 -9999 -9999 -9999 -9999 1015 1012 1010 1009 1000 1029 1066 1066 1041 1037 1036 1044 1012 1004 990 970 958 951 947 940 932 926 926 911 906 895 893 898 886 881 882 879 870 867 843 832 838 835 829 825 825 815 814 817 815 816 856 821 800 798 772 761 755 748 753 755
-9999 -9999 -9999 -9999 -9999 -9999 -9999 -9999 -9999 -9999 -9999 -9999 -9999 -9999 -9999 -9999 -9999 -9999 -9999 -9999 -9999 -9999 -9999 -9999 -9999 1023 1016 988 -9999 1067 1046 1042 1041 1029 1030 1017 1005 998 981 963 955 949 942 933 931 928 916 891 895 888 886 882 878 881 873 869 864 849 833 833 832 825 814 805 808 810 814 819 865 820 790 759 752 747 744 746 745 738 744
-9999 -9999 -9999 -9999 -9999 -9999 -9999 -9999 -9999 -9999 -9999 -9999 -9999 -9999 -9999 -9999 -9999 -9999 -9999 -9999 -9999 -9999 -9999 -9999 -9999 -9999 1002 1000 -9999 -9999 1018 1006 1037 1035 1027 1038 1016 1002 987 970 957 947 942 936 927 929 915 901 892 891 883 883 880 874 872 867 863 854 836 828 826 827 838 833 825 816 806 807 829 800 785 761 745 740 759 754 731 728 731
-9999 -9999 -9999 -9999 -9999 -9999 -9999 -9999 -9999 -9999 -9999 -9999 -9999 -9999 -9999 -9999 -9999 -9999 -9999 -9999 -9999 -9999 -9999 -9999 -9999 -9999 -9999 -9999 -9999 -9999 -9999 1008 1040 1045 1040 1036 1031 1007 997 988 968 966 952 944 934 929 923 907 894 893 888 885 877 875 873 865 860 852 835 828 828 827 826 819 812 816 802 796 783 796 788 757 749 774 766 733 725 726 730
-9999 -9999 -9999 -9999 -9999 -9999 -9999 -9999 -9999 -9999 -9999 -9999 -9999 -9999 -9999 -9999 -9999 -9999 -9999 -9999 -9999 -9999 -9999 -9999 -9999 -9999 -9999 -9999 -9999 -9999 -9999 -9999 1014 1035 1038 1036 1033 1034 1026 988 976 976 966 954 941 930 925 915 904 898 896 887 879 875 868 863 854 847 838 826 826 820 814 808 804 815 805 775 766 776 750 750 780 769 741 720 722 723 720
-9999 -9999 -9999 -9999 -9999 -9999 -9999 -9999 -9999 -9999 -9999 -9999 -9999 -9999 -9999 -9999 -9999 -9999 -9999 -9999 -9999 -9999 -9999 -9999 -9999 -9999 -9999 -9999 -9999 -9999 987 1054 983 979 1020 1036 1032 1037 1027 987 981 982 973 962 949 939 935 925 913 901 892 882 875 869 860 854 846 840 833 821 818 815 805 804 801 827 809 763 757 750 753 784 776 744 717 714 720 722 717
-9999 -9999 -9999 -9999 -9999 -9999 -9999 -9999 -9999 -9999 -9999 -9999 -9999 -9999 -9999 -9999 -9999 -9999 -9999 -9999 -9999 -9999 -9999 -9999 -9999 -9999 -9999 -9999 -9999 -9999 988 1005 972 960 972 1015 1024 1030 1019 1008 995 988 974 965 952 949 949 935 920 901 886 876 870 865 854 850 842 833 827 818 811 802 797 801 806 835 785 762 778 796 779 768 754 715 708 707 713 719 715
-9999 -9999 -9999 -9999 -9999 -9999 -9999 -9999 -9999 -9999 -9999 -9999 -9999 -9999 -9999 -9999 -9999 -9999 -9999 -9999 -9999 -9999 -9999 -9999 -9999 -9999 -9999 -9999 -9999 -9999 -9999 986 983 980 -9999 -9999 1006 1026 1021 1007 1005 992 973 966 958 950 943 937 930 904 884 869 861 860 849 845 836 826 816 808 802 795 794 796 805 804 780 791 811 798 770 747 717 702 704 714 714 713 708
-9999 -9999 -9999 -9999 -9999 -9999 -9999 -9999 -9999 -9999 -9999 -9999 -9999 -9999 -9999 -9999 -9999 -9999 -9999 -9999 -9999 -9999 -9999 -9999 -9999 -9999 -9999 -9999 -9999 -9999 -9999 -9999 -9999 -9999 -9999 -9999 976 1006 1028 1018 1004 995 978 971 961 950 935 928 936 914 890 875 857 856 848 839 829 817 811 806 796 796 794 791 794 789 785 814 805 763 760 709 710 694 699 710 704 705 699
-9999 -9999 -9999 -9999 -9999 -9999 -9999 -9999 -9999 -9999 -9999 -9999 -9999 -9999 -9999 -9999 -9999 -9999 -9999 -9999 -9999 -9999 -9999 -9999 -9999 -9999 -9999 -9999 -9999 -9999 -9999 -9999 -9999 -9999 -9999 -9999 -9999 990 1011 1017 1008 996 979 970 960 950 940 938 937 921 900 893 872 868 857 839 832 830 828 810 806 800 787 786 788 802 820 805 775 770 731 753 731 716 693 695 695 696 695
-9999 -9999 -9999 -9999 -9999 -9999 -9999 -9999 -9999 -9999 -9999 -9999 -9999 -9999 -9999 -9999 -9999 -9999 -9999 -9999 1003 1012 -9999 1009 -9999 -9999 -9999 -9999 -9999 -9999 -9999 990 982 981 -9999 -9999 965 965 987 998 999 997 984 971 959 951 947 948 939 922 908 896 887 877 856 820 799 795 775 778 796 806 779 745 732 735 732 757 767 730 705 770 723 678 677 687 687 686 685
-9999 -9999 -9999 -9999 -9999 -9999 -9999 -9999 -9999 -9999 -9999 -9999 -9999 -9999 -9999 -9999 -9999 -9999 -9999 1029 1025 1040 1021 996 1005 -9999 996 997 1007 984 987 987 983 980 976 970 965 961 959 969 978 987 990 991 964 947 946 945 937 922 908 891 836 778 771 778 779 808 860 813 787 766 732 708 685 675 708 690 679 703 713 739 694 741 693 685 683 673 680
-9999 -9999 -9999 -9999 -9999 -9999 -9999 -9999 -9999 -9999 -9999 -9999 -9999 -9999 -9999 -9999 -9999 1021 1043 1041 1054 1054 1049 997 1005 996 978 987 1007 1014 978 980 989 989 979 972 966 961 954 957 965 975 986 1002 981 946 935 929 922 913 892 827 799 827 870 873 857 799 821 782 739 691 704 726 740 800 804 782 739 771 802 732 729 731 680 669 663 673 677
-9999 -9999 -9999 -9999 -9999 -9999 -9999 -9999 -9999 -9999 -9999 -9999 -9999 -9999 -9999 1000 1035 1060 1043 1030 1028 1061 1053 983 966 981 992 981 977 997 1018 979 990 1008 999 986 979 979 956 968 971 961 975 1003 989 945 926 900 896 876 851 836 868 880 860 850 843 821 788 798 777 784 815 817 822 791 777 770 762 690 689 692 695 667 690 711 702 689 677
-9999 -9999 -9999 -9999 -9999 -9999 -9999 -9999 -9999 -9999 -9999 -9999 -9999 -9999 -9999 998 1047 1048 1172 1039 998 1050 1038 1020 984 951 969 1012 966 961 1009 1003 997 1009 1019 1000 989 992 970 958 966 955 946 998 985 947 934 921 912 900 889 899 895 878 871 859 845 831 821 802 789 801 820 797 788 762 753 740 736 713 721 714 687 690 704 715 702 708 700
-9999 -9999 -9999 -9999 -9999 -9999 -9999 -9999 -9999 -9999 -9999 -9999 -9999 -9999 -9999 998 1003 1049 1078 1132 1009 1017 1004 1032 988 952 967 992 976 955 959 986 1010 1001 1006 1017 1001 989 971 973 978 940 922 959 987 939 927 917 915 906 903 892 880 870 862 851 835 825 816 812 816 814 779 768 774 741 743 718 731 735 720 724 691 698 700 678 674 685 698
-9999 -9999 -9999 -9999 -9999 -9999 -9999 -9999 -9999 -9999 -9999 -9999 -9999 -9999 -9999 -9999 999 1006 1051 1066 1061 1061 1042 1056 1030 987 983 988 983 969 969 975 998 1001 976 991 1017 998 981 980 979 951 923 937 983 928 916 913 917 919 903 880 873 850 840 826 817 811 802 834 827 787 775 772 759 747 735 734 739 720 714 682 699 700 687 672 665 679 692
-9999 -9999 -9999 -9999 -9999 -9999 -9999 -9999 -9999 -9999 -9999 -9999 -9999 -9999 -9999 -9999 -9999 -9999 1005 1039 1071 1064 1063 1060 1051 1017 989 999 1004 998 981 979 985 987 976 971 984 1004 986 979 970 965 939 937 970 929 921 916 927 918 893 875 864 848 835 827 820 810 802 816 826 798 784 767 754 746 737 741 737 707 711 689 659 676 674 662 669 692 692
-9999 -9999 -9999 -9999 -9999 -9999 -9999 -9999 -9999 -9999 -9999 -9999 -9999 -9999 -9999 -9999 -9999 -9999 -9999 1003 1016 1043 1063 1067 1065 1044 1014 1006 1018 1012 995 992 989 996 996 985 972 983 983 976 970 959 945 953 949 929 928 929 920 907 891 868 859 851 830 820 813 803 795 777 781 748 744 713 707 709 697 722 742 689 667 661 651 649 653 678 691 693 676
-9999 -9999 -9999 -9999 -9999 -9999 -9999 -9999 -9999 -9999 -9999 -9999 -9999 -9999 -9999 -9999 -9999 -9999 1002 1003 1004 1009 1032 1051 1057 1068 1064 1043 1030 1016 1003 1006 1002 996 991 986 979 981 981 962 958 961 949 954 944 940 940 932 908 897 886 863 851 846 834 816 806 806 785 774 768 754 741 772 748 698 699 726 730 646 695 650 635 644 695 686 690 688 684
-9999 -9999 -9999 -9999 -9999 -9999 -9999 -9999 -9999 -9999 -9999 -9999 -9999 -9999 -9999 -9999 -9999 -9999 1003 1003 1004 -9999 1007 1016 1033 1045 1058 1073 1061 1038 1016 1013 1011 1002 999 996 991 980 978 968 962 963 958 951 945 944 939 918 902 892 876 863 848 838 825 820 797 798 785 788 769 761 745 742 715 706 696 700 670 746 667 654 651 694 714 684 687 696 702
-9999 -9999 -9999 -9999 -9999 -9999 -9999 -9999 -9999 -9999 -9999 -9999 -9999 -9999 -9999 997 999 1001 1004 1004 1005 1006 1008 1010 1029 1038 1045 1054 1061 1073 1056 1042 1018 1013 1008 1002 997 992 987 982 976 965 958 957 947 942 930 912 897 884 871 860 849 836 827 810 799 793 786 784 763 774 741 742 729 702 691 693 746 758 659 651 709 721 733 698 727 712 698
-9999 -9999 -9999 -9999 -9999 -9999 -9999 -9999 -9999 -9999 -9999 -9999 -9999 -9999 -9999 1000 1035 1005 990 1002 1005 1007 1012 1021 1038 1043 1050 1051 1055 1056 1063 1073 1039 1025 1024 1016 1014 1029 1018 999 998 986 965 954 936 929 920 907 895 882 872 863 849 836 825 806 795 795 794 779 791 814 763 745 715 695 686 707 719 700 650 676 715 688 759 731 713 694 696
-9999 -9999 -9999 -9999 -9999 -9999 -9999 -9999 -9999 -9999 -9999 -9999 -9999 -9999 -9999 997 1015 1066 1006 977 998 1012 1020 1026 1037 1045 1049 1049 1050 1052 1050 1056 1069 1049 1032 1036 1046 1031 1010 998 977 970 961 944 919 913 909 896 888 880 869 857 849 836 817 809 806 804 793 786 795 810 753 723 704 688 684 679 674 672 684 703 687 733 745 726 691 699 722
-9999 -9999 -9999 -9999 -9999 -9999 -9999 -9999 -9999 -9999 -9999 -9999 -9999 -9999 994 999 999 1018 1072 1003 1001 1014 1023 1031 1032 1041 1047 1045 1047 1049 1046 1046 1061 1045 1042 1042 1055 1019 1004 990 972 958 950 941 926 916 906 893 883 879 870 857 846 833 833 826 818 806 795 787 812 789 721 721 705 695 694 734 704 696 721 714 722 769 724 701 710 732 755
-9999 -9999 -9999 -9999 -9999 -9999 -9999 -9999 -9999 -9999 -9999 -9999 -9999 992 994 1116 992 976 1027 1031 1018 1013 1029 1031 1032 1038 1043 1048 1044 1043 1044 1047 1055 1039 1036 1037 1055 1029 1004 989 977 962 952 941 932 922 908 894 885 876 865 858 840 835 839 831 818 807 793 782 802 766 734 721 720 697 745 771 751 704 724 719 731 773 732 720 739 759 783
-9999 -9999 -9999 -9999 -9999 -9999 -9999 -9999 -9999 -9999 -9999 -9999 -9999 -9999 994 1017 1015 999 1007 1018 1010 1031 1029 1029 1031 1037 1037 1048 1046 1046 1042 1048 1047 1042 1032 1033 1049 1041 1005 989 982 965 956 946 935 923 911 900 889 878 868 857 846 840 842 836 845 824 773 806 809 766 745 717 721 705 800 815 798 759 718 697 722 758 704 722 751 756 765
