Artocarpus altilis SDM files/Environmental layers/bio1.asc
ncols  1201
nrows  481
xllcorner  119.958333335783
yllcorner  -15.041666666017
cellsize 0.041666666667
NODATA_value  -9999
[rows 216 to 251 of 481, columns 400 to 479 of 1201]
82 105 83 35 21 12 33 15 27 -12 -28 -26 -23 -4 3 3 3 -3 -5 4 7 21 42 54 64 38 15 0 15 41 50 56 56 54 54 54 55 54 58 54 44 31 37 47 40 51 52 42 46 39 41 68 112 129 130 129 116 84 66 43 45 36 67 103 93 116 146 134 168 196 179 176 150 159 159 170 160 157 158 170
123 125 118 89 90 57 65 61 55 24 11 -3 -30 -29 -9 -6 -17 -15 -16 -3 5 9 9 14 31 24 14 0 10 15 34 40 37 37 28 9 14 25 39 45 47 47 39 39 34 18 24 31 39 45 58 89 106 120 127 129 127 113 90 73 44 36 29 46 69 109 119 142 178 172 148 137 103 105 137 165 167 173 169 172
115 134 134 97 118 84 104 83 101 79 52 33 15 13 12 29 19 -6 13 3 -4 38 43 25 10 18 34 13 19 28 15 2 10 15 16 9 -5 -7 -11 0 15 21 21 21 28 34 31 25 28 42 56 58 74 97 117 128 127 114 92 73 58 34 20 41 84 113 146 162 139 149 126 93 105 124 132 158 176 185 191 188
154 139 146 108 125 119 110 91 126 105 115 65 72 77 67 56 33 41 74 54 22 27 70 98 73 79 83 62 91 92 41 -3 33 19 31 5 24 41 14 13 19 -5 7 -2 2 10 22 25 25 23 30 50 57 82 101 113 124 103 79 60 46 26 18 53 91 121 141 153 110 116 103 80 102 108 140 140 141 173 176 164
148 127 163 140 154 151 111 101 125 116 109 90 99 110 118 76 29 47 95 88 51 48 90 109 110 121 99 81 106 122 94 80 95 65 85 49 66 112 96 78 51 41 66 32 17 9 -1 4 14 22 29 43 60 46 55 58 102 116 70 48 42 17 18 42 70 109 103 139 108 76 55 59 77 110 110 110 116 151 158 162
198 183 190 189 184 183 168 152 145 149 102 114 108 136 107 55 59 92 118 88 86 76 110 131 139 142 96 110 142 127 122 106 132 118 110 98 102 131 122 108 91 108 103 78 73 43 2 -6 -6 -2 9 31 34 7 -4 -1 59 102 109 96 76 54 33 13 23 55 102 110 108 80 50 48 57 80 73 72 118 141 162 180
221 214 209 202 200 198 195 172 181 177 148 151 110 142 137 105 98 117 131 73 109 88 103 140 157 148 121 151 160 162 156 116 149 150 137 138 132 156 133 128 87 136 98 86 77 56 64 28 -16 -22 8 1 -2 -8 -12 13 57 78 117 75 49 43 36 16 11 25 66 44 68 53 23 29 26 73 93 98 107 130 151 168
224 222 222 220 217 208 203 201 198 197 195 187 163 150 155 147 147 141 130 90 117 126 94 121 144 140 119 138 171 167 147 130 159 146 160 155 161 164 157 139 109 143 84 95 82 96 87 45 27 16 47 34 12 -9 -6 6 57 102 119 93 86 51 65 47 64 53 30 12 38 34 0 0 -5 16 53 105 136 144 142 110
225 224 224 222 221 219 216 212 204 205 204 207 197 186 184 184 177 168 173 165 152 169 144 155 159 183 156 137 176 193 177 160 178 171 179 176 176 179 173 144 161 136 85 112 96 113 75 49 58 61 48 77 46 14 7 7 37 85 140 135 94 103 98 66 91 72 44 38 37 33 17 0 2 32 71 80 121 124 117 92
225 225 224 224 223 221 220 218 215 213 212 213 203 197 192 195 197 195 191 186 168 173 180 170 148 151 178 147 179 188 169 142 167 179 184 188 202 181 193 189 171 169 148 117 145 141 96 87 75 97 58 97 74 53 65 35 56 86 103 143 150 144 79 75 96 68 64 66 49 67 52 25 6 -7 -6 31 82 98 59 66
225 225 225 224 224 223 223 222 221 218 216 215 210 208 196 197 206 205 202 202 203 204 185 187 178 190 205 188 201 208 191 186 175 191 189 192 204 199 193 194 189 179 152 133 162 128 83 81 119 121 71 116 100 85 98 75 73 68 60 85 123 164 119 112 125 79 79 82 55 94 66 62 64 17 3 8 42 75 28 16
226 226 225 225 225 224 224 223 223 222 220 218 215 213 209 206 211 213 206 207 213 219 216 207 212 215 213 214 216 216 218 217 213 207 204 207 208 209 212 206 200 179 171 175 178 170 135 141 150 147 105 135 120 125 125 123 109 114 91 96 122 119 171 159 146 80 101 97 97 116 77 88 106 67 37 58 21 38 34 22
226 226 225 226 225 225 225 225 224 224 223 222 222 222 222 220 219 220 215 211 216 218 222 215 215 219 217 216 220 217 217 219 220 219 219 221 223 220 217 215 211 206 200 203 193 189 183 178 180 160 109 147 151 138 114 135 135 147 151 158 151 137 136 169 185 126 118 123 132 133 126 124 98 62 85 87 62 15 13 0
226 226 226 226 226 225 226 226 225 224 224 224 223 223 225 225 224 224 223 222 222 222 224 217 218 219 219 220 222 220 222 223 221 217 214 216 221 217 219 218 218 218 218 214 211 215 217 211 202 182 181 179 176 153 142 156 158 165 158 165 180 179 179 157 186 167 125 164 176 146 156 102 87 84 100 105 81 35 -4 14
226 226 226 226 226 226 226 226 225 225 225 225 224 224 225 226 225 225 224 224 224 224 225 225 224 223 222 222 224 222 223 222 223 222 222 221 223 218 221 222 221 222 219 215 214 220 219 217 214 213 207 198 190 172 161 161 164 173 169 159 185 193 202 202 196 183 169 179 193 179 179 145 128 125 139 95 79 40 28 54
226 226 226 226 226 226 226 227 226 225 225 225 225 225 225 226 225 225 225 225 225 225 225 225 225 224 224 225 225 225 224 222 223 222 222 222 224 223 224 223 221 219 218 219 217 223 222 220 219 221 220 219 219 208 198 193 198 180 186 178 173 199 207 213 214 214 215 210 209 208 207 192 166 158 138 93 82 56 77 68
226 226 226 226 226 226 226 226 226 225 226 225 226 226 226 226 226 226 225 225 225 226 226 226 226 225 225 225 225 226 226 225 224 224 224 225 226 226 226 225 224 224 224 223 221 224 224 223 222 224 222 224 224 221 222 219 215 217 212 213 203 208 206 218 218 221 220 215 216 215 214 211 198 179 145 126 96 58 111 86
226 226 226 226 226 226 226 226 226 226 226 226 226 226 226 226 226 226 226 226 226 226 226 226 226 225 225 225 226 226 226 226 226 226 226 226 226 226 227 226 226 226 226 226 225 225 226 225 225 226 224 223 226 223 223 221 221 226 226 225 223 223 221 222 223 224 222 220 219 220 218 216 212 201 154 137 132 118 113 131
226 226 226 226 226 226 226 226 226 226 226 226 226 226 226 226 226 226 226 226 226 226 226 226 226 226 225 226 226 226 226 226 226 226 226 226 226 226 226 227 226 226 227 227 227 226 226 227 227 226 226 226 226 226 227 226 226 226 226 226 225 225 224 224 225 224 224 222 222 222 220 218 215 209 199 161 167 151 142 152
226 225 226 226 226 226 226 226 226 226 226 226 226 226 226 226 226 226 226 226 226 226 226 226 226 226 225 226 226 226 226 226 226 226 227 226 226 226 226 227 226 226 227 227 227 227 227 227 227 227 227 227 227 227 227 226 226 226 226 226 225 225 225 224 225 225 224 223 223 223 221 220 218 216 214 207 202 189 172 140
227 227 226 226 226 226 225 226 226 226 226 226 226 226 226 226 226 226 226 226 226 226 226 226 226 226 226 226 226 226 226 226 226 227 226 226 226 226 226 226 226 227 226 227 227 227 227 227 227 227 227 227 227 226 226 226 226 226 226 226 225 225 225 225 225 225 224 224 224 223 223 222 222 221 219 215 210 207 200 180
228 228 227 227 226 226 227 226 225 225 226 226 226 226 226 226 226 226 226 226 226 226 226 226 226 226 226 226 226 226 226 226 226 226 226 226 226 226 226 226 226 226 226 227 227 227 227 227 227 227 227 226 226 226 226 226 226 226 226 225 226 225 225 225 226 225 225 225 224 224 224 224 223 222 220 217 214 212 212 202
228 228 228 227 227 227 228 227 226 226 226 225 226 226 226 226 226 226 226 226 226 226 226 226 226 226 226 226 226 226 226 226 226 226 226 226 226 226 226 226 226 226 226 226 226 226 226 226 226 226 226 226 226 226 226 226 226 226 226 226 225 225 225 225 226 225 225 225 225 225 225 224 224 222 221 220 219 218 217 215
228 228 227 227 227 227 227 227 227 227 227 226 226 225 226 225 226 226 226 226 226 226 226 226 226 226 226 226 226 226 226 226 226 226 226 226 226 226 226 226 226 226 226 226 226 226 226 226 226 226 226 226 226 226 226 226 226 226 226 226 225 225 225 225 225 225 225 225 226 225 225 225 224 223 223 222 221 220 220 220
227 228 228 227 227 227 227 227 227 227 227 227 227 227 227 226 226 225 225 226 226 226 226 226 226 226 226 226 226 226 226 226 226 226 226 226 226 226 226 226 226 226 226 226 226 226 226 226 226 226 226 226 226 226 226 226 226 226 226 225 226 225 225 226 225 225 225 226 226 226 225 225 224 224 223 223 222 221 221 221
228 228 229 228 228 228 227 227 227 227 227 227 227 227 227 227 227 226 225 226 225 226 226 226 226 226 226 226 226 226 226 226 226 226 226 226 226 226 226 226 226 226 226 225 226 226 226 226 226 226 226 226 226 226 225 226 226 226 226 225 226 226 226 226 225 225 225 225 226 226 226 225 225 224 224 223 222 222 222 221
228 228 228 229 229 228 228 228 228 228 228 227 227 227 227 227 228 227 226 226 225 225 226 225 226 225 225 226 226 225 225 225 226 225 226 226 226 226 226 226 226 226 225 226 226 226 225 225 225 225 225 225 225 225 226 225 225 226 226 226 226 226 226 225 225 225 225 225 226 225 225 225 225 225 224 224 223 223 223 222
228 228 228 229 229 229 228 228 228 228 229 228 228 227 227 227 228 227 227 227 226 226 226 225 225 225 225 225 225 225 225 225 225 225 225 226 226 226 226 225 225 225 225 225 225 225 225 225 225 225 225 225 225 225 225 225 225 226 226 226 226 226 225 225 225 225 225 225 225 225 225 225 225 225 224 224 224 223 222 222
228 228 228 229 229 229 229 229 229 229 229 229 229 228 227 227 227 227 227 227 226 226 226 226 225 225 225 225 225 225 225 225 225 225 225 225 225 225 225 225 225 225 225 225 225 225 225 225 225 225 225 225 225 225 225 225 226 226 226 226 226 225 225 225 225 225 225 225 225 225 225 226 225 225 224 224 224 223 223 222
229 228 228 229 230 230 230 229 229 229 229 229 229 228 227 227 227 227 227 227 227 227 227 227 226 225 225 225 225 225 225 225 225 225 225 225 225 225 225 225 225 225 225 225 225 225 225 225 225 225 225 225 225 225 225 225 225 225 225 225 225 225 225 225 225 225 225 225 225 225 225 225 225 225 224 224 224 223 223 222
230 229 229 229 229 230 230 230 229 229 229 229 229 228 227 227 227 227 227 227 227 227 227 227 227 226 225 225 225 225 225 225 225 225 225 225 225 225 225 225 225 225 225 225 225 225 225 225 225 225 225 225 225 225 225 225 225 225 225 225 225 225 225 225 225 225 225 225 225 225 225 225 225 224 224 224 224 223 223 222
229 229 229 229 229 230 230 230 230 229 229 229 229 229 228 227 227 227 227 227 228 228 227 227 227 227 226 225 225 225 225 225 225 225 225 225 225 225 225 225 225 225 225 225 225 225 224 224 225 225 225 224 224 224 225 225 225 225 225 225 225 225 225 225 225 225 225 225 225 225 225 225 224 225 225 224 224 224 223 222
229 229 229 229 229 230 230 230 230 229 229 229 229 229 229 228 227 227 227 227 227 227 227 227 227 227 225 225 225 225 225 225 225 225 225 225 225 225 225 225 225 225 225 225 224 224 224 224 224 224 224 224 224 224 224 225 225 225 224 224 225 225 225 225 225 225 225 225 225 225 225 225 224 224 224 224 224 224 223 222
229 229 229 229 229 229 230 230 230 229 229 229 229 229 228 228 228 227 227 228 227 227 227 227 226 226 226 226 226 226 226 225 225 225 225 225 225 225 225 225 225 224 224 224 224 224 224 224 224 224 224 224 224 224 224 225 225 224 224 224 224 224 225 225 225 225 224 224 224 225 224 224 224 224 224 224 224 223 223 222
229 229 228 228 228 229 229 229 229 229 229 229 229 229 228 228 228 228 228 228 227 227 227 227 226 226 226 226 227 227 227 226 225 225 225 225 225 225 225 224 224 224 224 224 224 224 224 224 224 224 224 224 224 224 224 224 224 224 224 224 224 224 224 224 224 224 224 224 224 224 224 224 224 224 224 224 223 223 223 222
229 229 228 228 228 229 229 229 228 228 228 228 229 228 228 228 228 228 228 228 228 228 227 227 227 226 226 226 227 227 227 227 226 225 225 225 224 224 224 224 224 224 224 224 224 224 224 224 224 224 224 224 224 224 224 224 224 224 224 224 224 224 224 224 224 224 224 224 225 224 224 224 224 224 224 224 223 223 223 222
