Artocarpus altilis SDM files/Environmental layers/bio2.asc
ncols  1201
nrows  481
xllcorner  119.958333335783
yllcorner  -15.041666666017
cellsize 0.041666666667
NODATA_value  -9999
[rows 222 to 258 of 481, columns 328 to 409 of 1201]
12 -9999 -9999 -9999 -9999 -9999 -9999 -9999 -9999 -9999 -9999 -9999 -9999 -9999 -9999 -9999 -9999 -9999 -9999 -9999 -9999 -9999 -9999 25 26 27 27 28 29 30 31 32 33 34 35 36 37 38 39 40 41 42 43 44 45 46 47 48 49 50 51 52 53 54 55 56 56 57 58 58 59 59 60 60 60 61 61 61 61 61 61 61 61 61 61 61 61 61 61 61 61 61
12 -9999 -9999 -9999 -9999 -9999 -9999 -9999 -9999 -9999 -9999 -9999 -9999 -9999 -9999 -9999 -9999 -9999 -9999 -9999 -9999 -9999 -9999 -9999 -9999 -9999 27 27 28 29 30 31 32 33 34 35 36 37 38 39 40 41 43 44 45 46 47 48 49 50 51 52 53 54 55 55 56 57 57 58 59 59 59 60 60 60 61 61 61 61 61 61 61 61 61 61 61 61 61 61 61 61
-9999 -9999 -9999 -9999 -9999 -9999 -9999 -9999 -9999 -9999 -9999 -9999 -9999 -9999 -9999 -9999 -9999 -9999 -9999 -9999 -9999 -9999 -9999 -9999 -9999 -9999 26 27 27 28 29 30 31 32 33 34 35 36 37 39 40 41 42 43 44 45 46 48 49 50 51 52 53 53 54 55 56 57 57 58 58 59 59 60 60 60 61 61 61 61 61 61 61 61 61 61 61 61 61 61 61 61
-9999 -9999 -9999 -9999 -9999 -9999 -9999 -9999 -9999 -9999 -9999 -9999 -9999 -9999 -9999 -9999 -9999 -9999 -9999 -9999 -9999 -9999 -9999 -9999 -9999 -9999 25 26 27 28 28 29 30 31 32 33 35 36 37 38 39 40 41 43 44 45 46 47 48 49 50 51 52 53 54 55 56 56 57 58 58 59 59 59 60 60 60 61 61 61 61 61 61 61 61 61 61 61 61 61 61 61
-9999 -9999 -9999 -9999 -9999 -9999 -9999 -9999 -9999 -9999 -9999 -9999 -9999 -9999 -9999 -9999 -9999 -9999 -9999 -9999 -9999 -9999 -9999 -9999 -9999 -9999 25 25 26 27 28 29 30 31 32 33 34 35 36 37 39 40 41 42 43 44 46 47 48 49 50 51 52 53 54 55 55 56 57 57 58 58 59 59 60 60 60 60 61 61 61 61 61 61 61 61 61 61 61 61 61 61
-9999 -9999 -9999 -9999 -9999 -9999 -9999 -9999 -9999 -9999 -9999 -9999 -9999 -9999 -9999 -9999 -9999 -9999 -9999 -9999 -9999 -9999 -9999 -9999 -9999 -9999 24 24 25 26 27 28 29 30 31 32 33 34 36 37 38 39 40 42 43 44 45 46 47 49 50 51 52 53 53 54 55 56 57 57 58 58 59 59 60 60 60 60 61 61 61 61 61 61 61 61 61 61 61 61 61 60
-9999 -9999 -9999 -9999 -9999 -9999 -9999 -9999 -9999 -9999 -9999 -9999 -9999 -9999 -9999 -9999 -9999 -9999 -9999 -9999 -9999 -9999 -9999 -9999 -9999 -9999 -9999 24 25 25 26 27 28 29 30 32 33 34 35 36 37 39 40 41 42 44 45 46 47 48 49 50 51 52 53 54 55 56 56 57 58 58 59 59 59 60 60 60 60 61 61 61 61 61 61 61 61 61 61 61 60 60
-9999 -9999 -9999 -9999 -9999 -9999 -9999 -9999 -9999 -9999 -9999 -9999 -9999 -9999 -9999 -9999 -9999 -9999 -9999 -9999 -9999 -9999 -9999 -9999 -9999 -9999 -9999 24 24 25 26 27 28 29 30 31 32 33 35 36 37 38 39 41 42 43 44 46 47 48 49 50 51 52 53 54 55 56 56 57 57 58 59 59 59 60 60 60 60 61 61 61 61 61 61 61 61 61 61 60 60 60
-9999 -9999 -9999 -9999 -9999 -9999 -9999 -9999 -9999 -9999 -9999 -9999 -9999 -9999 -9999 -9999 -9999 -9999 -9999 -9999 -9999 -9999 -9999 -9999 -9999 -9999 22 22 23 24 25 26 27 28 29 30 32 33 34 35 36 38 39 40 41 43 44 45 46 47 49 50 51 52 53 54 55 55 56 57 57 58 58 59 59 60 60 60 60 60 61 61 61 61 61 61 61 61 61 60 60 60
-9999 -9999 -9999 -9999 -9999 -9999 -9999 -9999 -9999 -9999 -9999 -9999 -9999 -9999 -9999 -9999 -9999 -9999 -9999 -9999 -9999 -9999 -9999 19 20 20 21 22 23 24 25 26 27 28 29 30 31 32 33 35 36 37 39 40 41 42 44 45 46 47 48 49 51 52 53 53 54 55 56 57 57 58 58 59 59 59 60 60 60 60 61 61 61 61 61 61 61 61 60 60 60 60
-9999 -9999 -9999 -9999 -9999 -9999 -9999 -9999 -9999 -9999 -9999 -9999 -9999 -9999 -9999 -9999 -9999 -9999 -9999 -9999 -9999 -9999 18 18 19 20 21 21 22 23 24 25 26 27 28 29 31 32 33 34 36 37 38 39 41 42 43 44 46 47 48 49 50 51 52 53 54 55 56 56 57 58 58 59 59 59 60 60 60 60 60 61 61 61 61 61 61 60 60 60 60 60
-9999 -9999 -9999 -9999 -9999 -9999 -9999 -9999 -9999 -9999 -9999 -9999 -9999 -9999 -9999 -9999 -9999 -9999 -9999 -9999 16 17 17 18 19 19 20 21 22 23 24 24 26 27 28 29 30 31 33 34 35 36 38 39 40 42 43 44 45 47 48 49 50 51 52 53 54 55 56 56 57 58 58 59 59 59 60 60 60 60 60 61 61 61 61 61 61 60 60 60 60 60
-9999 -9999 -9999 -9999 -9999 -9999 -9999 -9999 -9999 -9999 -9999 -9999 -9999 -9999 -9999 -9999 -9999 -9999 -9999 16 16 16 17 17 18 19 20 20 21 22 23 24 25 26 27 28 30 31 32 33 35 36 37 39 40 41 43 44 45 46 48 49 50 51 52 53 54 55 55 56 57 57 58 58 59 59 60 60 60 60 60 60 61 61 61 61 61 60 60 60 60 60
-9999 -9999 -9999 -9999 -9999 -9999 -9999 -9999 -9999 -9999 -9999 -9999 -9999 -9999 -9999 -9999 -9999 -9999 -9999 -9999 15 16 16 17 18 18 19 20 21 22 23 24 25 26 27 28 29 30 32 33 34 36 37 38 40 41 42 44 45 46 47 48 50 51 52 53 54 55 55 56 57 57 58 58 59 59 60 60 60 60 60 60 61 61 61 61 60 60 60 60 60 60
-9999 -9999 -9999 -9999 -9999 -9999 -9999 -9999 -9999 -9999 -9999 -9999 -9999 -9999 -9999 -9999 -9999 -9999 -9999 -9999 15 15 16 17 17 18 19 19 20 21 22 23 24 25 26 28 29 30 31 33 34 35 37 38 39 41 42 43 45 46 47 48 49 51 52 53 54 54 55 56 57 57 58 58 59 59 59 60 60 60 60 60 61 61 61 61 60 60 60 60 60 60
-9999 -9999 -9999 -9999 -9999 -9999 -9999 -9999 -9999 -9999 -9999 -9999 -9999 -9999 -9999 -9999 -9999 -9999 -9999 -9999 15 15 16 16 17 18 18 19 20 21 22 23 24 25 26 27 28 30 31 32 34 35 36 38 39 40 42 43 44 46 47 48 49 50 52 53 54 54 55 56 57 57 58 58 59 59 59 60 60 60 60 60 61 61 61 61 61 60 60 60 60 60
-9999 -9999 -9999 -9999 -9999 -9999 -9999 -9999 -9999 -9999 -9999 -9999 -9999 -9999 -9999 -9999 -9999 -9999 -9999 -9999 -9999 15 15 16 17 17 18 19 20 20 21 22 23 25 26 27 28 29 31 32 33 35 36 37 39 40 42 43 44 46 47 48 49 50 51 52 53 54 55 56 57 57 58 58 59 59 59 60 60 60 60 60 61 61 61 61 61 60 60 60 60 60
-9999 -9999 -9999 -9999 -9999 -9999 -9999 -9999 -9999 -9999 -9999 -9999 -9999 -9999 -9999 -9999 -9999 -9999 -9999 -9999 -9999 15 15 16 16 17 18 18 19 20 21 22 23 24 25 27 28 29 30 32 33 34 36 37 39 40 41 43 44 45 47 48 49 50 51 52 53 54 55 56 57 57 58 58 59 59 59 60 60 60 60 60 61 61 61 61 61 60 60 60 60 60
-9999 -9999 -9999 -9999 -9999 -9999 -9999 -9999 -9999 -9999 -9999 -9999 -9999 -9999 -9999 -9999 -9999 -9999 -9999 -9999 -9999 -9999 15 15 16 17 17 18 19 20 21 22 23 24 25 26 28 29 30 31 -9999 34 36 37 38 40 41 43 44 45 47 48 49 50 51 52 53 54 55 56 57 57 58 58 59 59 60 60 60 60 60 61 61 61 61 61 61 61 60 60 60 60
-9999 -9999 -9999 -9999 -9999 -9999 -9999 -9999 -9999 -9999 -9999 -9999 -9999 -9999 -9999 -9999 -9999 -9999 -9999 -9999 -9999 -9999 15 15 16 16 17 18 19 20 21 22 23 24 25 26 27 29 30 31 -9999 34 35 37 38 40 41 43 44 45 46 48 49 50 51 52 53 54 55 56 57 57 58 58 59 59 60 60 60 60 60 61 61 61 61 61 61 61 61 60 60 60
-9999 -9999 -9999 -9999 -9999 -9999 -9999 -9999 -9999 -9999 -9999 -9999 -9999 -9999 -9999 -9999 -9999 -9999 -9999 -9999 -9999 14 14 15 16 16 17 18 19 19 20 21 22 23 25 26 27 28 30 31 33 34 35 37 38 40 41 42 44 45 46 49 49 50 51 52 53 54 55 56 57 57 58 58 59 59 60 60 60 60 61 61 61 61 61 61 61 61 61 61 60 60
-9999 -9999 -9999 -9999 -9999 -9999 -9999 -9999 -9999 -9999 -9999 -9999 -9999 -9999 -9999 -9999 -9999 -9999 -9999 -9999 -9999 14 14 15 15 16 17 18 18 19 20 21 22 23 24 26 27 28 30 31 32 34 35 37 38 40 41 42 44 45 46 -9999 50 50 51 52 53 54 55 56 57 57 58 58 59 59 60 60 60 60 61 61 61 61 61 61 61 61 61 61 61 60
-9999 -9999 -9999 -9999 -9999 -9999 -9999 -9999 -9999 -9999 -9999 -9999 -9999 -9999 -9999 -9999 -9999 -9999 -9999 -9999 13 13 14 15 15 16 17 17 18 19 20 21 22 23 24 26 27 28 30 31 32 34 35 37 38 40 41 42 44 45 46 48 49 50 51 52 53 54 55 56 57 57 58 59 59 59 60 60 60 61 61 61 61 61 61 61 61 61 61 61 61 61
-9999 -9999 -9999 -9999 -9999 -9999 -9999 -9999 -9999 -9999 -9999 -9999 -9999 -9999 -9999 -9999 -9999 -9999 -9999 12 13 13 14 14 15 16 17 17 18 19 20 21 22 23 24 25 27 28 29 31 32 34 35 37 38 40 41 42 44 45 46 48 49 50 51 52 53 54 55 56 57 58 58 59 59 60 60 60 60 61 61 61 61 61 61 61 61 61 61 61 61 61
-9999 -9999 -9999 -9999 -9999 -9999 -9999 -9999 -9999 -9999 -9999 -9999 -9999 -9999 -9999 -9999 -9999 12 12 12 13 13 14 14 15 16 16 17 18 19 20 21 22 23 24 25 27 28 29 31 32 34 35 37 38 40 41 42 44 45 46 48 49 50 51 53 54 55 55 56 57 58 58 59 59 60 60 60 61 61 61 61 61 61 61 61 61 61 61 61 61 61
-9999 -9999 -9999 -9999 -9999 -9999 -9999 -9999 -9999 -9999 -9999 -9999 -9999 -9999 -9999 -9999 11 11 12 12 13 13 14 14 15 16 16 17 18 19 20 21 22 23 24 25 27 28 29 31 32 34 35 37 38 40 41 42 44 45 47 48 49 50 51 53 54 55 56 56 57 58 58 59 59 60 60 60 61 61 61 61 61 61 62 62 61 61 61 61 61 61
-9999 -9999 -9999 -9999 -9999 -9999 -9999 -9999 -9999 -9999 -9999 -9999 -9999 -9999 -9999 11 11 11 12 12 13 13 14 14 15 16 16 17 18 19 20 21 22 23 24 25 27 28 29 31 32 34 35 37 38 40 41 43 44 45 47 48 49 50 52 53 54 55 56 56 57 58 58 59 60 60 60 61 61 61 61 61 62 62 62 62 62 62 62 61 61 61
-9999 -9999 -9999 -9999 -9999 -9999 -9999 -9999 -9999 -9999 -9999 -9999 -9999 -9999 10 11 11 11 12 12 13 13 14 14 15 16 16 17 18 19 20 21 22 23 24 26 27 28 30 31 32 34 35 37 38 40 41 43 44 45 47 48 49 51 52 53 54 55 56 57 57 58 59 59 60 60 61 61 61 61 62 62 62 62 62 62 62 62 62 62 62 62
-9999 -9999 -9999 -9999 -9999 -9999 -9999 -9999 -9999 -9999 -9999 -9999 -9999 10 10 11 11 11 12 12 13 13 14 14 15 16 16 17 18 19 20 21 22 23 24 26 27 28 30 31 33 34 35 37 38 40 41 43 44 46 47 48 50 51 52 53 54 55 56 57 58 58 59 59 60 60 61 61 61 62 62 62 62 62 62 62 62 62 62 62 62 62
-9999 -9999 -9999 -9999 -9999 -9999 -9999 -9999 -9999 -9999 -9999 -9999 -9999 10 10 11 11 11 12 12 13 13 14 15 15 16 17 17 18 19 20 21 22 23 25 26 27 28 30 31 33 34 36 37 39 40 42 43 44 46 47 49 50 51 52 53 54 55 56 57 58 58 59 60 60 61 61 61 61 62 62 62 62 62 62 62 62 62 62 62 62 62
-9999 -9999 -9999 -9999 -9999 -9999 -9999 -9999 -9999 -9999 -9999 -9999 -9999 10 10 11 11 11 12 12 13 13 14 15 15 16 17 18 18 19 20 21 22 24 25 26 27 29 30 31 33 34 36 37 39 40 42 43 45 46 47 49 50 51 52 53 54 55 56 57 58 59 59 60 60 61 61 61 62 62 62 62 62 62 63 63 63 63 62 62 62 62
-9999 -9999 -9999 -9999 -9999 -9999 -9999 -9999 -9999 -9999 -9999 -9999 10 10 10 11 11 12 12 13 13 14 14 15 15 16 17 18 19 19 20 22 23 24 25 26 28 29 30 32 33 35 36 38 39 41 42 43 45 46 48 49 50 51 53 54 55 56 57 57 58 59 59 60 61 61 61 62 62 62 62 63 63 63 63 63 63 63 63 63 63 63
-9999 -9999 -9999 -9999 -9999 -9999 -9999 -9999 -9999 -9999 -9999 -9999 10 10 11 11 11 12 12 13 13 14 14 15 16 16 17 18 19 20 21 22 23 24 25 27 28 29 31 32 33 35 36 38 39 41 42 44 45 47 48 49 50 52 53 54 55 56 57 58 58 59 60 60 61 61 62 62 62 62 63 63 63 63 63 63 63 63 63 63 63 63
-9999 -9999 -9999 -9999 -9999 -9999 -9999 -9999 -9999 -9999 -9999 10 10 10 11 11 12 12 12 13 13 14 15 15 16 17 17 18 19 20 21 22 23 24 26 27 28 30 31 32 34 35 37 38 40 41 43 44 45 47 48 50 51 52 53 54 55 56 57 58 59 59 60 61 61 61 62 62 62 63 63 63 63 63 63 63 63 63 63 63 63 63
-9999 -9999 -9999 -9999 -9999 -9999 -9999 -9999 -9999 -9999 -9999 10 10 11 11 11 12 12 13 13 14 14 15 16 16 17 18 19 19 20 21 22 24 25 26 27 29 30 31 33 34 36 37 39 40 42 43 44 46 47 49 50 51 52 53 55 56 57 57 58 59 60 60 61 61 62 62 62 63 63 63 63 63 64 64 64 64 64 64 64 63 63
-9999 -9999 -9999 -9999 -9999 -9999 -9999 -9999 -9999 -9999 -9999 11 10 11 11 12 12 12 13 13 14 15 15 16 17 17 18 19 20 21 22 23 24 25 26 28 29 30 32 33 35 36 38 39 40 42 43 45 46 48 49 50 51 53 54 55 56 57 58 59 59 60 61 61 62 62 62 63 63 63 63 64 64 64 64 64 64 64 64 64 64 64
-9999 -9999 -9999 -9999 -9999 -9999 -9999 -9999 -9999 -9999 -9999 11 11 11 11 12 12 13 13 14 14 15 16 16 17 18 19 20 20 21 22 23 25 26 27 28 30 31 32 34 35 37 38 39 41 42 44 45 47 48 49 51 52 53 54 55 56 57 58 59 60 60 61 61 62 62 63 63 63 64 64 64 64 64 64 64 64 64 64 64 64 64
