Artocarpus altilis SDM files/Environmental layers/bio2.asc
ncols  1201
nrows  481
xllcorner  119.958333335783
yllcorner  -15.041666666017
cellsize 0.041666666667
NODATA_value  -9999
[rows 444 to 480 of 481, columns 82 to 163 of 1201]
-9999 -9999 -9999 -9999 -9999 -9999 -9999 -9999 -9999 -9999 -9999 -9999 -9999 33 33 34 34 35 35 36 36 36 37 37 37 38 38 38 39 39 40 40 41 42 42 43 44 45 46 47 48 49 51 52 54 55 57 58 60 62 63 65 67 68 70 72 73 75 76 78 79 80 82 83 84 85 85 86 87 87 88 88 89 89 89 90 90 90 90 90 90 90
-9999 -9999 -9999 -9999 -9999 -9999 -9999 -9999 -9999 -9999 -9999 -9999 -9999 -9999 -9999 35 35 36 36 36 37 37 37 38 38 38 39 39 40 40 41 41 42 42 43 44 45 46 47 48 49 50 52 53 55 56 58 59 61 63 64 66 68 69 71 72 74 76 77 78 80 81 82 83 84 85 86 87 87 88 89 89 90 90 90 90 91 91 91 91 91 91
-9999 -9999 -9999 -9999 -9999 -9999 -9999 -9999 -9999 -9999 -9999 -9999 -9999 -9999 -9999 -9999 36 37 37 37 38 38 38 39 39 39 40 40 41 41 41 42 43 43 44 45 46 47 48 49 50 51 53 54 55 57 59 60 62 63 65 67 68 70 72 73 75 76 78 79 81 82 83 84 85 86 87 88 88 89 89 90 90 91 91 91 91 91 91 91 91 91
-9999 -9999 -9999 -9999 -9999 -9999 -9999 -9999 -9999 -9999 -9999 -9999 -9999 -9999 -9999 37 37 37 38 38 39 39 39 40 40 40 41 41 41 42 42 43 44 44 45 46 47 48 49 50 51 52 53 55 56 58 59 61 63 64 66 67 69 71 72 74 76 77 79 80 81 82 84 85 86 87 87 88 89 89 90 90 91 91 91 92 92 92 92 92 92 92
-9999 -9999 -9999 -9999 -9999 -9999 -9999 -9999 -9999 -9999 -9999 -9999 -9999 -9999 -9999 38 38 38 -9999 39 40 40 40 41 41 41 42 42 42 43 43 44 45 45 46 47 48 49 50 51 52 53 54 56 57 59 60 62 63 65 67 68 70 72 73 75 76 78 79 81 82 83 84 85 86 87 88 89 89 90 91 91 91 92 92 92 92 93 93 93 93 93
-9999 -9999 -9999 -9999 -9999 -9999 -9999 -9999 -9999 -9999 -9999 -9999 38 38 38 39 39 39 40 40 41 41 41 42 42 42 43 43 44 44 44 45 46 46 47 48 49 50 51 52 53 54 55 57 58 60 61 63 64 66 67 69 71 72 74 76 77 79 80 81 83 84 85 86 87 88 89 89 90 91 91 92 92 92 93 93 93 93 93 93 93 93
-9999 -9999 -9999 -9999 -9999 -9999 -9999 -9999 -9999 -9999 -9999 -9999 38 39 39 40 40 41 41 41 42 42 42 43 43 43 44 44 45 45 46 46 47 47 48 49 50 51 52 53 54 55 56 58 59 60 62 64 65 67 68 70 72 73 75 76 78 79 81 82 83 84 86 87 88 89 89 90 91 91 92 92 93 93 93 93 94 94 94 94 94 94
-9999 -9999 -9999 -9999 -9999 -9999 -9999 -9999 -9999 -9999 -9999 -9999 39 40 40 41 41 42 42 42 43 43 44 44 44 45 45 45 46 46 47 47 48 48 49 50 51 52 53 54 55 56 57 59 60 61 63 64 66 68 69 71 72 74 75 77 78 80 81 83 84 85 86 87 88 89 90 91 91 92 92 93 93 93 94 94 94 94 94 94 94 94
-9999 -9999 -9999 -9999 -9999 -9999 -9999 -9999 -9999 -9999 -9999 40 40 41 41 42 42 43 43 44 44 44 45 45 45 46 46 47 47 47 48 48 49 50 50 51 52 53 54 55 56 57 58 60 61 62 64 65 67 68 70 72 73 75 76 78 79 81 82 83 84 86 87 88 89 90 90 91 92 92 93 93 94 94 94 94 94 95 95 95 95 95
-9999 -9999 -9999 -9999 -9999 -9999 -9999 -9999 -9999 -9999 40 41 41 42 43 43 44 44 44 45 45 46 46 46 47 47 47 48 48 49 49 50 50 51 51 52 53 54 55 56 57 58 59 61 62 63 65 66 68 69 71 72 74 75 77 78 80 81 83 84 85 86 87 88 89 90 91 92 92 93 93 94 94 94 95 95 95 95 95 95 95 95
-9999 -9999 -9999 -9999 -9999 -9999 -9999 -9999 -9999 -9999 -9999 42 42 43 44 44 45 45 46 46 46 47 47 48 48 48 49 49 49 50 50 51 51 52 53 53 54 55 56 57 58 59 60 62 63 64 66 67 69 70 72 73 75 76 78 79 80 82 83 84 86 87 88 89 90 91 91 92 93 93 94 94 94 95 95 95 95 95 95 95 95 95
-9999 -9999 -9999 -9999 -9999 -9999 -9999 -9999 -9999 -9999 43 43 44 44 45 46 46 47 47 47 48 48 49 49 49 50 50 50 51 51 52 52 53 53 54 55 55 56 57 58 59 60 61 63 64 65 67 68 70 71 73 74 75 77 78 80 81 82 84 85 86 87 88 89 90 91 92 92 93 94 94 94 95 95 95 95 96 96 96 96 96 96
-9999 -9999 -9999 -9999 -9999 -9999 -9999 -9999 -9999 -9999 44 44 45 46 46 47 47 48 48 49 49 50 50 50 51 51 51 52 52 53 53 54 54 55 55 56 57 57 58 59 60 61 63 64 65 66 68 69 71 72 73 75 76 78 79 80 82 83 84 86 87 88 89 90 91 91 92 93 93 94 94 95 95 95 96 96 96 96 96 96 96 96
-9999 -9999 39 39 40 -9999 -9999 -9999 -9999 44 46 46 46 47 48 48 49 49 50 50 51 51 51 52 52 52 53 53 54 54 54 55 55 56 57 57 58 59 60 60 61 63 64 65 66 67 69 70 71 73 74 76 77 78 80 81 82 84 85 86 87 88 89 90 91 92 92 93 94 94 95 95 95 96 96 96 96 96 96 96 96 96
-9999 39 39 40 41 42 43 44 45 46 47 47 48 49 49 50 50 51 51 52 52 53 53 53 54 54 54 55 55 55 56 56 57 57 58 59 59 60 61 62 63 64 65 66 67 68 70 71 72 74 75 76 78 79 80 82 83 84 85 86 88 89 89 90 91 92 93 93 94 94 95 95 96 96 96 96 96 96 96 96 96 96
39 40 40 41 42 43 44 45 46 47 48 49 49 50 51 51 52 52 53 53 54 54 54 55 55 55 56 56 57 57 57 58 58 59 59 60 61 61 62 63 64 65 66 67 68 70 71 72 73 75 76 77 78 80 81 82 83 85 86 87 88 89 90 91 92 92 93 94 94 95 95 95 96 96 96 96 96 97 97 97 96 96
40 41 42 43 44 45 46 47 48 48 49 50 51 52 52 53 53 54 54 55 55 56 56 56 57 57 57 58 58 59 59 59 60 60 61 61 62 63 64 64 65 66 67 68 69 71 72 73 74 75 77 78 79 80 82 83 84 85 86 87 88 89 90 91 92 93 93 94 94 95 95 95 96 96 96 96 97 97 97 97 97 97
41 42 43 44 45 46 47 48 49 50 51 52 52 53 54 54 55 55 56 56 57 57 58 58 58 59 59 59 60 60 60 61 61 62 62 63 64 64 65 66 67 67 68 70 71 72 73 74 75 76 78 79 80 81 82 83 85 86 87 88 89 90 90 91 92 93 93 94 94 95 95 96 96 96 96 96 97 97 97 97 97 97
42 43 44 45 47 48 49 50 51 51 52 53 54 55 55 56 57 57 58 58 58 59 59 60 60 60 61 61 61 62 62 62 63 63 64 64 65 66 66 67 68 69 70 71 72 73 74 75 76 77 78 79 81 82 83 84 85 86 87 88 89 90 91 91 92 93 93 94 94 95 95 96 96 96 96 96 97 97 97 97 97 97
44 45 46 47 48 49 50 51 52 53 54 55 55 56 57 58 58 59 59 60 60 60 61 61 62 62 62 63 63 63 64 64 64 65 65 66 66 67 68 68 69 70 71 72 73 74 75 76 77 78 79 80 81 82 83 84 85 86 87 88 89 90 91 92 92 93 94 94 95 95 95 96 96 96 96 96 96 97 97 97 97 96
45 46 47 48 49 51 52 53 54 54 55 56 57 58 59 59 60 60 61 61 62 62 63 63 63 64 64 64 65 65 65 66 66 66 67 67 68 68 69 70 71 71 72 73 74 75 76 77 78 79 80 81 82 83 84 85 86 87 88 89 90 90 91 92 93 93 94 94 95 95 95 96 96 96 96 96 96 96 96 96 96 96
46 48 49 50 51 52 53 54 55 56 57 58 59 59 60 61 61 62 62 63 63 64 64 65 65 65 66 66 66 66 67 67 68 68 68 69 69 70 70 71 72 73 73 74 75 76 77 78 79 80 81 82 83 84 85 85 86 87 88 89 90 91 91 92 93 93 94 94 95 95 95 95 96 96 96 96 96 96 96 96 96 96
48 49 50 51 52 54 55 56 57 58 59 59 60 61 62 62 63 64 64 65 65 65 66 66 67 67 67 68 68 68 68 69 69 70 70 70 71 71 72 72 73 74 75 75 76 77 78 79 80 81 81 82 83 84 85 86 87 88 88 89 90 91 91 92 93 93 94 94 94 95 95 95 96 96 96 96 96 96 96 96 96 96
49 50 52 53 54 55 56 57 58 59 60 61 62 63 63 64 65 65 66 66 67 67 67 68 68 69 69 69 69 70 70 70 71 71 71 72 72 73 73 74 74 75 76 76 77 78 79 80 80 81 82 83 84 85 86 86 87 88 89 90 90 91 92 92 93 93 94 94 94 95 95 95 95 96 96 96 96 96 96 96 96 96
51 52 53 54 55 57 58 59 60 61 62 63 63 64 65 66 66 67 67 68 68 69 69 69 70 70 70 71 71 71 72 72 72 73 73 73 74 74 75 75 76 76 77 78 78 79 80 81 81 82 83 84 85 85 86 87 88 88 89 90 90 91 92 92 93 93 94 94 94 95 95 95 95 95 95 96 96 96 96 96 96 96
52 53 54 56 57 58 59 60 61 62 63 64 65 66 67 67 68 69 69 70 70 70 71 71 71 72 72 72 73 73 73 73 74 74 74 75 75 76 76 76 77 78 78 79 79 80 81 81 82 83 84 84 85 86 87 87 88 89 89 90 91 91 92 92 93 93 94 94 94 94 95 95 95 95 95 95 95 95 95 95 95 95
53 55 56 57 58 60 61 62 63 64 65 66 67 67 68 69 70 70 71 71 72 72 72 73 73 73 74 74 74 74 75 75 75 76 76 76 77 77 77 78 78 79 79 80 80 81 82 82 83 84 84 85 86 86 87 88 88 89 90 90 91 91 92 92 93 93 93 94 94 94 94 95 95 95 95 95 95 95 95 95 95 95
55 56 57 59 60 61 62 63 64 65 66 67 68 69 70 70 71 72 72 73 73 74 74 74 75 75 75 75 76 76 76 76 77 77 77 78 78 78 79 79 79 80 80 81 81 82 83 83 84 84 85 86 86 87 87 88 89 89 90 90 91 91 92 92 93 93 93 94 94 94 94 94 95 95 95 95 95 95 95 95 95 95
56 58 59 60 61 63 64 65 66 67 68 69 70 71 71 72 73 73 74 74 75 75 76 76 76 76 77 77 77 77 78 78 78 78 79 79 79 79 80 80 81 81 81 82 82 83 83 84 84 85 86 86 87 87 88 88 89 90 90 91 91 91 92 92 93 93 93 93 94 94 94 94 94 94 94 95 95 95 95 95 95 95
58 59 60 62 63 64 65 66 67 68 69 70 71 72 73 73 74 75 75 76 76 77 77 77 78 78 78 78 79 79 79 79 80 80 80 80 80 81 81 81 82 82 82 83 83 84 84 85 85 86 86 87 87 88 88 89 89 90 90 91 91 92 92 92 93 93 93 93 93 94 94 94 94 94 94 94 94 94 94 94 94 94
59 60 62 63 64 65 67 68 69 70 71 72 73 73 74 75 76 76 77 77 78 78 78 79 79 79 80 80 80 80 81 81 81 81 81 81 82 82 82 83 83 83 84 84 84 85 85 86 86 86 87 87 88 88 89 89 90 90 90 91 91 92 92 92 92 93 93 93 93 93 94 94 94 94 94 94 94 94 94 94 94 94
60 62 63 64 66 67 68 69 70 71 72 73 74 75 76 76 77 78 78 79 79 80 80 80 80 81 81 81 81 82 82 82 82 82 83 83 83 83 83 84 84 84 84 85 85 86 86 86 87 87 87 88 88 89 89 89 90 90 91 91 91 92 92 92 92 93 93 93 93 93 93 93 93 94 94 94 94 94 94 94 94 94
62 63 64 66 67 68 69 70 72 73 74 75 75 76 77 78 78 79 80 80 80 81 81 82 82 82 82 83 83 83 83 83 83 84 84 84 84 84 84 85 85 85 85 86 86 86 87 87 87 88 88 88 89 89 89 90 90 90 91 91 91 92 92 92 92 92 93 93 93 93 93 93 93 93 93 93 93 93 93 93 93 93
63 65 66 67 68 70 71 72 73 74 75 76 77 78 78 79 80 80 81 81 82 82 82 83 83 83 84 84 84 84 84 84 85 85 85 85 85 85 85 86 86 86 86 87 87 87 87 88 88 88 89 89 89 89 90 90 90 91 91 91 91 92 92 92 92 92 92 92 93 93 93 93 93 93 93 93 93 93 93 93 93 93
64 66 67 68 70 71 72 73 74 75 76 77 78 79 80 80 81 82 82 83 83 83 84 84 84 85 85 85 85 85 85 86 86 86 86 86 86 86 86 87 87 87 87 87 88 88 88 88 89 89 89 89 90 90 90 90 91 91 91 91 91 92 92 92 92 92 92 92 92 92 92 93 93 93 93 93 93 93 93 93 93 93
66 67 68 70 71 72 73 74 75 76 77 78 79 80 81 81 82 83 83 84 84 85 85 85 85 86 86 86 86 86 87 87 87 87 87 87 87 87 87 88 88 88 88 88 88 89 89 89 89 89 89 90 90 90 90 91 91 91 91 91 91 92 92 92 92 92 92 92 92 92 92 92 92 92 92 92 92 92 92 92 92 92
67 68 70 71 72 73 74 76 77 78 79 80 80 81 82 83 83 84 84 85 85 86 86 86 86 87 87 87 87 87 88 88 88 88 88 88 88 88 88 88 89 89 89 89 89 89 89 89 90 90 90 90 90 90 91 91 91 91 91 91 91 91 92 92 92 92 92 92 92 92 92 92 92 92 92 92 92 92 92 92 92 92
