Artocarpus altilis SDM files/Environmental layers/bio2.asc
ncols  1201
nrows  481
xllcorner  119.958333335783
yllcorner  -15.041666666017
cellsize 0.041666666667
NODATA_value  -9999
[rows 148 to 184 of 481, columns 246 to 327 of 1201]
-9999 -9999 -9999 -9999 -9999 16 16 17 17 18 19 20 20 21 22 23 24 25 25 26 27 28 29 30 31 32 33 34 35 35 36 37 38 39 40 40 41 42 42 43 44 44 45 45 46 46 46 47 47 47 48 48 48 48 48 48 49 49 49 49 49 49 49 49 49 49 49 49 50 50 50 50 50 50 50 50 51 51 51 51 51 51
-9999 -9999 -9999 -9999 14 15 16 16 17 18 19 19 20 21 22 23 23 24 25 26 27 28 29 30 31 31 32 33 34 35 36 37 38 38 39 40 41 41 42 43 43 44 44 45 45 46 46 46 47 47 47 47 48 48 48 48 48 48 48 48 48 49 49 49 49 49 49 49 49 49 50 50 50 50 50 50 51 51 51 51 51 51
-9999 -9999 -9999 14 14 15 15 16 17 18 18 19 20 21 21 22 23 24 25 26 27 27 28 29 30 31 32 33 34 35 35 36 37 38 39 39 40 41 41 42 43 43 44 44 45 45 46 46 46 46 47 47 47 47 47 47 48 48 48 48 48 48 48 48 48 49 49 49 49 49 49 49 50 50 50 50 50 51 51 51 51 51
-9999 -9999 13 13 14 15 15 16 16 17 18 19 19 20 21 22 23 23 24 25 26 27 28 29 30 30 31 32 33 34 35 36 37 37 38 39 40 40 41 41 42 43 43 44 44 45 45 45 46 46 46 46 46 47 47 47 47 47 47 47 47 48 48 48 48 48 48 48 49 49 49 49 49 50 50 50 50 50 51 51 51 51
12 12 13 13 14 14 15 16 16 17 18 18 19 20 21 21 22 23 24 25 26 26 27 28 29 30 31 32 33 33 34 35 36 37 37 38 39 40 40 41 41 42 43 43 43 44 44 45 45 45 45 46 46 46 46 46 46 46 47 47 47 47 47 47 47 47 48 48 48 48 48 49 49 49 49 50 50 50 50 51 51 51
11 12 12 13 13 14 15 15 16 16 17 18 19 19 20 21 22 22 23 24 25 26 27 28 28 29 30 31 32 33 34 34 35 36 37 37 38 39 40 40 41 41 42 42 43 43 43 44 44 44 45 45 45 45 45 45 46 46 46 46 46 46 46 47 47 47 47 47 47 48 48 48 49 49 49 49 50 50 50 50 51 51
11 12 12 13 13 14 14 15 15 16 17 17 18 19 20 20 21 22 23 24 24 25 26 27 28 29 29 30 31 32 33 34 34 35 36 37 37 38 39 39 40 40 41 41 42 42 43 43 43 44 44 44 44 44 45 45 45 45 45 45 45 46 46 46 46 46 46 47 47 47 47 48 48 48 49 49 49 50 50 50 50 51
11 11 12 12 13 13 14 15 15 16 16 17 18 18 19 20 21 21 22 23 24 25 25 26 27 28 29 30 30 31 32 33 34 34 35 36 37 37 38 39 39 40 40 41 41 41 42 42 42 43 43 43 43 44 44 44 44 44 44 44 45 45 45 45 45 45 46 46 46 47 47 47 48 48 48 49 49 49 50 50 50 51
11 11 12 12 13 13 14 14 15 15 16 17 17 18 18 19 20 21 21 22 23 24 25 25 26 27 28 29 30 30 31 32 33 34 34 35 36 36 37 38 38 39 39 40 40 41 41 41 41 42 42 42 42 43 43 43 43 43 43 44 44 44 44 44 44 45 45 45 46 46 46 47 47 47 48 48 48 49 49 50 50 50
11 11 12 12 12 13 13 14 14 15 15 16 17 17 18 19 19 20 21 22 22 23 24 25 26 26 27 28 29 30 30 31 32 33 33 34 35 35 36 37 37 38 38 39 39 40 40 40 40 41 41 41 41 42 42 42 42 42 42 43 43 43 43 43 44 44 44 44 45 45 46 46 46 47 47 48 48 48 49 49 50 50
11 11 11 12 12 13 13 13 14 14 15 16 16 17 17 18 19 19 20 21 22 22 23 24 25 26 26 27 28 29 29 30 31 32 32 33 34 35 35 36 36 37 37 38 38 39 39 39 40 40 40 40 40 41 41 41 41 41 42 42 42 42 42 43 43 43 43 44 44 44 45 45 46 46 47 47 47 48 48 49 49 50
10 11 11 11 12 12 13 13 14 14 15 15 16 16 17 17 18 19 20 20 21 22 22 23 24 25 26 26 27 28 29 29 30 31 32 32 33 34 34 35 35 36 36 37 37 38 38 38 39 39 39 39 39 40 40 40 40 40 41 41 41 41 41 42 42 42 43 43 43 44 44 45 45 45 46 46 47 47 48 48 49 49
10 11 11 11 12 12 12 13 13 14 14 15 15 16 16 17 18 18 19 20 20 21 22 22 23 24 25 25 26 27 28 28 29 30 31 31 32 33 33 34 34 35 35 36 36 37 37 37 38 38 38 38 38 39 39 39 39 39 40 40 40 40 40 41 41 41 42 42 42 43 43 44 44 45 45 46 46 47 47 48 49 49
10 10 11 11 11 12 12 12 13 13 14 14 15 15 16 16 17 18 18 19 20 20 21 22 22 23 24 25 25 26 27 28 28 29 30 30 31 32 32 33 33 34 34 35 35 36 36 36 36 37 37 37 37 38 38 38 38 38 39 39 39 39 40 40 40 40 41 41 42 42 43 43 44 44 45 45 46 46 47 48 48 49
10 10 11 11 11 11 12 12 13 13 13 14 14 15 15 16 16 17 18 18 19 20 20 21 22 22 23 24 24 25 26 27 27 28 29 29 30 31 31 32 32 33 33 34 34 35 35 35 35 36 36 36 36 37 37 37 37 37 38 38 38 38 39 39 39 40 40 40 41 41 42 42 43 43 44 45 45 46 47 47 48 48
10 10 10 11 11 11 12 12 12 13 13 13 14 14 15 15 16 16 17 17 18 19 19 20 21 22 22 23 24 24 25 26 26 27 28 28 29 30 30 31 31 32 32 33 33 34 34 34 34 35 35 35 35 36 36 36 36 36 37 37 37 37 38 38 38 39 39 40 40 41 41 42 42 43 43 44 45 45 46 47 47 48
10 10 10 11 11 11 11 12 12 12 13 13 13 14 14 15 15 16 16 17 17 18 19 19 20 21 21 22 23 24 24 25 26 26 27 28 28 29 29 30 30 31 31 32 32 33 33 33 33 34 34 34 34 35 35 35 35 35 36 36 36 36 37 37 37 38 38 39 39 40 40 41 42 42 43 43 44 45 46 46 47 48
10 10 10 10 11 11 11 11 12 12 12 13 13 13 14 14 15 15 16 16 17 17 18 19 19 20 21 21 22 23 23 24 25 25 26 27 27 28 28 29 30 30 30 31 31 32 32 32 32 33 33 33 33 34 34 34 34 34 35 35 35 36 36 36 37 37 37 38 38 39 40 40 41 42 42 43 44 44 45 46 46 47
10 10 10 10 11 11 11 11 11 12 12 12 13 13 13 14 14 15 15 16 16 17 17 18 19 19 20 21 21 22 23 23 24 25 25 26 26 27 28 28 29 29 30 30 30 31 31 31 32 32 32 32 32 33 33 33 33 34 34 34 34 35 35 35 36 36 37 37 38 38 39 40 40 41 42 42 43 44 45 45 46 47
10 10 10 10 10 11 11 11 11 11 12 12 12 13 13 13 14 14 15 15 16 16 17 17 18 19 19 20 21 21 22 23 23 24 24 25 26 26 27 27 28 28 29 29 29 30 30 30 31 31 31 31 32 32 32 32 32 33 33 33 34 34 34 34 35 35 36 36 37 38 38 39 40 40 41 42 43 43 44 45 46 46
10 10 10 10 10 11 11 11 11 11 12 12 12 12 13 13 13 14 14 15 15 16 16 17 17 18 19 19 20 21 21 22 22 23 24 24 25 25 26 26 27 27 28 28 29 29 29 30 30 30 30 31 31 31 31 31 32 32 32 32 33 33 33 34 34 35 35 36 36 37 38 38 39 40 40 41 42 43 44 44 45 46
10 10 10 10 10 11 11 11 11 11 11 12 12 12 12 13 13 13 14 14 15 15 16 16 17 17 18 19 19 20 20 21 22 22 23 23 24 25 25 26 26 27 27 27 28 28 28 29 29 29 30 30 30 30 30 31 31 31 31 32 32 32 33 33 33 34 34 35 36 36 37 38 38 39 40 41 42 42 43 44 45 46
10 10 10 10 10 10 11 11 11 11 11 11 12 12 12 12 13 13 14 14 14 15 15 16 16 17 18 18 19 19 20 20 21 22 22 23 23 24 24 25 25 26 26 27 27 27 28 28 28 29 29 29 29 29 30 30 30 30 31 31 31 32 32 32 33 33 34 34 35 36 36 37 38 39 39 40 41 42 43 44 45 45
10 10 10 10 10 10 11 11 11 11 11 11 11 12 12 12 13 13 13 14 14 14 15 15 16 17 17 18 18 19 19 20 21 21 22 22 23 23 24 24 25 25 26 26 26 27 27 27 28 28 28 28 29 29 29 29 29 30 30 30 31 31 31 32 32 33 33 34 34 35 36 36 37 38 39 40 41 42 42 43 44 45
10 10 10 10 10 11 11 11 11 11 11 11 11 11 12 12 12 13 13 13 14 14 15 15 16 16 17 17 18 18 19 19 20 21 21 22 22 23 23 24 24 25 25 25 26 26 26 27 27 27 27 28 28 28 28 29 29 29 29 30 30 30 31 31 31 32 33 33 34 34 35 36 37 38 38 39 40 41 42 43 44 45
11 11 11 11 11 11 11 11 11 11 11 11 11 11 12 12 12 12 13 13 13 14 14 15 15 16 16 17 17 18 18 19 20 20 21 21 22 22 23 23 24 24 24 25 25 25 26 26 26 27 27 27 27 27 28 28 28 28 29 29 29 30 30 30 31 31 32 33 33 34 35 35 36 37 38 39 40 41 42 43 44 45
11 11 11 11 11 11 11 11 11 11 11 11 11 11 11 12 12 12 12 13 13 14 14 14 15 15 16 16 17 17 18 19 19 20 20 21 21 22 22 23 23 24 24 24 25 25 25 25 26 26 26 26 27 27 27 27 28 28 28 28 29 29 29 30 30 31 31 32 33 33 34 35 36 37 38 39 39 40 41 42 43 44
-9999 -9999 11 11 11 11 11 11 11 11 11 11 11 11 11 12 12 12 12 13 13 13 14 14 15 15 16 16 17 17 18 18 19 19 20 20 21 21 22 22 23 23 23 24 24 24 25 25 25 25 26 26 26 26 27 27 27 27 28 28 28 29 29 29 30 30 31 32 32 33 34 35 35 36 37 38 39 40 41 42 43 44
-9999 -9999 -9999 -9999 -9999 -9999 -9999 11 11 11 11 11 11 -9999 -9999 12 12 12 12 12 13 13 13 14 14 15 15 16 16 17 17 18 18 19 19 20 20 21 21 22 22 23 23 23 24 24 24 24 25 25 25 25 26 26 26 26 26 27 27 27 28 28 28 29 29 30 30 31 32 32 33 34 35 36 37 38 39 40 41 42 43 44
-9999 -9999 -9999 -9999 -9999 -9999 -9999 -9999 -9999 11 11 11 -9999 -9999 -9999 -9999 -9999 -9999 -9999 13 13 13 13 14 14 14 15 15 16 16 17 17 18 18 19 19 20 20 21 21 22 22 22 23 23 23 24 24 24 24 25 25 25 25 25 26 26 26 26 27 27 27 28 28 29 29 30 31 31 32 33 34 35 35 36 37 38 39 40 41 42 43
-9999 -9999 -9999 -9999 -9999 -9999 -9999 -9999 -9999 -9999 -9999 -9999 -9999 -9999 -9999 -9999 -9999 -9999 -9999 -9999 -9999 13 13 13 14 14 15 15 16 16 17 17 18 18 19 19 19 20 20 21 21 22 22 22 23 23 23 23 24 24 24 24 25 25 25 25 25 26 26 26 27 27 27 28 28 29 29 30 31 32 32 33 34 35 36 37 38 39 40 41 42 43
-9999 -9999 -9999 -9999 -9999 -9999 -9999 -9999 -9999 -9999 -9999 -9999 -9999 -9999 -9999 -9999 -9999 -9999 -9999 -9999 -9999 -9999 13 13 14 14 14 15 15 16 16 17 17 18 18 19 19 20 20 20 21 21 22 22 22 23 23 23 23 23 24 24 24 24 25 25 25 25 26 26 26 27 27 27 28 28 29 30 30 31 32 33 34 35 36 37 38 39 40 41 42 43
-9999 -9999 -9999 -9999 -9999 -9999 -9999 -9999 -9999 -9999 -9999 -9999 -9999 -9999 -9999 -9999 -9999 -9999 -9999 -9999 -9999 -9999 -9999 13 13 14 14 15 15 16 16 16 17 17 18 18 19 19 20 20 20 21 21 22 22 22 22 23 23 23 23 23 24 24 24 24 25 25 25 25 26 26 27 27 27 28 29 29 30 31 31 32 33 34 35 36 37 38 39 40 41 42
-9999 -9999 -9999 -9999 -9999 -9999 -9999 -9999 -9999 -9999 -9999 -9999 -9999 -9999 -9999 -9999 -9999 -9999 -9999 -9999 -9999 -9999 -9999 13 13 14 14 14 15 15 16 16 17 17 18 18 18 19 19 20 20 20 21 21 21 22 22 22 22 23 23 23 23 23 24 24 24 24 25 25 25 26 26 27 27 28 28 29 29 30 31 32 33 34 35 36 37 38 39 40 41 42
-9999 -9999 -9999 -9999 -9999 -9999 -9999 -9999 -9999 -9999 -9999 -9999 -9999 -9999 -9999 -9999 -9999 -9999 -9999 -9999 -9999 -9999 -9999 -9999 13 13 14 14 15 15 16 16 16 17 17 18 18 19 19 19 20 20 20 21 21 21 22 22 22 22 22 23 23 23 23 23 24 24 24 25 25 25 26 26 27 27 28 28 29 30 31 32 32 33 34 35 36 37 38 39 41 42
-9999 -9999 -9999 -9999 -9999 -9999 -9999 -9999 -9999 -9999 -9999 -9999 -9999 -9999 -9999 -9999 -9999 -9999 -9999 -9999 -9999 -9999 -9999 -9999 13 13 -9999 -9999 -9999 15 15 16 16 17 17 17 18 18 19 19 19 20 20 20 21 21 21 21 22 22 22 22 22 23 23 23 23 24 24 24 24 25 25 26 26 27 27 28 29 29 30 31 32 33 34 35 36 37 38 39 40 41
-9999 -9999 -9999 -9999 -9999 -9999 -9999 -9999 -9999 -9999 -9999 -9999 -9999 -9999 -9999 -9999 -9999 -9999 -9999 -9999 -9999 -9999 -9999 -9999 -9999 -9999 14 14 -9999 15 15 15 16 16 17 17 18 18 18 19 19 19 20 20 20 21 21 21 21 21 22 22 22 22 22 23 23 23 23 24 24 24 25 25 26 26 27 28 28 29 30 31 32 33 34 34 36 37 38 39 40 41
