Artocarpus altilis SDM files/Environmental layers/bio2.asc
ncols  1201
nrows  481
xllcorner  119.958333335783
yllcorner  -15.041666666017
cellsize 0.041666666667
NODATA_value  -9999
[rows 407 to 443 of 481, columns 82 to 163 of 1201]
13 14 -9999 -9999 -9999 -9999 -9999 -9999 -9999 17 18 18 18 19 19 19 19 20 20 20 20 21 21 21 21 21 22 22 22 23 -9999 24 24 24 25 25 26 27 27 28 29 30 31 32 33 34 36 37 38 39 41 42 43 45 46 47 49 50 51 53 54 55 56 57 58 59 60 61 62 63 64 64 65 66 67 67 68 68 69 69 70 70
13 14 -9999 -9999 -9999 -9999 -9999 -9999 -9999 17 18 18 18 19 19 19 20 20 20 20 21 21 21 21 22 22 22 22 23 23 24 24 24 25 -9999 26 26 27 28 29 30 31 32 33 34 35 36 37 39 40 41 43 44 46 47 48 50 51 52 53 55 56 57 58 59 60 61 62 63 64 65 65 66 67 67 68 68 69 70 70 70 71
14 -9999 -9999 -9999 -9999 -9999 -9999 17 17 18 18 18 19 19 19 20 20 20 20 21 21 21 21 22 22 22 22 23 23 23 24 24 24 25 25 26 27 27 28 29 30 31 32 33 34 36 37 38 39 41 42 44 45 46 48 49 50 52 53 54 55 57 58 59 60 61 62 63 64 65 65 66 67 67 68 69 69 70 70 71 71 72
-9999 -9999 -9999 -9999 -9999 -9999 -9999 17 17 18 18 19 19 19 20 20 20 20 21 21 21 21 22 22 22 22 23 23 23 24 24 24 25 25 26 26 27 28 29 30 30 31 33 34 35 36 37 39 40 41 43 44 46 47 48 50 51 52 54 55 56 58 59 60 61 62 63 64 65 65 66 67 68 68 69 69 70 70 71 71 72 72
-9999 -9999 -9999 -9999 -9999 -9999 -9999 17 18 18 18 19 19 20 20 20 20 21 21 21 21 22 22 22 22 23 23 23 24 24 24 25 25 26 26 27 27 28 29 30 31 32 33 34 35 37 38 39 41 42 43 45 46 48 49 50 52 53 55 56 57 58 59 61 62 63 64 64 65 66 67 68 68 69 69 70 70 71 71 72 72 73
-9999 -9999 -9999 -9999 -9999 -9999 -9999 17 18 18 19 19 19 20 20 20 21 21 21 22 22 22 22 22 23 23 23 23 -9999 24 25 25 25 26 27 27 28 29 29 30 31 32 33 35 36 37 38 40 41 43 44 45 47 48 50 51 53 54 55 57 58 59 60 61 62 63 64 65 66 67 68 68 69 69 70 71 71 72 72 72 73 73
14 -9999 -9999 -9999 -9999 -9999 -9999 18 18 18 19 19 20 20 20 21 21 21 22 22 22 22 22 23 23 23 23 -9999 25 25 25 25 26 26 27 27 28 29 30 31 32 33 34 35 36 38 39 40 42 43 45 46 47 49 50 52 53 55 56 57 59 60 61 62 63 64 65 66 67 68 68 69 70 70 71 71 72 72 73 73 73 74
14 15 -9999 16 16 17 17 18 18 19 19 19 20 20 21 21 21 22 22 22 22 23 23 23 23 24 24 24 24 25 25 26 26 27 27 28 29 29 30 31 32 33 34 36 37 38 39 41 42 44 45 47 48 50 51 52 54 55 57 58 59 60 62 63 64 65 66 67 67 68 69 70 70 71 71 72 72 73 73 74 74 74
14 15 16 16 16 17 17 18 18 19 19 20 20 20 21 21 21 22 22 22 23 23 23 23 24 24 24 24 25 25 25 26 26 27 28 28 29 30 31 31 33 34 35 36 37 39 40 41 43 44 46 47 49 50 52 53 55 56 57 59 60 61 62 63 64 65 66 67 68 69 70 70 71 71 72 72 73 73 74 74 74 75
15 15 16 16 17 17 18 18 19 19 20 20 20 21 21 21 22 22 22 23 23 23 23 24 24 24 24 25 25 25 26 26 27 27 28 29 29 30 31 32 33 34 35 36 38 39 40 42 43 45 46 48 49 51 52 54 55 57 58 59 61 62 63 64 65 66 67 68 69 69 70 71 71 72 72 73 73 74 74 75 75 75
15 15 16 16 17 17 18 18 19 19 20 20 21 21 21 22 22 22 23 23 23 23 24 24 24 24 25 25 25 26 26 27 27 28 28 29 30 30 31 32 33 34 36 37 38 40 41 42 44 45 47 48 50 51 53 54 56 57 59 60 61 62 64 65 66 67 68 69 69 70 71 71 72 73 73 73 74 74 75 75 75 76
-9999 16 16 17 17 18 18 19 19 20 20 20 21 21 22 22 22 23 23 23 23 24 24 24 24 25 25 25 26 26 26 27 27 28 29 29 30 31 32 33 34 35 36 37 39 40 41 43 44 46 47 49 50 52 53 55 56 58 59 60 62 63 64 65 66 67 68 69 70 71 71 72 73 73 74 74 74 75 75 75 76 76
-9999 -9999 -9999 17 17 18 18 19 19 20 20 21 21 21 22 22 23 23 23 23 24 24 24 24 25 25 25 26 26 26 27 27 28 28 29 30 30 31 32 33 34 35 36 38 39 40 42 43 45 46 48 49 51 52 54 55 57 58 60 61 62 64 65 66 67 68 69 70 71 71 72 73 73 74 74 75 75 75 76 76 76 76
-9999 -9999 -9999 17 17 18 19 19 20 20 20 21 22 22 22 22 23 23 23 24 24 24 24 25 25 25 26 26 26 27 27 28 28 29 29 30 31 31 32 33 35 36 37 38 40 41 42 44 45 47 48 50 51 53 54 56 57 59 60 62 63 64 65 67 68 69 69 70 71 72 72 73 74 74 75 75 75 76 76 76 77 77
-9999 -9999 -9999 17 18 18 -9999 -9999 -9999 -9999 -9999 -9999 -9999 -9999 22 23 23 23 24 24 24 25 25 25 25 26 26 26 27 27 27 28 28 29 30 30 31 32 33 34 35 36 37 39 40 41 43 44 46 47 49 50 52 54 55 57 58 60 61 62 64 65 66 67 68 69 70 71 72 72 73 74 74 75 75 76 76 76 77 77 77 77
-9999 -9999 -9999 -9999 -9999 -9999 -9999 -9999 -9999 -9999 -9999 -9999 -9999 -9999 23 23 23 -9999 -9999 -9999 25 25 25 25 26 26 26 27 27 27 28 28 29 29 30 31 31 32 33 34 35 36 38 39 40 42 43 45 46 48 49 51 53 54 56 57 59 60 61 63 64 65 67 68 69 70 71 71 72 73 74 74 75 75 76 76 76 77 77 77 78 78
-9999 -9999 -9999 -9999 -9999 -9999 -9999 -9999 -9999 -9999 -9999 -9999 -9999 -9999 -9999 -9999 -9999 -9999 -9999 -9999 -9999 25 25 26 26 26 27 27 27 28 28 29 29 30 30 31 32 33 34 35 36 37 38 40 41 42 44 45 47 48 50 51 53 55 56 58 59 61 62 63 65 66 67 68 69 70 71 72 73 73 74 75 75 76 76 77 77 77 78 78 78 78
-9999 -9999 -9999 -9999 -9999 -9999 -9999 -9999 -9999 -9999 -9999 -9999 -9999 -9999 -9999 -9999 -9999 -9999 -9999 -9999 -9999 -9999 26 26 26 27 27 27 28 28 28 29 29 30 31 31 32 33 34 35 36 37 39 40 41 43 44 46 47 49 50 52 54 55 57 58 60 61 63 64 65 67 68 69 70 71 72 73 73 74 75 75 76 76 77 77 77 78 78 78 78 79
-9999 -9999 -9999 -9999 -9999 -9999 -9999 -9999 -9999 -9999 -9999 -9999 -9999 -9999 -9999 -9999 -9999 -9999 -9999 -9999 -9999 26 26 26 27 27 27 28 28 28 29 29 30 30 31 32 33 33 34 35 37 38 39 40 42 43 45 46 48 49 51 53 54 56 57 59 60 62 63 65 66 67 68 70 71 71 72 73 74 75 75 76 76 77 77 78 78 78 78 79 79 79
-9999 -9999 -9999 -9999 -9999 -9999 -9999 -9999 -9999 -9999 -9999 -9999 -9999 -9999 -9999 -9999 -9999 -9999 -9999 -9999 26 26 26 27 27 27 28 28 28 29 29 30 30 31 31 32 33 34 35 36 37 38 40 41 42 44 45 47 48 50 51 53 55 56 58 59 61 62 64 65 67 68 69 70 71 72 73 74 74 75 76 76 77 77 78 78 78 79 79 79 79 79
-9999 -9999 -9999 -9999 -9999 -9999 -9999 -9999 -9999 -9999 -9999 -9999 -9999 -9999 -9999 -9999 -9999 -9999 -9999 -9999 26 27 27 27 27 28 28 28 29 29 30 30 31 31 32 33 33 34 35 36 37 39 40 41 43 44 46 47 49 50 52 54 55 57 58 60 61 63 64 66 67 68 70 71 72 73 74 74 75 76 76 77 77 78 78 79 79 79 79 80 80 80
-9999 -9999 -9999 -9999 -9999 -9999 -9999 -9999 -9999 -9999 -9999 -9999 -9999 -9999 -9999 -9999 -9999 -9999 -9999 -9999 27 27 27 28 28 28 28 29 29 30 30 30 31 32 32 33 34 35 36 37 38 39 40 42 43 45 46 48 49 51 53 54 56 57 59 61 62 64 65 66 68 69 70 71 72 73 74 75 76 76 77 78 78 78 79 79 79 80 80 80 80 80
-9999 -9999 -9999 -9999 -9999 -9999 -9999 -9999 -9999 -9999 -9999 -9999 -9999 -9999 -9999 -9999 -9999 -9999 -9999 -9999 -9999 -9999 28 28 28 -9999 29 29 30 30 30 31 31 32 33 33 34 35 36 37 38 40 41 42 44 45 47 48 50 52 53 55 56 58 60 61 63 64 66 67 68 70 71 72 73 74 75 76 76 77 78 78 79 79 79 80 80 80 80 81 81 81
-9999 -9999 -9999 -9999 -9999 -9999 -9999 -9999 -9999 -9999 -9999 -9999 -9999 -9999 -9999 -9999 -9999 -9999 -9999 -9999 -9999 -9999 -9999 28 29 -9999 -9999 30 30 30 31 31 32 33 33 34 35 36 37 38 39 40 41 43 44 46 47 49 50 52 54 55 57 59 60 62 63 65 66 68 69 70 71 73 74 75 75 76 77 78 78 79 79 80 80 80 81 81 81 81 81 81
-9999 -9999 -9999 -9999 -9999 -9999 -9999 -9999 -9999 -9999 -9999 -9999 -9999 -9999 -9999 -9999 -9999 -9999 -9999 -9999 -9999 -9999 -9999 -9999 -9999 -9999 -9999 -9999 31 31 31 32 32 33 34 34 35 36 37 38 39 41 42 43 45 46 48 49 51 53 54 56 58 59 61 62 64 65 67 68 70 71 72 73 74 75 76 77 78 78 79 79 80 80 81 81 81 81 82 82 82 82
-9999 -9999 -9999 -9999 -9999 -9999 -9999 -9999 -9999 -9999 -9999 -9999 -9999 -9999 -9999 -9999 -9999 -9999 -9999 -9999 -9999 -9999 -9999 -9999 -9999 -9999 -9999 -9999 -9999 31 32 32 33 33 34 35 36 37 38 39 40 41 43 44 45 47 48 50 52 53 55 57 58 60 61 63 65 66 68 69 70 72 73 74 75 76 77 78 78 79 79 80 80 81 81 82 82 82 82 82 82 83
-9999 -9999 -9999 -9999 -9999 -9999 -9999 -9999 -9999 -9999 -9999 -9999 -9999 -9999 -9999 -9999 -9999 -9999 -9999 -9999 -9999 -9999 -9999 -9999 -9999 -9999 -9999 32 32 32 32 33 33 34 35 35 36 37 38 39 41 42 43 45 46 47 49 51 52 54 56 57 59 60 62 64 65 67 68 70 71 72 73 75 76 77 77 78 79 80 80 81 81 81 82 82 82 83 83 83 83 83
-9999 -9999 -9999 -9999 -9999 -9999 -9999 -9999 -9999 -9999 -9999 -9999 -9999 -9999 -9999 -9999 -9999 -9999 -9999 -9999 -9999 -9999 -9999 -9999 -9999 -9999 -9999 32 32 32 33 33 34 35 35 36 37 38 39 40 41 42 44 45 47 48 50 51 53 55 56 58 59 61 63 64 66 67 69 70 72 73 74 75 76 77 78 79 80 80 81 81 82 82 83 83 83 83 83 84 84 84
-9999 -9999 -9999 -9999 -9999 -9999 -9999 -9999 -9999 -9999 -9999 -9999 -9999 -9999 -9999 -9999 -9999 -9999 -9999 -9999 -9999 -9999 -9999 -9999 -9999 -9999 -9999 -9999 33 33 33 -9999 -9999 35 36 37 37 38 39 41 42 43 44 46 47 49 50 52 54 55 57 59 60 62 63 65 67 68 70 71 72 74 75 76 77 78 79 80 80 81 81 82 82 83 83 83 84 84 84 84 84 84
-9999 -9999 -9999 -9999 -9999 -9999 -9999 -9999 -9999 -9999 -9999 -9999 -9999 -9999 -9999 -9999 -9999 -9999 -9999 -9999 -9999 -9999 -9999 -9999 -9999 -9999 -9999 -9999 -9999 -9999 -9999 -9999 -9999 36 36 37 38 39 40 41 42 44 45 46 48 49 51 53 54 56 58 59 61 63 64 66 67 69 70 72 73 74 76 77 78 79 80 80 81 82 82 83 83 84 84 84 84 85 85 85 85 85
-9999 -9999 -9999 -9999 -9999 -9999 -9999 -9999 -9999 -9999 -9999 -9999 -9999 -9999 -9999 -9999 -9999 -9999 -9999 -9999 -9999 -9999 -9999 -9999 -9999 -9999 -9999 -9999 -9999 -9999 -9999 -9999 -9999 -9999 37 38 39 40 41 42 43 44 46 47 49 50 52 53 55 57 58 60 62 63 65 66 68 70 71 73 74 75 76 77 78 79 80 81 82 82 83 83 84 84 85 85 85 85 85 86 86 86
-9999 -9999 -9999 -9999 -9999 -9999 -9999 -9999 -9999 -9999 -9999 -9999 -9999 -9999 -9999 -9999 -9999 31 31 -9999 32 -9999 -9999 -9999 -9999 -9999 -9999 -9999 34 35 36 -9999 -9999 38 38 39 39 40 41 42 44 45 46 48 49 51 52 54 56 57 59 61 62 64 66 67 69 70 72 73 75 76 77 78 79 80 81 82 83 83 84 84 85 85 85 86 86 86 86 86 86 86
-9999 -9999 -9999 -9999 -9999 -9999 -9999 -9999 -9999 -9999 -9999 -9999 -9999 -9999 -9999 -9999 32 31 32 32 32 33 -9999 34 34 34 35 35 35 35 36 37 38 38 38 39 40 41 42 43 44 46 47 48 50 51 53 55 56 58 60 61 63 65 66 68 70 71 73 74 75 77 78 79 80 81 82 83 83 84 84 85 85 86 86 86 86 87 87 87 87 87
-9999 -9999 -9999 -9999 -9999 -9999 -9999 -9999 -9999 -9999 -9999 -9999 -9999 -9999 31 31 31 32 32 33 33 33 34 34 34 34 35 35 36 36 37 37 38 38 39 40 41 42 43 44 45 46 48 49 51 52 54 55 57 59 60 62 64 65 67 69 70 72 73 75 76 77 79 80 81 82 83 83 84 85 85 86 86 86 87 87 87 87 87 88 88 88
-9999 -9999 -9999 -9999 -9999 -9999 -9999 -9999 -9999 -9999 -9999 -9999 31 31 31 32 32 33 33 33 34 34 34 35 35 35 36 36 36 37 37 38 38 39 40 41 41 42 43 45 46 47 49 50 51 53 55 56 58 59 61 63 65 66 68 69 71 73 74 76 77 78 79 80 81 82 83 84 85 85 86 86 87 87 87 88 88 88 88 88 88 88
-9999 -9999 -9999 -9999 -9999 -9999 -9999 -9999 -9999 -9999 -9999 -9999 31 31 32 32 33 33 34 34 34 35 35 35 36 36 37 37 37 38 38 39 39 40 41 41 42 43 44 45 47 48 49 51 52 54 55 57 59 60 62 64 65 67 69 70 72 73 75 76 78 79 80 81 82 83 84 85 85 86 87 87 87 88 88 88 89 89 89 89 89 89
-9999 -9999 -9999 -9999 -9999 -9999 -9999 -9999 -9999 -9999 -9999 -9999 32 32 33 33 34 34 34 35 35 35 36 36 36 37 37 38 38 38 39 39 40 41 41 42 43 44 45 46 47 49 50 51 53 54 56 58 59 61 63 64 66 68 69 71 73 74 76 77 78 80 81 82 83 84 85 85 86 87 87 88 88 89 89 89 89 89 89 90 90 90
