Artocarpus altilis SDM files/Environmental layers/bio4.asc
ncols  1201
nrows  481
xllcorner  119.958333335783
yllcorner  -15.041666666017
cellsize 0.041666666667
NODATA_value  -9999
[rows 180 to 215 of 481, columns 480 to 559 of 1201]
323 320 317 313 310 307 305 304 299 294 290 287 287 290 283 284 276 269 262 257 254 254 -9999 -9999 -9999 -9999 -9999 -9999 -9999 -9999 -9999 -9999 -9999 -9999 -9999 -9999 -9999 -9999 -9999 -9999 -9999 -9999 -9999 -9999 -9999 -9999 -9999 -9999 -9999 -9999 -9999 -9999 -9999 -9999 -9999 -9999 -9999 -9999 -9999 -9999 -9999 -9999 -9999 -9999 -9999 -9999 -9999 -9999 -9999 -9999 -9999 -9999 -9999 -9999 -9999 -9999 -9999 -9999 -9999 -9999
330 326 323 319 316 312 309 307 305 302 296 292 288 285 283 281 276 271 266 263 259 257 255 -9999 -9999 -9999 -9999 -9999 -9999 -9999 -9999 -9999 -9999 -9999 -9999 -9999 -9999 -9999 -9999 -9999 -9999 -9999 -9999 -9999 -9999 -9999 -9999 -9999 -9999 -9999 -9999 -9999 -9999 -9999 -9999 -9999 -9999 -9999 -9999 -9999 -9999 -9999 -9999 -9999 -9999 -9999 -9999 -9999 -9999 -9999 -9999 -9999 -9999 -9999 -9999 -9999 -9999 -9999 -9999 -9999
337 333 329 326 323 319 315 312 309 306 301 297 293 290 286 283 280 275 271 268 266 262 259 256 254 251 248 247 -9999 -9999 -9999 -9999 -9999 -9999 -9999 -9999 -9999 -9999 -9999 -9999 -9999 -9999 -9999 -9999 -9999 -9999 -9999 -9999 -9999 -9999 -9999 -9999 -9999 -9999 -9999 -9999 -9999 -9999 -9999 -9999 -9999 -9999 -9999 -9999 -9999 -9999 -9999 -9999 -9999 -9999 -9999 -9999 -9999 -9999 -9999 -9999 -9999 -9999 -9999 -9999
344 340 337 334 332 327 322 318 314 311 307 304 300 296 292 289 287 283 279 274 271 268 265 262 262 262 258 252 249 246 244 242 -9999 -9999 -9999 -9999 -9999 -9999 -9999 -9999 -9999 -9999 -9999 -9999 -9999 -9999 -9999 -9999 -9999 -9999 -9999 -9999 -9999 -9999 -9999 -9999 -9999 -9999 -9999 -9999 -9999 -9999 -9999 -9999 -9999 -9999 -9999 -9999 -9999 -9999 -9999 -9999 -9999 -9999 -9999 -9999 -9999 -9999 -9999 -9999
350 346 343 340 337 335 330 325 321 317 314 311 307 303 299 295 292 288 285 280 276 273 270 267 264 263 262 259 256 255 251 245 243 -9999 -9999 236 -9999 -9999 -9999 -9999 -9999 -9999 -9999 -9999 -9999 -9999 -9999 -9999 -9999 -9999 -9999 -9999 -9999 -9999 -9999 -9999 -9999 -9999 -9999 -9999 -9999 -9999 -9999 -9999 -9999 -9999 -9999 -9999 -9999 -9999 -9999 -9999 -9999 -9999 -9999 -9999 -9999 -9999 -9999 -9999
356 352 349 346 342 339 337 333 328 323 319 316 312 308 304 300 296 293 290 286 282 279 276 274 271 269 267 264 262 261 258 252 248 245 243 239 -9999 -9999 -9999 -9999 -9999 -9999 -9999 -9999 -9999 -9999 -9999 -9999 -9999 -9999 -9999 -9999 -9999 -9999 -9999 -9999 -9999 -9999 -9999 -9999 -9999 -9999 -9999 -9999 -9999 -9999 -9999 -9999 -9999 -9999 -9999 -9999 -9999 -9999 -9999 -9999 -9999 -9999 -9999 -9999
360 357 354 351 348 345 341 338 335 330 326 321 317 313 309 305 301 298 294 291 287 285 285 283 277 274 272 269 266 264 261 258 254 250 246 244 241 240 239 -9999 -9999 -9999 -9999 -9999 -9999 -9999 -9999 -9999 -9999 -9999 -9999 -9999 -9999 -9999 -9999 -9999 -9999 -9999 -9999 -9999 -9999 -9999 -9999 -9999 -9999 -9999 -9999 -9999 -9999 -9999 -9999 -9999 -9999 -9999 -9999 -9999 -9999 -9999 -9999 -9999
366 363 359 356 352 350 348 344 341 338 334 328 324 320 316 311 307 303 299 296 292 289 288 286 284 280 276 272 269 266 263 262 258 254 251 247 245 243 241 239 239 233 232 231 -9999 -9999 -9999 -9999 -9999 -9999 -9999 -9999 -9999 -9999 -9999 -9999 -9999 -9999 -9999 -9999 -9999 -9999 -9999 -9999 -9999 -9999 -9999 -9999 -9999 -9999 -9999 -9999 -9999 -9999 -9999 -9999 -9999 -9999 -9999 -9999
371 368 365 362 358 355 352 350 345 342 340 336 329 325 321 316 312 308 304 301 297 294 291 290 288 285 282 276 272 269 266 263 261 257 254 251 249 247 245 244 241 238 235 233 232 -9999 -9999 -9999 -9999 -9999 -9999 -9999 -9999 -9999 -9999 -9999 -9999 -9999 -9999 -9999 -9999 -9999 -9999 -9999 -9999 -9999 -9999 -9999 -9999 -9999 -9999 -9999 -9999 -9999 -9999 -9999 -9999 -9999 -9999 -9999
376 373 370 368 363 359 356 353 351 347 344 340 335 332 326 321 318 314 309 306 302 299 295 292 289 286 283 279 276 273 269 267 264 261 258 255 253 251 249 248 245 243 239 237 235 234 -9999 -9999 230 229 -9999 -9999 -9999 -9999 -9999 -9999 -9999 -9999 -9999 -9999 -9999 -9999 -9999 -9999 -9999 -9999 -9999 -9999 -9999 -9999 -9999 -9999 -9999 -9999 -9999 -9999 -9999 -9999 -9999 -9999
380 377 374 371 368 364 362 358 355 352 350 346 341 336 331 327 324 319 315 311 307 303 300 296 293 290 287 283 280 277 274 271 268 265 262 259 257 255 253 251 250 248 245 243 240 237 235 234 232 231 229 -9999 -9999 -9999 -9999 -9999 -9999 -9999 -9999 -9999 -9999 -9999 -9999 -9999 -9999 -9999 -9999 -9999 -9999 -9999 -9999 -9999 -9999 -9999 -9999 -9999 -9999 -9999 -9999 -9999
385 382 379 376 373 369 366 362 359 355 352 349 345 341 336 333 329 324 319 315 311 308 304 301 298 294 291 288 285 282 278 275 272 269 266 264 261 259 257 255 254 252 250 247 245 243 240 238 236 235 235 233 232 232 -9999 -9999 -9999 -9999 -9999 -9999 -9999 -9999 -9999 -9999 -9999 -9999 -9999 -9999 -9999 -9999 -9999 -9999 -9999 -9999 -9999 -9999 -9999 -9999 -9999 -9999
389 386 383 380 377 374 370 367 363 360 357 353 349 346 342 338 334 329 324 320 316 313 310 306 302 299 296 292 289 286 283 280 276 274 271 268 266 264 261 259 257 255 253 250 248 246 244 243 241 239 238 236 235 234 -9999 -9999 -9999 -9999 -9999 -9999 -9999 -9999 -9999 -9999 -9999 -9999 -9999 -9999 -9999 -9999 -9999 -9999 -9999 -9999 -9999 -9999 -9999 -9999 -9999 -9999
394 391 388 384 381 377 374 371 367 364 360 357 353 350 347 342 339 334 330 325 323 318 316 313 311 305 301 297 294 291 288 284 281 279 276 273 271 269 266 263 261 260 257 255 253 251 249 247 246 244 243 242 241 239 240 -9999 -9999 -9999 -9999 -9999 -9999 -9999 -9999 -9999 -9999 -9999 -9999 -9999 -9999 -9999 -9999 -9999 -9999 -9999 -9999 -9999 -9999 -9999 -9999 -9999
398 395 391 388 384 381 377 374 372 368 364 361 358 353 350 345 341 338 333 329 326 324 322 320 321 315 310 306 301 299 294 290 287 285 282 280 277 275 273 270 268 266 263 261 259 257 255 253 251 250 249 248 246 246 245 244 244 244 243 242 245 -9999 -9999 -9999 -9999 -9999 -9999 -9999 -9999 -9999 -9999 -9999 -9999 -9999 -9999 -9999 -9999 -9999 -9999 -9999
403 399 395 391 388 384 381 378 374 371 368 364 361 357 353 349 345 342 338 334 331 327 327 327 326 328 322 318 308 305 303 300 299 296 293 292 290 288 285 283 279 277 272 269 268 264 262 260 260 257 255 254 253 252 251 251 250 249 249 248 247 -9999 -9999 -9999 -9999 -9999 -9999 -9999 -9999 -9999 -9999 -9999 -9999 -9999 -9999 -9999 -9999 -9999 -9999 -9999
407 403 399 395 391 387 384 380 377 373 370 367 364 360 356 353 350 346 343 340 337 334 331 330 330 331 333 328 321 317 315 311 304 301 299 298 294 293 297 297 293 289 280 278 277 274 271 269 266 267 264 262 261 260 259 258 257 257 256 256 257 258 258 -9999 -9999 -9999 -9999 -9999 -9999 -9999 -9999 -9999 -9999 -9999 -9999 -9999 -9999 -9999 259 259
411 407 403 399 395 391 387 383 379 376 373 370 369 363 359 356 353 350 347 344 342 338 336 333 331 331 330 331 330 326 326 318 313 307 304 303 300 300 300 299 305 298 289 290 288 282 280 277 276 274 273 273 271 269 269 268 266 265 265 265 264 264 264 267 267 -9999 -9999 -9999 -9999 -9999 -9999 -9999 -9999 -9999 -9999 -9999 -9999 -9999 263 265
415 411 407 402 398 394 390 386 382 379 375 372 370 366 363 360 356 353 350 348 346 343 340 337 335 334 334 329 328 324 321 317 315 312 310 310 307 307 305 306 313 312 308 300 300 298 293 287 286 285 283 282 280 279 278 276 275 275 274 274 273 273 273 273 272 272 273 274 275 -9999 -9999 -9999 -9999 -9999 -9999 -9999 -9999 -9999 -9999 -9999
419 415 410 406 401 398 393 390 385 381 378 374 371 368 366 362 359 357 354 352 350 348 344 342 340 340 336 333 331 329 326 323 321 319 318 317 316 314 313 316 315 315 323 313 309 308 305 298 297 301 300 297 293 290 287 286 286 285 284 284 283 283 284 284 284 283 283 283 283 284 285 287 -9999 -9999 -9999 -9999 -9999 -9999 -9999 -9999
423 419 414 409 405 400 396 393 389 384 381 377 374 371 368 365 362 360 358 356 354 352 349 348 346 345 343 342 338 335 333 331 329 327 326 324 323 322 321 321 320 321 323 323 323 317 316 312 308 313 317 316 309 305 302 303 300 300 299 296 298 301 301 298 301 299 297 295 295 295 294 294 296 296 295 295 295 297 298 -9999
427 422 417 412 408 403 400 396 392 387 383 380 377 374 371 369 366 364 362 360 358 356 355 354 353 351 350 348 345 343 341 339 337 336 335 333 332 331 330 329 328 329 329 328 327 324 325 323 326 323 326 326 328 326 321 323 321 319 316 313 313 314 316 312 310 311 313 312 312 312 311 307 306 307 308 306 307 307 308 307
431 425 420 416 411 407 403 398 394 390 387 383 380 377 375 372 370 368 366 365 363 362 361 360 359 357 356 356 355 354 350 348 346 345 344 343 342 341 340 339 338 337 337 336 336 334 334 334 334 334 333 332 333 337 331 330 330 328 323 321 321 321 320 323 323 324 322 321 322 323 321 320 319 321 323 321 323 323 322 322
434 429 423 418 414 410 406 403 397 393 389 387 384 380 379 376 374 372 371 370 369 368 367 366 365 365 364 364 364 361 358 357 356 355 354 353 352 351 350 349 348 347 347 345 345 344 343 342 341 342 341 340 341 342 340 337 336 335 334 332 330 330 331 330 331 333 332 331 331 331 331 332 331 333 333 332 333 336 338 336
438 433 427 421 417 412 408 405 402 396 392 390 388 385 382 380 378 377 376 375 374 374 373 373 372 372 372 372 372 370 368 367 365 364 364 363 362 361 360 359 359 358 357 356 356 355 354 353 352 352 351 349 349 349 347 345 344 342 343 342 341 341 340 340 339 341 342 342 342 341 341 343 345 345 345 345 344 346 346 345
442 436 430 425 420 415 410 407 405 400 395 393 391 389 386 384 383 382 381 381 380 381 380 381 380 380 381 381 381 380 378 377 375 374 374 373 372 372 371 370 369 369 368 367 367 365 364 363 362 362 360 360 359 358 357 356 354 353 353 353 351 352 351 350 351 350 351 351 351 351 351 351 353 356 356 356 356 358 357 356
446 440 434 428 423 418 413 409 406 403 399 397 394 393 390 389 388 387 386 386 386 386 387 389 390 390 389 389 390 389 389 387 385 384 384 384 383 382 381 381 380 379 378 378 377 376 375 374 373 372 371 370 368 368 370 367 366 365 363 362 362 361 361 361 361 361 361 361 361 361 361 362 363 363 364 366 367 368 367 367
450 443 437 431 426 421 416 412 408 406 402 400 399 397 396 395 393 393 393 393 392 392 395 399 400 396 396 395 398 399 397 397 394 393 393 393 393 392 391 391 390 389 389 388 388 386 385 384 383 382 381 379 378 378 378 377 376 375 374 373 371 371 370 370 370 371 371 371 371 371 372 372 372 373 374 375 376 376 376 376
453 447 441 435 429 424 420 415 412 408 406 404 402 402 403 402 400 399 400 398 400 399 402 407 409 411 406 403 403 404 403 403 404 402 402 402 402 401 401 400 400 399 398 398 397 395 395 394 393 391 390 389 388 387 386 385 384 383 383 382 381 380 380 379 380 380 380 381 381 382 382 382 383 383 384 385 386 386 386 387
456 450 444 438 433 428 423 419 415 412 409 407 406 407 407 408 406 405 406 407 408 410 410 411 411 416 416 413 410 411 411 411 411 411 411 411 410 410 410 409 409 408 407 406 405 404 403 402 402 400 398 397 396 396 395 393 393 392 391 390 390 389 389 389 389 389 389 390 391 391 391 392 393 394 394 395 396 396 397 397
460 453 447 442 437 431 427 423 419 416 413 412 411 412 414 414 413 412 413 413 413 413 414 418 419 417 422 421 418 418 418 418 418 419 419 419 419 418 418 418 417 417 416 415 414 413 411 410 409 408 406 405 404 403 403 402 401 400 399 398 398 398 398 398 398 398 399 399 400 400 401 402 402 403 404 405 406 406 407 407
463 457 451 445 440 435 431 427 423 420 418 416 414 415 414 415 422 420 418 416 418 417 418 422 423 420 422 425 425 424 424 425 425 426 426 426 426 426 426 425 425 424 423 422 421 420 419 417 416 415 413 412 411 410 410 408 408 407 406 406 406 406 406 406 406 407 407 408 409 409 410 411 412 413 414 415 416 416 417 417
466 460 454 449 444 439 435 431 428 425 422 421 419 418 418 419 420 420 422 420 421 423 423 424 425 426 427 428 429 430 430 431 432 432 432 433 433 433 432 432 431 430 430 429 428 426 425 424 423 421 420 419 418 417 416 415 414 414 413 413 413 413 413 413 414 415 416 416 417 418 419 420 422 423 424 424 425 426 427 427
471 463 458 453 448 444 440 436 433 430 427 426 424 424 423 423 423 423 424 425 426 426 427 429 430 431 432 433 434 435 436 437 438 438 438 439 439 439 438 438 437 436 435 435 433 432 431 429 428 427 426 424 424 423 422 421 420 420 419 419 419 420 420 421 422 422 424 425 426 427 428 430 431 432 433 434 435 436 436 437
476 468 462 457 453 448 444 441 438 435 433 431 430 429 428 428 429 429 429 430 431 432 433 434 435 436 437 438 439 440 441 442 442 443 443 443 443 443 442 442 441 440 440 439 438 437 435 434 433 432 430 429 428 428 427 426 426 425 425 425 426 426 427 428 429 430 431 433 434 436 437 439 440 441 443 444 445 445 446 447
480 474 467 461 458 453 449 446 443 441 439 437 435 435 434 434 434 435 435 435 436 437 438 439 440 441 442 443 444 445 445 446 447 447 447 447 447 447 446 445 445 444 443 442 441 440 439 438 436 435 434 433 432 432 431 431 431 431 431 431 432 432 433 434 436 437 439 441 443 444 446 448 449 451 452 453 454 455 456 456
