Artocarpus altilis SDM files/Environmental layers/bio4.asc
ncols  1201
nrows  481
xllcorner  119.958333335783
yllcorner  -15.041666666017
cellsize 0.041666666667
NODATA_value  -9999
[rows 324 to 359 of 481, columns 480 to 559 of 1201]
1403 1397 1392 1386 1379 1373 1366 1359 1351 1343 1334 1326 1318 1309 1301 1293 1284 1276 1268 1260 1252 1244 1237 1229 1221 1215 1208 1201 1193 1187 1180 1174 1168 1162 1157 1151 1146 1141 1138 1133 1127 1122 1118 1114 1110 1106 1103 1099 1095 1091 1089 1086 1081 1078 1074 1072 1068 1066 1064 1062 1058 1054 1052 1049 1048 1047 1045 1043 1039 1037 1034 1030 1029 1029 1029 1028 1027 1027 1027 1026
1414 1408 1402 1396 1390 1383 1376 1369 1362 1354 1346 1337 1329 1320 1312 1304 1296 1288 1279 1271 1263 1255 1248 1240 1232 1225 1218 1212 1205 1197 1191 1185 1179 1173 1167 1162 1157 1151 1147 1143 1138 1134 1128 1124 1120 1116 1113 1109 1105 1101 1098 1094 1090 1086 1082 1079 1076 1074 1071 1068 1065 1062 1060 1058 1056 1054 1051 1046 1044 1043 1039 1036 1034 1033 1032 1030 1030 1031 1030 1031
1424 1419 1413 1407 1401 1394 1387 1380 1373 1365 1357 1349 1340 1331 1323 1315 1306 1298 1290 1282 1274 1266 1259 1251 1243 1236 1229 1223 1216 1208 1202 1195 1189 1184 1178 1172 1167 1162 1157 1152 1149 1145 1139 1134 1130 1126 1122 1118 1114 1110 1106 1103 1099 1094 1090 1087 1083 1081 1077 1074 1071 1068 1065 1063 1061 1059 1056 1053 1050 1046 1045 1042 1038 1037 1036 1035 1034 1034 1034 1034
1434 1429 1423 1418 1411 1405 1398 1391 1383 1376 1368 1361 1352 1343 1334 1325 1317 1309 1301 1293 1285 1277 1270 1263 1255 1247 1240 1234 1227 1219 1213 1207 1200 1194 1189 1183 1177 1173 1168 1163 1160 1155 1149 1144 1140 1136 1132 1127 1123 1119 1115 1112 1108 1104 1099 1095 1092 1088 1084 1081 1078 1075 1071 1069 1067 1064 1060 1059 1055 1051 1049 1047 1044 1041 1040 1040 1039 1037 1037 1037
1445 1440 1434 1428 1422 1415 1408 1401 1394 1387 1379 1371 1363 1354 1345 1336 1328 1320 1312 1304 1296 1289 1280 1273 1265 1258 1251 1244 1237 1230 1224 1217 1211 1205 1200 1194 1188 1183 1178 1174 1170 1164 1159 1154 1150 1145 1141 1137 1133 1128 1125 1121 1117 1113 1108 1103 1099 1096 1092 1088 1085 1082 1078 1075 1072 1069 1065 1064 1060 1055 1054 1052 1050 1048 1047 1045 1044 1042 1040 1042
1455 1450 1444 1438 1432 1426 1419 1412 1405 1397 1390 1382 1374 1366 1356 1347 1339 1331 1323 1315 1307 1300 1291 1283 1276 1269 1262 1255 1248 1242 1235 1228 1222 1216 1210 1205 1199 1194 1190 1185 1179 1174 1170 1165 1160 1156 1151 1147 1143 1138 1134 1130 1126 1122 1117 1112 1108 1104 1100 1096 1092 1088 1084 1081 1077 1074 1072 1069 1065 1061 1058 1057 1055 1053 1052 1050 1049 1047 1047 1046
1465 1460 1455 1449 1443 1436 1430 1423 1415 1408 1400 1393 1385 1377 1369 1358 1350 1342 1334 1326 1318 1311 1303 1295 1287 1280 1273 1266 1259 1253 1246 1240 1233 1227 1222 1217 1211 1205 1201 1195 1190 1185 1180 1175 1171 1166 1161 1157 1153 1148 1144 1140 1135 1131 1126 1119 1115 1112 1108 1103 1099 1096 1091 1087 1083 1080 1077 1073 1070 1067 1065 1062 1061 1058 1057 1056 1054 1053 1052 1050
1475 1470 1465 1459 1453 1446 1440 1433 1426 1418 1411 1403 1396 1388 1380 1371 1361 1353 1345 1337 1330 1322 1314 1306 1298 1291 1284 1277 1271 1264 1258 1251 1244 1239 1233 1227 1222 1216 1211 1205 1201 1195 1191 1186 1181 1176 1171 1167 1163 1158 1154 1149 1145 1140 1136 1130 1124 1120 1116 1111 1107 1102 1098 1094 1090 1086 1082 1080 1076 1072 1071 1069 1067 1065 1061 1060 1059 1058 1057 1055
1484 1480 1474 1469 1463 1457 1450 1443 1436 1429 1421 1414 1406 1399 1391 1383 1374 1364 1356 1349 1341 1333 1325 1317 1310 1303 1296 1288 1282 1275 1269 1261 1255 1250 1244 1238 1232 1227 1222 1216 1211 1206 1201 1196 1191 1187 1182 1177 1172 1168 1163 1158 1153 1149 1144 1140 1134 1129 1124 1119 1115 1111 1106 1102 1097 1094 1090 1087 1083 1080 1077 1074 1071 1068 1066 1064 1063 1062 1061 1059
1494 1489 1484 1479 1473 1466 1460 1453 1446 1439 1432 1424 1417 1409 1401 1394 1386 1377 1367 1360 1352 1344 1336 1329 1322 1314 1306 1299 1293 1286 1279 1273 1267 1261 1255 1249 1243 1238 1232 1227 1222 1216 1211 1206 1201 1197 1192 1187 1182 1178 1172 1168 1163 1158 1154 1148 1143 1137 1133 1128 1123 1118 1114 1110 1105 1102 1097 1094 1090 1087 1083 1080 1077 1073 1071 1068 1067 1067 1065 1064
1503 1499 1494 1488 1482 1476 1470 1463 1456 1449 1442 1434 1427 1419 1412 1404 1396 1388 1379 1370 1362 1355 1347 1340 1333 1325 1318 1310 1303 1297 1290 1284 1278 1272 1265 1260 1254 1248 1243 1237 1232 1227 1221 1216 1212 1207 1202 1197 1192 1186 1181 1177 1172 1167 1162 1157 1152 1146 1141 1136 1131 1126 1122 1117 1113 1109 1104 1100 1096 1092 1088 1086 1083 1080 1077 1073 1073 1072 1070 1068
1512 1508 1503 1498 1492 1486 1480 1473 1466 1459 1452 1445 1437 1429 1422 1414 1406 1398 1390 1382 1372 1365 1358 1351 1344 1336 1328 1322 1315 1308 1302 1296 1289 1283 1277 1271 1265 1259 1253 1248 1243 1237 1232 1227 1222 1217 1212 1207 1202 1197 1191 1186 1181 1176 1171 1166 1160 1155 1150 1144 1139 1134 1129 1124 1120 1115 1110 1105 1101 1097 1093 1090 1087 1085 1083 1081 1078 1076 1074 1072
1521 1517 1512 1507 1501 1495 1489 1483 1476 1469 1462 1455 1447 1439 1432 1424 1416 1409 1401 1393 1384 1375 1367 1360 1354 1346 1340 1333 1326 1320 1314 1307 1301 1294 1288 1282 1276 1270 1264 1259 1253 1248 1243 1237 1232 1227 1222 1218 1212 1207 1201 1196 1190 1184 1180 1174 1169 1163 1158 1152 1146 1141 1136 1131 1127 1123 1117 1112 1107 1104 1100 1097 1094 1092 1089 1087 1084 1082 1079 1078
1530 1526 1521 1516 1510 1504 1498 1492 1485 1479 1472 1464 1457 1449 1442 1434 1427 1419 1411 1403 1395 1388 1378 1370 1363 1357 1350 1343 1337 1331 1325 1318 1312 1306 1299 1293 1287 1281 1275 1270 1264 1258 1253 1248 1243 1238 1232 1227 1222 1216 1211 1205 1200 1194 1189 1182 1177 1172 1166 1160 1154 1149 1143 1138 1133 1129 1123 1119 1115 1110 1106 1102 1101 1097 1094 1092 1090 1088 1086 1084
1539 1534 1530 1525 1519 1514 1507 1501 1495 1488 1481 1474 1467 1459 1452 1444 1437 1429 1421 1414 1406 1399 1391 1383 1375 1368 1360 1354 1348 1342 1335 1329 1323 1316 1310 1304 1298 1292 1287 1281 1275 1270 1264 1259 1254 1249 1243 1238 1232 1227 1221 1215 1209 1203 1198 1192 1186 1180 1174 1168 1163 1157 1151 1146 1142 1136 1130 1126 1122 1117 1113 1110 1106 1105 1102 1099 1096 1093 1090 1088
1547 1543 1538 1533 1528 1522 1516 1510 1504 1497 1490 1484 1476 1469 1462 1454 1447 1439 1432 1424 1417 1409 1402 1394 1387 1380 1371 1363 1357 1351 1346 1339 1334 1329 1323 1316 1310 1304 1298 1292 1287 1282 1276 1270 1265 1259 1254 1248 1243 1237 1231 1226 1220 1215 1209 1201 1195 1189 1183 1177 1171 1165 1159 1154 1149 1143 1138 1134 1129 1125 1121 1117 1115 1112 1108 1105 1102 1099 1095 1094
1555 1551 1547 1542 1536 1531 1525 1519 1513 1506 1500 1493 1486 1479 1471 1464 1457 1450 1442 1435 1427 1419 1412 1405 1398 1391 1385 1375 1368 1362 1356 1351 1346 1340 1334 1328 1322 1316 1310 1304 1298 1293 1288 1283 1277 1271 1265 1260 1254 1248 1242 1238 1232 1226 1220 1212 1205 1199 1193 1186 1180 1173 1168 1162 1157 1152 1146 1141 1136 1131 1127 1124 1120 1117 1114 1111 1108 1105 1103 1101
1563 1559 1555 1550 1545 1539 1534 1528 1522 1515 1509 1502 1495 1488 1481 1474 1467 1459 1452 1445 1437 1430 1423 1416 1409 1402 1396 1389 1381 1375 1369 1363 1357 1352 1346 1340 1334 1328 1323 1317 1311 1306 1300 1294 1289 1283 1278 1272 1266 1260 1254 1249 1241 1234 1228 1224 1216 1210 1203 1196 1189 1182 1176 1170 1165 1158 1153 1148 1143 1139 1135 1130 1127 1123 1120 1117 1114 1112 1109 1106
1571 1567 1563 1558 1553 1548 1542 1536 1530 1524 1518 1511 1504 1497 1490 1483 1476 1469 1462 1455 1447 1440 1433 1426 1419 1413 1406 1400 1394 1387 1380 1374 1369 1363 1357 1351 1345 1339 1334 1328 1322 1317 1311 1306 1300 1294 1288 1282 1276 1270 1265 1258 1250 1243 1237 1230 1225 1219 1212 1206 1199 1191 1185 1178 1172 1166 1160 1156 1151 1146 1141 1137 1133 1129 1126 1122 1118 1115 1113 1111
1579 1575 1571 1566 1561 1556 1550 1545 1539 1533 1526 1520 1513 1506 1500 1493 1486 1479 1472 1465 1457 1450 1443 1436 1430 1423 1417 1410 1404 1397 1391 1385 1380 1374 1369 1363 1357 1351 1345 1339 1334 1328 1322 1317 1311 1305 1299 1293 1287 1280 1274 1267 1261 1255 1248 1241 1234 1227 1221 1214 1207 1201 1193 1186 1180 1175 1169 1164 1159 1153 1148 1144 1140 1136 1131 1127 1124 1121 1119 1117
1586 1582 1578 1574 1569 1564 1558 1553 1547 1541 1535 1529 1522 1515 1509 1502 1495 1488 1481 1474 1467 1460 1453 1447 1440 1433 1427 1421 1415 1408 1403 1397 1391 1386 1380 1374 1368 1363 1357 1351 1345 1339 1334 1328 1322 1316 1310 1304 1297 1291 1284 1278 1271 1264 1257 1250 1244 1237 1230 1223 1216 1209 1203 1197 1190 1183 1177 1171 1165 1160 1155 1150 1146 1142 1137 1133 1130 1127 1125 1123
1593 1590 1586 1581 1576 1571 1566 1561 1555 1549 1543 1537 1531 1524 1518 1511 1504 1497 1491 1484 1477 1470 1463 1457 1450 1444 1438 1431 1425 1420 1414 1408 1403 1397 1392 1385 1380 1374 1368 1362 1357 1351 1345 1339 1333 1326 1320 1314 1308 1301 1295 1288 1281 1274 1267 1260 1253 1246 1239 1231 1224 1217 1211 1203 1195 1189 1182 1177 1172 1166 1161 1157 1152 1148 1144 1140 1136 1132 1131 1128
1600 1597 1593 1588 1584 1579 1574 1569 1563 1557 1551 1545 1539 1533 1527 1520 1513 1507 1500 1493 1486 1480 1473 1467 1460 1454 1448 1442 1436 1431 1425 1420 1414 1409 1403 1396 1391 1385 1379 1373 1367 1362 1356 1350 1344 1337 1331 1325 1318 1312 1305 1299 1292 1284 1277 1270 1262 1255 1248 1241 1233 1224 1219 1212 1204 1197 1191 1185 1179 1173 1168 1163 1159 1154 1150 1145 1141 1139 1137 1134
1607 1603 1600 1595 1591 1586 1581 1576 1571 1565 1560 1554 1548 1541 1535 1529 1522 1516 1509 1503 1496 1490 1483 1477 1470 1464 1459 1453 1448 1442 1436 1431 1426 1420 1414 1408 1402 1396 1390 1384 1378 1372 1366 1361 1355 1349 1342 1336 1329 1323 1316 1309 1302 1294 1287 1280 1272 1264 1257 1249 1242 1234 1227 1220 1213 1206 1199 1193 1186 1181 1175 1170 1165 1160 1156 1151 1148 1146 1143 1140
1614 1610 1606 1602 1598 1593 1589 1583 1578 1573 1567 1562 1556 1550 1544 1538 1531 1525 1519 1512 1506 1499 1493 1487 1481 1475 1469 1464 1459 1453 1448 1442 1437 1431 1424 1418 1413 1407 1400 1395 1390 1384 1378 1372 1366 1360 1353 1347 1340 1333 1326 1319 1312 1304 1297 1289 1281 1274 1266 1258 1251 1243 1235 1228 1221 1214 1207 1200 1194 1188 1182 1177 1171 1167 1162 1158 1154 1152 1149 1146
1620 1616 1613 1609 1605 1600 1596 1591 1586 1580 1575 1570 1564 1558 1552 1546 1540 1534 1528 1521 1515 1509 1503 1497 1491 1485 1480 1475 1469 1464 1459 1453 1447 1441 1435 1429 1424 1418 1412 1407 1401 1395 1389 1383 1377 1371 1364 1358 1351 1344 1337 1329 1321 1314 1306 1297 1290 1283 1275 1267 1259 1252 1244 1236 1229 1222 1215 1208 1201 1195 1189 1183 1178 1173 1169 1164 1161 1159 1155 1152
1626 1623 1619 1615 1611 1607 1602 1598 1593 1588 1583 1577 1572 1566 1561 1555 1549 1543 1537 1531 1525 1519 1513 1507 1502 1497 1491 1485 1480 1474 1469 1464 1458 1452 1446 1441 1435 1429 1423 1418 1412 1406 1400 1394 1388 1381 1375 1368 1362 1354 1347 1339 1332 1324 1316 1308 1300 1292 1284 1276 1268 1260 1252 1245 1237 1229 1222 1215 1209 1202 1196 1190 1185 1180 1175 1171 1167 1165 1162 1159
1632 1629 1625 1621 1618 1613 1609 1605 1600 1595 1590 1585 1580 1574 1569 1563 1557 1552 1546 1540 1534 1529 1523 1517 1512 1507 1501 1496 1491 1485 1480 1474 1468 1463 1457 1452 1446 1440 1434 1428 1423 1417 1411 1405 1399 1392 1386 1379 1372 1365 1357 1350 1342 1334 1326 1318 1310 1301 1293 1285 1277 1269 1261 1253 1245 1237 1230 1223 1216 1209 1203 1197 1192 1187 1182 1177 1174 1172 1168 1165
1637 1634 1631 1627 1624 1620 1616 1611 1607 1602 1597 1592 1587 1582 1577 1571 1566 1560 1555 1549 1544 1538 1532 1527 1522 1516 1511 1506 1501 1495 1490 1484 1479 1473 1468 1462 1457 1451 1445 1440 1434 1428 1422 1416 1409 1403 1396 1389 1382 1375 1367 1360 1352 1344 1335 1327 1319 1310 1302 1294 1286 1277 1269 1261 1253 1245 1238 1231 1224 1217 1211 1205 1199 1194 1188 1184 1181 1178 1175 1172
1643 1640 1636 1633 1629 1626 1622 1617 1613 1609 1604 1599 1594 1589 1584 1579 1574 1569 1563 1558 1553 1547 1542 1536 1531 1526 1521 1516 1511 1505 1500 1494 1489 1484 1478 1473 1467 1462 1456 1451 1445 1438 1432 1426 1420 1414 1407 1400 1393 1385 1377 1370 1362 1354 1345 1337 1328 1320 1311 1303 1294 1286 1278 1270 1262 1254 1246 1239 1232 1225 1219 1212 1206 1200 1195 1192 1189 1184 1182 1178
1648 1645 1642 1638 1635 1631 1628 1624 1619 1615 1611 1606 1601 1597 1592 1587 1582 1577 1572 1567 1561 1556 1550 1545 1540 1535 1530 1525 1520 1515 1509 1504 1499 1493 1488 1483 1477 1472 1467 1461 1455 1449 1443 1437 1431 1424 1417 1411 1403 1396 1388 1380 1372 1363 1355 1346 1338 1328 1320 1311 1303 1294 1286 1278 1268 1262 1254 1247 1240 1233 1226 1220 1213 1207 1204 1200 1196 1192 1188 1185
1652 1650 1647 1644 1640 1637 1633 1629 1625 1621 1617 1613 1608 1603 1599 1594 1589 1585 1580 1575 1570 1564 1559 1554 1549 1544 1540 1535 1530 1524 1519 1514 1509 1503 1497 1492 1488 1483 1477 1471 1465 1459 1453 1447 1441 1434 1428 1421 1413 1406 1398 1390 1381 1373 1364 1355 1347 1337 1328 1320 1312 1303 1295 1286 1278 1270 1262 1254 1247 1240 1234 1228 1220 1215 1211 1207 1203 1199 1195 1192
1657 1654 1651 1649 1645 1642 1638 1635 1631 1627 1623 1619 1615 1610 1606 1601 1597 1592 1588 1583 1578 1572 1567 1563 1558 1554 1549 1544 1539 1534 1528 1523 1518 1513 1508 1502 1498 1493 1487 1481 1475 1470 1464 1457 1451 1445 1438 1431 1423 1416 1407 1399 1391 1382 1374 1365 1356 1347 1338 1330 1321 1312 1303 1294 1286 1278 1270 1262 1255 1248 1240 1234 1229 1224 1219 1214 1210 1206 1202 1199
1661 1659 1656 1653 1650 1647 1644 1640 1636 1633 1629 1625 1621 1617 1612 1608 1604 1599 1595 1590 1585 1580 1575 1571 1567 1562 1558 1553 1547 1542 1537 1533 1528 1523 1518 1513 1508 1502 1497 1491 1486 1480 1474 1468 1461 1455 1448 1441 1433 1425 1417 1409 1400 1392 1383 1374 1365 1357 1348 1338 1329 1320 1311 1303 1294 1286 1278 1270 1263 1256 1248 1241 1234 1230 1226 1221 1217 1213 1209 1207
1665 1663 1660 1657 1654 1651 1648 1645 1642 1638 1634 1631 1627 1623 1619 1615 1611 1606 1602 1598 1593 1588 1584 1580 1575 1571 1566 1561 1556 1551 1546 1542 1537 1532 1527 1522 1517 1512 1507 1501 1496 1490 1484 1478 1471 1465 1458 1451 1443 1435 1427 1419 1410 1400 1393 1384 1375 1366 1357 1347 1338 1329 1320 1311 1303 1294 1286 1278 1271 1263 1256 1248 1242 1238 1233 1229 1224 1221 1217 1213
1668 1666 1664 1661 1659 1656 1653 1650 1646 1643 1640 1636 1632 1629 1625 1621 1617 1613 1609 1605 1600 1596 1592 1588 1583 1579 1574 1570 1565 1560 1555 1551 1546 1541 1537 1532 1527 1521 1516 1511 1505 1500 1494 1487 1481 1474 1468 1460 1453 1445 1437 1428 1419 1410 1402 1393 1384 1375 1365 1356 1347 1337 1329 1320 1311 1303 1294 1286 1278 1271 1264 1256 1250 1246 1240 1236 1231 1228 1224 1220
