Artocarpus altilis SDM files/Environmental layers/bio4.asc
ncols  1201
nrows  481
xllcorner  119.958333335783
yllcorner  -15.041666666017
cellsize 0.041666666667
NODATA_value  -9999
[rows 432 to 467 of 481, columns 480 to 559 of 1201]
1848 1849 1850 1852 1854 1855 1857 1859 1861 1864 1866 1869 1871 1874 1876 1879 1881 1884 1887 1890 1892 1895 1898 1901 1904 1907 1910 1912 1915 1917 1920 1923 1925 1927 1929 1931 1933 1934 1935 1932 1932 1931 1927 1926 1925 1921 1921 1924 1926 1920 1917 1913 1914 1910 1907 1903 1898 1892 1886 1879 1873 1867 1863 1856 1850 1846 1843 1839 1828 1827 1823 1815 1814 1803 1779 1771 1777 1774 1768 1772
1854 1855 1857 1858 1860 1861 1863 1865 1867 1870 1872 1874 1876 1879 1882 1884 1886 1889 1892 1894 1897 1900 1902 1905 1908 1911 1914 1917 1920 1922 1924 1927 1929 1932 1933 1936 1938 1939 1940 1940 1935 1931 1932 1934 1931 1931 1927 1925 1929 1926 1926 1924 1923 1919 1915 1911 1906 1900 1895 1889 1883 1876 1869 1864 1858 1853 1851 1846 1839 1837 1831 1825 1820 1817 1801 1784 1795 1779 1753 1781
1860 1861 1863 1864 1866 1867 1869 1871 1873 1875 1877 1879 1882 1884 1887 1889 1891 1894 1896 1899 1902 1904 1907 1910 1913 1916 1919 1921 1924 1926 1929 1932 1934 1936 1938 1940 1942 1944 1945 1945 1940 1938 1938 1941 1938 1933 1934 1935 1938 1937 1934 1932 1928 1924 1920 1916 1913 1908 1903 1898 1890 1883 1877 1875 1870 1864 1861 1856 1847 1844 1838 1836 1831 1830 1822 1808 1799 1805 1796 1793
1866 1867 1869 1870 1872 1873 1875 1877 1878 1881 1883 1885 1887 1889 1892 1894 1896 1899 1901 1904 1906 1909 1912 1915 1917 1920 1923 1926 1928 1930 1934 1936 1938 1940 1943 1945 1947 1949 1950 1951 1946 1946 1945 1947 1944 1941 1941 1946 1945 1943 1942 1939 1936 1931 1927 1923 1918 1915 1910 1905 1899 1891 1888 1885 1881 1876 1871 1864 1857 1850 1845 1840 1840 1837 1834 1826 1821 1819 1813 1804
1872 1873 1874 1876 1877 1879 1881 1882 1884 1886 1888 1890 1892 1895 1897 1899 1901 1904 1906 1908 1911 1914 1916 1919 1922 1925 1927 1930 1932 1935 1938 1940 1942 1945 1947 1949 1951 1954 1956 1956 1955 1951 1953 1953 1950 1947 1949 1953 1949 1951 1947 1944 1942 1939 1935 1930 1924 1920 1916 1910 1905 1899 1898 1895 1891 1886 1881 1875 1868 1857 1851 1845 1840 1840 1844 1833 1830 1828 1822 1807
1878 1879 1880 1882 1883 1885 1886 1888 1889 1891 1893 1895 1897 1900 1902 1904 1906 1909 1911 1913 1916 1918 1921 1923 1926 1929 1932 1934 1937 1940 1942 1944 1947 1949 1951 1954 1956 1958 1960 1962 1963 1960 1961 1959 1956 1954 1959 1959 1957 1951 1948 1946 1944 1944 1941 1937 1931 1924 1917 1909 1907 1910 1908 1904 1898 1894 1890 1884 1877 1867 1857 1851 1842 1833 1847 1847 1839 1836 1836 1830
1884 1885 1886 1887 1889 1890 1892 1893 1895 1897 1898 1900 1903 1905 1907 1909 1911 1913 1915 1918 1920 1923 1925 1928 1931 1933 1936 1939 1941 1944 1947 1949 1951 1954 1956 1958 1960 1962 1965 1966 1967 1967 1966 1965 1960 1963 1965 1960 1957 1953 1954 1953 1950 1948 1946 1942 1936 1925 1924 1917 1913 1917 1917 1912 1905 1900 1897 1892 1885 1877 1872 1859 1853 1852 1852 1858 1853 1852 1850 1836
1890 1891 1892 1893 1895 1896 1897 1899 1900 1902 1904 1906 1908 1910 1912 1914 1916 1918 1920 1922 1925 1927 1930 1932 1935 1938 1940 1943 1946 1948 1951 1953 1955 1958 1960 1962 1965 1967 1969 1970 1972 1971 1972 1970 1967 1971 1969 1964 1962 1962 1961 1957 1954 1952 1951 1946 1939 1937 1937 1932 1927 1927 1926 1921 1914 1911 1907 1902 1896 1888 1883 1869 1873 1861 1852 1868 1868 1866 1857 1840
1896 1897 1898 1899 1900 1902 1903 1904 1906 1907 1909 1911 1913 1915 1917 1919 1921 1923 1925 1927 1929 1932 1934 1937 1940 1942 1945 1947 1950 1953 1955 1957 1960 1962 1965 1967 1969 1972 1973 1975 1975 1976 1976 1974 1975 1977 1973 1973 1970 1966 1967 1964 1960 1961 1960 1955 1951 1949 1945 1946 1942 1938 1934 1929 1925 1921 1917 1912 1906 1899 1893 1877 1885 1872 1874 1879 1880 1876 1871 1863
1902 1903 1904 1905 1906 1907 1909 1910 1911 1913 1914 1916 1918 1920 1922 1924 1926 1928 1930 1932 1934 1936 1939 1942 1944 1946 1949 1951 1954 1957 1959 1962 1964 1966 1969 1972 1974 1976 1978 1979 1979 1981 1982 1982 1982 1981 1980 1978 1976 1974 1974 1971 1970 1970 1968 1965 1962 1959 1956 1953 1949 1945 1941 1937 1933 1930 1926 1920 1914 1912 1908 1899 1896 1892 1892 1892 1889 1886 1882 1874
1909 1909 1910 1911 1912 1913 1914 1916 1917 1918 1920 1921 1923 1925 1927 1929 1931 1933 1935 1937 1939 1941 1944 1946 1948 1950 1953 1956 1958 1961 1964 1966 1968 1971 1973 1976 1979 1981 1983 1983 1984 1986 1987 1987 1986 1985 1984 1981 1976 1974 1972 1972 1978 1978 1975 1972 1969 1966 1962 1958 1955 1952 1948 1945 1939 1937 1933 1930 1925 1921 1914 1913 1910 1907 1905 1901 1897 1894 1889 1860
1915 1916 1916 1917 1918 1919 1920 1921 1923 1924 1925 1927 1929 1930 1932 1934 1936 1938 1940 1941 1944 1946 1948 1951 1953 1955 1957 1960 1963 1966 1968 1970 1972 1975 1978 1981 1983 1985 1986 1986 1988 1990 1990 1991 1991 1990 1988 1987 1984 1981 1978 1978 1985 1983 1978 1976 1976 1973 1969 1964 1960 1958 1952 1951 1947 1943 1941 1937 1933 1926 1917 1911 1916 1914 1912 1906 1896 1902 1895 1883
1921 1922 1922 1923 1924 1925 1926 1927 1928 1930 1931 1932 1934 1936 1938 1939 1941 1943 1945 1946 1948 1951 1953 1955 1957 1959 1962 1964 1967 1970 1973 1975 1977 1980 1982 1985 1987 1989 1989 1991 1992 1994 1996 1995 1996 1996 1996 1992 1990 1986 1982 1988 1990 1989 1987 1985 1982 1978 1976 1973 1968 1962 1958 1954 1954 1949 1944 1942 1940 1934 1928 1920 1920 1922 1920 1914 1890 1905 1905 1896
1927 1928 1929 1929 1930 1931 1932 1933 1934 1935 1937 1938 1940 1941 1943 1945 1947 1949 1950 1951 1953 1956 1958 1960 1961 1964 1966 1969 1972 1975 1977 1979 1982 1985 1987 1990 1991 1993 1994 1996 1997 1999 2000 2000 1999 2000 2000 1998 1994 1990 1988 1990 1997 1996 1994 1990 1985 1980 1977 1975 1973 1974 1970 1962 1955 1956 1953 1948 1946 1941 1935 1922 1923 1929 1929 1923 1909 1910 1906 1902
1934 1934 1935 1935 1936 1937 1938 1939 1940 1941 1942 1944 1945 1947 1948 1950 1952 1954 1955 1957 1958 1960 1963 1964 1965 1968 1971 1974 1977 1979 1981 1984 1988 1990 1992 1994 1996 1997 1998 2000 2001 2003 2006 2005 2004 2003 2003 2003 2001 1998 1999 2000 2004 2002 1998 1994 1991 1988 1984 1979 1978 1979 1977 1974 1966 1961 1960 1956 1952 1944 1942 1932 1931 1937 1937 1934 1929 1927 1921 1912
1940 1941 1941 1942 1942 1943 1944 1945 1946 1947 1948 1949 1951 1952 1954 1956 1957 1959 1960 1962 1963 1965 1967 1969 1970 1973 1976 1979 1981 1983 1986 1989 1992 1995 1997 1999 2001 2001 2003 2004 2006 2008 2010 2011 2012 2011 2009 2009 2007 2008 2008 2009 2010 2006 2004 2001 1997 1993 1990 1987 1983 1979 1983 1981 1976 1973 1971 1968 1961 1949 1947 1940 1939 1945 1945 1942 1939 1935 1929 1899
1947 1947 1948 1948 1949 1949 1950 1951 1952 1953 1954 1955 1957 1958 1960 1961 1963 1965 1966 1967 1969 1970 1972 1973 1976 1978 1981 1984 1986 1988 1991 1994 1997 2000 2002 2003 2005 2006 2008 2009 2010 2012 2013 2016 2017 2018 2017 2017 2017 2016 2017 2017 2015 2012 2009 2006 2003 2002 1999 1995 1989 1982 1985 1988 1984 1981 1977 1975 1970 1958 1953 1950 1951 1952 1951 1949 1946 1942 1938 1922
1954 1954 1954 1955 1955 1956 1956 1957 1958 1959 1960 1961 1963 1964 1965 1967 1968 1970 1971 1972 1974 1976 1977 1979 1981 1984 1986 1989 1991 1993 1996 1999 2002 2004 2006 2007 2009 2011 2013 2014 2015 2017 2018 2018 2019 2022 2023 2024 2024 2024 2022 2021 2019 2017 2015 2013 2011 2007 2003 2001 1998 1991 1992 1994 1990 1985 1981 1981 1977 1970 1966 1963 1960 1958 1958 1956 1953 1949 1937 1928
1961 1961 1961 1961 1962 1962 1963 1964 1964 1965 1966 1967 1969 1970 1971 1973 1974 1976 1977 1977 1979 1981 1982 1984 1986 1989 1991 1993 1996 1998 2002 2004 2007 2009 2011 2012 2014 2016 2018 2019 2021 2022 2023 2023 2023 2024 2025 2027 2028 2027 2025 2023 2024 2023 2019 2018 2015 2014 2010 2008 2004 2000 1999 2000 1998 1991 1985 1989 1985 1981 1976 1969 1965 1964 1964 1963 1955 1928 1905 1885
1967 1968 1968 1968 1968 1969 1969 1970 1971 1972 1972 1973 1975 1976 1977 1978 1980 1981 1982 1983 1985 1986 1988 1989 1992 1995 1997 1999 2001 2004 2007 2010 2012 2014 2015 2017 2018 2021 2022 2024 2026 2026 2028 2029 2029 2030 2030 2029 2029 2028 2027 2025 2024 2019 2019 2020 2017 2014 2014 2012 2009 2005 2005 2006 2002 2000 1994 1992 1992 1989 1982 1978 1976 1974 1971 1969 1961 1926 1903 1887
1975 1975 1975 1975 1975 1976 1976 1977 1977 1978 1979 1980 1981 1982 1983 1985 1986 1987 1988 1989 1990 1992 1993 1995 1998 2000 2002 2004 2006 2010 2012 2015 2017 2019 2020 2022 2023 2026 2028 2030 2031 2032 2033 2034 2035 2035 2036 2035 2034 2034 2034 2032 2029 2024 2022 2021 2017 2013 2009 2009 2004 2009 2010 2010 2009 2006 1998 1997 1999 1996 1992 1990 1987 1982 1978 1969 1961 1953 1926 1903
1982 1982 1982 1982 1982 1983 1983 1984 1984 1985 1986 1987 1988 1989 1990 1991 1992 1993 1993 1995 1996 1998 1999 2001 2004 2006 2008 2010 2012 2015 2018 2020 2022 2024 2025 2027 2028 2030 2033 2035 2036 2037 2038 2038 2039 2040 2040 2040 2040 2040 2040 2038 2035 2031 2031 2030 2025 2017 2014 2013 2005 2004 2005 2009 2014 2013 2008 2003 2006 2004 2001 1998 1993 1991 1988 1981 1955 1960 1950 1917
1989 1989 1989 1989 1989 1990 1990 1991 1991 1992 1992 1993 1994 1995 1996 1997 1998 1999 2000 2001 2003 2004 2005 2007 2010 2012 2013 2016 2018 2021 2023 2026 2028 2029 2031 2032 2033 2034 2038 2040 2042 2042 2043 2044 2045 2045 2045 2046 2046 2047 2046 2044 2041 2039 2039 2036 2029 2025 2026 2019 2014 2016 2017 2017 2020 2017 2009 2007 2010 2008 2005 2005 2003 1999 1992 1989 1984 1983 1963 1951
1996 1996 1996 1996 1997 1997 1997 1998 1998 1999 1999 2000 2001 2002 2003 2004 2004 2005 2006 2008 2009 2010 2012 2013 2015 2017 2019 2022 2024 2026 2028 2031 2033 2035 2036 2038 2039 2039 2042 2045 2046 2047 2048 2049 2050 2050 2051 2052 2052 2053 2052 2050 2048 2048 2044 2038 2037 2034 2034 2027 2024 2027 2026 2024 2024 2020 2017 2012 2012 2010 2010 2011 2008 2007 2000 1992 1993 1987 1979 1967
2004 2004 2004 2004 2004 2004 2005 2005 2005 2006 2007 2007 2008 2009 2010 2010 2011 2011 2012 2014 2015 2017 2018 2020 2022 2024 2025 2028 2030 2032 2034 2036 2038 2040 2042 2043 2045 2046 2047 2050 2052 2052 2054 2055 2055 2056 2057 2058 2058 2059 2059 2057 2056 2053 2050 2047 2043 2043 2038 2037 2035 2035 2035 2030 2030 2030 2026 2023 2020 2015 2016 2015 2013 2014 2009 1999 1987 1995 1992 1993
2012 2012 2012 2012 2012 2012 2012 2012 2013 2013 2014 2014 2015 2016 2017 2018 2018 2018 2019 2021 2022 2023 2024 2026 2028 2030 2032 2034 2036 2038 2040 2042 2044 2046 2047 2049 2050 2052 2053 2055 2057 2058 2058 2060 2061 2062 2063 2064 2065 2064 2063 2062 2061 2060 2057 2054 2051 2050 2047 2049 2046 2043 2041 2038 2039 2039 2035 2034 2031 2028 2026 2023 2019 2018 2016 2010 2000 1997 2001 2004
2021 2020 2020 2020 2020 2020 2020 2020 2021 2021 2021 2022 2022 2023 2024 2025 2025 2026 2026 2028 2029 2030 2029 2031 2034 2037 2038 2040 2042 2044 2046 2047 2049 2051 2053 2054 2056 2057 2059 2060 2062 2063 2064 2066 2066 2068 2069 2070 2070 2069 2068 2067 2066 2065 2063 2059 2060 2057 2057 2056 2052 2049 2044 2047 2049 2047 2044 2040 2036 2031 2028 2029 2027 2022 2020 2020 2016 2012 2010 2014
2029 2028 2028 2028 2028 2028 2028 2028 2028 2029 2029 2030 2030 2031 2032 2032 2033 2033 2034 2035 2036 2036 -9999 -9999 2041 2043 2045 2047 2049 2051 2052 2053 2055 2057 2059 2060 2061 2063 2065 2065 2067 2069 2071 2071 2072 2073 2073 2074 2074 2075 2074 2073 2071 2070 2068 2069 2068 2067 2063 2060 2056 2052 2053 2056 2057 2053 2051 2049 2046 2043 2039 2032 2031 2030 2030 2031 2028 2026 2023 2023
2037 2037 2037 2036 2036 2036 2036 2036 2037 2037 2037 2038 2038 2039 2039 2040 2040 2041 2041 2042 2042 -9999 -9999 -9999 -9999 2050 2052 2054 2056 2057 2058 2059 2061 2062 2064 2066 2067 2068 2070 2071 2072 2074 2076 2077 2078 2078 2079 2079 2080 2080 2079 2078 2077 2076 2077 2076 2073 2069 2068 2066 2064 2061 2059 2063 2063 2059 2057 2057 2054 2050 2043 2034 2037 2042 2041 2041 2037 2038 2033 2029
2046 2046 2045 2045 2045 2045 2045 2045 2045 2045 2046 2046 2047 2047 2047 2048 2049 2049 2049 2050 2051 -9999 -9999 -9999 -9999 2058 2059 2061 2062 2063 2064 2065 2067 2068 2070 2071 2073 2074 2076 2076 2078 2079 2080 2082 2082 2083 2084 2085 2085 2085 2085 2085 2084 2084 2082 2082 2080 2077 2077 2074 2068 2064 2065 2071 2069 2067 2065 2063 2060 2056 2052 2054 2049 2051 2052 2050 2048 2047 2043 2036
2055 2055 2054 2054 2054 2053 2053 2053 2054 2054 2054 2054 2055 2055 2055 2056 2057 2057 2057 2058 2059 -9999 -9999 -9999 -9999 2066 2067 2068 2069 2070 2071 2072 2073 2075 2076 2078 2079 2080 2081 2082 2083 2084 2085 2086 2087 2087 2088 2089 2090 2090 2089 2089 2089 2089 2088 2087 2086 2086 2084 2082 2077 2074 2075 2079 2078 2074 2072 2070 2068 2067 2067 2066 2058 2054 2061 2060 2058 2054 2050 2048
2065 2064 2064 2063 2063 2063 2062 2062 2062 2063 2063 2063 2063 2064 2064 2064 2065 2065 2065 2066 2067 2070 -9999 -9999 2073 2073 2074 2075 2076 2077 2078 2078 2080 2081 2083 2084 2085 2086 2087 2088 2089 2090 2091 2091 2092 2093 2093 2093 2094 2095 2094 2093 2093 2093 2094 2093 2091 2090 2089 2088 2086 2085 2087 2087 2085 2082 2077 2077 2078 2079 2077 2075 2072 2066 2071 2069 2065 2060 2055 2053
2074 2074 2073 2073 2072 2072 2072 2072 2072 2072 2072 2072 2072 2072 2073 2073 2073 2074 2074 2075 2075 2076 -9999 2083 2080 2080 2081 2082 2083 2084 2085 2085 2087 2089 2090 2091 2091 2092 2093 2094 2095 2095 2096 2097 2097 2097 2098 2098 2098 2099 2100 2100 2099 2098 2097 2097 2096 2096 2097 2096 2096 2096 2095 2094 2092 2090 2088 2088 2089 2086 2079 2082 2080 2081 2078 2075 2068 2065 2064 2064
2084 2083 2083 2082 2082 2081 2081 2081 2081 2081 2081 2081 2081 2081 2081 2082 2082 2082 2083 2083 2084 2084 -9999 2088 2088 2088 2089 2090 2091 2092 2093 2093 2094 2096 2097 2097 2098 2098 2099 2100 2100 2101 2102 2102 2103 2103 2103 2104 2103 2104 2104 2104 2104 2104 2103 2103 2104 2104 2104 2103 2102 2102 2102 2100 2099 2098 2097 2097 2097 2093 2087 2085 2077 2084 2080 2079 2073 2073 2073 2075
2094 2093 2093 2092 2092 2091 2091 2091 2091 2091 2091 2091 2091 2091 2091 2091 2091 2092 2092 2092 2093 -9999 -9999 2095 2096 2097 2097 2098 2099 2099 2100 2101 2102 2103 2104 2104 2104 2105 2105 2106 2107 2107 2108 2108 2108 2109 2110 2110 2110 2109 2109 2110 2111 2111 2111 2111 2111 2111 2109 2109 2108 2106 2108 2109 2109 2107 2107 2106 2104 2101 2097 2091 2077 2080 2078 2080 2083 2086 2086 2084
2104 2103 2102 2102 2102 2101 2101 2101 2101 2101 2101 2101 2100 2100 2100 2100 2101 2101 2101 2102 2100 -9999 -9999 2103 2105 2105 2106 2106 2107 2108 2108 2109 2110 2110 2111 2111 2111 2111 2112 2113 2113 2113 2114 2114 2115 2115 2115 2116 2116 2117 2117 2117 2117 2117 2117 2117 2116 2116 2117 2117 2116 2115 2115 2113 2113 2111 2114 2112 2112 2110 2106 2097 2091 2073 2086 2093 2096 2096 2097 2093
