Artocarpus altilis SDM files/Environmental layers/bio4.asc
ncols  1201
nrows  481
xllcorner  119.958333335783
yllcorner  -15.041666666017
cellsize 0.041666666667
NODATA_value  -9999
[rows 144 to 179 of 481, columns 320 to 399 of 1201]
377 376 378 383 380 385 383 383 391 396 396 389 386 387 388 385 383 382 381 -9999 -9999 -9999 -9999 -9999 -9999 -9999 -9999 -9999 -9999 -9999 -9999 -9999 -9999 -9999 -9999 289 287 285 284 283 283 -9999 -9999 -9999 -9999 -9999 -9999 -9999 -9999 -9999 -9999 -9999 -9999 -9999 -9999 -9999 -9999 -9999 -9999 266 266 265 263 262 260 259 258 257 255 252 251 250 249 249 -9999 -9999 -9999 -9999 -9999 -9999
382 382 383 384 384 386 386 392 396 393 399 392 387 386 387 383 379 380 382 383 -9999 -9999 -9999 -9999 -9999 -9999 -9999 -9999 -9999 -9999 -9999 -9999 -9999 -9999 -9999 292 290 289 288 287 287 287 -9999 -9999 -9999 -9999 -9999 -9999 -9999 -9999 -9999 -9999 -9999 -9999 -9999 -9999 -9999 -9999 -9999 271 271 270 268 267 265 264 262 261 260 258 257 255 253 252 252 -9999 -9999 -9999 -9999 -9999
391 391 390 391 388 388 390 393 396 393 398 399 393 389 385 385 377 379 379 382 -9999 -9999 -9999 -9999 -9999 -9999 -9999 -9999 -9999 -9999 -9999 -9999 -9999 -9999 -9999 296 295 293 292 292 291 291 -9999 -9999 -9999 -9999 -9999 -9999 -9999 -9999 -9999 -9999 -9999 -9999 -9999 -9999 -9999 -9999 -9999 276 277 276 274 272 271 269 268 266 264 263 262 260 259 257 255 256 255 254 252 253
397 397 399 399 394 394 393 395 397 395 398 401 400 394 386 383 377 377 378 382 381 -9999 -9999 -9999 -9999 -9999 -9999 -9999 -9999 -9999 -9999 -9999 -9999 -9999 -9999 299 298 297 296 296 295 294 -9999 -9999 -9999 -9999 -9999 -9999 -9999 -9999 -9999 -9999 -9999 -9999 -9999 -9999 -9999 -9999 -9999 -9999 281 281 280 278 276 274 273 272 270 269 267 265 263 -9999 -9999 259 258 257 256 255
404 403 406 405 402 398 400 400 402 401 402 402 400 394 389 383 379 380 380 381 380 375 -9999 -9999 -9999 -9999 -9999 -9999 -9999 -9999 -9999 -9999 -9999 -9999 -9999 -9999 -9999 -9999 300 300 -9999 -9999 -9999 -9999 -9999 -9999 -9999 -9999 -9999 -9999 -9999 -9999 -9999 -9999 -9999 -9999 -9999 -9999 -9999 -9999 -9999 285 284 283 281 279 278 277 276 273 271 272 270 268 267 265 263 261 261 260
407 409 408 407 408 404 406 406 408 406 404 401 398 394 390 386 383 379 377 378 378 375 372 -9999 -9999 -9999 -9999 -9999 -9999 -9999 -9999 -9999 -9999 -9999 -9999 -9999 -9999 -9999 303 303 -9999 -9999 -9999 -9999 -9999 -9999 -9999 -9999 -9999 -9999 -9999 -9999 -9999 -9999 -9999 -9999 -9999 -9999 -9999 -9999 -9999 -9999 292 -9999 -9999 -9999 282 281 282 280 280 277 276 274 272 271 270 269 267 266
417 414 412 412 412 409 411 410 409 408 404 401 398 396 392 386 385 384 380 378 379 376 372 367 363 -9999 -9999 -9999 -9999 -9999 -9999 -9999 -9999 -9999 -9999 -9999 -9999 -9999 -9999 -9999 -9999 -9999 -9999 -9999 -9999 -9999 -9999 -9999 -9999 -9999 -9999 -9999 -9999 -9999 -9999 -9999 -9999 -9999 -9999 -9999 -9999 -9999 -9999 -9999 -9999 -9999 -9999 -9999 290 287 285 284 282 281 279 277 276 274 273 272
420 422 421 418 417 415 416 413 411 409 406 404 398 397 394 390 385 389 382 378 379 378 374 368 363 361 -9999 -9999 -9999 335 331 328 -9999 -9999 -9999 -9999 -9999 -9999 -9999 -9999 -9999 -9999 -9999 -9999 -9999 -9999 -9999 -9999 -9999 -9999 -9999 -9999 -9999 -9999 -9999 -9999 -9999 -9999 -9999 -9999 -9999 -9999 -9999 -9999 -9999 -9999 -9999 -9999 293 293 292 291 289 288 286 284 282 281 279 277
427 424 424 425 423 420 421 417 411 408 408 406 401 397 396 392 388 390 388 378 378 378 376 370 364 360 354 -9999 342 338 333 330 327 324 322 320 319 319 318 318 -9999 -9999 -9999 -9999 -9999 -9999 -9999 -9999 -9999 -9999 -9999 -9999 -9999 -9999 -9999 -9999 -9999 -9999 -9999 -9999 -9999 -9999 -9999 -9999 -9999 -9999 -9999 -9999 -9999 -9999 296 295 294 294 292 291 289 287 285 284
431 430 427 425 426 422 425 419 413 410 412 408 404 399 397 395 391 391 393 385 379 379 378 374 -9999 -9999 354 -9999 343 340 336 332 329 327 325 323 322 322 321 321 321 322 322 324 325 -9999 -9999 -9999 -9999 -9999 -9999 -9999 -9999 -9999 -9999 -9999 -9999 -9999 -9999 -9999 -9999 -9999 -9999 -9999 -9999 -9999 -9999 -9999 -9999 -9999 -9999 -9999 -9999 297 296 295 294 292 290 287
438 436 433 432 430 427 427 421 418 417 412 406 404 402 400 396 394 395 394 392 385 383 380 376 -9999 -9999 -9999 -9999 -9999 -9999 -9999 -9999 -9999 -9999 327 327 326 326 325 325 326 325 326 327 328 329 329 330 332 332 333 333 -9999 -9999 -9999 -9999 -9999 -9999 -9999 -9999 -9999 -9999 -9999 -9999 -9999 -9999 -9999 -9999 -9999 -9999 -9999 -9999 -9999 -9999 -9999 -9999 -9999 -9999 -9999 -9999
447 445 441 439 438 435 433 429 425 423 417 412 407 407 406 400 400 398 394 394 391 386 382 379 -9999 -9999 -9999 -9999 -9999 -9999 -9999 -9999 -9999 -9999 -9999 -9999 -9999 329 329 329 328 331 331 332 333 334 334 335 336 337 337 338 338 338 338 339 340 -9999 -9999 -9999 339 -9999 -9999 -9999 -9999 -9999 -9999 -9999 -9999 -9999 -9999 -9999 -9999 -9999 -9999 -9999 -9999 -9999 -9999 -9999
456 453 451 446 445 442 439 436 434 430 425 419 415 413 409 403 401 398 397 397 393 389 384 380 -9999 -9999 -9999 -9999 -9999 -9999 -9999 -9999 -9999 -9999 -9999 -9999 -9999 -9999 332 332 -9999 -9999 335 335 337 338 340 340 341 341 341 342 341 -9999 342 342 343 342 -9999 -9999 343 344 -9999 -9999 -9999 -9999 -9999 -9999 -9999 -9999 -9999 -9999 -9999 -9999 -9999 -9999 -9999 -9999 -9999 -9999
464 462 459 456 452 449 446 441 438 437 435 428 423 420 414 410 405 403 402 400 396 391 386 384 -9999 -9999 -9999 -9999 -9999 -9999 -9999 -9999 -9999 -9999 -9999 -9999 -9999 -9999 -9999 -9999 -9999 -9999 -9999 -9999 -9999 -9999 341 -9999 -9999 -9999 -9999 -9999 351 -9999 -9999 -9999 -9999 -9999 -9999 -9999 348 346 352 350 -9999 -9999 -9999 -9999 -9999 -9999 -9999 -9999 -9999 -9999 -9999 -9999 -9999 -9999 -9999 -9999
470 468 465 463 460 457 454 450 446 443 440 437 433 429 423 410 410 409 406 403 399 395 -9999 -9999 -9999 -9999 -9999 -9999 -9999 -9999 -9999 -9999 -9999 -9999 -9999 -9999 -9999 -9999 -9999 -9999 -9999 -9999 -9999 -9999 -9999 -9999 -9999 -9999 -9999 -9999 353 354 355 358 358 358 358 358 358 358 358 358 356 356 355 354 -9999 350 349 -9999 -9999 -9999 -9999 -9999 -9999 -9999 -9999 -9999 -9999 -9999
476 473 470 467 465 462 458 455 451 447 444 441 437 433 429 420 410 408 409 406 402 -9999 -9999 -9999 -9999 -9999 -9999 -9999 -9999 -9999 -9999 -9999 -9999 -9999 -9999 -9999 -9999 -9999 -9999 -9999 -9999 -9999 -9999 -9999 -9999 -9999 -9999 -9999 -9999 -9999 356 358 361 363 365 366 366 366 366 366 365 364 364 364 362 364 360 357 356 354 352 348 346 345 -9999 -9999 336 335 -9999 -9999
481 478 476 473 470 466 463 459 454 449 445 441 440 436 432 427 419 413 410 409 404 -9999 -9999 -9999 -9999 -9999 -9999 -9999 -9999 -9999 -9999 -9999 -9999 -9999 -9999 -9999 -9999 -9999 -9999 -9999 -9999 -9999 -9999 -9999 -9999 -9999 -9999 -9999 -9999 -9999 -9999 362 364 366 367 369 370 371 371 373 372 373 376 374 373 372 371 369 369 364 361 357 353 350 347 343 340 338 338 333
487 485 482 479 476 472 468 463 459 454 449 444 443 439 434 430 425 418 412 410 407 402 396 391 387 385 -9999 -9999 -9999 -9999 -9999 -9999 -9999 -9999 -9999 -9999 -9999 -9999 -9999 -9999 -9999 -9999 -9999 -9999 -9999 -9999 -9999 -9999 -9999 -9999 -9999 -9999 -9999 368 370 372 374 375 376 377 377 378 380 382 383 380 383 380 374 375 370 368 366 360 354 352 349 346 342 338
493 491 488 484 480 476 471 467 462 458 453 448 445 441 437 432 427 421 415 413 409 404 398 394 390 384 381 379 -9999 -9999 -9999 -9999 -9999 -9999 -9999 -9999 -9999 -9999 -9999 -9999 -9999 -9999 -9999 -9999 -9999 -9999 -9999 -9999 -9999 -9999 -9999 -9999 -9999 -9999 -9999 376 378 379 380 382 382 382 382 383 385 385 382 382 379 383 384 376 370 368 369 369 360 356 352 347
502 498 493 489 485 481 476 472 467 462 458 454 449 445 440 434 429 424 419 416 412 406 402 397 -9999 -9999 383 380 -9999 -9999 -9999 -9999 -9999 -9999 360 359 359 -9999 -9999 -9999 -9999 -9999 -9999 -9999 -9999 -9999 -9999 -9999 -9999 -9999 -9999 -9999 -9999 -9999 -9999 -9999 381 384 385 386 387 386 387 386 386 386 384 383 383 384 384 379 372 367 366 366 362 358 352 352
509 505 500 495 490 485 482 476 471 467 462 457 453 449 442 436 432 427 421 419 414 409 405 400 -9999 -9999 384 382 -9999 -9999 -9999 -9999 -9999 -9999 363 361 360 -9999 -9999 -9999 -9999 -9999 -9999 -9999 -9999 -9999 -9999 -9999 -9999 -9999 -9999 -9999 -9999 -9999 -9999 -9999 -9999 386 388 390 391 391 391 390 390 389 388 386 384 382 380 379 372 370 366 363 359 355 351 349
516 510 506 502 497 492 487 482 476 471 467 462 458 453 447 441 436 430 424 421 417 412 408 403 -9999 -9999 -9999 -9999 -9999 -9999 -9999 -9999 -9999 367 365 364 362 363 -9999 -9999 -9999 -9999 -9999 -9999 -9999 -9999 -9999 -9999 -9999 -9999 -9999 -9999 -9999 -9999 -9999 -9999 -9999 -9999 392 394 395 395 394 393 392 391 391 389 387 384 382 379 375 371 368 364 360 357 352 349
522 517 512 507 504 499 493 488 482 477 473 468 462 456 450 445 440 434 428 424 420 416 411 406 404 -9999 -9999 -9999 -9999 -9999 -9999 -9999 -9999 369 367 366 365 364 -9999 -9999 -9999 -9999 -9999 -9999 -9999 -9999 -9999 -9999 -9999 -9999 -9999 -9999 -9999 -9999 -9999 -9999 -9999 -9999 -9999 395 396 396 -9999 -9999 -9999 -9999 392 390 388 385 383 380 377 373 369 365 361 357 353 350
529 524 520 514 508 504 499 494 488 483 478 472 466 461 455 449 443 438 431 427 423 419 413 409 404 400 395 392 -9999 -9999 -9999 -9999 -9999 372 369 368 366 365 365 -9999 -9999 -9999 -9999 -9999 -9999 -9999 -9999 -9999 -9999 -9999 -9999 -9999 -9999 -9999 -9999 -9999 -9999 -9999 -9999 -9999 -9999 -9999 -9999 -9999 -9999 -9999 -9999 -9999 -9999 -9999 -9999 381 377 374 370 366 362 357 353 350
536 531 526 521 515 509 503 497 493 489 483 477 471 466 460 454 448 442 434 431 427 422 417 411 407 402 397 394 -9999 -9999 -9999 -9999 375 373 371 369 368 366 366 366 -9999 -9999 -9999 -9999 -9999 -9999 -9999 -9999 -9999 -9999 -9999 -9999 -9999 -9999 -9999 -9999 -9999 -9999 -9999 -9999 -9999 -9999 -9999 -9999 -9999 -9999 -9999 -9999 -9999 -9999 -9999 -9999 377 374 370 366 361 357 353 349
543 538 532 527 521 515 510 504 498 493 488 482 476 470 464 459 452 445 439 435 430 425 420 415 409 404 399 397 -9999 -9999 -9999 -9999 376 375 373 370 369 367 367 366 -9999 -9999 -9999 -9999 -9999 -9999 -9999 -9999 -9999 -9999 -9999 -9999 -9999 -9999 -9999 -9999 -9999 -9999 -9999 -9999 -9999 -9999 -9999 -9999 -9999 -9999 -9999 -9999 -9999 -9999 -9999 -9999 377 373 369 365 360 356 351 347
549 544 539 533 528 522 516 510 505 499 493 487 481 475 468 462 455 449 442 438 433 428 423 417 412 406 402 399 -9999 -9999 -9999 -9999 -9999 376 374 371 370 368 367 366 366 -9999 -9999 -9999 368 370 372 374 376 -9999 -9999 -9999 -9999 -9999 -9999 -9999 -9999 -9999 -9999 -9999 -9999 -9999 -9999 -9999 -9999 -9999 -9999 -9999 -9999 -9999 -9999 -9999 376 372 367 363 358 354 349 345
556 550 545 539 534 528 522 516 510 504 497 491 485 479 472 466 459 453 446 440 436 431 425 420 414 409 405 401 -9999 -9999 387 385 -9999 376 375 372 370 369 367 367 366 -9999 -9999 367 368 370 372 374 376 377 -9999 -9999 -9999 -9999 -9999 -9999 -9999 -9999 -9999 -9999 -9999 -9999 -9999 -9999 -9999 -9999 -9999 -9999 -9999 -9999 -9999 -9999 -9999 369 365 360 356 351 346 342
562 556 551 545 539 533 527 521 515 508 502 496 489 483 476 470 462 455 450 443 439 434 429 425 417 412 408 -9999 -9999 -9999 389 386 -9999 -9999 375 373 371 369 368 366 366 365 366 366 368 369 370 372 374 376 -9999 -9999 -9999 -9999 -9999 -9999 -9999 -9999 -9999 -9999 -9999 -9999 -9999 -9999 -9999 -9999 -9999 -9999 -9999 -9999 -9999 374 371 366 362 357 352 348 343 338
569 563 557 551 545 539 533 526 520 513 507 500 493 487 480 474 467 459 453 445 443 436 432 -9999 420 414 -9999 404 399 396 390 387 -9999 -9999 375 374 371 369 368 366 365 365 365 365 366 367 369 371 373 -9999 -9999 -9999 -9999 -9999 -9999 -9999 -9999 -9999 -9999 -9999 -9999 -9999 -9999 -9999 -9999 393 392 -9999 -9999 -9999 376 373 368 364 359 354 349 344 339 334
575 570 564 557 551 545 538 532 525 518 512 505 498 491 485 478 470 464 456 448 445 440 437 -9999 420 417 -9999 405 401 397 392 388 -9999 -9999 -9999 373 371 369 368 366 365 364 364 364 365 366 -9999 -9999 -9999 -9999 -9999 -9999 -9999 -9999 -9999 -9999 -9999 -9999 -9999 -9999 -9999 -9999 -9999 -9999 393 392 389 386 -9999 -9999 373 369 364 360 355 349 344 339 334 330
582 576 570 564 557 550 544 537 530 523 516 509 503 495 489 481 474 467 460 451 448 444 437 433 -9999 -9999 -9999 407 403 398 394 390 -9999 -9999 -9999 -9999 371 369 368 366 365 364 363 363 -9999 -9999 -9999 -9999 -9999 -9999 -9999 -9999 -9999 -9999 -9999 -9999 -9999 -9999 -9999 -9999 -9999 -9999 -9999 391 390 388 385 382 -9999 -9999 -9999 363 360 355 350 345 340 335 330 325
588 582 576 569 563 556 549 542 535 528 521 514 507 500 493 486 478 472 465 455 450 446 440 435 -9999 -9999 -9999 409 405 400 395 391 388 -9999 -9999 -9999 -9999 369 367 366 364 363 362 362 -9999 -9999 -9999 -9999 -9999 -9999 -9999 -9999 -9999 -9999 -9999 -9999 -9999 -9999 -9999 -9999 -9999 -9999 -9999 387 386 384 381 378 -9999 -9999 -9999 358 355 350 345 339 334 329 325 320
594 588 581 575 568 561 554 547 540 533 526 519 512 504 497 490 483 476 468 459 453 448 443 438 -9999 -9999 -9999 -9999 407 402 397 392 388 -9999 -9999 -9999 -9999 369 367 365 364 362 361 -9999 -9999 -9999 -9999 -9999 -9999 -9999 -9999 -9999 -9999 -9999 -9999 -9999 -9999 -9999 -9999 -9999 -9999 -9999 -9999 383 382 380 376 374 -9999 -9999 -9999 353 350 345 339 334 329 324 320 315
599 593 587 580 574 566 560 553 545 538 531 523 516 509 501 494 487 479 469 464 458 451 446 440 436 427 -9999 416 410 405 399 394 390 388 -9999 -9999 -9999 -9999 367 365 364 362 361 -9999 -9999 -9999 -9999 -9999 -9999 -9999 -9999 -9999 -9999 -9999 -9999 -9999 -9999 -9999 -9999 -9999 -9999 -9999 -9999 379 377 375 371 -9999 -9999 -9999 351 349 344 339 334 329 324 319 315 311
605 599 593 586 579 572 565 558 551 543 536 528 521 513 506 499 491 484 472 468 462 455 448 443 437 431 425 418 413 407 401 396 391 388 -9999 -9999 374 371 368 366 364 362 360 -9999 -9999 -9999 -9999 -9999 -9999 -9999 -9999 -9999 -9999 -9999 -9999 -9999 -9999 -9999 -9999 -9999 -9999 -9999 374 374 372 369 367 -9999 -9999 -9999 348 344 339 334 329 324 319 314 310 307
