Artocarpus altilis SDM files/Environmental layers/bio6.asc
ncols  1201
nrows  481
xllcorner  119.958333335783
yllcorner  -15.041666666017
cellsize 0.041666666667
NODATA_value  -9999
[rows 324 to 359 of 481, columns 640 to 719 of 1201]
176 172 166 149 131 129 142 146 139 102 117 108 92 65 72 68 26 10 29 67 90 107 130 105 89 117 148 163 169 179 181 181 181 182 182 182 182 183 184 186 186 186 186 187 187 188 188 -9999 -9999 189 189 189 189 190 190 190 191 192 192 192 -9999 192 192 -9999 -9999 192 192 191 191 191 191 191 191 191 191 191 191 191 191 191
177 170 162 163 149 156 148 128 123 102 83 97 88 74 68 84 39 24 13 44 65 107 143 130 102 114 141 161 163 178 180 181 181 181 181 182 182 182 184 185 185 185 186 186 187 187 188 188 188 -9999 189 189 189 189 189 189 190 191 191 191 191 191 191 -9999 -9999 191 191 191 191 190 190 190 190 190 190 190 190 -9999 190 190
175 169 163 159 156 148 136 123 122 121 91 73 61 56 74 86 42 45 19 29 64 96 134 158 137 144 155 147 153 175 178 180 180 180 181 181 181 182 182 183 184 184 185 185 186 187 187 188 188 188 -9999 -9999 188 188 188 189 189 189 190 190 190 191 190 -9999 -9999 -9999 191 -9999 -9999 190 190 190 190 190 190 190 -9999 189 189 189
178 174 168 166 159 159 148 143 145 133 115 104 66 59 70 92 68 73 17 0 45 98 115 144 159 141 118 130 154 163 176 178 180 180 179 179 180 181 181 182 182 182 184 184 185 186 187 187 187 188 188 -9999 -9999 188 188 -9999 -9999 -9999 -9999 189 189 189 190 -9999 190 -9999 -9999 -9999 -9999 -9999 189 -9999 -9999 -9999 -9999 -9999 -9999 -9999 -9999 -9999
180 175 174 174 167 162 146 135 139 134 119 103 95 79 72 99 91 79 25 1 35 74 80 126 160 136 112 105 125 149 167 174 178 179 178 178 179 180 180 180 181 181 182 183 184 185 186 187 187 187 187 187 -9999 -9999 -9999 -9999 -9999 -9999 -9999 -9999 187 188 188 -9999 189 189 189 188 188 188 188 -9999 -9999 -9999 -9999 -9999 -9999 -9999 -9999 -9999
179 174 175 178 175 168 155 144 132 126 110 127 117 88 78 97 85 40 4 -13 -10 14 53 112 156 144 113 93 110 127 151 166 179 178 177 176 177 178 179 179 180 181 181 182 183 184 185 186 187 187 187 187 187 187 -9999 -9999 -9999 -9999 -9999 -9999 187 187 187 187 187 188 188 188 188 -9999 188 -9999 -9999 -9999 -9999 -9999 -9999 -9999 -9999 -9999
180 176 176 178 178 174 164 157 143 131 129 136 110 96 92 110 70 75 33 -6 -16 2 58 117 155 152 117 121 106 122 155 175 178 177 175 173 173 174 176 177 179 180 181 181 182 183 184 185 186 186 186 186 186 186 186 186 186 186 -9999 186 186 186 186 186 186 186 187 187 187 -9999 -9999 -9999 -9999 -9999 -9999 -9999 -9999 -9999 -9999 -9999
179 179 178 180 180 178 171 160 151 134 140 144 122 91 88 117 101 105 52 0 -1 12 77 114 138 161 143 141 134 124 147 163 177 175 172 168 167 167 170 174 177 179 181 181 182 183 183 184 185 186 186 186 186 186 186 186 186 186 185 185 185 185 185 185 185 185 186 186 186 -9999 -9999 -9999 -9999 -9999 -9999 -9999 -9999 -9999 -9999 -9999
179 179 179 180 180 180 173 165 160 152 144 129 125 94 92 116 124 130 97 35 33 0 52 70 118 154 162 151 146 125 139 162 174 173 166 160 156 156 162 169 169 170 176 180 182 183 183 184 185 185 185 185 185 185 185 185 185 185 185 185 185 185 185 184 184 184 184 185 186 -9999 -9999 -9999 -9999 -9999 -9999 -9999 -9999 -9999 -9999 -9999
178 176 180 180 182 182 177 171 168 162 151 143 133 105 108 122 139 144 130 100 63 0 0 64 91 122 157 160 154 151 157 163 175 169 162 152 140 142 155 159 157 156 165 173 179 183 184 184 185 185 185 185 185 185 185 185 185 185 184 184 184 184 184 184 184 183 183 184 185 -9999 -9999 -9999 -9999 -9999 -9999 -9999 -9999 -9999 -9999 -9999
179 178 178 181 182 183 179 178 172 165 158 151 143 129 133 148 158 147 115 84 52 26 6 26 69 98 126 151 149 158 165 168 170 167 159 145 119 127 146 148 134 136 151 162 170 181 184 184 185 185 185 185 185 185 185 185 185 184 184 183 183 183 183 183 183 183 183 184 185 -9999 -9999 -9999 -9999 -9999 -9999 -9999 -9999 -9999 -9999 -9999
180 181 180 182 183 183 183 183 180 172 170 163 153 145 157 157 162 155 123 105 87 64 49 61 42 78 98 96 99 114 119 133 153 164 156 149 138 135 139 131 100 99 134 143 166 179 183 184 184 184 184 184 184 184 184 184 184 183 183 182 181 181 181 181 181 182 182 183 -9999 -9999 -9999 -9999 -9999 -9999 -9999 -9999 -9999 -9999 -9999 -9999
182 183 184 184 184 184 184 184 183 181 180 176 169 166 172 171 168 157 140 136 111 86 96 99 69 47 83 68 50 75 59 76 126 151 142 145 143 141 137 126 108 113 114 134 163 180 183 183 184 184 184 183 183 183 183 182 182 181 180 176 177 176 175 176 179 181 182 -9999 -9999 -9999 -9999 -9999 -9999 -9999 -9999 -9999 -9999 -9999 -9999 -9999
186 186 185 185 185 185 185 185 185 185 185 183 180 180 176 169 159 158 141 124 118 126 136 122 114 72 67 50 36 42 44 81 102 137 123 124 114 131 132 131 133 135 136 147 159 176 181 182 183 183 183 182 182 181 180 179 179 179 176 166 168 168 166 167 175 180 181 182 -9999 -9999 -9999 -9999 -9999 -9999 -9999 -9999 -9999 -9999 -9999 -9999
188 187 187 187 186 186 185 185 185 185 185 185 185 184 182 173 160 159 144 135 125 146 142 120 106 89 59 34 18 14 27 44 72 117 122 95 95 117 132 137 144 146 143 145 156 164 179 181 181 181 181 181 180 179 179 179 177 175 173 158 143 149 156 166 175 179 181 182 -9999 -9999 -9999 -9999 -9999 -9999 -9999 -9999 -9999 -9999 -9999 -9999
188 188 188 188 187 187 186 186 186 186 186 186 185 185 183 178 171 170 164 155 154 136 146 126 119 100 69 51 7 10 30 44 68 103 129 114 107 110 128 140 147 150 142 135 144 153 179 180 180 180 180 180 179 179 179 178 172 165 158 151 113 125 157 168 174 179 181 183 183 -9999 -9999 -9999 -9999 -9999 -9999 -9999 -9999 -9999 -9999 -9999
193 192 189 -9999 189 189 187 186 187 187 187 186 186 186 185 183 179 177 173 168 155 140 140 137 120 96 65 55 35 15 36 50 62 78 108 112 102 108 129 141 148 155 154 150 157 173 179 180 181 180 180 179 179 178 178 176 166 148 114 133 136 138 166 176 178 180 182 183 183 -9999 -9999 -9999 -9999 -9999 -9999 -9999 -9999 -9999 -9999 -9999
-9999 -9999 -9999 -9999 190 189 188 188 188 187 187 187 187 186 185 180 177 175 168 164 146 139 134 137 126 93 76 53 48 22 31 49 25 64 73 112 119 122 130 141 148 154 155 140 164 174 173 181 181 180 180 179 179 179 179 175 166 144 119 140 160 165 174 178 179 181 182 183 -9999 -9999 -9999 -9999 -9999 -9999 -9999 -9999 -9999 -9999 -9999 -9999
-9999 -9999 -9999 195 192 190 189 188 188 188 188 188 188 188 186 176 167 176 170 167 163 158 140 129 136 114 90 60 58 41 29 32 9 32 63 102 134 130 137 142 141 138 124 144 161 156 160 180 181 180 179 179 179 178 179 178 169 158 150 156 166 174 176 178 179 180 181 -9999 -9999 -9999 -9999 -9999 -9999 -9999 -9999 -9999 -9999 -9999 -9999 -9999
-9999 -9999 -9999 192 192 191 191 190 190 189 185 186 188 188 185 183 179 181 176 170 156 161 141 117 113 109 105 100 90 77 54 50 27 53 77 85 119 136 146 129 104 85 95 129 133 148 155 178 180 180 179 179 178 179 179 178 175 169 165 168 173 176 176 177 178 179 -9999 -9999 -9999 -9999 -9999 -9999 -9999 -9999 -9999 -9999 -9999 -9999 -9999 -9999
-9999 -9999 -9999 193 192 192 191 191 191 189 184 180 187 189 186 186 183 177 172 155 155 152 143 130 132 122 120 135 114 98 88 79 47 58 81 87 112 141 147 119 97 101 114 135 142 155 158 172 178 180 179 179 179 179 178 178 177 176 174 175 176 177 177 177 177 177 177 -9999 -9999 -9999 -9999 -9999 -9999 -9999 -9999 -9999 -9999 -9999 -9999 -9999
-9999 -9999 -9999 -9999 195 194 192 192 192 190 186 183 185 189 188 188 184 166 161 161 160 152 154 158 153 142 140 146 125 118 116 89 84 67 57 98 122 113 140 138 134 135 141 138 151 158 162 166 174 179 179 178 179 179 178 178 177 177 176 176 176 177 177 177 177 177 176 177 178 -9999 -9999 -9999 -9999 -9999 -9999 -9999 -9999 -9999 -9999 -9999
-9999 -9999 -9999 -9999 -9999 198 196 196 193 192 190 191 188 187 189 186 181 160 157 162 160 151 155 171 151 163 148 154 134 138 139 127 124 96 56 66 80 110 129 155 161 158 154 150 159 166 160 162 166 176 180 179 179 179 177 176 176 176 175 176 176 177 178 177 177 176 176 176 177 178 180 -9999 -9999 -9999 -9999 -9999 -9999 -9999 -9999 -9999
-9999 -9999 -9999 -9999 -9999 -9999 -9999 -9999 199 194 193 192 193 189 189 190 189 175 144 156 160 155 161 173 169 170 154 145 154 154 150 131 98 75 40 71 83 105 119 134 161 167 165 169 172 171 169 159 165 171 175 175 170 170 169 173 174 175 173 172 172 175 177 177 177 177 176 176 176 177 178 178 -9999 -9999 -9999 -9999 -9999 -9999 -9999 -9999
-9999 -9999 -9999 -9999 -9999 -9999 -9999 -9999 -9999 197 194 194 195 194 192 193 192 188 168 149 160 158 160 178 175 175 163 153 149 161 141 122 95 61 58 85 100 126 127 132 136 155 170 170 173 175 176 173 163 166 155 155 139 133 122 154 163 163 166 166 170 173 175 176 176 176 176 176 176 176 177 177 176 176 177 -9999 -9999 -9999 -9999 -9999
-9999 -9999 -9999 -9999 -9999 -9999 -9999 -9999 -9999 -9999 -9999 -9999 195 199 197 196 194 192 186 173 150 165 171 170 180 174 179 173 166 164 145 141 129 91 68 96 115 124 142 147 137 141 155 164 171 173 176 177 175 168 159 158 156 146 132 133 111 115 133 154 160 167 173 175 175 176 176 176 176 176 176 176 175 175 175 175 176 177 177 -9999
-9999 -9999 -9999 -9999 -9999 -9999 -9999 -9999 -9999 -9999 -9999 -9999 202 202 202 202 197 195 192 187 168 174 179 174 181 174 177 180 170 163 159 155 133 129 111 84 99 110 125 143 150 147 139 156 164 166 172 175 178 177 175 172 164 151 137 102 72 61 91 117 150 162 169 173 175 175 175 175 175 174 174 175 174 174 173 173 174 174 175 176
-9999 -9999 -9999 -9999 -9999 -9999 -9999 -9999 -9999 -9999 -9999 -9999 -9999 -9999 -9999 -9999 201 197 195 191 187 180 183 181 181 183 179 184 181 176 168 162 153 141 145 118 117 89 108 119 143 133 146 151 158 163 164 168 172 173 175 172 163 149 130 91 49 18 60 77 124 152 166 171 173 173 173 174 171 171 172 172 170 167 169 169 168 169 171 171
-9999 -9999 -9999 -9999 -9999 -9999 -9999 -9999 -9999 -9999 -9999 -9999 -9999 -9999 -9999 -9999 203 201 197 194 190 184 185 186 186 187 187 183 174 178 178 172 165 161 148 130 142 124 101 112 127 124 129 142 151 153 148 168 163 159 160 167 157 139 114 41 24 4 47 74 92 109 132 142 144 145 167 168 168 168 170 170 172 171 166 167 168 168 170 168
-9999 -9999 -9999 -9999 -9999 -9999 -9999 -9999 -9999 -9999 -9999 -9999 -9999 -9999 -9999 -9999 -9999 204 201 197 195 187 190 184 189 191 191 187 181 179 181 178 182 173 162 153 154 148 129 114 111 119 115 128 137 146 154 164 139 140 151 134 137 129 100 51 6 37 51 68 71 89 93 93 80 93 132 159 169 171 172 172 168 171 170 169 171 171 169 171
-9999 -9999 -9999 -9999 -9999 -9999 -9999 -9999 -9999 -9999 -9999 -9999 -9999 -9999 -9999 -9999 -9999 205 203 199 198 193 193 186 188 193 194 192 184 183 182 184 183 176 162 159 161 152 139 130 139 130 143 138 126 146 158 161 140 127 158 136 106 110 88 42 31 57 67 60 68 76 72 70 53 63 91 140 165 171 171 171 170 172 172 172 172 174 175 174
-9999 -9999 -9999 -9999 -9999 -9999 -9999 -9999 -9999 -9999 -9999 -9999 -9999 -9999 -9999 -9999 -9999 -9999 -9999 203 199 197 192 187 191 194 195 195 188 177 176 181 184 181 174 174 167 168 163 145 156 162 160 154 127 132 148 160 139 127 144 126 131 113 94 60 72 89 102 112 98 77 60 32 43 57 85 132 150 149 164 162 163 173 177 180 182 179 178 -9999
-9999 -9999 -9999 -9999 -9999 -9999 -9999 -9999 -9999 -9999 -9999 -9999 -9999 -9999 -9999 -9999 -9999 -9999 -9999 203 200 198 192 188 192 194 195 196 194 188 181 181 186 186 180 174 174 172 165 164 163 168 168 168 158 138 130 144 144 146 154 143 116 99 103 88 91 118 132 148 126 118 84 68 45 61 95 128 148 149 153 133 149 158 175 183 183 -9999 -9999 -9999
-9999 -9999 -9999 -9999 -9999 -9999 -9999 -9999 -9999 -9999 -9999 -9999 -9999 -9999 -9999 -9999 -9999 -9999 -9999 204 201 200 198 192 189 190 196 197 196 193 190 188 189 190 186 179 184 186 188 184 183 181 180 177 160 153 136 120 112 132 150 148 148 138 138 131 120 111 134 156 149 145 132 105 105 95 100 114 113 113 125 92 111 149 164 177 181 -9999 -9999 -9999
-9999 -9999 -9999 -9999 -9999 -9999 -9999 -9999 -9999 -9999 -9999 -9999 -9999 -9999 -9999 -9999 -9999 -9999 -9999 -9999 202 201 200 199 194 194 195 198 197 191 192 192 191 192 191 189 192 193 193 193 190 188 188 186 180 170 163 155 145 146 138 136 140 143 149 151 142 148 157 168 168 152 129 123 124 102 111 95 78 99 100 81 100 122 156 163 173 182 -9999 -9999
-9999 -9999 -9999 -9999 -9999 -9999 -9999 -9999 -9999 -9999 -9999 -9999 -9999 -9999 -9999 -9999 -9999 -9999 -9999 -9999 203 202 201 200 199 197 197 198 198 192 195 192 192 195 195 195 195 194 195 194 188 189 190 189 189 187 181 175 174 173 168 154 144 160 169 165 156 157 146 169 157 139 146 151 135 130 111 103 94 82 73 101 123 141 151 158 169 178 182 185
