Artocarpus altilis SDM files/Environmental layers/bio6.asc
ncols  1201
nrows  481
xllcorner  119.958333335783
yllcorner  -15.041666666017
cellsize 0.041666666667
NODATA_value  -9999
[rows 324 to 359 of 481, columns 560 to 639 of 1201]
171 170 170 170 171 172 171 171 170 171 172 171 171 172 172 173 173 173 173 173 173 174 175 175 176 176 177 177 177 177 177 178 177 178 179 179 179 179 180 180 180 180 180 181 181 181 181 181 182 182 181 182 -9999 -9999 -9999 -9999 -9999 -9999 -9999 -9999 -9999 -9999 -9999 -9999 -9999 -9999 -9999 -9999 182 181 180 179 178 173 174 175 177 177 177 177
170 171 170 170 170 171 172 172 172 172 172 172 172 172 172 172 173 173 173 173 173 174 175 176 176 177 177 177 177 178 178 178 178 178 179 180 180 180 180 180 180 181 181 181 181 182 182 182 182 183 183 183 -9999 -9999 -9999 -9999 -9999 -9999 -9999 -9999 -9999 -9999 -9999 -9999 -9999 -9999 -9999 -9999 182 182 181 181 180 178 175 174 175 178 178 178
171 171 171 171 171 170 171 171 172 172 172 172 172 172 172 172 173 173 173 173 173 174 175 177 177 177 177 177 178 178 178 178 179 179 180 180 180 181 181 181 181 181 182 182 182 182 183 183 183 183 183 183 -9999 -9999 -9999 -9999 -9999 -9999 -9999 -9999 -9999 -9999 -9999 -9999 -9999 -9999 -9999 -9999 -9999 183 182 182 181 180 179 178 177 178 178 178
170 170 170 171 171 171 170 170 171 172 172 172 172 172 172 172 173 173 173 173 173 174 175 177 177 177 178 178 178 178 178 179 179 180 180 181 181 181 181 182 182 182 182 183 183 183 183 183 183 184 -9999 184 -9999 -9999 -9999 -9999 -9999 -9999 -9999 -9999 -9999 -9999 -9999 -9999 -9999 -9999 -9999 -9999 -9999 184 183 182 182 181 180 180 178 179 179 179
170 170 170 171 171 172 172 171 171 172 172 172 172 173 173 173 173 174 173 174 174 175 176 177 177 178 178 178 178 179 179 179 179 180 181 181 181 182 182 182 182 182 182 183 184 184 184 184 185 -9999 -9999 -9999 -9999 -9999 -9999 -9999 -9999 -9999 -9999 -9999 -9999 -9999 -9999 -9999 -9999 -9999 -9999 -9999 -9999 184 184 183 182 182 181 181 180 180 180 180
170 170 171 170 171 172 172 172 172 172 172 173 172 173 173 173 173 174 174 174 175 176 176 177 178 178 178 178 179 179 180 180 180 181 182 182 182 182 182 182 183 -9999 -9999 -9999 -9999 -9999 185 185 185 -9999 -9999 -9999 -9999 -9999 -9999 -9999 -9999 -9999 -9999 -9999 -9999 -9999 -9999 -9999 -9999 -9999 -9999 -9999 -9999 -9999 -9999 184 184 183 182 181 181 180 180 180
170 170 170 171 171 172 172 172 172 172 173 173 173 173 173 173 173 174 175 176 177 177 177 177 178 178 178 179 179 180 180 181 181 182 182 -9999 183 183 183 183 183 184 -9999 -9999 -9999 186 185 186 -9999 -9999 -9999 -9999 -9999 -9999 -9999 -9999 -9999 -9999 -9999 -9999 -9999 -9999 -9999 -9999 -9999 -9999 -9999 -9999 -9999 -9999 -9999 -9999 187 185 183 182 182 181 180 180
170 170 170 172 172 172 172 172 172 172 173 173 173 173 173 173 174 175 175 176 177 177 178 178 178 179 179 179 180 180 181 181 182 182 183 183 183 184 184 185 184 184 185 185 186 186 186 -9999 -9999 -9999 -9999 -9999 -9999 -9999 -9999 -9999 -9999 -9999 -9999 -9999 -9999 -9999 -9999 -9999 -9999 -9999 -9999 -9999 -9999 -9999 -9999 -9999 -9999 184 183 183 183 181 181 181
170 170 170 172 172 172 172 172 172 172 173 173 173 173 173 174 174 175 176 176 177 178 178 179 178 179 179 179 181 181 181 182 183 183 183 183 184 184 185 185 185 185 186 186 187 187 -9999 -9999 -9999 -9999 -9999 -9999 -9999 -9999 -9999 -9999 -9999 -9999 -9999 -9999 -9999 -9999 -9999 -9999 -9999 -9999 -9999 -9999 -9999 -9999 -9999 -9999 -9999 185 184 184 183 182 181 180
171 171 170 172 172 172 172 172 172 173 173 173 173 173 174 174 175 176 176 176 177 178 178 179 179 179 180 180 180 182 182 182 183 184 184 184 184 185 186 186 187 186 186 187 -9999 -9999 -9999 -9999 -9999 -9999 -9999 -9999 -9999 -9999 -9999 -9999 -9999 -9999 -9999 -9999 -9999 -9999 -9999 -9999 -9999 -9999 -9999 -9999 -9999 -9999 -9999 -9999 -9999 189 185 184 184 183 181 179
170 170 170 171 172 172 172 172 172 173 173 173 173 173 175 176 177 176 176 177 177 178 178 179 179 179 180 180 181 182 183 183 183 184 185 185 -9999 186 186 187 -9999 -9999 187 188 189 188 -9999 -9999 -9999 -9999 -9999 -9999 -9999 -9999 -9999 -9999 -9999 -9999 -9999 -9999 -9999 -9999 -9999 -9999 -9999 -9999 -9999 -9999 -9999 -9999 -9999 -9999 -9999 -9999 -9999 185 185 185 183 179
170 170 170 170 172 172 172 172 172 173 173 173 174 174 175 176 177 177 177 177 177 178 178 179 179 180 180 181 181 182 183 183 184 184 185 186 186 187 187 187 188 189 -9999 188 189 -9999 -9999 -9999 -9999 -9999 -9999 -9999 -9999 -9999 -9999 -9999 -9999 -9999 -9999 -9999 -9999 -9999 -9999 -9999 -9999 -9999 -9999 -9999 -9999 -9999 -9999 -9999 -9999 -9999 -9999 -9999 -9999 186 184 182
170 171 170 171 172 172 172 172 172 173 173 173 174 175 176 176 177 177 178 178 178 178 178 179 179 180 181 181 182 183 183 184 185 185 185 186 187 187 188 188 188 189 189 189 190 -9999 -9999 -9999 -9999 -9999 -9999 -9999 -9999 -9999 -9999 -9999 -9999 -9999 -9999 -9999 -9999 -9999 -9999 -9999 -9999 -9999 -9999 -9999 -9999 -9999 -9999 -9999 -9999 -9999 -9999 -9999 -9999 187 186 184
171 171 172 172 172 172 172 173 173 173 173 174 175 175 176 176 177 177 177 178 179 178 178 179 180 180 181 182 182 183 184 184 185 186 186 186 187 188 189 189 189 190 190 190 -9999 -9999 -9999 -9999 -9999 -9999 -9999 -9999 -9999 -9999 -9999 -9999 -9999 -9999 -9999 -9999 -9999 -9999 -9999 -9999 -9999 -9999 -9999 -9999 -9999 -9999 -9999 -9999 -9999 -9999 -9999 -9999 -9999 -9999 187 186
172 172 172 172 172 173 173 173 173 174 174 174 175 175 176 177 177 178 178 178 179 179 179 180 181 181 182 182 183 184 184 184 185 186 187 187 188 188 189 190 190 191 191 191 192 193 -9999 -9999 -9999 -9999 -9999 -9999 -9999 -9999 -9999 -9999 -9999 -9999 -9999 -9999 -9999 -9999 -9999 -9999 -9999 -9999 -9999 -9999 -9999 -9999 -9999 -9999 -9999 -9999 -9999 -9999 -9999 -9999 190 188
172 172 172 172 172 173 173 173 174 174 175 175 175 175 175 177 177 178 178 179 179 179 179 180 181 181 182 183 183 184 185 185 185 186 187 188 189 189 190 191 191 191 192 -9999 -9999 -9999 -9999 -9999 -9999 -9999 -9999 -9999 -9999 -9999 -9999 -9999 -9999 -9999 -9999 -9999 -9999 -9999 -9999 -9999 -9999 -9999 -9999 -9999 -9999 -9999 -9999 -9999 -9999 -9999 -9999 -9999 -9999 -9999 -9999 190
172 172 172 173 173 173 174 174 174 174 175 175 175 175 176 177 178 178 179 179 180 180 180 180 181 182 183 184 184 185 186 186 186 187 188 189 190 190 191 192 192 192 -9999 -9999 -9999 -9999 -9999 -9999 -9999 -9999 -9999 -9999 -9999 -9999 -9999 -9999 -9999 -9999 -9999 -9999 -9999 -9999 -9999 -9999 -9999 -9999 -9999 -9999 -9999 -9999 -9999 -9999 -9999 -9999 -9999 -9999 -9999 -9999 -9999 193
173 173 173 173 173 173 174 174 174 174 175 175 176 176 176 177 178 178 179 180 180 181 181 181 182 182 183 184 185 185 186 187 187 188 188 189 190 191 192 193 193 -9999 -9999 -9999 -9999 -9999 -9999 -9999 -9999 -9999 -9999 -9999 -9999 -9999 -9999 -9999 -9999 -9999 -9999 -9999 -9999 -9999 -9999 -9999 -9999 -9999 -9999 -9999 -9999 -9999 -9999 -9999 -9999 -9999 -9999 -9999 -9999 -9999 -9999 -9999
173 173 173 173 173 174 174 174 174 175 175 175 176 176 176 177 178 178 179 180 181 181 181 182 182 183 184 185 185 186 187 187 188 189 189 190 191 192 193 193 -9999 -9999 -9999 -9999 -9999 -9999 -9999 -9999 -9999 -9999 -9999 -9999 -9999 -9999 -9999 -9999 -9999 -9999 -9999 -9999 -9999 -9999 -9999 -9999 -9999 -9999 -9999 -9999 -9999 -9999 -9999 -9999 -9999 -9999 -9999 -9999 -9999 -9999 -9999 -9999
173 173 173 173 173 174 175 175 175 175 175 176 176 177 177 177 178 178 179 180 181 182 182 182 183 183 184 185 186 187 187 188 189 189 190 191 192 193 194 -9999 -9999 -9999 -9999 -9999 -9999 -9999 -9999 -9999 -9999 -9999 -9999 -9999 -9999 -9999 -9999 -9999 -9999 -9999 -9999 -9999 -9999 -9999 -9999 -9999 -9999 -9999 -9999 -9999 -9999 -9999 -9999 -9999 -9999 -9999 -9999 -9999 -9999 -9999 -9999 -9999
172 173 173 173 173 174 174 174 175 175 176 176 176 177 177 178 178 179 180 180 181 182 184 184 184 184 185 186 186 187 188 189 190 190 191 192 193 194 195 196 -9999 -9999 -9999 -9999 -9999 -9999 -9999 -9999 -9999 -9999 -9999 -9999 -9999 -9999 -9999 -9999 -9999 -9999 -9999 -9999 -9999 -9999 -9999 -9999 -9999 -9999 -9999 -9999 -9999 -9999 -9999 -9999 -9999 -9999 -9999 -9999 -9999 -9999 -9999 -9999
173 173 173 173 174 174 174 175 175 176 177 177 178 178 179 178 179 179 180 181 181 182 180 184 186 186 186 186 187 188 189 190 190 191 192 193 194 -9999 -9999 -9999 -9999 -9999 -9999 -9999 -9999 -9999 -9999 -9999 -9999 -9999 -9999 -9999 -9999 -9999 -9999 -9999 -9999 -9999 -9999 -9999 -9999 -9999 -9999 -9999 -9999 -9999 -9999 -9999 -9999 -9999 -9999 -9999 -9999 -9999 -9999 -9999 -9999 -9999 -9999 -9999
173 173 173 173 174 174 174 175 176 176 176 176 177 178 179 180 180 179 180 181 182 183 183 182 184 186 186 187 188 189 189 190 191 192 192 192 193 195 -9999 -9999 -9999 -9999 -9999 -9999 -9999 -9999 -9999 -9999 -9999 -9999 -9999 -9999 -9999 -9999 -9999 -9999 -9999 -9999 -9999 -9999 -9999 -9999 -9999 -9999 -9999 -9999 -9999 -9999 -9999 -9999 -9999 -9999 -9999 -9999 -9999 -9999 -9999 -9999 -9999 -9999
173 173 173 174 174 174 175 175 176 177 177 177 177 176 176 177 179 180 181 182 182 184 185 186 185 187 187 188 188 189 190 191 192 193 192 192 192 195 197 198 -9999 -9999 -9999 -9999 -9999 -9999 -9999 -9999 -9999 -9999 -9999 -9999 -9999 -9999 -9999 -9999 -9999 -9999 -9999 -9999 -9999 -9999 -9999 -9999 -9999 -9999 -9999 -9999 -9999 -9999 -9999 -9999 -9999 -9999 -9999 -9999 -9999 -9999 -9999 -9999
173 173 173 174 174 173 173 175 176 175 175 176 176 176 176 177 179 179 181 183 183 183 183 186 186 187 188 188 189 190 191 192 193 194 192 191 192 196 198 198 -9999 -9999 -9999 -9999 -9999 -9999 -9999 -9999 -9999 -9999 -9999 -9999 -9999 -9999 -9999 -9999 -9999 -9999 -9999 -9999 -9999 -9999 -9999 -9999 -9999 -9999 -9999 -9999 -9999 -9999 -9999 -9999 -9999 -9999 -9999 -9999 -9999 -9999 -9999 -9999
173 173 174 174 174 174 175 175 174 175 175 175 175 176 176 177 178 180 180 180 180 180 182 184 185 188 188 189 190 191 192 193 194 195 191 191 193 198 199 199 -9999 -9999 -9999 -9999 -9999 -9999 -9999 -9999 -9999 -9999 -9999 -9999 -9999 -9999 -9999 -9999 -9999 -9999 -9999 -9999 -9999 -9999 -9999 -9999 -9999 -9999 -9999 -9999 -9999 -9999 -9999 -9999 -9999 -9999 -9999 -9999 -9999 -9999 -9999 -9999
172 173 174 174 174 174 174 174 175 175 176 174 176 176 177 178 178 179 180 181 180 181 181 185 186 188 188 189 190 191 192 193 195 196 192 192 196 199 -9999 -9999 -9999 -9999 -9999 -9999 -9999 -9999 -9999 -9999 -9999 -9999 -9999 -9999 -9999 -9999 -9999 -9999 -9999 -9999 -9999 -9999 -9999 -9999 -9999 -9999 -9999 -9999 -9999 -9999 -9999 -9999 -9999 -9999 -9999 -9999 -9999 -9999 -9999 -9999 -9999 -9999
173 173 174 174 174 174 174 174 174 175 175 175 176 177 178 178 178 179 180 180 180 183 182 186 187 187 189 190 191 192 193 194 195 196 197 196 194 -9999 -9999 -9999 -9999 -9999 -9999 -9999 -9999 -9999 -9999 -9999 -9999 -9999 -9999 -9999 -9999 -9999 -9999 -9999 -9999 -9999 -9999 -9999 -9999 -9999 -9999 -9999 -9999 -9999 -9999 -9999 -9999 -9999 -9999 -9999 -9999 -9999 -9999 -9999 -9999 -9999 -9999 -9999
173 173 174 174 174 175 174 174 174 175 175 176 176 177 178 178 179 179 180 180 182 182 184 186 187 189 190 190 191 192 194 195 196 197 198 199 196 198 -9999 -9999 -9999 -9999 -9999 -9999 -9999 -9999 -9999 -9999 -9999 -9999 -9999 -9999 -9999 -9999 -9999 -9999 -9999 -9999 -9999 -9999 -9999 -9999 -9999 -9999 -9999 -9999 -9999 -9999 -9999 -9999 -9999 -9999 -9999 -9999 -9999 -9999 -9999 -9999 -9999 -9999
173 173 174 173 174 174 174 174 174 174 175 176 176 176 178 178 179 179 180 180 182 183 183 186 188 189 190 191 192 193 194 195 196 -9999 -9999 199 196 199 -9999 -9999 -9999 -9999 -9999 -9999 -9999 -9999 -9999 -9999 -9999 -9999 -9999 -9999 -9999 -9999 -9999 -9999 -9999 -9999 -9999 -9999 -9999 -9999 -9999 -9999 -9999 -9999 -9999 -9999 -9999 -9999 -9999 -9999 -9999 -9999 -9999 -9999 -9999 -9999 -9999 -9999
173 174 173 174 175 175 174 174 175 175 175 176 176 176 176 178 179 181 179 180 182 182 183 187 189 190 191 191 192 193 -9999 196 197 -9999 -9999 200 200 201 -9999 -9999 -9999 -9999 -9999 -9999 -9999 -9999 -9999 -9999 -9999 -9999 -9999 -9999 -9999 -9999 -9999 -9999 -9999 -9999 -9999 -9999 -9999 -9999 -9999 -9999 -9999 -9999 -9999 -9999 -9999 -9999 -9999 -9999 -9999 -9999 -9999 -9999 -9999 -9999 -9999 -9999
173 174 173 174 174 174 174 174 174 175 175 176 177 177 177 179 179 179 180 181 182 183 183 188 190 191 -9999 -9999 -9999 -9999 -9999 -9999 -9999 -9999 -9999 200 201 -9999 -9999 -9999 -9999 -9999 -9999 -9999 -9999 -9999 -9999 -9999 -9999 -9999 -9999 -9999 -9999 -9999 -9999 -9999 -9999 -9999 -9999 -9999 -9999 -9999 -9999 -9999 -9999 -9999 -9999 -9999 -9999 -9999 -9999 -9999 -9999 -9999 -9999 -9999 -9999 -9999 -9999 -9999
173 173 173 174 174 173 174 174 175 175 176 177 177 178 179 181 181 181 183 183 183 182 183 185 190 -9999 -9999 -9999 -9999 -9999 -9999 -9999 -9999 -9999 -9999 -9999 -9999 -9999 -9999 -9999 -9999 -9999 -9999 -9999 -9999 -9999 -9999 -9999 -9999 -9999 -9999 -9999 -9999 -9999 -9999 -9999 -9999 -9999 -9999 -9999 -9999 -9999 -9999 -9999 -9999 -9999 -9999 -9999 -9999 -9999 -9999 -9999 -9999 -9999 -9999 -9999 -9999 -9999 -9999 -9999
173 173 173 174 173 174 174 175 175 175 176 176 177 177 179 180 179 180 180 182 181 186 189 -9999 -9999 -9999 -9999 -9999 -9999 -9999 -9999 -9999 -9999 -9999 -9999 -9999 -9999 -9999 -9999 -9999 -9999 -9999 -9999 -9999 -9999 -9999 -9999 -9999 -9999 -9999 -9999 -9999 -9999 -9999 -9999 -9999 -9999 -9999 -9999 -9999 -9999 -9999 -9999 -9999 -9999 -9999 -9999 -9999 -9999 -9999 -9999 -9999 -9999 -9999 -9999 -9999 -9999 -9999 -9999 -9999
172 173 173 174 174 174 174 174 174 175 175 176 178 179 177 178 178 179 180 182 181 186 -9999 -9999 -9999 -9999 -9999 -9999 -9999 -9999 -9999 -9999 -9999 -9999 -9999 -9999 -9999 -9999 -9999 -9999 -9999 -9999 -9999 -9999 -9999 -9999 -9999 -9999 -9999 -9999 -9999 211 -9999 -9999 -9999 -9999 -9999 -9999 -9999 -9999 -9999 -9999 -9999 -9999 -9999 -9999 -9999 -9999 -9999 -9999 -9999 -9999 -9999 -9999 -9999 -9999 -9999 -9999 -9999 -9999
172 173 173 173 174 173 174 173 174 174 176 177 178 176 177 178 178 180 181 180 182 -9999 -9999 -9999 -9999 -9999 -9999 -9999 -9999 -9999 -9999 199 199 198 -9999 -9999 -9999 -9999 -9999 -9999 -9999 -9999 -9999 -9999 -9999 -9999 -9999 -9999 -9999 211 211 211 -9999 -9999 212 212 212 -9999 -9999 -9999 -9999 -9999 -9999 -9999 -9999 -9999 -9999 -9999 -9999 -9999 -9999 -9999 -9999 -9999 -9999 -9999 -9999 -9999 -9999 -9999
