Artocarpus altilis SDM files/Environmental layers/bio6.asc
ncols  1201
nrows  481
xllcorner  119.958333335783
yllcorner  -15.041666666017
cellsize 0.041666666667
NODATA_value  -9999
[rows 216 to 251 of 481, columns 480 to 559 of 1201]
150 165 169 167 143 139 152 155 149 167 176 176 178 175 173 175 173 171 170 171 183 184 184 184 185 186 186 186 186 186 186 183 178 179 185 185 185 185 183 178 176 175 186 187 187 187 187 187 186 186 186 185 185 184 184 184 184 184 184 184 184 184 184 184 185 184 183 183 183 184 184 184 184 184 184 184 184 183 183 183
154 150 157 166 162 144 129 141 154 160 165 175 176 177 175 176 176 173 172 168 178 183 181 181 184 187 187 186 186 186 185 177 172 179 180 183 180 182 183 173 159 169 182 188 188 188 187 187 187 186 186 185 185 185 184 184 184 184 184 184 184 184 184 184 184 184 183 183 183 183 183 183 184 184 184 183 183 183 183 183
159 142 127 142 161 158 146 125 131 146 149 168 175 175 177 178 177 173 170 169 176 182 182 185 185 188 188 187 187 186 186 184 171 170 164 166 165 158 171 168 185 187 185 187 187 187 187 187 187 186 186 186 185 185 185 184 184 184 184 184 184 184 183 184 184 184 183 183 183 183 183 183 183 183 183 183 183 183 182 182
152 150 125 121 131 157 160 139 138 123 149 158 168 176 177 177 174 173 173 173 179 183 185 186 186 188 188 188 187 187 187 186 171 163 136 121 146 149 160 182 185 187 187 187 187 187 187 187 186 186 186 186 186 185 184 184 184 184 184 184 183 184 183 184 184 182 178 182 183 183 183 183 182 182 182 182 182 182 182 182
143 140 152 141 120 123 149 157 154 134 124 153 164 172 177 176 176 174 171 175 183 185 187 187 187 188 188 188 187 186 179 183 178 155 128 117 155 161 179 186 186 187 187 187 187 187 187 187 186 186 186 186 185 185 185 184 184 184 184 184 184 183 183 183 183 182 175 180 177 182 181 181 181 181 182 182 182 182 181 181
128 135 143 126 135 134 120 138 152 142 116 126 146 164 173 176 176 175 170 166 181 183 187 186 187 188 187 187 179 163 171 178 174 169 147 146 158 177 181 187 187 187 186 187 186 186 186 186 186 186 186 186 185 185 185 184 184 184 184 184 183 183 183 183 181 182 182 176 179 181 179 177 179 181 181 181 181 181 181 181
118 126 146 137 109 116 131 107 133 152 137 94 126 149 167 173 176 174 167 168 177 179 186 186 187 187 187 186 173 155 149 168 160 151 141 158 165 173 186 186 187 186 179 186 187 186 187 186 185 185 186 185 185 185 185 184 184 184 183 183 183 182 182 182 182 182 181 181 181 180 179 176 177 177 180 181 179 179 180 180
86 114 132 133 136 121 107 121 107 131 144 133 106 133 157 168 173 174 172 172 176 181 186 186 187 187 186 186 165 153 151 150 161 169 168 171 173 175 185 185 187 186 179 181 186 186 186 186 185 186 185 185 184 184 183 183 183 183 183 182 181 181 181 181 181 181 181 180 180 180 175 177 179 179 178 180 179 179 179 179
40 92 117 118 120 137 113 98 114 107 128 136 129 109 132 154 167 170 170 170 168 171 185 186 186 186 185 183 167 136 132 128 153 144 178 176 166 170 167 181 186 186 185 185 186 186 185 186 185 185 184 184 184 183 183 183 182 182 182 179 179 180 180 180 180 179 180 171 174 173 167 177 179 178 178 178 178 178 178 178
8 88 86 91 118 122 110 79 99 104 95 128 131 121 107 139 152 166 164 159 164 169 184 186 185 185 185 181 153 140 121 122 128 156 170 180 176 180 178 183 186 182 186 185 185 185 185 185 184 184 183 183 183 183 183 182 181 181 181 180 180 180 179 178 177 173 173 169 169 164 166 169 167 174 177 177 177 177 177 177
43 78 52 78 99 93 114 83 59 64 80 88 126 121 122 104 131 155 162 156 159 171 184 186 185 184 183 180 161 127 143 109 123 148 157 182 175 179 184 185 183 179 185 185 185 185 184 184 183 183 183 183 183 182 182 181 180 181 180 180 179 174 174 164 163 170 168 170 156 160 148 162 168 174 172 172 176 176 176 177
17 38 41 67 57 69 96 80 67 37 60 66 97 123 111 119 119 146 139 157 158 171 181 184 184 184 183 180 169 163 138 111 144 163 170 182 181 173 185 182 175 179 183 182 179 182 181 182 178 180 182 182 182 181 181 179 181 180 180 179 179 172 176 174 154 160 166 147 165 175 174 174 173 175 175 175 175 175 175 176
-28 -21 3 21 27 45 66 56 52 28 29 76 71 77 95 99 115 127 132 136 153 168 174 184 184 183 182 176 158 158 135 116 141 156 172 181 179 176 179 181 164 159 175 168 175 181 177 172 180 182 178 177 177 181 181 180 180 179 175 175 178 178 176 157 122 137 142 147 169 172 175 174 172 172 172 175 175 175 175 175
-12 -32 -37 -27 -38 19 13 3 12 15 1 32 47 79 99 116 102 98 108 120 134 161 158 182 183 182 179 177 148 169 159 149 149 165 174 176 162 178 180 179 174 151 156 172 164 166 176 177 179 177 170 179 175 180 170 173 178 178 157 152 174 176 176 172 168 166 169 165 173 175 175 174 175 173 173 173 172 171 171 173
25 -13 -32 -49 -53 -28 -18 -32 -38 -14 -15 0 61 83 84 97 106 63 63 89 106 140 148 170 181 181 180 171 166 171 162 148 158 163 167 163 151 175 176 174 165 162 134 139 144 154 152 168 168 174 177 177 172 176 160 152 171 161 166 155 149 151 173 176 176 174 174 172 171 173 173 174 173 171 174 174 174 173 175 170
64 -10 -44 -55 -45 -11 -23 -39 -39 -31 -10 12 49 47 74 57 86 77 35 48 67 89 134 136 158 175 172 175 171 167 164 158 160 147 142 137 130 157 176 163 147 138 143 151 161 167 163 167 155 170 163 165 164 167 163 140 145 144 140 128 146 155 175 176 175 175 171 174 171 173 172 165 165 171 174 174 174 169 172 164
78 47 -26 -60 -48 -10 37 -39 -25 0 -2 0 -2 14 59 27 36 61 68 66 102 121 126 144 150 164 166 163 169 165 160 162 151 147 136 135 126 148 174 155 131 137 123 148 157 169 173 168 161 155 157 171 160 159 160 135 152 156 150 134 150 169 168 162 169 161 164 162 165 170 161 161 170 172 169 173 173 162 161 170
85 64 24 4 -35 -2 64 23 -24 -17 23 25 1 13 24 39 39 29 65 98 90 106 128 116 134 139 144 149 155 159 152 151 152 138 139 139 141 154 161 148 120 113 119 141 159 155 161 172 166 164 166 170 171 157 161 156 167 167 158 146 155 165 166 157 148 158 166 167 163 167 164 171 171 171 157 160 173 172 170 170
85 44 74 45 14 40 85 55 66 17 -4 19 43 56 57 52 63 53 43 63 57 84 91 115 109 107 122 128 138 146 123 114 116 141 127 112 119 137 149 131 73 69 121 141 149 152 157 155 147 144 158 153 158 151 162 165 153 163 160 152 142 149 159 158 159 147 152 162 159 161 156 160 155 168 161 158 168 163 163 163
82 62 90 84 75 92 111 108 100 85 55 6 21 40 51 81 92 64 46 47 49 81 59 94 67 67 93 106 139 134 145 119 83 81 94 99 122 117 113 129 91 63 101 121 115 133 143 126 94 97 123 107 145 139 129 136 125 134 152 146 135 153 152 146 143 155 143 151 141 139 155 148 146 144 153 138 150 151 162 147
114 95 113 98 120 96 121 95 75 72 28 18 53 75 78 77 95 89 54 65 39 25 30 59 64 44 76 64 89 119 120 131 139 138 115 106 106 132 129 121 97 79 81 99 126 118 106 85 57 49 56 74 116 110 98 84 98 139 155 143 128 138 138 134 124 132 149 144 141 138 151 126 127 138 135 106 100 120 136 112
146 137 145 144 150 122 113 121 96 74 64 5 38 77 98 104 106 108 118 99 87 42 -2 4 19 16 58 67 94 82 95 87 94 125 135 142 126 133 121 128 122 113 87 79 82 87 77 90 77 55 48 50 53 63 81 100 130 137 136 128 108 135 129 117 110 134 139 117 130 122 137 139 115 104 130 125 125 118 110 127
172 172 176 169 160 125 132 127 105 111 75 42 30 69 84 92 103 116 127 111 55 60 31 28 24 1 0 41 61 68 65 61 90 92 94 108 133 112 87 97 105 102 95 92 99 96 97 95 66 57 87 67 66 35 29 53 84 102 114 86 94 114 103 81 113 106 120 93 109 106 103 140 112 108 96 98 109 119 100 110
182 181 178 174 172 166 160 135 140 114 109 99 61 52 61 97 100 121 129 99 64 80 79 67 56 15 -8 -18 6 36 32 49 51 66 76 102 124 116 94 77 64 63 57 61 78 102 113 110 113 90 87 101 92 61 52 76 61 74 77 63 67 68 74 64 68 59 87 88 96 69 80 116 105 104 98 81 90 87 67 88
181 179 178 176 173 170 169 168 144 139 126 103 61 69 98 117 134 132 154 150 138 116 112 83 67 27 -4 -9 0 25 21 16 20 18 40 73 100 122 96 106 99 90 66 81 95 81 82 81 111 111 105 117 120 108 94 98 79 95 65 55 69 85 92 95 95 57 41 56 51 41 67 106 78 72 79 58 80 57 21 67
181 180 178 177 174 170 171 174 169 163 144 129 86 73 112 143 162 160 166 160 145 130 122 104 109 74 24 27 34 34 36 27 45 45 43 57 74 96 91 69 64 74 64 90 95 112 115 118 121 125 118 117 117 119 126 122 117 124 103 85 94 79 84 85 111 82 74 64 69 57 46 56 69 49 54 25 57 55 9 38
181 180 178 176 173 174 176 176 175 171 168 158 123 77 96 120 153 166 169 161 152 144 137 139 131 107 71 78 63 68 75 42 26 56 79 95 96 92 105 89 74 51 41 69 89 83 95 88 105 88 106 116 132 131 124 127 114 105 126 119 112 88 108 109 119 120 101 90 108 92 67 38 24 12 2 -4 14 13 -8 10
181 180 178 176 174 177 179 177 178 176 173 165 154 123 108 117 138 170 167 163 152 145 149 147 140 126 119 95 63 87 99 60 40 31 32 60 64 75 99 102 93 53 25 41 60 42 45 63 71 64 78 99 110 97 111 136 136 114 108 112 83 84 92 121 115 88 108 119 97 88 69 34 21 10 20 14 21 -2 11 -14
181 180 179 177 175 180 178 178 179 178 177 173 170 164 157 161 156 171 161 158 155 152 152 155 149 136 102 83 79 123 128 98 62 29 29 38 53 52 66 79 92 94 60 43 30 0 4 25 37 42 49 62 67 74 90 104 134 126 130 130 114 85 109 117 88 83 47 82 114 91 68 70 62 51 34 58 70 14 41 14
181 181 178 178 177 181 180 179 179 179 178 173 171 172 168 167 160 156 165 166 161 158 148 133 134 124 119 101 107 125 127 90 68 53 35 35 45 44 47 51 62 65 60 26 29 28 5 -10 11 35 52 54 64 57 70 77 133 93 86 107 122 128 116 116 98 90 74 51 92 106 69 90 90 96 87 90 94 73 52 20
181 179 178 178 179 180 180 179 180 180 178 177 174 173 169 164 162 158 167 165 159 155 150 145 139 136 134 116 131 149 146 112 124 80 46 67 72 89 68 29 28 19 11 27 29 25 17 14 39 55 62 78 88 66 67 85 132 92 61 68 99 113 120 112 85 98 86 61 89 80 88 93 107 95 99 82 63 93 76 67
180 179 180 179 179 181 180 179 180 179 178 179 177 175 170 164 160 163 164 163 163 158 155 151 150 150 152 145 146 152 149 141 140 124 100 104 98 113 91 43 22 14 49 88 104 106 79 61 50 58 73 86 102 129 127 116 136 101 70 64 75 72 77 118 95 65 92 86 61 59 40 70 67 56 88 71 58 56 69 62
180 179 180 180 179 180 180 178 180 179 179 179 178 174 172 169 164 167 165 168 168 165 162 158 161 157 154 154 151 155 146 159 152 131 120 122 135 129 113 100 64 29 45 78 85 115 110 106 92 76 97 114 138 113 104 113 120 101 102 85 73 60 79 103 88 66 57 67 77 41 62 80 77 51 49 78 77 29 22 26
179 180 180 179 179 180 180 179 180 180 179 179 178 177 174 170 168 170 170 169 169 166 165 164 167 165 161 158 156 159 153 157 157 150 107 105 131 152 135 119 97 89 81 83 102 117 122 112 88 107 118 136 117 85 53 43 67 88 90 96 95 81 83 95 92 99 84 67 60 27 20 68 70 54 22 39 74 66 30 11
178 179 180 178 179 180 179 178 180 180 179 179 179 176 176 175 173 174 173 173 171 170 168 169 168 167 168 165 166 166 160 162 162 167 152 125 127 153 134 102 88 97 108 103 102 107 118 125 87 101 135 121 89 104 82 31 31 42 63 80 85 94 80 83 88 97 64 52 49 33 11 50 60 10 19 39 53 45 15 -5
178 178 178 179 179 179 180 180 180 178 178 179 178 178 177 176 173 174 175 173 172 171 169 171 171 170 169 169 168 169 164 165 164 169 168 161 156 148 131 113 83 89 134 128 126 106 99 128 112 130 138 113 113 123 81 7 8 9 31 49 75 79 80 75 80 88 51 31 5 20 18 30 37 3 -6 27 32 -2 -16 -4
