Artocarpus altilis SDM files/Environmental layers/bio6.asc
ncols  1201
nrows  481
xllcorner  119.958333335783
yllcorner  -15.041666666017
cellsize 0.041666666667
NODATA_value  -9999
[rows 252 to 287 of 481, columns 560 to 639 of 1201]
3 14 9 11 19 31 12 13 -1 3 32 56 48 16 39 65 95 86 93 92 105 101 81 52 99 117 107 129 128 140 141 122 120 118 96 80 113 128 141 139 155 153 152 162 165 174 176 177 177 177 175 158 146 152 148 144 165 172 172 178 182 185 187 184 179 187 192 197 199 201 -9999 -9999 -9999 -9999 -9999 -9999 -9999 -9999 -9999 -9999
10 9 10 7 0 13 20 8 -7 -1 15 46 64 49 30 32 85 81 86 77 93 103 94 51 73 86 90 104 100 123 135 132 103 115 99 69 88 113 129 129 124 139 125 135 144 149 161 178 178 178 177 171 160 152 135 140 155 169 163 169 168 169 173 171 167 171 175 176 187 195 197 199 200 197 -9999 -9999 -9999 -9999 -9999 -9999
12 11 12 14 11 6 16 -1 -9 -4 -4 21 47 65 63 65 83 67 69 71 72 98 92 84 54 56 59 88 86 110 124 122 107 92 106 65 84 99 96 123 95 105 117 122 121 134 154 173 178 178 177 177 165 153 151 134 160 164 153 162 149 152 153 149 151 151 154 137 170 177 186 190 190 194 199 199 200 -9999 -9999 -9999
15 9 7 15 19 6 15 5 4 -1 -6 18 46 53 69 72 55 31 47 41 39 83 67 65 62 68 65 51 70 108 110 107 105 87 102 101 102 88 90 92 45 50 96 97 92 112 132 138 175 178 178 177 176 165 150 144 151 150 145 148 124 123 127 126 136 134 140 139 151 151 167 173 174 170 179 190 197 201 -9999 -9999
17 14 14 31 27 6 1 0 5 0 -2 10 36 53 45 50 21 15 19 7 36 70 65 51 53 77 83 68 49 77 77 86 76 70 82 87 88 69 66 59 4 24 57 51 86 111 98 125 172 178 178 178 177 175 162 151 139 133 133 144 117 100 97 96 102 114 122 124 135 136 136 137 153 152 157 168 176 188 197 -9999
14 14 22 27 28 4 -14 -21 -4 -19 -9 4 2 34 25 39 16 -23 -24 7 52 64 64 77 81 83 85 83 81 77 64 61 45 29 37 42 61 73 51 48 -10 -1 12 42 77 99 125 126 148 176 178 178 178 177 175 154 137 129 119 112 118 88 65 42 34 73 72 90 114 115 114 128 130 125 160 140 150 161 184 195
27 22 22 35 31 6 -7 -12 -18 -25 -11 -8 -9 13 3 8 9 -16 -12 30 52 64 72 79 83 82 84 86 87 87 85 78 68 49 35 13 5 27 37 30 -25 -55 -16 24 55 65 74 121 135 159 174 177 177 177 177 171 156 134 128 120 91 74 74 58 28 38 30 23 49 73 98 95 104 98 141 129 115 151 163 179
28 28 27 35 36 30 25 19 3 -4 -5 -16 -21 -10 3 12 8 17 26 48 58 64 74 79 82 82 85 84 84 88 88 88 85 80 70 59 37 -1 10 10 -9 -45 -17 9 26 45 35 68 95 130 156 150 161 169 175 175 172 161 143 144 123 119 102 84 70 31 12 10 18 20 66 56 71 81 107 126 113 112 138 146
14 32 31 32 35 32 31 33 28 23 0 -15 -17 -14 7 36 26 15 30 43 71 69 76 79 82 79 72 77 78 78 79 87 90 89 84 78 70 48 53 35 4 -2 10 35 12 9 26 22 71 123 124 92 103 145 160 158 167 173 169 160 143 140 130 112 68 47 50 59 52 7 6 12 35 38 74 92 99 63 108 96
15 35 21 27 33 33 27 25 25 11 -2 13 3 12 21 36 36 31 25 37 79 73 68 53 77 62 62 48 62 52 56 69 81 87 91 88 84 83 59 20 20 44 49 36 9 3 50 53 64 64 98 47 41 114 130 131 156 168 169 169 163 148 124 114 103 90 66 86 53 27 45 27 8 4 58 57 83 49 47 84
30 41 25 30 35 34 30 15 6 9 19 31 18 16 8 5 35 44 33 76 89 91 74 41 64 52 45 36 23 10 30 35 61 73 83 93 93 92 68 44 33 61 34 12 -4 4 45 74 58 29 46 45 20 82 107 96 131 137 164 164 168 164 155 136 121 118 104 97 80 70 79 39 61 4 2 39 42 28 41 82
33 46 31 29 34 48 44 41 46 44 42 32 12 -1 -29 -27 18 46 47 68 95 98 89 61 32 39 7 14 -3 -2 -5 32 50 25 52 77 84 94 84 66 66 64 40 5 1 21 46 83 82 72 53 29 8 44 74 87 121 116 148 153 165 166 162 155 143 130 128 109 120 106 69 64 79 30 -11 0 -1 10 62 73
22 46 44 30 47 53 49 48 53 44 47 26 -8 -35 -49 -40 -5 37 57 57 96 103 71 54 22 14 -6 32 19 46 20 -2 18 4 37 38 61 82 88 90 92 64 53 15 29 27 43 79 91 86 70 45 28 35 66 56 79 96 113 137 149 152 165 162 157 144 128 113 135 112 91 103 84 35 11 39 15 8 40 28
33 42 54 43 41 58 53 62 60 42 38 13 -23 -37 -40 -31 3 38 60 74 94 107 81 68 36 41 -3 53 71 65 39 -18 -15 -3 -3 -1 20 44 69 76 86 77 42 51 59 51 51 56 91 93 86 70 57 64 76 54 36 57 70 98 99 132 162 163 161 157 141 128 136 138 116 126 91 44 53 75 64 60 33 28
49 57 62 59 52 53 59 54 71 51 36 29 -1 -6 1 9 25 43 61 78 99 110 101 85 62 57 40 37 88 77 49 24 15 51 -3 -20 5 39 49 85 63 69 67 72 76 57 51 57 84 97 96 94 86 87 83 60 37 56 43 55 104 135 156 153 162 162 159 152 152 151 146 119 73 54 85 89 89 80 67 61
72 65 61 71 65 45 53 54 64 54 53 49 37 36 31 32 42 50 55 67 88 111 114 98 90 90 61 68 89 94 73 66 58 72 15 14 42 65 60 78 47 67 81 88 72 58 68 59 73 95 101 99 95 93 83 51 56 64 47 33 81 121 115 148 144 153 161 165 165 163 151 133 109 77 109 89 120 89 85 55
87 70 64 63 76 54 48 59 63 73 67 57 48 51 48 50 53 51 50 49 61 105 120 123 118 112 99 96 94 118 88 88 99 96 60 58 56 44 70 90 83 78 90 86 53 64 86 79 65 77 99 100 97 83 72 74 71 56 52 48 62 87 86 119 112 114 132 159 166 166 161 148 128 106 120 112 123 122 88 56
99 80 78 55 66 77 67 64 75 82 76 66 59 58 50 57 58 50 20 24 62 96 109 116 119 128 133 126 121 127 125 113 110 104 86 93 92 73 52 50 58 85 86 77 73 52 67 82 72 80 93 101 96 91 91 80 79 83 78 63 65 85 86 100 110 100 110 127 150 167 168 146 135 129 118 126 139 108 87 77
111 106 83 78 63 73 82 83 88 86 71 67 66 57 54 60 62 52 26 42 70 91 107 110 120 121 119 137 141 140 135 118 87 79 89 98 109 101 82 68 69 84 99 87 80 67 78 103 103 83 89 99 93 93 89 92 85 80 75 72 78 90 90 89 108 108 98 100 140 169 171 167 153 142 135 116 143 132 113 86
119 116 101 80 84 75 77 87 89 82 79 72 68 70 72 68 62 65 60 68 79 95 105 107 117 129 128 123 128 142 139 116 80 84 96 91 109 86 74 88 79 70 79 94 101 85 104 111 101 79 80 94 86 64 79 74 81 80 75 75 83 89 89 95 107 102 100 104 151 170 173 174 173 166 150 135 152 137 127 110
129 125 116 104 84 92 90 87 94 78 79 86 80 75 75 73 73 77 73 80 85 96 100 92 106 125 135 141 137 138 145 129 116 116 117 110 130 106 101 108 103 96 78 62 69 113 102 66 63 63 66 91 87 82 82 67 59 67 69 74 81 82 84 88 101 93 104 110 131 156 174 176 177 176 162 160 140 132 140 126
133 130 126 128 109 96 103 96 100 87 79 83 83 84 76 74 76 87 85 90 94 99 104 97 110 134 135 137 145 144 148 137 134 130 131 136 129 135 128 125 127 130 121 104 95 111 82 38 0 37 49 71 64 63 73 72 67 69 61 65 78 81 82 83 92 100 103 109 136 156 160 176 178 178 175 161 151 150 152 138
121 125 128 126 129 117 104 95 92 95 92 87 78 80 77 76 77 86 83 83 92 98 99 106 116 129 131 142 151 150 151 144 147 142 141 144 143 129 102 85 121 124 106 91 97 105 83 46 8 26 45 57 65 62 65 72 66 58 51 55 68 78 76 82 80 90 91 94 118 147 149 171 179 179 177 171 164 169 156 141
127 123 117 126 133 136 131 115 110 102 91 90 87 93 90 77 75 73 82 89 90 97 97 99 123 124 131 145 136 125 132 148 143 139 135 132 126 132 119 98 102 99 97 77 65 80 80 68 19 27 40 51 61 78 78 74 64 58 53 46 58 68 75 75 86 78 80 95 113 139 149 171 180 180 180 180 181 181 179 171
137 132 121 119 123 132 130 135 132 116 99 93 91 95 95 88 81 82 83 90 100 96 97 92 105 96 125 148 133 117 134 132 124 118 115 110 113 119 109 102 93 76 61 42 42 44 55 51 40 61 76 83 76 74 74 77 63 69 80 74 63 57 66 59 80 60 78 114 134 142 173 179 181 181 181 182 184 184 184 184
153 133 131 125 137 137 132 115 122 118 118 102 101 102 98 101 98 96 89 91 103 109 112 115 118 121 133 137 137 144 136 116 115 112 87 64 89 113 109 107 109 91 49 39 55 58 45 45 56 73 79 83 60 61 69 84 93 102 88 84 60 55 67 86 77 50 73 83 113 159 177 180 181 182 183 184 185 185 186 187
154 152 136 141 143 140 141 124 120 123 126 121 102 104 116 109 101 106 107 108 117 120 122 119 116 127 132 128 122 127 134 115 116 117 93 93 82 106 112 125 122 81 81 58 74 90 80 58 60 75 89 67 66 68 78 74 94 113 90 91 74 92 91 101 75 54 57 89 125 155 174 175 171 168 180 184 185 186 187 188
168 155 153 153 151 148 131 137 148 149 144 133 118 107 114 109 101 97 96 106 113 122 125 134 140 138 144 142 131 136 146 125 116 116 122 112 125 137 137 141 122 114 92 84 96 104 98 64 60 67 90 90 83 83 74 79 104 116 106 108 86 105 107 91 82 63 57 106 126 158 163 150 153 180 182 184 186 186 183 185
167 172 158 154 156 158 154 138 142 152 149 128 120 120 121 114 104 96 92 101 108 108 117 120 124 128 128 134 136 131 127 141 144 143 140 142 146 153 153 141 138 131 111 99 112 112 85 89 92 68 93 98 86 90 78 60 102 103 102 101 99 84 66 48 37 47 52 99 121 148 134 137 168 175 176 184 185 184 185 170
159 168 173 164 157 154 158 149 128 137 142 142 129 116 110 110 94 82 99 108 114 114 119 127 125 126 129 137 141 138 143 144 131 146 160 152 151 159 156 154 143 138 130 116 121 120 94 103 102 93 101 103 97 86 95 86 113 108 96 93 94 87 72 42 2 15 62 97 130 114 113 116 137 143 167 184 183 175 168 161
150 159 168 176 176 170 166 165 157 144 124 131 133 134 116 106 96 108 96 112 119 123 128 133 141 139 136 127 134 137 134 141 140 138 143 157 141 149 149 140 149 145 139 125 103 127 102 114 80 89 108 102 115 82 114 120 99 83 103 98 81 89 80 52 19 12 65 85 94 102 95 116 143 165 181 182 178 177 168 154
142 149 158 168 176 180 180 181 180 174 159 138 128 134 121 112 110 124 119 120 125 130 133 134 140 140 141 141 142 144 142 148 153 148 135 140 163 150 149 128 131 147 144 141 133 131 113 115 81 79 113 127 120 127 123 91 54 65 87 74 59 63 79 68 33 7 36 45 81 76 93 121 147 176 182 174 153 166 150 147
134 140 149 157 166 175 179 180 181 180 172 169 153 141 142 138 122 125 130 130 133 135 143 141 140 139 140 135 134 130 134 146 158 165 150 160 152 159 146 139 139 136 129 126 135 140 129 106 111 104 126 133 141 131 87 62 29 38 60 69 55 41 47 37 24 0 38 64 71 86 107 132 161 180 181 167 152 139 132 141
134 137 141 148 155 165 173 178 181 181 180 171 172 174 164 156 151 138 140 141 148 152 145 154 156 148 141 139 140 139 138 141 153 156 169 173 175 177 177 171 166 167 153 151 162 139 111 122 152 149 148 148 140 108 65 68 57 77 51 34 34 30 11 8 11 33 71 100 93 91 107 146 165 176 173 161 148 127 89 118
141 141 142 142 146 155 164 170 177 180 181 180 172 170 172 171 164 158 160 158 156 164 168 157 155 152 156 157 159 150 134 141 139 141 160 169 168 175 176 179 179 178 178 172 171 163 137 128 161 123 142 144 109 68 88 96 96 75 48 28 33 35 39 33 20 64 90 119 133 139 146 150 163 168 160 140 139 106 76 118
158 159 157 143 140 146 156 164 170 176 180 181 181 179 173 174 171 168 173 167 164 161 165 175 180 180 179 175 161 142 124 132 131 122 147 164 169 170 171 179 177 175 178 179 178 163 154 134 159 158 150 146 119 105 113 123 107 76 56 48 67 68 56 29 41 68 71 92 107 141 155 154 161 159 151 142 152 108 82 129
