Artocarpus heterophyllus SDM files/MIS19/results (with bias file)/Arthet_0.asc
ncols         625
nrows         721
xllcorner     69.99986311115
yllcorner     5.99986187915
cellsize      0.041666667
NODATA_value  -9999
[rows 675 to 701 of 721, columns 244 to 304 of 625]
7.25674E-1 7.3666E-1 7.29393E-1 7.42743E-1 7.58124E-1 7.70151E-1 8.34106E-1 8.29412E-1 6.92629E-1 7.08663E-1 6.87738E-1 7.26806E-1 7.30277E-1 7.07723E-1 6.31888E-1 6.34723E-1 6.35099E-1 6.64109E-1 6.30493E-1 7.3834E-1 6.03445E-1 6.93255E-1 5.68245E-1 6.58729E-1 6.23013E-1 6.18961E-1 5.7824E-1 5.13198E-1 3.97657E-1 3.66273E-1 3.6546E-1 4.23331E-1 4.09732E-1 3.84563E-1 3.64339E-1 -9999 -9999 -9999 -9999 -9999 -9999 -9999 -9999 -9999 -9999 -9999 -9999 -9999 -9999 -9999 -9999 -9999 -9999 -9999 -9999 -9999 -9999 -9999 -9999 -9999 -9999
7.54007E-1 7.50068E-1 7.57516E-1 7.71473E-1 7.67346E-1 7.88918E-1 8.65679E-1 8.73887E-1 7.27608E-1 8.25109E-1 6.85554E-1 7.09564E-1 8.1466E-1 8.47658E-1 8.15433E-1 7.44115E-1 6.54048E-1 7.69557E-1 6.28372E-1 7.27713E-1 7.15765E-1 7.20694E-1 7.23834E-1 6.9401E-1 6.40532E-1 6.21378E-1 6.14856E-1 5.45462E-1 3.82264E-1 3.92809E-1 3.42682E-1 3.42877E-1 3.11092E-1 3.84185E-1 2.91591E-1 -9999 -9999 -9999 -9999 -9999 -9999 -9999 -9999 -9999 -9999 -9999 -9999 -9999 -9999 -9999 -9999 -9999 -9999 -9999 -9999 -9999 -9999 -9999 -9999 -9999 -9999
7.60303E-1 7.7269E-1 7.75481E-1 8.81811E-1 8.92687E-1 9.03123E-1 8.7814E-1 8.87438E-1 8.5811E-1 8.54971E-1 8.23595E-1 8.10287E-1 8.60517E-1 8.08893E-1 8.34958E-1 6.99426E-1 6.76273E-1 7.97621E-1 7.39015E-1 7.3694E-1 7.26225E-1 7.32892E-1 7.25028E-1 7.11414E-1 6.60082E-1 6.62685E-1 6.39683E-1 5.74889E-1 4.05778E-1 3.69113E-1 3.35744E-1 3.44047E-1 3.19676E-1 3.94791E-1 3.69914E-1 2.81289E-1 -9999 -9999 -9999 -9999 -9999 -9999 -9999 -9999 -9999 -9999 -9999 -9999 -9999 -9999 -9999 -9999 -9999 -9999 -9999 -9999 -9999 -9999 -9999 -9999 -9999
7.94207E-1 8.05875E-1 8.07194E-1 8.94185E-1 9.05547E-1 9.16029E-1 8.90756E-1 8.88675E-1 8.97672E-1 8.36832E-1 8.08937E-1 8.04752E-1 8.69546E-1 8.48137E-1 8.35656E-1 7.13541E-1 8.11758E-1 7.63288E-1 7.39181E-1 7.36533E-1 7.25114E-1 7.39987E-1 7.29178E-1 6.85852E-1 6.61298E-1 6.64076E-1 6.43609E-1 5.73188E-1 5.22446E-1 3.70438E-1 3.55445E-1 3.50188E-1 3.33459E-1 3.084E-1 3.06832E-1 3.63255E-1 2.51546E-1 -9999 -9999 -9999 -9999 -9999 -9999 -9999 -9999 -9999 -9999 -9999 -9999 -9999 -9999 -9999 -9999 -9999 -9999 -9999 -9999 -9999 -9999 -9999 -9999
8.04493E-1 8.02007E-1 8.1801E-1 9.13391E-1 9.13769E-1 9.13747E-1 9.24368E-1 9.01867E-1 9.07739E-1 8.85451E-1 8.5387E-1 8.71804E-1 8.83246E-1 8.76759E-1 8.1948E-1 8.13382E-1 8.61458E-1 8.25716E-1 7.58324E-1 7.56813E-1 7.43112E-1 7.50012E-1 7.46576E-1 6.88618E-1 6.5957E-1 6.47265E-1 6.58169E-1 6.30012E-1 5.68629E-1 4.11694E-1 3.62211E-1 3.55283E-1 3.43089E-1 3.05834E-1 3.04696E-1 2.95989E-1 2.78822E-1 2.49043E-1 -9999 -9999 -9999 -9999 -9999 -9999 -9999 -9999 -9999 -9999 -9999 -9999 -9999 -9999 -9999 -9999 -9999 -9999 -9999 -9999 -9999 -9999 -9999
9.02153E-1 8.99849E-1 9.10722E-1 9.10014E-1 9.21484E-1 9.22366E-1 9.22343E-1 9.01779E-1 9.22694E-1 9.20431E-1 9.31872E-1 9.0898E-1 9.01231E-1 8.74098E-1 8.61562E-1 7.63719E-1 8.56813E-1 8.06232E-1 7.82535E-1 7.66324E-1 7.77278E-1 7.55817E-1 7.60657E-1 7.01333E-1 6.98852E-1 6.48245E-1 6.81273E-1 6.41736E-1 6.00495E-1 4.22003E-1 3.76909E-1 3.85236E-1 3.48022E-1 3.17153E-1 2.92243E-1 2.8128E-1 2.86925E-1 2.73824E-1 2.4514E-1 -9999 -9999 -9999 -9999 -9999 -9999 -9999 -9999 -9999 -9999 -9999 -9999 -9999 -9999 -9999 -9999 -9999 -9999 -9999 -9999 -9999 -9999
9.13545E-1 9.2351E-1 9.20625E-1 9.20357E-1 9.29804E-1 9.19778E-1 9.18602E-1 9.11198E-1 9.23596E-1 9.29294E-1 9.22519E-1 8.72084E-1 8.58746E-1 7.74911E-1 8.08723E-1 7.81533E-1 8.43584E-1 8.07611E-1 8.00189E-1 7.95655E-1 8.12562E-1 7.75714E-1 7.77396E-1 7.05899E-1 7.19147E-1 6.77801E-1 6.61254E-1 4.86733E-1 4.85778E-1 4.36849E-1 4.02163E-1 5.42511E-1 4.8483E-1 3.39344E-1 3.1113E-1 2.95596E-1 2.78899E-1 2.84291E-1 2.65705E-1 -9999 -9999 -9999 -9999 -9999 -9999 -9999 -9999 -9999 -9999 -9999 -9999 -9999 -9999 -9999 -9999 -9999 -9999 -9999 -9999 -9999 -9999
9.30349E-1 9.36872E-1 9.42108E-1 9.41736E-1 9.31962E-1 9.32996E-1 9.38877E-1 9.30385E-1 9.23263E-1 9.46678E-1 9.35439E-1 8.86236E-1 9.32762E-1 8.93987E-1 7.75517E-1 7.80584E-1 8.56809E-1 8.0688E-1 8.16778E-1 8.12384E-1 8.32676E-1 8.31229E-1 8.28384E-1 7.10308E-1 6.97719E-1 7.12351E-1 6.89611E-1 5.32091E-1 5.09586E-1 4.64117E-1 4.48167E-1 4.18783E-1 4.0296E-1 3.69971E-1 3.2045E-1 2.89867E-1 2.69854E-1 2.79112E-1 2.72299E-1 2.50866E-1 -9999 -9999 -9999 -9999 -9999 -9999 -9999 -9999 -9999 -9999 -9999 -9999 -9999 -9999 -9999 -9999 -9999 -9999 -9999 -9999 -9999
9.40894E-1 9.48474E-1 9.54122E-1 9.53405E-1 9.58618E-1 9.5174E-1 9.49821E-1 9.40288E-1 9.32129E-1 9.46314E-1 9.50824E-1 9.05E-1 9.45228E-1 9.73029E-1 7.97152E-1 7.8014E-1 8.2763E-1 8.05933E-1 8.16687E-1 8.3203E-1 8.48122E-1 8.4694E-1 7.75673E-1 7.28399E-1 7.1197E-1 7.16858E-1 6.56882E-1 6.2024E-1 4.93249E-1 5.84474E-1 5.81269E-1 4.40259E-1 4.23133E-1 3.91347E-1 3.29732E-1 3.1378E-1 2.88891E-1 2.68645E-1 2.79593E-1 2.49129E-1 -9999 -9999 -9999 -9999 -9999 -9999 -9999 -9999 -9999 -9999 -9999 -9999 -9999 -9999 -9999 -9999 -9999 -9999 -9999 -9999 -9999
9.50617E-1 9.57229E-1 9.63015E-1 9.61497E-1 9.54124E-1 9.51337E-1 9.41862E-1 9.48069E-1 9.29374E-1 9.54595E-1 9.48998E-1 9.1636E-1 9.37829E-1 9.77153E-1 8.51635E-1 7.98531E-1 7.4058E-1 7.64982E-1 8.36108E-1 8.47535E-1 8.47936E-1 8.77321E-1 8.59674E-1 7.2852E-1 7.14654E-1 7.22439E-1 6.84179E-1 6.4334E-1 5.02626E-1 6.30397E-1 5.22422E-1 4.52342E-1 4.26107E-1 3.99625E-1 3.82024E-1 3.04055E-1 3.12804E-1 2.81726E-1 2.85636E-1 2.72385E-1 -9999 -9999 -9999 -9999 -9999 -9999 -9999 -9999 -9999 -9999 -9999 -9999 -9999 -9999 -9999 -9999 -9999 -9999 -9999 -9999 -9999
9.57109E-1 9.64251E-1 9.69256E-1 9.68198E-1 9.61453E-1 9.58978E-1 9.39973E-1 9.5639E-1 9.4706E-1 9.61664E-1 9.7149E-1 9.38155E-1 9.4426E-1 9.83679E-1 8.78706E-1 9.02866E-1 7.59415E-1 7.83529E-1 8.16809E-1 8.61634E-1 8.62894E-1 8.77788E-1 8.81174E-1 7.74787E-1 7.25354E-1 6.91194E-1 6.56242E-1 6.15154E-1 5.0314E-1 6.47436E-1 5.13589E-1 4.19096E-1 3.98352E-1 4.4254E-1 4.21152E-1 3.41969E-1 3.19857E-1 2.93037E-1 2.92864E-1 2.84416E-1 -9999 -9999 -9999 -9999 -9999 -9999 -9999 -9999 -9999 -9999 -9999 -9999 -9999 -9999 -9999 -9999 -9999 -9999 -9999 -9999 -9999
9.7095E-1 9.71217E-1 9.75012E-1 9.62964E-1 9.67328E-1 9.72416E-1 9.49645E-1 9.58148E-1 9.63192E-1 9.79859E-1 9.70055E-1 9.47173E-1 9.58489E-1 9.86554E-1 9.9116E-1 9.59193E-1 8.51633E-1 8.18939E-1 7.66343E-1 8.44383E-1 8.75638E-1 8.75497E-1 9.02526E-1 8.1283E-1 7.22906E-1 6.83697E-1 6.89584E-1 6.63957E-1 6.39333E-1 6.57034E-1 5.72068E-1 4.62426E-1 4.15762E-1 4.69196E-1 3.9659E-1 3.48558E-1 3.18304E-1 3.08106E-1 2.8029E-1 2.87497E-1 2.85441E-1 -9999 -9999 -9999 -9999 -9999 -9999 -9999 -9999 -9999 -9999 -9999 -9999 -9999 -9999 -9999 -9999 -9999 -9999 -9999 -9999
9.76664E-1 9.76743E-1 9.79601E-1 9.70441E-1 9.69296E-1 9.7883E-1 9.76228E-1 9.64525E-1 9.64151E-1 9.78753E-1 9.84197E-1 9.61406E-1 9.719E-1 9.9062E-1 9.83328E-1 9.94941E-1 9.43086E-1 9.3193E-1 8.23878E-1 8.75127E-1 9.02716E-1 9.03015E-1 8.77226E-1 8.15273E-1 7.95639E-1 6.88851E-1 6.76875E-1 6.5788E-1 6.72305E-1 5.25868E-1 6.50277E-1 4.97921E-1 3.84913E-1 3.95263E-1 3.63546E-1 3.64033E-1 3.43675E-1 3.37656E-1 2.94381E-1 2.97052E-1 2.87682E-1 -9999 -9999 -9999 -9999 -9999 -9999 -9999 -9999 -9999 -9999 -9999 -9999 -9999 -9999 -9999 -9999 -9999 -9999 -9999 -9999
9.77312E-1 9.8098E-1 9.80861E-1 9.83649E-1 9.7665E-1 9.79239E-1 9.77184E-1 9.72396E-1 9.70664E-1 9.83391E-1 9.73752E-1 9.7408E-1 9.74478E-1 9.88685E-1 9.77569E-1 9.95011E-1 9.90908E-1 9.1126E-1 8.39023E-1 8.7721E-1 8.90054E-1 8.8981E-1 8.75765E-1 8.2951E-1 7.24814E-1 7.20606E-1 6.59133E-1 6.87095E-1 6.58983E-1 5.02168E-1 6.73473E-1 6.19568E-1 4.80195E-1 4.11109E-1 3.87752E-1 3.84813E-1 3.36743E-1 3.52407E-1 3.27068E-1 2.94741E-1 2.94126E-1 -9999 -9999 -9999 -9999 -9999 -9999 -9999 -9999 -9999 -9999 -9999 -9999 -9999 -9999 -9999 -9999 -9999 -9999 -9999 -9999
9.81537E-1 9.74011E-1 9.89964E-1 9.86549E-1 9.86312E-1 9.73836E-1 9.7803E-1 9.84602E-1 9.79277E-1 9.91412E-1 9.84216E-1 9.73282E-1 9.78816E-1 9.86285E-1 9.79068E-1 9.85607E-1 9.97673E-1 9.90463E-1 9.38526E-1 8.57195E-1 9.01978E-1 9.03432E-1 8.76721E-1 8.1349E-1 7.98901E-1 7.20697E-1 6.87613E-1 5.61555E-1 6.64087E-1 5.11688E-1 5.11205E-1 5.52661E-1 6.29631E-1 4.36401E-1 4.25667E-1 4.44201E-1 3.86398E-1 3.74323E-1 3.39548E-1 3.08431E-1 3.00795E-1 -9999 -9999 -9999 -9999 -9999 -9999 -9999 -9999 -9999 -9999 -9999 -9999 -9999 -9999 -9999 -9999 -9999 -9999 -9999 -9999
9.85085E-1 9.87459E-1 9.83608E-1 9.82868E-1 9.92367E-1 9.77329E-1 9.77383E-1 9.81525E-1 9.90381E-1 9.91963E-1 9.89514E-1 9.92699E-1 9.74265E-1 9.78311E-1 9.73877E-1 9.83066E-1 9.9588E-1 9.91497E-1 9.96074E-1 8.73834E-1 9.02926E-1 8.77802E-1 8.74676E-1 7.98312E-1 7.4334E-1 7.26527E-1 7.54352E-1 6.97107E-1 6.75922E-1 6.35357E-1 5.04858E-1 6.28574E-1 5.27901E-1 4.91035E-1 4.56423E-1 4.13033E-1 4.10342E-1 3.87307E-1 3.6412E-1 3.40455E-1 3.13593E-1 -9999 -9999 -9999 -9999 -9999 -9999 -9999 -9999 -9999 -9999 -9999 -9999 -9999 -9999 -9999 -9999 -9999 -9999 -9999 -9999
9.84681E-1 9.84293E-1 9.87082E-1 9.87212E-1 9.91566E-1 9.9149E-1 9.84747E-1 9.81352E-1 9.86901E-1 9.9232E-1 9.88834E-1 9.98374E-1 9.94103E-1 9.65488E-1 9.63883E-1 9.83856E-1 9.94633E-1 9.90362E-1 9.94408E-1 9.34863E-1 9.12864E-1 9.04481E-1 8.77452E-1 8.35714E-1 7.48781E-1 7.09975E-1 7.72919E-1 7.41409E-1 7.26119E-1 7.22168E-1 5.62981E-1 6.8243E-1 5.08825E-1 4.91909E-1 4.55133E-1 4.26957E-1 4.08406E-1 3.60112E-1 3.4817E-1 3.49161E-1 3.24386E-1 -9999 -9999 -9999 -9999 -9999 -9999 -9999 -9999 -9999 -9999 -9999 -9999 -9999 -9999 -9999 -9999 -9999 -9999 -9999 -9999
9.8546E-1 9.90387E-1 9.86869E-1 9.87194E-1 9.91578E-1 9.91577E-1 9.95211E-1 9.86846E-1 9.86766E-1 9.94359E-1 9.85687E-1 9.93324E-1 9.98262E-1 9.92234E-1 9.78121E-1 9.78807E-1 9.80201E-1 9.67817E-1 9.64077E-1 8.71225E-1 8.34148E-1 8.63056E-1 9.17192E-1 7.49098E-1 8.07644E-1 7.37426E-1 7.75849E-1 7.51846E-1 7.36595E-1 7.16172E-1 5.53562E-1 5.457E-1 5.06681E-1 4.57379E-1 4.38589E-1 4.30314E-1 4.06042E-1 3.73161E-1 3.77303E-1 3.64914E-1 3.36874E-1 -9999 -9999 -9999 -9999 -9999 -9999 -9999 -9999 -9999 -9999 -9999 -9999 -9999 -9999 -9999 -9999 -9999 -9999 -9999 -9999
9.79963E-1 9.93106E-1 9.91813E-1 9.90192E-1 9.9164E-1 9.88411E-1 9.98129E-1 9.89333E-1 9.8997E-1 9.91993E-1 9.91189E-1 9.93919E-1 9.99076E-1 9.89211E-1 9.83189E-1 9.94589E-1 9.53631E-1 9.52347E-1 9.67798E-1 9.2233E-1 9.03207E-1 8.5341E-1 9.53795E-1 8.37643E-1 7.21565E-1 7.50008E-1 7.56195E-1 7.47509E-1 7.01009E-1 6.41017E-1 5.31499E-1 5.02937E-1 4.74775E-1 4.60005E-1 4.46773E-1 4.1428E-1 4.11097E-1 4.02902E-1 3.87841E-1 3.64475E-1 3.67762E-1 -9999 -9999 -9999 -9999 -9999 -9999 -9999 -9999 -9999 -9999 -9999 -9999 -9999 -9999 -9999 -9999 -9999 -9999 -9999 -9999
9.86351E-1 9.92972E-1 9.92175E-1 9.88098E-1 9.89597E-1 9.90727E-1 9.99237E-1 9.99452E-1 9.98429E-1 9.95331E-1 9.93308E-1 9.96873E-1 9.97998E-1 9.9971E-1 9.94383E-1 9.83675E-1 9.75071E-1 9.74696E-1 9.32778E-1 8.96793E-1 8.89011E-1 8.78762E-1 9.14641E-1 9.66189E-1 7.36757E-1 5.6575E-1 6.11048E-1 6.9425E-1 5.52808E-1 5.8019E-1 5.71368E-1 6.45356E-1 5.89718E-1 4.9411E-1 4.89325E-1 4.55549E-1 4.31248E-1 4.06446E-1 3.79903E-1 3.64889E-1 3.65745E-1 -9999 -9999 -9999 -9999 -9999 -9999 -9999 -9999 -9999 -9999 -9999 -9999 -9999 -9999 -9999 -9999 -9999 -9999 -9999 -9999
9.89226E-1 9.97051E-1 9.9531E-1 9.87809E-1 9.87137E-1 9.97232E-1 9.96872E-1 9.99668E-1 9.99705E-1 9.95006E-1 9.9632E-1 9.97125E-1 9.94974E-1 9.99245E-1 9.98443E-1 9.94656E-1 9.91302E-1 9.74326E-1 9.50157E-1 9.04471E-1 9.06252E-1 8.80838E-1 8.95475E-1 9.43822E-1 8.65318E-1 6.76087E-1 5.94129E-1 7.7354E-1 5.69109E-1 5.47534E-1 6.35652E-1 5.586E-1 5.53845E-1 5.11018E-1 5.34722E-1 4.83693E-1 4.54925E-1 4.41492E-1 3.84252E-1 3.98693E-1 3.73807E-1 -9999 -9999 -9999 -9999 -9999 -9999 -9999 -9999 -9999 -9999 -9999 -9999 -9999 -9999 -9999 -9999 -9999 -9999 -9999 -9999
9.8743E-1 9.94314E-1 9.94205E-1 9.92424E-1 9.88917E-1 9.92339E-1 9.91394E-1 9.9944E-1 9.97439E-1 9.95585E-1 9.9949E-1 9.97778E-1 9.96348E-1 9.97333E-1 9.98521E-1 9.95995E-1 9.92016E-1 9.7253E-1 9.43969E-1 9.58553E-1 9.84116E-1 9.04887E-1 9.45605E-1 9.38613E-1 8.94193E-1 6.12903E-1 6.22215E-1 7.63357E-1 5.83974E-1 7.36714E-1 7.43463E-1 5.83497E-1 7.38103E-1 5.76127E-1 5.65936E-1 5.49229E-1 5.25898E-1 4.79452E-1 4.23812E-1 3.87427E-1 3.58642E-1 3.83903E-1 -9999 -9999 -9999 -9999 -9999 -9999 -9999 -9999 -9999 -9999 -9999 -9999 -9999 -9999 -9999 -9999 -9999 -9999 -9999
9.96921E-1 9.94428E-1 9.94328E-1 9.94365E-1 9.96762E-1 9.98747E-1 9.95979E-1 9.92347E-1 9.97642E-1 9.984E-1 9.99977E-1 9.96921E-1 9.97437E-1 9.95872E-1 8.98475E-1 9.99774E-1 9.989E-1 9.98237E-1 9.9082E-1 9.51741E-1 9.69098E-1 9.06121E-1 9.5693E-1 9.21652E-1 9.22629E-1 6.61043E-1 6.71742E-1 7.97409E-1 7.35022E-1 6.17735E-1 6.4019E-1 6.11786E-1 6.39595E-1 6.01442E-1 5.63612E-1 5.5277E-1 5.1934E-1 4.98756E-1 4.71432E-1 4.32213E-1 3.8028E-1 -9999 -9999 -9999 -9999 -9999 -9999 -9999 -9999 -9999 -9999 -9999 -9999 -9999 -9999 -9999 -9999 -9999 -9999 -9999 -9999
9.98467E-1 9.97599E-1 9.95738E-1 9.94401E-1 9.92629E-1 9.93678E-1 9.94733E-1 9.94128E-1 9.94094E-1 9.97048E-1 9.99865E-1 9.98504E-1 9.94985E-1 9.91907E-1 9.98359E-1 9.99943E-1 9.99323E-1 9.96846E-1 9.85688E-1 9.84771E-1 9.43581E-1 8.94004E-1 9.7293E-1 8.95116E-1 9.02825E-1 6.46419E-1 6.8153E-1 8.59329E-1 7.60316E-1 7.20763E-1 5.93558E-1 6.15272E-1 6.10569E-1 6.14773E-1 5.6129E-1 5.54538E-1 5.40686E-1 4.99423E-1 4.52642E-1 4.07271E-1 3.9871E-1 -9999 -9999 -9999 -9999 -9999 -9999 -9999 -9999 -9999 -9999 -9999 -9999 -9999 -9999 -9999 -9999 -9999 -9999 -9999 -9999
9.9853E-1 9.98393E-1 9.95652E-1 9.98051E-1 9.96537E-1 9.97464E-1 9.92976E-1 9.98645E-1 9.96662E-1 9.98743E-1 9.98446E-1 9.99807E-1 9.99204E-1 9.94315E-1 9.97802E-1 9.99957E-1 9.98339E-1 9.90197E-1 9.74392E-1 9.86182E-1 9.75905E-1 9.44312E-1 9.82359E-1 9.26907E-1 7.80785E-1 7.10405E-1 6.74333E-1 6.82909E-1 8.22437E-1 7.15774E-1 5.65975E-1 5.79292E-1 5.90482E-1 6.07034E-1 5.83334E-1 5.61551E-1 5.40653E-1 4.98306E-1 4.54332E-1 4.13636E-1 4.07826E-1 -9999 -9999 -9999 -9999 -9999 -9999 -9999 -9999 -9999 -9999 -9999 -9999 -9999 -9999 -9999 -9999 -9999 -9999 -9999 -9999
9.97601E-1 9.99669E-1 9.96949E-1 9.95858E-1 9.92449E-1 9.9658E-1 9.97857E-1 9.99821E-1 9.99984E-1 9.99854E-1 9.98969E-1 9.98713E-1 9.99786E-1 9.97695E-1 9.97252E-1 9.99722E-1 9.97165E-1 9.87838E-1 9.79646E-1 9.76533E-1 9.68997E-1 9.5134E-1 9.844E-1 9.53716E-1 9.20979E-1 7.79585E-1 8.62219E-1 6.8101E-1 8.24627E-1 8.49947E-1 6.27214E-1 6.41828E-1 6.02894E-1 5.87586E-1 5.60837E-1 5.31397E-1 5.15413E-1 4.99212E-1 4.6052E-1 4.13401E-1 4.08156E-1 -9999 -9999 -9999 -9999 -9999 -9999 -9999 -9999 -9999 -9999 -9999 -9999 -9999 -9999 -9999 -9999 -9999 -9999 -9999 -9999
9.98443E-1 9.99612E-1 9.99679E-1 9.9834E-1 9.93297E-1 9.95568E-1 9.94721E-1 9.98554E-1 9.99985E-1 9.99962E-1 9.9983E-1 9.99251E-1 9.98984E-1 9.97287E-1 9.98789E-1 9.25751E-1 9.99213E-1 9.95702E-1 9.90318E-1 9.89151E-1 9.82028E-1 9.4321E-1 8.85002E-1 9.34321E-1 9.62107E-1 8.55337E-1 9.09413E-1 8.21748E-1 6.71998E-1 6.67897E-1 6.39326E-1 6.25001E-1 6.01194E-1 5.91491E-1 5.95883E-1 5.87355E-1 5.37658E-1 5.27368E-1 4.58608E-1 4.19375E-1 4.14523E-1 -9999 -9999 -9999 -9999 -9999 -9999 -9999 -9999 -9999 -9999 -9999 -9999 -9999 -9999 -9999 -9999 -9999 -9999 -9999 -9999
