Artocarpus heterophyllus SDM files/MIS19/results (with bias file)/Arthet_6.asc
ncols         625
nrows         721
xllcorner     69.99986311115
yllcorner     5.99986187915
cellsize      0.041666667
NODATA_value  -9999
[rows 297 to 323 of 721, columns 122 to 182 of 625]
4.54263E-1 4.56985E-1 4.5649E-1 4.69122E-1 4.8177E-1 4.65533E-1 4.63024E-1 4.72281E-1 4.7776E-1 4.69258E-1 4.65094E-1 4.61565E-1 4.64431E-1 4.74619E-1 4.79529E-1 4.73652E-1 4.66476E-1 4.60349E-1 4.73677E-1 4.79455E-1 4.86888E-1 4.87968E-1 4.72321E-1 4.63277E-1 4.72285E-1 4.57651E-1 4.60208E-1 4.70606E-1 4.98233E-1 4.92809E-1 4.76343E-1 4.76511E-1 4.84186E-1 4.99556E-1 5.04271E-1 4.77877E-1 4.69185E-1 4.59082E-1 4.60206E-1 4.66131E-1 4.78247E-1 4.8293E-1 4.86206E-1 4.7727E-1 4.75622E-1 4.81119E-1 4.88802E-1 4.9865E-1 4.53746E-1 4.64874E-1 4.75205E-1 4.78749E-1 4.90623E-1 4.80036E-1 4.73846E-1 4.58451E-1 4.72457E-1 4.35524E-1 4.38428E-1 4.38895E-1 4.42723E-1
4.2997E-1 4.55738E-1 4.54696E-1 4.69351E-1 4.82903E-1 4.65598E-1 4.64784E-1 4.7389E-1 4.80284E-1 4.72103E-1 4.6114E-1 4.54573E-1 4.57721E-1 4.76556E-1 4.75487E-1 4.74185E-1 4.64972E-1 4.56254E-1 4.65066E-1 4.73763E-1 4.83116E-1 4.79392E-1 4.67461E-1 4.59054E-1 4.62147E-1 4.61737E-1 4.62289E-1 4.70114E-1 4.95798E-1 4.95452E-1 4.53053E-1 4.44831E-1 4.77202E-1 4.90889E-1 4.98837E-1 4.74612E-1 4.72903E-1 4.55349E-1 4.596E-1 4.6835E-1 4.80862E-1 4.85552E-1 4.82134E-1 4.76105E-1 4.75625E-1 4.83087E-1 4.89799E-1 4.82882E-1 4.75713E-1 5.11431E-1 5.31009E-1 5.26309E-1 5.2462E-1 4.79055E-1 4.66833E-1 4.68528E-1 4.79705E-1 4.77694E-1 4.68466E-1 4.35572E-1 4.3372E-1
4.35071E-1 4.31091E-1 4.61247E-1 4.66654E-1 4.82571E-1 4.67258E-1 4.5948E-1 4.74857E-1 4.8141E-1 4.75359E-1 4.64987E-1 4.56151E-1 4.57875E-1 4.73055E-1 4.82131E-1 4.78426E-1 4.68466E-1 4.57262E-1 4.56484E-1 4.6674E-1 4.73421E-1 4.79549E-1 4.83533E-1 4.68742E-1 4.54472E-1 4.5462E-1 4.58533E-1 4.60305E-1 4.80103E-1 4.94666E-1 4.58368E-1 4.38779E-1 4.7547E-1 4.85836E-1 5.068E-1 4.7345E-1 4.71283E-1 4.5605E-1 4.53428E-1 4.65229E-1 4.7857E-1 4.84877E-1 4.87832E-1 4.79661E-1 4.78364E-1 4.79178E-1 4.81786E-1 4.70362E-1 4.70954E-1 5.08905E-1 5.23206E-1 5.34313E-1 5.36882E-1 4.99535E-1 4.77771E-1 4.77092E-1 4.7435E-1 4.76398E-1 4.94217E-1 4.44601E-1 4.40415E-1
4.57878E-1 4.60471E-1 4.603E-1 4.69868E-1 4.81106E-1 4.66128E-1 4.81054E-1 4.72625E-1 4.78324E-1 4.84252E-1 4.66324E-1 4.56993E-1 4.57071E-1 4.62102E-1 4.82284E-1 4.80564E-1 4.68275E-1 4.5823E-1 4.61137E-1 4.63353E-1 4.62013E-1 4.69277E-1 4.79049E-1 4.80188E-1 4.61919E-1 4.53913E-1 4.5509E-1 4.55819E-1 4.73883E-1 4.91491E-1 4.96559E-1 4.73952E-1 4.75727E-1 4.87683E-1 4.97741E-1 5.02536E-1 4.6722E-1 4.56162E-1 4.61363E-1 4.69638E-1 4.68811E-1 4.8274E-1 4.90785E-1 4.8407E-1 4.78364E-1 4.82594E-1 4.75817E-1 4.75047E-1 4.701E-1 4.85868E-1 5.18496E-1 5.28878E-1 5.3006E-1 4.97451E-1 4.82624E-1 4.72327E-1 4.72338E-1 4.71264E-1 4.83576E-1 4.68608E-1 4.39905E-1
4.24568E-1 4.27497E-1 4.61254E-1 4.68327E-1 4.73283E-1 4.67932E-1 4.79472E-1 4.80721E-1 4.69985E-1 4.77382E-1 4.90921E-1 4.56921E-1 4.62323E-1 4.64652E-1 4.83415E-1 4.80489E-1 4.63212E-1 4.53466E-1 4.57925E-1 4.57446E-1 4.54449E-1 4.6751E-1 4.73708E-1 4.79864E-1 4.67051E-1 4.57209E-1 4.53122E-1 4.63539E-1 4.67534E-1 4.89208E-1 4.55063E-1 4.74226E-1 4.7103E-1 4.8662E-1 4.99672E-1 4.70745E-1 4.59069E-1 4.55368E-1 4.56929E-1 4.74175E-1 4.71554E-1 4.82809E-1 4.90289E-1 4.8519E-1 4.71275E-1 4.73626E-1 4.7507E-1 4.73748E-1 4.85381E-1 4.94511E-1 4.98487E-1 5.24307E-1 4.97922E-1 4.94147E-1 4.39456E-1 4.3424E-1 4.33636E-1 4.63729E-1 4.80598E-1 4.59597E-1 4.47824E-1
4.23304E-1 4.51917E-1 4.63243E-1 4.7324E-1 4.70423E-1 4.67136E-1 4.78743E-1 4.81855E-1 4.69727E-1 4.76891E-1 4.86859E-1 4.78601E-1 4.62478E-1 4.73688E-1 4.79464E-1 4.73111E-1 4.69395E-1 4.66844E-1 4.59891E-1 4.52544E-1 4.50668E-1 4.59452E-1 4.71885E-1 4.79378E-1 4.59494E-1 4.60908E-1 4.52333E-1 4.65609E-1 4.62498E-1 4.85597E-1 4.47051E-1 4.3899E-1 4.69894E-1 4.89922E-1 4.68752E-1 4.60339E-1 4.51791E-1 4.55578E-1 4.58908E-1 4.71789E-1 4.77747E-1 4.82809E-1 4.87815E-1 4.8407E-1 4.74921E-1 4.67746E-1 4.75525E-1 4.78506E-1 4.94179E-1 4.91267E-1 5.20888E-1 4.96283E-1 5.10064E-1 4.5584E-1 4.36726E-1 4.39159E-1 4.44739E-1 4.39575E-1 4.49558E-1 4.45183E-1 4.39088E-1
4.48752E-1 4.52546E-1 4.64673E-1 4.69509E-1 4.70309E-1 4.81182E-1 4.7444E-1 4.812E-1 4.72088E-1 4.78761E-1 4.84754E-1 4.77953E-1 4.59898E-1 4.59512E-1 4.72393E-1 4.78889E-1 4.74626E-1 4.80838E-1 4.3717E-1 4.57043E-1 4.57195E-1 4.54984E-1 4.69476E-1 4.76772E-1 4.62621E-1 4.60199E-1 4.52814E-1 4.71107E-1 4.64709E-1 4.85134E-1 4.49488E-1 4.63969E-1 4.69963E-1 4.88489E-1 4.68847E-1 4.5818E-1 4.49747E-1 4.50537E-1 4.83174E-1 4.98749E-1 5.10364E-1 5.13498E-1 4.90637E-1 4.82681E-1 4.69903E-1 4.72456E-1 4.8472E-1 4.79972E-1 4.97761E-1 4.9677E-1 5.07583E-1 5.15382E-1 5.41368E-1 4.50419E-1 4.38552E-1 4.34392E-1 4.41718E-1 4.57149E-1 4.68314E-1 4.42408E-1 4.60286E-1
4.8792E-1 4.86289E-1 4.68776E-1 4.93182E-1 4.95637E-1 4.78781E-1 4.74595E-1 4.72004E-1 4.85421E-1 4.75769E-1 4.92349E-1 4.56665E-1 4.59733E-1 4.67956E-1 4.54503E-1 4.72862E-1 4.7691E-1 4.72879E-1 4.69037E-1 4.60745E-1 4.50574E-1 4.54511E-1 4.6539E-1 4.79691E-1 4.73525E-1 4.53536E-1 4.5763E-1 4.68811E-1 4.7659E-1 4.71325E-1 4.51076E-1 4.32233E-1 4.66202E-1 4.89013E-1 4.98844E-1 4.57204E-1 4.50531E-1 4.46988E-1 4.58201E-1 4.63017E-1 4.74965E-1 4.80348E-1 4.87143E-1 4.73789E-1 4.71177E-1 4.73423E-1 4.86939E-1 4.83992E-1 4.90785E-1 5.00624E-1 5.16856E-1 5.21323E-1 4.80341E-1 4.48277E-1 4.4638E-1 4.42533E-1 4.84487E-1 4.6529E-1 4.61773E-1 4.56163E-1 5.11345E-1
4.7673E-1 4.68792E-1 4.70851E-1 4.93942E-1 4.84056E-1 4.72146E-1 4.77076E-1 4.72991E-1 4.74919E-1 4.92072E-1 4.76035E-1 4.63844E-1 4.52846E-1 4.70246E-1 4.53072E-1 4.58602E-1 4.67885E-1 4.74342E-1 4.73505E-1 4.41082E-1 4.56132E-1 4.55771E-1 4.58133E-1 4.70538E-1 4.37669E-1 4.53287E-1 4.64765E-1 4.60338E-1 4.85803E-1 4.66771E-1 4.39554E-1 4.63813E-1 4.6685E-1 4.90037E-1 4.99104E-1 4.58804E-1 4.50373E-1 4.75531E-1 4.95587E-1 4.67863E-1 5.03465E-1 5.08993E-1 4.85258E-1 4.70821E-1 4.70698E-1 4.72074E-1 4.94558E-1 4.87729E-1 4.96438E-1 4.94511E-1 4.9441E-1 5.18132E-1 4.79627E-1 4.50595E-1 4.54217E-1 4.37736E-1 4.7392E-1 4.60093E-1 4.9478E-1 4.84052E-1 4.55465E-1
6.62101E-1 4.81558E-1 4.95319E-1 5.1079E-1 5.04757E-1 4.96601E-1 5.05477E-1 4.6651E-1 4.70388E-1 4.58894E-1 4.75488E-1 4.68829E-1 4.50817E-1 4.70969E-1 4.60054E-1 4.52905E-1 4.51326E-1 4.65802E-1 4.70352E-1 4.72515E-1 4.62144E-1 4.54405E-1 4.52743E-1 4.65136E-1 4.68771E-1 4.63559E-1 4.6453E-1 4.53829E-1 4.74896E-1 4.4544E-1 4.2904E-1 4.58945E-1 4.61801E-1 4.82745E-1 4.9516E-1 4.57738E-1 4.49589E-1 4.81853E-1 4.95389E-1 5.05648E-1 4.76745E-1 4.79699E-1 4.83116E-1 4.74076E-1 4.69379E-1 4.73694E-1 4.95977E-1 4.72179E-1 4.98753E-1 4.73362E-1 4.90512E-1 4.78136E-1 4.62098E-1 4.5635E-1 4.62273E-1 4.47157E-1 4.38354E-1 4.36996E-1 4.79233E-1 4.64752E-1 4.59147E-1
6.62271E-1 6.623E-1 5.29879E-1 5.02081E-1 6.62846E-1 5.06709E-1 4.97496E-1 4.65723E-1 4.48895E-1 4.57538E-1 4.69335E-1 4.70952E-1 4.52455E-1 4.60825E-1 4.71893E-1 4.56623E-1 4.50688E-1 4.57914E-1 4.7121E-1 4.71863E-1 4.32799E-1 4.52693E-1 4.53755E-1 4.583E-1 4.67283E-1 4.75384E-1 4.62457E-1 4.61925E-1 4.61446E-1 4.88404E-1 4.35969E-1 4.51706E-1 4.59087E-1 4.79109E-1 4.98111E-1 4.52419E-1 4.77973E-1 4.79398E-1 4.92859E-1 4.98918E-1 4.99247E-1 4.79851E-1 4.75818E-1 4.6678E-1 4.76467E-1 4.79535E-1 4.87671E-1 5.10307E-1 5.10089E-1 5.13783E-1 4.74522E-1 4.52071E-1 4.56823E-1 4.50982E-1 4.61294E-1 4.61447E-1 4.35685E-1 4.40156E-1 4.39443E-1 4.43802E-1 4.50876E-1
6.54477E-1 6.52183E-1 5.28812E-1 5.26335E-1 5.13865E-1 6.53238E-1 4.71657E-1 4.70502E-1 4.52879E-1 4.53106E-1 4.62588E-1 4.70097E-1 4.53235E-1 4.59087E-1 4.63807E-1 4.5178E-1 4.54533E-1 4.5822E-1 4.72541E-1 4.74038E-1 4.29187E-1 4.1944E-1 4.5524E-1 4.62066E-1 4.60018E-1 4.62131E-1 4.74037E-1 4.7011E-1 4.61581E-1 4.69084E-1 4.33505E-1 4.55558E-1 4.65548E-1 4.85658E-1 4.61629E-1 4.45911E-1 4.77114E-1 4.81583E-1 4.87306E-1 4.99582E-1 4.74463E-1 4.71426E-1 4.65976E-1 4.68187E-1 4.83284E-1 4.87728E-1 4.89855E-1 4.87536E-1 5.05075E-1 5.13017E-1 4.75188E-1 4.49078E-1 4.73697E-1 4.57627E-1 4.51823E-1 4.43262E-1 4.35976E-1 4.43484E-1 4.50456E-1 4.46181E-1 4.51283E-1
6.46322E-1 6.52293E-1 6.56595E-1 5.25168E-1 6.70517E-1 4.73248E-1 4.70347E-1 4.76855E-1 4.5843E-1 4.51082E-1 4.5246E-1 4.62097E-1 4.50248E-1 4.53459E-1 4.65701E-1 4.54829E-1 4.48889E-1 4.631E-1 4.64685E-1 4.69402E-1 4.34308E-1 4.30234E-1 4.22105E-1 4.58997E-1 4.6175E-1 4.6442E-1 4.63628E-1 4.68053E-1 4.37673E-1 4.25198E-1 4.54455E-1 4.56039E-1 4.80782E-1 4.89094E-1 4.87936E-1 4.72573E-1 4.81151E-1 4.79714E-1 4.88213E-1 5.00166E-1 4.66735E-1 4.57325E-1 4.6899E-1 4.73844E-1 4.77241E-1 4.92857E-1 5.0982E-1 5.05774E-1 5.04651E-1 4.66955E-1 4.82141E-1 4.5401E-1 4.73514E-1 4.52295E-1 4.51156E-1 4.58524E-1 4.35357E-1 4.3966E-1 4.49737E-1 4.58048E-1 4.44653E-1
6.46933E-1 6.52458E-1 6.54667E-1 5.23776E-1 4.82673E-1 4.7172E-1 4.72087E-1 4.72312E-1 4.60616E-1 4.46312E-1 4.50979E-1 4.60217E-1 4.49321E-1 4.57537E-1 4.58239E-1 4.54631E-1 4.43864E-1 4.48967E-1 4.55575E-1 4.69029E-1 4.70821E-1 4.37177E-1 4.25097E-1 4.56178E-1 4.64623E-1 4.63613E-1 4.65658E-1 4.60797E-1 4.31653E-1 4.52348E-1 4.55874E-1 4.66887E-1 4.75676E-1 4.87944E-1 4.8083E-1 4.71393E-1 4.85592E-1 4.81685E-1 4.8641E-1 4.6117E-1 4.58268E-1 4.63178E-1 4.72503E-1 4.7636E-1 4.70439E-1 4.84918E-1 5.05979E-1 5.16096E-1 5.05883E-1 4.9139E-1 4.87546E-1 4.93487E-1 4.88525E-1 4.76908E-1 5.05949E-1 4.51291E-1 4.28181E-1 4.36183E-1 4.53513E-1 4.48911E-1 4.8429E-1
6.39842E-1 6.50157E-1 6.52034E-1 5.21937E-1 4.81457E-1 4.75688E-1 4.64831E-1 4.70715E-1 4.58268E-1 4.46157E-1 4.43749E-1 4.58803E-1 4.48239E-1 4.54951E-1 4.65548E-1 4.59894E-1 4.46366E-1 4.44934E-1 4.51994E-1 4.58541E-1 4.69237E-1 4.72088E-1 4.34901E-1 4.55935E-1 4.63758E-1 4.65658E-1 4.64993E-1 4.51479E-1 4.57603E-1 4.53197E-1 4.62128E-1 4.81419E-1 4.78988E-1 4.78988E-1 4.70241E-1 4.72401E-1 4.85572E-1 4.62324E-1 4.5076E-1 4.46252E-1 4.58427E-1 4.60967E-1 4.72341E-1 4.70757E-1 4.75993E-1 4.8006E-1 4.9794E-1 5.01879E-1 4.8012E-1 4.87976E-1 5.11753E-1 4.95011E-1 4.85956E-1 5.19673E-1 5.08181E-1 4.53003E-1 4.60472E-1 4.31838E-1 4.4005E-1 4.45781E-1 4.57436E-1
6.35079E-1 6.40966E-1 6.49335E-1 4.95427E-1 5.12359E-1 4.94039E-1 4.62315E-1 4.7112E-1 4.51483E-1 4.67436E-1 4.44672E-1 4.58645E-1 4.47004E-1 4.45424E-1 4.55504E-1 4.5895E-1 4.46829E-1 4.45701E-1 4.50338E-1 4.52836E-1 4.63769E-1 4.70661E-1 4.70259E-1 4.61096E-1 4.64745E-1 4.69717E-1 4.26761E-1 4.43734E-1 4.51001E-1 4.57851E-1 4.70527E-1 4.82713E-1 4.84835E-1 4.72098E-1 4.6444E-1 4.76565E-1 4.8689E-1 4.52964E-1 4.72506E-1 4.8011E-1 4.90987E-1 4.61886E-1 4.73224E-1 4.59916E-1 4.73548E-1 4.77936E-1 4.79519E-1 4.80102E-1 4.6529E-1 4.69905E-1 4.95365E-1 4.93121E-1 4.78594E-1 4.96297E-1 5.151E-1 4.74888E-1 4.32335E-1 4.27669E-1 4.26619E-1 4.35694E-1 4.48307E-1
6.37972E-1 6.39977E-1 6.62292E-1 6.57956E-1 5.00857E-1 4.87331E-1 4.65746E-1 4.72491E-1 4.7027E-1 4.64183E-1 4.45035E-1 4.55068E-1 4.44907E-1 4.45213E-1 4.5528E-1 4.56647E-1 4.45233E-1 4.44112E-1 4.52529E-1 4.48945E-1 4.54545E-1 4.60644E-1 4.72006E-1 4.71523E-1 4.62481E-1 4.30867E-1 4.4685E-1 4.48435E-1 4.62262E-1 4.6057E-1 4.58351E-1 4.84554E-1 4.86782E-1 4.73617E-1 4.79216E-1 4.77072E-1 4.5204E-1 4.65762E-1 4.73886E-1 4.77432E-1 4.87294E-1 4.74648E-1 4.72233E-1 4.54707E-1 4.72749E-1 4.78233E-1 4.77919E-1 4.6313E-1 4.6367E-1 4.6348E-1 4.73412E-1 4.87949E-1 4.77005E-1 4.80601E-1 4.65573E-1 4.95636E-1 5.17017E-1 4.48734E-1 4.27956E-1 4.30773E-1 4.33885E-1
6.34227E-1 6.74099E-1 6.60538E-1 4.97594E-1 4.83534E-1 4.58767E-1 4.68747E-1 4.95473E-1 4.64762E-1 4.62509E-1 4.50396E-1 4.45813E-1 4.46989E-1 4.41697E-1 4.48286E-1 4.55002E-1 4.4662E-1 4.4337E-1 4.47411E-1 4.53193E-1 4.49711E-1 4.54369E-1 4.63347E-1 4.71058E-1 4.20592E-1 4.44992E-1 4.45826E-1 4.55204E-1 4.59467E-1 4.58365E-1 4.60574E-1 4.75511E-1 4.92371E-1 4.67307E-1 4.72073E-1 4.77337E-1 4.64701E-1 4.62058E-1 4.71566E-1 4.5042E-1 4.75359E-1 4.98402E-1 4.75371E-1 4.67376E-1 4.67536E-1 4.71642E-1 4.64341E-1 4.67257E-1 4.64509E-1 4.70071E-1 4.69713E-1 4.6992E-1 4.79458E-1 4.8498E-1 4.79118E-1 4.63805E-1 4.76936E-1 4.96381E-1 4.5561E-1 4.38174E-1 4.50403E-1
6.35007E-1 6.71719E-1 6.6095E-1 4.9258E-1 4.81931E-1 4.64072E-1 4.9814E-1 4.92568E-1 4.62878E-1 4.61407E-1 4.71532E-1 4.49931E-1 4.50006E-1 4.36778E-1 4.40411E-1 4.5212E-1 4.48301E-1 4.44131E-1 4.50745E-1 4.46383E-1 4.48062E-1 4.45939E-1 4.70223E-1 4.65737E-1 4.18315E-1 4.46833E-1 4.48606E-1 4.59565E-1 4.5209E-1 4.47336E-1 4.63807E-1 4.70883E-1 4.8585E-1 4.92224E-1 4.85049E-1 4.67743E-1 4.29699E-1 4.58831E-1 4.71399E-1 4.53555E-1 4.76036E-1 4.93133E-1 4.66651E-1 4.64363E-1 4.76959E-1 4.6483E-1 4.62141E-1 4.64109E-1 4.6514E-1 4.78234E-1 4.78783E-1 4.6769E-1 4.9337E-1 5.31089E-1 4.71151E-1 4.75289E-1 4.72811E-1 4.98206E-1 4.76917E-1 4.57838E-1 4.77575E-1
6.33678E-1 6.71094E-1 6.5587E-1 6.41431E-1 4.81449E-1 4.90426E-1 4.92359E-1 4.89995E-1 4.57676E-1 4.61511E-1 4.72795E-1 4.98155E-1 4.73238E-1 4.59691E-1 4.38839E-1 4.49714E-1 4.48455E-1 4.44832E-1 4.49546E-1 4.41575E-1 4.48597E-1 4.43263E-1 4.52328E-1 4.6242E-1 4.68065E-1 4.60609E-1 4.30271E-1 4.44812E-1 4.48103E-1 4.44637E-1 4.64006E-1 4.67344E-1 4.72814E-1 4.76533E-1 4.95401E-1 4.44624E-1 4.28796E-1 4.25779E-1 4.70288E-1 4.53561E-1 4.51067E-1 4.45751E-1 4.71636E-1 4.94467E-1 4.74092E-1 4.97996E-1 5.08266E-1 5.22132E-1 4.98645E-1 4.34287E-1 4.47318E-1 4.4781E-1 5.14175E-1 5.24772E-1 4.4972E-1 4.39173E-1 5.28081E-1 4.89008E-1 4.9773E-1 4.51356E-1 4.77153E-1
6.32621E-1 6.63235E-1 6.60079E-1 6.42293E-1 6.36361E-1 4.92042E-1 4.90364E-1 4.84113E-1 4.58448E-1 4.62609E-1 4.71273E-1 4.96872E-1 4.91733E-1 4.60002E-1 4.59476E-1 4.47149E-1 4.71362E-1 4.72439E-1 4.68384E-1 4.41363E-1 4.48751E-1 4.45614E-1 4.42342E-1 4.48076E-1 4.61867E-1 4.65296E-1 4.75077E-1 4.47558E-1 4.13149E-1 4.43725E-1 4.48977E-1 4.69767E-1 4.86504E-1 4.93793E-1 4.79486E-1 4.39223E-1 4.36686E-1 4.29907E-1 4.57031E-1 4.7371E-1 4.4956E-1 4.45993E-1 4.67973E-1 4.62837E-1 4.69837E-1 4.78681E-1 4.59023E-1 4.85251E-1 5.15034E-1 4.32642E-1 4.33919E-1 4.44494E-1 4.70983E-1 5.02233E-1 4.40405E-1 4.53361E-1 4.7056E-1 4.78631E-1 4.77328E-1 4.45007E-1 4.90486E-1
6.23359E-1 6.52633E-1 6.49508E-1 6.38552E-1 6.30898E-1 4.87991E-1 4.86778E-1 4.77083E-1 4.81962E-1 4.55224E-1 4.94553E-1 5.01461E-1 4.93659E-1 4.86216E-1 4.54337E-1 4.65798E-1 4.74808E-1 4.69325E-1 4.38802E-1 4.43827E-1 4.73256E-1 4.43933E-1 4.423E-1 4.45646E-1 4.59085E-1 4.91759E-1 4.62475E-1 4.12714E-1 4.43364E-1 4.48265E-1 4.499E-1 4.51607E-1 4.70718E-1 4.95326E-1 4.26232E-1 4.72861E-1 4.62724E-1 4.60137E-1 4.47876E-1 4.45792E-1 4.3771E-1 4.56271E-1 4.67806E-1 4.44422E-1 4.24884E-1 4.72582E-1 4.56195E-1 4.38538E-1 4.68722E-1 4.50037E-1 4.31184E-1 4.45671E-1 4.54601E-1 4.55753E-1 4.556E-1 4.59064E-1 4.57945E-1 4.83828E-1 4.73202E-1 4.10408E-1 3.9959E-1
6.50465E-1 6.48302E-1 6.41766E-1 6.35964E-1 6.4114E-1 4.90027E-1 4.81276E-1 4.76286E-1 4.83033E-1 4.54293E-1 4.64646E-1 4.9632E-1 4.95543E-1 4.87762E-1 4.7819E-1 4.83972E-1 4.71863E-1 4.67261E-1 4.6013E-1 4.69702E-1 4.69661E-1 4.37688E-1 4.42845E-1 4.39125E-1 4.47311E-1 4.58691E-1 4.67609E-1 4.38228E-1 4.11814E-1 4.44558E-1 4.44239E-1 4.47726E-1 4.70145E-1 4.58039E-1 4.20083E-1 4.05824E-1 3.97426E-1 4.05244E-1 4.29782E-1 4.58448E-1 4.41098E-1 4.26512E-1 4.28825E-1 4.36063E-1 4.29408E-1 4.75737E-1 4.48513E-1 4.39629E-1 4.42194E-1 4.44943E-1 4.41518E-1 4.5738E-1 4.50182E-1 4.46784E-1 4.57065E-1 4.55589E-1 4.51046E-1 4.72504E-1 4.64214E-1 4.40597E-1 4.4093E-1
6.4627E-1 6.3492E-1 6.2861E-1 6.30036E-1 6.36118E-1 4.87396E-1 4.75771E-1 4.76919E-1 4.78705E-1 4.74472E-1 4.57546E-1 4.89602E-1 4.94699E-1 4.97143E-1 4.83962E-1 4.76004E-1 4.6666E-1 4.69592E-1 4.59751E-1 4.66226E-1 4.69268E-1 4.60127E-1 4.58143E-1 4.34521E-1 4.42073E-1 4.55731E-1 4.63129E-1 4.48979E-1 4.30893E-1 4.07275E-1 4.17045E-1 4.17125E-1 4.20316E-1 4.29708E-1 4.28042E-1 4.10525E-1 3.97641E-1 4.08162E-1 4.03462E-1 4.57353E-1 4.2208E-1 4.54435E-1 4.66312E-1 4.41631E-1 4.31264E-1 4.67436E-1 4.45606E-1 4.47499E-1 4.37529E-1 4.37165E-1 4.43521E-1 4.52449E-1 4.51011E-1 4.47889E-1 4.48562E-1 4.51274E-1 4.49649E-1 4.50132E-1 4.50453E-1 4.18712E-1 4.18718E-1
6.45635E-1 6.30451E-1 6.24485E-1 6.3135E-1 4.88165E-1 6.28036E-1 4.74977E-1 4.76083E-1 4.78578E-1 4.74308E-1 4.75957E-1 4.84229E-1 4.92425E-1 5.02703E-1 4.84898E-1 4.71622E-1 4.63495E-1 4.67395E-1 4.61974E-1 4.6141E-1 4.68022E-1 4.61223E-1 4.5629E-1 4.32621E-1 4.37467E-1 4.39006E-1 4.61964E-1 4.62316E-1 4.58672E-1 4.15565E-1 4.20645E-1 4.09046E-1 4.16173E-1 4.07529E-1 4.10567E-1 4.28954E-1 3.99289E-1 3.96843E-1 4.39404E-1 4.60266E-1 4.35738E-1 4.21054E-1 4.16467E-1 4.30267E-1 4.33289E-1 4.33725E-1 4.42835E-1 4.41062E-1 4.39909E-1 4.37498E-1 4.37268E-1 4.47421E-1 4.49854E-1 4.48882E-1 4.49701E-1 4.50757E-1 4.49129E-1 4.52382E-1 4.16232E-1 4.15425E-1 4.20065E-1
6.40837E-1 6.24825E-1 6.33899E-1 6.39058E-1 6.34223E-1 6.37366E-1 6.2838E-1 6.26411E-1 4.76572E-1 4.7051E-1 4.74222E-1 4.82153E-1 4.90068E-1 4.94906E-1 4.93597E-1 4.7043E-1 4.78314E-1 4.72487E-1 4.6951E-1 4.64038E-1 4.5452E-1 4.50649E-1 4.35813E-1 4.29826E-1 4.34735E-1 4.27513E-1 4.38307E-1 4.73571E-1 4.84179E-1 4.77629E-1 4.50105E-1 4.04157E-1 4.02859E-1 3.92573E-1 3.9481E-1 4.09139E-1 4.03233E-1 4.04591E-1 4.35799E-1 4.50841E-1 4.28271E-1 4.28683E-1 4.17648E-1 4.2689E-1 4.36607E-1 4.31668E-1 4.3799E-1 4.41851E-1 4.35748E-1 4.35376E-1 4.37239E-1 4.41436E-1 4.40941E-1 4.50657E-1 4.4321E-1 4.44945E-1 4.18657E-1 4.15703E-1 4.22267E-1 4.07633E-1 4.17759E-1
6.41675E-1 6.28892E-1 6.40829E-1 6.48848E-1 6.32601E-1 6.47956E-1 6.48913E-1 6.40343E-1 6.29878E-1 6.21327E-1 4.70089E-1 4.75831E-1 4.81971E-1 4.91502E-1 4.94428E-1 4.79625E-1 4.72018E-1 4.59737E-1 4.66263E-1 4.51856E-1 4.48553E-1 4.24298E-1 4.31607E-1 4.29573E-1 4.30759E-1 4.10187E-1 4.02943E-1 4.2416E-1 4.59825E-1 4.9111E-1 4.37153E-1 4.36582E-1 4.29208E-1 4.02827E-1 4.08087E-1 4.07212E-1 4.0356E-1 4.03162E-1 4.02284E-1 4.09305E-1 4.21741E-1 4.33413E-1 4.20482E-1 4.28265E-1 4.3534E-1 4.30183E-1 4.39739E-1 4.37163E-1 4.29532E-1 4.36198E-1 4.39024E-1 4.40315E-1 4.44663E-1 4.40633E-1 4.42738E-1 4.17894E-1 4.16809E-1 4.05148E-1 4.15753E-1 4.16689E-1 4.1842E-1
