Artocarpus heterophyllus SDM files/MIS19/results (with bias file)/Arthet_median.asc
ncols         625
nrows         721
xllcorner     69.99986311115
yllcorner     5.99986187915
cellsize      0.041666667
NODATA_value  -9999
[rows 27 to 53 of 721, columns 366 to 426 of 625]
1.21455E-2 1.2124E-2 1.154E-2 1.12978E-2 1.07489E-2 9.76552E-3 1.04246E-2 1.13313E-2 1.1007E-2 1.04034E-2 1.02194E-2 9.62658E-3 9.15145E-3 8.83082E-3 9.04569E-3 9.13255E-3 1.07098E-2 9.33531E-3 9.04544E-3 9.04544E-3 8.93522E-3 9.1281E-3 5.10323E-3 5.1203E-3 5.07562E-3 4.99945E-3 8.8372E-3 5.10729E-3 8.52302E-3 9.30296E-3 1.31287E-2 1.05349E-2 8.85762E-3 9.67651E-3 1.28045E-2 1.68026E-2 1.28062E-2 1.02935E-2 1.02145E-2 1.29922E-2 1.1405E-2 9.47924E-3 1.31723E-2 1.01264E-2 8.64698E-3 4.80075E-3 4.65995E-3 4.82767E-3 4.89984E-3 4.77681E-3 5.05171E-3 5.25995E-3 5.19135E-3 1.01426E-2 1.11707E-2 1.35444E-2 1.38821E-2 1.37896E-2 1.29772E-2 1.18441E-2 1.07182E-2
1.19347E-2 1.17911E-2 1.15121E-2 1.21198E-2 1.20487E-2 1.11388E-2 1.07057E-2 1.08487E-2 1.1279E-2 1.09936E-2 1.10241E-2 1.09217E-2 1.11251E-2 1.00475E-2 9.93259E-3 1.02778E-2 1.12393E-2 9.67948E-3 9.36343E-3 9.36945E-3 9.67631E-3 9.72823E-3 9.56045E-3 9.0384E-3 9.56081E-3 9.88977E-3 1.01799E-2 1.04667E-2 1.00789E-2 9.81108E-3 1.2494E-2 1.13846E-2 9.07044E-3 9.43735E-3 1.16326E-2 1.21836E-2 1.18366E-2 9.74154E-3 9.30129E-3 1.27081E-2 1.01109E-2 9.72795E-3 1.12635E-2 1.02844E-2 8.7072E-3 8.96392E-3 5.15408E-3 5.23428E-3 5.38603E-3 8.56846E-3 9.30999E-3 9.46676E-3 1.16876E-2 1.38786E-2 1.70937E-2 1.67388E-2 1.25211E-2 1.15921E-2 9.52123E-3 8.75124E-3 4.95553E-3
9.8378E-3 9.92649E-3 1.08328E-2 1.15556E-2 1.20732E-2 1.23877E-2 1.19656E-2 1.43548E-2 1.23433E-2 1.22515E-2 1.41677E-2 1.27143E-2 1.18168E-2 1.3187E-2 1.2425E-2 1.18997E-2 1.12736E-2 1.12522E-2 1.05827E-2 1.01492E-2 1.01017E-2 9.76132E-3 9.58275E-3 9.66887E-3 1.20153E-2 1.579E-2 1.36183E-2 1.19833E-2 1.28229E-2 1.58179E-2 1.11545E-2 9.93159E-3 9.10536E-3 8.40438E-3 8.71498E-3 1.23629E-2 1.27005E-2 1.27008E-2 9.94036E-3 1.10516E-2 1.05211E-2 1.18199E-2 1.07611E-2 1.27778E-2 1.26143E-2 1.0332E-2 9.79651E-3 1.20939E-2 1.22796E-2 1.04618E-2 1.30767E-2 1.26793E-2 1.14473E-2 1.34592E-2 1.24941E-2 1.25371E-2 1.15543E-2 1.11312E-2 9.44492E-3 9.40519E-3 1.03909E-2
1.03595E-2 1.03496E-2 9.42464E-3 9.91729E-3 1.13178E-2 1.1824E-2 1.0084E-2 9.29433E-3 1.02076E-2 1.0748E-2 1.08488E-2 1.44767E-2 1.47192E-2 1.38856E-2 1.23284E-2 1.47952E-2 1.50981E-2 1.46571E-2 1.38632E-2 1.13519E-2 1.12486E-2 9.75312E-3 9.61968E-3 1.23081E-2 1.54477E-2 1.51126E-2 1.41622E-2 1.18106E-2 1.01606E-2 9.16292E-3 9.24136E-3 9.26126E-3 9.60064E-3 9.28675E-3 9.44465E-3 1.11474E-2 1.20133E-2 1.24263E-2 1.03048E-2 1.23951E-2 1.15261E-2 9.07857E-3 5.02631E-3 8.4581E-3 1.13689E-2 1.20634E-2 1.05882E-2 1.21327E-2 1.12157E-2 1.08053E-2 1.1795E-2 1.12514E-2 1.06912E-2 1.31306E-2 1.11973E-2 1.31286E-2 1.11018E-2 1.0005E-2 1.02403E-2 1.23376E-2 1.18423E-2
9.18684E-3 1.0592E-2 1.07986E-2 9.58492E-3 9.58254E-3 1.07986E-2 1.1523E-2 1.09127E-2 1.10334E-2 1.0346E-2 1.04679E-2 9.42181E-3 9.57308E-3 9.95059E-3 1.15376E-2 1.07199E-2 1.08695E-2 9.16287E-3 9.77728E-3 1.1307E-2 1.10715E-2 1.18405E-2 1.3288E-2 1.47458E-2 1.21212E-2 9.37328E-3 5.07477E-3 4.95627E-3 4.9258E-3 5.06263E-3 9.60554E-3 9.98956E-3 1.2983E-2 1.60675E-2 1.14235E-2 8.86485E-3 8.90931E-3 8.90997E-3 8.67021E-3 1.10344E-2 9.66196E-3 9.07527E-3 8.355E-3 9.02579E-3 1.06428E-2 9.07826E-3 8.56333E-3 1.09002E-2 1.07313E-2 8.71132E-3 1.07041E-2 1.33846E-2 1.34145E-2 1.26357E-2 1.30573E-2 1.30964E-2 1.2593E-2 1.16919E-2 1.23808E-2 1.65524E-2 1.2892E-2
1.03017E-2 9.80213E-3 9.68808E-3 1.01025E-2 9.51404E-3 1.06994E-2 1.14402E-2 1.12946E-2 1.15399E-2 1.13405E-2 1.14962E-2 1.00909E-2 1.12946E-2 1.1887E-2 1.34632E-2 1.0849E-2 9.76739E-3 9.61734E-3 9.88991E-3 1.19495E-2 1.17494E-2 1.19789E-2 1.13722E-2 1.07539E-2 9.08769E-3 5.03239E-3 4.9731E-3 5.04977E-3 8.58145E-3 9.52911E-3 9.98382E-3 1.00179E-2 1.14279E-2 1.26776E-2 1.02903E-2 5.06405E-3 4.95225E-3 5.0389E-3 9.13253E-3 1.06291E-2 1.14519E-2 1.05975E-2 1.00653E-2 9.54246E-3 8.27098E-3 8.47002E-3 4.92378E-3 5.19342E-3 8.94057E-3 9.11898E-3 1.09105E-2 1.30628E-2 1.00247E-2 1.06358E-2 1.27293E-2 1.10233E-2 9.62389E-3 9.70783E-3 1.11556E-2 1.21285E-2 1.06852E-2
1.08336E-2 1.09621E-2 1.12671E-2 1.15342E-2 9.92596E-3 9.64484E-3 1.14216E-2 1.16801E-2 1.13124E-2 1.09699E-2 1.17294E-2 1.13839E-2 1.16798E-2 1.0512E-2 1.02476E-2 1.0081E-2 1.10571E-2 1.20472E-2 1.0458E-2 9.18538E-3 9.1603E-3 9.26302E-3 9.0937E-3 9.35572E-3 9.64204E-3 1.02677E-2 1.02118E-2 1.00618E-2 1.107E-2 1.07556E-2 1.04813E-2 1.0033E-2 9.30686E-3 1.08544E-2 9.78865E-3 9.28106E-3 8.63287E-3 5.11882E-3 1.19815E-2 1.27841E-2 1.30729E-2 1.23642E-2 1.15017E-2 1.0554E-2 1.0318E-2 9.85856E-3 9.35974E-3 1.1339E-2 1.15294E-2 1.14551E-2 1.11317E-2 1.25863E-2 9.24602E-3 1.05861E-2 1.33128E-2 1.0909E-2 8.2863E-3 1.06189E-2 1.24367E-2 1.17493E-2 1.05386E-2
1.09604E-2 1.06382E-2 1.0646E-2 1.09321E-2 1.17171E-2 1.00165E-2 9.83E-3 1.07894E-2 1.10777E-2 1.05427E-2 9.87516E-3 9.27208E-3 1.06738E-2 1.09865E-2 1.15068E-2 1.10479E-2 1.05165E-2 1.01094E-2 1.07141E-2 1.13987E-2 1.42796E-2 1.29938E-2 1.2949E-2 1.33114E-2 1.36427E-2 1.40584E-2 1.361E-2 1.51025E-2 1.37421E-2 1.43343E-2 1.21108E-2 1.03517E-2 9.84675E-3 1.05669E-2 1.1001E-2 1.0763E-2 1.02225E-2 9.18051E-3 8.42031E-3 1.14069E-2 1.17172E-2 1.23242E-2 1.17122E-2 1.12749E-2 1.02476E-2 8.5711E-3 8.58186E-3 9.28303E-3 8.83432E-3 1.03478E-2 5.0832E-3 1.0216E-2 1.34102E-2 1.35328E-2 1.32726E-2 1.05728E-2 1.04578E-2 1.31643E-2 1.3508E-2 1.29222E-2 1.09514E-2
1.07031E-2 1.061E-2 1.01972E-2 9.87343E-3 1.12616E-2 1.02565E-2 9.98313E-3 1.06209E-2 1.07941E-2 1.09562E-2 1.03121E-2 9.74198E-3 8.83613E-3 1.0096E-2 1.11848E-2 1.12927E-2 1.15421E-2 1.39949E-2 1.37759E-2 1.07929E-2 1.20014E-2 1.38697E-2 1.1541E-2 1.09207E-2 1.08695E-2 1.15649E-2 1.10782E-2 1.07459E-2 1.14274E-2 1.25492E-2 1.24718E-2 1.21968E-2 1.12739E-2 1.1635E-2 1.24886E-2 1.15695E-2 1.13257E-2 1.07107E-2 9.06758E-3 5.10789E-3 9.32145E-3 1.04091E-2 1.03447E-2 1.11301E-2 1.03897E-2 1.04021E-2 5.28887E-3 8.80939E-3 9.30278E-3 4.97452E-3 9.33157E-3 1.11816E-2 1.38618E-2 1.36931E-2 1.10398E-2 1.06141E-2 1.20885E-2 1.34628E-2 1.65091E-2 1.54177E-2 1.02811E-2
9.78321E-3 9.57875E-3 8.75427E-3 1.0008E-2 1.16162E-2 1.06806E-2 9.15511E-3 1.0412E-2 9.81446E-3 9.7876E-3 1.09917E-2 1.16309E-2 8.92663E-3 8.66469E-3 1.30457E-2 1.22959E-2 1.23102E-2 1.08815E-2 1.09693E-2 1.36159E-2 1.38727E-2 1.18501E-2 1.0164E-2 9.88838E-3 9.83301E-3 9.5619E-3 9.02934E-3 8.90634E-3 8.94712E-3 1.10567E-2 1.02162E-2 1.13945E-2 1.1423E-2 1.00921E-2 1.03456E-2 1.15148E-2 1.1269E-2 1.18808E-2 1.07122E-2 1.03302E-2 8.73442E-3 4.95333E-3 4.89141E-3 4.85086E-3 4.97004E-3 9.2316E-3 8.73001E-3 9.6514E-3 1.17503E-2 1.18263E-2 1.3351E-2 1.38402E-2 1.26787E-2 1.19342E-2 1.0299E-2 1.30216E-2 1.24037E-2 1.25344E-2 1.26716E-2 1.135E-2 9.62837E-3
8.6504E-3 8.52449E-3 8.34748E-3 8.74432E-3 9.25032E-3 1.18416E-2 9.85459E-3 1.00889E-2 9.92964E-3 1.01441E-2 1.12886E-2 1.09339E-2 5.35607E-3 8.83568E-3 1.23083E-2 1.21343E-2 1.38436E-2 1.11242E-2 9.09209E-3 9.39911E-3 9.78541E-3 1.09052E-2 9.82723E-3 1.06766E-2 1.14154E-2 1.06428E-2 1.07097E-2 1.04523E-2 9.57945E-3 1.0181E-2 1.03664E-2 1.08312E-2 1.06979E-2 1.09032E-2 1.29948E-2 1.24561E-2 1.19297E-2 1.22076E-2 1.11396E-2 1.05736E-2 9.35797E-3 5.45266E-3 8.88893E-3 1.02104E-2 9.94934E-3 9.23727E-3 9.89886E-3 9.99871E-3 1.19907E-2 1.15144E-2 9.16553E-3 1.00465E-2 1.01155E-2 1.01206E-2 1.02679E-2 1.11763E-2 1.1451E-2 1.16434E-2 1.16146E-2 1.07685E-2 9.13253E-3
4.96556E-3 4.87645E-3 4.85815E-3 9.13481E-3 9.64029E-3 1.15564E-2 1.12368E-2 9.33695E-3 9.18934E-3 1.22568E-2 1.09296E-2 1.0073E-2 5.52918E-3 8.33419E-3 1.20071E-2 1.33307E-2 1.04225E-2 1.05139E-2 1.02949E-2 1.06645E-2 8.98727E-3 8.7588E-3 8.6697E-3 9.40946E-3 1.01508E-2 1.12819E-2 1.18379E-2 1.13847E-2 1.19163E-2 1.17822E-2 1.12514E-2 9.48973E-3 9.4336E-3 9.72497E-3 9.58356E-3 9.30241E-3 5.28545E-3 9.71232E-3 1.21723E-2 1.05792E-2 1.00837E-2 1.08713E-2 1.03744E-2 1.0463E-2 1.30868E-2 1.3539E-2 1.15875E-2 1.0356E-2 1.19492E-2 1.3047E-2 1.23486E-2 9.76361E-3 4.97126E-3 4.82807E-3 5.19187E-3 1.0312E-2 1.24355E-2 1.06756E-2 1.01306E-2 1.01133E-2 1.0445E-2
5.09004E-3 5.08858E-3 4.89424E-3 9.29214E-3 8.68731E-3 9.15815E-3 9.2879E-3 7.90855E-3 8.69969E-3 8.59841E-3 9.99078E-3 9.99844E-3 9.448E-3 9.63545E-3 1.1602E-2 1.07409E-2 9.59418E-3 9.22043E-3 9.30059E-3 1.1375E-2 1.05816E-2 9.56629E-3 9.23526E-3 8.74547E-3 9.51613E-3 1.01926E-2 1.03115E-2 9.19422E-3 9.40782E-3 1.09774E-2 1.08906E-2 9.77147E-3 5.25258E-3 5.31809E-3 5.28737E-3 5.28873E-3 5.24173E-3 5.08469E-3 5.08469E-3 5.21093E-3 8.87963E-3 9.42423E-3 9.831E-3 1.18457E-2 1.31036E-2 1.34821E-2 1.10579E-2 5.33723E-3 9.08801E-3 1.16516E-2 1.23279E-2 1.17722E-2 9.94934E-3 4.859E-3 5.05296E-3 1.08929E-2 1.36669E-2 1.30213E-2 9.09833E-3 5.10901E-3 1.04649E-2
5.28054E-3 5.19374E-3 5.00409E-3 9.40851E-3 8.6539E-3 8.54582E-3 8.34023E-3 8.38046E-3 8.28676E-3 8.79435E-3 1.05513E-2 1.01269E-2 1.0522E-2 1.24629E-2 1.16444E-2 1.0808E-2 1.05721E-2 1.1133E-2 1.02259E-2 9.43879E-3 1.15921E-2 1.19039E-2 1.08836E-2 1.00581E-2 9.29124E-3 8.95792E-3 9.06078E-3 8.84744E-3 9.08081E-3 9.36339E-3 9.56798E-3 9.99795E-3 1.04993E-2 1.08269E-2 1.06211E-2 1.06711E-2 1.06662E-2 1.00365E-2 1.02383E-2 1.06135E-2 1.08155E-2 1.03264E-2 1.0356E-2 1.35227E-2 1.09979E-2 1.01751E-2 1.01909E-2 9.64231E-3 8.91051E-3 9.02972E-3 9.81482E-3 9.08334E-3 5.40672E-3 5.21686E-3 4.94896E-3 1.09869E-2 1.37956E-2 1.0635E-2 4.9604E-3 4.88054E-3 1.08993E-2
5.6895E-3 5.2882E-3 5.31809E-3 5.06155E-3 9.09316E-3 8.84831E-3 8.57026E-3 9.31838E-3 8.62595E-3 8.24118E-3 1.06792E-2 1.02499E-2 1.0716E-2 9.34766E-3 8.3146E-3 8.73954E-3 1.02625E-2 1.03392E-2 1.03433E-2 1.11648E-2 1.23128E-2 1.26229E-2 1.44384E-2 1.25249E-2 1.04655E-2 1.09496E-2 1.10689E-2 1.0496E-2 1.03595E-2 1.13882E-2 1.22376E-2 1.29571E-2 1.29186E-2 1.31764E-2 1.27752E-2 1.21705E-2 1.39674E-2 1.42298E-2 1.3742E-2 1.41101E-2 1.45369E-2 1.1821E-2 1.0935E-2 9.67098E-3 9.85417E-3 1.2063E-2 1.34583E-2 1.25815E-2 1.12597E-2 1.29405E-2 1.04299E-2 1.02294E-2 9.60243E-3 1.08704E-2 1.19578E-2 1.23827E-2 1.09126E-2 5.32132E-3 5.46892E-3 5.16063E-3 1.13575E-2
6.11881E-3 5.40301E-3 5.41566E-3 8.92141E-3 5.20341E-3 9.33202E-3 9.89804E-3 9.56558E-3 9.61387E-3 9.29515E-3 1.06782E-2 9.43084E-3 9.13756E-3 8.44229E-3 7.90752E-3 7.54991E-3 8.62862E-3 1.00011E-2 9.95012E-3 9.48605E-3 1.01573E-2 1.08643E-2 9.31144E-3 1.06305E-2 9.6232E-3 1.07802E-2 1.20715E-2 1.31179E-2 1.37152E-2 1.34288E-2 1.36177E-2 1.38552E-2 1.32614E-2 1.42016E-2 1.42911E-2 1.20215E-2 1.08793E-2 1.16709E-2 1.12897E-2 1.13136E-2 1.12084E-2 1.16102E-2 1.0681E-2 1.05882E-2 1.00857E-2 9.85765E-3 1.01858E-2 1.04822E-2 1.03834E-2 1.00466E-2 9.34439E-3 9.46376E-3 9.81907E-3 9.45989E-3 1.14205E-2 1.32526E-2 1.32505E-2 1.34486E-2 1.51721E-2 1.10169E-2 5.33076E-3
6.04743E-3 5.89005E-3 5.36995E-3 9.47603E-3 5.55985E-3 5.20693E-3 5.07894E-3 8.15293E-3 8.31303E-3 8.53432E-3 1.00723E-2 1.0406E-2 8.59808E-3 8.06703E-3 8.52401E-3 8.12375E-3 9.17104E-3 9.1957E-3 9.40933E-3 9.08373E-3 9.27048E-3 9.83896E-3 9.54586E-3 9.55184E-3 9.27693E-3 9.86603E-3 1.21636E-2 1.22788E-2 1.04199E-2 1.08654E-2 1.06455E-2 1.21847E-2 1.33559E-2 1.17961E-2 1.2062E-2 1.23068E-2 1.1526E-2 1.07046E-2 1.16723E-2 1.39452E-2 1.427E-2 1.26544E-2 1.36379E-2 1.38305E-2 1.204E-2 1.10333E-2 1.10971E-2 1.20201E-2 1.17914E-2 1.08953E-2 1.07369E-2 1.115E-2 1.3649E-2 1.10169E-2 8.79351E-3 1.06267E-2 1.22855E-2 1.27188E-2 1.21701E-2 1.2399E-2 8.76452E-3
1.08198E-2 1.12795E-2 6.32886E-3 6.003E-3 5.76267E-3 5.49124E-3 5.32342E-3 5.19205E-3 8.49435E-3 8.89022E-3 1.0411E-2 1.05731E-2 1.06761E-2 9.25416E-3 8.29071E-3 8.74134E-3 9.24706E-3 9.11468E-3 9.3259E-3 9.43339E-3 9.57455E-3 9.84682E-3 9.93283E-3 5.66646E-3 9.35361E-3 1.06366E-2 1.06388E-2 1.06619E-2 1.04833E-2 9.2347E-3 9.02439E-3 1.09961E-2 1.38389E-2 1.37755E-2 1.14586E-2 1.0527E-2 1.00459E-2 1.17433E-2 1.02032E-2 1.017E-2 1.04609E-2 1.01703E-2 1.19471E-2 1.01799E-2 1.04464E-2 1.26897E-2 1.30845E-2 1.12723E-2 1.24024E-2 1.18402E-2 1.39337E-2 1.22867E-2 1.20827E-2 1.2188E-2 1.08246E-2 9.17339E-3 1.08773E-2 1.31586E-2 1.14749E-2 9.69463E-3 8.85866E-3
9.83628E-3 1.02665E-2 1.25294E-2 1.18423E-2 1.20115E-2 1.20413E-2 6.1979E-3 5.50365E-3 5.36716E-3 8.58511E-3 8.82981E-3 9.46633E-3 9.77125E-3 1.0071E-2 9.48419E-3 9.58366E-3 9.70921E-3 9.89911E-3 9.70366E-3 9.66413E-3 9.90077E-3 1.04072E-2 1.0588E-2 1.02406E-2 1.03673E-2 1.10156E-2 9.11688E-3 8.99114E-3 9.36341E-3 9.55841E-3 9.77197E-3 9.92659E-3 1.02373E-2 1.21098E-2 1.1803E-2 1.10494E-2 1.01463E-2 9.29471E-3 9.559E-3 9.90057E-3 9.94376E-3 9.24767E-3 9.27574E-3 1.08326E-2 1.25139E-2 1.26256E-2 1.27458E-2 1.04042E-2 1.1902E-2 1.20286E-2 1.62323E-2 1.5171E-2 1.22178E-2 1.1579E-2 1.04769E-2 8.59747E-3 9.20635E-3 1.08032E-2 5.35598E-3 1.11511E-2 1.00278E-2
5.89549E-3 5.55258E-3 1.03233E-2 1.03207E-2 1.01469E-2 1.26952E-2 1.22313E-2 6.07877E-3 5.62326E-3 1.00331E-2 8.95115E-3 8.68498E-3 9.23028E-3 9.37318E-3 9.75484E-3 9.77717E-3 1.00198E-2 1.00664E-2 9.97518E-3 9.92919E-3 9.85001E-3 1.02174E-2 1.01136E-2 1.05497E-2 1.16223E-2 1.14278E-2 9.85832E-3 9.75612E-3 1.01747E-2 1.02245E-2 9.36451E-3 8.97585E-3 9.35603E-3 9.61475E-3 9.59077E-3 9.80126E-3 9.9802E-3 1.01613E-2 1.00611E-2 1.05105E-2 9.92531E-3 5.69705E-3 5.41073E-3 5.45102E-3 9.78522E-3 1.18167E-2 1.17929E-2 1.20991E-2 1.16864E-2 1.03875E-2 1.28858E-2 1.22176E-2 1.03772E-2 1.09747E-2 1.08244E-2 1.1102E-2 1.08331E-2 9.72397E-3 1.04589E-2 1.27337E-2 1.03014E-2
1.24515E-2 6.2242E-3 5.71306E-3 5.70743E-3 9.87848E-3 1.05696E-2 1.24701E-2 1.18265E-2 6.13574E-3 5.60589E-3 1.02956E-2 1.01826E-2 9.86291E-3 5.76833E-3 9.83108E-3 1.00073E-2 1.00336E-2 1.0108E-2 1.01721E-2 1.00971E-2 1.02593E-2 1.04189E-2 1.06045E-2 1.02016E-2 1.01157E-2 1.13576E-2 1.03554E-2 1.03393E-2 1.07507E-2 6.01372E-3 9.87254E-3 9.85084E-3 9.25188E-3 1.03764E-2 9.76295E-3 1.04814E-2 1.00864E-2 1.04304E-2 1.0869E-2 1.08238E-2 1.10108E-2 1.09242E-2 5.89511E-3 5.46266E-3 5.50367E-3 9.46503E-3 9.6653E-3 1.08399E-2 1.08141E-2 1.07089E-2 1.079E-2 1.27657E-2 1.33345E-2 1.3626E-2 1.13194E-2 1.28001E-2 1.11927E-2 1.26677E-2 1.0796E-2 9.42136E-3 1.00196E-2
1.28438E-2 6.90693E-3 6.09468E-3 5.45746E-3 5.42141E-3 9.62595E-3 1.05747E-2 1.19135E-2 6.54068E-3 5.90185E-3 1.04905E-2 1.18034E-2 1.20939E-2 1.21139E-2 1.11664E-2 6.24773E-3 5.97014E-3 6.07379E-3 5.95759E-3 1.02631E-2 1.02475E-2 1.04852E-2 1.0864E-2 1.05827E-2 1.03922E-2 9.99976E-3 1.03596E-2 1.07083E-2 1.07094E-2 5.90933E-3 5.78454E-3 9.59422E-3 1.01915E-2 9.2574E-3 9.68712E-3 1.0497E-2 9.72934E-3 9.28163E-3 9.5271E-3 1.12702E-2 1.16949E-2 1.10451E-2 6.17227E-3 5.95053E-3 1.09202E-2 1.09569E-2 9.1225E-3 5.57615E-3 9.18564E-3 9.5091E-3 1.09676E-2 1.11073E-2 1.29201E-2 1.13825E-2 1.02984E-2 9.66536E-3 9.34364E-3 1.12665E-2 1.21764E-2 1.35369E-2 1.34378E-2
1.26902E-2 7.39196E-3 6.02327E-3 5.61108E-3 1.00434E-2 1.02188E-2 1.0108E-2 1.16918E-2 1.28766E-2 1.19167E-2 1.08884E-2 1.02984E-2 1.13613E-2 1.35495E-2 1.35344E-2 1.33714E-2 1.32537E-2 1.12882E-2 1.09877E-2 6.10735E-3 1.01814E-2 1.07235E-2 1.06186E-2 1.06369E-2 1.0564E-2 1.01426E-2 9.98739E-3 1.05631E-2 6.01961E-3 6.14404E-3 5.948E-3 9.96951E-3 1.1275E-2 1.12083E-2 1.00253E-2 5.94787E-3 5.82371E-3 5.87713E-3 1.12214E-2 1.21674E-2 1.33713E-2 1.2269E-2 1.13009E-2 6.08027E-3 5.77314E-3 5.67782E-3 5.59336E-3 9.02227E-3 1.07296E-2 9.93731E-3 1.0229E-2 1.01999E-2 1.16081E-2 1.01831E-2 1.00178E-2 8.7233E-3 1.14289E-2 1.17614E-2 1.16896E-2 1.33295E-2 1.29676E-2
1.06585E-2 6.79096E-3 6.63473E-3 1.12553E-2 1.19448E-2 1.15613E-2 1.13697E-2 1.07225E-2 1.14755E-2 1.20325E-2 1.12497E-2 1.02572E-2 1.01436E-2 1.10288E-2 1.14178E-2 1.15228E-2 1.15036E-2 1.21819E-2 1.23317E-2 1.2318E-2 1.23438E-2 1.25815E-2 1.15917E-2 1.12872E-2 1.09504E-2 1.04819E-2 1.07594E-2 1.08484E-2 6.56049E-3 6.28325E-3 1.1604E-2 1.3186E-2 1.12415E-2 1.08016E-2 5.97074E-3 5.76352E-3 1.05692E-2 1.27055E-2 1.27096E-2 1.4483E-2 1.33484E-2 1.18646E-2 1.13718E-2 1.06654E-2 9.72139E-3 5.80967E-3 9.2652E-3 1.03635E-2 1.26554E-2 1.36666E-2 1.57675E-2 1.39263E-2 1.35874E-2 1.11735E-2 1.09555E-2 9.55733E-3 9.93649E-3 1.22686E-2 1.25416E-2 1.21002E-2 1.31099E-2
6.36348E-3 1.143E-2 1.18471E-2 1.16824E-2 1.16007E-2 1.15463E-2 1.04782E-2 1.0353E-2 1.03757E-2 1.03711E-2 1.04782E-2 1.02016E-2 1.00973E-2 1.03193E-2 1.06109E-2 1.09499E-2 1.16102E-2 1.28392E-2 1.35252E-2 1.33367E-2 1.17012E-2 1.32323E-2 1.24949E-2 1.19381E-2 1.25384E-2 1.25692E-2 1.34086E-2 1.42951E-2 1.33728E-2 1.23107E-2 1.2155E-2 1.13732E-2 1.08978E-2 6.17463E-3 1.09105E-2 6.23175E-3 1.15106E-2 1.10589E-2 1.09027E-2 1.05698E-2 1.11399E-2 6.32756E-3 5.97351E-3 6.01012E-3 5.88336E-3 6.02772E-3 1.01244E-2 1.11568E-2 1.26847E-2 1.39107E-2 1.37924E-2 1.52065E-2 1.4933E-2 1.26504E-2 1.0955E-2 1.05638E-2 1.30633E-2 1.39685E-2 1.34828E-2 1.1228E-2 1.293E-2
1.1439E-2 1.12274E-2 1.0046E-2 1.04976E-2 1.07961E-2 1.09102E-2 1.09446E-2 1.06109E-2 6.28763E-3 6.19824E-3 6.08362E-3 5.9647E-3 9.68982E-3 1.00407E-2 1.0164E-2 1.02577E-2 9.91854E-3 1.02461E-2 1.06977E-2 1.17828E-2 1.16987E-2 1.09882E-2 1.12123E-2 1.1199E-2 1.1497E-2 1.14215E-2 1.10298E-2 1.17253E-2 1.33693E-2 1.20282E-2 1.14806E-2 6.32314E-3 6.2261E-3 1.15958E-2 1.25109E-2 1.22117E-2 1.11299E-2 1.00913E-2 9.55251E-3 5.95315E-3 5.91794E-3 5.97351E-3 6.12129E-3 6.21568E-3 1.00175E-2 1.02364E-2 1.11483E-2 1.35511E-2 1.40313E-2 1.35506E-2 1.26793E-2 1.2673E-2 1.23246E-2 1.20673E-2 1.17105E-2 1.09451E-2 1.35167E-2 1.36221E-2 1.28885E-2 1.15893E-2 1.32028E-2
1.03003E-2 6.19204E-3 5.90656E-3 5.92431E-3 9.96363E-3 6.26149E-3 6.11049E-3 1.09641E-2 6.6454E-3 6.36711E-3 6.20328E-3 5.95254E-3 6.0075E-3 6.0997E-3 6.0075E-3 6.08111E-3 5.96993E-3 5.96993E-3 5.96871E-3 6.07749E-3 1.0586E-2 6.22752E-3 1.10842E-2 1.08678E-2 1.13439E-2 1.14363E-2 1.12188E-2 1.17468E-2 1.18971E-2 1.26441E-2 1.24936E-2 1.18469E-2 1.17551E-2 1.10492E-2 1.18035E-2 1.20894E-2 1.22567E-2 1.19105E-2 1.18694E-2 1.1108E-2 6.50644E-3 6.3898E-3 1.07197E-2 1.10922E-2 1.12568E-2 1.13789E-2 1.14245E-2 1.28419E-2 1.28867E-2 1.18161E-2 1.25569E-2 1.28502E-2 1.10191E-2 1.18142E-2 1.15601E-2 1.08754E-2 1.3537E-2 1.34598E-2 1.24486E-2 1.245E-2 1.32887E-2
