Artocarpus heterophyllus SDM files/MIS19/results (with bias file)/Arthet_stddev.asc
ncols         625
nrows         721
xllcorner     69.99986311115
yllcorner     5.99986187915
cellsize      0.041666667
NODATA_value  -9999
[rows 270 to 296 of 721, columns 122 to 182 of 625]
2.37254E-2 3.27519E-2 3.17577E-2 3.08147E-2 3.02993E-2 3.0161E-2 4.44029E-2 3.85316E-2 4.06639E-2 3.95215E-2 3.75283E-2 3.57625E-2 3.61111E-2 3.78421E-2 3.28155E-2 2.89201E-2 2.96992E-2 3.52851E-2 3.39554E-2 3.26224E-2 3.26008E-2 3.38688E-2 3.43111E-2 3.14635E-2 3.05799E-2 3.10897E-2 3.14559E-2 3.23218E-2 3.2921E-2 3.29748E-2 3.38488E-2 3.83376E-2 3.27734E-2 3.47508E-2 3.66511E-2 3.66614E-2 3.76185E-2 3.28528E-2 3.21647E-2 3.21696E-2 3.15562E-2 3.15825E-2 3.3459E-2 2.98039E-2 3.0926E-2 2.91865E-2 2.87116E-2 2.76502E-2 2.7658E-2 2.7799E-2 3.71208E-2 3.7663E-2 3.74658E-2 4.64803E-2 4.6705E-2 5.32109E-2 4.9107E-2 4.89743E-2 4.8926E-2 4.71318E-2 4.81772E-2
3.10056E-2 3.10499E-2 2.00136E-2 1.99173E-2 1.98982E-2 1.91845E-2 1.91557E-2 1.86965E-2 1.84864E-2 3.77619E-2 3.04215E-2 2.99629E-2 3.71516E-2 3.34306E-2 3.1829E-2 3.0529E-2 2.97927E-2 3.03421E-2 3.04366E-2 3.22463E-2 3.25948E-2 3.25749E-2 3.32946E-2 3.26198E-2 3.13196E-2 3.10908E-2 3.14643E-2 3.22622E-2 3.23318E-2 3.2942E-2 3.30323E-2 3.34999E-2 3.41139E-2 2.8922E-2 3.00058E-2 3.66562E-2 3.0721E-2 3.01301E-2 2.9078E-2 3.01975E-2 3.07343E-2 3.01072E-2 3.03513E-2 3.03747E-2 2.93071E-2 2.86714E-2 2.86895E-2 2.6949E-2 2.65679E-2 2.65627E-2 2.63064E-2 3.8268E-2 3.84568E-2 3.75056E-2 4.74028E-2 4.92009E-2 4.92054E-2 4.99266E-2 4.95558E-2 4.78375E-2 4.79882E-2
3.12612E-2 3.09617E-2 3.08559E-2 3.00606E-2 1.86041E-2 1.94162E-2 1.9688E-2 1.96543E-2 1.97807E-2 3.03607E-2 3.08376E-2 3.08056E-2 3.04125E-2 3.1575E-2 3.1804E-2 3.03088E-2 3.93473E-2 3.16163E-2 3.29532E-2 3.1695E-2 3.13892E-2 3.25798E-2 3.25802E-2 3.79562E-2 3.25911E-2 3.13815E-2 3.10817E-2 3.10923E-2 3.22573E-2 3.23433E-2 3.29902E-2 3.35365E-2 3.83273E-2 3.28549E-2 2.90668E-2 3.72904E-2 2.95881E-2 3.01698E-2 3.015E-2 3.01746E-2 3.06755E-2 3.08877E-2 3.03381E-2 2.91664E-2 2.84101E-2 2.82344E-2 2.63602E-2 2.6923E-2 2.69427E-2 2.70489E-2 2.61882E-2 4.70718E-2 4.71379E-2 3.82173E-2 3.71695E-2 4.91676E-2 4.99407E-2 4.96101E-2 4.88351E-2 4.73916E-2 4.80726E-2
3.11081E-2 3.08259E-2 1.89716E-2 3.085E-2 5.31865E-2 5.2472E-2 1.94965E-2 3.92013E-2 3.97754E-2 3.03703E-2 3.02656E-2 3.72545E-2 3.39807E-2 3.79088E-2 3.22001E-2 3.10295E-2 3.07371E-2 3.02931E-2 3.60945E-2 3.19567E-2 3.19721E-2 3.19612E-2 3.2543E-2 3.3249E-2 3.13895E-2 3.79656E-2 3.1954E-2 3.00433E-2 3.14509E-2 3.20188E-2 3.23309E-2 3.25943E-2 3.35611E-2 3.95743E-2 3.15737E-2 3.01972E-2 3.16517E-2 2.96061E-2 3.01147E-2 2.96044E-2 2.90793E-2 2.90764E-2 2.95017E-2 3.03097E-2 2.8652E-2 2.79228E-2 2.70552E-2 2.61722E-2 2.65449E-2 2.7338E-2 2.62214E-2 3.5458E-2 4.7751E-2 4.70971E-2 4.70479E-2 4.83312E-2 4.979E-2 4.89055E-2 4.75716E-2 4.81024E-2 4.85425E-2
5.31752E-2 4.79029E-2 3.04502E-2 3.10334E-2 5.26984E-2 5.24987E-2 4.67294E-2 5.25038E-2 5.22172E-2 3.78453E-2 3.00644E-2 4.01246E-2 3.55645E-2 3.71533E-2 3.28413E-2 3.15805E-2 3.02324E-2 3.2405E-2 3.11078E-2 3.16564E-2 3.19499E-2 3.19344E-2 3.19588E-2 3.2599E-2 3.08144E-2 3.16298E-2 3.25291E-2 3.29225E-2 2.95302E-2 3.06183E-2 3.14919E-2 3.19357E-2 3.25805E-2 3.76044E-2 3.83032E-2 3.24197E-2 2.90832E-2 2.95653E-2 3.07091E-2 2.85178E-2 2.8473E-2 2.79621E-2 2.90667E-2 2.85737E-2 2.78818E-2 2.68715E-2 2.587E-2 2.59401E-2 2.61076E-2 2.82188E-2 2.65238E-2 3.47971E-2 4.71395E-2 4.67463E-2 4.68661E-2 4.96214E-2 4.93623E-2 4.80852E-2 4.75656E-2 4.69526E-2 4.73305E-2
5.40898E-2 4.96676E-2 4.08544E-2 3.89353E-2 4.48114E-2 4.4309E-2 5.21125E-2 5.24635E-2 3.84861E-2 3.74641E-2 3.04472E-2 4.03687E-2 3.56778E-2 3.71777E-2 3.79587E-2 3.21809E-2 3.04718E-2 3.48516E-2 3.11636E-2 3.11127E-2 3.11186E-2 3.11274E-2 3.16682E-2 3.19274E-2 3.19986E-2 3.07382E-2 3.18833E-2 3.31993E-2 3.21891E-2 2.96207E-2 2.99625E-2 3.1036E-2 3.0733E-2 3.05027E-2 3.6602E-2 3.47746E-2 3.09135E-2 2.94597E-2 2.84705E-2 2.906E-2 2.79921E-2 2.90697E-2 2.7084E-2 2.66067E-2 2.85703E-2 2.60111E-2 2.56049E-2 2.59143E-2 2.61007E-2 2.65406E-2 2.5506E-2 3.80518E-2 3.73049E-2 3.75158E-2 4.71879E-2 4.87384E-2 4.95295E-2 4.80442E-2 4.76818E-2 4.70246E-2 4.73171E-2
1.89327E-2 1.88644E-2 4.25424E-2 4.18426E-2 4.18538E-2 4.13445E-2 3.94857E-2 4.41287E-2 3.8293E-2 3.13006E-2 2.9964E-2 3.53052E-2 3.30538E-2 3.71778E-2 3.71793E-2 3.71572E-2 3.14777E-2 3.4951E-2 3.1108E-2 3.16498E-2 3.11056E-2 3.11096E-2 3.10968E-2 3.11369E-2 3.11028E-2 3.10668E-2 3.1074E-2 3.18911E-2 3.25595E-2 3.19111E-2 3.13506E-2 2.89616E-2 2.84635E-2 2.96295E-2 3.09905E-2 3.25081E-2 3.30991E-2 3.03189E-2 2.75025E-2 2.84618E-2 2.7544E-2 2.89468E-2 2.69873E-2 2.62224E-2 2.67119E-2 2.51393E-2 2.73321E-2 2.74087E-2 2.67308E-2 2.64749E-2 2.70644E-2 3.59032E-2 3.75525E-2 3.53209E-2 4.83646E-2 4.95702E-2 4.93226E-2 4.8044E-2 4.75494E-2 4.72272E-2 4.90214E-2
3.91275E-2 1.87453E-2 1.86941E-2 3.91941E-2 3.81211E-2 3.78344E-2 3.77909E-2 3.7872E-2 3.13207E-2 3.7225E-2 3.02492E-2 3.30596E-2 3.61057E-2 3.60946E-2 3.07211E-2 3.0747E-2 3.07139E-2 3.11751E-2 3.11784E-2 3.11081E-2 3.06966E-2 3.06746E-2 3.1648E-2 3.13984E-2 3.00255E-2 3.01548E-2 3.10405E-2 3.10674E-2 3.10843E-2 3.10469E-2 3.13182E-2 3.13437E-2 2.84473E-2 3.04287E-2 2.94155E-2 2.99402E-2 3.25441E-2 3.30899E-2 3.10868E-2 2.7964E-2 2.69674E-2 2.68147E-2 2.90353E-2 2.56168E-2 2.61093E-2 2.72861E-2 2.85335E-2 2.85947E-2 2.60616E-2 2.53848E-2 1.97128E-2 4.69457E-2 3.84404E-2 3.55962E-2 4.96706E-2 4.85246E-2 4.93274E-2 4.82013E-2 4.67606E-2 4.73224E-2 4.89869E-2
3.80291E-2 3.79035E-2 3.88468E-2 3.68025E-2 3.90077E-2 3.09178E-2 2.99965E-2 3.8756E-2 3.72859E-2 3.72375E-2 3.12704E-2 3.53659E-2 3.58836E-2 3.60784E-2 3.08059E-2 3.1116E-2 3.10975E-2 3.10963E-2 3.06984E-2 3.11747E-2 3.06764E-2 3.06577E-2 3.11137E-2 3.05858E-2 3.01867E-2 2.97107E-2 3.01343E-2 3.10441E-2 3.01868E-2 2.94533E-2 3.10266E-2 2.96182E-2 2.84338E-2 3.0068E-2 3.06425E-2 2.95103E-2 3.06674E-2 3.12102E-2 3.27834E-2 3.21309E-2 2.49154E-2 2.6634E-2 2.80097E-2 2.73256E-2 2.58828E-2 2.73109E-2 2.85634E-2 2.85184E-2 2.62389E-2 2.56751E-2 1.98802E-2 3.51888E-2 3.88509E-2 3.55536E-2 4.79519E-2 4.87609E-2 4.9893E-2 4.86526E-2 3.94819E-2 4.70458E-2 4.73429E-2
3.80226E-2 3.80296E-2 3.00522E-2 3.8613E-2 3.87332E-2 3.76482E-2 2.99762E-2 3.74281E-2 3.75107E-2 3.04034E-2 3.12917E-2 3.53491E-2 3.54541E-2 3.58852E-2 3.0793E-2 3.07408E-2 3.10806E-2 3.10759E-2 3.10748E-2 3.06732E-2 3.11454E-2 3.11647E-2 3.05858E-2 3.05731E-2 2.97289E-2 2.96904E-2 3.05841E-2 3.10479E-2 3.13706E-2 3.01464E-2 2.95693E-2 2.84212E-2 2.9336E-2 3.0061E-2 2.93805E-2 2.83408E-2 2.83629E-2 2.94166E-2 2.95811E-2 2.95629E-2 3.11751E-2 2.67387E-2 2.71109E-2 2.71607E-2 2.54961E-2 2.85626E-2 2.85279E-2 2.85347E-2 2.6224E-2 2.54313E-2 2.7201E-2 2.63121E-2 3.85637E-2 3.55507E-2 4.73264E-2 4.82724E-2 4.86417E-2 4.8132E-2 3.93779E-2 3.87232E-2 4.74054E-2
3.8992E-2 3.80156E-2 3.00129E-2 3.75108E-2 3.75191E-2 3.74316E-2 3.03894E-2 3.04616E-2 3.04034E-2 3.12725E-2 3.53471E-2 3.07884E-2 3.54297E-2 3.54231E-2 3.11479E-2 3.0743E-2 3.13841E-2 3.13488E-2 3.10508E-2 3.10566E-2 3.11613E-2 3.0192E-2 3.01798E-2 2.96894E-2 2.9848E-2 3.05803E-2 3.05973E-2 3.10665E-2 2.96078E-2 2.94266E-2 2.94141E-2 2.83102E-2 2.89881E-2 2.9316E-2 2.91082E-2 2.81969E-2 2.85109E-2 2.85314E-2 2.93893E-2 2.83393E-2 2.95285E-2 2.24482E-2 2.61865E-2 2.73026E-2 2.73022E-2 2.86195E-2 2.85297E-2 2.85244E-2 2.74158E-2 2.57802E-2 2.53647E-2 3.84332E-2 2.67435E-2 2.63507E-2 4.76038E-2 4.7693E-2 4.8402E-2 4.8033E-2 3.84692E-2 3.87541E-2 3.91046E-2
1.97937E-2 3.89475E-2 3.77688E-2 3.76842E-2 3.77158E-2 3.76684E-2 3.77249E-2 3.15879E-2 3.1583E-2 3.15921E-2 3.54326E-2 3.0791E-2 3.54254E-2 3.11502E-2 3.11331E-2 3.07575E-2 3.13718E-2 3.10291E-2 3.1339E-2 3.10362E-2 3.02035E-2 3.01863E-2 2.96986E-2 2.88016E-2 2.98385E-2 3.05655E-2 3.05971E-2 3.1335E-2 3.10061E-2 2.83936E-2 2.87305E-2 2.86925E-2 3.01811E-2 2.8233E-2 2.91088E-2 2.68663E-2 2.6947E-2 2.85759E-2 2.92584E-2 2.86168E-2 2.90245E-2 2.45648E-2 2.26201E-2 2.67931E-2 2.64943E-2 2.85628E-2 3.57189E-2 3.65719E-2 2.84873E-2 2.57005E-2 2.56548E-2 2.67884E-2 2.64422E-2 3.55644E-2 4.82495E-2 4.85409E-2 4.8529E-2 4.71164E-2 3.87341E-2 3.88672E-2 3.91599E-2
3.92233E-2 3.83333E-2 3.8741E-2 3.86607E-2 3.89029E-2 3.84519E-2 3.8061E-2 3.16052E-2 3.16112E-2 3.1621E-2 3.14734E-2 3.14466E-2 3.17549E-2 3.1749E-2 3.17556E-2 3.07332E-2 3.13524E-2 3.10472E-2 3.0278E-2 3.10251E-2 3.0206E-2 3.01848E-2 3.0185E-2 2.9852E-2 2.98281E-2 3.01127E-2 3.0588E-2 3.05119E-2 3.16495E-2 2.84882E-2 2.83236E-2 2.86896E-2 2.9297E-2 2.81906E-2 2.95457E-2 2.73177E-2 2.65526E-2 2.86018E-2 2.88818E-2 2.7183E-2 2.86263E-2 2.7829E-2 2.32321E-2 2.73889E-2 2.69267E-2 4.67571E-2 3.59925E-2 3.6708E-2 2.84951E-2 2.7428E-2 2.60468E-2 2.67414E-2 2.71072E-2 2.65576E-2 4.7381E-2 4.76757E-2 4.82246E-2 3.97521E-2 3.88952E-2 3.89116E-2 3.83135E-2
3.86129E-2 3.89527E-2 3.82332E-2 3.83065E-2 3.82245E-2 3.81378E-2 3.82006E-2 3.08269E-2 3.16067E-2 3.13009E-2 3.08211E-2 3.14453E-2 3.14351E-2 3.14184E-2 3.17157E-2 3.13547E-2 3.16695E-2 3.13456E-2 3.1336E-2 3.0942E-2 3.01981E-2 2.97956E-2 3.06693E-2 3.06519E-2 2.98213E-2 2.98003E-2 3.0967E-2 3.04882E-2 3.01861E-2 2.39201E-2 2.83068E-2 2.89617E-2 2.86739E-2 2.85065E-2 2.95128E-2 2.86028E-2 2.71969E-2 3.00447E-2 2.8874E-2 2.66376E-2 2.84509E-2 2.77552E-2 2.68903E-2 2.6837E-2 2.71768E-2 1.86243E-2 3.63727E-2 3.64701E-2 2.84838E-2 2.67109E-2 2.60539E-2 2.77357E-2 3.89649E-2 2.72301E-2 4.71217E-2 4.77482E-2 4.01016E-2 3.97587E-2 3.90183E-2 3.86302E-2 3.93689E-2
4.0066E-2 3.92338E-2 3.81909E-2 3.82532E-2 3.82782E-2 3.82674E-2 3.10998E-2 3.146E-2 3.21357E-2 3.16093E-2 3.53136E-2 3.08042E-2 3.07808E-2 3.14184E-2 3.14272E-2 3.16696E-2 3.10912E-2 3.13226E-2 3.14606E-2 2.99523E-2 3.0922E-2 3.02854E-2 3.06556E-2 3.01888E-2 2.89168E-2 3.03388E-2 3.01468E-2 3.05928E-2 2.94363E-2 2.96711E-2 2.82912E-2 2.89472E-2 2.90956E-2 2.75017E-2 2.92609E-2 2.86092E-2 2.65667E-2 2.8438E-2 2.81222E-2 2.66471E-2 2.81177E-2 2.7543E-2 2.65274E-2 2.60489E-2 2.66572E-2 1.90066E-2 3.68601E-2 3.52427E-2 3.52733E-2 2.74145E-2 2.67503E-2 2.61569E-2 2.63548E-2 2.73864E-2 4.69471E-2 4.68996E-2 4.01137E-2 3.97907E-2 3.70946E-2 3.85012E-2 3.9322E-2
3.98417E-2 3.83109E-2 3.87726E-2 3.11209E-2 3.89222E-2 3.1704E-2 3.12224E-2 3.10301E-2 3.18174E-2 3.15734E-2 3.53383E-2 3.5321E-2 3.08137E-2 2.99829E-2 3.14235E-2 3.13587E-2 3.10823E-2 3.16504E-2 3.12731E-2 3.01958E-2 2.94456E-2 3.02804E-2 3.09474E-2 3.01619E-2 2.9331E-2 3.03205E-2 3.01498E-2 3.05653E-2 2.83622E-2 2.77496E-2 2.89502E-2 2.92734E-2 2.908E-2 2.61658E-2 2.90484E-2 2.85114E-2 2.71532E-2 2.84176E-2 2.84924E-2 2.84535E-2 2.85328E-2 3.00295E-2 3.06024E-2 2.7012E-2 2.66783E-2 2.61504E-2 3.34771E-2 3.56247E-2 3.67837E-2 2.84647E-2 2.77612E-2 2.60373E-2 3.84836E-2 2.71432E-2 4.7084E-2 4.7684E-2 3.99271E-2 3.9813E-2 3.9963E-2 3.91812E-2 4.02126E-2
3.87633E-2 3.15034E-2 3.09953E-2 3.12239E-2 3.1095E-2 3.16849E-2 3.12081E-2 3.11745E-2 3.11463E-2 3.15831E-2 3.54445E-2 3.54236E-2 3.12477E-2 3.08003E-2 3.07229E-2 3.13604E-2 3.08345E-2 3.08015E-2 3.13124E-2 3.10369E-2 3.05967E-2 3.05124E-2 3.07237E-2 3.07186E-2 3.07951E-2 3.08983E-2 2.85459E-2 3.09379E-2 2.8142E-2 2.72838E-2 2.86164E-2 2.92633E-2 2.90624E-2 2.71026E-2 2.90347E-2 2.84808E-2 2.64253E-2 3.11297E-2 2.94855E-2 2.68742E-2 2.58698E-2 2.81726E-2 3.06772E-2 2.82807E-2 2.66222E-2 2.65839E-2 3.47246E-2 3.49451E-2 3.6941E-2 3.63468E-2 2.85095E-2 2.62449E-2 2.82572E-2 2.69649E-2 3.86582E-2 3.8502E-2 3.90798E-2 4.00377E-2 3.99188E-2 3.91133E-2 3.80574E-2
3.87613E-2 3.18514E-2 3.09895E-2 3.15226E-2 3.09769E-2 3.12133E-2 3.11811E-2 3.11607E-2 3.11578E-2 3.17319E-2 3.20206E-2 3.11437E-2 3.15649E-2 3.15643E-2 3.031E-2 3.06974E-2 3.10929E-2 3.10527E-2 3.10187E-2 3.10297E-2 3.09936E-2 3.05736E-2 3.048E-2 3.10267E-2 3.10245E-2 3.09091E-2 2.91584E-2 3.1211E-2 2.81296E-2 2.80653E-2 2.89215E-2 2.96219E-2 2.85793E-2 2.70797E-2 2.88315E-2 2.92419E-2 2.71731E-2 3.11063E-2 2.90435E-2 2.77639E-2 2.68773E-2 2.84888E-2 3.68572E-2 3.63964E-2 3.0209E-2 2.66557E-2 2.64571E-2 2.64326E-2 3.64985E-2 3.64568E-2 2.89953E-2 2.62318E-2 2.73556E-2 3.89757E-2 3.84848E-2 3.65153E-2 4.02212E-2 4.00255E-2 3.79104E-2 3.49771E-2 3.69898E-2
3.89992E-2 3.16722E-2 3.09915E-2 3.16247E-2 3.12233E-2 3.11932E-2 3.11567E-2 3.11486E-2 3.11382E-2 3.17187E-2 3.17104E-2 3.21009E-2 3.15485E-2 3.12128E-2 3.06762E-2 3.0673E-2 3.03319E-2 3.10567E-2 3.10215E-2 3.07787E-2 3.07276E-2 3.09907E-2 3.02451E-2 3.09774E-2 3.10117E-2 3.0663E-2 2.9785E-2 3.06332E-2 3.00273E-2 2.80447E-2 2.89026E-2 2.84658E-2 2.90915E-2 2.80424E-2 2.9941E-2 2.92562E-2 2.84178E-2 3.12019E-2 3.18594E-2 2.86475E-2 2.84222E-2 2.69519E-2 2.84229E-2 3.698E-2 3.75404E-2 3.02317E-2 2.74635E-2 2.71027E-2 3.65038E-2 3.55354E-2 2.90434E-2 2.66144E-2 2.65759E-2 2.7086E-2 3.68798E-2 3.65569E-2 3.72442E-2 4.13113E-2 3.89944E-2 3.57261E-2 3.65877E-2
3.89881E-2 3.16945E-2 3.15542E-2 3.17196E-2 3.1214E-2 3.11751E-2 3.1141E-2 3.11625E-2 3.06838E-2 3.20089E-2 3.11491E-2 3.13864E-2 3.2347E-2 3.13442E-2 3.10787E-2 3.06716E-2 3.03233E-2 3.0663E-2 3.05015E-2 3.05186E-2 3.09879E-2 3.12367E-2 3.07022E-2 3.09619E-2 3.06524E-2 3.06503E-2 3.03182E-2 3.03799E-2 3.03922E-2 2.9179E-2 2.83634E-2 2.80213E-2 2.86128E-2 2.88571E-2 2.99808E-2 3.10275E-2 2.87118E-2 3.00425E-2 3.70706E-2 3.17163E-2 2.74683E-2 2.84997E-2 2.85319E-2 2.8456E-2 3.69648E-2 3.08007E-2 3.01961E-2 2.75159E-2 3.47862E-2 3.0221E-2 2.8976E-2 2.70622E-2 2.61893E-2 3.90515E-2 3.58324E-2 3.66156E-2 3.71114E-2 3.69854E-2 3.78575E-2 3.5599E-2 3.482E-2
3.91487E-2 3.1739E-2 3.14658E-2 3.17091E-2 3.09373E-2 3.13152E-2 3.10993E-2 3.12263E-2 3.11365E-2 3.17411E-2 3.10478E-2 3.11352E-2 3.16898E-2 3.16596E-2 3.10571E-2 3.10584E-2 3.06047E-2 3.0215E-2 2.99533E-2 3.05116E-2 3.0714E-2 3.09427E-2 3.02216E-2 3.09447E-2 3.06769E-2 3.06673E-2 3.03857E-2 3.06442E-2 2.97409E-2 3.03657E-2 2.83452E-2 2.90709E-2 2.90683E-2 2.83516E-2 3.10577E-2 3.10275E-2 2.92239E-2 3.10342E-2 3.67941E-2 3.18541E-2 3.11917E-2 2.71322E-2 2.84324E-2 2.85026E-2 2.85188E-2 3.71195E-2 3.08001E-2 2.98524E-2 3.76456E-2 3.12624E-2 2.89449E-2 2.8888E-2 2.67179E-2 3.90833E-2 3.59433E-2 4.00242E-2 4.18765E-2 4.11408E-2 3.90642E-2 3.61388E-2 2.65945E-2
3.15277E-2 3.1476E-2 3.14496E-2 3.11797E-2 3.09228E-2 3.09058E-2 3.1047E-2 3.12063E-2 3.20276E-2 3.14034E-2 3.17139E-2 3.10228E-2 3.1107E-2 3.1978E-2 3.16568E-2 3.16373E-2 3.10234E-2 3.08939E-2 3.04345E-2 3.04972E-2 3.09468E-2 3.06925E-2 3.04305E-2 3.03977E-2 3.07944E-2 3.06343E-2 3.09246E-2 3.11643E-2 3.02705E-2 3.00256E-2 2.83311E-2 2.90558E-2 2.88131E-2 2.8201E-2 3.10271E-2 3.10653E-2 3.1068E-2 3.17426E-2 3.73022E-2 3.71598E-2 3.18701E-2 2.8197E-2 2.84586E-2 3.00364E-2 3.00503E-2 2.849E-2 2.85399E-2 4.92666E-2 3.81763E-2 3.74431E-2 3.02896E-2 2.87488E-2 2.8764E-2 2.67583E-2 3.51269E-2 4.85163E-2 4.12923E-2 4.14823E-2 4.15852E-2 4.12763E-2 4.16892E-2
3.96158E-2 3.17042E-2 3.09332E-2 3.1673E-2 3.11356E-2 3.11328E-2 3.12063E-2 3.14152E-2 3.11183E-2 3.11139E-2 3.13434E-2 3.13735E-2 3.06927E-2 3.16754E-2 3.16417E-2 3.0911E-2 3.08987E-2 3.05624E-2 3.04306E-2 3.02918E-2 3.0946E-2 3.05995E-2 3.09036E-2 3.0196E-2 2.98346E-2 3.10021E-2 3.07741E-2 3.11467E-2 3.02556E-2 3.02467E-2 3.00018E-2 2.93031E-2 2.84283E-2 2.77335E-2 2.99837E-2 3.10435E-2 3.10532E-2 3.6664E-2 3.24423E-2 3.16365E-2 3.1045E-2 2.85254E-2 2.84923E-2 2.84041E-2 2.84783E-2 2.86306E-2 2.73907E-2 3.49722E-2 3.84542E-2 3.16981E-2 3.11349E-2 2.72748E-2 2.63072E-2 3.98132E-2 3.63013E-2 3.99591E-2 3.92241E-2 3.80125E-2 3.81042E-2 3.79073E-2 4.07308E-2
3.8839E-2 3.15406E-2 3.09349E-2 3.08954E-2 3.11068E-2 3.14054E-2 3.14101E-2 3.11454E-2 3.08605E-2 3.11967E-2 3.10741E-2 3.13258E-2 3.07917E-2 3.10535E-2 3.19548E-2 3.16035E-2 3.08771E-2 3.08585E-2 3.05095E-2 3.06807E-2 3.07117E-2 3.09111E-2 3.09051E-2 3.02047E-2 3.00134E-2 3.09797E-2 3.07629E-2 3.11353E-2 3.0238E-2 2.99923E-2 3.0084E-2 2.96777E-2 2.939E-2 2.87857E-2 2.86067E-2 3.09985E-2 3.15421E-2 3.164E-2 3.16053E-2 3.15251E-2 3.11866E-2 3.1822E-2 3.10291E-2 2.99412E-2 2.99882E-2 2.85251E-2 2.85206E-2 2.85136E-2 4.94666E-2 3.25676E-2 3.17124E-2 2.92118E-2 2.74857E-2 3.97582E-2 4.01137E-2 4.0028E-2 3.99991E-2 3.12311E-2 2.71974E-2 2.76618E-2 3.99353E-2
3.15942E-2 3.14083E-2 3.16562E-2 3.11092E-2 3.13797E-2 3.11311E-2 3.13872E-2 3.08814E-2 3.09758E-2 3.11742E-2 3.09429E-2 3.10529E-2 3.13147E-2 3.10544E-2 3.07764E-2 3.16224E-2 3.09644E-2 3.08325E-2 3.08694E-2 3.11787E-2 3.07105E-2 3.05998E-2 3.07832E-2 3.05683E-2 2.9807E-2 2.9803E-2 3.07451E-2 3.11462E-2 3.03261E-2 3.0076E-2 2.98675E-2 3.02174E-2 2.93809E-2 2.91504E-2 2.91427E-2 3.09592E-2 3.15803E-2 3.14963E-2 3.14803E-2 3.09975E-2 3.10222E-2 3.70173E-2 3.16206E-2 3.10107E-2 3.1003E-2 2.68759E-2 2.84833E-2 2.84946E-2 3.70951E-2 3.69343E-2 3.17076E-2 2.8448E-2 2.71779E-2 2.59735E-2 3.80013E-2 3.14117E-2 3.14121E-2 3.132E-2 3.02717E-2 2.88604E-2 2.73138E-2
3.15842E-2 3.10029E-2 3.12142E-2 3.12172E-2 3.13759E-2 3.13683E-2 3.13816E-2 3.17313E-2 3.08391E-2 3.1054E-2 3.08197E-2 3.09144E-2 3.13607E-2 3.10296E-2 3.02971E-2 3.12691E-2 3.12534E-2 3.12453E-2 3.1208E-2 3.08895E-2 3.03736E-2 3.0583E-2 2.98384E-2 2.97989E-2 2.98041E-2 3.09573E-2 3.09769E-2 3.11513E-2 3.00726E-2 3.00679E-2 2.97659E-2 3.00724E-2 2.99125E-2 2.94577E-2 2.92903E-2 3.10052E-2 3.23291E-2 3.23115E-2 3.15599E-2 3.09914E-2 3.10293E-2 3.68244E-2 3.16256E-2 3.0985E-2 3.10175E-2 2.82111E-2 2.99422E-2 2.9946E-2 3.70387E-2 3.17887E-2 3.12243E-2 2.82039E-2 2.81645E-2 2.79701E-2 4.07285E-2 4.83647E-2 3.19638E-2 3.12995E-2 3.20372E-2 3.02563E-2 2.87373E-2
3.10178E-2 3.09961E-2 3.12006E-2 3.13701E-2 3.11028E-2 3.12015E-2 3.14499E-2 3.16463E-2 3.08396E-2 3.09349E-2 3.07973E-2 3.0683E-2 3.1099E-2 3.12823E-2 3.1E-2 3.05069E-2 3.1236E-2 3.09534E-2 3.09404E-2 3.0864E-2 3.08596E-2 2.99954E-2 2.9821E-2 2.99821E-2 2.97846E-2 2.99911E-2 3.07128E-2 3.08349E-2 2.9611E-2 2.99239E-2 2.97624E-2 3.00854E-2 2.9906E-2 2.94517E-2 2.89321E-2 3.09567E-2 3.16214E-2 3.15713E-2 3.15418E-2 3.09848E-2 3.09986E-2 3.11244E-2 3.17921E-2 3.18722E-2 3.11711E-2 3.10927E-2 3.10926E-2 3.06978E-2 3.75914E-2 3.26408E-2 2.91322E-2 2.89509E-2 2.81302E-2 3.05417E-2 4.17429E-2 3.22178E-2 3.15832E-2 3.81278E-2 3.16E-2 3.78472E-2 3.78932E-2
