Artocarpus heterophyllus SDM files/MIS19/results (with bias file)/Arthet_avg.asc
ncols         625
nrows         721
xllcorner     69.99986311115
yllcorner     5.99986187915
cellsize      0.041666667
NODATA_value  -9999
[rows 297 to 323 of 721, columns 549 to 609 of 625]
7.2983E-1 7.55663E-1 7.62525E-1 7.18714E-1 4.83897E-1 7.21713E-1 7.31515E-1 7.21129E-1 7.12873E-1 6.93391E-1 7.08711E-1 6.99184E-1 7.67797E-1 6.60818E-1 7.11497E-1 7.0392E-1 6.61595E-1 6.62935E-1 7.23854E-1 7.32048E-1 6.75588E-1 6.71459E-1 2.57552E-1 6.39178E-1 6.63419E-1 6.28066E-1 6.46761E-1 6.4878E-1 6.2535E-1 6.22291E-1 6.5242E-1 6.20161E-1 6.66518E-1 6.71394E-1 6.18444E-1 5.90424E-1 6.67942E-1 5.88725E-1 6.05513E-1 6.09565E-1 3.81578E-1 5.7958E-1 5.65869E-1 5.96769E-1 6.44563E-1 6.37514E-1 6.42533E-1 6.4141E-1 6.38592E-1 6.25551E-1 6.3263E-1 6.16493E-1 6.17659E-1 6.34922E-1 6.31728E-1 5.83537E-1 6.38025E-1 6.51048E-1 6.47341E-1 6.35122E-1 6.41828E-1
7.22514E-1 5.14051E-1 5.09974E-1 7.1612E-1 7.12778E-1 7.22433E-1 7.35789E-1 7.30506E-1 7.21713E-1 7.06736E-1 4.67705E-1 7.20056E-1 7.10169E-1 6.61916E-1 7.08159E-1 7.0294E-1 6.7759E-1 7.12171E-1 7.37772E-1 6.74309E-1 6.72067E-1 6.6598E-1 2.56686E-1 6.68667E-1 6.36058E-1 6.32411E-1 6.2973E-1 6.172E-1 6.10813E-1 5.93844E-1 5.87106E-1 6.2978E-1 4.35788E-1 6.25865E-1 6.04839E-1 6.71695E-1 6.23259E-1 5.77514E-1 5.8365E-1 6.07587E-1 5.96798E-1 5.92297E-1 6.18182E-1 6.27815E-1 6.39103E-1 6.43941E-1 6.26496E-1 6.33209E-1 6.4175E-1 6.43192E-1 6.20594E-1 6.04304E-1 6.12526E-1 6.56343E-1 6.62511E-1 6.66564E-1 6.6962E-1 6.75221E-1 6.6413E-1 6.58648E-1 6.68851E-1
7.28871E-1 5.03297E-1 7.51637E-1 7.31487E-1 7.3113E-1 7.24365E-1 4.97056E-1 7.21009E-1 7.18324E-1 7.1417E-1 7.21535E-1 7.069E-1 7.66399E-1 6.95053E-1 6.98551E-1 7.07876E-1 6.64613E-1 6.85369E-1 7.3696E-1 6.65052E-1 6.46876E-1 2.60113E-1 5.31559E-1 7.07161E-1 7.02329E-1 7.05797E-1 6.86417E-1 6.4619E-1 5.92797E-1 5.94004E-1 5.98548E-1 6.35348E-1 6.52916E-1 6.05395E-1 6.27928E-1 6.1877E-1 6.00794E-1 5.71817E-1 5.96266E-1 6.14839E-1 6.20288E-1 6.27642E-1 6.15564E-1 6.38863E-1 6.38177E-1 6.35542E-1 6.408E-1 6.20993E-1 6.32482E-1 6.21908E-1 5.99704E-1 5.96568E-1 5.75567E-1 5.95997E-1 6.06322E-1 6.46608E-1 6.61044E-1 6.7096E-1 6.631E-1 6.56819E-1 6.5633E-1
5.02741E-1 5.142E-1 5.0244E-1 7.15245E-1 7.49916E-1 7.04455E-1 4.9685E-1 4.76316E-1 4.91248E-1 7.15108E-1 7.29849E-1 7.371E-1 7.28894E-1 7.10916E-1 7.06458E-1 7.24293E-1 6.80528E-1 6.89911E-1 7.26928E-1 6.63967E-1 6.67239E-1 2.54679E-1 6.43447E-1 7.53074E-1 6.75448E-1 6.86123E-1 7.03571E-1 6.48598E-1 6.45715E-1 5.84712E-1 6.16209E-1 6.66222E-1 6.46402E-1 5.8829E-1 5.89679E-1 5.89289E-1 5.784E-1 5.88246E-1 6.23009E-1 6.33252E-1 6.27152E-1 6.24509E-1 6.01484E-1 6.15933E-1 6.04325E-1 6.08931E-1 6.27226E-1 6.27653E-1 6.22671E-1 6.04889E-1 6.11776E-1 6.50442E-1 6.37166E-1 5.80896E-1 5.98614E-1 5.93417E-1 6.02525E-1 6.49526E-1 6.60227E-1 6.5804E-1 6.61824E-1
5.04256E-1 5.20286E-1 5.12307E-1 5.08009E-1 7.25929E-1 7.04267E-1 5.07399E-1 7.19365E-1 7.50251E-1 7.14545E-1 7.30981E-1 7.1468E-1 7.3016E-1 7.13914E-1 7.27621E-1 7.37836E-1 7.42456E-1 6.89113E-1 6.63194E-1 6.75428E-1 3.46276E-1 1.40468E-1 5.30399E-1 6.33708E-1 6.32019E-1 6.39204E-1 6.34824E-1 7.14459E-1 6.45691E-1 5.89065E-1 6.34453E-1 4.2978E-1 6.34885E-1 6.47622E-1 5.85947E-1 5.76945E-1 5.85574E-1 6.18667E-1 6.13777E-1 6.20649E-1 6.26915E-1 6.32586E-1 6.20812E-1 6.13664E-1 5.99226E-1 6.20759E-1 6.04474E-1 6.3427E-1 6.28522E-1 5.92066E-1 5.89495E-1 6.12309E-1 6.31652E-1 6.32382E-1 6.19895E-1 6.28835E-1 6.1906E-1 5.94116E-1 6.55583E-1 6.5681E-1 6.5895E-1
5.10031E-1 5.14948E-1 5.17919E-1 5.10337E-1 5.04266E-1 7.29006E-1 7.3444E-1 7.30715E-1 4.93867E-1 7.1167E-1 5.00275E-1 7.17096E-1 7.11649E-1 7.17469E-1 7.42733E-1 8.00809E-1 7.43308E-1 7.2433E-1 7.32015E-1 7.38779E-1 6.96831E-1 6.80313E-1 6.81723E-1 7.05947E-1 6.51781E-1 6.54421E-1 6.13945E-1 6.58088E-1 6.46818E-1 6.01435E-1 6.18248E-1 6.09605E-1 6.59717E-1 6.43468E-1 6.65883E-1 5.68198E-1 5.85897E-1 5.88863E-1 6.1358E-1 6.16027E-1 6.25327E-1 6.26846E-1 6.41218E-1 6.49745E-1 6.76122E-1 6.3335E-1 6.79532E-1 6.15478E-1 6.26481E-1 6.81763E-1 6.73905E-1 6.43025E-1 6.53265E-1 6.59259E-1 6.40412E-1 6.25134E-1 6.37099E-1 6.49243E-1 6.45055E-1 6.59065E-1 6.52966E-1
5.10469E-1 5.0817E-1 5.18691E-1 4.90537E-1 4.8077E-1 7.43477E-1 7.37813E-1 7.20618E-1 7.13448E-1 7.38264E-1 7.39046E-1 7.24216E-1 6.73359E-1 7.26811E-1 7.16724E-1 8.02846E-1 7.21079E-1 7.0573E-1 7.05239E-1 7.45803E-1 7.04522E-1 3.02032E-1 6.41282E-1 7.28442E-1 7.19351E-1 7.06049E-1 6.55797E-1 6.08118E-1 6.4329E-1 6.17019E-1 6.27877E-1 6.31333E-1 6.62794E-1 6.4899E-1 6.05765E-1 5.64616E-1 5.80023E-1 5.94133E-1 6.30249E-1 6.07851E-1 6.3168E-1 6.21566E-1 6.53123E-1 6.97093E-1 6.96872E-1 7.03529E-1 7.00813E-1 6.79803E-1 6.34903E-1 6.34465E-1 6.17766E-1 6.0789E-1 6.40765E-1 6.48728E-1 6.67637E-1 6.50387E-1 6.44439E-1 6.51748E-1 6.50842E-1 6.49461E-1 6.53591E-1
5.19016E-1 5.21378E-1 5.15677E-1 4.97792E-1 5.01264E-1 5.04821E-1 5.0661E-1 7.33177E-1 7.08422E-1 7.42424E-1 7.38746E-1 7.57007E-1 7.58169E-1 7.40009E-1 6.91346E-1 7.17492E-1 7.51139E-1 7.2877E-1 7.0769E-1 6.82641E-1 6.81575E-1 2.62504E-1 7.38084E-1 7.308E-1 6.8917E-1 6.97489E-1 6.68927E-1 6.48173E-1 6.4651E-1 6.17052E-1 6.4655E-1 6.29763E-1 6.44413E-1 6.50588E-1 5.95334E-1 5.78934E-1 5.8751E-1 6.12008E-1 6.09768E-1 6.1745E-1 6.20215E-1 6.54352E-1 6.58875E-1 6.48073E-1 6.42327E-1 6.44408E-1 6.41201E-1 6.80588E-1 6.29935E-1 6.13589E-1 7.6138E-1 7.97757E-1 5.87023E-1 6.47693E-1 6.48857E-1 6.5499E-1 6.55344E-1 6.46302E-1 6.4772E-1 6.52025E-1 6.611E-1
5.26019E-1 5.28425E-1 5.26946E-1 4.88381E-1 5.13515E-1 5.1445E-1 5.04597E-1 7.24128E-1 7.09389E-1 7.34673E-1 7.55856E-1 7.69573E-1 7.16215E-1 7.227E-1 2.96284E-1 7.69315E-1 7.43547E-1 7.30093E-1 6.7188E-1 6.53255E-1 5.30824E-1 2.41273E-1 6.42695E-1 6.97322E-1 7.07982E-1 6.6891E-1 6.75941E-1 6.42432E-1 6.51661E-1 6.13611E-1 6.3399E-1 6.34384E-1 6.70231E-1 6.46164E-1 6.35586E-1 5.77813E-1 5.77183E-1 6.04644E-1 6.13129E-1 6.24109E-1 6.32299E-1 6.57713E-1 6.19093E-1 6.20585E-1 6.24966E-1 6.35565E-1 6.30415E-1 6.13383E-1 6.00396E-1 7.62951E-1 8.01789E-1 6.55106E-1 7.97736E-1 6.31442E-1 6.51828E-1 6.55893E-1 6.66475E-1 6.63516E-1 6.54351E-1 6.4562E-1 6.588E-1
5.41394E-1 5.20709E-1 5.27597E-1 4.91251E-1 5.16542E-1 5.16926E-1 7.41427E-1 6.99678E-1 4.9084E-1 7.56813E-1 4.74969E-1 7.9105E-1 7.00146E-1 7.02381E-1 6.69235E-1 2.40552E-1 7.42119E-1 7.34287E-1 6.78047E-1 6.46514E-1 6.47169E-1 2.56384E-1 7.31383E-1 7.13685E-1 7.0737E-1 6.5115E-1 6.53286E-1 6.46691E-1 6.59493E-1 5.99544E-1 6.44265E-1 6.24558E-1 6.51462E-1 6.45604E-1 6.46256E-1 5.86522E-1 6.36652E-1 6.25685E-1 6.27501E-1 6.32904E-1 6.39731E-1 6.05425E-1 6.00454E-1 6.19341E-1 6.29721E-1 6.28313E-1 7.60109E-1 7.60524E-1 7.65746E-1 8.17978E-1 7.95854E-1 6.37787E-1 6.37962E-1 6.45477E-1 6.39189E-1 6.3831E-1 6.48591E-1 6.46996E-1 6.42834E-1 6.44835E-1 6.5221E-1
5.31425E-1 5.06835E-1 5.24458E-1 7.28631E-1 7.51506E-1 7.57044E-1 5.02421E-1 7.07268E-1 7.30361E-1 7.45449E-1 4.84969E-1 7.26304E-1 6.84795E-1 7.17874E-1 2.9416E-1 5.69427E-1 7.52861E-1 7.43305E-1 7.53897E-1 7.31129E-1 7.04151E-1 5.41516E-1 7.40781E-1 7.2203E-1 7.03566E-1 6.87985E-1 6.54053E-1 6.49307E-1 6.52137E-1 5.95695E-1 6.30177E-1 6.19642E-1 6.22799E-1 6.26348E-1 8.00048E-1 5.93802E-1 6.05288E-1 6.30248E-1 6.10034E-1 6.17238E-1 6.09943E-1 7.45575E-1 6.14709E-1 6.16375E-1 6.21801E-1 6.07422E-1 7.47859E-1 7.55097E-1 6.11067E-1 8.24038E-1 6.44758E-1 7.97262E-1 6.60571E-1 6.55351E-1 6.63425E-1 6.60637E-1 6.53542E-1 6.53575E-1 6.52161E-1 6.32659E-1 6.54962E-1
5.23397E-1 4.96329E-1 5.19332E-1 5.19987E-1 7.50999E-1 5.1649E-1 7.0891E-1 7.15709E-1 5.09478E-1 7.3932E-1 7.39124E-1 7.32186E-1 6.91426E-1 7.16467E-1 3.54149E-1 2.86512E-1 6.638E-1 7.44743E-1 6.7276E-1 6.56107E-1 6.90376E-1 2.92121E-1 7.48171E-1 7.05692E-1 6.88119E-1 6.91004E-1 6.4856E-1 6.52762E-1 6.5936E-1 6.34066E-1 6.47101E-1 6.3086E-1 6.86664E-1 6.8377E-1 6.47142E-1 5.80577E-1 5.92112E-1 6.15963E-1 6.13332E-1 6.13703E-1 5.85957E-1 5.99412E-1 5.89113E-1 5.97144E-1 5.93131E-1 7.56635E-1 7.20768E-1 7.82306E-1 6.64011E-1 6.9342E-1 6.56132E-1 6.61178E-1 6.47252E-1 6.47724E-1 6.60103E-1 6.61462E-1 6.54417E-1 6.5392E-1 6.27578E-1 6.28845E-1 6.25638E-1
5.23886E-1 5.05969E-1 5.24242E-1 5.14575E-1 5.1444E-1 7.32982E-1 4.87972E-1 7.14019E-1 4.96908E-1 5.02981E-1 4.90652E-1 7.23085E-1 6.76001E-1 6.94548E-1 4.5405E-1 2.92031E-1 7.65764E-1 7.57201E-1 7.40908E-1 6.98169E-1 5.47434E-1 2.76236E-1 6.91321E-1 7.09267E-1 7.02602E-1 7.04235E-1 6.51565E-1 6.55957E-1 6.58536E-1 6.42355E-1 6.63215E-1 6.45662E-1 6.73015E-1 6.51736E-1 6.58153E-1 8.04424E-1 5.89627E-1 5.87739E-1 6.18365E-1 6.28171E-1 6.02571E-1 7.53597E-1 7.32641E-1 5.79914E-1 7.37299E-1 7.25387E-1 7.94835E-1 6.55299E-1 6.80904E-1 6.54294E-1 6.55867E-1 6.58619E-1 6.5305E-1 6.45167E-1 6.39489E-1 6.38966E-1 6.36771E-1 6.33576E-1 6.40021E-1 6.32621E-1 6.25151E-1
5.21419E-1 5.00034E-1 5.13198E-1 5.19214E-1 5.07953E-1 4.93063E-1 4.87011E-1 4.91684E-1 7.2405E-1 7.23342E-1 7.32242E-1 6.7701E-1 7.11595E-1 7.32012E-1 6.86254E-1 3.57815E-1 2.62177E-1 7.68268E-1 7.0849E-1 6.43812E-1 5.40913E-1 5.55172E-1 7.93114E-1 7.8855E-1 7.24379E-1 7.08278E-1 6.52854E-1 6.56864E-1 6.51963E-1 6.41882E-1 6.60794E-1 6.79952E-1 6.67447E-1 6.68612E-1 6.59748E-1 8.03656E-1 6.14625E-1 5.8162E-1 6.18648E-1 6.18024E-1 7.52638E-1 7.3241E-1 7.28248E-1 7.30098E-1 7.75503E-1 8.1597E-1 6.81365E-1 6.20114E-1 6.1017E-1 7.90526E-1 8.00722E-1 8.05594E-1 6.432E-1 6.5182E-1 6.52475E-1 6.55544E-1 6.43978E-1 6.30574E-1 6.38812E-1 6.38307E-1 6.29857E-1
5.22234E-1 5.00228E-1 5.12134E-1 5.15836E-1 5.09694E-1 7.3233E-1 7.24749E-1 7.00988E-1 7.39005E-1 5.11033E-1 7.3775E-1 7.41548E-1 7.28234E-1 6.99931E-1 6.92625E-1 6.98113E-1 7.09788E-1 6.92688E-1 7.02792E-1 6.97762E-1 6.70474E-1 5.36767E-1 2.74755E-1 6.38343E-1 7.36502E-1 7.49665E-1 7.09183E-1 6.49783E-1 6.56162E-1 6.74575E-1 6.64731E-1 6.89945E-1 6.84049E-1 6.72328E-1 6.74003E-1 8.12989E-1 8.08673E-1 6.46072E-1 6.16005E-1 6.18897E-1 7.47792E-1 7.53793E-1 7.48163E-1 7.73894E-1 6.11928E-1 6.12622E-1 7.61156E-1 7.35503E-1 7.67824E-1 6.60748E-1 8.04683E-1 8.03082E-1 8.00118E-1 6.40817E-1 6.61484E-1 6.47776E-1 6.27436E-1 6.31903E-1 6.34172E-1 6.34156E-1 6.25158E-1
5.25814E-1 5.04405E-1 5.10659E-1 5.19819E-1 5.26098E-1 5.05164E-1 4.96088E-1 7.51564E-1 6.90155E-1 7.3085E-1 7.15276E-1 7.86907E-1 7.11418E-1 7.18358E-1 7.12394E-1 7.21297E-1 7.52861E-1 7.83521E-1 7.05809E-1 6.87526E-1 6.44402E-1 6.57251E-1 2.86133E-1 7.27353E-1 6.46798E-1 6.45167E-1 6.40682E-1 6.47042E-1 6.5064E-1 6.81594E-1 6.642E-1 6.8073E-1 6.76181E-1 6.6427E-1 6.5097E-1 7.9823E-1 7.99622E-1 6.5136E-1 6.26525E-1 6.03218E-1 7.52344E-1 7.67694E-1 7.52138E-1 7.44554E-1 7.42436E-1 5.89421E-1 7.29691E-1 7.73808E-1 7.87364E-1 8.07704E-1 8.07334E-1 6.46604E-1 6.55537E-1 6.4818E-1 7.97908E-1 6.36334E-1 6.34551E-1 6.35315E-1 6.43189E-1 6.33547E-1 6.32697E-1
5.10147E-1 5.08341E-1 5.31803E-1 5.25402E-1 5.20444E-1 5.12797E-1 4.80062E-1 5.15037E-1 7.44843E-1 7.35623E-1 7.50463E-1 7.69815E-1 7.04162E-1 7.09768E-1 7.03468E-1 5.72719E-1 7.74273E-1 7.42163E-1 7.20094E-1 7.14159E-1 6.64434E-1 6.62312E-1 6.81862E-1 6.66202E-1 6.85952E-1 7.00413E-1 6.59684E-1 6.53343E-1 6.48624E-1 6.72096E-1 6.46599E-1 6.79347E-1 6.77511E-1 6.89099E-1 6.47105E-1 8.09153E-1 8.1298E-1 6.57595E-1 6.20709E-1 7.93906E-1 7.3661E-1 7.25505E-1 7.65784E-1 7.54724E-1 7.76931E-1 7.8138E-1 7.7681E-1 7.88681E-1 8.00652E-1 8.08551E-1 8.04602E-1 7.96816E-1 7.97354E-1 6.45018E-1 6.40187E-1 6.2686E-1 6.27473E-1 6.35671E-1 6.33224E-1 6.31221E-1 6.30393E-1
5.23704E-1 5.21041E-1 5.07679E-1 5.04832E-1 5.31309E-1 5.077E-1 6.76758E-1 5.12743E-1 7.43568E-1 7.34676E-1 4.96746E-1 7.08149E-1 6.94739E-1 7.14902E-1 6.71213E-1 2.72514E-1 7.59522E-1 7.7068E-1 7.44167E-1 7.41215E-1 6.91329E-1 6.68309E-1 6.5239E-1 6.92792E-1 7.18815E-1 7.04581E-1 6.70961E-1 6.44216E-1 6.48039E-1 6.60908E-1 6.51208E-1 6.81558E-1 7.13131E-1 7.13943E-1 8.02179E-1 6.76624E-1 8.10712E-1 6.52046E-1 6.30143E-1 5.98012E-1 7.94253E-1 7.81687E-1 7.89948E-1 8.13508E-1 7.83613E-1 8.0179E-1 8.13967E-1 6.70835E-1 6.65095E-1 6.55276E-1 6.48986E-1 6.39768E-1 7.99111E-1 7.96604E-1 7.97853E-1 6.21822E-1 6.30255E-1 6.24249E-1 6.32193E-1 6.30429E-1 6.29017E-1
5.41937E-1 4.92971E-1 5.33705E-1 7.38729E-1 5.02119E-1 5.19055E-1 7.1886E-1 7.40229E-1 7.6321E-1 7.17758E-1 7.22376E-1 7.28501E-1 6.80295E-1 4.4572E-1 6.56335E-1 5.72369E-1 7.0363E-1 6.79515E-1 7.51768E-1 7.23241E-1 6.92721E-1 7.07587E-1 6.59254E-1 6.72286E-1 6.80423E-1 6.88929E-1 7.09811E-1 6.50233E-1 6.44114E-1 6.45806E-1 6.48326E-1 6.74489E-1 6.92224E-1 7.15308E-1 8.25772E-1 6.77005E-1 8.28152E-1 6.51511E-1 8.03665E-1 7.98231E-1 8.0236E-1 8.06028E-1 8.08203E-1 8.21359E-1 7.63E-1 8.06791E-1 6.52931E-1 6.66674E-1 6.52706E-1 8.01633E-1 7.98392E-1 7.95649E-1 6.52918E-1 6.46485E-1 7.89944E-1 6.2737E-1 6.26615E-1 6.26045E-1 6.28357E-1 6.26438E-1 6.26054E-1
5.07149E-1 5.28852E-1 5.24218E-1 5.35545E-1 7.23168E-1 4.86419E-1 5.05244E-1 7.48697E-1 7.52659E-1 7.44599E-1 7.02674E-1 7.21334E-1 7.75614E-1 4.65124E-1 3.54927E-1 2.87293E-1 7.4838E-1 6.60076E-1 7.11922E-1 6.99197E-1 7.39248E-1 7.31459E-1 6.97556E-1 6.50465E-1 6.93899E-1 7.00618E-1 6.65447E-1 6.42103E-1 6.48458E-1 6.62807E-1 6.49071E-1 6.84542E-1 6.96922E-1 7.24906E-1 7.06244E-1 6.51529E-1 6.89931E-1 8.23617E-1 8.14671E-1 8.09466E-1 6.67472E-1 6.95007E-1 6.8785E-1 7.98979E-1 7.88517E-1 8.12124E-1 6.61254E-1 6.52971E-1 7.9328E-1 7.93316E-1 7.90747E-1 7.8734E-1 6.43933E-1 7.99698E-1 7.85817E-1 6.22986E-1 6.23844E-1 6.23221E-1 6.21591E-1 6.24246E-1 6.23671E-1
4.98768E-1 5.40673E-1 5.40124E-1 5.3E-1 7.35385E-1 6.85775E-1 5.04487E-1 5.20621E-1 7.30481E-1 7.54239E-1 7.27796E-1 7.65549E-1 7.62454E-1 7.16122E-1 6.69714E-1 2.51501E-1 7.58589E-1 7.11563E-1 7.10127E-1 6.82985E-1 7.21392E-1 7.12656E-1 7.01832E-1 7.09876E-1 7.12322E-1 6.89249E-1 6.63827E-1 6.52708E-1 6.61015E-1 6.6088E-1 6.39667E-1 6.69389E-1 6.81275E-1 6.55951E-1 8.46281E-1 8.12913E-1 6.84054E-1 6.67531E-1 8.09637E-1 8.22042E-1 6.85837E-1 7.10392E-1 6.92232E-1 7.88422E-1 8.17873E-1 6.71925E-1 6.57305E-1 8.11019E-1 8.02206E-1 7.89646E-1 7.77742E-1 7.80692E-1 6.47969E-1 7.97489E-1 7.95631E-1 6.29146E-1 6.27902E-1 6.20251E-1 6.27113E-1 6.25368E-1 6.21132E-1
5.34928E-1 5.1432E-1 5.36051E-1 5.43922E-1 7.64049E-1 7.07995E-1 4.96743E-1 5.05157E-1 4.6666E-1 7.11303E-1 4.84475E-1 7.2419E-1 7.24533E-1 6.94154E-1 3.55388E-1 2.91587E-1 5.69551E-1 7.66393E-1 7.62616E-1 7.63708E-1 7.66743E-1 7.24898E-1 7.18402E-1 7.76453E-1 7.3133E-1 7.50493E-1 6.78679E-1 6.64665E-1 6.56054E-1 6.56094E-1 6.73015E-1 7.12786E-1 6.77427E-1 7.08224E-1 7.20048E-1 6.74371E-1 6.64121E-1 6.92378E-1 8.25052E-1 6.7062E-1 6.93316E-1 7.00375E-1 6.76706E-1 7.97303E-1 8.09906E-1 6.52455E-1 8.02851E-1 7.92654E-1 7.85771E-1 7.8221E-1 7.79692E-1 7.83715E-1 7.87422E-1 8.04597E-1 6.40858E-1 6.35712E-1 6.23442E-1 6.25077E-1 6.24673E-1 6.22956E-1 6.16998E-1
7.4095E-1 5.17624E-1 5.35018E-1 7.68346E-1 5.32326E-1 4.72871E-1 5.07469E-1 5.0215E-1 7.31232E-1 7.05744E-1 4.52768E-1 4.84408E-1 6.88079E-1 6.90638E-1 3.4743E-1 3.02227E-1 5.68693E-1 5.70501E-1 7.62425E-1 7.20714E-1 7.37245E-1 7.17917E-1 7.30876E-1 6.90148E-1 7.56085E-1 7.57092E-1 6.84246E-1 6.60654E-1 6.61171E-1 6.584E-1 7.03652E-1 6.98357E-1 7.40217E-1 7.27577E-1 6.85301E-1 6.95799E-1 6.66662E-1 6.89262E-1 6.7937E-1 7.01486E-1 7.0417E-1 7.00593E-1 8.18819E-1 8.07093E-1 7.95255E-1 7.99305E-1 7.97997E-1 7.84102E-1 7.86559E-1 7.92714E-1 7.86523E-1 7.8932E-1 7.96994E-1 8.05753E-1 6.38534E-1 6.33436E-1 6.33065E-1 7.85742E-1 7.85475E-1 6.18848E-1 6.1645E-1
5.39832E-1 5.0223E-1 5.34722E-1 5.38858E-1 5.30373E-1 7.02805E-1 5.03364E-1 4.95284E-1 3.88235E-1 6.86765E-1 7.00058E-1 7.15931E-1 4.74803E-1 6.89793E-1 6.5411E-1 6.69993E-1 6.50555E-1 6.96306E-1 7.25314E-1 7.51914E-1 7.72999E-1 7.59877E-1 7.58363E-1 7.27811E-1 7.6886E-1 7.31818E-1 7.02899E-1 6.58022E-1 6.65874E-1 6.61875E-1 7.02479E-1 6.91293E-1 7.27381E-1 7.24111E-1 8.16194E-1 7.19122E-1 6.92573E-1 6.82841E-1 6.66105E-1 6.92566E-1 6.77064E-1 7.10151E-1 8.11243E-1 8.25361E-1 8.1319E-1 7.8823E-1 7.97667E-1 7.94328E-1 7.98559E-1 7.91273E-1 8.02908E-1 6.45758E-1 7.99867E-1 7.99959E-1 6.35614E-1 6.32858E-1 6.29546E-1 7.81716E-1 7.79882E-1 6.21178E-1 6.19151E-1
5.51191E-1 5.02609E-1 5.32095E-1 5.25533E-1 5.26429E-1 6.99762E-1 5.04517E-1 5.10814E-1 5.03706E-1 5.00146E-1 7.09831E-1 7.00702E-1 4.69356E-1 4.51499E-1 5.57661E-1 6.85366E-1 6.95039E-1 6.83485E-1 6.56823E-1 6.59192E-1 6.85876E-1 6.86618E-1 7.23669E-1 7.31906E-1 7.4363E-1 6.98638E-1 6.69312E-1 6.59743E-1 6.63413E-1 6.5956E-1 6.79937E-1 6.77295E-1 7.48248E-1 7.18227E-1 6.83316E-1 7.47211E-1 7.33911E-1 6.78086E-1 6.82677E-1 8.04105E-1 6.9999E-1 7.32208E-1 8.27975E-1 8.24349E-1 7.96971E-1 7.96897E-1 8.08866E-1 7.97418E-1 7.99578E-1 8.0463E-1 7.98299E-1 7.91641E-1 7.83495E-1 7.89879E-1 6.266E-1 6.30453E-1 7.84907E-1 7.7972E-1 7.78109E-1 6.14485E-1 6.10523E-1
5.66873E-1 5.20336E-1 5.3602E-1 5.47893E-1 5.33009E-1 5.14259E-1 4.63186E-1 5.20134E-1 7.43149E-1 5.06352E-1 7.15755E-1 7.40943E-1 7.2003E-1 7.08655E-1 5.64487E-1 6.80514E-1 6.68599E-1 5.42565E-1 7.55426E-1 6.71106E-1 7.06811E-1 6.95414E-1 7.30303E-1 7.45914E-1 7.19257E-1 6.93898E-1 6.78334E-1 6.63298E-1 6.61649E-1 6.57985E-1 6.89425E-1 6.73833E-1 7.35217E-1 6.96118E-1 6.86427E-1 7.16972E-1 7.26384E-1 6.91839E-1 6.63504E-1 6.58124E-1 7.09194E-1 7.25116E-1 8.20723E-1 8.17927E-1 8.16408E-1 7.73556E-1 7.94457E-1 7.92624E-1 8.03065E-1 8.08244E-1 8.02361E-1 7.87651E-1 7.82848E-1 7.82719E-1 7.86257E-1 7.84374E-1 7.73749E-1 7.62533E-1 6.03667E-1 6.09367E-1 6.10043E-1
5.48054E-1 5.17812E-1 5.24353E-1 5.48393E-1 7.72926E-1 4.92765E-1 7.04684E-1 5.23792E-1 7.14044E-1 7.3157E-1 7.53416E-1 7.30417E-1 7.07271E-1 6.79135E-1 2.81339E-1 7.32725E-1 6.70231E-1 2.77902E-1 7.68839E-1 7.26553E-1 7.85091E-1 7.53472E-1 7.02176E-1 7.38726E-1 7.14716E-1 7.13944E-1 6.81667E-1 6.68045E-1 6.66582E-1 6.62947E-1 6.94978E-1 7.03049E-1 6.96609E-1 7.2756E-1 6.91724E-1 7.37925E-1 7.44777E-1 7.03118E-1 7.99565E-1 6.67308E-1 7.20642E-1 7.28007E-1 8.2678E-1 8.2487E-1 8.28666E-1 8.06604E-1 7.68061E-1 8.0852E-1 8.03567E-1 8.04959E-1 7.90108E-1 7.87157E-1 7.56889E-1 7.84449E-1 7.82506E-1 7.83337E-1 5.89183E-1 5.43363E-1 5.68919E-1 5.71658E-1 5.82196E-1
