Artocarpus heterophyllus SDM files/MIS19/results (with bias file)/Arthet_7.asc
ncols         625
nrows         721
xllcorner     69.99986311115
yllcorner     5.99986187915
cellsize      0.041666667
NODATA_value  -9999
[rows 324 to 350 of 721, columns 183 to 243 of 625]
4.49426E-1 4.62875E-1 4.95284E-1 5.34747E-1 4.5435E-1 4.59819E-1 4.65805E-1 4.20833E-1 4.69028E-1 5.01144E-1 5.55545E-1 5.94663E-1 5.28631E-1 4.93555E-1 5.7462E-1 5.75374E-1 6.11826E-1 5.8416E-1 5.88369E-1 5.54221E-1 5.42256E-1 5.13669E-1 5.21387E-1 5.27037E-1 5.2451E-1 5.00023E-1 4.93243E-1 5.47535E-1 6.06697E-1 5.65747E-1 5.67622E-1 5.18463E-1 5.17879E-1 5.13918E-1 5.0604E-1 4.98399E-1 5.30122E-1 5.34256E-1 5.1116E-1 5.27425E-1 5.31348E-1 5.37221E-1 5.42774E-1 5.33343E-1 5.22226E-1 5.23307E-1 5.49457E-1 5.42606E-1 5.45484E-1 5.31566E-1 5.3802E-1 5.49394E-1 5.4407E-1 5.48729E-1 5.51613E-1 5.28525E-1 5.22818E-1 5.02653E-1 5.16498E-1 5.56865E-1 5.57368E-1
4.62807E-1 4.82154E-1 5.36242E-1 4.52114E-1 4.13588E-1 4.27586E-1 4.52671E-1 4.80064E-1 4.73614E-1 4.66412E-1 5.45387E-1 5.66312E-1 5.46013E-1 5.32608E-1 6.07649E-1 5.78976E-1 5.74574E-1 5.92175E-1 6.04356E-1 5.68479E-1 5.22046E-1 5.15689E-1 5.27166E-1 5.21384E-1 5.50021E-1 4.99462E-1 5.14134E-1 5.85629E-1 5.92543E-1 5.51008E-1 5.46056E-1 5.1794E-1 5.26807E-1 5.22028E-1 5.01918E-1 4.95776E-1 5.27964E-1 5.34536E-1 5.18766E-1 5.34881E-1 5.40685E-1 5.3655E-1 5.40911E-1 5.34841E-1 5.45415E-1 5.56277E-1 5.54359E-1 5.54951E-1 5.04334E-1 4.98178E-1 5.34154E-1 5.25018E-1 5.05746E-1 5.09962E-1 5.29204E-1 5.33239E-1 5.28041E-1 5.17527E-1 4.98842E-1 5.31953E-1 5.3833E-1
4.93968E-1 4.59031E-1 4.49887E-1 4.14156E-1 4.20484E-1 4.27147E-1 4.24406E-1 4.38846E-1 4.75126E-1 4.98543E-1 5.24985E-1 5.23168E-1 5.32701E-1 5.43185E-1 5.55832E-1 5.65843E-1 6.14256E-1 6.18166E-1 5.95909E-1 5.30887E-1 5.23532E-1 5.17855E-1 4.67716E-1 5.09119E-1 5.83017E-1 5.6246E-1 5.93242E-1 5.45695E-1 5.60891E-1 5.46483E-1 5.29277E-1 5.10445E-1 5.2433E-1 5.13118E-1 5.01837E-1 4.93572E-1 5.33018E-1 5.20165E-1 5.00835E-1 5.17435E-1 4.99963E-1 5.15517E-1 5.25444E-1 5.40115E-1 5.4421E-1 5.43408E-1 5.55247E-1 5.51455E-1 5.04562E-1 5.08798E-1 5.08028E-1 4.92387E-1 4.92708E-1 5.15239E-1 5.25009E-1 5.22804E-1 5.09916E-1 5.14493E-1 5.18654E-1 5.15889E-1 5.37509E-1
4.56029E-1 4.9411E-1 4.03913E-1 4.0698E-1 4.18301E-1 4.2579E-1 4.47892E-1 4.84466E-1 4.87022E-1 4.91366E-1 5.0904E-1 4.96407E-1 5.36065E-1 5.2474E-1 5.53408E-1 5.47849E-1 6.05394E-1 6.20566E-1 5.78973E-1 5.11405E-1 5.03906E-1 4.83918E-1 5.03342E-1 5.47242E-1 5.91234E-1 5.87273E-1 6.00491E-1 5.40322E-1 5.34887E-1 5.346E-1 5.14801E-1 5.15184E-1 5.27305E-1 5.32378E-1 5.36902E-1 5.20603E-1 4.97043E-1 5.15878E-1 5.1146E-1 5.20446E-1 5.30359E-1 5.36387E-1 5.35103E-1 5.18568E-1 5.17441E-1 5.04759E-1 5.13173E-1 5.43811E-1 5.29595E-1 5.29138E-1 5.18264E-1 5.10829E-1 5.05637E-1 5.02324E-1 4.96394E-1 5.10637E-1 5.13611E-1 5.15851E-1 5.00807E-1 5.22648E-1 5.34507E-1
4.72145E-1 5.0209E-1 4.03883E-1 4.13396E-1 4.46394E-1 4.45677E-1 4.44398E-1 4.72703E-1 5.23262E-1 5.26307E-1 5.1571E-1 5.09375E-1 4.98601E-1 4.86426E-1 5.39745E-1 5.59912E-1 5.85227E-1 6.05945E-1 5.72486E-1 5.09451E-1 5.18615E-1 5.14724E-1 5.6985E-1 5.57709E-1 5.91785E-1 5.93376E-1 5.47594E-1 5.19963E-1 4.92913E-1 4.97289E-1 5.00857E-1 5.01783E-1 5.10333E-1 5.11174E-1 5.22889E-1 5.18014E-1 5.1416E-1 5.15772E-1 5.17576E-1 5.21444E-1 5.3906E-1 5.3434E-1 5.36427E-1 5.33296E-1 5.14716E-1 5.37111E-1 4.95172E-1 4.99045E-1 5.20904E-1 5.25083E-1 5.3395E-1 5.26324E-1 5.31764E-1 5.30231E-1 5.27691E-1 5.3928E-1 5.40763E-1 5.19411E-1 5.17074E-1 5.10773E-1 5.41944E-1
4.41729E-1 4.91516E-1 4.78872E-1 4.43041E-1 4.33337E-1 4.35526E-1 4.39031E-1 4.63159E-1 5.17096E-1 5.40931E-1 5.26054E-1 5.22666E-1 4.73933E-1 5.23116E-1 5.11149E-1 5.22413E-1 5.28207E-1 5.72607E-1 5.70277E-1 5.14138E-1 5.43928E-1 5.65639E-1 5.78694E-1 5.40339E-1 5.34658E-1 5.26227E-1 5.08062E-1 5.28062E-1 4.96907E-1 4.95619E-1 4.90611E-1 5.04353E-1 4.79739E-1 4.90654E-1 5.07532E-1 5.20522E-1 5.28415E-1 5.25508E-1 5.28593E-1 5.3565E-1 5.33328E-1 5.38119E-1 5.35901E-1 5.40923E-1 5.43417E-1 5.48205E-1 5.44788E-1 5.29709E-1 5.24154E-1 5.31552E-1 5.29651E-1 5.26139E-1 5.23128E-1 5.23219E-1 5.43267E-1 5.40529E-1 5.24356E-1 5.07796E-1 4.85069E-1 5.09234E-1 5.46987E-1
3.98835E-1 4.60652E-1 4.99753E-1 4.67806E-1 4.31317E-1 4.35959E-1 4.35613E-1 4.56489E-1 4.76382E-1 4.91874E-1 5.05259E-1 4.96193E-1 5.25724E-1 5.3356E-1 5.78537E-1 5.48955E-1 5.42006E-1 5.44438E-1 5.52801E-1 5.45312E-1 5.4344E-1 5.57134E-1 5.21034E-1 5.19565E-1 5.11968E-1 5.04579E-1 5.0321E-1 5.01909E-1 4.89427E-1 5.19747E-1 4.93474E-1 5.00835E-1 4.9078E-1 4.88055E-1 4.89349E-1 5.01379E-1 5.09596E-1 5.12059E-1 4.94071E-1 5.18468E-1 5.23175E-1 5.3416E-1 5.38208E-1 5.43946E-1 5.46037E-1 5.47701E-1 5.48936E-1 5.52921E-1 5.57211E-1 5.45001E-1 5.172E-1 5.24691E-1 5.2428E-1 5.29224E-1 5.46998E-1 5.35701E-1 5.18498E-1 5.14122E-1 4.86753E-1 4.8987E-1 5.27499E-1
4.15272E-1 4.9044E-1 4.64701E-1 4.44916E-1 4.4384E-1 4.45031E-1 4.40731E-1 4.41314E-1 4.64521E-1 4.90421E-1 4.89495E-1 5.06427E-1 5.05193E-1 5.43433E-1 5.76372E-1 5.02454E-1 5.42353E-1 4.98221E-1 5.65967E-1 5.06501E-1 5.30397E-1 5.4046E-1 5.20435E-1 4.96029E-1 4.92248E-1 4.92767E-1 4.99411E-1 5.07077E-1 5.062E-1 5.2216E-1 5.07217E-1 5.06987E-1 4.95418E-1 4.96123E-1 4.82862E-1 4.95744E-1 5.03224E-1 5.09652E-1 4.8939E-1 4.9799E-1 5.17674E-1 5.22318E-1 5.36623E-1 5.39649E-1 5.37986E-1 5.39888E-1 5.51016E-1 5.48628E-1 5.3802E-1 5.14075E-1 5.13432E-1 5.2084E-1 5.17746E-1 5.15015E-1 4.94077E-1 5.03488E-1 5.01735E-1 4.82955E-1 4.87535E-1 5.08214E-1 5.59604E-1
4.26258E-1 4.81657E-1 4.81513E-1 4.71925E-1 4.65844E-1 4.72562E-1 4.40993E-1 4.40623E-1 4.46942E-1 4.72332E-1 4.73619E-1 4.71141E-1 4.73798E-1 5.0673E-1 5.37882E-1 5.19869E-1 5.05379E-1 5.48305E-1 5.40133E-1 5.35453E-1 5.24472E-1 5.15874E-1 4.94395E-1 5.06256E-1 5.3094E-1 5.26486E-1 5.23384E-1 5.16266E-1 5.17656E-1 5.13673E-1 5.19323E-1 5.17186E-1 5.12487E-1 5.18106E-1 4.96523E-1 5.15749E-1 5.08588E-1 4.9735E-1 4.9788E-1 5.1935E-1 5.15556E-1 5.22723E-1 5.32031E-1 5.33864E-1 5.35892E-1 5.26003E-1 5.57555E-1 5.45405E-1 5.41335E-1 5.16756E-1 5.17256E-1 5.14173E-1 5.10936E-1 5.0647E-1 4.80663E-1 4.90507E-1 4.77692E-1 4.76182E-1 5.17836E-1 5.55042E-1 5.52518E-1
4.5513E-1 4.63603E-1 4.51796E-1 4.42763E-1 4.43352E-1 4.69176E-1 4.80666E-1 4.64838E-1 4.50771E-1 4.48628E-1 4.65751E-1 4.581E-1 4.69694E-1 4.75345E-1 4.89662E-1 4.83703E-1 4.94914E-1 4.93956E-1 5.27551E-1 5.72187E-1 5.49589E-1 5.24039E-1 5.03115E-1 5.33054E-1 5.43444E-1 5.34725E-1 5.16622E-1 5.26905E-1 5.25395E-1 5.20362E-1 5.27051E-1 5.33949E-1 5.32534E-1 5.38157E-1 5.25597E-1 5.2245E-1 5.2293E-1 5.08037E-1 5.24023E-1 5.19082E-1 5.18324E-1 5.34379E-1 5.34024E-1 5.32123E-1 5.24832E-1 5.47194E-1 5.42501E-1 5.36318E-1 5.39109E-1 5.18039E-1 5.09039E-1 5.15426E-1 5.20043E-1 5.2702E-1 5.19329E-1 5.25325E-1 5.09341E-1 4.88889E-1 5.12842E-1 5.54859E-1 5.22391E-1
4.55676E-1 4.5075E-1 4.65878E-1 4.64498E-1 4.67118E-1 4.72467E-1 4.88689E-1 4.95914E-1 4.69227E-1 4.52972E-1 4.54721E-1 4.61855E-1 4.83392E-1 4.91992E-1 4.95027E-1 4.7694E-1 5.0007E-1 5.3481E-1 5.34302E-1 5.43896E-1 5.30212E-1 5.21336E-1 4.9992E-1 4.9681E-1 5.27129E-1 5.42564E-1 5.13744E-1 5.16243E-1 5.2123E-1 5.20287E-1 5.12393E-1 5.21612E-1 5.2792E-1 5.3899E-1 5.44577E-1 5.37066E-1 5.30615E-1 5.18415E-1 5.31017E-1 5.33637E-1 5.29892E-1 5.41124E-1 5.41088E-1 5.39124E-1 5.24103E-1 5.2069E-1 5.3612E-1 5.3138E-1 5.13024E-1 5.10515E-1 5.09703E-1 5.192E-1 5.18596E-1 5.1813E-1 5.27301E-1 5.1985E-1 5.12376E-1 5.17686E-1 4.86279E-1 5.20418E-1 5.48666E-1
4.75053E-1 4.60636E-1 4.78908E-1 4.59973E-1 4.63062E-1 4.82107E-1 4.86614E-1 4.9248E-1 4.78702E-1 4.57162E-1 4.61771E-1 4.76716E-1 4.88313E-1 5.37661E-1 5.35053E-1 5.30315E-1 5.35918E-1 5.32909E-1 5.24735E-1 5.17893E-1 5.20139E-1 5.27681E-1 5.25144E-1 4.97317E-1 5.04151E-1 5.17926E-1 5.09286E-1 5.08048E-1 5.11148E-1 5.2042E-1 5.21134E-1 5.18538E-1 5.29259E-1 5.31703E-1 5.44742E-1 5.33808E-1 5.38433E-1 5.19934E-1 5.40473E-1 5.35641E-1 5.37608E-1 5.39725E-1 5.50754E-1 5.47379E-1 5.41551E-1 5.28058E-1 5.34664E-1 5.39245E-1 5.11773E-1 5.16397E-1 5.11499E-1 5.10707E-1 5.13345E-1 5.18763E-1 5.1993E-1 5.21779E-1 4.84158E-1 4.8919E-1 4.85505E-1 4.97685E-1 5.40854E-1
4.67984E-1 4.62974E-1 4.85661E-1 4.6509E-1 4.57079E-1 4.78925E-1 4.93598E-1 5.01765E-1 4.74657E-1 4.82215E-1 4.85588E-1 5.24148E-1 5.06707E-1 5.28804E-1 5.03545E-1 5.12585E-1 5.04773E-1 5.08805E-1 5.08567E-1 4.91796E-1 5.06646E-1 5.06853E-1 4.99013E-1 4.89777E-1 5.1664E-1 5.2846E-1 5.14867E-1 5.1496E-1 5.22438E-1 5.28119E-1 5.25827E-1 5.26278E-1 5.25028E-1 5.32158E-1 5.35997E-1 5.37549E-1 5.38737E-1 5.18086E-1 5.37531E-1 5.37041E-1 5.35983E-1 5.19741E-1 5.19238E-1 5.43743E-1 5.38871E-1 5.31494E-1 5.35618E-1 5.40166E-1 5.40361E-1 5.15738E-1 5.1581E-1 4.97552E-1 5.30848E-1 5.30031E-1 5.40621E-1 5.36091E-1 5.11142E-1 4.87217E-1 4.84508E-1 5.00564E-1 5.42149E-1
4.54134E-1 4.74788E-1 4.84704E-1 4.68753E-1 4.63081E-1 4.8277E-1 4.85446E-1 4.8818E-1 4.89724E-1 4.80054E-1 5.12679E-1 5.18023E-1 5.15517E-1 4.9356E-1 4.96157E-1 5.02283E-1 5.17286E-1 5.15641E-1 5.21923E-1 5.24928E-1 5.2005E-1 5.24065E-1 5.35446E-1 4.78209E-1 4.94697E-1 4.99927E-1 5.23877E-1 5.2383E-1 5.27316E-1 5.34193E-1 5.34396E-1 5.25603E-1 5.22419E-1 5.25419E-1 5.30622E-1 5.33147E-1 5.07795E-1 5.33813E-1 5.327E-1 5.05746E-1 5.12457E-1 4.9149E-1 4.92503E-1 5.1504E-1 5.27254E-1 5.28696E-1 5.26373E-1 5.442E-1 5.396E-1 5.12476E-1 4.96957E-1 4.95745E-1 5.15591E-1 5.32826E-1 5.30998E-1 5.1739E-1 5.1264E-1 4.89217E-1 4.89896E-1 5.15166E-1 5.57805E-1
4.68696E-1 4.794E-1 4.81418E-1 4.67794E-1 4.68879E-1 4.72327E-1 5.0901E-1 5.08425E-1 5.03201E-1 5.06459E-1 4.99535E-1 5.1698E-1 5.08897E-1 5.10669E-1 5.04738E-1 5.06349E-1 5.10145E-1 5.18282E-1 5.19239E-1 5.28208E-1 5.32136E-1 5.29331E-1 5.4462E-1 5.13956E-1 4.72387E-1 5.00127E-1 5.22757E-1 5.12368E-1 5.22256E-1 5.28176E-1 5.29928E-1 5.25015E-1 5.21991E-1 5.28543E-1 5.09903E-1 5.14602E-1 5.09199E-1 5.18899E-1 5.09185E-1 5.21665E-1 5.14997E-1 4.98192E-1 5.015E-1 5.02972E-1 5.26469E-1 5.27119E-1 5.25627E-1 5.16588E-1 4.92197E-1 5.10853E-1 5.00082E-1 4.96528E-1 5.1905E-1 5.33344E-1 5.24106E-1 5.16254E-1 5.09814E-1 5.12369E-1 4.91359E-1 4.97271E-1 5.4207E-1
4.26898E-1 4.53313E-1 4.63467E-1 4.65108E-1 4.6934E-1 4.6701E-1 4.6618E-1 4.91572E-1 4.82428E-1 4.94681E-1 5.1496E-1 5.22075E-1 5.2491E-1 5.22677E-1 5.25068E-1 5.26685E-1 5.39375E-1 5.40876E-1 5.38926E-1 5.44009E-1 5.40215E-1 5.34916E-1 5.47104E-1 4.98301E-1 4.7488E-1 4.76368E-1 4.65958E-1 4.97564E-1 5.13783E-1 5.25577E-1 5.27313E-1 5.31683E-1 5.38723E-1 5.11222E-1 5.46028E-1 5.54481E-1 5.25413E-1 5.22579E-1 5.29369E-1 5.31807E-1 5.28404E-1 5.19359E-1 5.16319E-1 5.19042E-1 5.28113E-1 5.27489E-1 5.20916E-1 4.85713E-1 4.91761E-1 5.06933E-1 4.9837E-1 4.99182E-1 5.17947E-1 4.99013E-1 4.96745E-1 5.35806E-1 5.27466E-1 5.04591E-1 4.89067E-1 4.95813E-1 5.20288E-1
4.23223E-1 4.61167E-1 4.54282E-1 4.57379E-1 4.6046E-1 4.65906E-1 4.69411E-1 4.87708E-1 4.9659E-1 4.95991E-1 5.24881E-1 5.24054E-1 5.23814E-1 5.2669E-1 5.1794E-1 5.09282E-1 5.2679E-1 5.37703E-1 5.38365E-1 5.41007E-1 5.46449E-1 5.44584E-1 5.33461E-1 5.20831E-1 4.84463E-1 4.8259E-1 4.81361E-1 4.63E-1 4.69953E-1 5.21484E-1 5.32417E-1 5.3351E-1 5.40194E-1 5.46979E-1 5.49804E-1 5.23432E-1 5.60633E-1 5.40964E-1 5.32511E-1 5.1979E-1 5.08465E-1 5.14199E-1 5.17254E-1 5.07398E-1 4.94844E-1 4.98726E-1 4.82948E-1 4.8439E-1 5.04775E-1 4.78121E-1 4.78154E-1 4.75694E-1 5.13279E-1 4.80864E-1 4.88948E-1 5.00656E-1 4.9073E-1 4.98672E-1 5.16654E-1 5.38751E-1 5.24989E-1
4.2512E-1 4.69287E-1 4.66152E-1 4.74423E-1 4.70293E-1 4.69716E-1 5.02296E-1 5.01319E-1 4.97994E-1 4.90636E-1 4.93979E-1 5.00048E-1 4.97029E-1 4.993E-1 5.20887E-1 5.19528E-1 5.21585E-1 5.2251E-1 5.26592E-1 5.39537E-1 5.40445E-1 5.33492E-1 5.54645E-1 5.32581E-1 5.15431E-1 4.82561E-1 4.87386E-1 4.58073E-1 4.81147E-1 4.85962E-1 4.93861E-1 4.76249E-1 4.74918E-1 5.27561E-1 5.40119E-1 5.50996E-1 5.54997E-1 5.22658E-1 5.2739E-1 5.13513E-1 5.22091E-1 5.16102E-1 5.07458E-1 5.1129E-1 5.04117E-1 4.87479E-1 4.82432E-1 5.12145E-1 5.15185E-1 5.1977E-1 4.89293E-1 4.68278E-1 4.8151E-1 4.87921E-1 4.98112E-1 4.88806E-1 5.00224E-1 5.03474E-1 5.27368E-1 5.4238E-1 5.3682E-1
4.8775E-1 5.10726E-1 5.06427E-1 5.11427E-1 4.76353E-1 4.82038E-1 4.96075E-1 4.93482E-1 4.90053E-1 4.87373E-1 4.90779E-1 4.87169E-1 4.85622E-1 4.9247E-1 4.89406E-1 5.13375E-1 5.15658E-1 5.08045E-1 5.17743E-1 5.33577E-1 5.42037E-1 5.00398E-1 5.02648E-1 5.21668E-1 5.2211E-1 5.22342E-1 5.20626E-1 4.87708E-1 4.64008E-1 4.56472E-1 4.99223E-1 4.77356E-1 4.76803E-1 4.74834E-1 4.88127E-1 5.07421E-1 5.19577E-1 5.21768E-1 5.05327E-1 5.14466E-1 5.13907E-1 5.18916E-1 5.0219E-1 5.0133E-1 4.99182E-1 4.94624E-1 4.89215E-1 4.90796E-1 4.80424E-1 4.69713E-1 4.61448E-1 4.82666E-1 4.74609E-1 4.82106E-1 4.91175E-1 4.95539E-1 4.97977E-1 4.99661E-1 5.248E-1 5.36249E-1 5.43128E-1
5.15618E-1 5.36918E-1 5.40295E-1 3.91775E-1 3.45555E-1 4.70677E-1 4.73884E-1 4.65518E-1 4.67861E-1 4.70077E-1 4.97261E-1 4.93535E-1 4.92327E-1 4.89919E-1 4.9625E-1 5.17895E-1 4.99381E-1 5.19858E-1 5.30191E-1 5.39427E-1 4.89867E-1 5.05269E-1 5.08362E-1 5.11072E-1 4.92076E-1 4.87434E-1 5.02322E-1 5.1011E-1 4.76829E-1 4.62076E-1 4.65709E-1 4.66901E-1 4.60909E-1 4.77518E-1 4.91714E-1 5.02671E-1 5.07698E-1 5.23756E-1 5.19789E-1 5.30082E-1 5.3494E-1 5.30307E-1 5.15654E-1 5.09188E-1 5.02244E-1 5.2045E-1 4.97556E-1 4.91339E-1 4.90709E-1 4.73609E-1 4.81205E-1 4.86838E-1 4.86427E-1 4.87846E-1 4.93305E-1 4.98473E-1 4.99299E-1 4.94167E-1 5.23134E-1 5.40536E-1 5.40882E-1
5.35493E-1 5.32773E-1 5.3299E-1 3.84363E-1 5.12106E-1 5.08844E-1 5.14666E-1 5.09616E-1 4.84597E-1 4.73254E-1 4.7552E-1 4.72542E-1 4.99551E-1 5.01654E-1 5.07363E-1 5.26426E-1 5.08352E-1 5.17824E-1 4.96883E-1 4.85627E-1 4.82305E-1 4.97625E-1 5.03358E-1 5.07452E-1 5.12556E-1 4.72054E-1 4.95928E-1 4.99311E-1 5.01801E-1 4.72928E-1 4.91841E-1 4.73219E-1 4.80032E-1 4.98405E-1 5.05749E-1 5.26458E-1 5.40777E-1 5.40698E-1 5.27104E-1 5.3395E-1 5.36139E-1 5.58732E-1 5.24817E-1 5.3858E-1 5.32887E-1 5.26401E-1 5.02948E-1 5.0296E-1 4.79662E-1 4.91655E-1 4.75267E-1 4.9036E-1 4.94818E-1 4.90658E-1 4.95233E-1 5.01262E-1 4.89054E-1 4.94226E-1 5.28827E-1 5.3403E-1 5.23599E-1
5.30859E-1 5.43773E-1 3.97341E-1 5.06616E-1 4.92276E-1 5.47438E-1 5.1995E-1 5.16284E-1 5.21636E-1 4.93239E-1 5.09237E-1 4.82506E-1 5.12573E-1 5.26878E-1 5.30879E-1 5.33105E-1 4.92452E-1 4.92788E-1 4.90603E-1 4.15469E-1 4.74463E-1 5.05479E-1 5.05287E-1 4.9551E-1 5.01119E-1 4.95871E-1 4.82234E-1 4.98451E-1 4.7877E-1 4.63904E-1 4.7701E-1 5.0965E-1 5.02633E-1 5.01389E-1 5.12148E-1 5.28088E-1 5.27255E-1 5.2982E-1 5.24497E-1 5.41669E-1 5.57506E-1 5.25024E-1 5.45971E-1 5.40806E-1 5.40608E-1 5.39647E-1 5.09821E-1 5.08337E-1 4.8513E-1 4.96505E-1 4.75937E-1 4.92912E-1 4.99728E-1 4.97241E-1 5.02971E-1 4.96268E-1 4.89909E-1 4.91644E-1 5.20297E-1 5.26721E-1 5.24244E-1
5.36295E-1 4.09575E-1 5.42657E-1 5.49971E-1 5.39914E-1 5.51269E-1 5.2319E-1 5.13741E-1 4.87421E-1 4.79401E-1 5.32689E-1 5.46244E-1 5.39993E-1 5.35442E-1 5.33114E-1 5.01068E-1 4.09559E-1 4.03807E-1 4.13306E-1 4.75612E-1 5.07292E-1 4.91498E-1 4.99491E-1 5.12835E-1 5.02811E-1 4.93425E-1 4.79579E-1 5.11003E-1 4.93259E-1 4.76376E-1 4.63578E-1 4.70097E-1 4.76925E-1 4.85326E-1 4.92817E-1 5.11206E-1 4.84293E-1 4.9678E-1 5.25979E-1 5.47331E-1 5.37623E-1 5.42512E-1 5.45415E-1 5.4049E-1 5.30755E-1 5.30892E-1 5.14736E-1 5.04621E-1 4.9509E-1 4.87238E-1 4.8861E-1 4.84619E-1 5.13907E-1 4.95057E-1 4.77282E-1 4.76917E-1 4.91933E-1 4.98355E-1 5.18008E-1 5.15457E-1 5.21015E-1
4.08472E-1 3.15085E-1 5.11164E-1 5.5517E-1 5.48772E-1 5.00208E-1 3.06644E-1 2.91146E-1 4.65949E-1 4.75266E-1 4.78205E-1 5.32265E-1 5.35575E-1 5.47298E-1 2.40188E-1 2.14832E-1 3.85664E-1 4.60337E-1 4.89484E-1 4.74667E-1 4.83499E-1 5.17627E-1 5.16469E-1 5.24916E-1 5.23745E-1 5.16682E-1 5.04093E-1 5.13794E-1 5.12668E-1 4.93884E-1 4.71266E-1 4.79945E-1 4.68946E-1 4.75954E-1 4.9115E-1 4.89252E-1 4.77023E-1 5.10877E-1 5.24323E-1 5.36951E-1 5.37051E-1 5.51123E-1 5.44097E-1 5.5252E-1 5.5169E-1 5.38199E-1 5.09748E-1 5.11149E-1 4.97593E-1 5.09439E-1 5.04496E-1 4.97124E-1 4.83394E-1 4.83125E-1 4.86861E-1 4.79892E-1 4.91871E-1 5.04942E-1 5.19642E-1 5.22147E-1 5.21132E-1
2.67682E-1 2.27136E-1 5.05951E-1 5.43711E-1 5.48853E-1 3.55262E-1 2.42817E-1 2.30422E-1 4.78876E-1 4.98354E-1 4.82376E-1 5.0346E-1 5.06524E-1 2.29565E-1 2.23048E-1 2.16928E-1 4.72681E-1 4.68121E-1 4.82717E-1 4.74421E-1 4.7593E-1 4.77611E-1 4.76596E-1 5.17788E-1 5.19827E-1 5.24121E-1 5.24016E-1 5.21152E-1 5.02683E-1 5.1054E-1 4.89316E-1 4.76509E-1 4.82057E-1 4.85515E-1 5.11822E-1 5.30546E-1 5.27057E-1 5.21639E-1 5.30923E-1 5.14646E-1 5.22652E-1 5.5396E-1 5.52393E-1 5.53454E-1 5.24624E-1 5.2269E-1 5.29758E-1 5.16442E-1 5.20632E-1 4.97479E-1 4.98892E-1 4.93509E-1 4.95875E-1 4.96773E-1 4.82553E-1 4.86477E-1 4.95036E-1 5.00122E-1 5.10671E-1 5.23295E-1 5.20203E-1
3.31394E-1 3.60498E-1 5.23298E-1 5.26471E-1 5.3163E-1 3.70354E-1 5.33232E-1 2.4344E-1 4.99786E-1 5.15275E-1 5.14129E-1 4.98535E-1 4.00357E-1 2.27162E-1 4.05691E-1 3.93648E-1 4.74556E-1 4.74368E-1 4.79429E-1 4.79429E-1 4.7252E-1 4.68008E-1 4.71376E-1 4.79757E-1 5.14575E-1 5.12546E-1 5.13991E-1 5.22959E-1 5.23229E-1 5.20696E-1 5.0326E-1 4.82846E-1 4.77036E-1 4.79561E-1 4.82425E-1 4.95668E-1 5.02806E-1 4.97328E-1 5.07597E-1 5.38776E-1 5.3424E-1 5.34899E-1 5.55686E-1 5.48544E-1 5.51514E-1 5.53091E-1 5.33703E-1 5.18321E-1 5.12251E-1 4.95772E-1 5.07149E-1 4.92688E-1 4.93838E-1 4.87619E-1 4.86653E-1 5.06389E-1 5.01442E-1 5.16699E-1 5.17829E-1 5.21312E-1 5.16308E-1
3.18312E-1 5.03547E-1 3.68428E-1 3.63135E-1 4.94702E-1 4.83418E-1 5.4655E-1 5.55839E-1 2.42557E-1 4.09372E-1 2.21078E-1 3.84705E-1 4.89634E-1 4.62247E-1 4.90879E-1 4.74589E-1 4.77715E-1 4.83125E-1 4.74601E-1 4.82651E-1 4.81643E-1 4.72002E-1 4.79621E-1 4.74066E-1 4.75572E-1 4.84431E-1 4.80688E-1 5.03655E-1 5.05718E-1 5.12034E-1 4.95143E-1 4.87491E-1 4.77692E-1 4.79099E-1 4.83673E-1 4.96468E-1 5.05683E-1 4.99679E-1 5.08883E-1 5.19114E-1 5.3462E-1 5.55164E-1 5.51212E-1 5.43975E-1 5.42396E-1 5.22514E-1 5.3119E-1 5.04785E-1 5.09747E-1 5.02688E-1 4.93464E-1 4.84049E-1 4.98E-1 4.95317E-1 5.01456E-1 5.10842E-1 5.31489E-1 5.40318E-1 5.34326E-1 5.29092E-1 5.09489E-1
