Artocarpus heterophyllus SDM files/MIS19/results (with bias file)/Arthet_9.asc
ncols         625
nrows         721
xllcorner     69.99986311115
yllcorner     5.99986187915
cellsize      0.041666667
NODATA_value  -9999
[rows 189 to 215 of 721, columns 366 to 426 of 625]
1.08122E-1 1.58639E-1 1.68307E-1 1.25515E-1 8.57651E-2 1.97895E-2 1.61865E-2 1.87194E-2 1.68233E-2 1.8428E-2 1.64969E-2 1.97879E-2 1.61471E-2 1.88986E-2 1.65156E-2 4.0976E-2 5.50581E-2 9.60926E-2 2.54348E-2 1.88654E-2 4.69081E-2 5.91745E-2 2.09395E-2 5.7105E-2 4.78655E-2 3.42285E-2 3.51043E-2 3.83613E-2 5.03498E-2 4.58953E-2 4.23328E-2 3.52839E-2 4.18952E-2 3.29396E-2 2.5894E-2 2.32919E-2 2.76109E-2 2.75979E-2 3.78885E-2 4.02601E-2 4.01786E-2 3.70044E-2 3.78521E-2 4.20996E-2 4.76285E-2 6.2996E-2 5.49913E-2 7.1719E-2 7.99049E-2 7.19869E-2 8.26263E-2 5.61272E-2 5.02712E-2 2.48943E-2 5.48773E-2 2.63936E-2 2.34042E-2 5.89295E-2 4.99951E-2 6.64366E-2 6.4249E-2
1.71022E-1 1.46666E-1 4.3268E-2 3.1043E-2 2.07696E-2 1.7593E-2 2.25486E-2 2.56648E-2 2.41935E-2 2.42695E-2 2.4521E-2 2.86757E-2 3.21804E-2 3.14321E-2 2.11164E-2 1.70219E-2 2.20354E-2 5.95199E-2 2.67102E-2 1.88882E-2 3.69787E-2 6.02962E-2 5.15271E-2 3.72919E-2 1.86501E-2 4.13405E-2 4.47521E-2 6.11234E-2 5.27136E-2 5.40183E-2 5.29202E-2 3.61048E-2 3.05098E-2 2.66201E-2 2.07829E-2 2.36233E-2 2.58916E-2 3.03061E-2 3.46885E-2 3.56199E-2 4.32346E-2 4.01315E-2 3.62448E-2 4.42153E-2 4.86723E-2 5.5603E-2 6.3621E-2 5.18743E-2 5.65244E-2 1.04202E-1 9.3674E-2 3.28217E-2 3.29004E-2 3.20347E-2 5.99529E-2 2.85392E-2 2.47535E-2 6.22128E-2 6.05118E-2 2.8607E-2 5.67414E-2
5.05607E-2 5.0033E-2 3.76563E-2 2.29827E-2 2.33725E-2 2.67507E-2 3.80989E-2 3.083E-2 3.81481E-2 4.75935E-2 2.77369E-2 3.59192E-2 4.85173E-2 2.46158E-2 2.38523E-2 1.9168E-2 2.46909E-2 7.01742E-2 2.75343E-2 2.09839E-2 2.08796E-2 7.73588E-2 2.5109E-2 4.36113E-2 2.56876E-2 5.13741E-2 7.40098E-2 7.42815E-2 5.06026E-2 4.42767E-2 4.84667E-2 3.96994E-2 3.03551E-2 2.60087E-2 3.00463E-2 3.16305E-2 2.99025E-2 3.02945E-2 3.65648E-2 3.6367E-2 4.60378E-2 3.71099E-2 3.16744E-2 4.20739E-2 4.68415E-2 4.78465E-2 4.98261E-2 7.20912E-2 9.66232E-2 9.79052E-2 8.72773E-2 9.74924E-2 3.4802E-2 3.13324E-2 2.98008E-2 2.93666E-2 2.21066E-2 2.52911E-2 7.04334E-2 7.89439E-2 7.24709E-2
9.53361E-2 7.96452E-2 4.47056E-2 3.39403E-2 5.23311E-2 4.46936E-2 5.16902E-2 4.55945E-2 6.03378E-2 6.41916E-2 5.01654E-2 3.43372E-2 1.06864E-1 4.22984E-2 3.20438E-2 2.50791E-2 3.09973E-2 5.02679E-2 2.67548E-2 1.91798E-2 2.00651E-2 2.45913E-2 7.33755E-2 2.79745E-2 7.42357E-2 7.54123E-2 6.00546E-2 3.50428E-2 4.83379E-2 5.42996E-2 4.62394E-2 3.91656E-2 3.46125E-2 3.84706E-2 3.62965E-2 4.1298E-2 3.35416E-2 3.24194E-2 3.77783E-2 4.49924E-2 3.0626E-2 3.16224E-2 3.55869E-2 3.57112E-2 4.32936E-2 7.00591E-2 2.78689E-2 2.67064E-2 3.05355E-2 8.5004E-2 9.12357E-2 1.10597E-1 3.85131E-2 3.34375E-2 3.28444E-2 3.1577E-2 2.39449E-2 2.74566E-2 6.1354E-2 5.98587E-2 2.48703E-2
1.18302E-1 9.04039E-2 8.00014E-2 8.38663E-2 8.01743E-2 4.5928E-2 6.36328E-2 6.47835E-2 6.58862E-2 8.62195E-2 5.26472E-2 3.73506E-2 5.42575E-2 7.35734E-2 3.62944E-2 3.48136E-2 5.37626E-2 6.54809E-2 3.92048E-2 2.69215E-2 2.09009E-2 3.076E-2 9.13127E-2 9.28713E-2 3.56028E-2 2.38858E-2 4.36519E-2 4.0731E-2 3.23092E-2 3.22904E-2 3.08363E-2 3.83787E-2 4.24744E-2 3.18376E-2 3.73807E-2 3.63737E-2 3.44363E-2 3.68411E-2 3.34182E-2 2.44854E-2 1.95615E-2 4.61935E-2 6.01706E-2 6.57968E-2 7.16944E-2 7.86022E-2 7.80603E-2 3.74087E-2 2.75374E-2 3.49585E-2 1.04181E-1 1.26111E-1 4.57852E-2 4.06665E-2 3.30363E-2 3.06096E-2 3.08223E-2 3.09765E-2 3.28938E-2 2.65581E-2 2.62054E-2
3.24934E-1 3.13089E-1 1.17457E-1 1.08276E-1 8.80717E-2 7.18004E-2 7.75812E-2 9.17255E-2 7.37207E-2 9.51722E-2 6.80909E-2 5.07372E-2 7.33422E-2 7.23211E-2 5.2264E-2 5.99254E-2 7.06012E-2 5.95148E-2 3.14616E-2 2.81783E-2 2.45454E-2 2.77796E-2 7.59206E-2 9.84897E-2 4.48745E-2 3.31302E-2 2.2512E-2 3.62419E-2 4.25057E-2 3.35709E-2 3.04898E-2 3.51961E-2 4.13894E-2 3.41339E-2 4.01044E-2 3.9134E-2 4.00053E-2 4.38945E-2 3.76743E-2 2.99499E-2 2.67245E-2 2.75241E-2 3.19033E-2 3.2201E-2 2.83968E-2 5.56568E-2 8.76917E-2 1.02459E-1 3.44669E-2 3.44599E-2 1.2373E-1 1.50735E-1 4.0961E-2 4.37703E-2 3.8516E-2 3.31562E-2 2.80912E-2 8.84753E-2 3.05072E-2 5.4921E-2 5.22794E-2
5.22852E-1 3.23375E-1 1.12233E-1 1.04887E-1 9.06795E-2 8.04315E-2 8.09067E-2 1.00982E-1 9.15027E-2 1.08258E-1 5.90274E-2 7.21449E-2 9.50849E-2 7.31119E-2 7.93227E-2 8.18329E-2 8.53052E-2 4.96888E-2 3.87667E-2 3.0074E-2 4.3577E-2 3.03085E-2 6.60702E-2 1.03045E-1 5.03271E-2 3.75421E-2 3.01985E-2 4.6857E-2 3.51405E-2 3.61316E-2 2.80056E-2 3.24166E-2 4.02152E-2 4.60999E-2 3.80046E-2 4.17472E-2 4.47452E-2 6.05543E-2 6.5843E-2 6.74668E-2 5.11553E-2 3.33194E-2 4.66265E-2 1.62528E-2 1.83082E-2 1.78781E-2 5.69867E-2 7.02266E-2 1.17577E-1 9.68254E-2 1.00345E-1 1.57757E-1 5.43075E-2 5.03996E-2 3.81557E-2 3.75609E-2 7.1318E-2 6.19735E-2 2.79281E-2 2.19116E-2 2.42653E-2
5.46877E-1 5.92793E-1 4.83495E-1 1.9195E-1 9.9833E-2 8.96347E-2 8.99458E-2 2.50699E-1 1.12491E-1 8.96612E-2 8.45853E-2 9.27925E-2 1.01441E-1 8.94501E-2 8.60544E-2 9.48574E-2 7.06174E-2 5.57238E-2 4.58592E-2 5.31312E-2 5.31705E-2 4.29089E-2 4.26387E-2 9.79868E-2 5.2941E-2 3.83801E-2 2.862E-2 2.14319E-2 4.44705E-2 3.61796E-2 2.91808E-2 2.20145E-2 4.07161E-2 5.5396E-2 5.20118E-2 5.42121E-2 7.04241E-2 8.97998E-2 5.10339E-2 4.11952E-2 3.50359E-2 3.32087E-2 4.31864E-2 2.0261E-2 1.69872E-2 2.61706E-2 3.2335E-2 7.26893E-2 3.31925E-2 4.23738E-2 1.07725E-1 1.59809E-1 1.90869E-1 5.02987E-2 3.45289E-2 2.85519E-2 2.89044E-2 2.43097E-2 2.92837E-2 2.2319E-2 2.03816E-2
1.06624E-1 1.02638E-1 9.28549E-2 8.39972E-2 8.35018E-2 8.71493E-2 9.85284E-2 2.42944E-1 1.25214E-1 1.17994E-1 1.1542E-1 1.08772E-1 2.64749E-1 9.84669E-2 9.37462E-2 9.91429E-2 8.94153E-2 7.24894E-2 5.13264E-2 9.49426E-2 1.3097E-1 6.31334E-2 5.25259E-2 1.37539E-1 5.41097E-2 4.94008E-2 3.69994E-2 2.35012E-2 1.61261E-2 1.51287E-2 2.43493E-2 2.26461E-2 3.36202E-2 4.97681E-2 6.28951E-2 6.43741E-2 4.79517E-2 3.89445E-2 3.91151E-2 3.20383E-2 3.64186E-2 3.44284E-2 1.71144E-2 2.29914E-2 2.66679E-2 2.58693E-2 2.85851E-2 3.20235E-2 4.7908E-2 4.3225E-2 4.81239E-2 7.20489E-2 8.40668E-2 6.63764E-2 5.29003E-2 3.26085E-2 2.36615E-2 2.69988E-2 2.66485E-2 2.59855E-2 2.31418E-2
1.1531E-1 2.82602E-1 1.20792E-1 1.09547E-1 1.07676E-1 9.22304E-2 1.56728E-1 4.53586E-1 3.0601E-1 3.15903E-1 3.11635E-1 3.08639E-1 2.67155E-1 1.16129E-1 1.0456E-1 4.21821E-1 9.6516E-2 1.50939E-1 5.20136E-2 4.93049E-2 5.61652E-2 1.22733E-1 1.16947E-1 1.54959E-1 1.38637E-1 1.28507E-1 3.15536E-2 2.03034E-2 1.65374E-2 1.89333E-2 1.7445E-2 1.90406E-2 2.58326E-2 2.9067E-2 3.91983E-2 7.39192E-2 2.55386E-2 2.62695E-2 3.18344E-2 3.77104E-2 2.17399E-2 1.38718E-2 2.42157E-2 2.78386E-2 2.53804E-2 3.33444E-2 3.29109E-2 3.33677E-2 5.93926E-2 7.3738E-2 8.95434E-2 8.24202E-2 2.24168E-1 1.40216E-1 4.73864E-2 3.92365E-2 3.38619E-2 2.77981E-2 2.78673E-2 3.69448E-2 3.07436E-2
1.19076E-1 2.56262E-1 2.94479E-1 2.96562E-1 1.25381E-1 1.16664E-1 1.08325E-1 4.45296E-1 4.62561E-1 2.80951E-1 3.28117E-1 1.25426E-1 4.29227E-1 5.50932E-1 1.94213E-1 1.82903E-1 7.75245E-2 5.79959E-2 5.68805E-2 6.13604E-2 6.28247E-2 2.51089E-1 1.74716E-1 1.79892E-1 1.37552E-1 4.37989E-2 3.8937E-2 2.80784E-2 2.24841E-2 2.70144E-2 2.49631E-2 1.49875E-2 1.39946E-2 3.26864E-2 4.62958E-2 8.80861E-2 3.36961E-2 2.24066E-2 2.23186E-2 4.87827E-2 2.53051E-2 2.1288E-2 2.38271E-2 3.34188E-2 3.61128E-2 3.72404E-2 3.80317E-2 4.77323E-2 6.21522E-2 1.53989E-1 2.35734E-1 1.03842E-1 8.57559E-2 6.07595E-2 4.66167E-2 3.63111E-2 2.74541E-2 2.62701E-2 3.14565E-2 3.92146E-2 3.13153E-2
4.06445E-1 4.24245E-1 4.49494E-1 5.11666E-1 5.09142E-1 1.19035E-1 1.06423E-1 8.68679E-2 4.43903E-1 3.01022E-1 4.56476E-1 2.80177E-1 5.00853E-1 1.08258E-1 8.96712E-2 9.07572E-2 7.57614E-2 6.75872E-2 7.12717E-2 1.15024E-1 5.16956E-1 1.80979E-1 1.74092E-1 5.80426E-2 4.27526E-2 4.39823E-2 4.78825E-2 3.34343E-2 3.15069E-2 6.88022E-2 2.66238E-2 1.91991E-2 2.00577E-2 2.04793E-2 2.98172E-2 8.11931E-2 3.33568E-2 2.79515E-2 2.16082E-2 1.73403E-2 2.8144E-2 2.82754E-2 3.17902E-2 4.06743E-2 3.58414E-2 3.31296E-2 4.53558E-2 5.28912E-2 7.26926E-2 8.87622E-2 2.00604E-1 2.61671E-1 1.60665E-1 6.26878E-2 3.63792E-2 2.73841E-2 2.59319E-2 2.92189E-2 3.18988E-2 3.8865E-2 4.34053E-2
8.43599E-2 4.65113E-1 4.8473E-1 2.6782E-1 2.53677E-1 1.97209E-1 1.11705E-1 3.71597E-1 4.39134E-1 4.90814E-1 4.91586E-1 4.86518E-1 1.07054E-1 9.87698E-2 8.6232E-2 8.15066E-2 8.99278E-2 1.45773E-1 2.48013E-1 1.29334E-1 1.53253E-1 8.41263E-2 6.3658E-2 6.11693E-2 5.54263E-2 1.91541E-1 5.0112E-2 3.75105E-2 1.27259E-1 4.21906E-2 2.85391E-2 2.72844E-2 2.7766E-2 3.03678E-2 6.65382E-2 5.0601E-2 3.18615E-2 3.71338E-2 2.51013E-2 2.72796E-2 4.52747E-2 3.38256E-2 3.73273E-2 3.4913E-2 4.82047E-2 4.71782E-2 6.6308E-2 8.69142E-2 1.06287E-1 9.41971E-2 2.71632E-1 8.82188E-2 5.74439E-2 4.65869E-2 3.18802E-2 3.5335E-2 3.34382E-2 3.85025E-2 4.04493E-2 3.203E-2 3.96695E-2
8.43306E-2 5.07243E-1 2.46763E-1 1.96417E-1 1.77982E-1 1.46608E-1 1.48228E-1 1.6017E-1 4.3659E-1 5.03138E-1 5.1155E-1 5.00607E-1 1.19869E-1 8.88266E-2 1.47727E-1 2.01081E-1 8.06885E-2 1.26783E-1 1.36236E-1 5.6701E-1 1.65986E-1 1.59058E-1 6.84526E-2 1.35033E-1 1.30841E-1 1.33699E-1 4.78875E-2 4.37179E-2 1.09331E-1 4.602E-2 3.20079E-2 3.47528E-2 3.3656E-2 1.5976E-1 1.92822E-1 5.92417E-2 4.66557E-2 5.1664E-2 3.38083E-2 4.92461E-2 4.16595E-2 4.87868E-2 6.4153E-2 4.52035E-2 6.47005E-2 9.15575E-2 9.15496E-2 1.04982E-1 1.27589E-1 1.3314E-1 3.0134E-1 2.0503E-1 2.10831E-1 6.32724E-2 3.48616E-2 3.734E-2 5.53161E-2 7.2424E-2 4.51003E-2 3.67023E-2 4.81475E-2
1.14257E-1 1.09714E-1 1.17699E-1 8.8395E-2 8.43873E-2 1.2789E-1 1.57463E-1 1.55159E-1 8.78605E-2 4.33373E-1 4.89935E-1 5.26123E-1 5.08149E-1 4.03297E-1 5.16801E-1 9.34577E-2 7.15586E-2 6.21897E-2 5.90019E-2 2.14762E-1 9.55103E-2 7.68421E-2 1.41409E-1 1.27214E-1 5.69516E-2 5.45287E-2 1.65333E-1 1.25374E-1 1.18327E-1 8.04364E-2 3.61986E-2 3.70443E-2 4.13293E-2 7.57087E-2 1.96721E-1 5.86493E-2 5.38626E-2 5.99128E-2 6.24661E-2 7.03916E-2 4.9123E-2 5.45723E-2 7.0911E-2 8.46269E-2 8.40629E-2 9.24593E-2 1.17741E-1 1.37956E-1 6.39317E-1 6.85969E-1 1.08549E-1 8.06137E-2 7.02148E-2 4.19938E-2 4.70381E-2 5.16777E-2 7.58081E-2 9.04259E-2 5.71958E-2 5.07659E-2 6.01714E-2
1.1623E-1 1.0287E-1 1.07085E-1 9.71612E-2 7.66924E-2 6.94539E-2 1.21119E-1 1.53734E-1 4.20053E-1 4.237E-1 4.63064E-1 1.85859E-1 4.44291E-1 4.65991E-1 5.32334E-1 2.18856E-1 9.28104E-2 7.65113E-2 6.94685E-2 5.29971E-1 2.48007E-1 1.65749E-1 9.31981E-2 6.37294E-2 5.75194E-2 1.80851E-1 1.59541E-1 1.31964E-1 4.63315E-2 3.39424E-2 3.56298E-2 6.74357E-2 4.68459E-2 4.54217E-2 1.67798E-1 1.20281E-1 1.27547E-1 1.17695E-1 1.57781E-1 1.70584E-1 5.06967E-2 5.87442E-2 6.78771E-2 8.43708E-2 1.2454E-1 1.24845E-1 5.42813E-1 6.4052E-1 1.31687E-1 1.20102E-1 2.08235E-1 9.72052E-2 5.43341E-2 3.99739E-2 5.81043E-2 7.13785E-2 8.20954E-2 8.12702E-2 6.60783E-2 8.4152E-2 8.45819E-2
2.93037E-1 3.24698E-1 1.10156E-1 9.82262E-2 9.62261E-2 8.15288E-2 7.42787E-2 6.99086E-2 1.32488E-1 1.57253E-1 1.88087E-1 4.86924E-1 4.93609E-1 4.65496E-1 1.1733E-1 1.00533E-1 7.97054E-2 9.12176E-2 8.57469E-2 2.20038E-1 6.56415E-1 5.38015E-1 8.62253E-2 7.08384E-2 6.94969E-2 1.56236E-1 5.91592E-2 5.15526E-2 4.34748E-2 4.12113E-2 4.43976E-2 1.40217E-1 4.91952E-2 1.56138E-1 1.85099E-1 2.72694E-1 1.74593E-1 1.70459E-1 1.44995E-1 5.71079E-2 5.52054E-2 5.35992E-2 1.64114E-1 2.0729E-1 2.98434E-1 5.28008E-1 6.44722E-1 1.36865E-1 1.39591E-1 1.45213E-1 1.28219E-1 9.42354E-2 7.13748E-2 4.79704E-2 6.64422E-2 6.78677E-2 1.51284E-1 1.02045E-1 9.11954E-2 2.05238E-1 1.72032E-1
2.94827E-1 2.81981E-1 2.93653E-1 2.82749E-1 2.97712E-1 2.63029E-1 2.76858E-1 9.52431E-2 7.49726E-2 8.27672E-2 9.06072E-2 1.74728E-1 4.96218E-1 6.92468E-1 5.09931E-1 4.4449E-1 2.72606E-1 4.12958E-1 2.66816E-1 4.13181E-1 4.83018E-1 1.95154E-1 8.67358E-2 7.7502E-2 1.89001E-1 1.71102E-1 6.2915E-2 5.61894E-2 5.28821E-2 4.5214E-2 8.59842E-2 1.05148E-1 5.35137E-2 5.74508E-2 4.80293E-1 1.99709E-1 1.31824E-1 5.9748E-2 5.2945E-2 5.84126E-2 5.90069E-2 6.52293E-2 7.21773E-2 8.94139E-2 4.52204E-1 5.47588E-1 1.51805E-1 1.51737E-1 3.52471E-1 6.58393E-1 6.52197E-1 2.64053E-1 9.2884E-2 7.2135E-2 8.40134E-2 8.2321E-2 2.52923E-1 1.07156E-1 1.71688E-1 2.39383E-1 6.85157E-2
2.84831E-1 2.98152E-1 2.91139E-1 2.8718E-1 2.70247E-1 2.72702E-1 3.14342E-1 3.09954E-1 2.71932E-1 2.58164E-1 1.10928E-1 8.81443E-2 9.72375E-2 1.49618E-1 6.85849E-1 6.93764E-1 4.75805E-1 4.48833E-1 4.844E-1 4.73158E-1 4.93481E-1 1.12653E-1 8.4846E-2 6.4825E-1 2.23137E-1 7.21094E-2 5.827E-2 5.4408E-2 6.15175E-2 6.49986E-2 5.74761E-2 5.15018E-2 1.00242E-1 2.17322E-1 6.14766E-1 7.4051E-2 6.50505E-2 6.81489E-2 6.57873E-2 7.33247E-2 5.84224E-2 1.45719E-1 1.88712E-1 6.67634E-1 7.64741E-1 5.47097E-1 3.74224E-1 5.58254E-1 6.26059E-1 6.75525E-1 2.27161E-1 1.02089E-1 7.85658E-2 6.68631E-2 2.17004E-1 9.59764E-2 1.70459E-1 4.77048E-1 2.27907E-1 1.75146E-1 7.81746E-2
4.64079E-1 2.91007E-1 2.55335E-1 2.88337E-1 2.75388E-1 2.90732E-1 2.70421E-1 2.96724E-1 2.70371E-1 2.76881E-1 2.91565E-1 2.83772E-1 2.92876E-1 1.04269E-1 9.03359E-2 3.86142E-1 4.89334E-1 4.90826E-1 4.86768E-1 5.08599E-1 5.39071E-1 4.59921E-1 4.3944E-1 4.64123E-1 9.97275E-2 9.02607E-2 7.33818E-2 5.98214E-2 5.20478E-1 8.34981E-2 6.87225E-2 6.66892E-2 6.41876E-2 2.16637E-1 6.37496E-1 1.52671E-1 1.4353E-1 1.84304E-1 1.75323E-1 7.38113E-2 6.47744E-2 1.41886E-1 1.48118E-1 2.91892E-1 6.74213E-1 6.4345E-1 7.47522E-1 5.607E-1 6.57412E-1 6.48819E-1 2.27411E-1 2.49432E-1 8.68481E-2 7.68852E-2 2.87744E-1 2.78851E-1 6.44786E-1 6.89738E-1 1.01462E-1 8.81743E-2 8.8927E-2
3.31331E-1 3.06096E-1 2.85727E-1 2.5717E-1 2.7669E-1 3.42925E-1 3.2822E-1 3.13379E-1 3.08379E-1 2.78132E-1 3.15634E-1 3.22192E-1 3.05128E-1 2.55824E-1 2.57655E-1 2.85869E-1 9.44329E-2 4.42528E-1 4.52281E-1 4.56579E-1 2.77714E-1 9.76316E-2 2.23161E-1 4.48093E-1 4.90429E-1 2.18712E-1 8.27948E-2 6.88239E-2 6.54456E-1 4.69203E-1 1.41224E-1 2.09321E-1 5.46988E-1 5.67805E-1 6.90935E-1 4.57817E-1 5.00728E-1 1.68322E-1 1.66955E-1 1.59055E-1 7.66278E-2 6.25212E-2 6.36261E-2 1.22442E-1 2.53807E-1 6.80335E-1 6.96905E-1 6.20359E-1 6.43652E-1 6.29314E-1 5.55799E-1 2.37798E-1 2.02745E-1 1.61888E-1 6.35124E-2 1.8997E-1 2.29625E-1 2.54154E-1 6.04824E-1 1.02309E-1 1.91367E-1
2.92401E-1 3.21905E-1 2.87865E-1 4.1161E-1 4.01216E-1 2.5543E-1 2.87226E-1 2.56137E-1 2.56346E-1 4.21518E-1 4.26302E-1 4.42942E-1 2.81033E-1 2.78359E-1 2.4836E-1 2.87192E-1 2.99445E-1 2.78237E-1 4.57722E-1 4.87766E-1 4.57186E-1 5.18842E-1 4.05306E-1 4.61161E-1 5.04469E-1 9.77504E-2 8.85663E-2 7.94702E-2 6.32945E-1 1.60941E-1 7.59498E-2 6.16472E-1 6.17908E-1 6.85403E-1 6.9472E-1 4.5481E-1 7.60762E-2 6.54199E-2 1.2477E-1 1.17264E-1 5.85871E-2 6.56879E-2 8.2958E-2 7.43111E-2 6.15388E-1 7.22857E-1 6.83776E-1 5.47786E-1 5.73692E-1 6.09043E-1 5.92409E-1 1.82492E-1 1.56157E-1 1.29559E-1 6.74488E-2 7.04514E-2 7.73568E-2 2.4281E-1 6.71834E-1 6.76127E-1 6.64746E-1
2.93279E-1 3.2773E-1 2.81371E-1 4.43605E-1 6.16393E-1 6.05034E-1 4.11714E-1 4.66189E-1 3.01862E-1 2.87884E-1 4.50325E-1 5.0532E-1 5.22292E-1 5.33605E-1 4.8777E-1 4.50251E-1 3.02131E-1 3.23472E-1 2.78771E-1 2.38731E-1 4.87172E-1 4.48807E-1 5.08279E-1 5.27067E-1 5.16035E-1 6.90566E-1 4.96191E-1 4.44469E-1 4.93714E-1 2.45893E-1 5.7147E-1 6.2605E-1 7.02049E-1 4.78854E-1 3.96653E-1 8.19025E-2 8.34823E-2 1.44797E-1 1.41425E-1 6.78075E-2 6.71446E-2 2.28299E-1 8.07839E-2 8.09684E-2 2.80821E-1 6.75755E-1 6.60422E-1 6.83658E-1 7.75578E-1 5.92583E-1 3.49465E-1 2.06073E-1 1.62904E-1 6.22119E-2 1.91212E-1 7.47299E-2 2.45399E-1 8.59839E-2 2.22854E-1 6.30968E-1 7.24333E-1
2.69288E-1 2.73125E-1 2.77757E-1 2.99517E-1 2.88669E-1 4.01068E-1 4.14761E-1 4.31969E-1 4.54888E-1 4.25549E-1 4.61677E-1 4.83781E-1 4.8635E-1 4.7515E-1 2.95032E-1 4.24083E-1 5.15104E-1 4.5373E-1 2.87855E-1 3.09081E-1 2.76684E-1 2.58603E-1 3.86814E-1 4.92069E-1 1.65867E-1 1.3722E-1 6.81231E-1 4.43032E-1 4.22895E-1 6.43586E-1 5.06511E-1 4.85322E-1 4.12062E-1 4.09916E-1 4.02079E-1 3.9638E-1 4.61572E-1 4.4532E-1 5.18583E-1 1.68985E-1 6.04295E-2 2.02272E-1 5.84294E-1 8.90122E-2 9.15824E-2 1.61121E-1 6.55431E-1 6.50463E-1 6.93006E-1 5.91311E-1 1.82577E-1 1.42888E-1 1.09828E-1 6.32932E-2 2.03897E-1 8.42551E-2 5.83862E-1 6.29134E-1 6.37389E-1 7.03664E-1 4.95029E-1
2.68431E-1 2.65209E-1 2.55345E-1 2.55684E-1 2.73133E-1 2.58781E-1 3.01774E-1 2.99444E-1 2.93905E-1 2.86293E-1 4.29063E-1 2.91847E-1 2.85085E-1 2.99006E-1 2.97748E-1 2.66521E-1 2.73143E-1 2.79679E-1 6.699E-1 4.31944E-1 4.45528E-1 2.92799E-1 4.80613E-1 1.06936E-1 8.65933E-2 1.37273E-1 6.14234E-1 6.44556E-1 6.88389E-1 5.11811E-1 4.68725E-1 6.80764E-1 6.84485E-1 6.44469E-1 7.10223E-1 4.56446E-1 5.02537E-1 4.75883E-1 1.72749E-1 6.53172E-2 1.03857E-1 5.21761E-1 5.5656E-1 6.03775E-1 4.8953E-1 2.03958E-1 6.8213E-1 6.18101E-1 6.42555E-1 7.18105E-1 2.31026E-1 1.23688E-1 2.11057E-1 2.15929E-1 2.8939E-1 6.44512E-1 6.01126E-1 6.93755E-1 6.74338E-1 6.61811E-1 6.43564E-1
2.67509E-1 2.67075E-1 2.57091E-1 2.64266E-1 2.59187E-1 2.54719E-1 2.68921E-1 2.64273E-1 2.53124E-1 2.56621E-1 2.85218E-1 2.83011E-1 2.82323E-1 2.80007E-1 2.88147E-1 2.84807E-1 2.56334E-1 2.63049E-1 2.71183E-1 4.48217E-1 4.68527E-1 5.11575E-1 4.91411E-1 2.94636E-1 2.79831E-1 9.00662E-2 3.61573E-1 6.35022E-1 6.48356E-1 6.47168E-1 6.78146E-1 5.50423E-1 5.09386E-1 6.02829E-1 6.45014E-1 6.9353E-1 4.69156E-1 7.93918E-2 7.28696E-2 6.74864E-2 1.15937E-1 2.48188E-1 5.30753E-1 6.33243E-1 6.22122E-1 4.13668E-1 6.46489E-1 5.96283E-1 5.98362E-1 6.91977E-1 3.40414E-1 1.13397E-1 2.17395E-1 5.60524E-1 6.04844E-1 6.08257E-1 6.5648E-1 7.02206E-1 6.52258E-1 6.84432E-1 1.68738E-1
2.63973E-1 2.64269E-1 2.6477E-1 2.6608E-1 2.55631E-1 2.58526E-1 2.65705E-1 2.5849E-1 2.58894E-1 4.3167E-1 2.63331E-1 2.61717E-1 2.67258E-1 2.73131E-1 2.86109E-1 2.79211E-1 2.58022E-1 2.78253E-1 4.04815E-1 2.75525E-1 2.75663E-1 2.82101E-1 2.77335E-1 4.2267E-1 4.78127E-1 2.8328E-1 6.00952E-1 4.51933E-1 4.14335E-1 4.60337E-1 6.90934E-1 5.34908E-1 1.7452E-1 1.23123E-1 5.58684E-1 6.07423E-1 4.71656E-1 4.08841E-1 8.54456E-2 3.65216E-1 1.90398E-1 1.50896E-1 2.32753E-1 5.41559E-1 6.12132E-1 6.33829E-1 6.38615E-1 4.61658E-1 2.94334E-1 2.64441E-1 2.52555E-1 2.2018E-1 2.2761E-1 4.93479E-1 6.08452E-1 6.70138E-1 6.87808E-1 6.68211E-1 6.2275E-1 2.53588E-1 7.10955E-2
