Artocarpus heterophyllus SDM files/MIS19/results (with bias file)/Arthet_min.asc
ncols         625
nrows         721
xllcorner     69.99986311115
yllcorner     5.99986187915
cellsize      0.041666667
NODATA_value  -9999
[rows 162 to 188 of 721, columns 122 to 182 of 625]
3.87478E-1 3.88127E-1 4.13777E-1 4.12632E-1 4.12631E-1 4.17636E-1 4.17352E-1 4.2722E-1 4.34132E-1 4.36166E-1 4.46279E-1 4.52919E-1 4.57407E-1 4.54556E-1 4.58297E-1 4.62258E-1 4.65508E-1 4.60978E-1 4.64414E-1 4.65578E-1 4.56196E-1 4.5756E-1 4.5907E-1 4.59824E-1 4.50507E-1 4.52029E-1 4.43384E-1 4.45587E-1 4.46743E-1 4.29086E-1 4.29843E-1 4.31441E-1 4.34181E-1 4.35673E-1 4.36935E-1 4.40435E-1 4.40869E-1 4.81513E-1 4.83174E-1 4.87732E-1 4.90762E-1 4.9108E-1 4.94909E-1 4.98105E-1 5.02069E-1 5.06183E-1 5.09221E-1 5.07868E-1 5.10159E-1 5.0591E-1 5.1236E-1 5.14317E-1 5.17804E-1 5.17688E-1 5.20925E-1 5.29039E-1 5.36793E-1 5.33589E-1 5.31746E-1 5.32937E-1 5.20623E-1
3.86173E-1 3.8652E-1 3.89199E-1 4.07387E-1 4.12681E-1 4.17736E-1 4.19615E-1 4.17435E-1 4.27305E-1 4.3843E-1 4.44228E-1 4.46279E-1 4.46694E-1 4.52127E-1 4.56769E-1 4.60258E-1 4.5494E-1 4.58068E-1 4.61582E-1 4.65101E-1 4.56234E-1 4.5713E-1 4.57883E-1 4.58889E-1 4.50794E-1 4.41678E-1 4.42476E-1 4.44679E-1 4.46327E-1 4.28177E-1 4.29108E-1 4.32346E-1 4.33838E-1 4.35107E-1 4.38603E-1 4.6024E-1 4.41081E-1 5.0857E-1 5.09322E-1 5.15276E-1 5.15986E-1 4.88744E-1 4.94068E-1 4.97549E-1 5.01341E-1 5.02763E-1 5.05164E-1 5.03896E-1 5.06482E-1 5.0804E-1 5.12377E-1 5.1185E-1 5.18512E-1 5.18512E-1 5.18303E-1 5.22337E-1 5.35154E-1 5.31325E-1 5.30017E-1 5.27495E-1 5.21847E-1
3.83672E-1 3.87478E-1 3.96138E-1 4.16707E-1 4.12421E-1 4.19133E-1 4.1267E-1 4.21009E-1 4.21636E-1 4.28751E-1 4.3596E-1 4.41393E-1 4.49785E-1 4.50152E-1 4.5285E-1 4.57137E-1 4.54005E-1 4.55965E-1 4.59523E-1 4.62527E-1 4.64505E-1 4.55917E-1 4.47244E-1 4.49204E-1 4.50019E-1 4.40839E-1 4.42941E-1 4.44522E-1 4.45785E-1 4.46925E-1 4.49696E-1 4.3156E-1 4.52545E-1 4.55102E-1 4.574E-1 4.58463E-1 4.59704E-1 5.07985E-1 5.08737E-1 5.12583E-1 5.13488E-1 5.18962E-1 5.2349E-1 5.24615E-1 5.29618E-1 5.33829E-1 5.01728E-1 5.0648E-1 5.06917E-1 5.03812E-1 5.10011E-1 5.10906E-1 5.14227E-1 5.158E-1 5.1447E-1 5.18736E-1 5.2252E-1 5.21059E-1 5.22564E-1 5.17785E-1 5.3039E-1
3.84901E-1 3.8828E-1 3.94286E-1 3.96138E-1 4.17431E-1 4.19133E-1 4.15793E-1 4.15422E-1 4.14922E-1 4.2739E-1 4.35763E-1 4.35968E-1 4.47294E-1 4.44985E-1 4.51033E-1 4.55051E-1 4.50453E-1 4.52647E-1 4.57418E-1 4.59901E-1 4.53409E-1 4.55379E-1 4.57931E-1 4.48731E-1 4.49276E-1 4.40841E-1 4.41926E-1 4.43787E-1 4.45049E-1 4.47406E-1 4.48674E-1 4.51313E-1 4.51984E-1 4.54174E-1 4.55516E-1 4.57369E-1 4.58608E-1 5.05149E-1 5.12715E-1 5.11739E-1 5.12343E-1 5.16457E-1 5.17472E-1 5.22256E-1 5.26448E-1 5.27272E-1 5.32381E-1 5.36579E-1 5.03645E-1 5.04604E-1 5.05781E-1 5.06951E-1 5.10581E-1 5.12238E-1 5.15383E-1 5.20603E-1 5.18998E-1 5.11601E-1 5.24084E-1 5.2754E-1 5.28911E-1
3.8083E-1 3.82129E-1 3.90315E-1 3.94316E-1 3.94488E-1 4.09676E-1 4.09491E-1 4.1811E-1 4.19783E-1 4.24364E-1 4.2739E-1 4.2777E-1 4.37429E-1 4.36332E-1 4.43953E-1 4.5112E-1 4.47135E-1 4.5202E-1 4.56054E-1 4.52017E-1 4.53759E-1 4.56104E-1 4.46713E-1 4.48813E-1 4.50011E-1 4.40554E-1 4.41367E-1 4.44141E-1 4.453E-1 4.29811E-1 4.49448E-1 4.50435E-1 4.52825E-1 4.53861E-1 4.5503E-1 4.56735E-1 4.57447E-1 5.04409E-1 5.11928E-1 5.12536E-1 5.10252E-1 5.19168E-1 5.16626E-1 5.17596E-1 5.22076E-1 5.29972E-1 5.32532E-1 5.36959E-1 5.40459E-1 5.03447E-1 5.03596E-1 5.04513E-1 5.08394E-1 5.10047E-1 5.14229E-1 5.13504E-1 5.11741E-1 5.23984E-1 5.26605E-1 5.24702E-1 5.27585E-1
3.78344E-1 3.78483E-1 3.8609E-1 3.87549E-1 3.93579E-1 4.12779E-1 4.19005E-1 4.13734E-1 4.14579E-1 4.21576E-1 4.25889E-1 4.2756E-1 4.31573E-1 4.29498E-1 4.37879E-1 4.45072E-1 4.44411E-1 4.49029E-1 4.53097E-1 4.56055E-1 4.53069E-1 4.54517E-1 4.45835E-1 4.47681E-1 4.48885E-1 4.50189E-1 4.41994E-1 4.42805E-1 4.4474E-1 4.45899E-1 4.47165E-1 4.95783E-1 4.97027E-1 4.98214E-1 5.01264E-1 5.02166E-1 5.09409E-1 5.03566E-1 5.07398E-1 5.14784E-1 5.15806E-1 5.21193E-1 5.22064E-1 5.21072E-1 5.22098E-1 5.26097E-1 5.26358E-1 5.32088E-1 5.34264E-1 5.39202E-1 5.03212E-1 5.05611E-1 5.0734E-1 5.07861E-1 5.10182E-1 5.12876E-1 5.11625E-1 5.11168E-1 5.19397E-1 5.21512E-1 5.24435E-1
3.77457E-1 3.81271E-1 3.80489E-1 3.82255E-1 3.8961E-1 3.90772E-1 4.10984E-1 4.12638E-1 4.16577E-1 4.22902E-1 4.25974E-1 4.24308E-1 4.35733E-1 4.40065E-1 4.42067E-1 4.49021E-1 4.43171E-1 4.53501E-1 4.49291E-1 4.54402E-1 4.51925E-1 4.53598E-1 4.558E-1 4.5681E-1 4.49326E-1 4.5044E-1 4.51544E-1 4.42241E-1 4.43509E-1 4.44851E-1 4.47272E-1 4.48259E-1 4.96337E-1 4.97328E-1 4.98874E-1 5.05839E-1 5.06749E-1 5.07507E-1 5.09881E-1 5.14085E-1 5.14801E-1 5.16904E-1 5.20891E-1 5.21461E-1 5.22139E-1 5.26342E-1 5.31415E-1 5.25561E-1 5.29308E-1 5.34788E-1 5.3819E-1 5.41155E-1 5.03628E-1 5.06737E-1 5.07812E-1 5.10132E-1 5.09636E-1 5.1094E-1 5.13347E-1 5.10928E-1 5.12494E-1
3.53085E-1 3.75886E-1 3.7949E-1 3.84526E-1 3.89795E-1 3.94366E-1 3.94689E-1 4.11868E-1 4.07078E-1 4.16577E-1 4.1718E-1 4.2006E-1 4.25748E-1 4.36936E-1 4.36112E-1 4.51525E-1 4.44214E-1 4.4413E-1 4.56351E-1 4.51197E-1 4.55577E-1 4.53512E-1 4.54806E-1 4.56485E-1 4.48214E-1 4.49498E-1 4.40134E-1 4.42592E-1 4.43402E-1 4.44849E-1 4.5648E-1 4.58131E-1 4.59425E-1 4.95422E-1 5.02671E-1 5.03477E-1 5.04238E-1 5.06765E-1 5.07523E-1 4.77611E-1 4.78236E-1 5.14291E-1 5.14552E-1 5.15426E-1 5.20971E-1 5.21957E-1 5.22834E-1 5.25557E-1 5.31342E-1 5.28401E-1 5.33265E-1 5.38912E-1 5.0154E-1 5.05264E-1 5.09291E-1 5.08689E-1 5.0636E-1 5.03168E-1 5.09884E-1 5.08708E-1 5.10336E-1
3.96738E-1 3.51533E-1 3.81644E-1 3.78531E-1 3.79828E-1 3.88132E-1 3.9397E-1 3.91032E-1 4.00338E-1 4.06926E-1 4.10665E-1 4.22986E-1 4.20144E-1 4.30084E-1 4.38486E-1 4.41337E-1 4.36942E-1 4.47478E-1 4.35675E-1 4.55666E-1 4.52423E-1 4.54511E-1 4.53887E-1 4.55935E-1 4.57004E-1 4.58614E-1 4.49571E-1 4.51646E-1 4.52468E-1 4.54081E-1 4.55908E-1 4.56668E-1 4.58671E-1 4.6004E-1 4.60942E-1 4.61411E-1 4.62348E-1 4.74304E-1 4.7559E-1 4.76217E-1 4.76551E-1 4.87732E-1 4.89155E-1 5.2052E-1 5.14676E-1 5.22232E-1 5.2541E-1 5.20753E-1 5.25156E-1 5.23859E-1 5.2734E-1 5.34199E-1 5.39481E-1 5.02045E-1 5.06257E-1 5.05668E-1 5.06406E-1 5.02274E-1 5.08563E-1 5.09834E-1 5.08314E-1
3.86882E-1 3.87283E-1 3.47062E-1 3.80004E-1 3.78728E-1 3.78459E-1 3.87203E-1 3.86412E-1 3.86002E-1 4.03915E-1 4.02851E-1 4.07003E-1 4.15392E-1 4.27878E-1 4.29801E-1 4.29838E-1 4.25791E-1 4.36962E-1 4.52176E-1 4.4464E-1 4.5055E-1 4.55179E-1 4.54451E-1 4.56864E-1 4.47842E-1 4.84016E-1 4.87809E-1 4.92572E-1 4.94011E-1 4.98067E-1 4.95971E-1 4.55555E-1 4.56668E-1 4.57676E-1 4.59046E-1 4.70518E-1 4.72093E-1 4.72243E-1 4.83367E-1 4.83816E-1 4.84374E-1 4.85605E-1 4.8714E-1 4.87479E-1 4.87929E-1 5.18554E-1 5.21529E-1 5.21793E-1 5.20199E-1 5.24445E-1 5.28156E-1 5.27009E-1 5.33132E-1 5.02139E-1 5.04726E-1 5.05887E-1 5.01683E-1 5.02043E-1 5.07535E-1 5.08927E-1 5.07353E-1
3.80508E-1 3.83613E-1 3.83203E-1 3.45673E-1 3.47262E-1 3.75987E-1 3.78346E-1 3.79793E-1 3.92397E-1 3.903E-1 3.95753E-1 4.05314E-1 4.03197E-1 4.0764E-1 4.1998E-1 4.27898E-1 4.36769E-1 4.37048E-1 4.4484E-1 4.42279E-1 4.56126E-1 4.6026E-1 4.53529E-1 4.61578E-1 4.8268E-1 4.87048E-1 4.91694E-1 4.88649E-1 4.91565E-1 4.93013E-1 4.93865E-1 4.9452E-1 4.95326E-1 4.96333E-1 5.03291E-1 4.70376E-1 4.82012E-1 4.71693E-1 4.72135E-1 4.72996E-1 4.84131E-1 4.85136E-1 4.85694E-1 4.86406E-1 4.97009E-1 4.86745E-1 4.88236E-1 5.18943E-1 5.21081E-1 5.24668E-1 5.28898E-1 5.27956E-1 5.27423E-1 5.3871E-1 5.03634E-1 5.02815E-1 4.9639E-1 4.99957E-1 5.05666E-1 5.07419E-1 5.09424E-1
3.70399E-1 3.72977E-1 3.80985E-1 3.78428E-1 3.38961E-1 3.44421E-1 3.74415E-1 3.73193E-1 3.81059E-1 3.86293E-1 3.91442E-1 4.02602E-1 4.10697E-1 4.08189E-1 4.12174E-1 4.14052E-1 4.33101E-1 4.4033E-1 4.5032E-1 4.46209E-1 4.59075E-1 4.57154E-1 4.5475E-1 4.76731E-1 4.81177E-1 4.86685E-1 4.90494E-1 4.94423E-1 4.91179E-1 4.98841E-1 4.637E-1 4.53977E-1 4.95081E-1 4.66885E-1 4.67177E-1 4.68757E-1 4.79764E-1 4.80434E-1 4.82537E-1 4.8291E-1 4.8325E-1 4.83623E-1 4.83886E-1 4.95311E-1 4.9519E-1 4.9524E-1 4.8593E-1 4.87347E-1 4.88053E-1 5.14099E-1 5.24798E-1 5.2906E-1 5.24887E-1 5.32864E-1 5.02629E-1 5.01399E-1 5.01035E-1 5.03535E-1 5.00634E-1 5.06344E-1 5.03118E-1
3.65519E-1 3.6356E-1 3.66826E-1 3.73159E-1 3.75878E-1 3.43763E-1 3.70589E-1 3.75613E-1 3.79872E-1 3.9229E-1 3.99148E-1 4.04638E-1 4.11351E-1 4.17256E-1 4.21214E-1 4.1757E-1 4.26652E-1 4.36648E-1 4.53013E-1 4.64959E-1 4.61803E-1 4.53442E-1 4.52723E-1 4.57647E-1 4.60429E-1 4.56151E-1 4.57915E-1 4.59452E-1 4.61491E-1 4.62408E-1 4.6336E-1 4.64387E-1 4.65239E-1 4.66007E-1 4.66666E-1 4.67694E-1 4.79281E-1 4.7973E-1 4.80289E-1 4.80849E-1 4.81596E-1 4.82717E-1 4.94392E-1 4.9477E-1 4.9371E-1 4.93899E-1 4.94778E-1 4.84982E-1 4.87118E-1 5.11305E-1 5.18566E-1 5.21325E-1 5.20501E-1 5.30973E-1 5.01399E-1 4.99031E-1 4.96854E-1 5.01651E-1 5.00222E-1 5.03905E-1 5.02163E-1
3.52072E-1 3.57062E-1 3.64593E-1 3.64651E-1 3.70953E-1 3.40259E-1 3.45605E-1 3.69769E-1 3.74995E-1 3.89632E-1 3.94814E-1 4.01658E-1 4.10739E-1 4.17752E-1 4.16736E-1 4.18463E-1 4.23857E-1 4.30993E-1 4.39665E-1 4.41772E-1 4.51502E-1 4.49017E-1 4.48502E-1 4.51583E-1 4.57594E-1 4.6267E-1 4.66441E-1 4.68177E-1 4.69971E-1 4.60627E-1 4.61471E-1 4.62608E-1 4.6316E-1 4.74988E-1 4.65072E-1 4.76408E-1 4.76891E-1 4.7745E-1 4.77636E-1 4.78306E-1 4.90908E-1 4.91663E-1 4.92196E-1 4.92686E-1 4.92051E-1 4.91862E-1 4.8098E-1 4.82928E-1 4.74432E-1 5.08967E-1 5.10787E-1 5.17137E-1 5.18261E-1 4.92966E-1 4.9866E-1 4.97634E-1 4.97286E-1 4.9659E-1 5.03617E-1 5.01034E-1 5.01536E-1
3.50795E-1 3.51242E-1 3.59531E-1 3.612E-1 3.69471E-1 3.78635E-1 3.83412E-1 3.69769E-1 3.73427E-1 3.88268E-1 3.92065E-1 4.02636E-1 4.06854E-1 4.05762E-1 4.13812E-1 4.14449E-1 4.22761E-1 4.23051E-1 4.3682E-1 4.3308E-1 4.43245E-1 4.44606E-1 4.50134E-1 4.50402E-1 4.58712E-1 4.60778E-1 4.62646E-1 4.66331E-1 4.68055E-1 4.69923E-1 4.59142E-1 4.60354E-1 4.7166E-1 4.62229E-1 4.73749E-1 4.74158E-1 4.74906E-1 4.75953E-1 4.77827E-1 4.78201E-1 4.88832E-1 4.89667E-1 4.90124E-1 4.92323E-1 4.92702E-1 4.81324E-1 4.81809E-1 4.72884E-1 4.73252E-1 5.04358E-1 5.07601E-1 5.13029E-1 5.18154E-1 5.2505E-1 4.9782E-1 4.92592E-1 4.91884E-1 4.99433E-1 4.97333E-1 5.02044E-1 5.00824E-1
3.44907E-1 3.52453E-1 3.51242E-1 3.57082E-1 3.61992E-1 3.68716E-1 3.72398E-1 3.69769E-1 3.77587E-1 3.89632E-1 3.94814E-1 3.95744E-1 3.98879E-1 4.05762E-1 4.13895E-1 4.22027E-1 4.22422E-1 4.21618E-1 4.35707E-1 4.30603E-1 4.37457E-1 4.40662E-1 4.45726E-1 4.48086E-1 4.59525E-1 4.5371E-1 4.60236E-1 4.63772E-1 4.65135E-1 4.65922E-1 4.67723E-1 4.60517E-1 4.70234E-1 4.71279E-1 4.71653E-1 4.82533E-1 4.83214E-1 4.74719E-1 4.86661E-1 4.87041E-1 4.77876E-1 4.89176E-1 4.78549E-1 4.79111E-1 4.80095E-1 4.80984E-1 4.81373E-1 4.70161E-1 4.60685E-1 4.96315E-1 5.10893E-1 5.15997E-1 5.12721E-1 4.91017E-1 4.94028E-1 4.93429E-1 4.96355E-1 4.98626E-1 4.98582E-1 4.96498E-1 5.00164E-1
3.39346E-1 3.52261E-1 3.49099E-1 3.53931E-1 3.60026E-1 3.64854E-1 3.69751E-1 3.612E-1 3.72337E-1 3.84058E-1 3.93438E-1 3.96684E-1 4.05534E-1 4.12152E-1 4.11149E-1 4.18161E-1 4.29245E-1 4.29628E-1 4.32445E-1 4.28813E-1 4.37196E-1 4.37817E-1 4.36523E-1 4.48869E-1 4.45403E-1 4.51255E-1 4.56199E-1 4.60236E-1 4.54675E-1 4.5606E-1 4.67736E-1 4.69736E-1 4.69278E-1 4.70214E-1 4.71187E-1 4.71092E-1 4.82421E-1 4.83024E-1 4.84463E-1 4.86851E-1 4.87989E-1 4.88369E-1 4.78063E-1 4.78437E-1 4.79298E-1 4.71009E-1 4.69902E-1 4.60005E-1 4.60856E-1 4.70015E-1 5.10847E-1 5.18618E-1 5.11753E-1 4.90524E-1 4.90937E-1 4.93809E-1 4.91698E-1 4.94162E-1 4.98531E-1 4.9578E-1 4.97898E-1
3.30172E-1 3.39161E-1 3.51242E-1 3.52576E-1 3.5995E-1 3.65085E-1 3.35634E-1 3.60994E-1 3.68686E-1 3.8041E-1 3.87449E-1 3.92395E-1 3.97823E-1 4.0446E-1 4.19282E-1 4.2102E-1 4.26438E-1 4.35062E-1 4.32791E-1 4.32822E-1 4.38573E-1 4.44455E-1 4.34049E-1 4.49309E-1 4.54523E-1 4.50577E-1 4.57872E-1 4.58028E-1 4.53827E-1 4.55137E-1 4.5691E-1 4.58383E-1 4.60038E-1 4.69915E-1 4.70776E-1 4.82405E-1 4.73813E-1 4.84418E-1 4.74975E-1 4.86354E-1 4.878E-1 4.9008E-1 4.79325E-1 4.80498E-1 4.80124E-1 4.69792E-1 4.58312E-1 4.47343E-1 4.59126E-1 4.72734E-1 5.05329E-1 4.77692E-1 4.86813E-1 4.89287E-1 4.90197E-1 4.93386E-1 4.92197E-1 4.94475E-1 4.95636E-1 4.94754E-1 4.97913E-1
3.28953E-1 3.40334E-1 3.49129E-1 3.54157E-1 3.52921E-1 3.59074E-1 3.34903E-1 3.55153E-1 3.6594E-1 3.74485E-1 3.80889E-1 3.87028E-1 3.99126E-1 4.03064E-1 4.09991E-1 4.16992E-1 4.23902E-1 4.33603E-1 4.29887E-1 4.36824E-1 4.30261E-1 4.30453E-1 4.43147E-1 4.59886E-1 4.74806E-1 4.69827E-1 4.74375E-1 4.58662E-1 4.66481E-1 4.6828E-1 4.69589E-1 4.68831E-1 4.6913E-1 4.68868E-1 4.69728E-1 4.81153E-1 4.82595E-1 4.84988E-1 4.743E-1 4.86164E-1 4.86735E-1 4.87609E-1 4.77455E-1 4.79819E-1 4.69303E-1 4.68747E-1 4.46566E-1 4.57019E-1 4.56803E-1 4.72146E-1 4.72885E-1 4.77003E-1 4.82867E-1 4.86731E-1 4.87704E-1 4.93458E-1 4.90021E-1 4.91961E-1 4.89811E-1 4.92418E-1 4.9409E-1
3.22127E-1 3.33591E-1 3.41834E-1 3.5025E-1 3.5157E-1 3.56418E-1 3.35191E-1 3.60234E-1 3.66833E-1 3.71897E-1 3.81778E-1 3.87028E-1 3.99374E-1 4.04378E-1 4.09909E-1 4.19517E-1 4.26699E-1 4.32411E-1 4.38254E-1 4.35363E-1 4.30176E-1 4.24761E-1 4.22575E-1 4.39544E-1 4.63805E-1 4.66951E-1 4.6123E-1 4.58573E-1 4.63141E-1 4.65135E-1 4.6654E-1 4.67169E-1 4.67873E-1 4.68756E-1 4.6898E-1 4.80851E-1 4.81722E-1 4.83165E-1 4.83848E-1 4.85861E-1 4.75538E-1 4.7659E-1 4.7689E-1 4.20012E-1 4.19559E-1 4.71301E-1 4.37032E-1 4.37285E-1 4.32069E-1 4.67903E-1 4.65278E-1 4.76567E-1 4.84715E-1 4.82047E-1 4.87094E-1 4.86495E-1 4.89358E-1 4.87626E-1 4.89976E-1 4.92366E-1 4.93158E-1
3.25733E-1 3.31271E-1 3.36039E-1 3.52605E-1 3.55209E-1 3.32798E-1 3.52892E-1 3.59177E-1 3.70364E-1 3.73703E-1 3.78853E-1 3.86357E-1 3.92869E-1 4.01071E-1 4.07644E-1 4.14373E-1 4.28059E-1 4.36703E-1 4.36703E-1 4.3009E-1 4.34104E-1 4.26715E-1 4.37346E-1 4.48539E-1 4.52372E-1 4.51693E-1 4.60305E-1 4.57969E-1 4.05297E-1 4.15032E-1 4.07239E-1 4.18783E-1 4.20188E-1 4.21065E-1 4.21697E-1 4.22237E-1 4.23049E-1 4.34217E-1 4.34683E-1 4.35055E-1 4.26812E-1 4.26918E-1 4.17257E-1 4.08455E-1 4.08969E-1 4.64753E-1 4.37227E-1 4.37393E-1 4.43814E-1 4.64938E-1 4.65385E-1 4.8925E-1 5.2022E-1 5.12229E-1 4.81247E-1 4.84899E-1 4.84106E-1 4.85035E-1 4.8727E-1 4.87076E-1 4.90778E-1
3.40688E-1 3.37275E-1 3.4898E-1 3.53144E-1 3.58007E-1 3.34821E-1 3.54096E-1 3.59799E-1 3.71236E-1 3.70803E-1 3.75923E-1 3.90373E-1 3.98217E-1 4.0649E-1 4.16921E-1 4.25433E-1 4.24285E-1 4.28613E-1 4.31172E-1 4.37543E-1 4.39778E-1 4.438E-1 4.6112E-1 4.7089E-1 4.7486E-1 4.6704E-1 4.62235E-1 4.59089E-1 4.62622E-1 4.07239E-1 4.16336E-1 4.17585E-1 4.19016E-1 4.21136E-1 4.32173E-1 4.33105E-1 4.23474E-1 4.24181E-1 4.24464E-1 4.35116E-1 4.26001E-1 4.06191E-1 3.97709E-1 3.87101E-1 4.28177E-1 4.31844E-1 4.30124E-1 4.36261E-1 4.39364E-1 4.47421E-1 5.229E-1 5.2279E-1 5.16593E-1 5.06507E-1 4.84046E-1 4.85149E-1 4.87734E-1 4.84365E-1 4.86483E-1 4.86125E-1 4.89204E-1
3.4319E-1 3.43431E-1 3.45678E-1 3.56919E-1 3.32044E-1 3.55378E-1 3.60032E-1 3.63312E-1 3.67448E-1 3.81303E-1 3.87556E-1 3.96754E-1 4.0616E-1 4.09058E-1 4.22556E-1 4.28236E-1 4.33961E-1 4.32625E-1 4.41316E-1 4.43067E-1 4.45845E-1 4.38845E-1 4.45328E-1 4.72008E-1 4.86598E-1 4.66862E-1 4.62413E-1 4.588E-1 4.61386E-1 4.14844E-1 4.15896E-1 4.17585E-1 4.19016E-1 4.19718E-1 4.22556E-1 4.23545E-1 4.33643E-1 4.24004E-1 4.24549E-1 4.24549E-1 4.16181E-1 4.16562E-1 3.98349E-1 4.24395E-1 4.25515E-1 4.33819E-1 4.33666E-1 4.94234E-1 4.48748E-1 4.60914E-1 5.00707E-1 5.14663E-1 5.05791E-1 5.05773E-1 4.83119E-1 4.82049E-1 4.86756E-1 4.86583E-1 4.99145E-1 4.85845E-1 4.97465E-1
3.00059E-1 3.45678E-1 3.50593E-1 3.56718E-1 3.37548E-1 3.57417E-1 3.61566E-1 3.64633E-1 3.74385E-1 3.88917E-1 3.96754E-1 3.93236E-1 4.07488E-1 4.12874E-1 4.199E-1 4.28189E-1 4.328E-1 4.46849E-1 4.48245E-1 4.54403E-1 4.59208E-1 4.51623E-1 4.51888E-1 4.79447E-1 4.67691E-1 4.58036E-1 4.63433E-1 4.59228E-1 4.61815E-1 4.05491E-1 4.06503E-1 4.17735E-1 4.19999E-1 4.78505E-1 4.31378E-1 4.33536E-1 4.23722E-1 4.24181E-1 4.24443E-1 4.25255E-1 4.16598E-1 4.16876E-1 4.17605E-1 4.10462E-1 4.73548E-1 4.4971E-1 4.91552E-1 4.93597E-1 5.04524E-1 5.12622E-1 4.86553E-1 5.06836E-1 4.9875E-1 4.74203E-1 4.79653E-1 4.84112E-1 4.88298E-1 4.946E-1 4.99409E-1 4.91059E-1 4.95276E-1
3.1104E-1 3.15587E-1 3.16697E-1 2.96151E-1 3.10877E-1 3.53987E-1 3.62263E-1 3.66415E-1 3.85239E-1 3.95608E-1 3.94528E-1 4.06086E-1 4.14458E-1 4.11996E-1 4.15915E-1 4.31001E-1 4.41143E-1 4.43019E-1 4.44361E-1 4.57454E-1 4.62753E-1 4.82103E-1 4.77521E-1 4.68341E-1 4.60861E-1 4.61645E-1 4.58764E-1 4.61638E-1 4.62312E-1 4.15685E-1 4.06503E-1 4.11547E-1 4.78991E-1 4.78156E-1 4.21687E-1 4.81687E-1 4.81782E-1 4.73012E-1 4.25527E-1 4.25431E-1 4.15973E-1 4.0667E-1 4.06841E-1 4.1688E-1 4.68133E-1 4.59994E-1 4.677E-1 4.90711E-1 4.8269E-1 4.88032E-1 4.72055E-1 4.9893E-1 4.97698E-1 4.73016E-1 4.72915E-1 4.83271E-1 4.95455E-1 4.93611E-1 4.9063E-1 4.97641E-1 5.00807E-1
3.17397E-1 3.25618E-1 3.0406E-1 3.13279E-1 3.21413E-1 3.2424E-1 3.27713E-1 3.76171E-1 3.93261E-1 4.02545E-1 4.0251E-1 4.05217E-1 4.10505E-1 4.20104E-1 4.21534E-1 4.27199E-1 4.32994E-1 4.35823E-1 4.44547E-1 4.54254E-1 4.62089E-1 4.76758E-1 4.85457E-1 4.67238E-1 4.62822E-1 4.65761E-1 4.62835E-1 4.64158E-1 4.64858E-1 4.63356E-1 3.98631E-1 4.11633E-1 4.77664E-1 4.78536E-1 4.80905E-1 4.81973E-1 4.71512E-1 4.73389E-1 4.73577E-1 4.74067E-1 4.63288E-1 4.06738E-1 3.99824E-1 4.55121E-1 4.56396E-1 4.71792E-1 4.79935E-1 4.97275E-1 4.80393E-1 4.60501E-1 4.91972E-1 4.92947E-1 4.71499E-1 4.76244E-1 4.86989E-1 4.87504E-1 4.94524E-1 4.87658E-1 4.87345E-1 4.93617E-1 4.9464E-1
3.24414E-1 3.0406E-1 3.19867E-1 3.19033E-1 3.28737E-1 3.27784E-1 3.25427E-1 3.26489E-1 3.38353E-1 3.93394E-1 4.05135E-1 4.11833E-1 4.17503E-1 4.18844E-1 4.16271E-1 4.19201E-1 4.20544E-1 4.2476E-1 4.37122E-1 4.46994E-1 4.54288E-1 4.58601E-1 4.63085E-1 4.67028E-1 4.69233E-1 4.62317E-1 4.64008E-1 4.64941E-1 4.6525E-1 4.07924E-1 4.01446E-1 4.18152E-1 4.73954E-1 4.70177E-1 4.79864E-1 4.71399E-1 4.72078E-1 4.74143E-1 4.62907E-1 4.62721E-1 4.5274E-1 3.96094E-1 3.8973E-1 4.45244E-1 4.31767E-1 4.84918E-1 5.06164E-1 4.87412E-1 4.69515E-1 4.5972E-1 4.97034E-1 4.96986E-1 4.7069E-1 4.80321E-1 4.8564E-1 4.87259E-1 4.89441E-1 4.82281E-1 4.87572E-1 4.87853E-1 4.90143E-1
