Artocarpus heterophyllus SDM files/MIS19/results (with bias file)/Arthet_7.asc
ncols         625
nrows         721
xllcorner     69.99986311115
yllcorner     5.99986187915
cellsize      0.041666667
NODATA_value  -9999
[rows 54 to 80 of 721, columns 488 to 548 of 625]
9.71871E-3 9.35625E-3 9.11144E-3 9.2966E-3 9.10018E-3 9.46059E-3 4.86521E-3 5.0264E-3 5.11218E-3 5.47614E-3 9.3638E-3 9.1768E-3 4.87192E-3 4.82282E-3 5.103E-3 5.23749E-3 5.12572E-3 5.66365E-3 1.02635E-2 1.01354E-2 5.13497E-3 5.47064E-3 5.63407E-3 5.61048E-3 5.40264E-3 5.18993E-3 5.13007E-3 8.89443E-3 5.08742E-3 5.03761E-3 5.0735E-3 5.13567E-3 5.09927E-3 5.33676E-3 5.26346E-3 5.23819E-3 5.73313E-3 5.72307E-3 5.90278E-3 5.44004E-3 5.67649E-3 6.35149E-3 6.17348E-3 5.5136E-3 3.90113E-3 3.95252E-3 3.96221E-3 4.07104E-3 6.29746E-3 5.70788E-3 3.9322E-3 4.26529E-3 4.23673E-3 6.83921E-3 6.74755E-3 6.25398E-3 5.94282E-3 3.91044E-3 4.03066E-3 6.71674E-3 6.52394E-3
1.00009E-2 9.42367E-3 9.17404E-3 9.19494E-3 9.2855E-3 4.95676E-3 4.71907E-3 4.86975E-3 5.55462E-3 9.86595E-3 9.0977E-3 9.05548E-3 4.68446E-3 5.12572E-3 9.89878E-3 9.86466E-3 5.41407E-3 1.01815E-2 5.54869E-3 9.97921E-3 9.55419E-3 5.15478E-3 5.49733E-3 5.39384E-3 5.29229E-3 5.14375E-3 5.30262E-3 5.20637E-3 5.17066E-3 5.0078E-3 3.46964E-3 3.59261E-3 5.61355E-3 1.07985E-2 5.48937E-3 5.2844E-3 6.11142E-3 5.89645E-3 5.63447E-3 5.51641E-3 6.29576E-3 6.11254E-3 5.51609E-3 3.79016E-3 3.90378E-3 3.91764E-3 4.02791E-3 6.34386E-3 6.53771E-3 5.96246E-3 5.87498E-3 6.19096E-3 4.08277E-3 4.28902E-3 6.81854E-3 6.58084E-3 5.94282E-3 4.00364E-3 4.0691E-3 4.44026E-3 6.64376E-3
5.32623E-3 1.03161E-2 9.61474E-3 9.37111E-3 9.20039E-3 4.74157E-3 5.21926E-3 1.03105E-2 1.03619E-2 9.35981E-3 9.34441E-3 4.73806E-3 4.84031E-3 5.35397E-3 1.03747E-2 5.46899E-3 5.53736E-3 5.69061E-3 1.00826E-2 9.93919E-3 9.68046E-3 9.18882E-3 5.1382E-3 9.32686E-3 5.00019E-3 5.08908E-3 5.16533E-3 5.15332E-3 5.12592E-3 5.42019E-3 5.35089E-3 5.66755E-3 1.06941E-2 5.61925E-3 5.23535E-3 3.79809E-3 1.1518E-2 1.07549E-2 5.63516E-3 5.75435E-3 5.94939E-3 3.59166E-3 5.56252E-3 5.67584E-3 5.6398E-3 3.91764E-3 3.95705E-3 4.21184E-3 6.38585E-3 6.14644E-3 6.54122E-3 6.47714E-3 5.89182E-3 4.12655E-3 4.37101E-3 6.88374E-3 6.48462E-3 6.07361E-3 6.33261E-3 6.39923E-3 6.6392E-3
5.38292E-3 1.07079E-2 1.01609E-2 9.23526E-3 9.49948E-3 4.86285E-3 5.19336E-3 1.03282E-2 9.93744E-3 9.28856E-3 9.01917E-3 4.75997E-3 4.90344E-3 5.33542E-3 1.0299E-2 5.24467E-3 5.70045E-3 9.82045E-3 5.33698E-3 9.50716E-3 9.00877E-3 8.86983E-3 8.89779E-3 9.30572E-3 9.24719E-3 9.26857E-3 5.18516E-3 9.94572E-3 9.45526E-3 5.41475E-3 5.4116E-3 5.65767E-3 5.47346E-3 5.15343E-3 3.62985E-3 3.86808E-3 6.11345E-3 6.1358E-3 1.0855E-2 1.04291E-2 5.51456E-3 5.3586E-3 6.16688E-3 5.7954E-3 5.66843E-3 5.6498E-3 5.80483E-3 4.20438E-3 6.3538E-3 6.4963E-3 6.64556E-3 6.40327E-3 6.51544E-3 6.43327E-3 6.15734E-3 6.32141E-3 6.71793E-3 1.21331E-2 6.02333E-3 6.11589E-3 4.17763E-3
5.22607E-3 1.04942E-2 1.04835E-2 9.728E-3 9.54376E-3 5.04646E-3 5.20241E-3 5.36742E-3 5.67325E-3 1.0164E-2 9.88311E-3 9.36941E-3 9.79223E-3 9.96667E-3 9.17094E-3 9.16294E-3 9.54311E-3 8.76419E-3 4.88335E-3 8.93795E-3 8.46273E-3 8.44701E-3 4.78932E-3 4.94867E-3 5.21754E-3 5.39744E-3 1.00187E-2 5.16149E-3 5.07335E-3 5.10024E-3 5.17602E-3 5.16216E-3 5.36895E-3 5.50219E-3 5.71763E-3 5.94602E-3 5.99685E-3 1.06703E-2 1.01916E-2 5.59419E-3 5.66852E-3 5.61555E-3 6.25171E-3 6.1613E-3 5.89356E-3 5.87776E-3 5.98963E-3 6.26355E-3 6.3736E-3 6.41871E-3 6.3736E-3 6.11652E-3 6.37498E-3 1.21756E-2 1.16083E-2 6.13571E-3 5.95245E-3 6.52877E-3 6.2379E-3 6.22822E-3 6.62275E-3
5.11806E-3 5.72627E-3 1.07703E-2 9.77417E-3 9.74805E-3 9.36693E-3 5.01192E-3 5.47721E-3 5.73442E-3 1.05481E-2 1.05069E-2 1.01459E-2 9.58068E-3 8.71541E-3 8.37619E-3 4.71502E-3 9.11759E-3 8.26548E-3 4.98046E-3 8.47834E-3 7.75766E-3 8.14942E-3 4.75144E-3 4.89878E-3 4.99406E-3 5.1803E-3 5.56077E-3 5.21419E-3 5.14878E-3 5.18068E-3 5.24459E-3 5.31826E-3 5.6183E-3 1.08297E-2 1.04942E-2 1.01515E-2 5.7325E-3 9.99674E-3 5.40023E-3 5.39354E-3 5.50607E-3 3.89459E-3 6.38827E-3 1.1351E-2 5.77032E-3 6.26915E-3 1.15047E-2 6.30224E-3 6.41247E-3 1.11485E-2 5.82658E-3 5.70909E-3 4.10789E-3 6.73709E-3 6.65662E-3 1.17396E-2 6.14655E-3 4.00018E-3 3.97684E-3 4.10826E-3 6.82824E-3
5.01679E-3 5.37429E-3 1.09819E-2 1.01387E-2 1.01465E-2 5.26169E-3 5.13578E-3 5.54933E-3 1.09229E-2 1.04532E-2 1.01404E-2 1.01869E-2 8.92211E-3 8.14595E-3 7.87715E-3 4.75603E-3 9.00176E-3 8.14993E-3 8.58987E-3 7.95201E-3 7.57391E-3 8.2638E-3 8.81681E-3 5.06774E-3 9.59257E-3 9.55903E-3 5.22103E-3 5.36033E-3 9.89396E-3 9.74788E-3 9.84337E-3 9.72974E-3 5.61478E-3 5.88913E-3 1.02035E-2 9.50935E-3 5.14941E-3 5.46825E-3 5.61157E-3 5.303E-3 6.19571E-3 5.69387E-3 5.83637E-3 6.30508E-3 5.92158E-3 6.22236E-3 6.52847E-3 1.15024E-2 1.04654E-2 5.79085E-3 5.88843E-3 6.03395E-3 3.94049E-3 6.47756E-3 6.60664E-3 6.82824E-3 1.16716E-2 6.15335E-3 6.14483E-3 5.9989E-3 4.03487E-3
5.24974E-3 5.39788E-3 5.83763E-3 5.2721E-3 5.34113E-3 5.10914E-3 5.35978E-3 5.84665E-3 1.093E-2 1.06462E-2 1.0139E-2 9.84325E-3 8.59861E-3 7.59518E-3 8.14226E-3 4.92013E-3 8.72954E-3 8.50319E-3 8.05112E-3 7.37472E-3 7.53428E-3 8.26642E-3 8.92E-3 9.13759E-3 9.15068E-3 8.73236E-3 5.12619E-3 9.6145E-3 9.80266E-3 9.3341E-3 8.95403E-3 5.17946E-3 5.37311E-3 1.01697E-2 9.80266E-3 9.42927E-3 9.38558E-3 5.27961E-3 5.24336E-3 6.05044E-3 1.13393E-2 1.0346E-2 5.65883E-3 5.83911E-3 5.67628E-3 6.39201E-3 6.46989E-3 1.08934E-2 1.0078E-2 9.92916E-3 1.02834E-2 5.78689E-3 3.90804E-3 4.00584E-3 4.41892E-3 6.92331E-3 1.21688E-2 6.42603E-3 1.21082E-2 6.47502E-3 6.17875E-3
5.38415E-3 5.40733E-3 1.11517E-2 1.08486E-2 1.0309E-2 5.27616E-3 5.29021E-3 1.08976E-2 1.07064E-2 1.08611E-2 1.02095E-2 9.1577E-3 8.50671E-3 7.60413E-3 8.04503E-3 4.92053E-3 5.00089E-3 8.75136E-3 8.08817E-3 7.50898E-3 7.56728E-3 7.96182E-3 4.71596E-3 5.10106E-3 8.99189E-3 8.88956E-3 5.22164E-3 9.74682E-3 9.22612E-3 8.6407E-3 8.34615E-3 8.77217E-3 9.39186E-3 9.51081E-3 5.19404E-3 5.50448E-3 5.3161E-3 5.3418E-3 5.74592E-3 1.13033E-2 6.00672E-3 1.10881E-2 5.83892E-3 5.87986E-3 6.00464E-3 5.95045E-3 6.51391E-3 1.05242E-2 9.4863E-3 9.55489E-3 5.59153E-3 5.86877E-3 5.83427E-3 6.38758E-3 6.51154E-3 6.58174E-3 6.58491E-3 6.16974E-3 6.46349E-3 6.54569E-3 6.12411E-3
1.0841E-2 1.06712E-2 5.48351E-3 6.01402E-3 1.09687E-2 5.34568E-3 5.6475E-3 1.09849E-2 1.10439E-2 1.08182E-2 1.02269E-2 9.55049E-3 8.93926E-3 8.15408E-3 8.31596E-3 8.91267E-3 9.25944E-3 8.57028E-3 7.74243E-3 7.55815E-3 7.64884E-3 8.03515E-3 5.00584E-3 9.37065E-3 8.39611E-3 4.85255E-3 5.28615E-3 9.49125E-3 8.61559E-3 8.22117E-3 8.41541E-3 8.88956E-3 5.12064E-3 5.26836E-3 5.22958E-3 5.33183E-3 5.67216E-3 1.03226E-2 5.36487E-3 3.93528E-3 6.42494E-3 6.23766E-3 6.23207E-3 6.19955E-3 1.13952E-2 5.87924E-3 6.32424E-3 6.21546E-3 9.84608E-3 9.65889E-3 5.70091E-3 5.7819E-3 5.9031E-3 6.56791E-3 6.98467E-3 1.20701E-2 1.1381E-2 6.28885E-3 6.03229E-3 4.08449E-3 6.17462E-3
5.94855E-3 5.59069E-3 5.28619E-3 1.08095E-2 5.77761E-3 5.68257E-3 5.9871E-3 1.11578E-2 1.11447E-2 1.09806E-2 1.01864E-2 9.63911E-3 9.13921E-3 8.3761E-3 8.73749E-3 9.34414E-3 9.0989E-3 8.89282E-3 8.81476E-3 8.4178E-3 8.20144E-3 8.37013E-3 4.82529E-3 5.02585E-3 8.85833E-3 9.0072E-3 5.09562E-3 9.47142E-3 9.024E-3 8.64867E-3 5.0717E-3 9.04018E-3 9.34847E-3 9.42372E-3 5.32911E-3 5.71069E-3 1.06167E-2 5.48789E-3 3.62101E-3 3.91996E-3 4.16871E-3 6.32512E-3 6.35349E-3 6.22166E-3 6.23133E-3 5.95522E-3 5.87329E-3 6.1134E-3 5.9041E-3 5.85962E-3 5.90694E-3 5.92353E-3 5.85116E-3 6.32246E-3 6.96629E-3 6.54992E-3 6.70301E-3 1.17807E-2 6.27412E-3 6.05102E-3 6.98382E-3
1.08979E-2 1.0662E-2 5.39839E-3 5.57048E-3 5.84913E-3 1.12585E-2 5.89899E-3 1.10629E-2 1.09544E-2 1.08495E-2 1.0226E-2 9.84549E-3 9.42165E-3 9.30518E-3 5.19804E-3 9.91671E-3 5.25549E-3 5.39938E-3 5.37254E-3 9.22048E-3 8.41899E-3 8.19349E-3 8.45629E-3 8.7282E-3 8.33995E-3 8.95317E-3 8.98748E-3 9.15399E-3 9.25914E-3 9.31083E-3 9.00105E-3 5.12619E-3 5.32687E-3 5.35106E-3 5.53893E-3 5.81864E-3 5.48661E-3 3.55718E-3 3.73349E-3 6.24794E-3 6.39295E-3 6.09264E-3 6.17117E-3 1.09914E-2 1.09498E-2 5.66056E-3 5.64305E-3 5.78311E-3 5.94744E-3 5.88612E-3 6.26162E-3 1.15624E-2 5.97066E-3 6.17548E-3 1.21306E-2 6.09871E-3 6.37226E-3 6.23047E-3 6.28721E-3 6.03626E-3 7.03222E-3
5.73386E-3 1.08303E-2 5.48937E-3 5.71851E-3 5.66874E-3 5.82873E-3 5.90493E-3 1.09404E-2 1.10614E-2 1.11519E-2 1.06832E-2 9.97338E-3 5.45001E-3 5.48204E-3 5.3246E-3 5.23699E-3 5.31596E-3 9.53696E-3 9.39382E-3 9.05505E-3 8.21123E-3 8.08973E-3 4.82529E-3 8.86474E-3 5.15693E-3 9.56413E-3 9.28993E-3 9.58721E-3 5.22188E-3 9.91091E-3 9.93309E-3 9.58383E-3 9.36992E-3 5.37674E-3 5.50494E-3 1.02226E-2 5.24503E-3 3.59091E-3 6.06844E-3 1.14554E-2 1.06711E-2 1.00302E-2 5.46354E-3 5.96751E-3 1.0176E-2 5.5305E-3 5.73212E-3 6.28664E-3 1.10744E-2 5.89103E-3 6.27192E-3 1.11569E-2 6.17135E-3 6.23661E-3 6.69871E-3 6.59334E-3 1.25184E-2 1.18104E-2 1.18043E-2 6.3318E-3 6.28625E-3
1.07084E-2 1.04869E-2 1.04504E-2 1.07066E-2 1.07385E-2 5.40296E-3 5.49771E-3 5.87912E-3 6.0765E-3 6.12896E-3 6.05304E-3 5.86493E-3 1.06523E-2 1.02353E-2 9.66505E-3 9.42785E-3 9.26942E-3 9.2683E-3 9.64946E-3 9.12298E-3 8.1867E-3 7.93561E-3 8.29095E-3 4.93927E-3 5.21875E-3 9.55988E-3 9.59782E-3 5.38235E-3 5.482E-3 5.67314E-3 5.74817E-3 1.0387E-2 9.80902E-3 9.9047E-3 9.91678E-3 9.93979E-3 5.31456E-3 3.63774E-3 6.43061E-3 1.07861E-2 9.98121E-3 9.67047E-3 9.53206E-3 5.66727E-3 9.67557E-3 5.46878E-3 5.86356E-3 6.10836E-3 6.20415E-3 1.0771E-2 5.81936E-3 5.83328E-3 5.98509E-3 6.05326E-3 6.46443E-3 6.70707E-3 7.11449E-3 6.64718E-3 6.56024E-3 1.21999E-2 6.54609E-3
1.12728E-2 1.06077E-2 1.03555E-2 1.00623E-2 1.01135E-2 5.46507E-3 5.58023E-3 5.7178E-3 6.04017E-3 6.18257E-3 1.10325E-2 1.07754E-2 1.03161E-2 1.02833E-2 9.69045E-3 9.70747E-3 9.71208E-3 5.31596E-3 9.72239E-3 9.3642E-3 9.21527E-3 8.49804E-3 4.98189E-3 9.77361E-3 9.11968E-3 9.26283E-3 5.37891E-3 5.49939E-3 5.75988E-3 1.06279E-2 5.5992E-3 5.73992E-3 1.09293E-2 1.08617E-2 1.02176E-2 9.52116E-3 5.3605E-3 3.79028E-3 6.39665E-3 6.24784E-3 5.80327E-3 1.00598E-2 9.71645E-3 9.57002E-3 5.20871E-3 5.51077E-3 5.96385E-3 5.84717E-3 1.12873E-2 1.01856E-2 5.65768E-3 5.93681E-3 6.28596E-3 6.13444E-3 6.12855E-3 6.57951E-3 7.0771E-3 1.21423E-2 1.18032E-2 6.24839E-3 6.69027E-3
1.10769E-2 9.97166E-3 9.78808E-3 1.00751E-2 1.00087E-2 1.01002E-2 1.02434E-2 5.77323E-3 1.10664E-2 1.13952E-2 1.12293E-2 1.05022E-2 1.02106E-2 1.0334E-2 1.04944E-2 1.01215E-2 9.68046E-3 1.02455E-2 9.92109E-3 9.72602E-3 9.91769E-3 9.14037E-3 9.35388E-3 9.08878E-3 9.22082E-3 9.52644E-3 5.49399E-3 1.02616E-2 6.00493E-3 1.07064E-2 1.03754E-2 5.5981E-3 6.21372E-3 1.11388E-2 1.07756E-2 1.04249E-2 5.3466E-3 3.87369E-3 6.584E-3 1.10181E-2 1.01394E-2 9.94326E-3 9.37426E-3 9.17888E-3 1.02046E-2 9.75882E-3 5.60284E-3 6.15526E-3 1.09484E-2 1.02851E-2 5.70934E-3 6.25116E-3 1.15624E-2 1.11032E-2 6.29719E-3 6.9495E-3 6.70023E-3 6.44534E-3 6.4143E-3 6.12121E-3 6.74609E-3
1.08249E-2 1.02277E-2 9.95794E-3 1.01497E-2 1.0459E-2 1.055E-2 1.04941E-2 5.85445E-3 1.1249E-2 1.12584E-2 1.09338E-2 1.02297E-2 1.0258E-2 1.03329E-2 1.08379E-2 1.03286E-2 9.96696E-3 1.07561E-2 1.01609E-2 1.00308E-2 9.75055E-3 9.26602E-3 9.76573E-3 9.20545E-3 9.42868E-3 9.76408E-3 5.77589E-3 1.09309E-2 1.11924E-2 1.01945E-2 5.52999E-3 5.49226E-3 5.80186E-3 6.19268E-3 5.94032E-3 5.71311E-3 5.75778E-3 3.90909E-3 6.54347E-3 6.37467E-3 1.06635E-2 9.9851E-3 9.14458E-3 9.55396E-3 9.87464E-3 9.3807E-3 5.70149E-3 6.35058E-3 1.10889E-2 1.06161E-2 1.05112E-2 1.08284E-2 1.15484E-2 1.11008E-2 6.09871E-3 6.50508E-3 6.93267E-3 1.22976E-2 6.5652E-3 6.26399E-3 6.43127E-3
1.03764E-2 1.07532E-2 1.06692E-2 1.05145E-2 1.0682E-2 1.10781E-2 5.87046E-3 1.11355E-2 1.14963E-2 1.12055E-2 1.10025E-2 1.05806E-2 5.94987E-3 6.01166E-3 1.11062E-2 1.05305E-2 5.95717E-3 1.08683E-2 1.0518E-2 9.73086E-3 1.01871E-2 1.00573E-2 9.89442E-3 9.88917E-3 1.01114E-2 1.04962E-2 5.80134E-3 1.1004E-2 1.153E-2 1.07231E-2 1.05075E-2 1.08061E-2 5.77741E-3 5.62337E-3 5.66784E-3 5.79291E-3 6.03504E-3 5.80775E-3 6.18302E-3 1.14348E-2 1.08735E-2 1.04876E-2 9.88726E-3 9.81197E-3 9.72526E-3 5.42382E-3 5.79666E-3 6.27374E-3 1.13394E-2 1.04718E-2 1.03915E-2 1.06679E-2 1.14519E-2 1.08132E-2 6.03085E-3 6.46061E-3 6.53551E-3 6.84952E-3 1.21082E-2 6.63916E-3 6.85763E-3
1.04213E-2 1.06389E-2 1.06575E-2 5.66578E-3 5.78472E-3 6.12824E-3 1.10903E-2 6.01031E-3 6.0044E-3 5.9418E-3 1.07907E-2 6.07731E-3 6.26475E-3 1.10689E-2 1.09131E-2 1.05627E-2 1.05082E-2 1.0592E-2 1.06223E-2 1.02118E-2 1.00582E-2 1.04489E-2 9.90113E-3 1.02744E-2 1.0603E-2 1.09117E-2 6.08334E-3 1.13968E-2 1.12507E-2 6.18958E-3 6.29291E-3 1.15666E-2 6.00279E-3 6.15035E-3 1.13269E-2 1.07259E-2 1.05418E-2 1.05689E-2 5.50651E-3 6.03366E-3 6.33317E-3 1.10751E-2 6.02514E-3 6.14895E-3 1.07492E-2 1.01175E-2 5.68332E-3 1.07683E-2 1.06091E-2 1.08814E-2 1.08075E-2 1.05508E-2 6.03136E-3 5.9998E-3 6.10842E-3 6.96766E-3 1.24619E-2 1.15044E-2 6.31525E-3 6.30196E-3 6.59037E-3
1.05485E-2 1.10089E-2 1.1627E-2 1.09512E-2 1.15153E-2 1.15836E-2 1.17176E-2 1.13333E-2 1.06109E-2 1.05328E-2 1.13568E-2 1.10335E-2 1.08697E-2 1.11614E-2 1.07354E-2 1.05821E-2 1.02624E-2 1.047E-2 1.05977E-2 1.08271E-2 1.02813E-2 1.0954E-2 1.01776E-2 1.05052E-2 6.18586E-3 1.1235E-2 5.99507E-3 6.19665E-3 6.3111E-3 6.15192E-3 6.36461E-3 1.15424E-2 1.12112E-2 1.09498E-2 1.11906E-2 1.03228E-2 9.95096E-3 1.00542E-2 5.87546E-3 5.66007E-3 5.97089E-3 1.13493E-2 6.16885E-3 6.18996E-3 1.12992E-2 1.04155E-2 9.93919E-3 1.02385E-2 1.00533E-2 5.86929E-3 1.10379E-2 1.08661E-2 5.96853E-3 6.00376E-3 6.72689E-3 1.20803E-2 1.16497E-2 1.11123E-2 1.13871E-2 6.43736E-3 1.26599E-2
1.07095E-2 6.13725E-3 6.07794E-3 6.0108E-3 5.87447E-3 6.19817E-3 6.45381E-3 1.1859E-2 1.12398E-2 6.26954E-3 1.21095E-2 1.16818E-2 1.13316E-2 1.08406E-2 1.07961E-2 1.12017E-2 1.12083E-2 1.09227E-2 1.08814E-2 1.08149E-2 1.08166E-2 1.08586E-2 1.0862E-2 6.11751E-3 6.39002E-3 1.15044E-2 6.12774E-3 5.93718E-3 6.06152E-3 1.22107E-2 1.21312E-2 1.1213E-2 5.82099E-3 6.3337E-3 1.09481E-2 1.04962E-2 1.02307E-2 9.83738E-3 1.07023E-2 5.78063E-3 1.13426E-2 6.11596E-3 1.12591E-2 1.1101E-2 1.08919E-2 1.05228E-2 1.0296E-2 1.02526E-2 1.01121E-2 5.93515E-3 6.15252E-3 6.03078E-3 6.26716E-3 6.61013E-3 1.25277E-2 1.21694E-2 1.13282E-2 1.10453E-2 6.25292E-3 6.71764E-3 1.28502E-2
5.84453E-3 6.21904E-3 6.16622E-3 6.5344E-3 1.16811E-2 1.09923E-2 5.74909E-3 6.15533E-3 6.21351E-3 6.54846E-3 6.71764E-3 1.19493E-2 1.11194E-2 5.84534E-3 1.08517E-2 1.13251E-2 1.18372E-2 1.17002E-2 1.1436E-2 1.07291E-2 6.03347E-3 1.12204E-2 1.15678E-2 1.16986E-2 1.13959E-2 6.38014E-3 1.1789E-2 6.06466E-3 6.28362E-3 1.21801E-2 1.15078E-2 1.14791E-2 6.32508E-3 1.13467E-2 1.11464E-2 1.08192E-2 1.07828E-2 1.09326E-2 5.75055E-3 5.92255E-3 1.0904E-2 5.89589E-3 6.20525E-3 1.10375E-2 1.09241E-2 6.00869E-3 6.13082E-3 5.96385E-3 6.05072E-3 6.10478E-3 6.02021E-3 6.27261E-3 1.19691E-2 1.22286E-2 1.20294E-2 1.18731E-2 1.11694E-2 6.27897E-3 1.21608E-2 6.60611E-3 1.27526E-2
5.77524E-3 5.96856E-3 6.83347E-3 1.26127E-2 1.19736E-2 1.10391E-2 5.8069E-3 5.7446E-3 6.07071E-3 1.22016E-2 1.18977E-2 1.16364E-2 1.12771E-2 1.08775E-2 5.75532E-3 6.13303E-3 6.43019E-3 1.22259E-2 1.14878E-2 1.11226E-2 1.15993E-2 1.12904E-2 1.18665E-2 1.14179E-2 1.16104E-2 6.11146E-3 1.23507E-2 1.17014E-2 6.51252E-3 1.25842E-2 6.67998E-3 6.73744E-3 1.21561E-2 1.16647E-2 1.14202E-2 1.10775E-2 1.10088E-2 1.17349E-2 1.12494E-2 1.08705E-2 1.06034E-2 1.03168E-2 1.10763E-2 1.12017E-2 1.1209E-2 1.09434E-2 5.67382E-3 5.83822E-3 6.24912E-3 1.10511E-2 5.94195E-3 1.19838E-2 6.37063E-3 1.24575E-2 1.18323E-2 1.12429E-2 6.31007E-3 1.14799E-2 1.21755E-2 1.16191E-2 1.16045E-2
5.71855E-3 5.91409E-3 6.61553E-3 1.24847E-2 1.23579E-2 1.17467E-2 6.09016E-3 5.85345E-3 6.1979E-3 6.48806E-3 1.24969E-2 1.21273E-2 1.20729E-2 1.18932E-2 1.13384E-2 1.12427E-2 5.95617E-3 6.31311E-3 1.24095E-2 1.21521E-2 1.22037E-2 1.19861E-2 6.58058E-3 1.25065E-2 6.3823E-3 6.18664E-3 6.27832E-3 6.66498E-3 6.43398E-3 6.93267E-3 1.29998E-2 1.25572E-2 1.23997E-2 1.17078E-2 1.18044E-2 1.16922E-2 6.19151E-3 6.63837E-3 1.20845E-2 1.10107E-2 1.08291E-2 5.76523E-3 6.26023E-3 1.21208E-2 1.14519E-2 1.07495E-2 1.05191E-2 5.89904E-3 1.15007E-2 1.07183E-2 1.11013E-2 6.28193E-3 1.15248E-2 1.20785E-2 1.11539E-2 6.43552E-3 1.15068E-2 1.10063E-2 6.28664E-3 1.19021E-2 1.14973E-2
6.09039E-3 5.94108E-3 6.22934E-3 1.21055E-2 6.63523E-3 1.23817E-2 1.24798E-2 1.21771E-2 6.14248E-3 5.99081E-3 6.3504E-3 6.93456E-3 1.27461E-2 1.21341E-2 1.19499E-2 1.15414E-2 6.05667E-3 6.0063E-3 6.15416E-3 6.58846E-3 6.63897E-3 6.68161E-3 6.69174E-3 1.30064E-2 1.18398E-2 6.06895E-3 6.57873E-3 6.71392E-3 6.52453E-3 1.29131E-2 1.26988E-2 1.29116E-2 1.27649E-2 1.27425E-2 1.22308E-2 1.24462E-2 6.59356E-3 7.06468E-3 1.25681E-2 1.15056E-2 1.14465E-2 6.14263E-3 6.74897E-3 1.23727E-2 1.16388E-2 1.06499E-2 5.94316E-3 1.10859E-2 1.08843E-2 1.04729E-2 1.10245E-2 1.18003E-2 1.2268E-2 1.18651E-2 1.11346E-2 1.13578E-2 1.1295E-2 1.11025E-2 1.13404E-2 1.14844E-2 1.1791E-2
1.11642E-2 1.14128E-2 6.11727E-3 6.06448E-3 6.33468E-3 6.81059E-3 1.28953E-2 1.2655E-2 1.26135E-2 6.35345E-3 6.11977E-3 6.03626E-3 6.72253E-3 1.25592E-2 1.19998E-2 1.19114E-2 1.20326E-2 1.24093E-2 1.1972E-2 6.6821E-3 6.72775E-3 6.83406E-3 1.25912E-2 1.21185E-2 1.14652E-2 6.04614E-3 6.4916E-3 6.58414E-3 6.69701E-3 6.7788E-3 6.96351E-3 6.5308E-3 6.58091E-3 6.51785E-3 6.54089E-3 6.67517E-3 6.89464E-3 1.30419E-2 1.2797E-2 1.2117E-2 6.56523E-3 6.68635E-3 1.27236E-2 1.25737E-2 1.2147E-2 1.13744E-2 1.09968E-2 1.10512E-2 1.13652E-2 1.12906E-2 1.199E-2 1.25955E-2 1.29372E-2 1.21691E-2 1.16285E-2 1.16187E-2 1.13597E-2 1.14321E-2 1.20711E-2 1.18778E-2 1.18542E-2
1.15989E-2 1.14409E-2 1.13001E-2 6.2423E-3 6.0949E-3 6.2426E-3 6.81218E-3 1.32404E-2 1.29921E-2 1.26778E-2 1.22198E-2 6.26076E-3 1.24445E-2 1.26998E-2 1.18725E-2 1.15237E-2 6.44992E-3 6.58776E-3 6.68016E-3 6.85148E-3 7.0292E-3 1.33541E-2 1.2907E-2 1.24056E-2 1.23441E-2 6.4784E-3 6.80287E-3 6.58112E-3 1.33432E-2 1.24313E-2 6.55004E-3 6.60237E-3 6.36964E-3 6.40143E-3 6.47953E-3 6.68083E-3 6.67517E-3 6.71477E-3 6.96766E-3 6.82312E-3 1.26947E-2 1.24311E-2 1.25058E-2 1.23946E-2 1.25277E-2 1.22045E-2 1.14577E-2 6.29406E-3 1.22008E-2 1.17848E-2 1.25496E-2 6.92312E-3 1.31781E-2 1.24596E-2 1.14181E-2 1.20364E-2 1.27923E-2 1.24694E-2 1.29124E-2 1.31237E-2 1.26943E-2
