Artocarpus heterophyllus SDM files/MIS19/results (with bias file)/Arthet_3.asc
ncols         625
nrows         721
xllcorner     69.99986311115
yllcorner     5.99986187915
cellsize      0.041666667
NODATA_value  -9999
[rows 27 to 53 of 721, columns 427 to 487 of 625]
1.04898E-2 6.33713E-3 4.91019E-3 5.23666E-3 1.09378E-2 1.52859E-2 1.66001E-2 1.29241E-2 1.16777E-2 1.41945E-2 1.21325E-2 5.47662E-3 1.23993E-2 1.06149E-2 5.10716E-3 5.35435E-3 5.55455E-3 1.17753E-2 1.04839E-2 5.88392E-3 6.74607E-3 1.01775E-2 6.89995E-3 1.01002E-2 5.65286E-3 5.59076E-3 4.92184E-3 5.08449E-3 5.14091E-3 4.9956E-3 5.46064E-3 6.10105E-3 1.13647E-2 1.112E-2 8.71737E-3 9.62363E-3 1.25222E-2 1.35925E-2 1.31192E-2 1.34613E-2 1.15743E-2 1.20182E-2 1.27405E-2 1.24742E-2 1.00052E-2 1.00236E-2 9.61366E-3 9.80531E-3 1.10837E-2 9.791E-3 1.0185E-2 1.05808E-2 1.01047E-2 9.71976E-3 8.77658E-3 1.02188E-2 1.02718E-2 1.00567E-2 9.00059E-3 4.9567E-3 4.59527E-3
5.19157E-3 5.59442E-3 1.12343E-2 1.50567E-2 9.11487E-3 1.24374E-2 1.4823E-2 1.38227E-2 1.18577E-2 1.13811E-2 1.37733E-2 1.60315E-2 1.55086E-2 1.49537E-2 1.53028E-2 1.52017E-2 1.51622E-2 1.42281E-2 1.21706E-2 9.93596E-3 5.80145E-3 5.846E-3 5.64349E-3 5.53655E-3 5.15389E-3 5.72806E-3 9.31773E-3 9.50507E-3 1.05508E-2 9.67935E-3 5.30436E-3 6.19205E-3 5.88838E-3 1.17755E-2 1.10649E-2 5.18608E-3 4.95749E-3 5.68293E-3 7.12703E-3 1.19092E-2 1.14936E-2 1.16669E-2 1.09987E-2 9.90757E-3 8.79539E-3 8.63585E-3 5.2816E-3 5.22721E-3 8.90664E-3 9.14196E-3 8.95683E-3 9.07816E-3 8.60845E-3 8.40802E-3 4.83385E-3 5.39949E-3 5.3092E-3 5.18418E-3 8.62241E-3 4.58658E-3 4.61293E-3
1.46188E-2 1.68831E-2 1.63615E-2 1.3756E-2 1.33971E-2 1.08483E-2 6.51039E-3 6.42963E-3 1.29684E-2 1.07738E-2 9.93474E-3 1.26983E-2 1.21981E-2 1.19138E-2 1.23414E-2 1.19871E-2 1.04224E-2 8.98843E-3 8.84494E-3 5.30696E-3 5.18157E-3 5.31194E-3 5.74771E-3 5.3928E-3 5.27948E-3 5.17817E-3 5.41999E-3 5.50364E-3 1.01149E-2 5.98887E-3 5.40998E-3 5.10782E-3 9.70457E-3 1.23488E-2 1.31515E-2 5.34784E-3 4.76047E-3 5.30057E-3 5.72165E-3 6.25505E-3 7.89062E-3 1.22588E-2 1.08522E-2 8.59193E-3 8.43843E-3 5.37946E-3 4.96395E-3 5.09127E-3 1.0763E-2 9.31246E-3 8.86607E-3 8.70164E-3 8.83771E-3 8.80323E-3 5.03766E-3 4.64873E-3 4.96591E-3 4.66631E-3 4.84873E-3 5.09654E-3 4.95722E-3
1.60082E-2 1.56693E-2 1.3841E-2 1.2088E-2 1.17282E-2 1.08521E-2 1.12946E-2 1.28115E-2 1.34866E-2 1.04492E-2 6.97146E-3 1.10891E-2 1.09961E-2 1.20384E-2 1.25626E-2 1.28982E-2 1.25775E-2 1.12859E-2 1.35783E-2 1.30762E-2 1.34818E-2 1.11506E-2 1.05615E-2 9.13502E-3 9.2884E-3 1.01259E-2 1.05715E-2 1.00104E-2 9.47549E-3 5.01611E-3 5.59498E-3 9.41143E-3 5.89624E-3 1.00053E-2 8.9251E-3 5.04432E-3 5.19917E-3 5.29721E-3 5.695E-3 6.02151E-3 1.28859E-2 1.11529E-2 1.14555E-2 5.07918E-3 5.05552E-3 9.37637E-3 1.05287E-2 1.01324E-2 9.79393E-3 8.76645E-3 5.24334E-3 4.88551E-3 4.68449E-3 5.10095E-3 8.69117E-3 5.16581E-3 5.40914E-3 5.24569E-3 5.0532E-3 5.02456E-3 4.78063E-3
1.38333E-2 1.35641E-2 1.28281E-2 1.13338E-2 1.23527E-2 1.29614E-2 1.17307E-2 1.19314E-2 6.37588E-3 5.10535E-3 6.05249E-3 6.47687E-3 6.7295E-3 6.44962E-3 7.15007E-3 1.33457E-2 1.3385E-2 1.18074E-2 1.43945E-2 1.4736E-2 1.31067E-2 1.28365E-2 1.39745E-2 1.45886E-2 1.32567E-2 1.10999E-2 9.29736E-3 9.30117E-3 9.22269E-3 5.47925E-3 5.63697E-3 5.69172E-3 5.84411E-3 5.72511E-3 9.23025E-3 5.49999E-3 5.75195E-3 5.73215E-3 5.56735E-3 6.47977E-3 1.33683E-2 1.21468E-2 8.64624E-3 8.63935E-3 9.95992E-3 1.3922E-2 1.31978E-2 1.06005E-2 9.80161E-3 9.28575E-3 8.85507E-3 5.35728E-3 5.05266E-3 5.29058E-3 5.41896E-3 5.48164E-3 5.3365E-3 9.06126E-3 5.43631E-3 5.63751E-3 5.573E-3
1.22205E-2 1.4448E-2 1.37076E-2 1.13204E-2 1.07506E-2 1.27525E-2 1.01832E-2 6.00921E-3 5.06483E-3 5.14814E-3 5.29108E-3 5.20312E-3 6.18789E-3 5.30398E-3 5.04115E-3 5.3137E-3 5.29335E-3 5.06167E-3 5.62036E-3 7.53076E-3 6.861E-3 5.9333E-3 6.04809E-3 1.12582E-2 5.88799E-3 1.12413E-2 1.4582E-2 1.33998E-2 1.01882E-2 1.05634E-2 1.07674E-2 1.04428E-2 1.18438E-2 1.01179E-2 5.59025E-3 5.52625E-3 6.07735E-3 1.00975E-2 1.04986E-2 9.93085E-3 1.15227E-2 1.00883E-2 8.7653E-3 1.00229E-2 1.39194E-2 1.37124E-2 1.31428E-2 1.10064E-2 1.09942E-2 1.09717E-2 1.04132E-2 9.28351E-3 8.22819E-3 9.34144E-3 8.83143E-3 9.29841E-3 9.2629E-3 9.726E-3 9.79316E-3 8.69007E-3 5.45722E-3
1.05682E-2 9.65181E-3 5.2517E-3 5.10352E-3 5.24262E-3 5.39065E-3 5.5016E-3 5.59825E-3 8.67169E-3 8.83231E-3 5.5658E-3 5.23376E-3 5.20318E-3 5.44873E-3 5.79672E-3 5.88738E-3 5.6865E-3 6.04675E-3 5.45982E-3 5.43888E-3 5.21487E-3 5.07654E-3 5.07763E-3 5.13645E-3 5.5267E-3 6.16608E-3 1.0795E-2 1.18854E-2 1.43176E-2 1.45468E-2 1.16363E-2 1.00718E-2 9.14479E-3 5.58804E-3 5.46195E-3 1.02121E-2 1.06419E-2 5.89624E-3 1.2029E-2 1.41017E-2 1.10459E-2 1.06316E-2 9.72071E-3 9.17738E-3 1.1263E-2 1.26156E-2 1.27856E-2 1.2405E-2 1.09959E-2 1.07698E-2 1.0831E-2 1.06132E-2 1.02024E-2 9.82885E-3 8.77116E-3 9.34144E-3 9.19227E-3 8.37039E-3 8.65684E-3 8.84239E-3 5.58435E-3
9.72025E-3 5.45832E-3 5.50108E-3 1.18773E-2 1.03304E-2 1.3566E-2 1.34431E-2 1.27602E-2 1.33602E-2 1.32198E-2 1.0016E-2 9.53726E-3 1.14503E-2 1.15826E-2 9.36455E-3 5.77361E-3 5.48594E-3 6.09336E-3 1.13427E-2 9.59212E-3 1.11278E-2 1.17971E-2 1.04985E-2 1.04584E-2 5.78391E-3 5.37655E-3 5.11568E-3 5.1562E-3 5.17604E-3 5.42177E-3 5.57188E-3 5.43152E-3 5.07654E-3 5.09607E-3 5.1411E-3 6.388E-3 1.42678E-2 1.41241E-2 9.80005E-3 1.01441E-2 1.01152E-2 1.14264E-2 1.01488E-2 8.62746E-3 9.38568E-3 1.19384E-2 1.18584E-2 1.20182E-2 9.65162E-3 9.87956E-3 1.01793E-2 8.86905E-3 9.97773E-3 1.07064E-2 1.07213E-2 9.31608E-3 9.78771E-3 1.00744E-2 9.41318E-3 9.84211E-3 1.08971E-2
1.07199E-2 9.80221E-3 1.61356E-2 1.65655E-2 1.37088E-2 9.58052E-3 1.49019E-2 1.6831E-2 1.50922E-2 1.19264E-2 1.19669E-2 1.53907E-2 1.69157E-2 1.48569E-2 1.07791E-2 1.02247E-2 5.68056E-3 5.56604E-3 5.19383E-3 5.2493E-3 5.86074E-3 1.22673E-2 1.50495E-2 1.60474E-2 1.36086E-2 1.14268E-2 5.64714E-3 5.35116E-3 5.39345E-3 5.35217E-3 5.37377E-3 9.63524E-3 9.63266E-3 5.31494E-3 5.21593E-3 1.2779E-2 1.01283E-2 6.25328E-3 9.70324E-3 1.2949E-2 1.27551E-2 1.27067E-2 1.14567E-2 8.75325E-3 9.58934E-3 1.23453E-2 1.25713E-2 1.31446E-2 1.05583E-2 9.17267E-3 8.78154E-3 9.5586E-3 1.16719E-2 1.0652E-2 9.32642E-3 8.80323E-3 1.02052E-2 1.11227E-2 1.02444E-2 1.01739E-2 9.57506E-3
9.71206E-3 1.5747E-2 1.56369E-2 1.23527E-2 1.10718E-2 1.39458E-2 1.48847E-2 1.38265E-2 1.38365E-2 1.15415E-2 6.4908E-3 1.36714E-2 1.03725E-2 1.24819E-2 1.19119E-2 1.09039E-2 5.75337E-3 5.53473E-3 9.56755E-3 9.25797E-3 5.86817E-3 6.02027E-3 1.48157E-2 1.67793E-2 1.13291E-2 1.00305E-2 5.75835E-3 5.50221E-3 5.50221E-3 5.49707E-3 5.66869E-3 5.51824E-3 5.41321E-3 9.22237E-3 9.75323E-3 9.84576E-3 5.74118E-3 5.00938E-3 5.42678E-3 1.31589E-2 1.34519E-2 1.32678E-2 1.07273E-2 9.05935E-3 1.04099E-2 1.29731E-2 1.32517E-2 1.34918E-2 1.05358E-2 1.01435E-2 9.55927E-3 9.40492E-3 1.09756E-2 9.98344E-3 9.60372E-3 8.20059E-3 5.52041E-3 1.08E-2 1.015E-2 1.01113E-2 8.69546E-3
9.80863E-3 1.33351E-2 1.1817E-2 1.04283E-2 1.14711E-2 5.55406E-3 1.02711E-2 6.35435E-3 6.1221E-3 4.9695E-3 6.24089E-3 1.29055E-2 1.53726E-2 1.31671E-2 1.16412E-2 1.12716E-2 9.53416E-3 1.61268E-2 1.49274E-2 1.40524E-2 9.94055E-3 9.33032E-3 5.79271E-3 1.21375E-2 1.30982E-2 9.35281E-3 5.58892E-3 5.65899E-3 9.30617E-3 9.83513E-3 1.08895E-2 1.11192E-2 1.57442E-2 1.51092E-2 1.00557E-2 4.99802E-3 5.15513E-3 5.91809E-3 5.83305E-3 5.88963E-3 6.47458E-3 9.91478E-3 5.4285E-3 9.84714E-3 1.16947E-2 1.26226E-2 1.28968E-2 1.22247E-2 1.09731E-2 1.03989E-2 1.01377E-2 9.428E-3 9.90411E-3 9.16798E-3 1.01002E-2 8.99632E-3 5.71594E-3 1.20264E-2 1.01018E-2 9.67338E-3 9.16579E-3
1.41069E-2 1.53652E-2 1.21621E-2 9.52389E-3 9.00353E-3 5.00403E-3 4.85668E-3 5.02802E-3 5.40362E-3 9.34556E-3 1.19872E-2 1.56364E-2 1.16899E-2 5.71912E-3 9.12849E-3 1.20146E-2 1.46886E-2 1.48793E-2 9.44052E-3 1.01721E-2 1.04228E-2 9.53813E-3 5.93658E-3 5.94706E-3 6.08822E-3 1.06608E-2 9.11987E-3 5.80315E-3 5.75699E-3 5.94445E-3 9.87395E-3 6.04164E-3 1.24141E-2 1.30043E-2 1.01546E-2 9.64918E-3 9.84398E-3 5.27896E-3 5.32648E-3 6.04609E-3 1.40431E-2 5.68678E-3 5.74661E-3 1.21324E-2 1.26673E-2 1.01113E-2 1.28127E-2 1.25435E-2 1.33378E-2 1.03496E-2 1.00705E-2 9.12822E-3 9.58553E-3 1.09265E-2 1.09585E-2 1.03933E-2 9.11154E-3 5.71824E-3 9.24101E-3 1.04566E-2 1.02817E-2
1.45301E-2 1.13205E-2 5.30619E-3 4.81992E-3 4.87145E-3 5.36828E-3 1.12251E-2 1.51607E-2 1.38312E-2 1.38536E-2 1.56634E-2 1.239E-2 9.07294E-3 9.09352E-3 1.05379E-2 9.07475E-3 6.7706E-3 1.081E-2 1.39687E-2 1.2107E-2 1.33236E-2 1.37657E-2 1.09408E-2 1.39472E-2 1.08305E-2 9.52157E-3 9.29681E-3 5.80315E-3 5.83589E-3 9.3851E-3 9.76002E-3 1.39785E-2 1.32516E-2 5.07536E-3 5.35594E-3 5.46489E-3 6.00051E-3 1.10852E-2 5.57058E-3 1.45222E-2 1.59209E-2 1.18329E-2 1.06377E-2 1.25186E-2 1.07772E-2 9.0335E-3 1.14181E-2 1.25814E-2 1.29701E-2 9.97332E-3 9.53691E-3 1.01012E-2 1.03749E-2 9.65321E-3 9.12167E-3 1.00664E-2 9.25881E-3 9.8901E-3 9.94859E-3 1.02072E-2 1.03099E-2
1.46207E-2 9.49191E-3 5.38516E-3 5.21901E-3 9.32475E-3 1.55542E-2 1.71131E-2 1.73897E-2 1.48923E-2 1.47783E-2 1.21311E-2 1.11516E-2 1.2665E-2 1.22527E-2 1.30307E-2 1.51235E-2 1.25893E-2 1.52877E-2 1.63235E-2 1.33944E-2 1.72301E-2 1.69807E-2 1.22048E-2 1.46213E-2 1.13826E-2 1.14807E-2 1.12196E-2 1.21958E-2 9.26115E-3 9.8828E-3 9.60433E-3 5.80682E-3 1.3766E-2 8.94738E-3 5.72285E-3 1.12047E-2 5.70583E-3 1.075E-2 1.35404E-2 1.50615E-2 1.56739E-2 1.16549E-2 1.04485E-2 9.88345E-3 8.57684E-3 5.47818E-3 9.66081E-3 1.2544E-2 1.29298E-2 1.08345E-2 9.64634E-3 8.98985E-3 9.20078E-3 8.86747E-3 8.7338E-3 5.61568E-3 9.09277E-3 1.13424E-2 1.17558E-2 9.63677E-3 8.65085E-3
1.54311E-2 1.45408E-2 1.05084E-2 9.31615E-3 1.36554E-2 1.14768E-2 1.58509E-2 1.37411E-2 1.17629E-2 1.43154E-2 1.37632E-2 1.64444E-2 1.76731E-2 1.51076E-2 1.58036E-2 1.68467E-2 1.38062E-2 9.9696E-3 1.17906E-2 1.11103E-2 1.18474E-2 1.78191E-2 1.5122E-2 1.4214E-2 1.66708E-2 1.43912E-2 1.16755E-2 1.56037E-2 1.21849E-2 9.0389E-3 9.55467E-3 9.32538E-3 1.43127E-2 1.63453E-2 1.13665E-2 1.20764E-2 1.12291E-2 9.35215E-3 1.39433E-2 1.46258E-2 1.3012E-2 1.05816E-2 1.15346E-2 1.22301E-2 1.16582E-2 8.91364E-3 5.42426E-3 1.00415E-2 1.24874E-2 1.17001E-2 9.24301E-3 1.03454E-2 8.43838E-3 5.32593E-3 9.02791E-3 9.94621E-3 9.51228E-3 9.50183E-3 9.8862E-3 9.84601E-3 9.86688E-3
1.33029E-2 1.51416E-2 1.33673E-2 1.09556E-2 1.61634E-2 1.55617E-2 1.22177E-2 1.19483E-2 1.17288E-2 1.10375E-2 1.13462E-2 1.40105E-2 1.4344E-2 1.22281E-2 1.13374E-2 1.25517E-2 1.4066E-2 1.51907E-2 1.29128E-2 1.42177E-2 1.10743E-2 1.12531E-2 1.63205E-2 1.44951E-2 1.60325E-2 1.68682E-2 1.49972E-2 1.07168E-2 1.66289E-2 1.05563E-2 1.00476E-2 1.07512E-2 1.29165E-2 1.57386E-2 1.22485E-2 1.10193E-2 1.50549E-2 1.35167E-2 1.49868E-2 1.23345E-2 9.98166E-3 1.01501E-2 1.46837E-2 1.36511E-2 1.11012E-2 9.25689E-3 8.8628E-3 5.95273E-3 1.14996E-2 1.11731E-2 9.27079E-3 9.19155E-3 5.10095E-3 9.16287E-3 1.02889E-2 1.26889E-2 1.02438E-2 1.04566E-2 1.0476E-2 1.0328E-2 1.04827E-2
5.8685E-3 1.43037E-2 1.10561E-2 1.15325E-2 1.47325E-2 1.55314E-2 1.31446E-2 1.20568E-2 1.11929E-2 1.05772E-2 5.8008E-3 1.34752E-2 1.13173E-2 1.23072E-2 5.45627E-3 6.56654E-3 1.25039E-2 1.0687E-2 1.35402E-2 1.3945E-2 1.42534E-2 9.70964E-3 1.07166E-2 1.63672E-2 1.53799E-2 1.57457E-2 1.2051E-2 1.01397E-2 1.52135E-2 1.02058E-2 9.75184E-3 1.49358E-2 1.44626E-2 5.94183E-3 9.21757E-3 1.34536E-2 1.52437E-2 1.3724E-2 1.023E-2 1.06724E-2 9.82524E-3 9.63276E-3 1.31379E-2 1.04539E-2 1.04935E-2 9.88725E-3 5.01459E-3 5.08879E-3 9.57365E-3 5.70058E-3 5.74805E-3 5.58255E-3 5.31241E-3 9.97566E-3 1.20652E-2 1.03661E-2 1.05532E-2 1.02143E-2 1.04249E-2 9.85025E-3 9.82349E-3
5.44661E-3 1.47608E-2 1.61857E-2 1.65554E-2 1.41266E-2 1.51224E-2 1.40239E-2 1.33968E-2 1.28077E-2 1.24786E-2 9.23256E-3 1.32423E-2 1.4236E-2 1.24248E-2 5.37423E-3 5.34764E-3 6.81221E-3 1.07685E-2 1.44149E-2 1.09216E-2 1.39595E-2 1.52091E-2 1.4277E-2 1.04634E-2 1.47825E-2 1.49524E-2 1.0334E-2 1.27725E-2 1.56699E-2 1.14419E-2 1.19557E-2 1.38372E-2 1.56951E-2 1.09709E-2 8.99989E-3 5.6017E-3 6.14107E-3 1.47707E-2 1.07641E-2 1.26698E-2 1.24027E-2 1.06275E-2 9.9679E-3 1.02985E-2 1.14187E-2 1.03653E-2 5.4473E-3 5.49805E-3 1.04902E-2 8.83269E-3 9.4197E-3 5.58303E-3 5.53735E-3 1.03156E-2 1.21713E-2 9.47433E-3 1.22633E-2 1.0095E-2 1.00241E-2 8.99368E-3 9.99155E-3
8.7372E-3 1.18966E-2 1.05797E-2 1.59474E-2 1.65654E-2 1.41377E-2 1.22966E-2 1.36559E-2 1.43231E-2 1.42038E-2 1.39783E-2 1.37054E-2 1.17058E-2 1.15341E-2 9.7393E-3 5.55897E-3 5.67581E-3 1.34957E-2 1.40953E-2 1.40946E-2 1.47678E-2 1.51446E-2 1.39753E-2 1.37327E-2 1.54388E-2 1.54587E-2 1.09432E-2 1.24651E-2 1.51516E-2 1.48174E-2 1.53844E-2 1.17629E-2 1.37294E-2 1.47655E-2 1.19337E-2 9.45112E-3 9.24923E-3 1.15864E-2 1.29831E-2 1.51684E-2 1.57242E-2 1.12965E-2 9.8911E-3 1.04045E-2 1.26413E-2 1.2188E-2 1.14137E-2 1.19236E-2 1.02752E-2 9.76099E-3 5.4578E-3 5.21802E-3 1.01719E-2 1.0597E-2 1.22264E-2 1.02754E-2 9.5251E-3 9.21855E-3 1.13979E-2 8.92362E-3 8.3849E-3
9.33583E-3 1.28654E-2 1.48043E-2 1.46215E-2 1.45407E-2 1.27971E-2 1.26514E-2 1.34497E-2 1.70288E-2 1.49796E-2 1.44986E-2 1.32984E-2 1.24691E-2 1.16186E-2 9.48616E-3 9.26163E-3 1.12205E-2 1.15304E-2 9.2158E-3 1.26306E-2 1.58378E-2 1.67374E-2 1.53946E-2 1.22292E-2 1.21538E-2 1.53903E-2 1.35607E-2 1.49324E-2 1.32674E-2 1.63808E-2 1.62174E-2 1.21253E-2 1.14356E-2 1.48326E-2 1.16621E-2 1.24184E-2 1.21567E-2 1.21553E-2 9.793E-3 1.43266E-2 1.40552E-2 1.08007E-2 9.62246E-3 1.06533E-2 1.35729E-2 1.10885E-2 9.80826E-3 1.11179E-2 1.09542E-2 1.0699E-2 9.8661E-3 5.17249E-3 1.07435E-2 1.03884E-2 1.01233E-2 9.83453E-3 9.99867E-3 9.97187E-3 9.05624E-3 8.78436E-3 9.649E-3
1.01601E-2 1.16533E-2 1.49956E-2 1.41274E-2 1.3712E-2 1.12579E-2 1.06536E-2 1.37881E-2 1.52772E-2 1.6161E-2 1.47635E-2 1.44431E-2 1.39143E-2 1.08711E-2 1.02182E-2 9.92023E-3 1.31733E-2 1.62835E-2 1.59178E-2 1.58044E-2 1.64038E-2 1.13952E-2 1.63815E-2 1.36236E-2 1.39315E-2 1.52745E-2 1.07617E-2 1.39556E-2 1.41193E-2 1.58606E-2 1.48682E-2 1.5761E-2 1.14218E-2 1.45996E-2 1.1131E-2 1.44979E-2 1.56075E-2 1.21362E-2 9.28215E-3 1.21898E-2 1.36058E-2 1.14558E-2 9.75392E-3 1.0725E-2 1.32989E-2 1.04783E-2 9.85899E-3 9.09884E-3 9.81929E-3 1.13838E-2 1.05204E-2 5.04541E-3 5.29046E-3 1.01745E-2 9.99813E-3 1.05244E-2 1.07096E-2 1.06753E-2 9.58228E-3 9.43411E-3 1.20537E-2
1.12249E-2 1.20107E-2 1.17363E-2 1.18689E-2 1.11415E-2 1.18703E-2 1.22657E-2 1.40427E-2 1.42462E-2 1.4202E-2 1.46716E-2 1.31546E-2 1.41054E-2 1.32452E-2 1.04656E-2 1.38764E-2 1.7394E-2 1.64114E-2 1.53668E-2 1.40208E-2 1.47308E-2 1.05433E-2 1.44861E-2 1.39241E-2 1.70882E-2 1.52686E-2 1.12487E-2 1.54499E-2 1.56815E-2 1.668E-2 1.53015E-2 1.60804E-2 1.18281E-2 1.20752E-2 1.12135E-2 1.37812E-2 1.36825E-2 1.07826E-2 9.57829E-3 1.24712E-2 1.4626E-2 1.12798E-2 9.67955E-3 1.04415E-2 1.14592E-2 1.06909E-2 1.1567E-2 1.13044E-2 1.01113E-2 9.65851E-3 9.08801E-3 5.04564E-3 5.08114E-3 6.29706E-3 1.10369E-2 1.07597E-2 1.07835E-2 1.12672E-2 1.00385E-2 1.02343E-2 1.01787E-2
1.47481E-2 1.48816E-2 1.39574E-2 1.39237E-2 9.69633E-3 1.28355E-2 1.55458E-2 1.56753E-2 1.53165E-2 1.21067E-2 1.2267E-2 1.23751E-2 1.24516E-2 1.16186E-2 1.04373E-2 1.43862E-2 1.14109E-2 1.17985E-2 1.5171E-2 1.41026E-2 1.40094E-2 1.28229E-2 1.24466E-2 1.50709E-2 1.04938E-2 1.22619E-2 1.17234E-2 1.41337E-2 1.49593E-2 9.97582E-3 9.97301E-3 1.52275E-2 1.1376E-2 1.16863E-2 1.19456E-2 1.40777E-2 1.07717E-2 1.0271E-2 9.54171E-3 1.26978E-2 1.44159E-2 1.09591E-2 1.01947E-2 9.22752E-3 1.03084E-2 1.15942E-2 1.09001E-2 1.16444E-2 1.0242E-2 5.6787E-3 5.85597E-3 5.75478E-3 9.3051E-3 5.64192E-3 1.24987E-2 1.27816E-2 1.05312E-2 9.59019E-3 1.02551E-2 8.80975E-3 9.27713E-3
1.4544E-2 1.36582E-2 1.28768E-2 1.56039E-2 1.31056E-2 9.26809E-3 1.25311E-2 1.58485E-2 1.56709E-2 1.28559E-2 1.12806E-2 1.32198E-2 9.31628E-3 1.11438E-2 1.55407E-2 1.64709E-2 1.62545E-2 1.03705E-2 1.21531E-2 1.3428E-2 1.45183E-2 1.11886E-2 9.15229E-3 1.38515E-2 1.40615E-2 1.12966E-2 1.26469E-2 1.41588E-2 1.43785E-2 1.44896E-2 9.49087E-3 1.39896E-2 1.42585E-2 1.40092E-2 1.4003E-2 1.39948E-2 1.08803E-2 1.02317E-2 1.075E-2 1.49639E-2 1.52344E-2 1.10919E-2 9.83436E-3 9.63328E-3 1.09983E-2 9.9918E-3 9.86249E-3 1.06546E-2 5.66853E-3 5.1691E-3 6.01525E-3 1.18563E-2 9.89345E-3 5.5764E-3 1.01197E-2 1.00152E-2 5.91186E-3 1.03745E-2 9.13672E-3 9.28843E-3 1.01299E-2
1.49018E-2 1.42783E-2 1.68204E-2 1.65607E-2 1.48476E-2 9.41219E-3 9.8725E-3 1.45902E-2 1.30122E-2 1.26448E-2 1.21387E-2 5.43315E-3 5.3597E-3 5.58055E-3 1.18229E-2 1.66714E-2 1.55767E-2 1.43132E-2 9.29606E-3 8.88535E-3 1.07793E-2 1.10957E-2 1.12433E-2 1.34449E-2 1.3782E-2 1.35683E-2 1.44479E-2 1.47637E-2 1.4971E-2 1.48807E-2 1.41755E-2 1.33871E-2 1.36748E-2 1.23201E-2 1.19001E-2 9.86292E-3 9.998E-3 1.01809E-2 1.30483E-2 1.42122E-2 1.33947E-2 1.06689E-2 1.04462E-2 9.40289E-3 9.63825E-3 9.40405E-3 5.9336E-3 1.19033E-2 1.12305E-2 9.85548E-3 5.34638E-3 5.31018E-3 5.52408E-3 6.04002E-3 6.23862E-3 1.12296E-2 1.08019E-2 9.77316E-3 9.15834E-3 9.94324E-3 1.08743E-2
1.6425E-2 1.50321E-2 1.45757E-2 1.30122E-2 1.35523E-2 1.44533E-2 1.52675E-2 1.42848E-2 1.20644E-2 9.63553E-3 1.17281E-2 9.72313E-3 5.44922E-3 5.84479E-3 1.31605E-2 1.74627E-2 1.37276E-2 1.30404E-2 9.32408E-3 9.40462E-3 1.22785E-2 1.27156E-2 1.02516E-2 1.28419E-2 1.46346E-2 1.4927E-2 1.54141E-2 1.50297E-2 1.46064E-2 1.45531E-2 1.32656E-2 1.32178E-2 1.44693E-2 1.01487E-2 9.27317E-3 9.4669E-3 9.92129E-3 1.26148E-2 1.42341E-2 1.29265E-2 1.07625E-2 1.00303E-2 1.02324E-2 1.02341E-2 9.62636E-3 9.22954E-3 5.61881E-3 1.16216E-2 1.183E-2 1.15358E-2 9.78906E-3 5.18434E-3 5.49804E-3 5.83003E-3 6.27813E-3 1.11169E-2 1.30365E-2 1.16471E-2 1.06697E-2 1.11243E-2 1.0594E-2
1.42147E-2 1.50527E-2 1.36399E-2 1.30305E-2 1.61813E-2 1.50413E-2 1.42726E-2 1.28945E-2 1.2555E-2 1.07879E-2 9.65665E-3 1.30484E-2 1.31273E-2 1.06795E-2 1.67967E-2 1.72145E-2 1.31475E-2 9.67265E-3 9.3882E-3 1.00781E-2 1.36755E-2 1.39275E-2 1.02818E-2 1.27366E-2 1.50184E-2 1.54371E-2 1.52831E-2 1.54836E-2 1.55257E-2 1.56023E-2 1.46311E-2 1.37134E-2 1.34802E-2 9.71771E-3 9.47442E-3 9.49782E-3 1.18512E-2 1.47751E-2 1.19841E-2 1.40547E-2 1.0304E-2 9.8514E-3 1.12971E-2 1.15843E-2 1.18381E-2 1.13313E-2 8.8929E-3 1.02219E-2 9.10557E-3 9.41608E-3 1.1802E-2 1.1635E-2 5.79619E-3 1.06942E-2 6.24692E-3 1.09314E-2 1.27874E-2 1.16642E-2 1.08107E-2 5.88044E-3 5.76457E-3
