Artocarpus heterophyllus SDM files/MIS19/results (with bias file)/Arthet_5.asc
ncols         625
nrows         721
xllcorner     69.99986311115
yllcorner     5.99986187915
cellsize      0.041666667
NODATA_value  -9999
[rows 567 to 593 of 721, columns 183 to 243 of 625]
5.05844E-1 4.41481E-1 3.57816E-1 4.03105E-1 5.17648E-1 5.99475E-1 6.50697E-1 5.84517E-1 3.62006E-1 3.65107E-1 4.52114E-1 6.6633E-1 4.13193E-1 3.75804E-1 3.73945E-1 4.3256E-1 5.56216E-1 4.01067E-1 3.91688E-1 4.50425E-1 4.0312E-1 4.56358E-1 3.93941E-1 4.48107E-1 6.63328E-1 7.55531E-1 6.01864E-1 4.28758E-1 6.09245E-1 4.70545E-1 4.6328E-1 4.58201E-1 4.70278E-1 5.52785E-1 5.6513E-1 5.87154E-1 6.66541E-1 6.78712E-1 5.80778E-1 5.63055E-1 6.16729E-1 6.9769E-1 6.93609E-1 7.04333E-1 6.37774E-1 7.28697E-1 7.78773E-1 8.05628E-1 8.07074E-1 7.69612E-1 8.05502E-1 7.35266E-1 8.27409E-1 8.30233E-1 7.7329E-1 7.55365E-1 7.31281E-1 7.59096E-1 7.46828E-1 7.38934E-1 -9999
4.36436E-1 3.68853E-1 3.40407E-1 4.58937E-1 6.11712E-1 5.23057E-1 5.70612E-1 4.83327E-1 3.9919E-1 3.71756E-1 3.65562E-1 5.36742E-1 4.87419E-1 3.99666E-1 4.47756E-1 3.81812E-1 5.53264E-1 4.48343E-1 4.39196E-1 4.48168E-1 4.62703E-1 4.56599E-1 3.93905E-1 4.64241E-1 7.39495E-1 7.51439E-1 4.10346E-1 4.35006E-1 4.00958E-1 4.52719E-1 4.60004E-1 5.40522E-1 5.62849E-1 5.72133E-1 5.8497E-1 6.52215E-1 6.57115E-1 5.77323E-1 5.70457E-1 5.59111E-1 6.10513E-1 6.19327E-1 7.20758E-1 6.39767E-1 7.25163E-1 7.2177E-1 7.80304E-1 7.7804E-1 8.03561E-1 8.04274E-1 7.66965E-1 7.63992E-1 8.04464E-1 7.73174E-1 7.58015E-1 7.38764E-1 7.57755E-1 7.495E-1 7.4501E-1 7.37976E-1 -9999
5.05978E-1 4.52723E-1 3.4175E-1 4.3006E-1 5.60881E-1 5.16645E-1 5.33768E-1 3.97755E-1 4.00757E-1 4.61275E-1 3.94898E-1 3.8711E-1 3.959E-1 5.25425E-1 4.53047E-1 4.06792E-1 4.58121E-1 4.73795E-1 4.86781E-1 5.90355E-1 4.73627E-1 4.07057E-1 3.90634E-1 5.60734E-1 6.99575E-1 6.30051E-1 4.07138E-1 4.16217E-1 4.81044E-1 4.89287E-1 4.81559E-1 5.61665E-1 5.74763E-1 5.82209E-1 5.46837E-1 5.70996E-1 6.73947E-1 5.78133E-1 5.65889E-1 5.55417E-1 5.96969E-1 6.05595E-1 5.37719E-1 6.38459E-1 6.38316E-1 6.19108E-1 8.13896E-1 8.10525E-1 8.02686E-1 8.0567E-1 8.0128E-1 7.64729E-1 7.51868E-1 7.61904E-1 7.74142E-1 7.40201E-1 7.31025E-1 7.25196E-1 7.37161E-1 -9999 -9999
5.07504E-1 3.65545E-1 3.97616E-1 4.62638E-1 3.9591E-1 6.07602E-1 3.91093E-1 5.95143E-1 3.79463E-1 4.66568E-1 5.35423E-1 5.02388E-1 3.73159E-1 4.05712E-1 4.52648E-1 4.59024E-1 4.50052E-1 4.649E-1 5.69297E-1 5.72514E-1 4.70093E-1 4.15742E-1 3.97354E-1 4.78059E-1 5.39897E-1 4.22538E-1 4.34851E-1 4.78417E-1 4.86358E-1 5.6944E-1 5.10724E-1 5.72203E-1 5.829E-1 5.71424E-1 5.6214E-1 5.12093E-1 5.90239E-1 5.87083E-1 5.64958E-1 5.91813E-1 5.13574E-1 6.9784E-1 6.1247E-1 6.30406E-1 5.42649E-1 6.00984E-1 7.30654E-1 7.30058E-1 8.11361E-1 8.16469E-1 7.76674E-1 7.65955E-1 7.58861E-1 7.53166E-1 7.40801E-1 7.38785E-1 7.31896E-1 7.23933E-1 -9999 -9999 -9999
3.89936E-1 3.72933E-1 4.15494E-1 4.09378E-1 3.78618E-1 6.08367E-1 4.15866E-1 4.82156E-1 4.49652E-1 6.40448E-1 4.53982E-1 4.53274E-1 4.15631E-1 4.17934E-1 4.54449E-1 4.57845E-1 4.64043E-1 4.54961E-1 4.61439E-1 4.73821E-1 4.90753E-1 4.24495E-1 4.06914E-1 4.68213E-1 4.37742E-1 4.21526E-1 4.93805E-1 4.91411E-1 5.74655E-1 5.82764E-1 4.90928E-1 5.08216E-1 5.91909E-1 5.14915E-1 6.71996E-1 4.98409E-1 5.17287E-1 6.55102E-1 5.62377E-1 5.17248E-1 5.24263E-1 6.05886E-1 6.79992E-1 6.29261E-1 6.35828E-1 6.33391E-1 7.28512E-1 7.21359E-1 7.1694E-1 7.67445E-1 7.85364E-1 7.68815E-1 7.63161E-1 7.55113E-1 7.29072E-1 7.31292E-1 7.22735E-1 7.20366E-1 -9999 -9999 -9999
3.90132E-1 3.75071E-1 3.80878E-1 3.90487E-1 4.79394E-1 3.88253E-1 5.13037E-1 3.8297E-1 5.44858E-1 5.37431E-1 5.16128E-1 4.97177E-1 4.1316E-1 4.06389E-1 4.56726E-1 4.75616E-1 4.37548E-1 4.34077E-1 4.61689E-1 4.23961E-1 4.34768E-1 4.24968E-1 4.21689E-1 4.27156E-1 4.1878E-1 5.23772E-1 5.68145E-1 4.74524E-1 4.8088E-1 4.95615E-1 5.93541E-1 5.82725E-1 5.93952E-1 5.86202E-1 5.84394E-1 5.90904E-1 5.05422E-1 5.32252E-1 5.96237E-1 7.66095E-1 7.37585E-1 6.747E-1 6.02315E-1 7.15002E-1 6.34772E-1 7.14958E-1 7.23173E-1 7.59398E-1 7.13673E-1 7.19094E-1 7.67955E-1 7.78136E-1 7.32663E-1 7.47159E-1 7.31987E-1 7.23207E-1 7.25475E-1 -9999 -9999 -9999 -9999
4.98739E-1 3.60446E-1 3.75602E-1 3.8438E-1 3.94222E-1 4.86439E-1 5.59814E-1 5.41448E-1 5.14649E-1 5.22055E-1 5.12196E-1 4.98386E-1 4.97188E-1 5.61333E-1 6.00631E-1 6.44042E-1 4.3852E-1 4.33299E-1 4.27836E-1 4.46726E-1 4.37951E-1 4.37115E-1 4.67413E-1 4.55661E-1 4.24044E-1 5.4071E-1 5.01735E-1 5.30322E-1 5.92113E-1 5.63458E-1 5.43753E-1 5.53811E-1 6.07087E-1 6.20019E-1 5.83709E-1 5.74805E-1 5.05186E-1 5.23848E-1 6.97117E-1 7.12109E-1 7.06762E-1 5.78408E-1 5.92888E-1 6.1933E-1 6.00659E-1 6.78534E-1 6.97734E-1 7.69317E-1 7.97144E-1 7.46356E-1 7.52186E-1 7.67116E-1 7.37573E-1 7.35667E-1 7.39976E-1 7.25982E-1 -9999 -9999 -9999 -9999 -9999
4.97697E-1 3.83764E-1 4.01928E-1 3.85749E-1 4.57048E-1 5.2235E-1 5.69485E-1 5.32069E-1 5.33901E-1 4.71721E-1 3.99632E-1 5.55332E-1 5.81082E-1 6.68606E-1 7.13237E-1 5.54599E-1 4.30106E-1 4.39377E-1 4.47872E-1 4.52553E-1 3.83662E-1 4.22341E-1 4.63753E-1 4.53345E-1 4.18344E-1 5.48463E-1 5.29847E-1 5.34796E-1 5.68666E-1 5.26956E-1 5.38134E-1 5.52122E-1 5.606E-1 6.10148E-1 6.00457E-1 5.80661E-1 5.53865E-1 5.95747E-1 6.95725E-1 6.4106E-1 7.0788E-1 5.92986E-1 6.22427E-1 6.98226E-1 5.54382E-1 6.82916E-1 6.89799E-1 8.17724E-1 7.76233E-1 7.58345E-1 7.59346E-1 7.52835E-1 7.54574E-1 7.30413E-1 7.24673E-1 7.25444E-1 -9999 -9999 -9999 -9999 -9999
3.76409E-1 4.07105E-1 3.7536E-1 4.80971E-1 4.25605E-1 5.703E-1 5.57032E-1 5.55886E-1 4.79928E-1 3.95895E-1 5.72091E-1 6.32433E-1 5.9531E-1 6.48216E-1 7.92411E-1 3.6802E-1 4.02559E-1 3.94048E-1 4.50686E-1 4.45642E-1 4.24564E-1 4.75162E-1 4.76976E-1 5.66381E-1 4.19631E-1 5.56197E-1 5.11285E-1 5.15906E-1 6.0373E-1 6.25411E-1 6.11791E-1 6.24699E-1 5.47708E-1 5.6446E-1 6.13451E-1 6.00745E-1 5.51455E-1 6.00788E-1 6.83941E-1 7.00209E-1 6.17437E-1 6.12093E-1 5.49771E-1 7.0879E-1 6.31656E-1 6.74945E-1 6.43708E-1 7.55678E-1 7.74013E-1 7.61518E-1 7.54356E-1 7.48894E-1 7.42788E-1 7.10003E-1 7.17922E-1 -9999 -9999 -9999 -9999 -9999 -9999
4.24747E-1 4.21681E-1 4.16849E-1 4.44534E-1 4.15021E-1 5.00766E-1 5.39815E-1 5.2338E-1 4.88216E-1 5.88029E-1 6.46921E-1 6.41853E-1 6.4295E-1 6.35318E-1 6.25136E-1 3.9063E-1 5.47902E-1 5.00532E-1 3.89655E-1 4.21218E-1 4.61929E-1 4.91025E-1 4.98195E-1 7.56109E-1 5.33243E-1 5.92017E-1 6.67676E-1 6.15225E-1 7.09103E-1 5.94127E-1 6.15498E-1 6.14574E-1 6.23315E-1 6.34458E-1 6.38197E-1 5.76706E-1 5.60488E-1 5.9005E-1 5.73804E-1 5.73795E-1 6.00123E-1 6.08892E-1 5.52529E-1 6.30612E-1 6.30911E-1 6.30118E-1 6.42869E-1 6.70828E-1 7.54978E-1 7.67504E-1 7.61587E-1 7.4753E-1 7.08441E-1 6.90825E-1 -9999 -9999 -9999 -9999 -9999 -9999 -9999
4.39221E-1 4.08171E-1 4.62407E-1 4.75225E-1 4.26228E-1 5.79568E-1 5.61622E-1 5.20833E-1 5.90913E-1 6.67017E-1 5.75672E-1 5.49051E-1 4.63592E-1 4.79949E-1 4.08964E-1 5.73546E-1 7.27626E-1 4.52128E-1 4.16612E-1 4.12683E-1 4.97389E-1 5.94427E-1 6.17954E-1 5.55278E-1 5.33149E-1 5.37342E-1 8.21944E-1 7.14755E-1 5.87597E-1 6.04011E-1 6.16696E-1 6.26372E-1 6.32961E-1 6.40016E-1 6.46591E-1 5.63387E-1 5.9974E-1 5.926E-1 6.02153E-1 5.53643E-1 6.10084E-1 5.40236E-1 6.06785E-1 6.38178E-1 6.44851E-1 6.73135E-1 6.80967E-1 6.76667E-1 7.58397E-1 7.63349E-1 7.36329E-1 7.38376E-1 7.13478E-1 7.05273E-1 -9999 -9999 -9999 -9999 -9999 -9999 -9999
3.74693E-1 4.39967E-1 4.59612E-1 4.23347E-1 4.32361E-1 5.05983E-1 5.91773E-1 5.91119E-1 5.77005E-1 5.49079E-1 5.26312E-1 5.44268E-1 5.37328E-1 5.56213E-1 5.66663E-1 4.59135E-1 4.37844E-1 4.71563E-1 4.58173E-1 5.11996E-1 7.9312E-1 7.04958E-1 5.93297E-1 5.68985E-1 4.74998E-1 5.39715E-1 8.38217E-1 6.27571E-1 7.8239E-1 5.81321E-1 5.8871E-1 6.75175E-1 6.85654E-1 6.46589E-1 6.43321E-1 6.43575E-1 6.92192E-1 6.83703E-1 6.22801E-1 6.19128E-1 5.5174E-1 5.39177E-1 6.16544E-1 6.35151E-1 6.72111E-1 7.49007E-1 7.40982E-1 7.43078E-1 7.36403E-1 7.28428E-1 7.36777E-1 7.35195E-1 7.2142E-1 7.03564E-1 -9999 -9999 -9999 -9999 -9999 -9999 -9999
4.16572E-1 4.238E-1 4.19976E-1 4.15582E-1 4.25529E-1 4.96428E-1 5.75658E-1 5.70952E-1 6.00325E-1 5.87224E-1 5.61103E-1 5.34532E-1 5.82436E-1 7.32853E-1 7.31327E-1 7.06124E-1 5.53116E-1 4.3693E-1 4.94727E-1 8.03665E-1 8.43645E-1 5.63503E-1 4.8488E-1 4.48372E-1 6.83046E-1 6.24605E-1 7.63695E-1 5.96678E-1 5.97236E-1 5.3966E-1 5.96603E-1 6.11532E-1 7.05117E-1 7.00145E-1 6.51859E-1 6.13283E-1 6.85594E-1 6.78323E-1 6.34444E-1 6.37726E-1 5.32977E-1 6.06398E-1 6.16245E-1 6.13121E-1 7.20773E-1 7.33887E-1 7.45096E-1 7.36451E-1 7.38343E-1 7.30917E-1 7.26959E-1 7.19889E-1 7.03708E-1 7.03754E-1 -9999 -9999 -9999 -9999 -9999 -9999 -9999
4.186E-1 3.77891E-1 4.21823E-1 4.30651E-1 4.13925E-1 5.78877E-1 5.74069E-1 5.79941E-1 5.87968E-1 5.43908E-1 5.0351E-1 5.65901E-1 6.82801E-1 7.62274E-1 8.06048E-1 6.51321E-1 7.0986E-1 4.35274E-1 5.82837E-1 7.44526E-1 8.4328E-1 6.52571E-1 4.08818E-1 5.47532E-1 7.86128E-1 7.27913E-1 6.87983E-1 6.45303E-1 6.49899E-1 5.23905E-1 6.01061E-1 6.05816E-1 6.31785E-1 7.01375E-1 6.89712E-1 6.43817E-1 6.75818E-1 6.82421E-1 6.29727E-1 5.50581E-1 6.19869E-1 6.18758E-1 6.93925E-1 6.47956E-1 6.75394E-1 6.85449E-1 7.424E-1 7.36035E-1 7.29678E-1 7.23988E-1 7.20257E-1 7.12046E-1 7.03752E-1 -9999 -9999 -9999 -9999 -9999 -9999 -9999 -9999
3.53465E-1 3.66125E-1 4.94146E-1 4.07025E-1 4.04569E-1 5.74233E-1 6.12649E-1 5.80266E-1 6.0487E-1 5.35767E-1 4.89143E-1 5.96724E-1 7.60794E-1 7.65001E-1 8.68641E-1 7.11836E-1 7.78728E-1 5.44544E-1 4.6758E-1 4.87634E-1 6.61858E-1 4.75733E-1 4.6549E-1 7.1477E-1 7.19434E-1 7.17945E-1 7.00519E-1 6.1452E-1 6.12149E-1 5.30881E-1 6.0324E-1 6.10021E-1 6.10391E-1 6.34905E-1 7.01851E-1 6.94052E-1 6.94711E-1 6.9205E-1 6.51108E-1 5.58931E-1 5.56119E-1 6.11441E-1 6.96742E-1 7.2694E-1 6.60888E-1 7.42993E-1 7.3472E-1 7.279E-1 7.21884E-1 7.18568E-1 7.10525E-1 7.03111E-1 6.5022E-1 -9999 -9999 -9999 -9999 -9999 -9999 -9999 -9999
4.88638E-1 4.11038E-1 4.16809E-1 5.61788E-1 3.9217E-1 5.24878E-1 5.65793E-1 5.23814E-1 5.53154E-1 5.47597E-1 4.90189E-1 6.0054E-1 6.15737E-1 7.76081E-1 8.86957E-1 7.08367E-1 5.94208E-1 8.23815E-1 7.45282E-1 5.7035E-1 4.94586E-1 3.96351E-1 5.65755E-1 6.93456E-1 7.83023E-1 7.21455E-1 6.55468E-1 5.888E-1 5.21909E-1 5.36646E-1 5.88299E-1 6.10448E-1 6.22158E-1 6.15819E-1 6.42611E-1 7.00879E-1 6.87267E-1 6.85501E-1 6.79878E-1 5.65433E-1 5.63293E-1 6.07884E-1 6.11099E-1 6.52973E-1 6.49308E-1 7.32185E-1 7.26911E-1 7.20066E-1 7.08922E-1 7.01098E-1 6.93268E-1 5.96257E-1 5.56385E-1 -9999 -9999 -9999 -9999 -9999 -9999 -9999 -9999
4.08785E-1 4.24416E-1 5.46827E-1 5.09651E-1 5.36925E-1 5.89292E-1 5.35925E-1 5.58825E-1 5.47768E-1 4.95487E-1 5.63613E-1 5.92705E-1 5.90109E-1 5.85814E-1 5.49011E-1 5.66858E-1 5.9712E-1 5.93091E-1 4.42237E-1 4.49466E-1 4.61984E-1 7.55762E-1 7.31647E-1 7.8752E-1 8.42941E-1 6.89243E-1 6.95516E-1 6.59516E-1 6.70464E-1 5.32432E-1 5.96606E-1 6.03845E-1 6.24156E-1 6.1715E-1 6.66259E-1 7.47894E-1 6.95672E-1 6.95716E-1 5.72027E-1 5.67665E-1 6.29564E-1 6.56925E-1 6.39976E-1 6.68118E-1 7.32133E-1 7.24754E-1 6.97223E-1 6.07933E-1 5.99122E-1 5.9929E-1 5.82494E-1 5.47293E-1 -9999 -9999 -9999 -9999 -9999 -9999 -9999 -9999 -9999
4.55347E-1 4.03441E-1 7.19872E-1 4.84213E-1 5.62787E-1 5.8291E-1 5.5694E-1 5.34015E-1 5.14273E-1 5.54583E-1 5.68783E-1 5.70487E-1 5.70296E-1 5.77267E-1 5.92864E-1 6.09836E-1 6.97833E-1 6.29722E-1 4.49114E-1 4.30215E-1 5.8887E-1 4.33108E-1 5.30552E-1 7.92364E-1 8.30956E-1 7.44722E-1 5.57909E-1 5.60206E-1 5.82534E-1 5.51726E-1 6.08447E-1 6.17515E-1 6.29452E-1 6.16571E-1 6.54492E-1 6.74651E-1 7.05157E-1 7.09802E-1 7.36782E-1 7.13122E-1 7.09118E-1 6.65927E-1 6.94712E-1 7.37955E-1 7.18812E-1 7.14574E-1 6.99208E-1 6.81852E-1 6.80851E-1 6.72313E-1 5.82323E-1 5.42198E-1 -9999 -9999 -9999 -9999 -9999 -9999 -9999 -9999 -9999
4.43709E-1 4.35782E-1 4.57646E-1 4.17767E-1 5.38773E-1 5.76346E-1 5.45547E-1 5.28031E-1 5.84345E-1 5.65378E-1 5.47841E-1 5.40979E-1 5.94402E-1 7.14568E-1 6.70305E-1 6.98295E-1 4.83908E-1 5.0822E-1 4.48227E-1 4.31187E-1 4.12315E-1 4.07445E-1 4.78212E-1 5.60013E-1 5.52605E-1 5.66992E-1 5.10075E-1 5.37979E-1 5.40787E-1 6.03221E-1 5.99425E-1 6.13465E-1 6.09981E-1 6.20902E-1 7.34147E-1 6.47078E-1 6.92129E-1 6.94382E-1 6.63861E-1 7.30237E-1 6.9542E-1 6.88414E-1 7.58885E-1 7.48239E-1 7.37318E-1 7.29215E-1 7.08986E-1 7.06533E-1 7.06706E-1 6.92646E-1 5.4994E-1 5.41147E-1 -9999 -9999 -9999 -9999 -9999 -9999 -9999 -9999 -9999
4.67227E-1 4.7114E-1 4.56448E-1 4.32254E-1 5.31337E-1 4.50127E-1 5.31421E-1 6.1409E-1 6.12198E-1 6.23463E-1 5.69209E-1 4.49524E-1 6.04712E-1 7.35724E-1 6.0019E-1 5.9223E-1 5.78874E-1 5.16402E-1 4.33131E-1 4.3542E-1 4.92095E-1 4.13516E-1 4.6984E-1 4.76787E-1 4.82373E-1 5.00526E-1 5.25916E-1 5.39177E-1 5.82687E-1 5.90475E-1 6.04193E-1 5.98256E-1 6.00463E-1 6.50697E-1 6.42821E-1 6.71925E-1 6.88865E-1 6.85438E-1 6.48856E-1 7.2753E-1 6.83891E-1 6.60071E-1 7.72175E-1 7.51305E-1 7.52754E-1 7.36373E-1 7.38423E-1 7.17819E-1 6.68944E-1 6.51159E-1 5.49092E-1 5.41279E-1 -9999 -9999 -9999 -9999 -9999 -9999 -9999 -9999 -9999
4.40367E-1 4.76964E-1 5.45564E-1 4.17984E-1 4.37045E-1 4.12222E-1 4.35148E-1 4.66442E-1 4.59016E-1 5.62812E-1 4.59362E-1 5.91804E-1 5.85118E-1 7.01592E-1 7.18087E-1 7.21669E-1 4.71226E-1 4.2349E-1 5.0325E-1 4.2131E-1 4.08533E-1 4.78404E-1 5.75633E-1 4.7591E-1 4.92516E-1 4.96522E-1 5.14249E-1 5.24943E-1 5.89034E-1 5.86785E-1 5.88852E-1 5.9765E-1 6.37033E-1 6.79555E-1 6.85936E-1 6.82888E-1 6.89357E-1 6.49215E-1 6.34585E-1 7.15663E-1 5.69064E-1 7.52749E-1 7.44629E-1 7.36553E-1 7.36947E-1 7.12015E-1 7.33386E-1 6.7678E-1 6.59426E-1 5.66055E-1 6.31707E-1 5.26429E-1 -9999 -9999 -9999 -9999 -9999 -9999 -9999 -9999 -9999
4.86991E-1 4.71082E-1 4.03145E-1 4.15736E-1 5.60492E-1 4.02233E-1 4.01317E-1 4.07604E-1 4.30348E-1 4.53236E-1 4.38453E-1 6.19349E-1 5.90698E-1 6.2148E-1 6.16748E-1 5.80902E-1 6.34499E-1 5.02406E-1 5.25112E-1 4.95843E-1 4.0598E-1 5.89999E-1 5.50018E-1 4.69469E-1 4.84464E-1 4.86294E-1 5.00386E-1 5.0972E-1 5.22153E-1 5.78938E-1 5.93048E-1 6.0162E-1 6.35847E-1 6.72792E-1 6.87816E-1 6.51036E-1 6.58783E-1 6.49093E-1 5.81959E-1 5.83774E-1 5.87556E-1 7.2477E-1 7.21171E-1 7.4855E-1 5.99679E-1 7.12653E-1 6.88713E-1 6.71724E-1 5.655E-1 5.56626E-1 5.35134E-1 5.25368E-1 -9999 -9999 -9999 -9999 -9999 -9999 -9999 -9999 -9999
4.57733E-1 4.22792E-1 4.14951E-1 5.11993E-1 5.34356E-1 5.53731E-1 4.51963E-1 4.57408E-1 4.49582E-1 4.30192E-1 4.29976E-1 5.98163E-1 5.54431E-1 4.15598E-1 5.71096E-1 6.24456E-1 5.89868E-1 6.9259E-1 4.96284E-1 4.32516E-1 3.98165E-1 5.43275E-1 5.00343E-1 4.70241E-1 4.8264E-1 4.7893E-1 4.88412E-1 5.0298E-1 5.09946E-1 5.7157E-1 5.82116E-1 6.05581E-1 5.91942E-1 6.84232E-1 6.82293E-1 6.43004E-1 6.45601E-1 5.85454E-1 5.83696E-1 5.79351E-1 6.50619E-1 6.531E-1 6.58469E-1 7.13876E-1 6.1566E-1 6.96751E-1 5.87302E-1 5.74476E-1 5.56694E-1 5.43752E-1 5.34552E-1 5.25331E-1 5.16062E-1 -9999 -9999 -9999 -9999 -9999 -9999 -9999 -9999
5.49131E-1 5.26529E-1 4.11457E-1 4.22833E-1 4.1428E-1 4.37241E-1 4.64547E-1 4.57669E-1 4.51831E-1 4.2206E-1 4.21183E-1 5.72147E-1 4.52498E-1 5.7268E-1 5.68096E-1 6.18039E-1 6.80462E-1 5.58211E-1 3.94765E-1 3.84899E-1 3.76549E-1 4.48843E-1 5.23815E-1 5.51949E-1 5.79756E-1 4.93254E-1 4.0622E-1 4.90938E-1 5.14329E-1 5.72937E-1 5.78607E-1 5.91222E-1 5.95596E-1 6.70177E-1 6.2552E-1 6.47317E-1 6.26919E-1 5.87586E-1 6.56237E-1 6.53047E-1 6.5645E-1 6.85289E-1 6.95991E-1 6.22485E-1 6.11687E-1 6.7977E-1 5.83157E-1 6.58129E-1 5.56106E-1 5.4276E-1 5.25056E-1 5.15604E-1 5.06505E-1 -9999 -9999 -9999 -9999 -9999 -9999 -9999 -9999
5.39246E-1 5.64359E-1 3.96881E-1 4.08794E-1 4.13619E-1 4.16466E-1 4.5396E-1 4.75792E-1 4.71982E-1 4.06138E-1 4.35027E-1 4.27872E-1 5.6925E-1 5.76555E-1 6.17545E-1 5.80517E-1 7.90894E-1 6.16602E-1 4.04275E-1 4.41973E-1 3.64042E-1 5.18139E-1 5.66697E-1 5.61519E-1 3.77131E-1 3.78606E-1 3.95998E-1 4.80552E-1 5.00734E-1 5.11404E-1 5.66879E-1 5.2665E-1 5.69301E-1 6.18382E-1 6.36137E-1 6.14853E-1 6.28744E-1 6.59435E-1 6.60278E-1 7.55006E-1 7.59317E-1 7.46411E-1 6.98911E-1 6.91038E-1 5.21239E-1 5.96256E-1 5.82556E-1 4.92869E-1 4.76037E-1 5.42587E-1 5.24041E-1 5.10352E-1 4.92874E-1 -9999 -9999 -9999 -9999 -9999 -9999 -9999 -9999
5.17305E-1 5.58508E-1 3.91637E-1 3.90635E-1 4.01174E-1 4.07876E-1 4.50313E-1 4.33951E-1 4.46741E-1 3.99101E-1 4.30835E-1 5.58401E-1 5.62717E-1 6.35924E-1 6.34724E-1 5.78519E-1 7.14992E-1 6.91249E-1 4.89786E-1 4.11392E-1 4.90287E-1 5.23923E-1 7.13971E-1 6.20425E-1 3.71644E-1 3.71098E-1 3.82125E-1 4.0628E-1 4.15283E-1 5.00621E-1 5.49159E-1 5.57343E-1 6.07268E-1 6.13112E-1 6.24236E-1 6.13924E-1 6.16216E-1 5.84651E-1 6.03894E-1 7.66724E-1 7.67891E-1 7.49671E-1 7.43077E-1 7.2531E-1 5.95556E-1 5.05251E-1 5.01358E-1 4.84834E-1 4.71753E-1 5.33157E-1 5.23908E-1 5.01847E-1 4.92444E-1 4.82916E-1 -9999 -9999 -9999 -9999 -9999 -9999 -9999
5.07044E-1 3.77987E-1 3.89901E-1 3.76866E-1 3.97915E-1 4.01483E-1 4.13321E-1 4.41728E-1 4.47041E-1 4.01463E-1 4.01073E-1 5.44202E-1 5.73403E-1 6.37662E-1 5.38675E-1 4.63092E-1 5.53509E-1 7.74494E-1 5.11753E-1 3.77513E-1 4.99252E-1 5.79594E-1 5.79544E-1 5.6688E-1 4.18672E-1 4.84665E-1 4.67196E-1 3.56148E-1 3.69306E-1 3.79203E-1 5.42859E-1 6.05343E-1 5.96635E-1 6.23009E-1 6.16222E-1 6.10463E-1 6.15264E-1 6.34769E-1 7.07402E-1 7.51312E-1 7.41611E-1 7.33101E-1 7.5767E-1 6.96349E-1 6.79994E-1 5.01318E-1 4.92672E-1 4.84112E-1 4.71659E-1 5.33643E-1 5.14488E-1 5.00989E-1 4.9168E-1 5.5724E-1 -9999 -9999 -9999 -9999 -9999 -9999 -9999
