Artocarpus heterophyllus SDM files/MIS19/results (with bias file)/Arthet_max.asc
ncols         625
nrows         721
xllcorner     69.99986311115
yllcorner     5.99986187915
cellsize      0.041666667
NODATA_value  -9999
[rows 594 to 620 of 721, columns 183 to 243 of 625]
5.0599E-1 3.87789E-1 3.8502E-1 3.79499E-1 3.75156E-1 3.78192E-1 3.94495E-1 4.22737E-1 4.0868E-1 4.04331E-1 5.29494E-1 5.85395E-1 4.31071E-1 5.64792E-1 5.2191E-1 5.51657E-1 7.96948E-1 7.27526E-1 5.07988E-1 4.06445E-1 5.06671E-1 6.00752E-1 5.94615E-1 6.31385E-1 6.61868E-1 6.24573E-1 3.97413E-1 4.09563E-1 3.98596E-1 3.84481E-1 6.05329E-1 5.98766E-1 6.38219E-1 6.81512E-1 6.69341E-1 6.74695E-1 6.88056E-1 7.729E-1 7.99862E-1 7.94643E-1 7.74198E-1 7.83598E-1 7.68442E-1 7.18014E-1 7.0331E-1 6.03948E-1 5.9515E-1 5.85632E-1 4.67089E-1 5.33065E-1 5.14692E-1 5.00831E-1 4.91433E-1 5.72534E-1 -9999 -9999 -9999 -9999 -9999 -9999 -9999
5.00074E-1 3.91416E-1 3.76179E-1 3.76231E-1 3.84589E-1 3.72768E-1 5.22341E-1 4.1354E-1 3.89307E-1 5.19795E-1 5.43932E-1 5.69927E-1 6.05213E-1 5.71323E-1 4.80107E-1 6.19235E-1 7.63568E-1 6.89039E-1 5.1516E-1 4.34941E-1 5.16697E-1 6.20469E-1 5.18183E-1 7.20594E-1 5.41539E-1 6.18849E-1 3.74683E-1 3.83313E-1 3.66027E-1 4.31749E-1 5.07638E-1 6.2675E-1 6.02541E-1 6.87348E-1 6.85581E-1 7.01446E-1 7.06923E-1 7.24829E-1 7.26464E-1 7.68285E-1 7.74567E-1 7.78957E-1 7.23596E-1 7.23591E-1 7.1231E-1 6.12067E-1 5.96703E-1 4.7556E-1 4.6688E-1 5.23941E-1 5.14496E-1 4.96248E-1 4.82741E-1 5.72E-1 -9999 -9999 -9999 -9999 -9999 -9999 -9999
4.99366E-1 3.64586E-1 3.58915E-1 3.74244E-1 3.69342E-1 3.63008E-1 5.15133E-1 3.94234E-1 3.92336E-1 5.12471E-1 5.32328E-1 5.33758E-1 4.3005E-1 3.95356E-1 4.89103E-1 5.07159E-1 7.03476E-1 4.53858E-1 4.21348E-1 3.8498E-1 3.84038E-1 5.51018E-1 4.44727E-1 6.37618E-1 5.52658E-1 5.7947E-1 5.06945E-1 5.21698E-1 6.6745E-1 4.32556E-1 4.34092E-1 4.4625E-1 5.63852E-1 6.49548E-1 6.70205E-1 7.07929E-1 7.04022E-1 7.24853E-1 7.99457E-1 8.01945E-1 7.90689E-1 7.84203E-1 7.31717E-1 6.40944E-1 6.20524E-1 6.13668E-1 5.98459E-1 4.84115E-1 4.66693E-1 5.24037E-1 5.06029E-1 4.95667E-1 4.73723E-1 5.63919E-1 -9999 -9999 -9999 -9999 -9999 -9999 -9999
5.33646E-1 3.81103E-1 3.85623E-1 3.73357E-1 3.67296E-1 3.72179E-1 5.02927E-1 3.9688E-1 3.88319E-1 5.08627E-1 5.17273E-1 5.09377E-1 4.15846E-1 4.01211E-1 4.89928E-1 4.8062E-1 5.64402E-1 4.0776E-1 4.08709E-1 3.94919E-1 4.51246E-1 3.90317E-1 3.92606E-1 4.60255E-1 5.25567E-1 3.95383E-1 3.94294E-1 5.11481E-1 6.39374E-1 4.71433E-1 4.45943E-1 4.77991E-1 4.80574E-1 6.03743E-1 6.30756E-1 6.71036E-1 6.81491E-1 6.85825E-1 7.13016E-1 7.17194E-1 7.65979E-1 7.39393E-1 6.48183E-1 6.4345E-1 6.20408E-1 6.13543E-1 4.96471E-1 4.75106E-1 4.58637E-1 4.49269E-1 5.09637E-1 5.9541E-1 4.77882E-1 5.66731E-1 -9999 -9999 -9999 -9999 -9999 -9999 -9999
3.36597E-1 3.62457E-1 4.06031E-1 3.74746E-1 3.73083E-1 2.95248E-1 4.93761E-1 5.10439E-1 4.97957E-1 4.6929E-1 4.69746E-1 4.55864E-1 5.11651E-1 5.39232E-1 4.64037E-1 5.37157E-1 4.82876E-1 3.91653E-1 3.89396E-1 3.79909E-1 3.95567E-1 3.9571E-1 3.93085E-1 4.78216E-1 3.6715E-1 3.60533E-1 3.93932E-1 4.74678E-1 5.09479E-1 5.105E-1 5.68268E-1 6.02073E-1 5.9714E-1 4.86019E-1 5.45357E-1 5.91271E-1 6.20436E-1 6.94468E-1 7.01104E-1 6.38583E-1 7.24998E-1 6.53296E-1 6.45614E-1 6.34998E-1 6.22211E-1 6.05242E-1 4.87562E-1 4.70497E-1 5.37306E-1 5.27544E-1 5.09993E-1 5.99739E-1 4.82002E-1 5.66959E-1 -9999 -9999 -9999 -9999 -9999 -9999 -9999
3.38575E-1 3.64395E-1 3.88031E-1 3.55797E-1 3.57838E-1 3.68594E-1 5.13348E-1 5.13094E-1 4.98894E-1 5.31107E-1 4.84217E-1 4.62811E-1 4.13088E-1 4.87392E-1 4.16065E-1 5.10748E-1 4.59124E-1 3.74629E-1 5.35464E-1 3.96716E-1 3.56827E-1 4.01993E-1 3.93906E-1 5.01606E-1 3.74524E-1 3.62E-1 3.65196E-1 4.04919E-1 4.46346E-1 4.16595E-1 4.42922E-1 6.30218E-1 5.98655E-1 6.3759E-1 6.10113E-1 4.87734E-1 4.85903E-1 5.37065E-1 6.90949E-1 7.43837E-1 6.38058E-1 6.46642E-1 6.37373E-1 6.30906E-1 6.15826E-1 5.04508E-1 4.87544E-1 4.79086E-1 4.61997E-1 5.2749E-1 5.09924E-1 5.91603E-1 5.80935E-1 5.703E-1 -9999 -9999 -9999 -9999 -9999 -9999 -9999
3.47472E-1 3.94374E-1 3.82655E-1 3.39276E-1 3.85921E-1 3.6114E-1 5.16689E-1 5.15082E-1 5.10641E-1 3.6444E-1 3.71841E-1 3.41239E-1 4.16095E-1 4.75546E-1 3.57293E-1 4.93141E-1 4.09289E-1 4.10786E-1 4.15025E-1 3.72262E-1 3.64747E-1 4.18807E-1 5.37522E-1 4.5908E-1 3.77044E-1 3.66804E-1 3.46544E-1 3.61761E-1 4.35353E-1 3.79653E-1 3.96661E-1 6.08646E-1 4.72241E-1 5.55632E-1 6.05279E-1 6.18818E-1 4.91447E-1 4.93527E-1 5.3801E-1 5.77415E-1 6.43536E-1 6.45517E-1 6.37369E-1 6.22456E-1 6.1553E-1 5.04787E-1 4.87789E-1 4.70814E-1 4.6188E-1 4.41746E-1 5.09905E-1 5.90824E-1 5.80583E-1 5.62459E-1 -9999 -9999 -9999 -9999 -9999 -9999 -9999
3.64735E-1 3.49324E-1 3.48076E-1 3.96948E-1 3.78264E-1 5.15498E-1 5.25171E-1 3.56203E-1 3.77549E-1 5.29081E-1 4.844E-1 4.79628E-1 4.15361E-1 3.91236E-1 3.95621E-1 4.28387E-1 3.6056E-1 3.66943E-1 3.6816E-1 4.3641E-1 2.83247E-1 4.20921E-1 3.09846E-1 4.16017E-1 3.5369E-1 3.56467E-1 2.89947E-1 3.71493E-1 4.14564E-1 3.08864E-1 3.14523E-1 5.46986E-1 4.0342E-1 4.09401E-1 4.81228E-1 5.39242E-1 5.55237E-1 5.05057E-1 4.29333E-1 4.90022E-1 6.40799E-1 6.45582E-1 6.40654E-1 5.23898E-1 5.12277E-1 5.0449E-1 4.86923E-1 4.7871E-1 4.62204E-1 4.41156E-1 4.24956E-1 5.90742E-1 5.8047E-1 5.617E-1 -9999 -9999 -9999 -9999 -9999 -9999 -9999
3.91076E-1 3.65403E-1 3.93941E-1 3.50143E-1 3.6381E-1 3.8114E-1 3.82291E-1 3.75365E-1 2.83964E-1 4.76552E-1 4.76373E-1 4.92614E-1 4.11809E-1 4.05812E-1 4.12784E-1 4.33267E-1 4.41872E-1 2.6317E-1 2.61496E-1 2.42031E-1 2.42511E-1 2.52319E-1 2.56078E-1 2.87613E-1 3.05353E-1 3.05217E-1 3.002E-1 3.02049E-1 3.19648E-1 3.22622E-1 2.53401E-1 3.33961E-1 3.3803E-1 3.47848E-1 3.52725E-1 3.54732E-1 4.15699E-1 4.2111E-1 4.35255E-1 5.69559E-1 6.44875E-1 6.46448E-1 6.3852E-1 5.2776E-1 5.11959E-1 4.95686E-1 4.87165E-1 4.70538E-1 4.53828E-1 4.40807E-1 5.22734E-1 5.90503E-1 5.72366E-1 5.61196E-1 -9999 -9999 -9999 -9999 -9999 -9999 -9999
4.30432E-1 2.60662E-1 2.89011E-1 2.85974E-1 3.56112E-1 3.77491E-1 4.03983E-1 2.93952E-1 5.11452E-1 5.1424E-1 3.71874E-1 3.62141E-1 4.85416E-1 4.99573E-1 5.17127E-1 2.97631E-1 3.4613E-1 2.96268E-1 2.67413E-1 2.41597E-1 2.43188E-1 2.47185E-1 2.50724E-1 2.37238E-1 2.44884E-1 2.4334E-1 2.43997E-1 2.45676E-1 2.48319E-1 2.49481E-1 2.55913E-1 2.67457E-1 3.35107E-1 3.47763E-1 3.49258E-1 3.53279E-1 4.22534E-1 4.26653E-1 4.34145E-1 4.90244E-1 6.43243E-1 5.62028E-1 5.55379E-1 5.28477E-1 5.11983E-1 4.95215E-1 4.78404E-1 4.62173E-1 4.48978E-1 4.32898E-1 5.2222E-1 5.81382E-1 5.7106E-1 5.53202E-1 -9999 -9999 -9999 -9999 -9999 -9999 -9999
5.15446E-1 5.14715E-1 5.16259E-1 3.79391E-1 2.95366E-1 2.93374E-1 3.79807E-1 5.11852E-1 5.07054E-1 5.25362E-1 3.70871E-1 3.60447E-1 5.40939E-1 5.63165E-1 3.5762E-1 3.26693E-1 3.56785E-1 3.02806E-1 2.9558E-1 3.04774E-1 2.73932E-1 2.49263E-1 2.2483E-1 2.40234E-1 2.44828E-1 2.50288E-1 2.49277E-1 2.5095E-1 2.52862E-1 2.578E-1 2.63547E-1 2.67991E-1 3.37795E-1 3.47815E-1 3.48911E-1 3.58467E-1 3.59626E-1 3.69997E-1 3.8049E-1 4.04988E-1 4.79498E-1 5.58461E-1 5.56642E-1 5.28461E-1 5.12103E-1 4.95401E-1 4.74712E-1 4.65945E-1 4.49489E-1 4.32458E-1 5.99447E-1 5.81275E-1 5.70697E-1 5.51797E-1 -9999 -9999 -9999 -9999 -9999 -9999 -9999
3.48735E-1 3.80874E-1 3.86057E-1 3.76535E-1 3.68274E-1 2.73418E-1 3.6028E-1 5.14728E-1 5.09173E-1 5.09869E-1 3.74718E-1 3.59334E-1 5.38813E-1 3.51476E-1 3.7231E-1 3.80714E-1 3.99316E-1 3.55737E-1 3.25287E-1 2.7006E-1 2.75165E-1 2.53073E-1 2.35544E-1 2.44585E-1 2.47098E-1 2.58309E-1 2.55621E-1 2.5792E-1 2.53735E-1 2.64545E-1 2.59136E-1 2.95009E-1 2.98989E-1 3.43439E-1 3.50451E-1 3.52403E-1 3.56767E-1 3.63139E-1 3.71342E-1 3.95775E-1 4.7154E-1 4.80068E-1 4.7811E-1 5.27283E-1 5.08275E-1 5.00279E-1 4.8351E-1 4.6578E-1 4.49092E-1 5.314E-1 4.15697E-1 5.80351E-1 5.62073E-1 5.50963E-1 -9999 -9999 -9999 -9999 -9999 -9999 -9999
3.31774E-1 3.74389E-1 3.85143E-1 3.89984E-1 3.73563E-1 3.59112E-1 3.5038E-1 3.5176E-1 4.98829E-1 5.14662E-1 3.97498E-1 3.59621E-1 3.63148E-1 4.29689E-1 4.78979E-1 3.87454E-1 3.81851E-1 3.49261E-1 3.25518E-1 3.3199E-1 3.07909E-1 2.89444E-1 3.07024E-1 2.53082E-1 2.74768E-1 3.29598E-1 2.60551E-1 2.63738E-1 3.39505E-1 2.60334E-1 2.62967E-1 2.97045E-1 3.42685E-1 3.41645E-1 3.40591E-1 4.98356E-1 4.44643E-1 4.35738E-1 4.52607E-1 4.75512E-1 5.63142E-1 4.84034E-1 4.76836E-1 5.26463E-1 5.08275E-1 4.91565E-1 4.75067E-1 4.66238E-1 4.49257E-1 5.31209E-1 5.12525E-1 5.79849E-1 5.60761E-1 5.50224E-1 -9999 -9999 -9999 -9999 -9999 -9999 -9999
3.42773E-1 3.90392E-1 3.87818E-1 3.74648E-1 3.75693E-1 3.72786E-1 4.52252E-1 3.61837E-1 4.9616E-1 5.32066E-1 3.90249E-1 4.64705E-1 4.75142E-1 4.32362E-1 4.79158E-1 4.00665E-1 4.12611E-1 3.63733E-1 3.57625E-1 3.25681E-1 3.33991E-1 2.99481E-1 3.03766E-1 2.52206E-1 2.52754E-1 3.28466E-1 2.58279E-1 3.30151E-1 3.28756E-1 2.65218E-1 3.68253E-1 3.59479E-1 4.20014E-1 4.04667E-1 4.86241E-1 5.76211E-1 4.40969E-1 4.40384E-1 4.44174E-1 4.07385E-1 4.77606E-1 4.84743E-1 4.73441E-1 4.4762E-1 4.29094E-1 4.88245E-1 4.79649E-1 4.62567E-1 4.45178E-1 5.27295E-1 5.17307E-1 5.76091E-1 5.68684E-1 5.48981E-1 -9999 -9999 -9999 -9999 -9999 -9999 -9999
3.45228E-1 3.38949E-1 3.78447E-1 3.7723E-1 3.87505E-1 4.16427E-1 3.73308E-1 4.13355E-1 5.86367E-1 5.18812E-1 4.00978E-1 3.96431E-1 4.0016E-1 4.32829E-1 4.7541E-1 4.26718E-1 4.07034E-1 3.89545E-1 4.01522E-1 3.73909E-1 3.65169E-1 3.62426E-1 3.10435E-1 3.12447E-1 3.197E-1 3.32026E-1 3.3286E-1 3.30515E-1 3.29832E-1 3.34151E-1 3.7523E-1 4.30604E-1 4.89697E-1 4.82177E-1 5.06287E-1 4.18799E-1 4.37085E-1 4.35345E-1 3.81306E-1 4.00063E-1 4.79045E-1 4.85234E-1 4.56987E-1 4.37282E-1 4.2834E-1 4.8874E-1 4.79921E-1 4.66635E-1 5.48876E-1 5.30722E-1 5.12331E-1 5.79005E-1 5.6827E-1 5.47656E-1 -9999 -9999 -9999 -9999 -9999 -9999 -9999
3.40727E-1 3.54531E-1 3.58864E-1 4.10527E-1 3.81204E-1 3.78541E-1 3.51986E-1 3.886E-1 5.81446E-1 5.10871E-1 3.98273E-1 4.25866E-1 3.76729E-1 4.57091E-1 4.32751E-1 3.8164E-1 3.25113E-1 3.44311E-1 3.85161E-1 3.91777E-1 3.56578E-1 3.95072E-1 3.93604E-1 3.20894E-1 3.18023E-1 3.89001E-1 4.87013E-1 3.85653E-1 4.82156E-1 4.86328E-1 4.9686E-1 6.342E-1 6.13103E-1 6.23566E-1 4.99457E-1 4.23211E-1 4.35007E-1 3.73121E-1 3.79588E-1 4.11519E-1 4.16034E-1 4.92631E-1 5.4049E-1 5.18256E-1 4.29147E-1 4.97689E-1 4.79716E-1 4.63046E-1 5.45594E-1 5.26475E-1 5.16202E-1 5.01503E-1 5.58984E-1 5.42619E-1 -9999 -9999 -9999 -9999 -9999 -9999 -9999
3.49056E-1 3.65791E-1 3.78309E-1 4.09556E-1 3.85159E-1 3.87854E-1 4.23985E-1 3.81162E-1 4.47324E-1 5.33792E-1 5.69691E-1 6.16632E-1 4.08626E-1 3.90368E-1 3.97878E-1 4.0108E-1 3.39799E-1 3.71675E-1 3.84899E-1 4.01963E-1 3.97254E-1 4.46099E-1 3.97089E-1 3.21683E-1 3.89164E-1 4.98305E-1 5.10544E-1 5.14164E-1 5.11771E-1 5.82741E-1 6.3023E-1 6.22968E-1 4.55032E-1 5.02793E-1 5.97468E-1 4.29531E-1 3.64305E-1 3.7707E-1 3.75707E-1 4.12198E-1 4.78603E-1 4.86447E-1 4.70458E-1 4.41437E-1 4.26369E-1 4.19033E-1 4.80357E-1 4.63204E-1 5.44763E-1 5.26505E-1 5.15554E-1 4.96982E-1 5.62672E-1 5.41331E-1 -9999 -9999 -9999 -9999 -9999 -9999 -9999
3.6666E-1 3.76396E-1 4.20432E-1 4.04708E-1 3.81059E-1 3.57867E-1 4.2479E-1 4.14662E-1 3.77513E-1 5.42959E-1 5.85735E-1 3.89491E-1 4.0819E-1 4.16989E-1 4.08421E-1 3.61734E-1 3.67604E-1 3.75727E-1 4.03256E-1 4.08948E-1 4.29784E-1 4.27349E-1 3.89585E-1 4.85088E-1 4.7138E-1 5.16889E-1 4.94301E-1 4.73204E-1 3.93826E-1 4.17835E-1 5.84861E-1 6.5207E-1 4.52855E-1 3.60007E-1 3.80027E-1 3.55586E-1 3.65858E-1 3.73384E-1 3.83972E-1 4.08653E-1 4.89744E-1 4.84572E-1 4.7074E-1 4.46665E-1 4.28764E-1 4.18579E-1 4.10524E-1 4.67316E-1 4.49845E-1 5.21838E-1 5.14474E-1 4.96155E-1 5.62235E-1 5.35724E-1 -9999 -9999 -9999 -9999 -9999 -9999 -9999
3.91089E-1 4.26776E-1 4.07311E-1 3.91434E-1 3.93429E-1 4.10645E-1 3.98955E-1 3.93269E-1 3.96337E-1 4.07611E-1 6.00264E-1 3.91914E-1 3.7467E-1 3.94967E-1 4.59115E-1 4.02966E-1 4.40928E-1 4.36569E-1 4.05934E-1 4.24466E-1 4.23145E-1 4.36273E-1 4.62092E-1 5.54946E-1 5.62322E-1 6.35645E-1 5.64689E-1 5.773E-1 4.89604E-1 3.69819E-1 4.86088E-1 6.10152E-1 6.06132E-1 5.76708E-1 4.38697E-1 3.75079E-1 3.74676E-1 3.7386E-1 3.75681E-1 4.06491E-1 4.93315E-1 4.76751E-1 4.5791E-1 4.46909E-1 4.33887E-1 4.1527E-1 4.02812E-1 5.59997E-1 5.4904E-1 5.29642E-1 5.10854E-1 4.91695E-1 5.60779E-1 5.34591E-1 -9999 -9999 -9999 -9999 -9999 -9999 -9999
3.99136E-1 3.96291E-1 3.90412E-1 4.14931E-1 4.39391E-1 4.23408E-1 4.0717E-1 3.80146E-1 3.93506E-1 4.17878E-1 4.04796E-1 4.12599E-1 4.03881E-1 4.15882E-1 5.62738E-1 4.11102E-1 4.54313E-1 4.274E-1 4.25516E-1 4.19788E-1 4.26403E-1 4.47548E-1 5.19504E-1 5.57101E-1 6.05918E-1 5.23418E-1 6.49966E-1 5.8591E-1 4.18251E-1 4.06219E-1 4.18145E-1 4.17224E-1 4.96684E-1 4.43568E-1 3.15968E-1 3.65668E-1 3.80986E-1 3.88147E-1 3.84012E-1 4.14515E-1 4.87287E-1 4.75802E-1 4.56009E-1 4.35384E-1 4.33517E-1 4.15449E-1 3.99653E-1 5.55945E-1 5.45468E-1 5.21096E-1 5.01406E-1 5.66335E-1 5.46145E-1 5.29639E-1 -9999 -9999 -9999 -9999 -9999 -9999 -9999
5.05692E-1 4.81557E-1 5.37687E-1 4.4638E-1 4.73962E-1 4.62628E-1 4.13924E-1 3.92663E-1 3.9567E-1 4.08446E-1 4.10714E-1 3.90627E-1 4.54783E-1 5.27568E-1 4.65251E-1 4.34807E-1 4.59271E-1 4.27935E-1 6.20972E-1 4.43614E-1 4.42886E-1 4.43601E-1 5.32386E-1 4.90217E-1 5.96293E-1 5.06608E-1 6.04347E-1 6.07648E-1 5.92409E-1 5.7604E-1 5.0376E-1 3.7302E-1 3.71816E-1 3.76407E-1 4.53311E-1 3.69386E-1 3.7473E-1 3.85946E-1 3.8404E-1 4.10297E-1 4.94832E-1 4.81863E-1 4.61704E-1 4.38456E-1 4.32494E-1 4.15448E-1 4.97728E-1 5.55066E-1 5.35748E-1 5.17284E-1 5.83034E-1 5.71642E-1 5.5072E-1 5.29659E-1 -9999 -9999 -9999 -9999 -9999 -9999 -9999
7.60877E-1 4.1966E-1 5.38803E-1 4.26939E-1 4.40178E-1 4.64721E-1 4.37001E-1 3.90349E-1 4.17687E-1 4.11969E-1 4.28366E-1 3.93598E-1 4.91361E-1 5.84969E-1 4.13143E-1 4.15251E-1 6.59221E-1 4.19829E-1 4.88628E-1 4.56271E-1 4.67078E-1 5.32469E-1 5.4404E-1 4.97127E-1 4.9605E-1 5.00741E-1 5.03082E-1 5.1745E-1 6.43825E-1 6.99452E-1 6.64625E-1 5.28713E-1 6.16731E-1 4.55445E-1 4.5107E-1 3.70261E-1 3.11799E-1 3.83013E-1 3.83226E-1 3.53332E-1 4.84377E-1 4.73541E-1 4.59293E-1 4.37177E-1 4.32891E-1 4.12824E-1 3.96609E-1 5.61057E-1 5.42124E-1 5.22853E-1 5.83962E-1 5.72028E-1 5.50669E-1 5.28973E-1 -9999 -9999 -9999 -9999 -9999 -9999 -9999
6.94345E-1 6.17497E-1 6.55075E-1 5.68403E-1 4.58966E-1 4.7602E-1 4.40969E-1 3.96594E-1 3.913E-1 4.25606E-1 4.12778E-1 4.82703E-1 4.82762E-1 6.221E-1 4.3875E-1 4.02557E-1 4.26165E-1 4.32412E-1 4.73236E-1 4.66313E-1 5.62293E-1 5.45216E-1 5.44231E-1 5.01765E-1 4.13108E-1 4.91278E-1 4.99856E-1 4.13009E-1 4.17903E-1 5.22612E-1 6.28604E-1 4.51517E-1 3.86098E-1 3.13742E-1 3.90346E-1 3.82268E-1 3.78691E-1 3.86602E-1 4.1507E-1 4.11351E-1 4.09615E-1 4.79524E-1 4.59675E-1 4.41117E-1 4.30464E-1 5.09489E-1 4.95304E-1 4.51967E-1 5.41835E-1 5.22968E-1 5.89662E-1 5.69405E-1 5.5719E-1 5.26985E-1 5.17108E-1 -9999 -9999 -9999 -9999 -9999 -9999
7.90468E-1 5.966E-1 6.05604E-1 5.74375E-1 4.73981E-1 4.77166E-1 4.098E-1 4.02934E-1 4.89095E-1 4.78276E-1 4.5307E-1 4.68962E-1 5.02852E-1 7.31149E-1 6.2553E-1 4.7014E-1 4.7311E-1 4.51745E-1 4.48265E-1 4.54463E-1 4.71952E-1 6.28735E-1 6.25548E-1 5.78198E-1 5.71272E-1 5.86153E-1 5.15427E-1 4.84261E-1 3.54367E-1 3.51067E-1 4.37347E-1 5.19718E-1 4.58868E-1 4.57969E-1 3.76059E-1 3.73435E-1 3.17307E-1 3.22834E-1 4.10295E-1 3.63811E-1 4.07227E-1 4.17834E-1 3.90555E-1 4.32821E-1 4.3069E-1 4.08764E-1 5.6837E-1 5.49736E-1 4.30086E-1 5.19309E-1 5.81102E-1 5.61199E-1 5.49282E-1 5.26934E-1 5.25778E-1 -9999 -9999 -9999 -9999 -9999 -9999
6.54839E-1 5.52127E-1 5.60885E-1 5.80696E-1 4.84381E-1 4.3767E-1 3.87881E-1 4.5159E-1 6.06248E-1 5.58738E-1 5.31154E-1 4.2291E-1 3.99393E-1 6.0738E-1 4.74216E-1 4.13676E-1 4.78454E-1 5.13488E-1 6.20015E-1 6.9143E-1 4.67492E-1 5.20409E-1 6.32261E-1 7.21833E-1 5.88399E-1 4.40074E-1 4.8677E-1 4.12265E-1 5.05982E-1 4.51611E-1 3.01698E-1 3.69165E-1 3.37242E-1 3.78151E-1 3.77773E-1 3.1854E-1 3.1015E-1 3.1937E-1 3.5132E-1 4.06829E-1 3.99654E-1 3.9683E-1 -9999 -9999 -9999 -9999 -9999 -9999 5.30035E-1 5.11436E-1 5.77368E-1 5.61022E-1 5.502E-1 5.37502E-1 -9999 -9999 -9999 -9999 -9999 -9999 -9999
8.27599E-1 6.69855E-1 5.30249E-1 4.82548E-1 4.58083E-1 5.45711E-1 3.73886E-1 5.69095E-1 7.80443E-1 6.61739E-1 4.68217E-1 5.1066E-1 3.91215E-1 4.33154E-1 4.00984E-1 4.10885E-1 4.61812E-1 4.2512E-1 4.96272E-1 6.32872E-1 5.31631E-1 4.94857E-1 5.15373E-1 6.06858E-1 6.28022E-1 5.07074E-1 4.27566E-1 3.06284E-1 3.58759E-1 5.50057E-1 3.11316E-1 2.55982E-1 3.27696E-1 3.8285E-1 3.0943E-1 3.05341E-1 3.07644E-1 3.10148E-1 3.27539E-1 4.37862E-1 -9999 -9999 -9999 -9999 -9999 -9999 -9999 -9999 -9999 -9999 -9999 -9999 -9999 -9999 -9999 -9999 -9999 -9999 -9999 -9999 -9999
5.70058E-1 5.65108E-1 5.45759E-1 5.13368E-1 4.64758E-1 3.99302E-1 3.76412E-1 5.11527E-1 7.76402E-1 6.17638E-1 5.85854E-1 4.76179E-1 5.70708E-1 4.55401E-1 4.28335E-1 4.42893E-1 4.12993E-1 4.00602E-1 4.28347E-1 5.35107E-1 5.63849E-1 4.11051E-1 4.7948E-1 4.91799E-1 5.31288E-1 6.26095E-1 6.02479E-1 3.73382E-1 3.01792E-1 3.08428E-1 3.12139E-1 2.49676E-1 2.70822E-1 3.09735E-1 3.09592E-1 3.07734E-1 3.13837E-1 3.25115E-1 3.28095E-1 4.29547E-1 -9999 -9999 -9999 -9999 -9999 -9999 -9999 -9999 -9999 -9999 -9999 -9999 -9999 -9999 -9999 -9999 -9999 -9999 -9999 -9999 -9999
