Artocarpus heterophyllus SDM files/MIS19/results (with bias file)/Arthet_stddev.asc
ncols         625
nrows         721
xllcorner     69.99986311115
yllcorner     5.99986187915
cellsize      0.041666667
NODATA_value  -9999
[rows 216 to 242 of 721, columns 122 to 182 of 625]
6.61802E-2 6.79299E-2 6.88362E-2 6.67695E-2 4.73627E-2 3.84014E-2 3.80475E-2 3.89991E-2 3.65614E-2 3.4822E-2 3.24268E-2 3.22725E-2 3.2774E-2 3.22195E-2 3.25201E-2 3.33599E-2 3.27885E-2 3.24776E-2 3.54727E-2 3.0282E-2 2.9905E-2 3.30225E-2 3.28439E-2 3.55908E-2 2.96894E-2 3.45921E-2 3.19413E-2 2.96311E-2 2.96462E-2 2.9684E-2 2.97303E-2 3.68242E-2 2.96172E-2 2.31105E-2 2.28216E-2 2.30874E-2 2.31064E-2 2.31244E-2 2.41334E-2 2.41254E-2 2.30376E-2 2.20956E-2 2.30104E-2 2.3998E-2 1.83024E-2 1.82946E-2 1.83192E-2 2.21928E-2 2.03504E-2 2.06255E-2 2.37995E-2 2.20407E-2 2.46785E-2 2.46591E-2 2.46541E-2 2.55289E-2 2.14904E-2 2.14901E-2 2.14891E-2 2.14733E-2 2.00936E-2
6.57744E-2 6.85242E-2 6.69417E-2 4.97321E-2 4.92832E-2 3.85565E-2 3.8933E-2 3.93194E-2 4.03033E-2 3.5786E-2 3.44725E-2 3.3568E-2 3.25521E-2 3.23417E-2 3.25069E-2 3.29717E-2 3.27091E-2 3.76581E-2 3.31241E-2 3.04869E-2 2.99184E-2 3.08252E-2 3.32364E-2 3.54079E-2 3.44432E-2 3.45864E-2 3.45432E-2 3.46064E-2 3.45073E-2 3.45247E-2 2.97226E-2 1.78378E-2 2.39806E-2 2.2829E-2 2.28356E-2 2.30946E-2 2.31064E-2 2.30976E-2 2.30181E-2 2.30228E-2 2.40198E-2 2.31472E-2 2.30174E-2 1.83E-2 1.83628E-2 2.2214E-2 2.23485E-2 2.56995E-2 3.30197E-2 3.18854E-2 1.96053E-2 2.0431E-2 1.82895E-2 1.85461E-2 1.85674E-2 2.4694E-2 2.16419E-2 2.17862E-2 2.0121E-2 2.00412E-2 2.00877E-2
6.15423E-2 6.52534E-2 6.88175E-2 6.58095E-2 4.02218E-2 3.85333E-2 3.70765E-2 3.53917E-2 3.99092E-2 3.2757E-2 3.23301E-2 2.99733E-2 3.00306E-2 3.23203E-2 3.27966E-2 3.28973E-2 3.29068E-2 3.32454E-2 3.69374E-2 3.49002E-2 2.98996E-2 3.08633E-2 3.32719E-2 3.28794E-2 3.40166E-2 3.22669E-2 3.44916E-2 3.46582E-2 3.4588E-2 3.46287E-2 2.41417E-2 2.30921E-2 1.81321E-2 2.26911E-2 2.2701E-2 2.07851E-2 2.07833E-2 2.07837E-2 2.20471E-2 2.20815E-2 2.07823E-2 2.20548E-2 2.29144E-2 1.83009E-2 1.84913E-2 1.85767E-2 1.93337E-2 2.10522E-2 2.79116E-2 3.72688E-2 3.69602E-2 3.72033E-2 2.18935E-2 1.82246E-2 1.83135E-2 2.19243E-2 2.01813E-2 2.03241E-2 2.01892E-2 2.01815E-2 2.14891E-2
6.61786E-2 6.66301E-2 6.72363E-2 4.88409E-2 3.89204E-2 3.77727E-2 4.81662E-2 5.07405E-2 4.09411E-2 3.45564E-2 3.27283E-2 3.27633E-2 3.24841E-2 3.26535E-2 3.27318E-2 3.28373E-2 3.3812E-2 3.3196E-2 3.72786E-2 2.94593E-2 3.0423E-2 3.29265E-2 3.29898E-2 3.32676E-2 3.22062E-2 3.24653E-2 3.17735E-2 3.19674E-2 3.20622E-2 3.21731E-2 3.47389E-2 2.41072E-2 2.30228E-2 2.07891E-2 2.09344E-2 2.09329E-2 2.09321E-2 2.09292E-2 2.07868E-2 3.2421E-2 3.25395E-2 2.24439E-2 1.82591E-2 1.83903E-2 1.85534E-2 1.86177E-2 1.8646E-2 2.10362E-2 2.25813E-2 2.26099E-2 2.25492E-2 3.98509E-2 2.54465E-2 1.82638E-2 1.83811E-2 2.18008E-2 2.19523E-2 2.20879E-2 2.1789E-2 2.17873E-2 2.30172E-2
6.6754E-2 6.47725E-2 6.67945E-2 6.43861E-2 3.81167E-2 3.44739E-2 4.31263E-2 6.7028E-2 3.98195E-2 3.43211E-2 3.52574E-2 3.53251E-2 3.40532E-2 3.36605E-2 3.37248E-2 3.27543E-2 3.38256E-2 3.40463E-2 3.02394E-2 2.95794E-2 3.05018E-2 3.07112E-2 3.08143E-2 3.08727E-2 3.26273E-2 3.41228E-2 3.43454E-2 1.82882E-2 3.22346E-2 3.23211E-2 3.21931E-2 2.42181E-2 2.09359E-2 2.09386E-2 2.0937E-2 3.27427E-2 3.41934E-2 3.2953E-2 3.38652E-2 3.24511E-2 1.78944E-2 2.39103E-2 1.83721E-2 1.84679E-2 1.85282E-2 1.86687E-2 1.8643E-2 1.87083E-2 1.86509E-2 1.93536E-2 1.93384E-2 1.93645E-2 1.86124E-2 2.38964E-2 2.38324E-2 2.41078E-2 2.57711E-2 1.86788E-2 1.83466E-2 1.83691E-2 2.30677E-2
6.80917E-2 6.77633E-2 6.88683E-2 7.35205E-2 3.97037E-2 3.46296E-2 4.20876E-2 5.2315E-2 5.1318E-2 2.54324E-2 2.24789E-2 2.23071E-2 3.39128E-2 3.40678E-2 3.26559E-2 3.27257E-2 3.27912E-2 3.27156E-2 3.05855E-2 2.97506E-2 3.01386E-2 3.07478E-2 3.05584E-2 3.27247E-2 3.26835E-2 3.25925E-2 3.43855E-2 1.80316E-2 1.83419E-2 1.83762E-2 1.84169E-2 3.23559E-2 3.38399E-2 3.27042E-2 3.27319E-2 3.29436E-2 3.28438E-2 2.31572E-2 1.83965E-2 1.93133E-2 1.85453E-2 1.84967E-2 1.84508E-2 1.85905E-2 1.86451E-2 1.84514E-2 1.84511E-2 1.84289E-2 1.878E-2 1.84791E-2 1.84419E-2 1.86086E-2 3.21159E-2 3.12303E-2 1.94431E-2 2.21023E-2 1.85411E-2 1.83847E-2 1.84185E-2 1.84377E-2 2.31009E-2
6.54925E-2 5.67625E-2 5.30692E-2 5.0662E-2 4.99238E-2 3.95038E-2 4.83769E-2 3.76866E-2 3.88326E-2 2.52222E-2 2.0605E-2 2.0628E-2 2.2368E-2 2.06555E-2 3.26372E-2 3.27177E-2 3.27392E-2 3.06428E-2 2.97584E-2 1.90087E-2 1.89909E-2 1.91267E-2 3.30894E-2 3.28858E-2 3.29937E-2 2.97858E-2 1.82666E-2 1.81292E-2 1.82694E-2 1.84174E-2 3.24377E-2 3.25732E-2 3.37738E-2 3.28486E-2 3.3277E-2 3.32834E-2 3.50241E-2 1.79369E-2 1.84629E-2 1.94992E-2 1.95345E-2 1.86101E-2 1.86469E-2 1.85677E-2 1.85343E-2 1.85358E-2 1.85036E-2 1.84772E-2 1.85319E-2 1.86008E-2 1.92428E-2 3.27217E-2 3.424E-2 3.48449E-2 2.35749E-2 2.30064E-2 2.29323E-2 2.37533E-2 2.37829E-2 2.38235E-2 2.31121E-2
6.32629E-2 4.66634E-2 5.21432E-2 5.00544E-2 4.91275E-2 5.04358E-2 3.96409E-2 2.54327E-2 3.7855E-2 2.59105E-2 2.21815E-2 2.26274E-2 2.24276E-2 2.24997E-2 2.23676E-2 2.07583E-2 2.07583E-2 2.07973E-2 1.90745E-2 1.90627E-2 1.83875E-2 1.91168E-2 2.09773E-2 2.0909E-2 2.09069E-2 1.91524E-2 1.86563E-2 1.86773E-2 1.84533E-2 1.8935E-2 3.25451E-2 3.27511E-2 3.76858E-2 3.49318E-2 3.63841E-2 2.99714E-2 2.9899E-2 1.83487E-2 1.85045E-2 1.85617E-2 1.85955E-2 1.86864E-2 1.86023E-2 1.88513E-2 1.86169E-2 1.85513E-2 1.85566E-2 1.85412E-2 1.85869E-2 1.86391E-2 1.89582E-2 3.36319E-2 3.29749E-2 3.25418E-2 3.33505E-2 2.34338E-2 2.1253E-2 2.37403E-2 2.37886E-2 2.38218E-2 2.38143E-2
4.85505E-2 5.16428E-2 5.16711E-2 5.2861E-2 4.95511E-2 5.01827E-2 4.89804E-2 2.43922E-2 2.30234E-2 2.21742E-2 2.16232E-2 2.35987E-2 2.08219E-2 2.08024E-2 2.08506E-2 2.08111E-2 2.07634E-2 2.08167E-2 1.9118E-2 1.91384E-2 1.91577E-2 1.92078E-2 2.09827E-2 2.10068E-2 1.92504E-2 1.92333E-2 1.93167E-2 1.92232E-2 1.93205E-2 1.93605E-2 3.03495E-2 3.04735E-2 3.36844E-2 3.7761E-2 3.03102E-2 1.93115E-2 1.94266E-2 1.85486E-2 1.82442E-2 1.86041E-2 1.85865E-2 1.86403E-2 1.86403E-2 1.86301E-2 1.86261E-2 1.86421E-2 1.89451E-2 1.89249E-2 1.85453E-2 1.93245E-2 1.93065E-2 3.3149E-2 3.2782E-2 3.00535E-2 1.92538E-2 1.93414E-2 1.83514E-2 2.2869E-2 2.30955E-2 2.09911E-2 2.04019E-2
4.59113E-2 5.21047E-2 5.17666E-2 5.22398E-2 5.06361E-2 5.09861E-2 3.94624E-2 2.48382E-2 2.16465E-2 2.26024E-2 2.12E-2 2.05896E-2 1.96129E-2 2.08131E-2 2.07892E-2 2.25939E-2 2.24807E-2 2.08718E-2 2.09284E-2 1.84764E-2 1.84998E-2 1.93002E-2 1.93226E-2 1.93593E-2 1.937E-2 1.93157E-2 1.93312E-2 1.93556E-2 1.94027E-2 1.94013E-2 3.14011E-2 3.12228E-2 3.15618E-2 1.823E-2 1.84061E-2 1.8544E-2 1.85844E-2 1.86625E-2 1.86191E-2 1.85985E-2 1.85907E-2 1.86633E-2 1.86314E-2 1.86806E-2 1.86593E-2 1.90057E-2 1.94004E-2 1.89639E-2 1.94092E-2 3.27355E-2 3.27252E-2 3.31037E-2 3.01603E-2 1.83514E-2 1.84985E-2 1.84837E-2 1.8534E-2 2.28812E-2 2.3288E-2 2.09999E-2 1.86482E-2
4.66883E-2 5.1601E-2 4.78724E-2 4.97627E-2 5.32029E-2 5.08967E-2 4.84815E-2 2.54394E-2 2.45592E-2 2.33647E-2 2.23358E-2 2.08478E-2 1.90557E-2 1.93494E-2 2.08799E-2 2.09223E-2 2.09425E-2 2.09444E-2 2.10357E-2 1.93627E-2 1.85234E-2 1.84844E-2 1.94008E-2 1.94271E-2 1.94199E-2 1.93574E-2 1.94053E-2 1.95113E-2 1.95439E-2 3.0433E-2 3.06663E-2 3.17502E-2 3.05819E-2 1.82129E-2 1.81129E-2 1.85448E-2 1.86389E-2 1.86899E-2 1.86656E-2 1.90053E-2 1.90741E-2 1.86913E-2 1.88879E-2 1.9019E-2 1.90554E-2 1.88664E-2 2.00513E-2 1.93664E-2 1.94927E-2 1.93912E-2 1.92551E-2 1.85938E-2 1.82803E-2 2.40378E-2 2.40419E-2 2.29362E-2 1.8531E-2 2.11901E-2 1.88424E-2 1.92049E-2 1.86435E-2
5.12987E-2 5.13777E-2 4.95635E-2 5.21327E-2 5.2405E-2 5.20607E-2 4.84601E-2 3.78674E-2 2.35642E-2 2.26876E-2 2.16155E-2 2.10213E-2 2.08253E-2 1.90855E-2 1.91607E-2 1.91814E-2 1.91801E-2 2.09636E-2 2.1092E-2 1.94493E-2 1.85823E-2 1.83935E-2 1.85132E-2 1.85597E-2 1.943E-2 1.94479E-2 2.12694E-2 2.12781E-2 2.1277E-2 2.28081E-2 2.10738E-2 2.12232E-2 3.10411E-2 3.02749E-2 1.82423E-2 1.86997E-2 1.8896E-2 1.89171E-2 1.89746E-2 1.897E-2 1.90262E-2 1.89701E-2 1.87199E-2 1.87343E-2 1.87575E-2 1.86923E-2 1.96608E-2 1.95727E-2 1.94427E-2 1.8787E-2 3.30313E-2 3.51583E-2 2.14138E-2 2.42079E-2 1.84243E-2 1.85645E-2 2.30744E-2 2.35557E-2 1.91901E-2 1.87983E-2 1.89958E-2
4.73149E-2 5.15927E-2 4.87739E-2 5.24211E-2 5.19879E-2 4.91955E-2 4.92167E-2 4.86709E-2 2.49371E-2 2.40886E-2 2.47676E-2 2.3136E-2 2.08763E-2 2.08711E-2 2.09458E-2 2.09047E-2 2.09343E-2 2.10522E-2 1.94824E-2 1.8901E-2 1.90088E-2 1.84474E-2 1.84604E-2 1.84492E-2 1.86392E-2 1.94907E-2 1.96073E-2 2.12911E-2 2.1295E-2 2.30708E-2 2.13622E-2 2.13297E-2 2.13404E-2 1.94521E-2 1.87175E-2 1.87898E-2 1.88685E-2 1.89695E-2 1.90358E-2 1.90564E-2 1.91145E-2 1.89936E-2 1.90233E-2 2.38062E-2 1.87674E-2 1.88628E-2 1.86582E-2 1.88502E-2 1.93214E-2 1.94273E-2 3.31272E-2 1.83462E-2 1.86508E-2 1.84854E-2 2.39012E-2 2.07792E-2 2.07615E-2 2.09725E-2 1.91692E-2 1.91843E-2 1.91855E-2
4.68439E-2 5.15908E-2 4.97627E-2 5.26528E-2 5.30986E-2 5.1984E-2 4.85728E-2 4.76732E-2 3.78993E-2 2.42613E-2 2.31303E-2 1.9827E-2 1.94233E-2 1.93257E-2 1.93506E-2 2.10548E-2 2.09945E-2 2.11332E-2 2.11812E-2 2.11209E-2 1.94588E-2 1.94381E-2 1.87187E-2 1.87647E-2 1.85889E-2 1.86689E-2 1.87309E-2 1.9782E-2 1.95888E-2 2.14108E-2 2.14689E-2 1.98982E-2 1.9673E-2 1.88899E-2 1.88989E-2 1.89577E-2 1.91089E-2 1.9138E-2 1.9155E-2 1.89316E-2 1.90883E-2 1.91323E-2 1.86764E-2 1.87598E-2 2.39276E-2 1.85992E-2 1.86784E-2 1.90086E-2 1.94319E-2 3.33382E-2 1.87854E-2 1.83906E-2 2.14895E-2 2.08872E-2 1.95321E-2 2.20489E-2 1.89938E-2 1.9066E-2 1.91927E-2 1.88621E-2 1.86584E-2
4.3516E-2 4.84894E-2 4.88019E-2 4.67274E-2 5.30472E-2 5.33511E-2 4.9929E-2 3.48686E-2 2.34414E-2 2.42098E-2 2.0695E-2 1.92334E-2 1.92784E-2 1.93423E-2 1.92327E-2 1.93085E-2 2.12181E-2 2.12735E-2 2.12133E-2 2.12102E-2 1.94062E-2 1.92903E-2 1.95208E-2 1.96603E-2 1.95193E-2 1.8649E-2 1.83966E-2 1.87244E-2 1.88171E-2 1.87768E-2 1.97363E-2 1.98352E-2 1.98981E-2 1.89876E-2 1.89599E-2 1.90589E-2 1.91433E-2 1.93006E-2 1.94555E-2 1.98464E-2 2.30484E-2 1.86886E-2 1.90069E-2 1.96931E-2 1.87882E-2 1.96926E-2 2.41365E-2 1.96827E-2 2.42829E-2 1.91182E-2 2.44102E-2 2.39332E-2 2.38382E-2 3.31274E-2 2.21602E-2 1.84664E-2 1.99232E-2 1.99801E-2 1.98973E-2 1.91435E-2 2.33452E-2
4.27786E-2 4.77463E-2 4.65997E-2 5.27691E-2 5.31707E-2 5.22955E-2 4.8222E-2 2.49481E-2 2.43436E-2 2.38491E-2 2.35714E-2 2.15519E-2 2.11198E-2 2.09911E-2 2.10614E-2 2.10675E-2 2.1249E-2 2.12076E-2 2.12359E-2 1.96307E-2 1.85525E-2 1.94425E-2 1.94704E-2 2.12331E-2 2.13595E-2 1.95073E-2 1.94364E-2 1.88797E-2 1.85475E-2 1.83921E-2 1.889E-2 1.89787E-2 1.99997E-2 1.91949E-2 1.9208E-2 1.90276E-2 1.92078E-2 1.9195E-2 1.97917E-2 1.9823E-2 1.88439E-2 1.99374E-2 1.95046E-2 1.90108E-2 1.92016E-2 1.98219E-2 2.17272E-2 1.92429E-2 2.41823E-2 3.47789E-2 3.31211E-2 3.3144E-2 2.42544E-2 1.87209E-2 1.89168E-2 1.8687E-2 1.91234E-2 1.91819E-2 2.25842E-2 2.14768E-2 2.06676E-2
4.19452E-2 4.31242E-2 5.24872E-2 5.2949E-2 4.82654E-2 5.1027E-2 5.04568E-2 3.85741E-2 2.54381E-2 2.26508E-2 2.07782E-2 2.03963E-2 2.1264E-2 2.12454E-2 2.10765E-2 2.11547E-2 2.30388E-2 2.3081E-2 2.29187E-2 2.12386E-2 1.9402E-2 2.10651E-2 1.96385E-2 2.11776E-2 2.131E-2 2.30092E-2 2.1561E-2 1.98316E-2 1.86446E-2 1.88313E-2 1.88659E-2 1.90945E-2 1.9151E-2 1.92439E-2 1.9299E-2 1.92458E-2 1.96945E-2 1.9285E-2 2.01298E-2 2.00563E-2 2.00324E-2 1.97125E-2 1.94648E-2 1.98617E-2 1.99595E-2 3.36019E-2 2.20578E-2 2.46056E-2 3.50861E-2 3.54979E-2 3.30599E-2 1.85314E-2 1.89788E-2 1.88002E-2 1.91758E-2 1.91965E-2 2.25515E-2 2.05663E-2 2.14847E-2 1.88276E-2 1.88154E-2
4.46276E-2 4.43056E-2 4.90547E-2 5.03555E-2 4.93868E-2 4.82589E-2 4.88699E-2 2.41873E-2 2.10663E-2 2.4641E-2 2.20057E-2 2.12268E-2 2.11537E-2 2.12749E-2 2.13383E-2 2.31604E-2 2.3095E-2 2.31314E-2 2.32008E-2 2.32396E-2 2.28155E-2 2.28793E-2 2.13608E-2 2.13723E-2 2.12691E-2 2.15104E-2 2.33569E-2 2.13451E-2 1.98589E-2 1.99719E-2 1.97895E-2 1.91874E-2 1.91972E-2 1.93094E-2 1.93777E-2 1.92362E-2 2.02697E-2 2.01897E-2 2.01572E-2 2.01918E-2 1.93895E-2 1.93342E-2 1.9966E-2 1.99107E-2 3.36759E-2 3.52566E-2 3.32567E-2 3.39475E-2 1.86192E-2 1.95103E-2 1.84618E-2 1.87231E-2 1.88538E-2 1.89885E-2 2.31174E-2 2.09684E-2 1.86859E-2 1.88304E-2 2.10851E-2 2.14071E-2 2.14067E-2
4.90249E-2 4.45515E-2 4.92108E-2 4.70005E-2 5.35057E-2 5.01162E-2 3.93588E-2 2.33234E-2 2.09494E-2 2.82232E-2 2.47752E-2 2.29604E-2 2.29843E-2 2.13203E-2 2.10921E-2 2.15267E-2 2.14661E-2 2.34174E-2 2.3222E-2 2.32688E-2 2.29268E-2 2.32459E-2 2.34452E-2 2.33969E-2 2.31795E-2 2.36809E-2 2.36426E-2 2.32279E-2 2.15955E-2 2.00957E-2 2.02E-2 2.00109E-2 1.92143E-2 1.92672E-2 1.92242E-2 1.92856E-2 1.93584E-2 2.02267E-2 2.02593E-2 2.02382E-2 2.01322E-2 1.9147E-2 1.98549E-2 2.00427E-2 3.39987E-2 3.1203E-2 1.89021E-2 1.83202E-2 1.91106E-2 2.02144E-2 1.98689E-2 1.91107E-2 1.90187E-2 1.95261E-2 2.17545E-2 2.09805E-2 1.92874E-2 1.92726E-2 1.92527E-2 1.92356E-2 1.92632E-2
4.9158E-2 4.93068E-2 4.92981E-2 4.92173E-2 4.96913E-2 5.07457E-2 3.95595E-2 2.47975E-2 2.27889E-2 2.52122E-2 2.30443E-2 2.34189E-2 2.13597E-2 2.14088E-2 2.14898E-2 2.15666E-2 2.17295E-2 2.34364E-2 2.37252E-2 2.16717E-2 2.33416E-2 2.3117E-2 2.148E-2 2.34677E-2 2.37267E-2 2.38609E-2 2.16552E-2 2.17213E-2 2.1739E-2 2.178E-2 2.03696E-2 2.00536E-2 2.01288E-2 2.02073E-2 2.02437E-2 1.9368E-2 1.94141E-2 1.95689E-2 1.95355E-2 2.01448E-2 4.40157E-2 1.95382E-2 2.03045E-2 2.48156E-2 2.46264E-2 1.90111E-2 1.99338E-2 1.87931E-2 1.90318E-2 1.93703E-2 2.64098E-2 1.92392E-2 2.16346E-2 2.22223E-2 2.17625E-2 4.2983E-2 1.73301E-2 1.81999E-2 1.68014E-2 1.9052E-2 1.92603E-2
4.70795E-2 4.91093E-2 4.96021E-2 4.93714E-2 4.64537E-2 4.62645E-2 3.58963E-2 2.54578E-2 2.47849E-2 2.08233E-2 2.06212E-2 2.01756E-2 1.99007E-2 1.99816E-2 2.00655E-2 2.01189E-2 2.17712E-2 2.16004E-2 2.18147E-2 2.19721E-2 2.346E-2 2.3641E-2 2.14118E-2 2.13716E-2 2.17082E-2 2.18313E-2 2.19403E-2 2.18205E-2 2.18464E-2 2.02224E-2 1.94477E-2 1.94752E-2 1.92936E-2 1.94198E-2 1.94455E-2 1.9285E-2 1.92003E-2 1.96496E-2 4.42824E-2 5.53667E-2 5.77798E-2 5.64921E-2 3.25542E-2 1.86013E-2 1.8832E-2 1.92749E-2 2.20087E-2 2.00687E-2 2.64911E-2 1.94997E-2 2.16651E-2 1.95374E-2 1.95972E-2 1.96762E-2 4.28752E-2 4.26375E-2 1.99284E-2 2.05475E-2 1.99598E-2 1.91027E-2 1.84169E-2
4.69246E-2 4.96554E-2 5.00178E-2 4.73537E-2 3.89499E-2 2.54583E-2 2.31282E-2 2.14016E-2 2.19448E-2 1.92982E-2 2.06489E-2 1.97595E-2 1.98576E-2 1.99601E-2 2.16285E-2 2.02095E-2 2.18226E-2 1.98083E-2 1.98057E-2 1.9885E-2 2.14903E-2 2.20645E-2 2.34369E-2 2.16691E-2 2.14977E-2 2.1601E-2 2.16307E-2 2.01012E-2 2.01494E-2 1.92118E-2 1.9261E-2 1.93246E-2 1.93641E-2 1.94084E-2 1.96081E-2 1.94946E-2 2.2464E-2 2.04261E-2 4.74681E-2 6.73286E-2 6.71843E-2 5.77889E-2 3.38187E-2 2.06435E-2 1.89013E-2 1.91013E-2 2.65608E-2 1.93875E-2 2.21111E-2 4.39589E-2 4.12335E-2 4.26311E-2 4.14005E-2 1.83338E-2 2.26592E-2 2.37504E-2 2.34424E-2 2.25307E-2 1.9293E-2 4.13408E-2 4.09572E-2
5.02778E-2 4.96677E-2 5.02855E-2 3.86285E-2 3.93197E-2 2.50455E-2 2.42996E-2 2.14516E-2 2.04696E-2 2.09669E-2 2.07336E-2 2.00136E-2 2.03778E-2 1.99958E-2 2.17295E-2 2.15339E-2 1.99807E-2 2.15691E-2 1.98766E-2 1.98949E-2 2.00151E-2 2.00653E-2 2.20799E-2 2.18105E-2 2.16616E-2 2.16941E-2 2.17703E-2 2.02348E-2 2.00522E-2 1.92033E-2 2.01693E-2 1.93344E-2 1.9434E-2 5.17857E-2 5.46626E-2 1.9423E-2 5.08188E-2 2.32073E-2 2.22662E-2 4.03537E-2 6.76893E-2 2.17832E-2 2.14935E-2 2.60682E-2 2.62471E-2 2.67552E-2 1.97411E-2 4.39174E-2 2.25971E-2 4.26244E-2 4.16505E-2 4.01188E-2 1.85069E-2 1.69149E-2 2.1436E-2 2.3465E-2 2.25807E-2 1.96702E-2 3.99217E-2 3.88408E-2 3.83013E-2
4.70688E-2 4.97645E-2 5.03598E-2 3.86754E-2 2.59101E-2 2.57115E-2 2.36854E-2 2.14929E-2 2.14903E-2 1.96697E-2 2.07336E-2 2.03306E-2 1.99308E-2 2.00664E-2 2.20358E-2 2.00128E-2 2.00686E-2 2.16001E-2 2.01098E-2 2.01684E-2 2.00807E-2 2.00597E-2 2.02003E-2 2.03338E-2 2.18658E-2 2.21304E-2 2.17816E-2 2.01047E-2 2.01158E-2 2.01455E-2 2.02883E-2 2.02003E-2 5.46653E-2 4.10533E-2 2.00454E-2 2.30745E-2 1.92852E-2 1.92998E-2 2.07225E-2 2.23656E-2 2.40916E-2 2.03102E-2 1.94136E-2 2.63467E-2 2.70141E-2 5.47306E-2 4.27453E-2 2.21573E-2 4.12578E-2 4.04215E-2 3.34803E-2 4.47666E-2 1.86634E-2 1.74165E-2 1.86519E-2 2.04398E-2 2.00878E-2 3.99954E-2 4.01819E-2 3.89501E-2 3.77795E-2
4.70244E-2 5.00339E-2 4.87483E-2 3.82147E-2 2.58216E-2 2.54778E-2 2.43408E-2 2.16714E-2 2.15942E-2 2.12777E-2 2.16918E-2 2.02833E-2 1.98957E-2 2.2004E-2 2.20368E-2 2.18558E-2 2.19186E-2 2.16858E-2 2.00844E-2 2.01596E-2 2.17959E-2 2.02093E-2 2.02427E-2 2.17568E-2 2.19826E-2 2.24716E-2 2.02772E-2 2.01504E-2 2.01122E-2 2.05915E-2 2.07837E-2 3.96585E-2 4.61478E-2 6.55476E-2 1.88822E-2 1.86966E-2 1.89004E-2 1.90981E-2 2.07076E-2 2.07756E-2 1.98116E-2 2.64157E-2 2.62988E-2 6.21477E-2 5.48914E-2 4.12669E-2 4.11839E-2 2.0912E-2 5.42984E-2 4.04593E-2 3.42743E-2 3.92901E-2 1.86017E-2 1.87052E-2 1.86556E-2 4.05726E-2 3.87035E-2 3.8935E-2 3.20319E-2 3.79107E-2 3.71558E-2
4.92858E-2 3.53206E-2 3.57716E-2 2.50172E-2 2.32397E-2 2.31881E-2 2.32008E-2 2.2377E-2 2.39837E-2 2.12864E-2 2.31102E-2 2.03988E-2 2.04279E-2 2.05766E-2 2.02657E-2 2.03734E-2 2.19167E-2 2.20067E-2 2.01307E-2 2.01263E-2 2.0205E-2 2.02867E-2 2.19872E-2 2.21794E-2 2.0735E-2 2.08844E-2 2.08053E-2 2.05554E-2 2.05141E-2 2.21419E-2 5.71989E-2 3.99246E-2 5.38301E-2 2.18937E-2 4.58904E-2 1.87954E-2 1.94262E-2 2.64366E-2 2.72555E-2 2.08163E-2 2.66398E-2 2.62985E-2 6.22334E-2 4.06335E-2 4.0667E-2 4.05634E-2 4.14055E-2 4.13227E-2 2.40123E-2 2.70401E-2 3.46387E-2 4.0092E-2 1.88521E-2 2.09239E-2 1.78252E-2 4.01398E-2 2.87134E-2 3.00986E-2 3.96679E-2 3.86707E-2 4.3771E-2
4.96923E-2 3.55122E-2 2.59576E-2 2.48161E-2 2.31E-2 2.18442E-2 2.22042E-2 2.20191E-2 2.22058E-2 2.1648E-2 2.21358E-2 2.18657E-2 2.15789E-2 2.01981E-2 2.03045E-2 2.04272E-2 2.04755E-2 1.93406E-2 2.04445E-2 2.03004E-2 2.03668E-2 2.04328E-2 2.2478E-2 2.26941E-2 2.26382E-2 2.22124E-2 2.22263E-2 2.22263E-2 2.22683E-2 2.46577E-2 3.97564E-2 2.21091E-2 2.27132E-2 4.62794E-2 2.01942E-2 2.04975E-2 2.70311E-2 2.72188E-2 2.71946E-2 2.73231E-2 2.6546E-2 6.23387E-2 4.06404E-2 4.08353E-2 4.06843E-2 4.14691E-2 4.32887E-2 4.13328E-2 3.98975E-2 2.5718E-2 3.41077E-2 2.00486E-2 2.09342E-2 4.07498E-2 3.68876E-2 3.03139E-2 3.2416E-2 3.90444E-2 4.00581E-2 3.81598E-2 5.60765E-2
