Artocarpus heterophyllus SDM files/MIS19/results (with bias file)/Arthet_7.asc
ncols         625
nrows         721
xllcorner     69.99986311115
yllcorner     5.99986187915
cellsize      0.041666667
NODATA_value  -9999
[rows 81 to 107 of 721, columns 244 to 304 of 625]
1.60174E-2 1.51248E-2 1.44766E-2 1.245E-2 1.22381E-2 1.55615E-2 1.28571E-2 1.21615E-2 7.4738E-3 1.2374E-2 1.13278E-2 1.07216E-2 1.08294E-2 1.04739E-2 1.03462E-2 5.81677E-3 5.81662E-3 1.01888E-2 9.78811E-3 5.38178E-3 9.596E-3 5.44063E-3 5.5473E-3 5.54965E-3 5.63865E-3 5.61827E-3 5.6959E-3 5.78699E-3 6.02583E-3 6.104E-3 6.23391E-3 6.45595E-3 6.54157E-3 6.49972E-3 5.76494E-3 5.51041E-3 5.34267E-3 5.47012E-3 6.09472E-3 6.31655E-3 6.52264E-3 6.63949E-3 6.55232E-3 6.69662E-3 6.77689E-3 6.80147E-3 6.86329E-3 6.88818E-3 6.83895E-3 6.86385E-3 6.72635E-3 6.56217E-3 6.42625E-3 6.47349E-3 6.42008E-3 6.4658E-3 6.58908E-3 6.72856E-3 6.82253E-3 6.8882E-3 6.72492E-3
1.70857E-2 1.67469E-2 1.56833E-2 1.56004E-2 1.34323E-2 1.59292E-2 1.29717E-2 1.27935E-2 1.35151E-2 1.29023E-2 1.19376E-2 1.20242E-2 1.16732E-2 1.06243E-2 9.61776E-3 1.0142E-2 1.00781E-2 9.61568E-3 9.26943E-3 5.44685E-3 5.69526E-3 9.84044E-3 9.27238E-3 5.2035E-3 5.2543E-3 5.42119E-3 5.66401E-3 5.90837E-3 1.06427E-2 5.50356E-3 5.83514E-3 6.29039E-3 6.32554E-3 6.42523E-3 6.38901E-3 6.01431E-3 5.97213E-3 5.70291E-3 5.57927E-3 5.7288E-3 6.2867E-3 6.54216E-3 6.41196E-3 6.48423E-3 6.55356E-3 6.64492E-3 6.80147E-3 6.87934E-3 6.93294E-3 6.94553E-3 6.89532E-3 6.84192E-3 6.89532E-3 6.88282E-3 6.90421E-3 6.90902E-3 6.87589E-3 6.71967E-3 6.85064E-3 6.86306E-3 6.80994E-3
1.77627E-2 1.75089E-2 1.63845E-2 1.72515E-2 1.73105E-2 1.69903E-2 1.43001E-2 1.40628E-2 1.36073E-2 1.26924E-2 1.26274E-2 7.1783E-3 1.25313E-2 1.10878E-2 1.03901E-2 1.08993E-2 1.05086E-2 9.62571E-3 5.92756E-3 6.09749E-3 6.11279E-3 5.95561E-3 9.11679E-3 8.49967E-3 5.01967E-3 5.78088E-3 6.01356E-3 5.96983E-3 5.98493E-3 1.01164E-2 5.41573E-3 5.78764E-3 6.02558E-3 6.10778E-3 6.21986E-3 6.23529E-3 6.21247E-3 6.1357E-3 5.68675E-3 5.95031E-3 6.28795E-3 6.34864E-3 6.37261E-3 6.14383E-3 5.71783E-3 6.36322E-3 6.54186E-3 6.67658E-3 6.70059E-3 6.78459E-3 6.84984E-3 6.87377E-3 6.91572E-3 6.99493E-3 6.99493E-3 6.92728E-3 6.95252E-3 6.89444E-3 6.90345E-3 6.88627E-3 6.90213E-3
1.59103E-2 1.75569E-2 1.77627E-2 1.70674E-2 1.67391E-2 1.61851E-2 1.38646E-2 1.3065E-2 1.30102E-2 7.47195E-3 7.53029E-3 1.24445E-2 6.68074E-3 6.84906E-3 6.7927E-3 6.69089E-3 1.12381E-2 1.01478E-2 6.30039E-3 6.23108E-3 9.67813E-3 5.51591E-3 9.58045E-3 8.89867E-3 5.18575E-3 5.67942E-3 5.99242E-3 5.97481E-3 6.05451E-3 1.01866E-2 8.81887E-3 5.00215E-3 5.52754E-3 5.76065E-3 5.86759E-3 5.97964E-3 6.02685E-3 6.19456E-3 6.18325E-3 6.08164E-3 6.21094E-3 6.22202E-3 6.27772E-3 6.30475E-3 6.15919E-3 5.89991E-3 5.82728E-3 6.03529E-3 6.35183E-3 6.55761E-3 6.60045E-3 6.71195E-3 6.79249E-3 6.82953E-3 6.84545E-3 6.94632E-3 6.93738E-3 6.91226E-3 6.88627E-3 6.84884E-3 6.91469E-3
1.72061E-2 1.58718E-2 1.33162E-2 1.30731E-2 1.28211E-2 1.31186E-2 1.30458E-2 1.05536E-2 1.02382E-2 1.14939E-2 1.22814E-2 1.01178E-2 8.92244E-3 1.03402E-2 1.13504E-2 6.72689E-3 6.71889E-3 6.73528E-3 6.67633E-3 1.18558E-2 1.04936E-2 1.02203E-2 9.92682E-3 1.02151E-2 9.6079E-3 5.53194E-3 5.79928E-3 5.96429E-3 5.88483E-3 5.87813E-3 9.9623E-3 7.94401E-3 4.69772E-3 5.25234E-3 5.44383E-3 5.52114E-3 5.56663E-3 5.64065E-3 5.92328E-3 5.98058E-3 6.10563E-3 6.02924E-3 6.21072E-3 6.41298E-3 6.48183E-3 9.85734E-3 9.0367E-3 5.21479E-3 5.76093E-3 5.94558E-3 5.98308E-3 6.09992E-3 6.32712E-3 6.37702E-3 6.52453E-3 6.57384E-3 6.48953E-3 6.68774E-3 6.62391E-3 6.78437E-3 6.71646E-3
1.7992E-2 1.71251E-2 1.35307E-2 1.28848E-2 1.20352E-2 1.22229E-2 1.29142E-2 1.2143E-2 1.17354E-2 1.16073E-2 1.23241E-2 1.09441E-2 1.04097E-2 1.02897E-2 1.04834E-2 1.14487E-2 6.9664E-3 7.04664E-3 6.6529E-3 6.66324E-3 6.53397E-3 1.13524E-2 1.04519E-2 1.04339E-2 5.8116E-3 1.05721E-2 1.0169E-2 5.78246E-3 5.74044E-3 5.6843E-3 5.64015E-3 9.60507E-3 8.72912E-3 5.22661E-3 5.38301E-3 9.46892E-3 5.21851E-3 5.29463E-3 5.65546E-3 5.84223E-3 5.89465E-3 6.05972E-3 6.24974E-3 6.40144E-3 6.44699E-3 6.46424E-3 1.02519E-2 9.39042E-3 5.28342E-3 9.23559E-3 5.16859E-3 5.69553E-3 5.71575E-3 5.88426E-3 5.96199E-3 5.97317E-3 6.10715E-3 6.20978E-3 6.27891E-3 1.1429E-2 6.0149E-3
1.60821E-2 1.61661E-2 1.59658E-2 1.60569E-2 1.37706E-2 1.38559E-2 1.34078E-2 1.21274E-2 1.1901E-2 1.19306E-2 1.17959E-2 1.18723E-2 1.1865E-2 1.19069E-2 1.20571E-2 1.23396E-2 1.18038E-2 6.29199E-3 1.12043E-2 6.00723E-3 6.68613E-3 6.63231E-3 6.46379E-3 6.45626E-3 6.3034E-3 6.22598E-3 1.06718E-2 1.00838E-2 5.52127E-3 5.40907E-3 5.36747E-3 5.35002E-3 5.26942E-3 5.26165E-3 5.39838E-3 5.39595E-3 8.76102E-3 8.29391E-3 5.24364E-3 5.79517E-3 5.95718E-3 5.92098E-3 5.9879E-3 6.20772E-3 6.37399E-3 6.44699E-3 6.58803E-3 6.44803E-3 1.03174E-2 8.44386E-3 4.82718E-3 4.91239E-3 5.12944E-3 5.26195E-3 5.65545E-3 5.61481E-3 5.79632E-3 5.94722E-3 6.00751E-3 1.09168E-2 9.69741E-3
1.44137E-2 1.30184E-2 1.19835E-2 1.32106E-2 1.59908E-2 1.61083E-2 1.38569E-2 1.32414E-2 1.25589E-2 1.18841E-2 1.19049E-2 1.18779E-2 1.16842E-2 1.24211E-2 7.09229E-3 1.19781E-2 1.06479E-2 9.05294E-3 9.63473E-3 6.05084E-3 6.35234E-3 6.30622E-3 6.50859E-3 6.53691E-3 6.38083E-3 6.35361E-3 1.10973E-2 1.0455E-2 9.33908E-3 8.4634E-3 4.9878E-3 5.02508E-3 5.14658E-3 5.27369E-3 5.34517E-3 5.32656E-3 5.57183E-3 9.70629E-3 9.59704E-3 5.84221E-3 6.05287E-3 6.05808E-3 6.17492E-3 6.27292E-3 6.32819E-3 6.3932E-3 6.53626E-3 6.55993E-3 6.62783E-3 1.04731E-2 8.75634E-3 8.8301E-3 8.98818E-3 5.15627E-3 5.79249E-3 1.04932E-2 5.77691E-3 5.83629E-3 6.02449E-3 1.05635E-2 9.93958E-3
1.39071E-2 1.14087E-2 1.06519E-2 1.2288E-2 1.29641E-2 1.34191E-2 1.37743E-2 1.31424E-2 1.21013E-2 1.16617E-2 1.1463E-2 1.12103E-2 1.12376E-2 1.13737E-2 1.19611E-2 1.24165E-2 1.18993E-2 9.72566E-3 9.59743E-3 1.02919E-2 1.01048E-2 5.7914E-3 5.91676E-3 6.26571E-3 6.29097E-3 6.36953E-3 6.19173E-3 1.06311E-2 8.90997E-3 8.08481E-3 4.68186E-3 5.03033E-3 5.18805E-3 5.3028E-3 5.35972E-3 5.49882E-3 5.64547E-3 5.74401E-3 5.88252E-3 5.92074E-3 5.99494E-3 6.11092E-3 6.13966E-3 6.30471E-3 6.22063E-3 6.28404E-3 6.43569E-3 6.54836E-3 6.571E-3 6.64387E-3 6.49708E-3 6.31685E-3 6.17734E-3 6.34971E-3 1.08433E-2 1.06347E-2 1.01437E-2 5.88554E-3 5.92568E-3 5.88835E-3 5.95494E-3
9.93185E-3 9.6405E-3 9.69552E-3 1.08995E-2 1.17559E-2 1.29641E-2 1.34569E-2 1.23575E-2 1.1371E-2 1.10397E-2 1.0952E-2 1.15178E-2 1.20362E-2 1.22136E-2 1.2337E-2 1.24805E-2 1.24778E-2 1.14475E-2 1.15125E-2 1.08504E-2 9.71517E-3 9.49236E-3 9.6089E-3 1.02683E-2 6.10111E-3 6.21236E-3 6.18619E-3 1.06899E-2 8.71154E-3 8.39912E-3 8.64211E-3 5.08198E-3 9.40225E-3 9.30984E-3 5.17805E-3 5.39833E-3 5.42221E-3 5.33202E-3 5.63544E-3 5.70615E-3 5.73121E-3 5.91819E-3 6.04165E-3 6.18798E-3 6.18341E-3 6.108E-3 6.18868E-3 6.36958E-3 6.49766E-3 6.56133E-3 6.61567E-3 6.64315E-3 6.44716E-3 6.63121E-3 6.40282E-3 6.30931E-3 6.19004E-3 1.1085E-2 9.42122E-3 9.46135E-3 5.44108E-3
1.09882E-2 1.18199E-2 1.34191E-2 1.25809E-2 1.04176E-2 1.16034E-2 1.29443E-2 1.2018E-2 1.13405E-2 1.07476E-2 1.08494E-2 1.06374E-2 1.16852E-2 1.22726E-2 1.24382E-2 1.27161E-2 6.83608E-3 1.2269E-2 1.2366E-2 1.16465E-2 1.07651E-2 1.08893E-2 1.08666E-2 9.39453E-3 9.35004E-3 5.90272E-3 5.68675E-3 5.63005E-3 1.02133E-2 9.66214E-3 9.86935E-3 5.54162E-3 5.55661E-3 5.43972E-3 9.44072E-3 8.89413E-3 8.71463E-3 9.19069E-3 5.36468E-3 5.49996E-3 5.69204E-3 5.76769E-3 5.93702E-3 6.15099E-3 6.2387E-3 1.09877E-2 5.93565E-3 6.14037E-3 6.23734E-3 6.44318E-3 6.51052E-3 6.48235E-3 6.50157E-3 6.47799E-3 6.45785E-3 6.37225E-3 6.2336E-3 1.09377E-2 1.01988E-2 5.69663E-3 5.85984E-3
1.23434E-2 1.16117E-2 1.21838E-2 1.30543E-2 1.10321E-2 1.1543E-2 1.23474E-2 1.20334E-2 1.10148E-2 9.99218E-3 1.02348E-2 1.06641E-2 1.15327E-2 1.18483E-2 1.22933E-2 1.24034E-2 1.23252E-2 6.76271E-3 1.22474E-2 1.20205E-2 1.18808E-2 1.14961E-2 1.11037E-2 1.05672E-2 9.74329E-3 5.54247E-3 5.88189E-3 5.77068E-3 5.7914E-3 5.73567E-3 5.6408E-3 5.61044E-3 9.70386E-3 9.0548E-3 5.2667E-3 5.32729E-3 5.41594E-3 5.44641E-3 9.78523E-3 1.01129E-2 5.80862E-3 6.07034E-3 6.0207E-3 6.1335E-3 6.16814E-3 1.04829E-2 5.74744E-3 5.90681E-3 1.00853E-2 5.8495E-3 6.04481E-3 6.11422E-3 6.18169E-3 6.2302E-3 6.49144E-3 1.13425E-2 6.26654E-3 1.11241E-2 5.91725E-3 5.8074E-3 5.8177E-3
7.6779E-3 1.31093E-2 1.22045E-2 1.2302E-2 1.27494E-2 1.00527E-2 1.22744E-2 1.22362E-2 1.21408E-2 1.14172E-2 1.003E-2 1.09086E-2 1.08655E-2 1.04279E-2 1.17138E-2 1.22933E-2 1.22161E-2 1.21505E-2 6.69727E-3 1.19782E-2 1.186E-2 1.15162E-2 1.10759E-2 1.08625E-2 1.03625E-2 1.01102E-2 5.75046E-3 9.51517E-3 9.20384E-3 5.45506E-3 5.34432E-3 5.31646E-3 9.19152E-3 8.78392E-3 5.03339E-3 5.15627E-3 5.46613E-3 5.63215E-3 5.80827E-3 5.8996E-3 6.00926E-3 6.10535E-3 6.16152E-3 1.08906E-2 1.09873E-2 6.08136E-3 6.17117E-3 1.10937E-2 1.03962E-2 9.80224E-3 5.57802E-3 5.82399E-3 5.96861E-3 5.96124E-3 6.09221E-3 6.00825E-3 6.05978E-3 1.09684E-2 5.87044E-3 1.0833E-2 1.06995E-2
8.67848E-3 1.30915E-2 1.22221E-2 1.18321E-2 1.27695E-2 9.65405E-3 1.2175E-2 1.11499E-2 1.1849E-2 1.18084E-2 1.05296E-2 1.00526E-2 9.90467E-3 1.09068E-2 1.14631E-2 1.20287E-2 1.1776E-2 1.18849E-2 1.18834E-2 1.18418E-2 1.17247E-2 1.13271E-2 1.08781E-2 1.04187E-2 5.79935E-3 5.81596E-3 5.85287E-3 1.00264E-2 8.90296E-3 9.0332E-3 9.2153E-3 8.79983E-3 4.90029E-3 5.05962E-3 9.48089E-3 5.47938E-3 5.53875E-3 5.73608E-3 5.87243E-3 6.02502E-3 6.08049E-3 6.12259E-3 1.13316E-2 6.21118E-3 6.24946E-3 6.22598E-3 6.23224E-3 1.08099E-2 1.00788E-2 9.90882E-3 5.96778E-3 1.09182E-2 1.00999E-2 5.44972E-3 5.72729E-3 5.80341E-3 5.722E-3 5.80865E-3 5.83368E-3 5.68189E-3 5.70664E-3
9.14981E-3 8.95967E-3 1.53089E-2 1.41E-2 1.17468E-2 9.17768E-3 1.13701E-2 1.09872E-2 1.05248E-2 1.0909E-2 1.08494E-2 9.00173E-3 9.29792E-3 1.05308E-2 1.16404E-2 1.14458E-2 1.13163E-2 1.14647E-2 1.16847E-2 1.1591E-2 1.14358E-2 1.12636E-2 1.03406E-2 1.03138E-2 5.72229E-3 1.00338E-2 5.66603E-3 5.71E-3 9.83431E-3 8.48695E-3 8.66449E-3 9.30817E-3 9.34033E-3 5.35108E-3 9.93563E-3 5.37919E-3 5.51453E-3 5.75567E-3 5.85922E-3 5.98018E-3 6.21011E-3 6.17845E-3 6.26408E-3 6.22618E-3 6.25291E-3 6.37021E-3 1.1808E-2 1.12598E-2 1.08885E-2 6.04031E-3 6.35981E-3 1.12796E-2 1.04941E-2 9.96993E-3 9.1297E-3 9.18352E-3 5.29457E-3 5.64181E-3 5.79291E-3 5.70134E-3 1.05532E-2
1.10549E-2 1.00396E-2 8.98539E-3 7.88857E-3 6.89706E-3 1.14832E-2 1.03726E-2 1.00534E-2 8.79596E-3 1.01437E-2 1.07428E-2 1.01701E-2 9.23231E-3 9.74857E-3 1.04666E-2 1.10697E-2 1.1336E-2 1.13815E-2 1.14411E-2 1.12974E-2 1.12351E-2 1.11506E-2 1.08511E-2 1.00406E-2 9.68982E-3 9.26054E-3 8.97481E-3 5.57802E-3 5.65478E-3 9.95686E-3 9.85153E-3 9.89233E-3 5.45502E-3 5.58695E-3 9.74847E-3 8.68125E-3 5.30454E-3 5.54463E-3 5.80568E-3 5.97541E-3 6.01403E-3 6.05834E-3 6.10614E-3 6.2206E-3 6.27843E-3 6.30638E-3 6.30693E-3 6.57036E-3 6.31936E-3 6.27054E-3 6.46415E-3 6.46705E-3 1.14888E-2 1.06041E-2 1.03985E-2 9.7313E-3 9.54928E-3 9.36381E-3 5.47136E-3 5.67216E-3 1.05565E-2
1.89669E-2 1.09991E-2 9.44346E-3 8.46594E-3 7.6456E-3 7.57979E-3 1.14532E-2 9.43954E-3 9.58663E-3 1.01539E-2 1.07245E-2 1.04485E-2 9.90309E-3 7.94873E-3 9.79287E-3 1.11464E-2 1.13683E-2 1.13445E-2 1.11676E-2 1.12085E-2 1.11069E-2 1.08935E-2 1.0752E-2 1.00139E-2 8.83084E-3 8.93132E-3 9.41708E-3 9.57663E-3 5.47783E-3 1.00019E-2 5.51836E-3 5.54435E-3 5.57945E-3 5.58695E-3 9.58188E-3 8.32585E-3 4.94442E-3 5.41306E-3 5.84816E-3 6.01178E-3 6.05979E-3 6.14505E-3 6.19907E-3 6.17386E-3 6.23136E-3 6.25915E-3 6.47741E-3 6.18178E-3 6.36322E-3 6.27367E-3 6.48727E-3 6.33673E-3 6.17503E-3 6.3261E-3 1.14377E-2 1.05073E-2 8.6344E-3 5.07875E-3 5.5002E-3 1.06493E-2 1.03633E-2
2.01735E-2 1.1239E-2 1.0086E-2 8.89623E-3 8.63298E-3 7.8691E-3 7.14028E-3 1.15008E-2 1.01369E-2 9.88311E-3 1.06735E-2 1.07697E-2 9.96078E-3 9.89169E-3 1.06635E-2 1.13275E-2 1.13188E-2 1.12506E-2 1.11614E-2 1.09769E-2 1.08215E-2 1.06718E-2 1.01383E-2 9.78057E-3 9.07099E-3 8.99872E-3 9.60509E-3 9.97728E-3 5.61426E-3 9.57603E-3 9.57349E-3 5.48559E-3 5.46442E-3 9.75959E-3 9.91829E-3 9.11257E-3 9.27323E-3 5.5995E-3 5.82377E-3 6.01709E-3 6.0658E-3 6.03459E-3 6.09187E-3 1.114E-2 6.01989E-3 6.16595E-3 6.34686E-3 6.19153E-3 6.28645E-3 6.46705E-3 1.15794E-2 6.07944E-3 5.88257E-3 5.89956E-3 1.13583E-2 9.57951E-3 8.26396E-3 4.88831E-3 5.37104E-3 9.94334E-3 9.73119E-3
1.8378E-2 1.11786E-2 1.06964E-2 1.00943E-2 9.67758E-3 8.80791E-3 7.81025E-3 7.08224E-3 1.13103E-2 8.77408E-3 1.02708E-2 1.09341E-2 1.07743E-2 1.06571E-2 1.08941E-2 1.12127E-2 1.1245E-2 1.10095E-2 1.08792E-2 1.0772E-2 1.04767E-2 9.8154E-3 9.67283E-3 9.93205E-3 1.00313E-2 1.00139E-2 1.00612E-2 9.51921E-3 5.35089E-3 9.74745E-3 9.46643E-3 5.45284E-3 5.52363E-3 5.57811E-3 1.00827E-2 9.72098E-3 9.52159E-3 5.52184E-3 5.81307E-3 5.92568E-3 6.0206E-3 6.06875E-3 1.06575E-2 5.75042E-3 5.79169E-3 6.06682E-3 6.05262E-3 6.39322E-3 6.29258E-3 6.21505E-3 1.12229E-2 1.01541E-2 5.64223E-3 5.94108E-3 1.07133E-2 8.21503E-3 7.94749E-3 8.23294E-3 4.98422E-3 5.08755E-3 9.61397E-3
1.93352E-2 1.87465E-2 1.1148E-2 1.07945E-2 1.07089E-2 8.78737E-3 7.33806E-3 7.02444E-3 6.9005E-3 1.05746E-2 9.4064E-3 9.89663E-3 1.05314E-2 1.10604E-2 1.09179E-2 1.07773E-2 1.08456E-2 1.06749E-2 1.02534E-2 1.02303E-2 1.0138E-2 9.8523E-3 9.96497E-3 1.0067E-2 1.01513E-2 1.02087E-2 9.25277E-3 9.04731E-3 9.25439E-3 9.36103E-3 9.09902E-3 5.30155E-3 5.37839E-3 9.76139E-3 9.67625E-3 9.46137E-3 9.73157E-3 9.56526E-3 5.57751E-3 5.90521E-3 1.06307E-2 1.06434E-2 9.94038E-3 1.01327E-2 5.92414E-3 6.10709E-3 6.18105E-3 6.3992E-3 1.1307E-2 1.10477E-2 1.0433E-2 9.65902E-3 5.66607E-3 1.07965E-2 8.92134E-3 8.49785E-3 8.93233E-3 8.84098E-3 8.66188E-3 8.79217E-3 5.24138E-3
1.0151E-2 1.78248E-2 1.79583E-2 1.20236E-2 1.11761E-2 9.99383E-3 8.27475E-3 7.81444E-3 1.26068E-2 7.01533E-3 1.0325E-2 8.86123E-3 9.08163E-3 1.02984E-2 1.04547E-2 1.03112E-2 1.00542E-2 1.02807E-2 9.67046E-3 9.86492E-3 1.02354E-2 1.02478E-2 1.02576E-2 1.02273E-2 1.02574E-2 1.01651E-2 9.79094E-3 8.64163E-3 8.82451E-3 8.31786E-3 8.91833E-3 9.53175E-3 9.57669E-3 9.86056E-3 9.51825E-3 9.44546E-3 9.38E-3 5.46251E-3 5.69501E-3 5.85301E-3 1.06256E-2 1.0681E-2 1.06005E-2 1.08265E-2 5.94052E-3 6.06584E-3 6.25923E-3 1.11252E-2 1.04496E-2 1.02297E-2 9.69475E-3 5.43408E-3 5.72427E-3 1.13726E-2 9.4397E-3 8.68883E-3 9.88302E-3 9.61213E-3 9.58356E-3 9.71409E-3 9.92149E-3
9.55204E-3 1.12916E-2 1.60468E-2 1.77058E-2 1.16901E-2 1.09237E-2 9.78057E-3 8.29417E-3 7.11117E-3 7.03548E-3 6.93803E-3 1.09111E-2 8.92683E-3 9.32444E-3 9.89028E-3 9.36431E-3 9.73883E-3 1.00064E-2 1.00975E-2 1.03968E-2 1.02573E-2 1.01267E-2 1.03013E-2 1.01274E-2 1.02952E-2 1.01205E-2 9.83171E-3 9.48473E-3 8.87966E-3 7.99117E-3 8.6664E-3 9.37129E-3 9.50687E-3 9.73119E-3 9.85518E-3 9.39109E-3 9.77071E-3 9.94572E-3 5.62468E-3 1.04626E-2 1.0369E-2 1.0738E-2 5.75685E-3 5.8408E-3 5.86216E-3 6.08995E-3 1.14297E-2 1.07308E-2 1.01653E-2 1.04316E-2 1.03302E-2 5.81459E-3 5.7533E-3 5.95222E-3 1.01623E-2 9.78203E-3 1.05035E-2 1.03134E-2 1.0499E-2 1.04748E-2 9.89509E-3
1.07134E-2 1.14498E-2 2.00579E-2 1.55982E-2 1.7392E-2 1.16914E-2 1.02018E-2 8.33212E-3 8.15352E-3 7.96431E-3 7.31176E-3 7.07172E-3 1.11848E-2 8.55681E-3 9.04856E-3 9.86451E-3 9.6003E-3 9.86259E-3 1.02308E-2 9.86592E-3 9.62696E-3 9.84053E-3 9.81426E-3 1.01014E-2 1.00693E-2 9.79793E-3 9.5532E-3 9.39308E-3 9.22745E-3 8.77246E-3 9.00642E-3 9.33174E-3 9.28001E-3 9.8721E-3 9.53022E-3 9.62271E-3 9.92119E-3 1.0146E-2 5.58667E-3 1.07791E-2 1.07417E-2 1.08775E-2 5.78072E-3 1.08586E-2 5.86219E-3 1.0816E-2 1.05588E-2 1.00939E-2 1.0228E-2 1.03595E-2 5.80444E-3 1.08166E-2 5.77612E-3 6.04754E-3 1.09897E-2 1.06601E-2 1.09483E-2 1.11874E-2 1.06434E-2 1.02532E-2 9.97979E-3
9.93519E-3 1.09863E-2 1.15239E-2 1.76836E-2 1.74004E-2 1.15745E-2 1.12536E-2 1.04384E-2 9.26831E-3 7.97416E-3 7.26457E-3 7.15655E-3 7.04976E-3 1.04463E-2 8.76168E-3 8.25669E-3 9.34845E-3 1.00977E-2 1.00835E-2 9.67413E-3 9.53004E-3 9.34874E-3 9.27556E-3 9.70635E-3 1.00271E-2 1.01229E-2 1.01875E-2 1.00055E-2 9.52622E-3 9.27442E-3 8.91081E-3 8.83238E-3 9.31877E-3 9.48828E-3 9.46172E-3 9.72299E-3 9.74632E-3 1.00724E-2 1.01191E-2 5.56271E-3 5.60813E-3 1.06448E-2 1.09229E-2 1.08543E-2 1.06231E-2 1.0378E-2 9.34101E-3 5.20313E-3 1.02103E-2 1.04E-2 5.73575E-3 1.11923E-2 5.96667E-3 1.15621E-2 1.08681E-2 1.11164E-2 1.13145E-2 1.14288E-2 1.07998E-2 1.07449E-2 1.12147E-2
1.23301E-2 1.00577E-2 1.11899E-2 2.02587E-2 1.96658E-2 1.1414E-2 1.10485E-2 1.03575E-2 9.99779E-3 9.37795E-3 8.63302E-3 8.23252E-3 7.79878E-3 7.41294E-3 1.02182E-2 8.8236E-3 9.32527E-3 9.64042E-3 9.8418E-3 9.44876E-3 9.41359E-3 9.54894E-3 9.08039E-3 8.7554E-3 9.77294E-3 1.00323E-2 1.02615E-2 1.04083E-2 9.52589E-3 1.0091E-2 8.7447E-3 8.86695E-3 9.217E-3 9.14407E-3 9.26763E-3 9.61692E-3 9.67876E-3 1.00318E-2 9.76468E-3 9.89529E-3 5.53879E-3 1.05602E-2 1.0727E-2 1.06256E-2 1.00013E-2 9.34101E-3 8.75576E-3 9.36455E-3 5.43408E-3 5.61843E-3 5.80371E-3 5.759E-3 5.86167E-3 1.16548E-2 1.07344E-2 5.83811E-3 6.03687E-3 5.85583E-3 6.05287E-3 5.93514E-3 5.87159E-3
1.29752E-2 1.29937E-2 9.81006E-3 1.08857E-2 1.95177E-2 1.17231E-2 1.22765E-2 1.19938E-2 1.16069E-2 1.08125E-2 1.03511E-2 9.30888E-3 8.82463E-3 7.76756E-3 1.14838E-2 8.45119E-3 8.6641E-3 8.65983E-3 8.78678E-3 9.24223E-3 9.44251E-3 9.55814E-3 9.26683E-3 8.96151E-3 9.18347E-3 1.00374E-2 1.0114E-2 9.79895E-3 9.46075E-3 9.59569E-3 9.86988E-3 9.3533E-3 8.92032E-3 8.50925E-3 8.666E-3 9.17619E-3 9.49667E-3 9.88861E-3 9.76545E-3 9.73838E-3 1.01434E-2 1.01738E-2 1.01054E-2 1.03416E-2 1.01482E-2 8.99603E-3 8.73859E-3 8.937E-3 9.14037E-3 9.6145E-3 5.64958E-3 5.81E-3 1.14437E-2 1.16067E-2 5.82373E-3 1.114E-2 1.12862E-2 1.05805E-2 1.08871E-2 5.98384E-3 5.84718E-3
1.76243E-2 1.37559E-2 1.04058E-2 1.01672E-2 1.13184E-2 1.92306E-2 1.12589E-2 1.83886E-2 1.13097E-2 1.2361E-2 1.1007E-2 1.08772E-2 9.72574E-3 8.41426E-3 7.97952E-3 1.15438E-2 1.06638E-2 1.09292E-2 8.94756E-3 9.44876E-3 8.94435E-3 8.9228E-3 8.79263E-3 9.28945E-3 9.39226E-3 9.8647E-3 1.00272E-2 1.02749E-2 9.75641E-3 9.48155E-3 9.38893E-3 9.72049E-3 8.88902E-3 8.64627E-3 8.75086E-3 8.998E-3 9.19368E-3 9.29982E-3 9.68817E-3 9.79388E-3 1.00545E-2 1.01465E-2 9.63283E-3 9.46212E-3 9.50209E-3 9.26226E-3 9.14774E-3 9.79883E-3 9.6181E-3 9.89865E-3 5.67927E-3 5.80198E-3 1.17869E-2 1.10608E-2 5.90124E-3 1.19823E-2 1.09123E-2 1.06189E-2 1.03474E-2 1.0369E-2 5.78916E-3
