Artocarpus heterophyllus SDM files/MIS19/results (with bias file)/Arthet_9.asc
ncols         625
nrows         721
xllcorner     69.99986311115
yllcorner     5.99986187915
cellsize      0.041666667
NODATA_value  -9999
[rows 189 to 215 of 721, columns 305 to 365 of 625]
6.08929E-1 3.02709E-1 2.88611E-1 1.09635E-1 4.96746E-1 5.2676E-1 5.86E-1 1.10218E-1 1.97099E-1 4.93873E-1 5.75847E-1 5.06478E-1 3.47972E-1 3.56739E-1 3.64232E-1 9.35565E-2 9.37148E-2 9.749E-2 1.04557E-1 1.00172E-1 1.10024E-1 3.40233E-1 5.62135E-1 3.19505E-1 1.0597E-1 1.09513E-1 3.37844E-1 3.59619E-1 3.50671E-1 3.6823E-1 3.8754E-1 3.96368E-1 3.90724E-1 4.13272E-1 3.97309E-1 4.0581E-1 4.07959E-1 3.91883E-1 3.92406E-1 4.03277E-1 3.94325E-1 3.95641E-1 3.70804E-1 1.33756E-1 3.67254E-1 3.40893E-1 1.25196E-1 3.54465E-1 1.05794E-1 7.13854E-2 7.50603E-2 3.21002E-1 9.88608E-2 5.77243E-2 6.4489E-2 8.90536E-2 1.5E-1 1.05174E-1 4.11152E-2 4.37356E-2 4.16423E-2
5.85675E-1 5.91949E-1 5.47512E-1 6.01491E-1 5.14341E-1 1.09478E-1 1.02479E-1 1.04689E-1 1.00075E-1 2.18958E-1 5.18707E-1 6.00784E-1 6.24623E-1 5.40833E-1 5.53468E-1 3.28003E-1 1.29997E-1 1.1566E-1 9.87601E-2 1.17033E-1 3.14168E-1 3.59943E-1 1.11466E-1 1.22533E-1 1.20225E-1 3.40066E-1 3.54385E-1 3.53007E-1 3.73898E-1 3.59794E-1 3.9071E-1 3.9456E-1 4.16393E-1 4.07655E-1 3.96283E-1 4.04637E-1 4.05645E-1 4.18909E-1 4.12634E-1 3.76659E-1 3.96803E-1 4.05363E-1 4.10741E-1 3.93115E-1 3.74531E-1 1.2411E-1 3.66306E-1 3.67308E-1 3.31038E-1 1.22961E-1 3.27805E-1 3.46885E-1 7.80827E-2 7.34608E-2 9.11587E-2 1.10296E-1 7.32437E-2 4.07145E-2 4.39869E-2 6.53684E-2 7.20883E-2
3.0795E-1 5.13348E-1 6.33941E-1 5.29435E-1 3.03327E-1 3.23665E-1 3.31308E-1 3.02207E-1 1.0182E-1 1.04767E-1 1.12333E-1 1.28254E-1 1.09758E-1 9.73708E-2 3.35224E-1 5.88652E-1 3.56028E-1 1.0903E-1 9.2635E-2 3.24171E-1 3.28466E-1 3.23653E-1 3.29792E-1 3.48474E-1 1.29891E-1 3.45118E-1 3.67952E-1 3.43643E-1 3.80194E-1 3.81195E-1 3.79181E-1 4.11205E-1 3.97755E-1 4.18666E-1 4.20929E-1 4.23675E-1 4.04572E-1 4.1968E-1 4.23961E-1 4.15541E-1 4.16657E-1 4.00539E-1 3.98011E-1 3.9203E-1 3.99133E-1 3.72513E-1 3.64111E-1 3.80348E-1 3.63145E-1 3.75289E-1 3.34992E-1 3.75267E-1 3.34548E-1 1.21641E-1 3.2204E-1 9.43128E-2 6.96241E-2 6.11442E-2 5.12601E-2 7.4284E-2 8.32474E-2
5.45267E-1 5.42077E-1 5.43871E-1 5.07258E-1 5.60666E-1 5.49103E-1 5.40499E-1 5.45695E-1 1.09753E-1 1.24334E-1 3.18119E-1 3.38586E-1 3.45556E-1 3.30141E-1 3.3616E-1 3.38018E-1 3.5495E-1 3.47027E-1 1.2256E-1 1.0923E-1 3.29559E-1 3.50082E-1 3.53622E-1 3.49725E-1 3.46641E-1 3.59376E-1 3.5497E-1 3.73557E-1 3.66721E-1 3.81351E-1 3.84343E-1 3.93695E-1 4.05667E-1 4.15505E-1 4.26672E-1 4.1439E-1 4.09149E-1 4.16861E-1 4.25009E-1 4.17734E-1 4.11293E-1 4.03832E-1 6.26408E-1 4.00634E-1 3.89814E-1 3.92295E-1 3.72874E-1 3.83189E-1 3.72158E-1 3.78465E-1 3.70316E-1 3.82412E-1 3.66763E-1 5.52365E-1 3.30722E-1 1.13134E-1 8.10098E-2 9.73193E-2 8.96406E-2 2.66251E-1 7.87136E-2
3.11422E-1 3.02578E-1 3.39598E-1 3.5587E-1 3.28036E-1 3.16741E-1 5.63088E-1 5.66235E-1 3.20014E-1 3.29933E-1 3.27749E-1 3.25939E-1 3.58881E-1 3.37676E-1 3.5079E-1 3.34948E-1 3.4E-1 3.4098E-1 3.46011E-1 3.56084E-1 3.55906E-1 3.6015E-1 3.35431E-1 3.55987E-1 3.51585E-1 3.67546E-1 3.71333E-1 3.88036E-1 3.77659E-1 3.78035E-1 4.08284E-1 4.02707E-1 4.0169E-1 4.16015E-1 4.19748E-1 4.10868E-1 4.1687E-1 6.24653E-1 6.54105E-1 4.06684E-1 4.18311E-1 5.99507E-1 4.15544E-1 3.97903E-1 5.98773E-1 4.03767E-1 3.90664E-1 3.73769E-1 3.66815E-1 3.36941E-1 5.76978E-1 3.73197E-1 3.7364E-1 3.50163E-1 1.26149E-1 1.08487E-1 9.94884E-2 1.13428E-1 2.83801E-1 3.2431E-1 3.05893E-1
3.29611E-1 3.36279E-1 3.254E-1 3.36713E-1 3.43153E-1 5.32533E-1 3.26099E-1 6.10003E-1 5.22069E-1 4.8527E-1 5.1468E-1 3.4419E-1 5.32584E-1 5.23272E-1 5.70736E-1 5.83904E-1 5.52719E-1 5.26983E-1 5.60999E-1 5.58942E-1 5.51693E-1 3.53458E-1 3.43813E-1 3.37437E-1 3.65802E-1 3.88423E-1 3.95787E-1 3.60355E-1 3.93043E-1 4.08317E-1 4.03872E-1 3.95391E-1 4.12942E-1 4.19209E-1 4.17776E-1 4.28333E-1 4.36944E-1 4.47367E-1 4.18616E-1 4.24521E-1 4.19577E-1 6.33574E-1 6.00317E-1 4.12649E-1 6.23531E-1 3.80273E-1 3.92321E-1 3.88265E-1 5.07505E-1 3.86275E-1 3.85098E-1 3.79039E-1 3.82151E-1 3.5894E-1 3.50139E-1 1.224E-1 1.19588E-1 3.03378E-1 2.97571E-1 3.51877E-1 3.42903E-1
3.47856E-1 3.27206E-1 5.77045E-1 6.17546E-1 6.27542E-1 6.3686E-1 5.48371E-1 5.39243E-1 3.01313E-1 9.50106E-2 9.44487E-2 1.17025E-1 3.39629E-1 5.64853E-1 5.67963E-1 3.14686E-1 3.55009E-1 3.64564E-1 3.63759E-1 3.63792E-1 3.71785E-1 3.58121E-1 5.54376E-1 3.83956E-1 5.56981E-1 5.5583E-1 3.78615E-1 3.65125E-1 3.9711E-1 3.90324E-1 3.99325E-1 4.19559E-1 4.1012E-1 4.13442E-1 4.16153E-1 4.30788E-1 4.28777E-1 4.24139E-1 6.3865E-1 4.25452E-1 4.18498E-1 3.71458E-1 3.70878E-1 5.91919E-1 4.03977E-1 3.96704E-1 3.93383E-1 3.86181E-1 4.99846E-1 3.99944E-1 3.81423E-1 3.51559E-1 3.65665E-1 3.4494E-1 3.54993E-1 3.53069E-1 3.57921E-1 3.39001E-1 4.8585E-1 4.992E-1 5.63573E-1
5.13961E-1 3.25414E-1 5.95986E-1 5.28403E-1 3.31461E-1 5.31748E-1 3.27003E-1 3.38525E-1 3.23803E-1 3.38185E-1 3.5524E-1 3.2923E-1 3.13267E-1 3.00691E-1 1.07633E-1 1.2207E-1 3.24924E-1 3.4393E-1 3.64482E-1 3.59269E-1 3.50825E-1 3.63278E-1 3.75777E-1 3.39345E-1 3.82853E-1 3.9673E-1 3.82089E-1 3.7096E-1 5.88058E-1 5.85687E-1 6.37277E-1 5.86954E-1 5.94002E-1 6.10449E-1 6.16716E-1 6.26144E-1 4.52909E-1 4.59378E-1 4.40013E-1 6.51437E-1 3.84732E-1 4.24397E-1 4.12301E-1 4.08044E-1 5.96717E-1 6.14673E-1 5.58386E-1 4.00224E-1 3.83008E-1 3.77005E-1 3.94668E-1 3.89086E-1 3.70566E-1 3.599E-1 3.35578E-1 3.33176E-1 3.37244E-1 5.51309E-1 6.35929E-1 5.39041E-1 5.33442E-1
6.07279E-1 6.10469E-1 5.40099E-1 3.41634E-1 3.30625E-1 3.29985E-1 3.35303E-1 3.55881E-1 3.44983E-1 3.48772E-1 3.54031E-1 3.55178E-1 3.43271E-1 3.42438E-1 3.07359E-1 3.39053E-1 3.28473E-1 3.18711E-1 3.43138E-1 3.41642E-1 5.20317E-1 5.53085E-1 3.85402E-1 3.30749E-1 3.54542E-1 3.60427E-1 3.7295E-1 3.87166E-1 3.81124E-1 5.93662E-1 3.85727E-1 3.9945E-1 3.88974E-1 6.16033E-1 6.07334E-1 6.23335E-1 6.48015E-1 3.99415E-1 4.25601E-1 4.02214E-1 4.40639E-1 3.90082E-1 4.24274E-1 4.19804E-1 4.13964E-1 3.50316E-1 3.68228E-1 3.27803E-1 3.3636E-1 3.36345E-1 3.48103E-1 3.4094E-1 3.54036E-1 3.30412E-1 3.4961E-1 5.37032E-1 3.789E-1 1.30642E-1 1.17251E-1 1.18087E-1 1.11013E-1
3.44922E-1 3.62443E-1 3.68198E-1 3.85746E-1 3.70856E-1 3.60523E-1 3.60648E-1 3.54332E-1 3.53441E-1 3.26647E-1 3.53391E-1 3.57954E-1 3.50959E-1 3.53792E-1 3.69273E-1 3.74775E-1 3.54326E-1 3.62845E-1 3.74201E-1 3.58012E-1 3.66773E-1 3.14544E-1 3.7046E-1 3.55321E-1 3.54538E-1 3.5349E-1 3.81022E-1 4.01673E-1 4.06141E-1 3.92374E-1 3.59823E-1 3.66591E-1 3.88141E-1 4.11671E-1 4.14617E-1 3.95355E-1 4.20724E-1 4.21473E-1 3.95156E-1 4.30082E-1 4.24033E-1 3.69595E-1 4.37407E-1 4.44438E-1 4.32371E-1 3.64754E-1 3.66176E-1 3.31863E-1 3.70968E-1 5.04844E-1 3.2114E-1 5.90916E-1 5.52143E-1 5.16429E-1 5.87808E-1 4.8658E-1 3.69578E-1 3.54533E-1 3.42967E-1 3.37329E-1 3.27064E-1
3.51367E-1 3.41963E-1 3.36748E-1 3.10626E-1 3.33895E-1 3.12682E-1 3.06693E-1 3.34138E-1 3.47567E-1 3.35595E-1 3.50775E-1 3.70606E-1 3.6545E-1 3.78045E-1 3.83177E-1 3.88324E-1 3.94864E-1 3.97585E-1 3.7613E-1 3.87201E-1 3.8233E-1 3.81858E-1 3.67103E-1 3.82195E-1 3.71792E-1 3.80814E-1 3.95661E-1 4.04867E-1 3.90924E-1 3.91807E-1 4.30571E-1 4.28788E-1 4.32045E-1 4.43574E-1 4.59256E-1 4.67935E-1 4.38342E-1 4.37924E-1 4.20719E-1 4.21522E-1 4.00421E-1 3.83754E-1 4.15033E-1 4.32353E-1 4.46037E-1 4.36313E-1 4.21903E-1 3.65913E-1 3.75145E-1 3.74257E-1 5.07083E-1 3.49567E-1 3.39812E-1 3.19041E-1 1.2897E-1 2.80106E-1 5.52515E-1 5.52546E-1 4.90198E-1 5.62723E-1 1.17957E-1
2.98862E-1 3.30123E-1 3.29276E-1 3.3184E-1 3.37652E-1 3.42303E-1 3.3804E-1 3.44607E-1 3.57034E-1 3.48861E-1 3.54177E-1 3.60167E-1 3.70939E-1 3.42786E-1 3.38576E-1 3.51847E-1 3.50333E-1 3.63258E-1 3.61487E-1 3.72657E-1 4.02869E-1 4.0724E-1 4.05337E-1 3.86385E-1 3.46971E-1 3.30927E-1 3.87936E-1 4.02343E-1 4.3137E-1 4.13807E-1 4.58065E-1 4.34676E-1 4.03735E-1 4.22941E-1 4.02415E-1 3.96261E-1 3.99754E-1 3.79894E-1 3.8418E-1 3.79505E-1 3.82148E-1 3.93367E-1 3.8996E-1 3.9594E-1 4.27755E-1 4.3759E-1 4.38683E-1 4.05031E-1 3.49431E-1 3.77036E-1 3.40365E-1 1.34186E-1 1.12011E-1 1.10139E-1 1.05113E-1 4.28916E-1 2.36845E-1 1.04437E-1 1.04998E-1 1.02055E-1 1.75602E-1
3.18517E-1 3.30995E-1 3.33688E-1 3.4195E-1 3.42711E-1 3.4452E-1 3.38094E-1 3.47826E-1 3.53439E-1 3.46058E-1 3.50878E-1 3.59587E-1 3.6275E-1 3.39907E-1 3.36829E-1 3.41761E-1 3.5576E-1 3.59998E-1 3.54329E-1 3.42149E-1 3.47564E-1 3.62889E-1 3.88883E-1 4.25499E-1 4.13908E-1 3.94052E-1 3.29649E-1 3.11156E-1 3.96554E-1 4.10403E-1 4.16495E-1 3.58769E-1 3.92793E-1 3.85608E-1 3.81437E-1 3.72918E-1 3.77665E-1 3.80795E-1 3.8784E-1 3.91006E-1 3.94416E-1 3.88353E-1 3.74771E-1 3.84984E-1 3.90774E-1 3.95317E-1 4.40605E-1 4.24901E-1 3.79467E-1 4.11967E-1 3.63389E-1 3.23472E-1 3.58763E-1 3.11488E-1 3.21778E-1 1.09049E-1 9.57272E-2 9.7986E-2 1.02783E-1 9.80261E-2 9.64644E-2
6.95258E-1 7.01463E-1 3.33106E-1 3.41107E-1 3.42917E-1 3.42349E-1 3.41935E-1 3.50167E-1 3.51803E-1 3.47806E-1 3.48557E-1 3.53063E-1 3.45162E-1 3.46041E-1 3.39968E-1 3.42766E-1 3.47368E-1 3.51872E-1 3.49229E-1 3.41808E-1 3.4398E-1 3.58519E-1 3.48702E-1 3.59626E-1 3.59987E-1 4.13552E-1 3.97524E-1 3.1389E-1 3.74726E-1 3.59561E-1 3.98562E-1 3.63981E-1 3.72874E-1 3.57014E-1 3.6479E-1 3.65618E-1 3.66666E-1 3.79207E-1 3.84723E-1 3.80887E-1 3.74669E-1 3.74159E-1 3.34168E-1 3.28549E-1 3.30936E-1 5.3787E-1 3.67131E-1 4.18566E-1 3.89438E-1 4.04287E-1 3.87932E-1 3.27194E-1 3.11146E-1 3.40881E-1 1.28311E-1 9.93812E-2 9.47701E-2 9.04415E-2 8.26505E-2 1.03062E-1 1.00619E-1
6.93826E-1 6.95352E-1 7.03304E-1 3.41877E-1 3.35194E-1 3.37815E-1 3.41129E-1 3.41237E-1 3.43004E-1 3.4266E-1 3.39497E-1 3.43404E-1 3.39017E-1 3.39278E-1 3.35725E-1 3.33494E-1 3.38242E-1 3.36851E-1 3.36936E-1 3.40273E-1 3.40793E-1 3.40748E-1 3.4098E-1 3.41499E-1 3.45963E-1 3.53293E-1 4.21303E-1 3.85386E-1 3.1762E-1 3.07566E-1 3.11524E-1 5.40909E-1 5.47351E-1 5.58723E-1 5.57003E-1 3.48367E-1 3.52522E-1 3.60424E-1 5.76867E-1 5.61259E-1 5.58444E-1 5.24252E-1 4.97009E-1 5.04638E-1 5.09438E-1 5.15607E-1 5.12363E-1 5.12242E-1 5.35962E-1 4.1164E-1 3.41058E-1 3.2182E-1 3.62091E-1 3.674E-1 3.30018E-1 3.72283E-1 1.21587E-1 1.09546E-1 1.07565E-1 9.88045E-2 9.93427E-2
6.93752E-1 6.97222E-1 6.9982E-1 6.9524E-1 3.36009E-1 3.33052E-1 3.37203E-1 3.38617E-1 3.36843E-1 3.38521E-1 3.39418E-1 3.31905E-1 3.26308E-1 3.2856E-1 3.27446E-1 3.26335E-1 3.35312E-1 3.35463E-1 3.3495E-1 3.30607E-1 3.32286E-1 3.33079E-1 3.33034E-1 3.38418E-1 3.40855E-1 3.51029E-1 3.56565E-1 4.27036E-1 3.99085E-1 3.08056E-1 3.59033E-1 3.58452E-1 3.77818E-1 3.81392E-1 3.84816E-1 3.64951E-1 3.55747E-1 3.13232E-1 3.64796E-1 3.76322E-1 5.72055E-1 5.54774E-1 5.02691E-1 5.80671E-1 5.78797E-1 5.70256E-1 5.72255E-1 5.70858E-1 5.65213E-1 5.38719E-1 5.07487E-1 3.78101E-1 3.72617E-1 4.08735E-1 3.45177E-1 3.08943E-1 3.02034E-1 3.43465E-1 1.13015E-1 1.08949E-1 2.47275E-1
6.85879E-1 6.89557E-1 6.90869E-1 6.98859E-1 7.00798E-1 6.96022E-1 3.27938E-1 3.26543E-1 3.30655E-1 3.31948E-1 3.32078E-1 3.31818E-1 3.26004E-1 3.23274E-1 3.2598E-1 3.24931E-1 3.25419E-1 3.27608E-1 3.28183E-1 3.09816E-1 3.06365E-1 3.1198E-1 3.3236E-1 3.33911E-1 3.38658E-1 3.36351E-1 3.41857E-1 3.60745E-1 3.95002E-1 3.42384E-1 3.50844E-1 3.77936E-1 3.87964E-1 3.86447E-1 4.09078E-1 3.77002E-1 3.40179E-1 2.8791E-1 2.89107E-1 3.52605E-1 4.02999E-1 4.04666E-1 3.94005E-1 3.87589E-1 3.39679E-1 3.23058E-1 5.0984E-1 4.94245E-1 5.31605E-1 5.24894E-1 5.044E-1 4.77244E-1 3.22612E-1 3.80137E-1 3.50046E-1 3.11167E-1 3.47863E-1 3.53252E-1 3.32738E-1 1.174E-1 2.57464E-1
6.66917E-1 6.70618E-1 6.76667E-1 6.86083E-1 6.87049E-1 6.91669E-1 6.85431E-1 3.19184E-1 3.20455E-1 3.21431E-1 3.24108E-1 3.02834E-1 3.01981E-1 3.01737E-1 3.01574E-1 3.04528E-1 3.0467E-1 3.03185E-1 3.06583E-1 3.02399E-1 3.0053E-1 3.09785E-1 3.10952E-1 3.11589E-1 3.12555E-1 3.36248E-1 3.38156E-1 3.34494E-1 5.43285E-1 5.58711E-1 3.60906E-1 3.73866E-1 3.77675E-1 3.60345E-1 3.63893E-1 3.75547E-1 3.53123E-1 3.28757E-1 4.6066E-1 4.83391E-1 4.78296E-1 3.34167E-1 3.62946E-1 3.85198E-1 3.79124E-1 3.36563E-1 3.40916E-1 2.98956E-1 3.26485E-1 3.52057E-1 3.33614E-1 3.06387E-1 5.18382E-1 5.5167E-1 4.78719E-1 3.17456E-1 3.20403E-1 3.71451E-1 3.7272E-1 3.61945E-1 3.16909E-1
6.64161E-1 6.39521E-1 6.41728E-1 6.42205E-1 6.76902E-1 6.79551E-1 6.53642E-1 6.55603E-1 2.98871E-1 2.91841E-1 2.92957E-1 2.96266E-1 2.96004E-1 2.96063E-1 2.94795E-1 2.97498E-1 2.97056E-1 2.95776E-1 2.97908E-1 4.82906E-1 3.07135E-1 2.93938E-1 2.98486E-1 3.04336E-1 3.09845E-1 3.15359E-1 3.14578E-1 3.11586E-1 3.26993E-1 3.48709E-1 3.78426E-1 3.58125E-1 3.25284E-1 3.00452E-1 2.99531E-1 3.30441E-1 3.40615E-1 3.69876E-1 3.64341E-1 3.51665E-1 3.33684E-1 3.39539E-1 3.04054E-1 3.36458E-1 3.22308E-1 2.98075E-1 3.06796E-1 2.99809E-1 2.95843E-1 3.07356E-1 2.89209E-1 3.35842E-1 3.42601E-1 5.38256E-1 4.99889E-1 4.7724E-1 4.79005E-1 3.14141E-1 3.41876E-1 3.3498E-1 3.00026E-1
6.30926E-1 6.35404E-1 6.38805E-1 6.29374E-1 6.33963E-1 6.47519E-1 6.50522E-1 6.30616E-1 6.33008E-1 6.34658E-1 2.90668E-1 2.85589E-1 2.93702E-1 2.88657E-1 2.87926E-1 2.8757E-1 2.90321E-1 2.88791E-1 4.62859E-1 4.82165E-1 2.99129E-1 2.93315E-1 2.95933E-1 2.86217E-1 2.97803E-1 2.99337E-1 3.05911E-1 2.99333E-1 3.0994E-1 3.07503E-1 3.38847E-1 3.43782E-1 3.16001E-1 3.17328E-1 2.94586E-1 2.92667E-1 3.15295E-1 3.50204E-1 3.30253E-1 3.19753E-1 3.13383E-1 3.06653E-1 2.97653E-1 2.88907E-1 2.79261E-1 2.7392E-1 2.89529E-1 2.80588E-1 2.77947E-1 2.8041E-1 3.01692E-1 3.34948E-1 3.70982E-1 3.8055E-1 3.39247E-1 3.25156E-1 2.89641E-1 3.07534E-1 3.00107E-1 2.81646E-1 2.61093E-1
6.20652E-1 6.2236E-1 6.24757E-1 6.19079E-1 6.20401E-1 6.20506E-1 6.23225E-1 6.26589E-1 6.2671E-1 6.19165E-1 6.30732E-1 6.31183E-1 2.82853E-1 2.84397E-1 2.7949E-1 2.78639E-1 4.69703E-1 4.69481E-1 4.69125E-1 4.71558E-1 2.99073E-1 2.93941E-1 2.87121E-1 4.74755E-1 2.99886E-1 2.98896E-1 2.98249E-1 2.98187E-1 3.04764E-1 3.03377E-1 3.09794E-1 3.06942E-1 3.0857E-1 3.12244E-1 3.14022E-1 3.07639E-1 2.86709E-1 2.94354E-1 2.89906E-1 2.9167E-1 2.8673E-1 2.80228E-1 2.72018E-1 2.65037E-1 4.43413E-1 2.80356E-1 2.73735E-1 2.85511E-1 2.81882E-1 2.79386E-1 3.0463E-1 3.13358E-1 3.41494E-1 3.27309E-1 3.21914E-1 3.22685E-1 2.98909E-1 3.30555E-1 2.90847E-1 2.53654E-1 4.57572E-1
6.21043E-1 6.11655E-1 6.19693E-1 6.13819E-1 6.16407E-1 6.17914E-1 6.1939E-1 6.22614E-1 6.24965E-1 6.20062E-1 6.25052E-1 6.25476E-1 6.25183E-1 2.82426E-1 2.82367E-1 4.63351E-1 4.65954E-1 2.94663E-1 2.86119E-1 4.71642E-1 2.93799E-1 2.89525E-1 4.71774E-1 4.81191E-1 4.85812E-1 3.00693E-1 2.98971E-1 2.92778E-1 3.00969E-1 3.02526E-1 2.9805E-1 2.98775E-1 2.99016E-1 2.99649E-1 2.95216E-1 2.90142E-1 2.86485E-1 2.86887E-1 2.88739E-1 2.81487E-1 2.75982E-1 2.7345E-1 4.4034E-1 4.47262E-1 4.53766E-1 4.60553E-1 2.83041E-1 2.80194E-1 2.8327E-1 2.74084E-1 2.90294E-1 2.92977E-1 3.0355E-1 3.00258E-1 2.96116E-1 2.78804E-1 2.85797E-1 2.8398E-1 3.40078E-1 2.82599E-1 3.32998E-1
6.13613E-1 6.14787E-1 6.13574E-1 6.16441E-1 6.10612E-1 6.1025E-1 6.12574E-1 6.14806E-1 6.15743E-1 6.21464E-1 6.20171E-1 6.19542E-1 6.24393E-1 6.34053E-1 6.25764E-1 4.62862E-1 4.67378E-1 4.66311E-1 4.65408E-1 4.65025E-1 4.75636E-1 4.7525E-1 4.76402E-1 4.7814E-1 4.7888E-1 4.81022E-1 4.86471E-1 2.95083E-1 2.94007E-1 4.82214E-1 4.85734E-1 2.95159E-1 4.74524E-1 4.73726E-1 4.71129E-1 4.72392E-1 4.73631E-1 4.66631E-1 2.83829E-1 2.7868E-1 4.58355E-1 4.48976E-1 4.48093E-1 4.47097E-1 4.49248E-1 4.49385E-1 4.53646E-1 2.71422E-1 2.75214E-1 2.7437E-1 2.70238E-1 2.7177E-1 2.95248E-1 2.90703E-1 2.86891E-1 2.82898E-1 2.81292E-1 2.71767E-1 2.71856E-1 3.01752E-1 3.25979E-1
6.0973E-1 6.03586E-1 6.04731E-1 6.06238E-1 6.13099E-1 6.15418E-1 6.16051E-1 6.17586E-1 6.18882E-1 6.16765E-1 6.17008E-1 6.16378E-1 6.17884E-1 6.32317E-1 6.26076E-1 6.23736E-1 4.63587E-1 4.65231E-1 4.75222E-1 4.61134E-1 4.72265E-1 4.72318E-1 4.74178E-1 4.75192E-1 4.76069E-1 4.77112E-1 4.77742E-1 4.80027E-1 4.78811E-1 4.71565E-1 4.71206E-1 4.79439E-1 4.71337E-1 4.6999E-1 4.67975E-1 4.67702E-1 4.68523E-1 4.61413E-1 4.61848E-1 4.54999E-1 4.52774E-1 4.43283E-1 4.41645E-1 4.40496E-1 4.4658E-1 4.4774E-1 4.42763E-1 4.44666E-1 4.41589E-1 2.63521E-1 2.63707E-1 4.37894E-1 2.78524E-1 2.85071E-1 2.81203E-1 2.77208E-1 2.76316E-1 2.81452E-1 2.71747E-1 2.65071E-1 2.75314E-1
5.95537E-1 5.97738E-1 6.01537E-1 6.03254E-1 6.03526E-1 6.11383E-1 6.12377E-1 6.14545E-1 6.15719E-1 6.16352E-1 6.13514E-1 6.12042E-1 6.23695E-1 6.42036E-1 6.21064E-1 6.20818E-1 6.30429E-1 6.35296E-1 4.79317E-1 4.69315E-1 4.69478E-1 4.69694E-1 4.78293E-1 4.7226E-1 4.72039E-1 4.71387E-1 4.71055E-1 4.72781E-1 4.74372E-1 4.74864E-1 4.67638E-1 4.67417E-1 4.6788E-1 4.65307E-1 4.64075E-1 4.61162E-1 4.64922E-1 4.58101E-1 4.53696E-1 4.46292E-1 4.44489E-1 4.47043E-1 4.45805E-1 4.38973E-1 4.37984E-1 4.44165E-1 4.39309E-1 4.42093E-1 4.37317E-1 4.43883E-1 4.37501E-1 4.35099E-1 4.39509E-1 2.73117E-1 2.67544E-1 2.70276E-1 2.72905E-1 2.79255E-1 2.73701E-1 2.71866E-1 2.74319E-1
6.00023E-1 5.9421E-1 5.95386E-1 5.97587E-1 5.98221E-1 6.07712E-1 6.10059E-1 6.07197E-1 6.09579E-1 6.10743E-1 6.11707E-1 6.06925E-1 6.23002E-1 6.23564E-1 6.24016E-1 6.22878E-1 6.26698E-1 6.25975E-1 6.27084E-1 6.28762E-1 4.73364E-1 4.74237E-1 4.68875E-1 4.66254E-1 4.65787E-1 4.66301E-1 4.67198E-1 4.69054E-1 4.69817E-1 4.71566E-1 4.64604E-1 4.62006E-1 4.58058E-1 4.58518E-1 4.57048E-1 4.58162E-1 4.56531E-1 4.49633E-1 4.49228E-1 4.49337E-1 4.4213E-1 4.40222E-1 4.395E-1 4.36319E-1 4.35467E-1 4.38831E-1 4.33484E-1 4.40309E-1 4.35144E-1 4.32015E-1 4.35899E-1 4.36299E-1 4.40262E-1 4.42401E-1 4.44681E-1 2.65861E-1 2.68463E-1 2.73079E-1 2.6583E-1 2.67041E-1 2.71609E-1
5.98548E-1 5.91499E-1 5.92854E-1 5.93849E-1 5.95717E-1 5.97074E-1 6.01111E-1 6.02949E-1 6.07407E-1 6.01727E-1 6.00793E-1 6.05145E-1 6.0892E-1 6.30721E-1 6.23053E-1 6.20023E-1 6.20434E-1 6.30509E-1 6.3075E-1 6.34303E-1 6.3267E-1 4.64985E-1 4.63316E-1 4.63123E-1 4.62522E-1 4.63415E-1 4.64038E-1 4.65588E-1 4.66783E-1 4.67408E-1 4.69648E-1 4.55126E-1 4.54907E-1 4.54688E-1 4.54308E-1 4.53386E-1 4.53333E-1 4.46316E-1 4.46991E-1 4.46966E-1 4.3565E-1 5.05349E-1 5.05637E-1 4.30846E-1 5.02309E-1 4.3696E-1 4.32045E-1 4.39979E-1 4.34114E-1 4.28457E-1 4.33391E-1 4.33924E-1 4.34323E-1 4.43114E-1 4.45041E-1 4.48095E-1 2.66159E-1 2.67378E-1 2.67002E-1 2.68985E-1 2.65839E-1
