Artocarpus heterophyllus SDM files/MIS19/results (with bias file)/Arthet_5.asc
ncols         625
nrows         721
xllcorner     69.99986311115
yllcorner     5.99986187915
cellsize      0.041666667
NODATA_value  -9999
[rows 405 to 431 of 721, columns 305 to 365 of 625]
5.98447E-1 6.10482E-1 6.73898E-1 6.09861E-1 6.10982E-1 5.64165E-1 5.83656E-1 5.43005E-1 5.27635E-1 5.11262E-1 3.31159E-1 4.07621E-1 4.20775E-1 4.33276E-1 3.39813E-1 2.32272E-1 1.81647E-1 3.51379E-1 4.84924E-1 6.41672E-1 6.22213E-1 2.74831E-1 1.63856E-1 2.92039E-1 2.9021E-1 2.98738E-1 2.69243E-1 3.29044E-1 5.19426E-1 3.936E-1 6.00597E-1 6.53853E-1 6.7677E-1 4.12843E-1 6.23965E-1 6.58862E-1 5.54568E-1 3.7605E-1 5.16558E-1 3.83677E-1 2.35855E-1 2.37942E-1 2.89646E-1 3.30119E-1 2.98764E-1 3.09251E-1 3.52436E-1 3.81589E-1 3.44901E-1 3.84953E-1 3.71219E-1 -9999 -9999 -9999 -9999 -9999 -9999 -9999 -9999 -9999 -9999
6.11389E-1 5.93086E-1 6.76833E-1 6.01001E-1 5.55496E-1 5.99131E-1 5.60416E-1 5.41636E-1 5.41771E-1 4.42058E-1 4.14737E-1 4.38071E-1 4.02076E-1 5.73827E-1 5.10449E-1 4.94097E-1 1.81789E-1 2.7604E-1 3.64171E-1 5.07434E-1 6.46277E-1 6.21098E-1 2.33584E-1 2.87035E-1 3.1021E-1 2.70822E-1 2.6675E-1 5.87747E-1 3.2552E-1 5.90241E-1 5.72845E-1 6.07927E-1 6.45435E-1 6.14466E-1 6.79368E-1 6.48715E-1 6.17304E-1 4.31654E-1 5.46665E-1 4.3472E-1 2.99031E-1 2.86662E-1 2.69012E-1 2.74519E-1 2.6553E-1 2.8151E-1 3.04032E-1 3.37246E-1 2.89706E-1 3.3731E-1 3.14854E-1 -9999 -9999 -9999 -9999 -9999 -9999 -9999 -9999 -9999 -9999
5.87105E-1 5.94559E-1 6.02265E-1 5.82608E-1 5.89474E-1 5.77843E-1 5.52372E-1 5.56535E-1 5.79945E-1 4.73074E-1 4.93372E-1 3.51891E-1 5.39825E-1 3.91079E-1 3.38471E-1 4.58512E-1 2.60746E-1 2.25431E-1 5.12385E-1 6.04095E-1 5.79537E-1 6.02734E-1 2.48293E-1 3.41602E-1 3.19481E-1 3.01426E-1 2.96145E-1 6.32233E-1 3.74909E-1 6.28184E-1 6.65163E-1 6.54568E-1 4.01418E-1 5.97091E-1 4.23067E-1 6.71838E-1 6.36379E-1 5.81118E-1 4.86738E-1 3.98002E-1 4.88535E-1 4.24269E-1 2.71966E-1 2.62809E-1 2.67395E-1 2.60124E-1 2.74339E-1 2.94282E-1 2.64534E-1 2.89727E-1 -9999 -9999 -9999 -9999 -9999 -9999 -9999 -9999 -9999 -9999 -9999
6.39237E-1 5.76229E-1 5.78083E-1 5.65176E-1 5.74245E-1 5.74448E-1 5.78498E-1 5.65503E-1 6.67523E-1 5.37797E-1 6.17573E-1 6.2599E-1 6.7509E-1 3.19304E-1 6.19296E-1 3.31237E-1 2.25072E-1 2.32456E-1 6.21704E-1 6.41356E-1 4.94656E-1 4.64325E-1 2.79546E-1 3.02238E-1 2.52993E-1 2.14356E-1 4.22891E-1 5.40732E-1 6.34499E-1 3.84822E-1 4.26241E-1 6.89009E-1 6.6004E-1 4.63234E-1 2.51923E-1 6.6389E-1 6.27243E-1 6.11003E-1 5.95541E-1 5.23216E-1 2.48167E-1 2.0522E-1 3.40436E-1 3.72135E-1 3.27213E-1 2.99476E-1 3.9054E-1 3.32915E-1 2.99711E-1 -9999 -9999 -9999 -9999 -9999 -9999 -9999 -9999 -9999 -9999 -9999 -9999
6.08258E-1 5.86332E-1 5.59645E-1 5.49653E-1 5.97363E-1 5.53521E-1 5.78885E-1 5.44716E-1 5.3694E-1 6.1736E-1 6.25965E-1 6.28002E-1 6.39441E-1 3.19597E-1 6.40137E-1 5.17215E-1 3.07826E-1 1.79711E-1 5.66425E-1 5.73006E-1 6.28048E-1 3.83493E-1 3.0638E-1 2.76755E-1 3.19278E-1 2.49379E-1 2.5042E-1 4.01179E-1 6.29639E-1 6.67086E-1 3.18253E-1 5.22284E-1 6.02971E-1 2.38711E-1 2.30652E-1 6.0502E-1 5.89312E-1 5.81994E-1 6.15585E-1 6.12611E-1 3.92997E-1 3.68933E-1 2.27171E-1 3.71169E-1 2.93464E-1 3.92118E-1 3.91159E-1 3.16837E-1 2.84217E-1 -9999 -9999 -9999 -9999 -9999 -9999 -9999 -9999 -9999 -9999 -9999 -9999
5.58328E-1 5.52811E-1 6.0689E-1 5.61526E-1 6.08554E-1 5.806E-1 5.66096E-1 5.61996E-1 6.40236E-1 3.52948E-1 3.53358E-1 6.38396E-1 3.0635E-1 2.92097E-1 6.4848E-1 6.52555E-1 6.27892E-1 2.8278E-1 2.75265E-1 5.91891E-1 3.52338E-1 4.90845E-1 5.85944E-1 3.3089E-1 5.27232E-1 3.11308E-1 1.86689E-1 3.78245E-1 5.3819E-1 6.21858E-1 5.90523E-1 5.20373E-1 6.0935E-1 3.80502E-1 2.10618E-1 5.00044E-1 5.75555E-1 4.85247E-1 5.54303E-1 5.61773E-1 4.86246E-1 3.61983E-1 2.13384E-1 2.9806E-1 2.67669E-1 3.29432E-1 3.0963E-1 2.8231E-1 -9999 -9999 -9999 -9999 -9999 -9999 -9999 -9999 -9999 -9999 -9999 -9999 -9999
5.67256E-1 5.96287E-1 6.15063E-1 6.12299E-1 6.01759E-1 6.27252E-1 6.03823E-1 5.73507E-1 6.22936E-1 3.45829E-1 2.94729E-1 4.11254E-1 5.01697E-1 2.53493E-1 5.69444E-1 5.88898E-1 5.91896E-1 2.91656E-1 2.36041E-1 4.65937E-1 5.69558E-1 4.45625E-1 5.29711E-1 3.07523E-1 5.23377E-1 5.68863E-1 2.23879E-1 2.19101E-1 3.71609E-1 5.60782E-1 6.6135E-1 3.79434E-1 6.2807E-1 4.45639E-1 2.41335E-1 4.43636E-1 5.95705E-1 4.56396E-1 5.16064E-1 4.41779E-1 3.43001E-1 2.74115E-1 2.72283E-1 2.6992E-1 2.73174E-1 2.66418E-1 2.65027E-1 -9999 -9999 -9999 -9999 -9999 -9999 -9999 -9999 -9999 -9999 -9999 -9999 -9999 -9999
5.85112E-1 6.31934E-1 6.12904E-1 6.20377E-1 6.04816E-1 5.7983E-1 6.27259E-1 6.86837E-1 6.46174E-1 4.77518E-1 3.30369E-1 5.65157E-1 5.29308E-1 2.50585E-1 2.72439E-1 3.12583E-1 4.6519E-1 2.90729E-1 2.92729E-1 3.53467E-1 4.85018E-1 4.81334E-1 6.1546E-1 2.93313E-1 5.41214E-1 6.22935E-1 3.81901E-1 1.7545E-1 2.84914E-1 4.92478E-1 6.07002E-1 3.62761E-1 4.63216E-1 5.00366E-1 2.37041E-1 2.47555E-1 3.18751E-1 2.76841E-1 3.48277E-1 3.8936E-1 2.96806E-1 2.85617E-1 3.50203E-1 3.63391E-1 4.01791E-1 3.72765E-1 -9999 -9999 -9999 -9999 -9999 -9999 -9999 -9999 -9999 -9999 -9999 -9999 -9999 -9999 -9999
6.20777E-1 6.08886E-1 6.07489E-1 6.37964E-1 6.3877E-1 6.21264E-1 6.39378E-1 5.75069E-1 5.85979E-1 6.55281E-1 6.28921E-1 5.7349E-1 3.7629E-1 4.65558E-1 5.05558E-1 5.42433E-1 3.54373E-1 3.4936E-1 3.1807E-1 3.45124E-1 3.48879E-1 4.78756E-1 6.13278E-1 5.78138E-1 5.45733E-1 6.17982E-1 5.58086E-1 2.11749E-1 2.19289E-1 2.86295E-1 4.02385E-1 4.58849E-1 2.39692E-1 3.08782E-1 2.85382E-1 2.57733E-1 2.75793E-1 3.95515E-1 2.68216E-1 2.66092E-1 3.55369E-1 3.8787E-1 3.25166E-1 3.14194E-1 3.9881E-1 -9999 -9999 -9999 -9999 -9999 -9999 -9999 -9999 -9999 -9999 -9999 -9999 -9999 -9999 -9999 -9999
6.20565E-1 6.11606E-1 6.19154E-1 6.21703E-1 6.39477E-1 6.40422E-1 6.53872E-1 7.06439E-1 6.9279E-1 6.40256E-1 6.58587E-1 4.00112E-1 5.63248E-1 3.7928E-1 3.59972E-1 4.66022E-1 3.89373E-1 3.61384E-1 3.36871E-1 3.41776E-1 3.30031E-1 3.2415E-1 4.97676E-1 5.62692E-1 5.93561E-1 5.77805E-1 2.4793E-1 2.18629E-1 2.13082E-1 2.42488E-1 3.58896E-1 5.16723E-1 2.71369E-1 2.87761E-1 2.29311E-1 2.26391E-1 2.41688E-1 4.22706E-1 3.35614E-1 2.77215E-1 2.07478E-1 3.22091E-1 3.87608E-1 3.41871E-1 3.72278E-1 -9999 -9999 -9999 -9999 -9999 -9999 -9999 -9999 -9999 -9999 -9999 -9999 -9999 -9999 -9999 -9999
6.24305E-1 6.27112E-1 6.33982E-1 6.27957E-1 6.24985E-1 6.21485E-1 6.3406E-1 7.06666E-1 7.20675E-1 6.79996E-1 5.0008E-1 3.4455E-1 3.62745E-1 4.72593E-1 3.91593E-1 4.63768E-1 5.45475E-1 3.70478E-1 3.6776E-1 3.45664E-1 3.25668E-1 3.73191E-1 5.66691E-1 5.83366E-1 5.64262E-1 6.02264E-1 3.88487E-1 3.51619E-1 2.09465E-1 2.42017E-1 2.37921E-1 2.54896E-1 2.20554E-1 3.1007E-1 2.55032E-1 2.8479E-1 2.72971E-1 2.81896E-1 2.63216E-1 2.86025E-1 2.80874E-1 2.19011E-1 3.08465E-1 3.74988E-1 -9999 -9999 -9999 -9999 -9999 -9999 -9999 -9999 -9999 -9999 -9999 -9999 -9999 -9999 -9999 -9999 -9999
6.42304E-1 6.35754E-1 6.43191E-1 6.42714E-1 6.50485E-1 6.82202E-1 6.58134E-1 6.99061E-1 6.45264E-1 6.30281E-1 4.94083E-1 3.53255E-1 3.58562E-1 3.87921E-1 3.68005E-1 4.69116E-1 3.74646E-1 3.39733E-1 3.30849E-1 3.55874E-1 3.27227E-1 3.10008E-1 4.36494E-1 5.4766E-1 5.7436E-1 5.47681E-1 3.05268E-1 5.2852E-1 2.11719E-1 2.43756E-1 3.21266E-1 3.362E-1 3.32525E-1 2.71848E-1 4.21415E-1 4.54933E-1 2.76877E-1 2.84588E-1 2.9052E-1 2.90736E-1 2.57832E-1 3.5437E-1 3.6368E-1 -9999 -9999 -9999 -9999 -9999 -9999 -9999 -9999 -9999 -9999 -9999 -9999 -9999 -9999 -9999 -9999 -9999 -9999
6.43012E-1 6.31068E-1 6.30589E-1 6.71959E-1 6.49393E-1 6.91472E-1 6.48368E-1 7.22251E-1 6.14925E-1 4.06004E-1 3.48536E-1 3.92475E-1 4.63714E-1 4.42127E-1 4.66384E-1 3.18386E-1 3.20503E-1 3.42968E-1 3.33671E-1 2.99127E-1 3.18801E-1 2.89816E-1 3.45598E-1 2.93957E-1 4.2217E-1 4.58143E-1 5.32614E-1 5.3167E-1 2.06972E-1 2.13079E-1 3.19475E-1 3.68104E-1 2.7653E-1 2.46448E-1 3.78962E-1 3.82286E-1 2.83584E-1 3.56356E-1 2.25889E-1 2.91857E-1 3.13649E-1 3.74798E-1 -9999 -9999 -9999 -9999 -9999 -9999 -9999 -9999 -9999 -9999 -9999 -9999 -9999 -9999 -9999 -9999 -9999 -9999 -9999
6.59892E-1 6.46225E-1 6.40237E-1 6.37868E-1 6.29094E-1 6.93118E-1 7.27962E-1 6.79258E-1 4.21326E-1 3.39208E-1 3.51842E-1 3.99736E-1 4.96487E-1 6.13853E-1 3.51197E-1 3.09047E-1 3.31818E-1 3.51159E-1 3.06166E-1 2.94682E-1 2.75171E-1 2.9912E-1 2.76229E-1 2.83948E-1 2.55313E-1 3.24192E-1 5.11677E-1 4.74581E-1 2.40098E-1 2.42305E-1 2.49374E-1 4.17644E-1 2.90028E-1 3.2038E-1 2.14847E-1 2.08052E-1 2.63875E-1 2.91081E-1 2.25672E-1 2.63995E-1 2.83183E-1 -9999 -9999 -9999 -9999 -9999 -9999 -9999 -9999 -9999 -9999 -9999 -9999 -9999 -9999 -9999 -9999 -9999 -9999 -9999 -9999
6.56562E-1 7.01746E-1 6.50442E-1 6.09328E-1 6.39024E-1 6.48936E-1 7.19853E-1 6.54291E-1 4.88908E-1 5.87916E-1 4.48533E-1 3.63469E-1 3.42794E-1 5.31791E-1 4.77501E-1 3.45023E-1 3.06641E-1 3.35469E-1 3.28602E-1 2.89923E-1 2.9158E-1 2.99899E-1 2.70932E-1 2.61831E-1 2.54847E-1 2.03255E-1 3.35036E-1 5.07679E-1 3.47362E-1 1.90785E-1 2.27886E-1 2.66749E-1 2.89133E-1 2.83731E-1 2.62343E-1 3.49793E-1 2.91915E-1 2.94226E-1 3.47031E-1 3.54735E-1 -9999 -9999 -9999 -9999 -9999 -9999 -9999 -9999 -9999 -9999 -9999 -9999 -9999 -9999 -9999 -9999 -9999 -9999 -9999 -9999 -9999
6.98364E-1 6.78887E-1 6.06451E-1 5.38876E-1 6.61409E-1 6.73542E-1 7.10649E-1 5.81594E-1 4.74965E-1 3.44317E-1 3.42227E-1 3.3786E-1 3.37178E-1 3.14412E-1 3.09171E-1 3.09699E-1 3.06943E-1 2.97657E-1 2.6416E-1 2.64236E-1 2.93418E-1 2.69447E-1 2.50031E-1 2.71728E-1 2.24592E-1 2.06824E-1 2.21044E-1 3.63382E-1 3.1258E-1 2.09403E-1 2.43741E-1 2.56194E-1 3.03618E-1 2.96344E-1 2.61015E-1 3.56075E-1 2.90562E-1 3.45434E-1 3.61598E-1 3.65829E-1 -9999 -9999 -9999 -9999 -9999 -9999 -9999 -9999 -9999 -9999 -9999 -9999 -9999 -9999 -9999 -9999 -9999 -9999 -9999 -9999 -9999
7.05393E-1 6.75764E-1 6.4415E-1 6.59238E-1 5.16217E-1 6.58177E-1 6.59922E-1 5.17562E-1 3.40003E-1 3.18993E-1 3.28218E-1 3.79927E-1 4.85717E-1 2.88061E-1 2.83577E-1 2.88215E-1 4.30804E-1 3.92578E-1 2.42957E-1 2.46445E-1 2.52125E-1 2.29507E-1 2.32297E-1 2.28097E-1 2.35585E-1 2.04453E-1 2.13554E-1 2.6511E-1 2.33654E-1 2.05229E-1 2.25664E-1 2.36916E-1 3.07294E-1 2.62668E-1 3.45577E-1 3.50804E-1 3.60776E-1 3.56679E-1 -9999 -9999 -9999 -9999 -9999 -9999 -9999 -9999 -9999 -9999 -9999 -9999 -9999 -9999 -9999 -9999 -9999 -9999 -9999 -9999 -9999 -9999 -9999
7.02139E-1 6.85833E-1 7.07343E-1 6.8594E-1 6.6258E-1 5.89211E-1 5.16906E-1 5.08835E-1 3.67565E-1 3.25223E-1 2.43165E-1 4.25016E-1 4.00262E-1 2.58693E-1 3.12922E-1 2.54077E-1 4.33822E-1 4.90715E-1 3.02751E-1 3.58442E-1 2.41717E-1 2.24072E-1 2.39371E-1 1.97539E-1 2.02054E-1 2.10186E-1 1.98485E-1 2.3291E-1 2.92703E-1 1.97723E-1 2.13542E-1 2.22017E-1 2.99006E-1 2.7808E-1 3.47275E-1 3.65031E-1 3.58938E-1 -9999 -9999 -9999 -9999 -9999 -9999 -9999 -9999 -9999 -9999 -9999 -9999 -9999 -9999 -9999 -9999 -9999 -9999 -9999 -9999 -9999 -9999 -9999 -9999
6.88953E-1 7.08287E-1 6.68961E-1 7.09435E-1 7.35037E-1 3.63829E-1 3.80086E-1 3.1584E-1 6.18828E-1 5.00039E-1 3.13064E-1 5.47558E-1 2.94821E-1 2.47424E-1 2.80088E-1 2.62727E-1 3.12541E-1 4.20038E-1 3.02622E-1 4.16271E-1 3.33799E-1 2.16874E-1 2.83387E-1 2.7416E-1 2.67528E-1 1.97311E-1 1.96785E-1 1.88942E-1 2.26778E-1 2.78692E-1 2.71868E-1 2.71856E-1 2.2348E-1 3.47312E-1 2.98411E-1 3.57832E-1 -9999 -9999 -9999 -9999 -9999 -9999 -9999 -9999 -9999 -9999 -9999 -9999 -9999 -9999 -9999 -9999 -9999 -9999 -9999 -9999 -9999 -9999 -9999 -9999 -9999
6.39145E-1 6.07868E-1 6.20289E-1 6.46782E-1 7.08667E-1 7.18579E-1 5.66858E-1 5.74947E-1 6.57101E-1 3.41303E-1 4.89424E-1 2.84299E-1 2.40349E-1 2.44049E-1 2.43418E-1 2.51498E-1 2.77503E-1 3.13813E-1 2.53782E-1 2.62427E-1 3.55504E-1 2.6526E-1 2.91788E-1 2.81733E-1 2.75568E-1 2.70702E-1 2.63304E-1 2.572E-1 2.42693E-1 2.72767E-1 2.84917E-1 2.84256E-1 2.95606E-1 2.97379E-1 3.01911E-1 -9999 -9999 -9999 -9999 -9999 -9999 -9999 -9999 -9999 -9999 -9999 -9999 -9999 -9999 -9999 -9999 -9999 -9999 -9999 -9999 -9999 -9999 -9999 -9999 -9999 -9999
6.57537E-1 4.46504E-1 6.65764E-1 5.26141E-1 5.04295E-1 7.2507E-1 5.52522E-1 5.71916E-1 5.09965E-1 2.47422E-1 2.72059E-1 4.09759E-1 3.06835E-1 3.14178E-1 3.12577E-1 2.46016E-1 2.72849E-1 4.04864E-1 2.22982E-1 2.1783E-1 2.95555E-1 2.26666E-1 2.81594E-1 2.66064E-1 2.31495E-1 2.7856E-1 3.38372E-1 2.73788E-1 2.63952E-1 2.84981E-1 3.49368E-1 2.91799E-1 2.98193E-1 2.98784E-1 2.54446E-1 -9999 -9999 -9999 -9999 -9999 -9999 -9999 -9999 -9999 -9999 -9999 -9999 -9999 -9999 -9999 -9999 -9999 -9999 -9999 -9999 -9999 -9999 -9999 -9999 -9999 -9999
6.94874E-1 4.67548E-1 6.76554E-1 7.22551E-1 6.51254E-1 5.02872E-1 6.33131E-1 4.25255E-1 4.12169E-1 2.47774E-1 6.02849E-1 4.121E-1 3.91891E-1 3.13329E-1 3.1576E-1 2.98664E-1 3.00313E-1 2.48718E-1 2.33393E-1 2.59297E-1 2.75487E-1 2.83008E-1 2.70902E-1 2.75777E-1 2.55646E-1 2.63791E-1 2.78156E-1 2.87164E-1 2.78712E-1 2.76679E-1 2.8231E-1 3.50751E-1 3.01909E-1 2.53318E-1 -9999 -9999 -9999 -9999 -9999 -9999 -9999 -9999 -9999 -9999 -9999 -9999 -9999 -9999 -9999 -9999 -9999 -9999 -9999 -9999 -9999 -9999 -9999 -9999 -9999 -9999 -9999
6.77788E-1 6.1752E-1 4.96515E-1 6.8178E-1 7.28624E-1 6.98814E-1 5.95803E-1 4.53061E-1 3.43931E-1 2.32041E-1 5.12296E-1 3.88007E-1 4.35186E-1 3.53195E-1 3.48535E-1 3.26561E-1 2.97631E-1 2.60596E-1 2.20379E-1 2.10871E-1 2.78386E-1 2.60167E-1 3.08409E-1 3.42294E-1 2.67216E-1 2.51676E-1 3.4993E-1 3.52833E-1 2.84162E-1 2.87864E-1 2.48305E-1 2.49949E-1 -9999 -9999 -9999 -9999 -9999 -9999 -9999 -9999 -9999 -9999 -9999 -9999 -9999 -9999 -9999 -9999 -9999 -9999 -9999 -9999 -9999 -9999 -9999 -9999 -9999 -9999 -9999 -9999 -9999
6.74623E-1 6.78255E-1 7.08347E-1 6.90833E-1 6.29114E-1 3.63375E-1 2.88548E-1 4.70145E-1 4.57779E-1 2.9868E-1 3.15876E-1 2.60789E-1 3.48817E-1 3.37631E-1 3.60552E-1 2.99215E-1 3.70803E-1 2.85855E-1 2.90278E-1 2.91301E-1 2.70607E-1 2.56218E-1 2.83895E-1 3.64662E-1 3.49437E-1 2.74216E-1 2.83858E-1 3.54509E-1 2.92962E-1 2.92593E-1 -9999 -9999 -9999 -9999 -9999 -9999 -9999 -9999 -9999 -9999 -9999 -9999 -9999 -9999 -9999 -9999 -9999 -9999 -9999 -9999 -9999 -9999 -9999 -9999 -9999 -9999 -9999 -9999 -9999 -9999 -9999
7.0759E-1 6.20389E-1 6.2075E-1 7.24063E-1 6.56805E-1 6.44252E-1 4.06689E-1 5.28567E-1 5.8153E-1 3.95358E-1 2.96888E-1 3.24311E-1 3.38148E-1 2.67461E-1 2.50778E-1 2.54939E-1 3.05305E-1 3.75283E-1 2.63807E-1 2.8692E-1 4.00485E-1 2.73156E-1 2.85334E-1 3.55378E-1 3.41755E-1 2.86755E-1 2.78598E-1 2.89669E-1 -9999 -9999 -9999 -9999 -9999 -9999 -9999 -9999 -9999 -9999 -9999 -9999 -9999 -9999 -9999 -9999 -9999 -9999 -9999 -9999 -9999 -9999 -9999 -9999 -9999 -9999 -9999 -9999 -9999 -9999 -9999 -9999 -9999
6.65963E-1 6.88413E-1 5.78438E-1 6.46646E-1 3.96001E-1 3.60945E-1 5.38075E-1 3.26657E-1 5.38172E-1 3.97259E-1 3.27378E-1 3.47857E-1 3.44352E-1 3.05182E-1 3.04634E-1 2.37621E-1 3.09901E-1 3.42875E-1 2.8403E-1 2.73345E-1 3.82982E-1 2.89494E-1 2.80198E-1 3.53094E-1 2.91187E-1 -9999 -9999 -9999 -9999 -9999 -9999 -9999 -9999 -9999 -9999 -9999 -9999 -9999 -9999 -9999 -9999 -9999 -9999 -9999 -9999 -9999 -9999 -9999 -9999 -9999 -9999 -9999 -9999 -9999 -9999 -9999 -9999 -9999 -9999 -9999 -9999
7.20182E-1 6.69498E-1 5.20416E-1 4.58308E-1 5.13728E-1 3.42739E-1 4.87639E-1 3.30368E-1 4.21748E-1 3.45685E-1 3.33691E-1 3.37886E-1 3.15526E-1 2.97087E-1 2.92786E-1 3.22251E-1 3.77624E-1 2.94454E-1 2.81282E-1 2.75543E-1 2.91856E-1 3.69498E-1 2.93101E-1 2.80816E-1 -9999 -9999 -9999 -9999 -9999 -9999 -9999 -9999 -9999 -9999 -9999 -9999 -9999 -9999 -9999 -9999 -9999 -9999 -9999 -9999 -9999 -9999 -9999 -9999 -9999 -9999 -9999 -9999 -9999 -9999 -9999 -9999 -9999 -9999 -9999 -9999 -9999
