Artocarpus heterophyllus SDM files/MIS19/results (with bias file)/Arthet_3.asc
ncols         625
nrows         721
xllcorner     69.99986311115
yllcorner     5.99986187915
cellsize      0.041666667
NODATA_value  -9999
[rows 216 to 242 of 721, columns 366 to 426 of 625]
3.37346E-1 3.37696E-1 3.43665E-1 3.37422E-1 3.41921E-1 5.17867E-1 3.43646E-1 3.36578E-1 5.15772E-1 5.1402E-1 3.39795E-1 3.40132E-1 3.41848E-1 3.39961E-1 3.3862E-1 3.35723E-1 3.39581E-1 3.51154E-1 3.43764E-1 4.66311E-1 6.55573E-1 6.57657E-1 6.62142E-1 5.1204E-1 3.48713E-1 3.4644E-1 5.03502E-1 5.12457E-1 5.19719E-1 5.1355E-1 5.03255E-1 5.00971E-1 7.22672E-2 1.21329E-1 5.61579E-1 5.58705E-1 4.9697E-1 6.5186E-1 4.961E-1 5.26578E-1 1.37189E-1 7.68678E-2 7.37422E-2 1.94716E-1 2.14476E-1 5.86145E-1 6.16383E-1 7.02245E-1 5.45925E-1 1.45376E-1 2.18286E-1 2.29392E-1 6.12064E-1 6.60412E-1 6.37293E-1 6.43433E-1 6.39635E-1 6.71907E-1 1.22207E-1 1.00754E-1 1.16582E-1
5.15504E-1 5.15325E-1 3.43139E-1 3.42583E-1 5.21264E-1 5.19741E-1 5.13906E-1 5.11934E-1 5.10562E-1 5.10995E-1 3.34824E-1 3.34501E-1 3.3561E-1 3.32088E-1 3.32515E-1 3.36443E-1 3.37612E-1 3.40315E-1 3.45339E-1 3.37937E-1 4.59063E-1 3.35061E-1 5.21238E-1 6.52566E-1 6.41839E-1 6.46872E-1 4.97654E-1 5.26586E-1 5.09441E-1 5.37814E-1 5.4643E-1 5.05291E-1 8.02137E-2 6.17108E-1 6.2112E-1 5.52963E-1 6.30251E-1 4.96881E-1 4.77277E-1 6.32442E-1 6.47589E-1 8.76568E-2 3.21013E-1 4.5647E-1 6.63347E-1 5.94593E-1 6.21434E-1 6.64834E-1 6.59453E-1 6.07102E-1 6.06808E-1 6.57229E-1 6.31889E-1 6.36413E-1 6.27657E-1 6.80275E-1 2.21791E-1 1.85923E-1 6.62779E-2 1.08423E-1 1.36213E-1
5.13731E-1 5.14362E-1 5.15258E-1 5.15168E-1 5.13794E-1 5.13883E-1 5.13072E-1 5.12712E-1 5.0998E-1 5.09086E-1 5.07637E-1 5.08433E-1 5.0661E-1 5.05872E-1 5.05401E-1 5.12249E-1 3.36731E-1 3.33233E-1 3.39367E-1 3.34848E-1 3.37939E-1 6.47455E-1 5.09072E-1 5.11682E-1 6.38992E-1 5.01689E-1 5.23861E-1 6.73837E-1 6.7124E-1 5.35596E-1 5.17375E-1 5.08854E-1 3.33155E-1 4.94476E-1 8.5642E-2 4.15468E-1 6.0219E-1 4.99435E-1 3.19999E-1 6.30889E-1 5.17081E-1 3.40119E-1 6.6648E-1 6.40347E-1 6.38688E-1 6.20821E-1 6.7295E-1 6.48102E-1 6.44944E-1 6.34472E-1 6.1917E-1 6.08288E-1 6.16803E-1 6.28247E-1 6.19592E-1 6.2594E-1 6.43478E-1 7.19497E-2 7.07274E-2 4.06785E-1 4.26503E-1
5.13139E-1 5.13853E-1 5.14303E-1 5.14397E-1 5.14307E-1 5.14039E-1 5.11754E-1 5.11308E-1 5.09163E-1 5.08427E-1 5.05987E-1 5.05717E-1 5.05089E-1 5.04262E-1 5.03988E-1 5.03529E-1 5.05712E-1 5.05953E-1 5.07169E-1 5.08418E-1 6.54452E-1 6.44293E-1 5.10817E-1 4.98768E-1 5.07735E-1 5.1494E-1 5.03838E-1 5.11428E-1 5.07355E-1 4.99193E-1 5.03627E-1 5.08593E-1 6.15926E-1 5.05803E-1 3.37157E-1 3.35573E-1 6.21378E-1 6.66151E-1 6.34035E-1 6.23182E-1 6.27443E-1 5.83289E-1 6.28474E-1 6.24064E-1 6.27428E-1 5.94563E-1 6.2298E-1 6.64231E-1 6.20983E-1 6.1048E-1 6.54441E-1 5.78643E-1 1.88113E-1 5.78334E-1 1.98808E-1 1.8508E-1 1.89224E-1 1.90797E-1 1.28686E-1 4.21694E-1 4.22436E-1
5.07241E-1 5.0796E-1 5.07877E-1 5.08597E-1 5.13162E-1 5.12542E-1 5.0643E-1 5.06251E-1 5.01945E-1 5.01585E-1 5.00668E-1 4.98701E-1 4.9923E-1 4.9823E-1 4.96804E-1 5.01365E-1 5.01902E-1 5.03116E-1 5.04067E-1 5.00272E-1 6.5032E-1 6.48148E-1 4.96666E-1 5.13201E-1 5.03268E-1 5.02947E-1 5.08138E-1 5.07242E-1 5.07409E-1 6.52541E-1 5.0281E-1 5.06538E-1 6.55903E-1 6.58771E-1 5.11144E-1 5.19527E-1 6.60861E-1 6.38142E-1 6.69379E-1 6.7247E-1 5.26893E-1 3.49913E-1 6.7569E-1 3.57659E-1 3.57798E-1 6.11124E-1 6.82041E-1 6.80266E-1 4.80635E-1 6.72383E-1 1.37402E-1 1.32898E-1 1.38696E-1 1.31314E-1 1.40957E-1 7.07253E-2 8.1701E-2 1.3654E-1 1.49836E-1 4.7831E-1 4.49124E-1
5.00737E-1 5.07365E-1 5.07814E-1 5.08175E-1 5.07725E-1 5.0719E-1 5.0603E-1 5.0438E-1 5.02678E-1 5.01603E-1 5.02493E-1 5.02223E-1 5.00554E-1 4.99929E-1 4.97883E-1 4.96902E-1 4.97969E-1 4.96401E-1 4.97981E-1 4.9554E-1 4.97942E-1 4.9661E-1 4.92959E-1 4.97614E-1 4.96468E-1 5.00992E-1 4.98603E-1 5.0922E-1 5.05947E-1 6.56211E-1 6.47085E-1 6.60661E-1 6.60973E-1 5.80302E-1 6.52592E-1 5.19183E-1 4.73597E-1 5.98532E-1 6.4651E-1 5.96409E-1 6.62435E-1 6.73568E-1 6.06497E-1 6.15741E-1 6.13936E-1 6.00837E-1 6.80974E-1 6.86705E-1 6.83161E-1 6.91005E-1 4.95937E-1 4.31864E-1 4.98288E-1 4.39623E-1 4.77952E-1 4.99237E-1 4.8457E-1 4.63776E-1 4.70486E-1 4.72267E-1 4.61751E-1
5.00587E-1 5.00857E-1 5.01216E-1 5.01665E-1 5.00864E-1 5.05506E-1 5.04797E-1 5.06203E-1 5.04115E-1 5.0286E-1 5.02592E-1 5.0036E-1 4.99699E-1 4.9824E-1 4.93222E-1 4.97527E-1 4.96917E-1 4.97717E-1 4.96981E-1 4.9633E-1 4.9705E-1 4.95721E-1 4.94426E-1 4.92966E-1 4.99151E-1 4.9795E-1 4.97501E-1 5.01753E-1 6.54214E-1 6.44356E-1 6.40978E-1 6.42518E-1 5.14761E-1 6.62363E-1 5.80822E-1 5.77978E-1 5.8631E-1 5.84785E-1 5.8445E-1 5.85748E-1 6.42086E-1 6.79893E-1 6.13388E-1 5.97545E-1 6.02729E-1 6.08469E-1 6.56175E-1 6.64375E-1 6.73288E-1 4.73636E-1 4.86551E-1 4.48631E-1 4.93074E-1 4.98723E-1 4.66787E-1 4.72249E-1 4.76589E-1 4.66992E-1 4.71127E-1 4.69687E-1 4.7559E-1
4.96043E-1 4.96491E-1 4.9685E-1 4.95591E-1 4.9497E-1 5.02035E-1 4.9656E-1 4.9395E-1 4.99015E-1 4.98476E-1 4.97197E-1 4.9621E-1 4.94665E-1 4.93431E-1 4.92334E-1 4.91888E-1 4.92334E-1 4.9133E-1 4.90795E-1 4.90498E-1 4.91987E-1 4.91227E-1 4.89704E-1 4.93239E-1 4.95627E-1 4.97196E-1 6.47329E-1 6.47841E-1 6.49415E-1 6.42384E-1 6.37264E-1 6.67275E-1 6.49649E-1 6.58517E-1 6.30162E-1 6.28896E-1 5.81997E-1 6.42958E-1 5.95521E-1 6.03926E-1 5.94873E-1 5.98203E-1 6.07461E-1 6.06722E-1 6.05608E-1 6.15123E-1 6.13602E-1 6.22154E-1 6.75395E-1 4.40924E-1 4.41776E-1 4.47927E-1 4.46348E-1 4.61974E-1 4.69059E-1 4.73871E-1 4.67676E-1 4.54741E-1 4.55979E-1 4.64705E-1 4.75438E-1
4.97638E-1 4.95426E-1 4.98452E-1 4.98276E-1 4.97741E-1 4.96405E-1 4.96586E-1 4.94422E-1 4.92995E-1 4.97585E-1 4.96781E-1 4.94695E-1 4.94246E-1 4.92571E-1 4.9275E-1 4.91022E-1 4.90285E-1 4.8892E-1 4.89098E-1 4.90533E-1 4.90471E-1 4.91067E-1 4.89437E-1 4.89616E-1 4.90213E-1 4.95833E-1 6.46529E-1 6.47433E-1 6.48382E-1 6.44755E-1 6.39734E-1 6.53997E-1 5.11255E-1 6.5928E-1 6.6015E-1 6.56652E-1 5.98744E-1 6.42512E-1 4.15315E-1 4.16179E-1 5.96378E-1 6.00639E-1 6.09631E-1 6.07232E-1 6.15553E-1 6.1718E-1 6.16572E-1 6.26687E-1 6.31366E-1 6.32831E-1 4.48338E-1 4.51807E-1 4.49723E-1 4.66096E-1 4.74364E-1 4.69691E-1 4.65008E-1 4.59064E-1 4.63594E-1 4.64496E-1 4.69459E-1
4.93548E-1 4.98467E-1 4.98295E-1 4.97764E-1 4.97501E-1 4.9534E-1 4.95607E-1 4.94718E-1 4.92464E-1 4.9127E-1 4.95802E-1 4.94905E-1 4.93177E-1 4.9282E-1 4.86939E-1 4.864E-1 4.84669E-1 4.88863E-1 4.89756E-1 4.89513E-1 4.89067E-1 4.9012E-1 4.90265E-1 4.88722E-1 4.89263E-1 4.88968E-1 4.9477E-1 6.46442E-1 6.46963E-1 6.48542E-1 6.45853E-1 6.45323E-1 6.46595E-1 6.54533E-1 6.57484E-1 6.57175E-1 4.67661E-1 5.99836E-1 6.4834E-1 6.06647E-1 6.01001E-1 6.00467E-1 6.09412E-1 6.09855E-1 6.11163E-1 6.11818E-1 6.22422E-1 6.24212E-1 6.35823E-1 4.38686E-1 4.44596E-1 4.53286E-1 4.56726E-1 4.63083E-1 4.67778E-1 4.68129E-1 4.64418E-1 4.64001E-1 4.67634E-1 4.72276E-1 4.77681E-1
4.93946E-1 4.93129E-1 4.96544E-1 4.96817E-1 4.95754E-1 4.95488E-1 4.95278E-1 4.93471E-1 4.92672E-1 4.8657E-1 4.85732E-1 4.83302E-1 4.88543E-1 4.87534E-1 4.87268E-1 4.85774E-1 4.85774E-1 4.83866E-1 4.84852E-1 4.84637E-1 4.89544E-1 4.89428E-1 4.89857E-1 4.88392E-1 4.88099E-1 4.88908E-1 4.89062E-1 6.4654E-1 6.47648E-1 6.47721E-1 6.47432E-1 6.46044E-1 6.55115E-1 6.27193E-1 6.3311E-1 6.34597E-1 6.36128E-1 5.97254E-1 5.97543E-1 5.96866E-1 6.00938E-1 6.02452E-1 6.11763E-1 6.12891E-1 6.14283E-1 6.15693E-1 6.25198E-1 6.28078E-1 4.40561E-1 4.42672E-1 4.47497E-1 4.49393E-1 4.60526E-1 4.6326E-1 4.65688E-1 4.66359E-1 4.67114E-1 4.67259E-1 4.71589E-1 4.76364E-1 4.79968E-1
4.92435E-1 4.92438E-1 4.92621E-1 4.92174E-1 4.9138E-1 4.95346E-1 4.94158E-1 4.93893E-1 4.87691E-1 4.85586E-1 4.84608E-1 4.83503E-1 4.81785E-1 4.8774E-1 4.86821E-1 4.85057E-1 4.8434E-1 4.85059E-1 4.84389E-1 4.83741E-1 4.8446E-1 4.89367E-1 4.8486E-1 4.84591E-1 4.88175E-1 4.87975E-1 4.88963E-1 4.90313E-1 6.41946E-1 6.42222E-1 6.42775E-1 6.47434E-1 6.50108E-1 6.30075E-1 6.34711E-1 6.33654E-1 6.34698E-1 5.95557E-1 5.95273E-1 5.95468E-1 6.01984E-1 6.03592E-1 6.04632E-1 6.14871E-1 6.16264E-1 6.18144E-1 6.20219E-1 4.3282E-1 4.35917E-1 4.45479E-1 4.50092E-1 4.52015E-1 4.54929E-1 4.56765E-1 4.5861E-1 4.59159E-1 4.68459E-1 4.69961E-1 4.74387E-1 4.71605E-1 4.73641E-1
4.91283E-1 4.90843E-1 4.9102E-1 4.91111E-1 4.90226E-1 4.89872E-1 4.886E-1 4.8798E-1 4.86268E-1 4.85736E-1 4.83806E-1 4.83451E-1 4.82342E-1 4.87292E-1 4.86194E-1 4.84544E-1 4.84724E-1 4.85172E-1 4.8448E-1 4.84392E-1 4.84303E-1 4.83656E-1 4.85054E-1 4.83691E-1 4.84016E-1 4.87729E-1 4.87888E-1 4.89505E-1 4.90314E-1 6.4846E-1 6.42819E-1 6.22487E-1 6.27556E-1 6.28162E-1 6.29887E-1 6.31115E-1 6.36481E-1 5.97704E-1 5.97134E-1 5.97422E-1 6.02926E-1 6.04073E-1 6.06059E-1 6.08043E-1 6.104E-1 6.20419E-1 6.21543E-1 4.34119E-1 4.37409E-1 4.40962E-1 4.43867E-1 4.5333E-1 4.55366E-1 4.5653E-1 4.56863E-1 4.59582E-1 4.63119E-1 4.65567E-1 4.69292E-1 4.72008E-1 4.74395E-1
4.85372E-1 4.85019E-1 4.89156E-1 4.89601E-1 4.89159E-1 4.88715E-1 4.88185E-1 4.86383E-1 4.86118E-1 4.84935E-1 4.84227E-1 4.82826E-1 4.82382E-1 4.80624E-1 4.78553E-1 4.83649E-1 4.84545E-1 4.84725E-1 4.84951E-1 4.84033E-1 4.83143E-1 4.84127E-1 4.85251E-1 4.84246E-1 4.84157E-1 4.88099E-1 4.88357E-1 4.88067E-1 6.39954E-1 6.4208E-1 6.40718E-1 6.41269E-1 6.21905E-1 6.27218E-1 6.28601E-1 6.28553E-1 6.29198E-1 5.90844E-1 5.96381E-1 5.97717E-1 5.96803E-1 5.98331E-1 6.07212E-1 6.09489E-1 6.1186E-1 6.14145E-1 6.22928E-1 4.27728E-1 4.37667E-1 4.41391E-1 4.43045E-1 4.45402E-1 4.54369E-1 4.55546E-1 4.57445E-1 4.60938E-1 4.63646E-1 4.66505E-1 4.68942E-1 4.70982E-1 4.73033E-1
5.74058E-1 4.83329E-1 4.83951E-1 4.83862E-1 4.83416E-1 4.8774E-1 4.86946E-1 4.85406E-1 4.84697E-1 4.84521E-1 4.83513E-1 4.83207E-1 4.81492E-1 4.80044E-1 4.78935E-1 4.84977E-1 4.85288E-1 4.84277E-1 4.83964E-1 4.84146E-1 4.83796E-1 4.83591E-1 4.83907E-1 4.84356E-1 4.8317E-1 4.83939E-1 4.84017E-1 4.88371E-1 4.87814E-1 6.39667E-1 6.39363E-1 6.39523E-1 6.40397E-1 6.20837E-1 6.26836E-1 6.2716E-1 6.27805E-1 5.9061E-1 5.91616E-1 5.98104E-1 5.97097E-1 5.98147E-1 6.00724E-1 6.09214E-1 6.11392E-1 6.14628E-1 6.15962E-1 6.25399E-1 4.31262E-1 4.34082E-1 4.43245E-1 4.45359E-1 4.46617E-1 4.48891E-1 4.56986E-1 4.60529E-1 4.62978E-1 4.6697E-1 4.69163E-1 4.70612E-1 4.71463E-1
5.67302E-1 5.71773E-1 5.71771E-1 5.71863E-1 4.82082E-1 4.81727E-1 4.84692E-1 4.84163E-1 4.84075E-1 4.8381E-1 4.82627E-1 4.81311E-1 4.8069E-1 4.80338E-1 4.78488E-1 4.84886E-1 4.84662E-1 4.84753E-1 4.84619E-1 4.8316E-1 4.837E-1 4.84065E-1 4.82833E-1 4.83191E-1 4.82273E-1 4.8317E-1 4.82575E-1 4.86484E-1 4.86281E-1 6.38327E-1 6.39284E-1 6.38275E-1 6.37973E-1 6.18602E-1 6.19867E-1 6.26105E-1 6.27229E-1 5.89843E-1 5.91191E-1 5.9258E-1 5.94481E-1 5.98231E-1 5.99953E-1 6.02153E-1 6.04258E-1 6.13397E-1 6.15497E-1 6.17786E-1 4.30612E-1 4.32277E-1 4.34837E-1 4.44006E-1 4.45455E-1 4.47719E-1 4.50164E-1 4.52997E-1 4.55133E-1 4.58811E-1 4.61085E-1 4.62986E-1 4.70829E-1
5.65491E-1 5.65204E-1 5.6482E-1 5.6987E-1 5.69486E-1 5.68321E-1 4.79037E-1 4.79037E-1 4.82878E-1 4.83054E-1 4.81073E-1 4.81429E-1 4.79892E-1 4.7954E-1 4.85766E-1 4.85544E-1 4.84264E-1 4.84484E-1 4.84131E-1 4.83637E-1 4.84533E-1 4.83262E-1 4.83039E-1 4.81938E-1 4.82745E-1 4.82543E-1 4.82052E-1 4.81225E-1 4.80851E-1 4.85654E-1 6.37649E-1 6.36857E-1 6.37302E-1 6.17339E-1 6.18507E-1 6.20195E-1 6.21717E-1 5.84479E-1 5.90713E-1 5.92255E-1 5.94567E-1 5.95928E-1 5.99384E-1 6.01776E-1 6.03784E-1 6.05698E-1 6.14164E-1 6.176E-1 4.22953E-1 4.3104E-1 4.32949E-1 4.35279E-1 4.44452E-1 4.46888E-1 4.49159E-1 4.51732E-1 4.54195E-1 4.57774E-1 4.59821E-1 4.61362E-1 4.69891E-1
5.63259E-1 5.6143E-1 5.60897E-1 5.67113E-1 5.66232E-1 5.66134E-1 5.66038E-1 5.66132E-1 5.65463E-1 4.81459E-1 4.80451E-1 4.80983E-1 4.7918E-1 4.78829E-1 4.85409E-1 4.85273E-1 4.8492E-1 4.83731E-1 4.8315E-1 4.83686E-1 4.83906E-1 4.83342E-1 4.82985E-1 4.82416E-1 4.81761E-1 4.82121E-1 4.81379E-1 4.80057E-1 4.7941E-1 4.7977E-1 6.31116E-1 6.36877E-1 6.31457E-1 6.12293E-1 6.17731E-1 6.188E-1 6.20877E-1 5.83222E-1 5.85157E-1 5.91775E-1 5.93413E-1 5.95226E-1 5.96965E-1 6.01012E-1 6.02927E-1 6.04932E-1 6.13118E-1 6.156E-1 6.179E-1 4.23285E-1 4.31957E-1 4.33954E-1 4.35893E-1 4.38909E-1 4.41098E-1 4.4996E-1 4.53179E-1 4.55646E-1 4.57948E-1 4.59716E-1 4.61708E-1
5.55233E-1 5.54468E-1 5.5933E-1 5.59234E-1 5.59849E-1 5.6414E-1 5.6471E-1 5.64327E-1 5.64706E-1 5.63444E-1 4.75817E-1 4.80449E-1 4.7464E-1 4.78032E-1 4.85313E-1 4.85144E-1 4.80622E-1 4.84125E-1 4.83109E-1 4.83328E-1 4.83955E-1 4.83639E-1 4.8227E-1 4.81574E-1 4.81046E-1 4.81317E-1 4.80306E-1 4.79811E-1 4.7907E-1 4.78601E-1 6.29455E-1 6.30726E-1 6.30475E-1 6.31555E-1 6.12783E-1 6.17635E-1 6.20006E-1 5.82739E-1 5.83803E-1 5.86029E-1 5.9245E-1 5.9426E-1 5.95903E-1 5.95598E-1 6.01683E-1 6.04069E-1 6.06873E-1 6.15061E-1 6.15987E-1 6.18093E-1 4.24198E-1 4.32873E-1 4.34808E-1 4.3715E-1 4.39331E-1 4.48949E-1 4.51235E-1 4.54034E-1 4.5599E-1 4.57666E-1 4.6015E-1
5.50219E-1 5.50313E-1 5.56852E-1 5.56927E-1 5.56545E-1 5.56258E-1 5.57162E-1 5.61641E-1 5.61924E-1 5.62971E-1 5.59781E-1 5.64793E-1 4.72119E-1 4.7349E-1 4.82462E-1 4.80752E-1 4.7982E-1 4.79644E-1 4.83327E-1 4.84304E-1 4.82972E-1 4.8253E-1 4.7763E-1 4.81286E-1 4.81486E-1 4.80066E-1 4.7986E-1 4.78647E-1 4.78353E-1 4.77972E-1 6.28674E-1 6.29456E-1 6.29246E-1 6.30573E-1 6.11505E-1 6.17193E-1 6.19133E-1 5.81387E-1 5.82837E-1 5.84868E-1 5.91199E-1 5.93198E-1 5.95323E-1 5.95018E-1 6.00909E-1 6.02918E-1 6.04654E-1 6.52599E-1 6.53619E-1 6.56814E-1 6.58728E-1 4.59412E-1 4.68577E-1 4.71726E-1 4.74004E-1 4.41294E-1 4.42659E-1 4.51743E-1 4.53949E-1 4.55704E-1 4.58439E-1
5.47408E-1 5.47797E-1 5.4799E-1 5.51466E-1 5.51468E-1 5.52532E-1 5.52824E-1 5.5823E-1 5.58907E-1 5.58715E-1 5.57549E-1 5.64407E-1 5.58519E-1 5.56974E-1 5.68023E-1 4.84335E-1 4.83986E-1 4.83815E-1 4.79378E-1 4.83236E-1 4.78503E-1 4.78594E-1 4.77051E-1 4.80928E-1 4.81041E-1 4.76446E-1 4.79764E-1 5.03648E-1 4.73833E-1 4.77163E-1 4.78063E-1 6.28284E-1 6.28462E-1 6.29343E-1 6.1086E-1 6.12623E-1 6.13896E-1 5.75823E-1 5.81773E-1 5.83707E-1 5.85545E-1 5.92328E-1 5.9455E-1 5.96675E-1 5.95694E-1 6.01569E-1 6.41985E-1 6.44201E-1 6.52691E-1 6.55375E-1 6.57206E-1 6.59124E-1 4.66834E-1 4.69275E-1 4.72424E-1 4.39771E-1 4.41585E-1 4.42488E-1 4.51577E-1 4.53658E-1 4.56374E-1
5.46338E-1 5.45759E-1 5.45666E-1 5.45571E-1 5.50499E-1 5.51273E-1 5.52047E-1 5.56974E-1 5.57746E-1 5.58133E-1 5.5745E-1 5.59391E-1 5.57742E-1 5.64545E-1 5.62999E-1 5.70837E-1 4.77389E-1 4.80921E-1 4.76931E-1 4.80468E-1 4.75742E-1 4.79634E-1 4.76011E-1 4.7473E-1 4.76735E-1 4.75638E-1 5.04712E-1 4.99514E-1 4.98616E-1 4.98047E-1 4.98459E-1 6.23482E-1 6.2308E-1 6.28658E-1 6.3042E-1 6.11938E-1 6.13212E-1 5.75436E-1 5.81001E-1 5.83223E-1 5.84867E-1 5.91487E-1 6.31851E-1 6.34176E-1 6.40687E-1 6.39573E-1 6.41308E-1 6.42361E-1 6.70824E-1 6.72918E-1 6.54513E-1 6.77111E-1 4.65523E-1 4.67543E-1 4.70146E-1 4.3766E-1 4.39547E-1 4.41328E-1 4.49784E-1 4.51918E-1 4.538E-1
5.43337E-1 5.44692E-1 5.43921E-1 5.44888E-1 5.49242E-1 5.5069E-1 5.5001E-1 5.52529E-1 5.57165E-1 5.56684E-1 5.58326E-1 5.57643E-1 5.57933E-1 5.57645E-1 5.57066E-1 5.68119E-1 5.6416E-1 5.63677E-1 5.62035E-1 4.80287E-1 4.79091E-1 4.76196E-1 4.74279E-1 4.7373E-1 4.74365E-1 5.01178E-1 5.00236E-1 4.98781E-1 4.98914E-1 4.98893E-1 4.98047E-1 6.50415E-1 6.2824E-1 6.27777E-1 6.29539E-1 6.11154E-1 6.12427E-1 5.74984E-1 5.80554E-1 5.82675E-1 6.22984E-1 6.29073E-1 6.30687E-1 6.32915E-1 6.39434E-1 6.3843E-1 6.59959E-1 6.61291E-1 6.69392E-1 6.71005E-1 6.72626E-1 6.74439E-1 6.84478E-1 4.84006E-1 4.67539E-1 4.70054E-1 4.36922E-1 4.38613E-1 4.47568E-1 4.49321E-1 4.50806E-1
5.44109E-1 5.41984E-1 5.41792E-1 5.41696E-1 5.42953E-1 5.4904E-1 5.48366E-1 5.5156E-1 5.52141E-1 5.56586E-1 5.57455E-1 5.59291E-1 5.57739E-1 5.57159E-1 5.55421E-1 5.6319E-1 5.68023E-1 5.63386E-1 5.62323E-1 5.61745E-1 5.58932E-1 4.75381E-1 4.74831E-1 4.73732E-1 4.99014E-1 4.98359E-1 4.99831E-1 5.0835E-1 4.99057E-1 4.98433E-1 5.05402E-1 6.49533E-1 6.50316E-1 6.27189E-1 6.29391E-1 6.30857E-1 6.12077E-1 6.13641E-1 6.19142E-1 6.20587E-1 6.2679E-1 6.28105E-1 6.29523E-1 6.5159E-1 6.38275E-1 6.60114E-1 6.57843E-1 6.59364E-1 6.68909E-1 6.71088E-1 6.70141E-1 6.71955E-1 6.81356E-1 6.84475E-1 4.65699E-1 4.67342E-1 4.34052E-1 4.35905E-1 4.44764E-1 4.46686E-1 4.47821E-1
5.42949E-1 5.42367E-1 5.41113E-1 5.41984E-1 5.41889E-1 5.47686E-1 5.47301E-1 5.49434E-1 5.51463E-1 5.57068E-1 5.5755E-1 5.57261E-1 5.57842E-1 5.57158E-1 5.56579E-1 5.63769E-1 5.63093E-1 5.6319E-1 5.62902E-1 5.62322E-1 5.6009E-1 5.58834E-1 4.74652E-1 4.73734E-1 4.98457E-1 5.06268E-1 5.056E-1 5.06254E-1 4.97595E-1 4.96748E-1 5.03695E-1 5.05587E-1 6.50317E-1 6.28727E-1 6.29098E-1 6.3027E-1 6.3154E-1 6.37199E-1 6.17875E-1 6.20213E-1 6.20973E-1 6.26978E-1 6.48725E-1 6.50718E-1 6.57143E-1 6.58289E-1 6.56494E-1 6.58876E-1 6.66619E-1 6.68997E-1 6.70318E-1 6.69655E-1 6.787E-1 6.80965E-1 6.84657E-1 4.65158E-1 4.31598E-1 4.33291E-1 4.41459E-1 4.43212E-1 4.43998E-1
5.37744E-1 5.41494E-1 5.41041E-1 5.42108E-1 5.41887E-1 5.42468E-1 5.42953E-1 5.47011E-1 5.50978E-1 5.56583E-1 5.57356E-1 5.57068E-1 5.57937E-1 5.57639E-1 5.56963E-1 5.57158E-1 5.56772E-1 5.62609E-1 5.62707E-1 5.62225E-1 5.59991E-1 5.59316E-1 5.58447E-1 5.57869E-1 4.97807E-1 4.97617E-1 5.05132E-1 5.0588E-1 4.97036E-1 5.0408E-1 5.02943E-1 4.95393E-1 6.54297E-1 6.28875E-1 6.28218E-1 6.28511E-1 6.3027E-1 6.36421E-1 6.17431E-1 6.19238E-1 6.24951E-1 6.45966E-1 6.47179E-1 6.54299E-1 6.56862E-1 6.57039E-1 6.59127E-1 6.6328E-1 6.64994E-1 6.66705E-1 6.67928E-1 6.6812E-1 6.76513E-1 6.78595E-1 6.80861E-1 6.64013E-1 4.70697E-1 4.37413E-1 4.3842E-1 4.39837E-1 4.40273E-1
5.37429E-1 5.37338E-1 5.40528E-1 5.40918E-1 5.41789E-1 5.4237E-1 5.42853E-1 5.47589E-1 5.49528E-1 5.55329E-1 5.56969E-1 5.57163E-1 5.58515E-1 5.57357E-1 5.57252E-1 5.57446E-1 5.56191E-1 5.62995E-1 5.62222E-1 5.6203E-1 5.60679E-1 5.58638E-1 5.58542E-1 5.57771E-1 5.55248E-1 5.53609E-1 5.04759E-1 4.97234E-1 4.96759E-1 5.04744E-1 5.03889E-1 5.02904E-1 5.00467E-1 6.26111E-1 6.26604E-1 6.28268E-1 6.29828E-1 6.35886E-1 6.16943E-1 6.38262E-1 6.44736E-1 6.44905E-1 6.46633E-1 6.54699E-1 6.54563E-1 6.56758E-1 6.57207E-1 6.64763E-1 6.63081E-1 6.65077E-1 6.65152E-1 6.7385E-1 6.74988E-1 6.7622E-1 6.77923E-1 6.61047E-1 6.69505E-1 4.34135E-1 4.35391E-1 4.36644E-1 4.37396E-1
