Artocarpus heterophyllus SDM files/MIS19/results (with bias file)/Arthet_8.asc
ncols         625
nrows         721
xllcorner     69.99986311115
yllcorner     5.99986187915
cellsize      0.041666667
NODATA_value  -9999
[rows 594 to 620 of 721, columns 183 to 243 of 625]
4.75063E-1 3.87789E-1 3.82327E-1 3.46704E-1 3.24616E-1 3.40567E-1 3.61438E-1 4.10594E-1 3.77549E-1 3.63557E-1 4.57904E-1 5.10678E-1 4.23373E-1 5.06734E-1 4.78498E-1 5.48039E-1 7.50286E-1 6.63069E-1 4.57316E-1 3.82943E-1 4.51745E-1 5.43413E-1 5.82759E-1 5.92576E-1 6.04772E-1 5.74535E-1 3.67064E-1 3.91833E-1 3.98596E-1 3.73289E-1 5.80891E-1 5.70188E-1 5.94246E-1 6.4032E-1 6.17214E-1 5.83378E-1 5.92891E-1 7.11466E-1 7.48834E-1 7.42529E-1 7.15349E-1 6.82481E-1 6.65056E-1 5.95509E-1 5.73679E-1 4.89029E-1 4.53585E-1 4.44209E-1 3.6785E-1 4.0675E-1 3.90411E-1 3.78456E-1 3.70021E-1 4.26358E-1 -9999 -9999 -9999 -9999 -9999 -9999 -9999
4.69123E-1 3.91416E-1 3.71414E-1 3.60069E-1 3.50798E-1 3.20073E-1 4.48121E-1 3.87186E-1 3.45761E-1 4.3342E-1 4.69157E-1 5.00026E-1 5.2748E-1 4.91365E-1 4.50906E-1 6.03078E-1 7.11516E-1 6.36271E-1 4.94213E-1 3.94484E-1 4.45515E-1 5.45128E-1 4.99487E-1 6.3943E-1 5.1022E-1 5.74164E-1 3.73823E-1 3.72403E-1 3.66027E-1 4.14156E-1 4.77856E-1 5.97747E-1 5.7165E-1 6.45632E-1 6.30558E-1 6.42712E-1 6.48955E-1 6.76979E-1 6.76759E-1 7.05014E-1 7.13658E-1 6.7678E-1 6.05301E-1 6.03948E-1 5.80951E-1 4.96743E-1 4.5571E-1 3.75518E-1 3.6762E-1 3.98688E-1 3.90223E-1 3.74069E-1 3.62372E-1 4.25181E-1 -9999 -9999 -9999 -9999 -9999 -9999 -9999
4.70265E-1 3.64586E-1 3.58915E-1 3.57386E-1 3.40953E-1 3.09977E-1 4.31681E-1 3.69285E-1 3.47984E-1 3.91972E-1 4.49377E-1 4.76048E-1 4.16894E-1 3.63665E-1 4.26984E-1 4.73372E-1 6.30166E-1 4.32819E-1 4.21348E-1 3.4804E-1 3.45915E-1 4.58403E-1 4.23173E-1 5.40848E-1 5.52658E-1 5.7947E-1 4.72326E-1 4.94333E-1 6.61166E-1 4.1373E-1 4.03098E-1 4.0209E-1 5.04465E-1 6.02459E-1 6.19227E-1 6.50802E-1 6.47226E-1 6.79742E-1 7.39899E-1 7.47572E-1 7.29428E-1 6.83944E-1 6.1348E-1 5.43466E-1 5.05289E-1 4.9705E-1 4.56272E-1 3.82897E-1 3.67259E-1 3.98638E-1 3.82873E-1 3.73216E-1 3.54563E-1 4.1761E-1 -9999 -9999 -9999 -9999 -9999 -9999 -9999
4.73342E-1 3.81103E-1 3.85623E-1 3.67671E-1 3.38057E-1 3.16018E-1 4.17823E-1 3.56701E-1 3.33711E-1 3.87249E-1 4.01435E-1 4.48187E-1 3.91861E-1 3.58057E-1 3.93124E-1 4.38755E-1 4.80815E-1 3.87556E-1 3.67847E-1 3.51396E-1 4.24209E-1 3.41564E-1 3.46362E-1 4.31651E-1 5.07665E-1 3.56914E-1 3.56283E-1 4.60721E-1 6.38833E-1 4.49334E-1 3.94918E-1 4.06832E-1 4.09277E-1 5.29261E-1 5.50486E-1 5.82999E-1 5.92402E-1 5.95414E-1 6.20928E-1 6.22662E-1 6.68124E-1 6.26847E-1 5.55768E-1 5.45876E-1 5.05129E-1 4.96832E-1 3.92802E-1 3.74763E-1 3.60576E-1 3.51673E-1 3.84879E-1 4.46682E-1 3.5728E-1 4.19829E-1 -9999 -9999 -9999 -9999 -9999 -9999 -9999
3.36597E-1 3.58158E-1 3.75565E-1 3.6954E-1 3.43847E-1 2.26389E-1 3.75448E-1 4.22365E-1 3.77745E-1 3.39248E-1 3.43882E-1 3.503E-1 4.15325E-1 4.17015E-1 3.93508E-1 4.62977E-1 4.82876E-1 3.61813E-1 3.3345E-1 3.28051E-1 3.47043E-1 3.44997E-1 3.45232E-1 4.31906E-1 3.42874E-1 3.36705E-1 3.44444E-1 4.74343E-1 4.81854E-1 4.04997E-1 5.24214E-1 5.57082E-1 4.53256E-1 3.96081E-1 4.55904E-1 4.92292E-1 5.15041E-1 6.0217E-1 6.08735E-1 5.26462E-1 6.01607E-1 5.60474E-1 5.37711E-1 5.36344E-1 5.07583E-1 4.90787E-1 3.84803E-1 3.69658E-1 4.09556E-1 4.00401E-1 3.85277E-1 4.50434E-1 3.60551E-1 4.19751E-1 -9999 -9999 -9999 -9999 -9999 -9999 -9999
3.38575E-1 3.42604E-1 3.88031E-1 3.26805E-1 3.20715E-1 3.15604E-1 4.14404E-1 4.16404E-1 3.82752E-1 3.7882E-1 3.80255E-1 3.297E-1 3.40096E-1 3.59552E-1 3.40899E-1 4.27909E-1 4.43039E-1 3.74629E-1 4.02981E-1 3.16261E-1 2.70717E-1 3.22487E-1 3.18806E-1 4.92308E-1 3.33749E-1 3.07331E-1 3.12083E-1 3.88648E-1 4.04236E-1 3.5179E-1 3.69752E-1 5.87775E-1 5.2347E-1 5.56102E-1 5.07611E-1 3.62231E-1 4.21304E-1 4.553E-1 5.74247E-1 6.27821E-1 5.19252E-1 5.52199E-1 5.4524E-1 5.21205E-1 5.00444E-1 4.22761E-1 3.84723E-1 3.77193E-1 3.62046E-1 4.00223E-1 3.84919E-1 4.42846E-1 4.32652E-1 4.22779E-1 -9999 -9999 -9999 -9999 -9999 -9999 -9999
3.47472E-1 3.94374E-1 3.82655E-1 3.39276E-1 3.85921E-1 3.57605E-1 4.49434E-1 4.53738E-1 4.19698E-1 3.10606E-1 2.87464E-1 2.93469E-1 3.33378E-1 3.48679E-1 2.93657E-1 3.67421E-1 3.12338E-1 3.12078E-1 3.16751E-1 2.86407E-1 2.77256E-1 3.13884E-1 3.79492E-1 3.9476E-1 3.10356E-1 3.12058E-1 3.03839E-1 3.11076E-1 3.65865E-1 3.09055E-1 3.20288E-1 5.34436E-1 3.83217E-1 4.6498E-1 5.04109E-1 5.13456E-1 3.67213E-1 4.30425E-1 4.55843E-1 4.87262E-1 5.43099E-1 5.54078E-1 5.29257E-1 5.08306E-1 4.33173E-1 4.23366E-1 3.85278E-1 3.70194E-1 3.61935E-1 3.45518E-1 3.84429E-1 4.41774E-1 4.31996E-1 4.15406E-1 -9999 -9999 -9999 -9999 -9999 -9999 -9999
3.64735E-1 3.49324E-1 3.48076E-1 3.96948E-1 3.78264E-1 4.68962E-1 4.77596E-1 3.14245E-1 3.2738E-1 4.33541E-1 3.74165E-1 3.69362E-1 3.31673E-1 3.34639E-1 3.4082E-1 3.53759E-1 3.07232E-1 3.1111E-1 2.73634E-1 3.271E-1 2.4227E-1 3.14352E-1 2.49568E-1 3.4593E-1 2.78252E-1 3.07279E-1 2.65523E-1 3.2773E-1 3.27433E-1 2.69879E-1 2.73784E-1 4.61364E-1 3.38364E-1 3.42325E-1 4.13811E-1 4.58652E-1 4.71299E-1 4.42364E-1 3.93111E-1 4.17493E-1 5.25611E-1 5.37813E-1 5.29721E-1 4.41164E-1 4.30767E-1 4.22835E-1 3.83732E-1 3.7661E-1 3.62417E-1 3.44612E-1 3.30363E-1 4.41116E-1 4.31609E-1 4.14308E-1 -9999 -9999 -9999 -9999 -9999 -9999 -9999
2.91246E-1 3.65403E-1 3.68796E-1 3.50143E-1 3.48608E-1 3.8114E-1 3.82291E-1 3.72267E-1 2.1645E-1 3.63565E-1 3.66009E-1 3.77231E-1 3.27222E-1 3.24476E-1 3.36668E-1 3.46507E-1 3.50085E-1 2.32087E-1 2.30621E-1 2.01585E-1 2.02901E-1 2.11038E-1 2.15374E-1 2.48083E-1 2.8219E-1 2.81722E-1 2.75798E-1 2.78345E-1 2.78453E-1 2.7995E-1 2.38546E-1 2.82395E-1 2.96148E-1 3.02829E-1 3.06588E-1 3.10389E-1 3.73751E-1 3.82254E-1 4.02072E-1 4.75933E-1 5.29546E-1 5.38033E-1 4.58421E-1 4.45691E-1 4.29962E-1 3.92065E-1 3.84141E-1 3.69819E-1 3.55231E-1 3.44035E-1 3.98118E-1 4.4073E-1 4.23909E-1 4.13479E-1 -9999 -9999 -9999 -9999 -9999 -9999 -9999
2.8499E-1 2.146E-1 2.10373E-1 2.09296E-1 3.44015E-1 3.52532E-1 4.00272E-1 2.23812E-1 4.09073E-1 4.18606E-1 3.60042E-1 3.2417E-1 3.69713E-1 3.77772E-1 3.88865E-1 2.5926E-1 3.03641E-1 2.67467E-1 2.26112E-1 1.99534E-1 2.01821E-1 2.05027E-1 2.09E-1 2.30738E-1 2.37568E-1 2.35562E-1 2.36157E-1 2.37565E-1 2.40243E-1 2.35227E-1 2.39711E-1 2.48363E-1 2.91631E-1 3.02083E-1 3.0418E-1 3.10282E-1 3.24335E-1 3.87221E-1 3.39662E-1 3.54747E-1 4.54481E-1 4.62648E-1 4.59036E-1 4.46067E-1 4.29812E-1 3.91083E-1 3.76388E-1 3.62551E-1 3.51053E-1 3.3696E-1 3.97269E-1 4.31826E-1 4.22238E-1 4.06053E-1 -9999 -9999 -9999 -9999 -9999 -9999 -9999
4.88867E-1 4.88337E-1 4.85378E-1 3.79391E-1 2.33585E-1 2.28669E-1 3.75888E-1 4.41258E-1 4.37173E-1 4.60147E-1 3.67612E-1 3.48469E-1 4.26527E-1 4.40182E-1 3.28963E-1 2.90051E-1 3.01588E-1 2.71637E-1 2.3212E-1 2.40491E-1 2.32116E-1 2.06169E-1 2.00828E-1 2.32218E-1 2.37183E-1 2.42512E-1 2.41559E-1 2.42981E-1 2.44826E-1 2.41217E-1 2.45459E-1 2.47842E-1 2.94147E-1 3.01586E-1 3.03845E-1 3.13335E-1 3.15748E-1 3.27119E-1 3.3982E-1 3.52767E-1 3.98286E-1 4.58649E-1 4.59236E-1 4.45704E-1 4.30423E-1 3.91589E-1 3.74161E-1 3.65475E-1 3.50904E-1 3.363E-1 4.48485E-1 4.31716E-1 4.21578E-1 4.04359E-1 -9999 -9999 -9999 -9999 -9999 -9999 -9999
3.24693E-1 3.80874E-1 3.86057E-1 3.76535E-1 3.68274E-1 2.26679E-1 3.54883E-1 4.56889E-1 4.3981E-1 4.60517E-1 3.74718E-1 3.55874E-1 4.57999E-1 3.51476E-1 3.29795E-1 3.35087E-1 3.46837E-1 2.67235E-1 2.62077E-1 2.28388E-1 2.31859E-1 2.0926E-1 2.1012E-1 2.36413E-1 2.39079E-1 2.50583E-1 2.47877E-1 2.47478E-1 2.45222E-1 2.4623E-1 2.41206E-1 2.55389E-1 2.58205E-1 2.96836E-1 3.02923E-1 3.06653E-1 3.11905E-1 3.2076E-1 3.317E-1 3.44592E-1 3.91996E-1 4.03022E-1 4.03966E-1 4.43655E-1 4.27919E-1 4.18986E-1 3.80825E-1 3.6515E-1 3.50235E-1 4.05125E-1 3.21275E-1 4.30197E-1 4.13721E-1 4.03451E-1 -9999 -9999 -9999 -9999 -9999 -9999 -9999
3.31774E-1 3.74389E-1 3.85143E-1 3.89984E-1 3.73563E-1 3.58175E-1 3.40054E-1 3.4622E-1 4.44151E-1 4.74408E-1 3.97498E-1 3.59621E-1 3.60763E-1 3.73094E-1 3.79784E-1 3.6737E-1 3.73103E-1 2.94943E-1 2.60922E-1 2.66607E-1 2.4143E-1 2.4586E-1 2.79717E-1 2.42949E-1 2.46228E-1 2.94123E-1 2.50256E-1 2.53537E-1 2.90924E-1 2.42654E-1 2.44224E-1 2.56962E-1 2.96664E-1 2.93937E-1 2.94162E-1 4.30068E-1 3.78357E-1 3.70926E-1 3.90443E-1 4.00745E-1 4.56532E-1 4.07716E-1 4.0334E-1 4.42997E-1 4.27367E-1 3.88459E-1 3.73649E-1 3.64899E-1 3.49634E-1 4.04785E-1 3.87576E-1 4.29652E-1 4.12002E-1 4.0271E-1 -9999 -9999 -9999 -9999 -9999 -9999 -9999
3.42773E-1 3.90392E-1 3.87818E-1 3.74648E-1 3.75693E-1 3.72786E-1 3.73403E-1 3.61837E-1 4.40816E-1 4.90323E-1 3.90249E-1 4.03044E-1 4.00986E-1 3.86859E-1 3.91896E-1 3.86826E-1 3.96545E-1 3.44742E-1 3.28804E-1 2.60272E-1 2.68794E-1 2.72264E-1 2.76329E-1 2.41895E-1 2.42367E-1 2.93687E-1 2.47651E-1 2.93972E-1 2.85685E-1 2.48513E-1 3.0622E-1 2.98087E-1 3.49903E-1 3.34574E-1 3.57171E-1 4.15137E-1 3.71819E-1 3.74342E-1 3.81317E-1 3.54833E-1 3.95863E-1 4.0724E-1 4.00203E-1 3.88362E-1 3.73707E-1 3.85324E-1 3.77335E-1 3.61854E-1 3.46276E-1 4.00871E-1 3.91553E-1 4.25886E-1 4.19134E-1 4.01382E-1 -9999 -9999 -9999 -9999 -9999 -9999 -9999
3.45228E-1 3.38949E-1 3.78447E-1 3.7723E-1 3.87505E-1 3.86213E-1 3.73308E-1 3.74996E-1 4.79334E-1 4.81276E-1 4.00978E-1 3.96431E-1 4.0016E-1 3.99118E-1 4.00308E-1 4.26718E-1 4.03688E-1 3.89545E-1 3.72585E-1 3.11305E-1 3.1371E-1 3.14144E-1 2.81194E-1 2.82269E-1 2.89198E-1 2.98966E-1 2.8928E-1 2.87734E-1 2.86367E-1 2.88881E-1 3.12245E-1 3.44306E-1 3.93349E-1 3.85824E-1 4.08558E-1 3.44237E-1 3.65782E-1 3.66347E-1 3.37304E-1 3.48057E-1 3.95386E-1 4.08297E-1 3.95969E-1 3.8073E-1 3.73017E-1 3.85604E-1 3.76665E-1 3.64598E-1 4.20681E-1 4.03694E-1 3.87078E-1 4.28236E-1 4.18688E-1 4.00146E-1 -9999 -9999 -9999 -9999 -9999 -9999 -9999
3.40727E-1 3.54531E-1 3.58246E-1 4.10527E-1 3.81204E-1 3.78541E-1 3.50401E-1 3.886E-1 4.70762E-1 4.744E-1 3.98273E-1 4.12571E-1 3.66546E-1 4.20678E-1 4.10961E-1 3.8164E-1 3.20053E-1 3.25858E-1 3.63337E-1 3.52585E-1 3.08713E-1 3.31799E-1 3.22751E-1 2.90842E-1 2.87456E-1 3.55368E-1 4.02164E-1 3.40877E-1 4.02563E-1 4.10406E-1 4.11592E-1 5.60559E-1 5.3144E-1 5.4095E-1 3.99476E-1 3.48081E-1 3.6052E-1 3.25205E-1 3.35357E-1 3.57411E-1 3.59659E-1 4.15138E-1 4.55504E-1 4.36129E-1 3.73019E-1 4.15132E-1 3.76259E-1 3.61543E-1 4.17243E-1 3.99548E-1 3.89925E-1 3.77131E-1 4.10112E-1 3.95278E-1 -9999 -9999 -9999 -9999 -9999 -9999 -9999
3.49056E-1 3.65791E-1 3.78309E-1 4.09556E-1 3.85159E-1 3.87854E-1 4.23985E-1 3.81162E-1 3.81555E-1 4.9774E-1 5.21866E-1 5.47314E-1 3.62428E-1 3.80646E-1 3.97878E-1 4.0108E-1 3.21437E-1 3.63173E-1 3.59734E-1 3.71997E-1 3.61799E-1 3.7798E-1 3.29922E-1 2.91693E-1 3.55731E-1 4.1567E-1 4.28707E-1 4.34924E-1 4.32957E-1 4.5224E-1 5.62593E-1 5.55736E-1 3.74824E-1 4.25432E-1 4.9934E-1 3.5428E-1 3.11941E-1 3.27445E-1 3.30913E-1 3.58009E-1 3.95778E-1 4.08705E-1 4.0776E-1 3.84903E-1 3.69917E-1 3.61815E-1 3.76289E-1 3.60762E-1 4.16106E-1 3.99205E-1 3.89147E-1 3.72618E-1 4.12934E-1 3.93913E-1 -9999 -9999 -9999 -9999 -9999 -9999 -9999
3.6666E-1 3.76396E-1 4.20432E-1 4.04708E-1 3.81059E-1 3.57867E-1 4.2479E-1 4.08329E-1 3.77513E-1 5.05246E-1 5.30799E-1 3.73331E-1 3.81374E-1 3.92813E-1 4.08421E-1 3.52404E-1 3.67604E-1 3.72328E-1 3.84151E-1 3.7762E-1 3.93163E-1 3.6432E-1 3.30659E-1 4.0214E-1 3.91981E-1 4.33668E-1 4.11243E-1 3.95883E-1 3.58327E-1 3.67504E-1 4.54552E-1 5.88452E-1 3.72269E-1 3.08289E-1 3.22771E-1 3.02252E-1 3.14812E-1 3.23716E-1 3.38993E-1 3.54379E-1 4.0721E-1 4.06565E-1 4.08096E-1 3.88883E-1 3.70275E-1 3.618E-1 3.33192E-1 3.64225E-1 3.48463E-1 3.9435E-1 3.87852E-1 3.71581E-1 4.12255E-1 3.88558E-1 -9999 -9999 -9999 -9999 -9999 -9999 -9999
3.70271E-1 4.04094E-1 4.07311E-1 3.91434E-1 3.93429E-1 4.10645E-1 3.98955E-1 3.93269E-1 3.96337E-1 4.07611E-1 5.41846E-1 3.91914E-1 3.7467E-1 3.61948E-1 4.59115E-1 4.02966E-1 4.40928E-1 4.36569E-1 4.05934E-1 4.0719E-1 4.01245E-1 4.00307E-1 3.9375E-1 4.84726E-1 4.89492E-1 5.66747E-1 4.39419E-1 4.57274E-1 4.24347E-1 3.13787E-1 3.875E-1 5.29883E-1 5.24297E-1 4.12642E-1 3.64038E-1 3.24595E-1 3.2521E-1 3.27814E-1 3.31823E-1 3.52524E-1 4.11863E-1 4.16718E-1 3.97138E-1 3.89362E-1 3.74069E-1 3.58682E-1 3.26629E-1 4.29502E-1 4.19221E-1 4.01265E-1 3.84223E-1 3.67039E-1 4.10344E-1 3.87088E-1 -9999 -9999 -9999 -9999 -9999 -9999 -9999
3.67255E-1 3.72352E-1 3.64411E-1 3.50264E-1 4.31673E-1 3.99757E-1 4.0717E-1 3.80146E-1 3.93506E-1 4.17878E-1 3.75015E-1 3.81609E-1 4.03881E-1 3.83073E-1 5.076E-1 4.11102E-1 4.54313E-1 4.274E-1 4.25516E-1 4.09177E-1 3.92671E-1 4.08221E-1 4.47021E-1 4.86962E-1 5.49197E-1 4.47405E-1 5.88327E-1 4.68025E-1 3.74175E-1 3.58938E-1 3.71607E-1 3.72036E-1 4.0363E-1 3.94827E-1 2.79505E-1 3.13557E-1 3.32918E-1 3.42299E-1 3.4278E-1 3.58791E-1 4.04785E-1 4.12781E-1 3.96639E-1 3.78462E-1 3.74065E-1 3.58385E-1 3.23404E-1 4.25249E-1 4.15489E-1 3.9312E-1 3.75352E-1 4.1504E-1 3.96408E-1 3.82044E-1 -9999 -9999 -9999 -9999 -9999 -9999 -9999
4.6139E-1 4.40068E-1 4.90984E-1 4.18525E-1 4.62227E-1 4.52984E-1 4.13924E-1 3.92663E-1 3.9567E-1 4.08446E-1 3.78143E-1 3.90627E-1 4.27074E-1 4.98645E-1 4.55128E-1 4.29329E-1 4.59271E-1 4.27935E-1 5.13784E-1 4.3804E-1 4.15993E-1 4.05902E-1 4.62131E-1 4.1082E-1 4.64303E-1 4.26822E-1 4.77935E-1 5.26144E-1 4.68973E-1 4.56081E-1 4.3531E-1 3.17959E-1 3.17766E-1 3.20275E-1 3.80493E-1 3.19454E-1 3.25401E-1 3.39751E-1 3.42806E-1 3.55823E-1 4.1534E-1 4.17553E-1 4.01922E-1 3.78649E-1 3.70505E-1 3.58231E-1 3.90804E-1 4.24008E-1 4.06032E-1 3.89303E-1 4.29804E-1 4.19352E-1 4.00515E-1 3.81605E-1 -9999 -9999 -9999 -9999 -9999 -9999 -9999
6.37026E-1 3.75754E-1 4.72892E-1 3.78856E-1 4.13744E-1 4.53304E-1 4.29675E-1 3.90349E-1 4.17687E-1 4.11969E-1 4.28366E-1 3.88403E-1 4.79846E-1 5.30321E-1 4.13143E-1 4.15251E-1 6.11082E-1 4.19829E-1 4.88628E-1 4.48684E-1 4.45853E-1 4.36465E-1 4.82342E-1 4.26996E-1 3.95601E-1 3.98996E-1 4.07413E-1 4.18109E-1 5.557E-1 6.34954E-1 5.98649E-1 4.58006E-1 5.32865E-1 3.83974E-1 3.78434E-1 3.20785E-1 2.8185E-1 3.37184E-1 3.43042E-1 3.0909E-1 4.02779E-1 4.11025E-1 3.99867E-1 3.79758E-1 3.70643E-1 3.55785E-1 3.20727E-1 4.29492E-1 4.11656E-1 3.94132E-1 4.30664E-1 4.1955E-1 4.00268E-1 3.80535E-1 -9999 -9999 -9999 -9999 -9999 -9999 -9999
6.4434E-1 5.93144E-1 6.21273E-1 5.48748E-1 4.09572E-1 4.53955E-1 4.31499E-1 3.96594E-1 3.73423E-1 4.22653E-1 4.12778E-1 4.82703E-1 4.65254E-1 5.73316E-1 4.34747E-1 4.02557E-1 4.26165E-1 4.32412E-1 4.73236E-1 4.57241E-1 5.44208E-1 4.50111E-1 4.82089E-1 4.30027E-1 3.71638E-1 3.91774E-1 4.05833E-1 3.47176E-1 3.49894E-1 4.2292E-1 5.5017E-1 4.00985E-1 3.32333E-1 2.82791E-1 3.42489E-1 3.35201E-1 3.31127E-1 3.43667E-1 3.59967E-1 3.51431E-1 3.51973E-1 4.15442E-1 3.997E-1 3.83859E-1 3.71211E-1 4.24781E-1 3.88249E-1 3.49935E-1 4.10954E-1 3.93792E-1 4.35325E-1 4.1659E-1 4.05529E-1 3.78246E-1 3.6903E-1 -9999 -9999 -9999 -9999 -9999 -9999
7.42465E-1 5.61993E-1 5.77856E-1 5.40266E-1 4.29965E-1 4.62616E-1 4.098E-1 3.66567E-1 4.60864E-1 4.56861E-1 4.5307E-1 4.68962E-1 4.84996E-1 6.8407E-1 5.69782E-1 4.7014E-1 4.7311E-1 4.51745E-1 4.48265E-1 4.43732E-1 4.40176E-1 5.51223E-1 5.12977E-1 4.51342E-1 4.46104E-1 4.64519E-1 4.22122E-1 3.94961E-1 3.27661E-1 3.24449E-1 3.6887E-1 4.26686E-1 3.49361E-1 3.87314E-1 3.25265E-1 3.2481E-1 2.8895E-1 2.93864E-1 3.55956E-1 3.15814E-1 3.51999E-1 3.65166E-1 3.51045E-1 3.76403E-1 3.67993E-1 3.5219E-1 4.35771E-1 4.1817E-1 3.31016E-1 3.89862E-1 4.26712E-1 4.0857E-1 3.97842E-1 3.77909E-1 3.76835E-1 -9999 -9999 -9999 -9999 -9999 -9999
6.27547E-1 5.14947E-1 5.23703E-1 5.30461E-1 4.53756E-1 4.1223E-1 3.72462E-1 4.36924E-1 5.6708E-1 5.53529E-1 4.95992E-1 4.2291E-1 3.99393E-1 5.77319E-1 4.74216E-1 4.13676E-1 4.78454E-1 5.13488E-1 6.10659E-1 6.78823E-1 4.364E-1 4.53882E-1 5.61089E-1 6.7868E-1 4.67481E-1 3.96302E-1 3.97145E-1 3.47204E-1 4.11334E-1 4.01727E-1 2.68841E-1 3.37649E-1 3.05689E-1 3.30017E-1 3.27169E-1 2.90701E-1 2.81198E-1 2.919E-1 3.1241E-1 3.4678E-1 3.43313E-1 3.58879E-1 -9999 -9999 -9999 -9999 -9999 -9999 3.99515E-1 3.82557E-1 4.22758E-1 4.07999E-1 3.98356E-1 3.87064E-1 -9999 -9999 -9999 -9999 -9999 -9999 -9999
8.03749E-1 6.20968E-1 4.93253E-1 4.62824E-1 4.43315E-1 5.06599E-1 3.69852E-1 5.42742E-1 7.2571E-1 6.32275E-1 4.68217E-1 4.69858E-1 3.91215E-1 4.33154E-1 4.00984E-1 4.10885E-1 4.61812E-1 4.13835E-1 4.7045E-1 6.07766E-1 4.73355E-1 4.25339E-1 4.29794E-1 5.15676E-1 5.45449E-1 4.12244E-1 3.81717E-1 2.7448E-1 3.33709E-1 4.89978E-1 2.79836E-1 2.41111E-1 2.96618E-1 3.34497E-1 2.79396E-1 2.75074E-1 2.78995E-1 2.84068E-1 2.93034E-1 3.68962E-1 -9999 -9999 -9999 -9999 -9999 -9999 -9999 -9999 -9999 -9999 -9999 -9999 -9999 -9999 -9999 -9999 -9999 -9999 -9999 -9999 -9999
5.3743E-1 5.31861E-1 5.14546E-1 4.84816E-1 4.48626E-1 3.99302E-1 3.76412E-1 4.94666E-1 7.2319E-1 5.60959E-1 5.2767E-1 4.60905E-1 5.11001E-1 4.55401E-1 4.28335E-1 4.42893E-1 4.12993E-1 3.74066E-1 3.95115E-1 4.7633E-1 4.41928E-1 3.73119E-1 3.81263E-1 3.90279E-1 4.6207E-1 5.35399E-1 5.21663E-1 3.20767E-1 2.70968E-1 2.76118E-1 2.80689E-1 2.35404E-1 2.49835E-1 2.78426E-1 2.79999E-1 2.79069E-1 2.86658E-1 2.91675E-1 2.89189E-1 3.61893E-1 -9999 -9999 -9999 -9999 -9999 -9999 -9999 -9999 -9999 -9999 -9999 -9999 -9999 -9999 -9999 -9999 -9999 -9999 -9999 -9999 -9999
