Artocarpus heterophyllus SDM files/MIS19/results (with bias file)/Arthet_9.asc
ncols         625
nrows         721
xllcorner     69.99986311115
yllcorner     5.99986187915
cellsize      0.041666667
NODATA_value  -9999
[rows 135 to 161 of 721, columns 305 to 365 of 625]
2.80455E-2 3.04913E-2 2.66835E-2 1.32309E-2 2.02865E-2 3.18801E-2 2.08962E-2 2.08859E-2 1.84294E-2 1.82007E-2 1.24413E-2 1.22363E-2 1.05591E-2 1.07478E-2 1.12413E-2 1.13587E-2 1.17233E-2 1.27553E-2 1.28553E-2 1.2488E-2 1.21536E-2 1.58851E-2 1.00612E-2 1.0515E-2 1.52064E-2 1.01032E-2 1.38049E-2 9.07033E-3 9.41394E-3 8.575E-3 8.43186E-3 7.96512E-3 8.33116E-3 9.31423E-3 9.37736E-3 8.58152E-3 8.45914E-3 9.59666E-3 9.15542E-3 8.69061E-3 8.23694E-3 1.01595E-2 1.53735E-2 1.45089E-2 1.33688E-2 8.45245E-3 8.62102E-3 9.66892E-3 1.42931E-2 1.4132E-2 9.53924E-3 9.27647E-3 9.06513E-3 1.00282E-2 1.03714E-2 9.80051E-3 1.00027E-2 9.90602E-3 1.75732E-2 1.07678E-2 1.05985E-2
2.12941E-2 2.09303E-2 2.10376E-2 1.34639E-2 1.35348E-2 1.96009E-2 2.82235E-2 3.29413E-2 2.98022E-2 3.06328E-2 2.49713E-2 1.85555E-2 1.15985E-2 1.04135E-2 9.83741E-3 1.03005E-2 1.05883E-2 1.11654E-2 1.11654E-2 1.28945E-2 1.86177E-2 1.77438E-2 1.70161E-2 1.61954E-2 1.13805E-2 1.49185E-2 9.68407E-3 9.43257E-3 1.38145E-2 9.38879E-3 8.85027E-3 8.18107E-3 8.16354E-3 9.23154E-3 8.62021E-3 8.78355E-3 8.39231E-3 8.47382E-3 9.82764E-3 9.62168E-3 8.33019E-3 8.96522E-3 1.10304E-2 1.4887E-2 1.4118E-2 9.31809E-3 8.64297E-3 8.64589E-3 9.83091E-3 1.53398E-2 1.47755E-2 1.42075E-2 9.66235E-3 9.68281E-3 9.42182E-3 9.78786E-3 9.58317E-3 9.69577E-3 1.10874E-2 1.09548E-2 1.12242E-2
2.10777E-2 1.99668E-2 2.21551E-2 1.972E-2 1.94982E-2 1.32893E-2 2.05327E-2 2.1708E-2 2.33889E-2 3.07317E-2 1.94492E-2 1.79603E-2 1.14419E-2 1.82867E-2 1.09263E-2 1.01544E-2 1.0578E-2 1.03219E-2 1.08393E-2 1.14158E-2 1.18993E-2 1.28092E-2 1.79516E-2 1.16566E-2 1.17654E-2 1.56965E-2 1.4186E-2 1.00347E-2 9.56132E-3 9.36501E-3 9.83087E-3 9.01191E-3 8.40653E-3 9.21514E-3 8.86381E-3 8.61213E-3 8.30259E-3 8.41022E-3 8.20475E-3 9.91688E-3 9.0436E-3 8.39066E-3 9.14925E-3 1.52643E-2 1.53696E-2 1.42253E-2 1.38261E-2 9.57385E-3 8.6218E-3 1.03201E-2 1.54847E-2 1.49562E-2 1.04245E-2 1.42019E-2 9.44304E-3 9.29134E-3 9.70393E-3 9.52887E-3 1.05062E-2 1.75081E-2 1.70179E-2
2.75031E-2 1.96932E-2 1.93558E-2 2.22686E-2 3.30701E-2 1.35233E-2 2.12535E-2 2.14041E-2 1.97847E-2 2.80328E-2 2.56391E-2 2.81003E-2 1.28481E-2 2.07158E-2 2.01951E-2 1.09959E-2 1.03638E-2 1.12084E-2 1.07278E-2 1.05428E-2 1.0071E-2 1.11967E-2 1.20454E-2 1.78046E-2 1.71392E-2 1.6588E-2 1.09935E-2 1.48808E-2 1.46528E-2 9.92181E-3 1.02486E-2 9.48285E-3 9.61209E-3 9.47863E-3 9.15555E-3 8.71802E-3 8.58616E-3 8.87856E-3 8.47533E-3 8.81768E-3 9.90985E-3 8.7213E-3 8.2794E-3 9.558E-3 1.59003E-2 1.57006E-2 1.56788E-2 1.47846E-2 9.02599E-3 8.84458E-3 1.57514E-2 1.5639E-2 1.53038E-2 1.4406E-2 1.3895E-2 9.08242E-3 9.48261E-3 9.80051E-3 9.87248E-3 1.13494E-2 1.60475E-2
4.23778E-2 3.26053E-2 3.1319E-2 2.37798E-2 2.10127E-2 1.96076E-2 2.02168E-2 2.10247E-2 2.14685E-2 3.04681E-2 2.13873E-2 3.10166E-2 2.937E-2 1.29554E-2 1.35762E-2 2.19678E-2 1.20421E-2 1.15519E-2 1.89361E-2 1.1432E-2 9.57954E-3 9.96916E-3 1.08164E-2 1.24837E-2 1.7797E-2 1.73735E-2 1.16603E-2 1.17298E-2 1.08262E-2 1.05066E-2 1.00419E-2 1.03268E-2 9.85462E-3 9.7284E-3 9.62596E-3 8.3307E-3 8.68081E-3 8.82082E-3 9.29991E-3 8.71664E-3 9.38927E-3 8.90141E-3 8.4835E-3 8.56335E-3 1.08933E-2 1.13635E-2 1.10573E-2 1.55507E-2 9.42143E-3 8.83427E-3 9.88677E-3 1.64066E-2 1.58617E-2 1.53953E-2 1.42222E-2 1.46345E-2 9.86817E-3 9.86537E-3 9.99901E-3 1.10291E-2 1.64447E-2
2.18757E-2 2.31568E-2 3.2523E-2 2.09619E-2 1.97802E-2 1.99963E-2 2.05874E-2 1.37196E-2 2.00332E-2 2.04419E-2 2.15827E-2 1.99117E-2 1.33885E-2 1.28932E-2 2.29923E-2 2.93567E-2 1.9634E-2 1.23807E-2 2.07564E-2 1.87914E-2 1.08136E-2 1.09598E-2 1.00304E-2 1.14296E-2 1.14296E-2 1.12445E-2 1.20454E-2 1.69707E-2 1.14576E-2 1.03822E-2 1.07444E-2 1.04209E-2 1.00478E-2 1.00419E-2 9.64109E-3 8.96403E-3 8.86324E-3 9.27986E-3 9.84677E-3 9.1869E-3 8.41192E-3 9.13824E-3 8.82492E-3 8.49388E-3 1.05572E-2 1.12926E-2 1.57737E-2 1.54215E-2 9.8645E-3 8.94425E-3 8.9803E-3 1.07267E-2 1.51998E-2 1.50464E-2 1.45405E-2 1.38218E-2 9.69852E-3 9.83536E-3 9.77236E-3 1.02253E-2 1.59459E-2
3.23106E-2 2.99448E-2 2.33863E-2 2.35822E-2 2.23664E-2 2.13928E-2 2.85488E-2 2.39723E-2 3.3903E-2 1.29837E-2 1.24541E-2 1.28145E-2 1.33067E-2 1.33765E-2 2.01999E-2 2.75263E-2 2.19715E-2 1.36847E-2 1.33478E-2 1.25878E-2 1.08266E-2 1.01426E-2 9.53107E-3 9.47284E-3 9.76805E-3 1.0113E-2 1.08621E-2 1.19509E-2 1.20191E-2 1.16496E-2 1.05914E-2 1.08519E-2 1.10744E-2 1.03343E-2 9.72171E-3 9.6998E-3 8.76743E-3 9.59322E-3 1.44671E-2 9.48221E-3 8.99541E-3 8.76737E-3 9.84172E-3 8.80185E-3 9.19627E-3 1.15757E-2 1.06755E-2 1.50668E-2 1.38977E-2 9.00021E-3 8.9887E-3 1.01107E-2 1.54406E-2 9.43989E-3 1.02684E-2 1.58286E-2 1.53694E-2 1.53038E-2 1.55815E-2 1.4467E-2 1.52893E-2
3.39768E-2 2.16187E-2 2.15096E-2 2.77328E-2 3.22272E-2 2.24384E-2 2.13102E-2 2.08249E-2 3.28592E-2 3.46523E-2 2.15951E-2 1.34746E-2 1.39068E-2 1.35708E-2 1.30004E-2 1.28031E-2 1.33765E-2 2.37301E-2 2.09011E-2 1.26608E-2 1.31278E-2 1.17109E-2 1.05835E-2 1.01515E-2 9.5407E-3 9.40533E-3 9.57013E-3 1.00311E-2 1.04601E-2 1.11654E-2 1.20662E-2 1.09642E-2 1.16213E-2 1.11042E-2 1.02566E-2 9.89189E-3 9.05606E-3 9.91857E-3 1.02412E-2 9.66855E-3 9.63403E-3 9.12983E-3 8.94246E-3 8.70363E-3 8.78428E-3 1.11456E-2 1.02724E-2 1.46721E-2 1.40488E-2 9.08604E-3 9.0053E-3 9.99465E-3 1.52749E-2 9.58174E-3 9.38567E-3 1.44457E-2 1.59544E-2 1.61822E-2 1.67315E-2 1.66753E-2 1.7109E-2
5.21736E-2 5.30768E-2 4.2742E-2 2.96807E-2 3.62827E-2 2.4658E-2 2.05398E-2 1.99107E-2 2.91731E-2 3.44729E-2 2.32874E-2 2.07838E-2 1.35708E-2 1.35294E-2 1.37257E-2 1.2949E-2 1.25587E-2 2.00164E-2 2.16662E-2 2.10902E-2 1.85796E-2 1.79004E-2 1.17952E-2 1.14997E-2 1.12049E-2 1.00915E-2 9.30955E-3 9.45343E-3 9.41468E-3 9.8382E-3 1.09183E-2 1.18525E-2 1.14611E-2 1.15722E-2 1.14229E-2 1.05199E-2 9.60376E-3 9.60426E-3 1.00995E-2 9.83658E-3 9.17005E-3 9.20238E-3 8.97994E-3 8.68566E-3 9.4593E-3 1.05672E-2 1.04404E-2 1.39047E-2 1.41093E-2 9.10409E-3 9.38364E-3 1.51831E-2 1.47959E-2 9.489E-3 9.40029E-3 9.76057E-3 9.99674E-3 9.61395E-3 1.02942E-2 1.72638E-2 1.86155E-2
3.86527E-2 3.06831E-2 2.11409E-2 3.4161E-2 3.4582E-2 2.15096E-2 2.45328E-2 2.15299E-2 1.93775E-2 2.07255E-2 2.00402E-2 2.42896E-2 2.42117E-2 1.36421E-2 1.30685E-2 1.26358E-2 1.2482E-2 1.24058E-2 1.26745E-2 2.21273E-2 2.28673E-2 2.00343E-2 1.85361E-2 1.20626E-2 1.15141E-2 1.06676E-2 1.05801E-2 1.01632E-2 9.28104E-3 9.38584E-3 1.00517E-2 1.06436E-2 1.13358E-2 1.11948E-2 1.12049E-2 1.15412E-2 1.1058E-2 9.97857E-3 9.47837E-3 9.81427E-3 9.51564E-3 8.87248E-3 9.19445E-3 9.032E-3 9.27704E-3 1.03311E-2 1.47505E-2 1.48396E-2 1.46166E-2 1.41733E-2 9.54583E-3 1.53016E-2 1.48045E-2 1.38305E-2 1.40737E-2 9.93978E-3 1.51078E-2 1.42549E-2 1.01116E-2 9.98125E-3 1.81987E-2
3.17518E-2 3.12199E-2 3.50558E-2 3.2086E-2 3.05376E-2 3.31037E-2 2.22567E-2 3.39318E-2 2.35678E-2 2.00572E-2 2.03299E-2 1.35573E-2 1.34628E-2 1.31086E-2 1.34059E-2 1.22425E-2 1.29887E-2 1.26358E-2 1.25087E-2 1.22809E-2 1.32543E-2 1.38904E-2 2.01316E-2 1.2254E-2 1.18543E-2 1.79311E-2 1.15536E-2 1.17366E-2 1.0658E-2 9.35708E-3 9.80807E-3 9.65879E-3 1.1198E-2 1.12935E-2 1.00091E-2 9.72669E-3 1.1342E-2 1.549E-2 1.07366E-2 1.0199E-2 1.43086E-2 9.37951E-3 1.00149E-2 9.36597E-3 8.98565E-3 9.49161E-3 1.48369E-2 1.55662E-2 1.50068E-2 1.54727E-2 1.58813E-2 1.59518E-2 1.51681E-2 1.59841E-2 1.61184E-2 1.48945E-2 1.5749E-2 1.59572E-2 1.50747E-2 1.00206E-2 1.15965E-2
4.61088E-2 3.27605E-2 3.26629E-2 3.13878E-2 3.06564E-2 2.91409E-2 2.16688E-2 3.56141E-2 2.86705E-2 2.34497E-2 2.43338E-2 2.19994E-2 2.93017E-2 3.26006E-2 2.03251E-2 1.23555E-2 1.26629E-2 1.21564E-2 1.20452E-2 1.21685E-2 1.23564E-2 2.08758E-2 2.03626E-2 2.00353E-2 1.86754E-2 1.18497E-2 1.10488E-2 1.23121E-2 1.07921E-2 9.86818E-3 9.70836E-3 1.01236E-2 1.05639E-2 9.7079E-3 1.134E-2 1.13076E-2 1.11859E-2 1.11028E-2 1.1079E-2 1.06801E-2 1.52153E-2 1.50863E-2 1.4822E-2 1.4025E-2 1.31303E-2 9.19063E-3 1.01301E-2 1.6104E-2 1.57174E-2 1.57334E-2 1.77327E-2 1.70798E-2 1.52187E-2 1.54015E-2 1.69614E-2 1.55662E-2 1.75785E-2 1.6783E-2 1.57532E-2 1.06499E-2 1.06728E-2
5.03301E-2 3.65377E-2 4.2691E-2 3.81705E-2 3.50632E-2 3.19177E-2 3.10138E-2 3.23909E-2 3.38709E-2 3.65467E-2 2.98014E-2 2.3019E-2 2.29753E-2 2.0404E-2 3.00184E-2 1.22425E-2 1.27915E-2 1.35708E-2 1.20452E-2 1.20821E-2 1.20203E-2 1.20203E-2 1.27651E-2 1.25712E-2 1.37971E-2 1.90477E-2 1.16496E-2 1.2504E-2 1.11153E-2 1.02873E-2 1.06563E-2 9.77796E-3 1.02584E-2 1.14193E-2 9.97975E-3 1.11964E-2 1.15391E-2 1.19004E-2 1.66346E-2 1.13243E-2 1.16545E-2 1.58984E-2 1.58529E-2 1.51194E-2 1.45537E-2 1.00314E-2 1.00675E-2 1.01876E-2 1.10993E-2 1.12295E-2 1.87247E-2 1.86902E-2 1.76507E-2 1.64973E-2 1.6843E-2 1.71609E-2 1.82971E-2 1.87405E-2 1.76463E-2 1.61014E-2 1.10548E-2
5.20663E-2 4.81183E-2 3.50749E-2 3.31846E-2 3.4476E-2 3.08229E-2 2.20553E-2 3.36216E-2 2.90893E-2 3.03303E-2 3.58512E-2 2.02652E-2 2.3093E-2 2.34651E-2 3.26248E-2 2.26836E-2 2.16218E-2 1.41395E-2 1.21192E-2 1.17895E-2 1.16346E-2 1.15635E-2 1.14576E-2 1.13527E-2 1.11799E-2 1.25174E-2 1.19052E-2 1.1678E-2 1.27654E-2 1.08849E-2 1.05367E-2 1.04552E-2 1.02899E-2 1.06859E-2 1.00517E-2 1.00813E-2 9.45392E-3 9.73835E-3 1.08251E-2 1.15743E-2 1.7385E-2 1.69005E-2 1.70575E-2 1.65428E-2 1.6365E-2 1.4729E-2 9.58446E-3 9.64176E-3 9.99082E-3 9.92678E-3 1.0845E-2 1.86055E-2 1.97458E-2 1.87106E-2 1.66881E-2 1.72224E-2 1.88984E-2 1.95842E-2 1.86237E-2 1.74729E-2 1.72406E-2
5.17099E-2 5.05086E-2 4.76104E-2 3.75011E-2 3.47798E-2 3.61129E-2 2.89177E-2 3.57621E-2 2.23938E-2 3.25748E-2 2.24317E-2 2.0975E-2 2.07111E-2 3.61225E-2 2.14182E-2 1.40534E-2 2.11681E-2 1.43401E-2 1.38362E-2 1.24172E-2 1.16102E-2 1.14225E-2 1.14576E-2 1.17782E-2 1.17653E-2 1.06878E-2 1.03756E-2 1.06225E-2 1.20734E-2 1.23089E-2 1.21085E-2 1.08528E-2 1.11193E-2 1.11964E-2 1.16523E-2 1.09997E-2 1.08467E-2 1.06598E-2 1.00505E-2 1.00813E-2 1.17645E-2 1.29402E-2 1.83624E-2 1.75259E-2 1.7159E-2 1.66105E-2 1.59825E-2 9.81798E-3 1.05858E-2 1.69642E-2 1.75658E-2 1.18443E-2 1.81243E-2 2.10235E-2 1.7867E-2 1.12851E-2 1.19628E-2 1.91848E-2 1.93239E-2 1.14997E-2 1.1583E-2
5.27738E-2 5.18524E-2 5.087E-2 4.42953E-2 3.84487E-2 3.39078E-2 2.85533E-2 2.10528E-2 3.45617E-2 3.2173E-2 2.39596E-2 2.41934E-2 2.33455E-2 2.62685E-2 2.23736E-2 1.43009E-2 3.01374E-2 3.1971E-2 2.27572E-2 1.46642E-2 1.19806E-2 1.13637E-2 1.12719E-2 1.10663E-2 1.34998E-2 1.9636E-2 1.21063E-2 1.04383E-2 1.01033E-2 1.11322E-2 1.15469E-2 1.14549E-2 1.23122E-2 1.29467E-2 1.28506E-2 1.23256E-2 1.17235E-2 1.11324E-2 1.12785E-2 1.09858E-2 1.11826E-2 1.17209E-2 1.34501E-2 1.91142E-2 1.78181E-2 1.67428E-2 1.66216E-2 1.03498E-2 1.06149E-2 1.08119E-2 1.2227E-2 2.05889E-2 1.77718E-2 2.09698E-2 2.26616E-2 1.7063E-2 1.87805E-2 1.8656E-2 1.76091E-2 1.91504E-2 1.82247E-2
5.91938E-2 5.83488E-2 5.27138E-2 5.2701E-2 5.13529E-2 4.61665E-2 3.59548E-2 3.50605E-2 2.7647E-2 2.02116E-2 3.22731E-2 2.50311E-2 2.25087E-2 2.03299E-2 2.13489E-2 1.38264E-2 2.32705E-2 2.52849E-2 3.27571E-2 2.67642E-2 1.40521E-2 1.16102E-2 1.18238E-2 1.12943E-2 1.12943E-2 1.22898E-2 1.36054E-2 1.22971E-2 1.065E-2 1.01224E-2 1.02805E-2 1.07871E-2 1.12377E-2 1.16825E-2 1.18496E-2 1.22761E-2 1.35223E-2 1.29362E-2 1.29257E-2 1.16097E-2 1.10502E-2 1.10631E-2 1.26244E-2 2.05646E-2 1.79664E-2 1.75216E-2 2.0425E-2 1.7473E-2 1.54806E-2 1.11647E-2 1.10369E-2 1.92412E-2 1.21844E-2 2.00775E-2 3.61139E-2 1.95964E-2 1.80146E-2 3.65334E-2 3.04536E-2 1.80547E-2 2.01975E-2
6.89286E-2 6.57095E-2 6.26763E-2 5.5935E-2 5.58171E-2 5.17555E-2 5.29153E-2 5.1642E-2 4.49962E-2 3.32733E-2 2.83642E-2 3.20278E-2 2.75243E-2 2.39745E-2 1.96576E-2 1.32047E-2 1.3004E-2 1.40105E-2 2.91177E-2 2.81473E-2 1.20652E-2 1.22661E-2 1.39288E-2 1.10545E-2 1.16086E-2 1.14189E-2 1.11519E-2 1.09131E-2 1.12736E-2 1.08905E-2 1.04288E-2 1.08535E-2 1.11006E-2 1.11234E-2 1.17905E-2 1.33359E-2 1.32253E-2 1.2717E-2 1.33995E-2 1.22284E-2 1.12932E-2 1.04493E-2 1.29914E-2 2.17907E-2 1.97975E-2 2.11221E-2 1.98956E-2 2.61896E-2 2.50675E-2 1.78731E-2 1.17163E-2 1.24856E-2 2.27153E-2 2.75131E-2 2.97337E-2 2.83554E-2 1.87136E-2 3.95121E-2 4.05831E-2 3.68821E-2 2.06483E-2
7.27044E-2 6.75885E-2 6.45639E-2 6.28201E-2 6.18048E-2 6.01708E-2 5.91473E-2 5.80376E-2 5.12193E-2 5.03417E-2 4.63591E-2 3.84789E-2 3.20692E-2 3.1026E-2 2.28465E-2 2.08104E-2 1.39492E-2 1.33806E-2 3.17264E-2 2.78607E-2 2.25262E-2 1.24018E-2 1.29544E-2 1.13269E-2 1.20664E-2 1.34411E-2 1.27636E-2 1.13016E-2 1.0379E-2 1.0919E-2 1.05901E-2 1.09093E-2 1.10553E-2 1.11919E-2 1.11576E-2 1.15641E-2 1.18745E-2 1.19596E-2 1.27215E-2 2.02066E-2 2.13517E-2 1.37181E-2 1.16094E-2 2.1611E-2 2.78958E-2 2.78513E-2 2.49863E-2 2.95962E-2 1.72884E-2 1.64191E-2 2.05751E-2 1.26289E-2 1.3025E-2 2.47031E-2 2.14791E-2 1.9661E-2 1.91037E-2 1.25287E-2 2.2101E-2 4.24851E-2 4.01336E-2
7.35561E-2 6.71661E-2 6.41618E-2 6.5519E-2 6.73193E-2 6.47743E-2 6.71066E-2 6.34477E-2 5.93704E-2 5.70265E-2 5.25296E-2 5.04797E-2 4.48655E-2 4.37353E-2 2.05551E-2 2.29045E-2 2.10636E-2 1.34629E-2 2.43332E-2 2.39641E-2 3.18368E-2 2.02818E-2 1.98906E-2 1.12445E-2 1.13493E-2 1.278E-2 1.96401E-2 1.78463E-2 1.0433E-2 1.06005E-2 1.06118E-2 1.071E-2 1.08758E-2 1.11234E-2 1.12264E-2 1.28306E-2 1.32644E-2 1.43605E-2 1.44422E-2 1.37588E-2 1.52296E-2 1.3201E-2 2.14123E-2 1.28387E-2 2.16895E-2 2.17071E-2 1.39422E-2 2.13497E-2 2.32286E-2 2.91653E-2 1.8808E-2 1.74637E-2 2.05345E-2 1.37811E-2 3.19443E-2 2.26029E-2 2.04948E-2 2.14653E-2 1.30926E-2 1.91358E-2 2.00275E-2
8.48863E-2 7.68996E-2 6.59081E-2 6.70858E-2 5.8044E-2 6.43162E-2 7.07161E-2 6.72014E-2 6.4581E-2 6.25522E-2 5.85411E-2 5.49201E-2 5.35021E-2 4.67624E-2 2.96834E-2 3.16021E-2 2.24922E-2 1.999E-2 1.29837E-2 1.27868E-2 2.37658E-2 2.68514E-2 1.94589E-2 1.13913E-2 1.25434E-2 1.10488E-2 1.24621E-2 1.26105E-2 1.04728E-2 1.07391E-2 1.13753E-2 1.13069E-2 1.10329E-2 1.10101E-2 1.09091E-2 1.09426E-2 1.1078E-2 1.20348E-2 1.28955E-2 1.55643E-2 1.27775E-2 1.30838E-2 1.56327E-2 2.85502E-2 2.16828E-2 1.43301E-2 1.28205E-2 1.22446E-2 1.26966E-2 1.36157E-2 1.32644E-2 2.25565E-2 1.42037E-2 1.3337E-2 3.44752E-2 2.77241E-2 2.61889E-2 2.71613E-2 4.16116E-2 3.0086E-2 2.13631E-2
4.99827E-2 6.5209E-2 7.65987E-2 6.51448E-2 4.94037E-2 4.67224E-2 4.10976E-2 4.12932E-2 5.37545E-2 6.31079E-2 6.32399E-2 6.08507E-2 5.5857E-2 4.7748E-2 4.14887E-2 3.79872E-2 1.95801E-2 2.13951E-2 2.11854E-2 1.32376E-2 1.31457E-2 2.39939E-2 2.67447E-2 1.25537E-2 1.25966E-2 1.262E-2 1.08293E-2 1.18586E-2 1.0556E-2 1.0897E-2 1.22181E-2 1.17916E-2 1.22563E-2 1.18367E-2 1.21146E-2 1.1515E-2 1.12027E-2 1.10893E-2 1.11805E-2 1.15409E-2 1.2468E-2 1.19847E-2 1.20717E-2 1.59212E-2 3.29782E-2 1.57551E-2 2.42615E-2 3.1536E-2 2.21165E-2 1.32891E-2 1.36814E-2 3.29645E-2 2.00148E-2 2.41488E-2 3.39312E-2 3.38025E-2 3.20361E-2 2.79988E-2 3.17585E-2 2.88121E-2 3.09661E-2
6.66073E-2 4.39769E-2 7.6624E-2 6.04938E-2 7.72869E-2 7.18824E-2 6.45923E-2 4.1272E-2 3.45098E-2 4.33269E-2 6.46894E-2 6.07786E-2 5.94415E-2 5.38969E-2 5.08915E-2 4.50566E-2 2.9457E-2 3.06691E-2 2.11732E-2 1.95063E-2 1.31105E-2 2.0298E-2 2.751E-2 1.98646E-2 1.18011E-2 1.26007E-2 1.10379E-2 1.15922E-2 9.85135E-3 1.10775E-2 1.13075E-2 1.1999E-2 1.50071E-2 1.41698E-2 1.35421E-2 1.33826E-2 1.19022E-2 1.19768E-2 1.24084E-2 1.19207E-2 1.4824E-2 2.3911E-2 2.93848E-2 1.39828E-2 2.44718E-2 2.31603E-2 3.57039E-2 3.3262E-2 2.27767E-2 1.98912E-2 2.14107E-2 3.37415E-2 2.86046E-2 2.27874E-2 2.23012E-2 2.53705E-2 2.26705E-2 1.43588E-2 2.3547E-2 3.03308E-2 3.01986E-2
6.26971E-2 4.72341E-2 7.28842E-2 4.62651E-2 4.49955E-2 6.34505E-2 6.76951E-2 6.06164E-2 4.03808E-2 4.56311E-2 4.00716E-2 4.27943E-2 4.32325E-2 4.75174E-2 5.08626E-2 4.73835E-2 3.93103E-2 3.48247E-2 2.8181E-2 2.03171E-2 1.9705E-2 1.91962E-2 2.18497E-2 2.0357E-2 1.80741E-2 1.14768E-2 1.10499E-2 1.11217E-2 1.00848E-2 1.12496E-2 1.15063E-2 1.23215E-2 1.5352E-2 1.57838E-2 1.54969E-2 2.64142E-2 2.54883E-2 2.21634E-2 1.42532E-2 1.27053E-2 1.40944E-2 1.50974E-2 1.39192E-2 1.47014E-2 3.85957E-2 2.41155E-2 2.59857E-2 3.61282E-2 2.16077E-2 3.72297E-2 3.98103E-2 3.41281E-2 2.46505E-2 1.56569E-2 3.92866E-2 3.80216E-2 3.17754E-2 3.17789E-2 2.36663E-2 2.21166E-2 2.13941E-2
6.35614E-2 6.18252E-2 5.75516E-2 5.32641E-2 4.95683E-2 4.69422E-2 6.78629E-2 5.86393E-2 6.27623E-2 6.52237E-2 6.13357E-2 4.62022E-2 3.47555E-2 3.02088E-2 4.91694E-2 5.00483E-2 4.27451E-2 3.48469E-2 1.77112E-2 2.19209E-2 1.97785E-2 1.84299E-2 2.44502E-2 2.69245E-2 2.57669E-2 1.23744E-2 1.68275E-2 1.09601E-2 9.91951E-3 1.13887E-2 1.15179E-2 1.22462E-2 1.51993E-2 1.38325E-2 1.44248E-2 2.40788E-2 2.43722E-2 2.73985E-2 1.50073E-2 2.35689E-2 2.31735E-2 1.61744E-2 1.54844E-2 1.62266E-2 1.54342E-2 2.67106E-2 2.9222E-2 2.06997E-2 1.57644E-2 1.6372E-2 2.55136E-2 3.29557E-2 3.55718E-2 2.85859E-2 2.96071E-2 2.58094E-2 4.1712E-2 3.76599E-2 3.54155E-2 3.55448E-2 3.16095E-2
6.73387E-2 5.90628E-2 5.99675E-2 6.19869E-2 6.31476E-2 6.09417E-2 5.76598E-2 6.46205E-2 6.06674E-2 4.49561E-2 4.68579E-2 6.15257E-2 5.2408E-2 3.09794E-2 3.31308E-2 5.46831E-2 4.77775E-2 3.91297E-2 2.00187E-2 1.83588E-2 2.66587E-2 1.83296E-2 1.80162E-2 2.68539E-2 1.45337E-2 2.0625E-2 2.20819E-2 1.58291E-2 1.03979E-2 1.16818E-2 1.23177E-2 1.44631E-2 1.42805E-2 1.2715E-2 1.29855E-2 1.32479E-2 2.40989E-2 1.87374E-2 2.105E-2 2.19319E-2 3.02256E-2 1.63422E-2 1.5548E-2 2.55669E-2 2.83969E-2 2.58321E-2 4.34856E-2 2.50623E-2 2.31108E-2 2.23431E-2 3.76173E-2 3.26393E-2 1.66848E-2 2.5791E-2 2.55284E-2 2.51236E-2 2.80641E-2 3.39606E-2 3.54627E-2 3.98229E-2 2.95463E-2
6.64827E-2 6.10257E-2 6.8426E-2 6.48389E-2 6.93213E-2 6.28803E-2 6.24367E-2 6.26456E-2 4.71163E-2 4.59314E-2 6.10517E-2 5.99762E-2 5.24662E-2 3.98361E-2 3.85169E-2 4.10288E-2 4.45978E-2 4.33793E-2 3.44668E-2 1.9618E-2 2.95545E-2 2.36334E-2 1.80044E-2 2.07103E-2 1.46358E-2 1.36711E-2 1.27966E-2 1.58141E-2 1.11439E-2 1.26354E-2 1.49399E-2 2.78702E-2 2.77887E-2 1.68401E-2 1.58483E-2 1.58993E-2 1.39286E-2 1.51126E-2 1.56188E-2 2.69766E-2 1.74082E-2 2.76704E-2 1.68554E-2 2.98162E-2 4.91572E-2 4.63093E-2 2.80453E-2 3.1791E-2 5.4505E-2 5.2954E-2 4.99389E-2 4.87085E-2 4.69034E-2 4.18662E-2 4.06692E-2 4.09965E-2 3.91533E-2 3.70824E-2 3.34299E-2 2.91615E-2 2.60658E-2
