Artocarpus heterophyllus SDM files/MIS19/results (with bias file)/Arthet_1.asc
ncols         625
nrows         721
xllcorner     69.99986311115
yllcorner     5.99986187915
cellsize      0.041666667
NODATA_value  -9999
[rows 486 to 512 of 721, columns 183 to 243 of 625]
1.8911E-1 1.85782E-1 2.1682E-1 2.00964E-1 2.15927E-1 2.12189E-1 1.97694E-1 2.02094E-1 1.88805E-1 2.02046E-1 2.05642E-1 2.23747E-1 3.74897E-1 4.31282E-1 3.61361E-1 3.6438E-1 3.64547E-1 3.74934E-1 4.0314E-1 4.26946E-1 4.11594E-1 3.96351E-1 5.02536E-1 4.58745E-1 4.62158E-1 6.60509E-1 7.33084E-1 6.12199E-1 3.53675E-1 2.93744E-1 3.17327E-1 2.44366E-1 2.49133E-1 5.22263E-1 2.4352E-1 1.93842E-1 2.53481E-1 2.00121E-1 1.93899E-1 1.91232E-1 2.30371E-1 2.74044E-1 2.61157E-1 2.87353E-1 3.27648E-1 3.20799E-1 3.01088E-1 3.57722E-1 3.57772E-1 3.59336E-1 3.40491E-1 3.58355E-1 3.81344E-1 3.57555E-1 3.31322E-1 3.38266E-1 3.51907E-1 4.32098E-1 4.07207E-1 3.68098E-1 3.62053E-1
1.85502E-1 1.85691E-1 2.05538E-1 2.37104E-1 2.10729E-1 1.94052E-1 1.90393E-1 1.86321E-1 1.72116E-1 2.14218E-1 2.22316E-1 2.31138E-1 4.08527E-1 3.58645E-1 3.37635E-1 3.41981E-1 3.48997E-1 3.56276E-1 3.73502E-1 4.54864E-1 4.068E-1 4.19526E-1 4.54259E-1 4.60774E-1 4.802E-1 6.63535E-1 5.57387E-1 4.40961E-1 2.67075E-1 2.57337E-1 2.32401E-1 2.84469E-1 2.51277E-1 3.04657E-1 1.87581E-1 2.50469E-1 2.52455E-1 1.93069E-1 1.87434E-1 1.97682E-1 2.49581E-1 2.7465E-1 2.57721E-1 2.77125E-1 3.22381E-1 3.25509E-1 3.25654E-1 3.23765E-1 3.35508E-1 3.75635E-1 3.57002E-1 3.58677E-1 3.50101E-1 3.63629E-1 3.42981E-1 3.32209E-1 3.51427E-1 3.98142E-1 4.15095E-1 4.27728E-1 3.72477E-1
1.81336E-1 1.79724E-1 1.82141E-1 1.92101E-1 2.1455E-1 2.01597E-1 1.77139E-1 1.6812E-1 1.95163E-1 2.28298E-1 2.68163E-1 2.52393E-1 3.42832E-1 3.37885E-1 3.46021E-1 3.47541E-1 3.49388E-1 3.60701E-1 3.80825E-1 4.11228E-1 4.37446E-1 4.04729E-1 4.26975E-1 4.83881E-1 5.66713E-1 6.47071E-1 5.53399E-1 5.64216E-1 5.64453E-1 2.35288E-1 2.27861E-1 2.33591E-1 2.91596E-1 2.75549E-1 2.67028E-1 2.77676E-1 1.99597E-1 1.85623E-1 1.93494E-1 2.38186E-1 2.78474E-1 2.73614E-1 2.56745E-1 3.2173E-1 3.23249E-1 3.47523E-1 3.50708E-1 3.50483E-1 3.33238E-1 3.45528E-1 3.95273E-1 3.94937E-1 3.76389E-1 4.2418E-1 3.73654E-1 3.29514E-1 3.33674E-1 3.64877E-1 3.58836E-1 4.28768E-1 3.26094E-1
2.07501E-1 1.92826E-1 1.73758E-1 1.83017E-1 1.79525E-1 2.01701E-1 1.71089E-1 1.79286E-1 2.28296E-1 2.442E-1 2.44866E-1 2.11147E-1 3.12778E-1 3.34753E-1 3.23625E-1 3.75755E-1 3.72867E-1 4.16233E-1 2.99793E-1 3.61445E-1 3.93607E-1 3.86027E-1 4.32901E-1 4.48712E-1 6.15551E-1 6.43141E-1 6.03381E-1 4.93114E-1 4.9345E-1 2.97705E-1 2.73197E-1 1.97534E-1 2.59063E-1 2.02761E-1 2.88565E-1 2.01691E-1 1.96617E-1 1.84161E-1 2.38032E-1 2.67827E-1 2.76424E-1 2.58192E-1 2.77411E-1 3.14348E-1 3.63821E-1 3.46522E-1 3.40578E-1 3.33695E-1 3.46661E-1 3.32528E-1 3.59902E-1 3.59596E-1 4.94795E-1 5.24905E-1 2.76846E-1 2.54753E-1 3.34255E-1 3.55622E-1 3.62951E-1 3.53529E-1 3.38725E-1
2.10034E-1 1.95882E-1 1.84112E-1 1.75571E-1 1.79603E-1 1.68627E-1 1.79008E-1 1.76994E-1 2.35036E-1 2.48661E-1 2.1755E-1 2.09572E-1 3.09712E-1 2.99898E-1 4.16431E-1 2.97167E-1 2.34834E-1 2.39623E-1 2.38693E-1 3.37184E-1 3.62338E-1 3.87308E-1 4.21345E-1 4.40092E-1 6.44032E-1 7.24642E-1 6.01225E-1 4.94821E-1 2.7873E-1 2.54283E-1 2.2173E-1 2.42141E-1 2.93132E-1 2.07592E-1 2.48299E-1 1.95755E-1 1.94131E-1 1.87559E-1 2.48322E-1 2.7667E-1 3.04477E-1 3.13966E-1 3.62409E-1 3.17471E-1 4.00162E-1 3.59511E-1 3.13191E-1 3.37812E-1 3.51093E-1 3.49265E-1 3.33628E-1 3.39916E-1 5.08323E-1 4.56855E-1 2.80195E-1 3.44933E-1 3.49521E-1 3.17103E-1 3.22975E-1 3.40173E-1 3.60464E-1
2.38929E-1 1.9902E-1 1.69003E-1 1.83121E-1 1.81577E-1 1.79335E-1 1.66473E-1 1.72142E-1 2.13479E-1 2.54948E-1 1.57566E-1 1.78843E-1 3.2395E-1 3.38009E-1 2.34567E-1 2.27473E-1 2.20047E-1 2.24087E-1 2.25665E-1 3.43619E-1 3.6895E-1 3.99068E-1 3.91527E-1 4.36663E-1 6.78292E-1 5.1643E-1 4.00663E-1 5.14896E-1 3.30114E-1 2.58084E-1 2.28455E-1 1.95757E-1 2.79091E-1 2.41613E-1 2.06853E-1 1.87911E-1 1.98045E-1 2.413E-1 3.06634E-1 3.08781E-1 3.00254E-1 2.78267E-1 3.46331E-1 3.40425E-1 3.85163E-1 3.49096E-1 3.57683E-1 3.78605E-1 3.32687E-1 3.4874E-1 3.5298E-1 3.40739E-1 3.61027E-1 4.53004E-1 3.98446E-1 3.36701E-1 3.34806E-1 3.27003E-1 3.41581E-1 3.39955E-1 3.56495E-1
1.98553E-1 1.74455E-1 1.71042E-1 1.71286E-1 1.72893E-1 1.71686E-1 1.69998E-1 1.68832E-1 1.95753E-1 2.46835E-1 1.40933E-1 1.21965E-1 2.2975E-1 1.96346E-1 2.21667E-1 2.16663E-1 1.96126E-1 2.06517E-1 3.27543E-1 2.43694E-1 2.50277E-1 3.97039E-1 3.94311E-1 4.63995E-1 4.83753E-1 3.95555E-1 2.55048E-1 5.33316E-1 3.28819E-1 2.7896E-1 1.98532E-1 1.97723E-1 2.38261E-1 3.20549E-1 2.49854E-1 1.87236E-1 1.95164E-1 2.75989E-1 2.78376E-1 2.1098E-1 2.14936E-1 2.57483E-1 3.41567E-1 3.84895E-1 3.73924E-1 3.5596E-1 4.25867E-1 4.98802E-1 2.5858E-1 2.60392E-1 2.67223E-1 3.71875E-1 3.65719E-1 4.43567E-1 4.46278E-1 4.18764E-1 3.21865E-1 2.66661E-1 3.14812E-1 3.4989E-1 3.57214E-1
1.84024E-1 1.74832E-1 1.6668E-1 1.75936E-1 1.79987E-1 1.70001E-1 1.80435E-1 1.665E-1 2.06257E-1 2.38537E-1 1.41986E-1 1.15757E-1 1.87898E-1 1.98274E-1 2.01945E-1 1.91615E-1 1.87331E-1 2.01709E-1 2.16449E-1 2.39192E-1 2.65407E-1 2.79629E-1 4.2503E-1 4.74163E-1 5.34059E-1 2.85718E-1 3.06815E-1 5.2329E-1 3.01988E-1 2.4508E-1 2.35713E-1 2.44955E-1 1.98588E-1 3.09679E-1 2.53528E-1 2.52566E-1 1.84031E-1 2.842E-1 2.90249E-1 2.02959E-1 2.06111E-1 3.19948E-1 3.22759E-1 4.04297E-1 3.39468E-1 3.62534E-1 3.53338E-1 5.07036E-1 2.79407E-1 2.79365E-1 2.96445E-1 2.78566E-1 3.17463E-1 4.02078E-1 4.1876E-1 4.25959E-1 3.95993E-1 2.71823E-1 2.7446E-1 3.2778E-1 3.65313E-1
1.67686E-1 1.71149E-1 1.75792E-1 1.86429E-1 1.20359E-1 1.66082E-1 1.72578E-1 1.7719E-1 2.16843E-1 1.38717E-1 1.11348E-1 1.06115E-1 1.79613E-1 1.88025E-1 1.78819E-1 1.78405E-1 1.86289E-1 2.07087E-1 2.20359E-1 2.45536E-1 2.66375E-1 4.06244E-1 4.13534E-1 4.23755E-1 4.5187E-1 4.68056E-1 3.67634E-1 4.56506E-1 3.0149E-1 2.47345E-1 2.63788E-1 2.50335E-1 1.99867E-1 2.44778E-1 2.77334E-1 2.6669E-1 1.97055E-1 2.80359E-1 2.94041E-1 2.43731E-1 2.41553E-1 3.2311E-1 3.16704E-1 3.97177E-1 3.51109E-1 4.4588E-1 3.55483E-1 3.85604E-1 3.84537E-1 4.07946E-1 3.78665E-1 3.13609E-1 2.92692E-1 3.13346E-1 2.82884E-1 3.45394E-1 4.62539E-1 2.92459E-1 2.75396E-1 2.83751E-1 3.46342E-1
1.56138E-1 1.73279E-1 1.16706E-1 1.01654E-1 1.6595E-1 1.74994E-1 1.92474E-1 2.1106E-1 1.2187E-1 9.09846E-2 9.94647E-2 1.02738E-1 1.87194E-1 1.48421E-1 1.83334E-1 1.89736E-1 1.97105E-1 1.98845E-1 2.24215E-1 2.42149E-1 2.64975E-1 2.67463E-1 2.597E-1 2.68977E-1 4.26642E-1 4.59547E-1 3.37282E-1 3.51572E-1 2.53322E-1 2.46633E-1 2.60125E-1 2.44658E-1 2.39844E-1 2.48611E-1 3.14115E-1 2.54883E-1 1.95954E-1 2.89703E-1 2.59372E-1 2.4797E-1 3.04143E-1 3.39672E-1 3.24434E-1 3.74646E-1 3.56182E-1 3.72942E-1 3.91226E-1 3.78786E-1 3.45902E-1 4.07155E-1 4.09906E-1 4.76846E-1 3.86882E-1 3.17071E-1 2.95541E-1 3.01672E-1 3.16792E-1 3.47409E-1 3.46385E-1 2.96413E-1 2.95592E-1
1.62478E-1 1.82995E-1 9.90458E-2 1.00438E-1 1.0706E-1 1.13054E-1 1.10134E-1 1.04944E-1 1.01808E-1 9.98529E-2 9.07015E-2 1.2649E-1 1.79858E-1 1.41545E-1 1.81588E-1 1.7878E-1 1.80886E-1 1.98843E-1 2.16217E-1 2.46322E-1 2.43267E-1 2.79932E-1 2.36881E-1 2.50915E-1 4.43496E-1 4.86084E-1 3.02703E-1 2.67748E-1 2.34683E-1 2.02342E-1 2.37098E-1 2.57975E-1 2.47235E-1 2.57546E-1 3.20841E-1 2.27863E-1 2.50854E-1 2.99329E-1 2.91845E-1 2.52428E-1 2.60701E-1 3.37157E-1 3.44792E-1 3.51619E-1 3.73515E-1 3.65859E-1 3.74047E-1 3.84932E-1 3.97762E-1 3.59133E-1 3.43264E-1 3.02863E-1 4.15799E-1 4.68957E-1 3.9462E-1 3.89184E-1 3.83151E-1 3.95275E-1 3.56648E-1 3.66645E-1 3.55894E-1
1.71349E-1 1.28297E-1 1.10611E-1 1.06043E-1 9.64916E-2 7.3983E-2 7.74267E-2 8.49352E-2 1.03223E-1 1.15143E-1 1.04595E-1 1.04038E-1 1.12131E-1 1.85603E-1 1.76407E-1 1.9016E-1 1.88371E-1 2.00601E-1 2.24596E-1 2.27747E-1 2.80068E-1 2.66103E-1 2.23977E-1 2.40069E-1 3.16689E-1 3.43013E-1 4.19561E-1 2.67228E-1 2.44088E-1 1.9665E-1 1.94836E-1 2.66256E-1 2.36178E-1 2.72901E-1 3.02134E-1 2.72322E-1 3.22223E-1 3.05127E-1 2.68108E-1 2.91748E-1 3.66068E-1 3.56704E-1 3.91677E-1 3.65788E-1 3.58486E-1 3.66151E-1 3.90643E-1 3.84543E-1 3.62262E-1 3.80664E-1 4.07389E-1 3.83858E-1 3.49375E-1 3.91803E-1 4.09947E-1 4.12794E-1 4.23865E-1 4.00779E-1 4.08498E-1 3.6889E-1 -9999
1.96363E-1 1.77456E-1 1.16611E-1 1.07192E-1 8.83847E-2 8.14459E-2 9.5475E-2 1.11325E-1 1.06099E-1 1.01095E-1 1.04926E-1 8.20021E-2 7.87197E-2 8.12689E-2 1.85146E-1 1.94192E-1 1.95156E-1 2.05846E-1 1.98626E-1 2.19872E-1 2.59191E-1 2.48309E-1 2.21575E-1 2.44076E-1 3.69053E-1 3.13817E-1 4.25793E-1 3.21862E-1 2.36347E-1 1.92816E-1 1.84498E-1 2.69597E-1 1.99094E-1 2.66796E-1 2.9427E-1 3.3127E-1 2.8787E-1 2.6344E-1 2.82971E-1 3.05188E-1 3.62749E-1 3.71206E-1 3.53837E-1 3.61979E-1 4.23424E-1 4.31576E-1 3.05513E-1 2.97947E-1 4.53833E-1 3.50128E-1 3.4225E-1 3.86314E-1 4.04729E-1 4.0645E-1 4.1877E-1 4.26323E-1 4.36001E-1 4.0843E-1 3.87751E-1 3.86742E-1 -9999
1.86901E-1 1.9418E-1 1.29681E-1 1.03673E-1 8.00503E-2 1.16556E-1 1.0659E-1 9.74882E-2 9.60889E-2 7.55889E-2 7.67539E-2 7.42169E-2 7.45339E-2 1.66862E-1 1.8412E-1 1.9841E-1 1.99077E-1 1.99955E-1 2.11911E-1 2.06302E-1 2.46736E-1 2.40501E-1 2.55796E-1 2.89404E-1 3.32963E-1 3.15594E-1 3.42375E-1 3.38312E-1 1.81997E-1 1.86396E-1 1.87324E-1 2.79784E-1 2.46806E-1 2.48231E-1 2.94479E-1 3.4407E-1 2.66147E-1 2.70684E-1 2.64841E-1 3.11147E-1 3.87609E-1 4.05937E-1 3.80976E-1 3.99225E-1 4.16181E-1 5.4145E-1 3.05769E-1 4.01592E-1 5.80854E-1 3.88838E-1 3.98412E-1 3.90872E-1 4.41353E-1 4.57006E-1 4.28559E-1 4.35114E-1 4.48159E-1 4.89435E-1 4.46803E-1 3.98006E-1 -9999
1.74988E-1 2.00661E-1 1.18664E-1 8.85297E-2 1.60147E-1 1.20263E-1 1.01856E-1 1.2665E-1 8.82487E-2 9.32679E-2 9.55429E-2 7.14339E-2 7.55634E-2 9.56743E-2 1.74341E-1 1.87323E-1 2.02503E-1 1.95495E-1 2.11687E-1 2.47546E-1 2.42437E-1 2.38449E-1 2.51239E-1 2.63604E-1 2.98536E-1 3.44869E-1 3.34619E-1 3.48746E-1 1.76473E-1 1.86377E-1 1.89652E-1 2.8948E-1 2.8126E-1 1.88334E-1 2.9718E-1 3.03773E-1 2.7771E-1 2.76952E-1 2.76109E-1 2.7425E-1 3.73113E-1 4.10357E-1 3.93623E-1 3.88197E-1 4.34391E-1 5.25857E-1 3.7982E-1 4.57002E-1 5.95877E-1 4.1309E-1 3.89445E-1 3.98918E-1 4.14128E-1 4.23409E-1 4.22298E-1 4.33308E-1 4.04129E-1 4.60356E-1 5.62554E-1 5.04027E-1 -9999
1.13857E-1 1.15869E-1 1.07135E-1 1.0237E-1 1.23816E-1 1.1344E-1 9.96216E-2 1.14257E-1 9.73545E-2 9.45138E-2 9.50157E-2 7.47095E-2 7.78608E-2 8.03336E-2 1.69455E-1 1.75723E-1 1.86205E-1 1.94634E-1 2.03181E-1 2.49532E-1 2.44262E-1 2.31034E-1 2.35044E-1 2.51239E-1 3.02706E-1 3.22327E-1 3.4905E-1 3.16056E-1 1.71846E-1 1.85823E-1 1.81697E-1 2.50172E-1 2.94454E-1 1.9958E-1 3.11019E-1 2.71909E-1 2.66115E-1 2.81486E-1 2.87841E-1 3.77794E-1 3.86288E-1 3.8574E-1 3.79223E-1 3.80113E-1 4.49714E-1 4.166E-1 4.55175E-1 4.7592E-1 5.67191E-1 4.09627E-1 4.04157E-1 4.37489E-1 4.26135E-1 4.32351E-1 4.35964E-1 4.06496E-1 4.88342E-1 5.66792E-1 5.69044E-1 -9999 -9999
1.07567E-1 1.07568E-1 7.84772E-2 1.02932E-1 1.0203E-1 1.1609E-1 8.28466E-2 1.19542E-1 1.0444E-1 1.06615E-1 9.45554E-2 7.96639E-2 8.0121E-2 8.03981E-2 1.45158E-1 1.69373E-1 1.8264E-1 2.29041E-1 2.36046E-1 2.48345E-1 2.42974E-1 2.31558E-1 2.2894E-1 2.6529E-1 2.97258E-1 3.2429E-1 3.14131E-1 3.13885E-1 1.72514E-1 1.87867E-1 1.78928E-1 1.84227E-1 2.68871E-1 2.06596E-1 3.04523E-1 2.83764E-1 2.69835E-1 2.95603E-1 4.35844E-1 3.98341E-1 3.69545E-1 3.99602E-1 3.99702E-1 3.95149E-1 4.05076E-1 4.08063E-1 4.29844E-1 4.42623E-1 5.52669E-1 5.66018E-1 4.35037E-1 4.21039E-1 3.86454E-1 4.39866E-1 4.03064E-1 5.02665E-1 4.93959E-1 5.40588E-1 5.16279E-1 -9999 -9999
8.11954E-2 1.1077E-1 8.81129E-2 7.38085E-2 7.62138E-2 7.77951E-2 7.30131E-2 7.53166E-2 1.25126E-1 1.29852E-1 1.12878E-1 9.87399E-2 8.03093E-2 8.00602E-2 1.75963E-1 2.21981E-1 2.19483E-1 2.22952E-1 2.25865E-1 2.32793E-1 2.32413E-1 2.22375E-1 2.42895E-1 2.63675E-1 3.15012E-1 3.0048E-1 3.28309E-1 3.14635E-1 1.82957E-1 1.81558E-1 1.78518E-1 1.80366E-1 2.00459E-1 2.10268E-1 3.20985E-1 2.98544E-1 2.14099E-1 3.07702E-1 4.15356E-1 3.9347E-1 3.77465E-1 3.80177E-1 4.06958E-1 4.02004E-1 4.11291E-1 4.07801E-1 4.15457E-1 4.36173E-1 4.53158E-1 4.39241E-1 3.78372E-1 3.87329E-1 3.99428E-1 3.94072E-1 4.50952E-1 5.58862E-1 6.22782E-1 6.04887E-1 5.31171E-1 -9999 -9999
8.10517E-2 8.42568E-2 1.1013E-1 8.0554E-2 7.10439E-2 7.24233E-2 7.5302E-2 7.6097E-2 9.61438E-2 1.22323E-1 1.53234E-1 1.0107E-1 1.00415E-1 8.0167E-2 1.48228E-1 2.0062E-1 2.55699E-1 2.49725E-1 2.09371E-1 2.18907E-1 2.35101E-1 2.34096E-1 2.3737E-1 2.48125E-1 3.26798E-1 3.0249E-1 2.85707E-1 3.17301E-1 1.72232E-1 1.84537E-1 1.79866E-1 1.74086E-1 1.87215E-1 2.46158E-1 3.1674E-1 2.93822E-1 2.22555E-1 2.78102E-1 4.63312E-1 4.07038E-1 3.85521E-1 4.17601E-1 4.80516E-1 4.2736E-1 4.31486E-1 3.85551E-1 3.87582E-1 4.10387E-1 3.63798E-1 3.68325E-1 4.17053E-1 3.91547E-1 3.94747E-1 4.33504E-1 4.75099E-1 6.31821E-1 6.3337E-1 6.05963E-1 5.39382E-1 -9999 -9999
7.6804E-2 7.7983E-2 1.08144E-1 1.02603E-1 6.93782E-2 7.01505E-2 7.2253E-2 7.34405E-2 7.31693E-2 1.01809E-1 1.35158E-1 1.05848E-1 1.36154E-1 1.02393E-1 1.36424E-1 1.79425E-1 2.21499E-1 2.49689E-1 2.26425E-1 2.17634E-1 2.2802E-1 2.33867E-1 2.32981E-1 2.50117E-1 2.88228E-1 3.27642E-1 2.76017E-1 2.78068E-1 2.19007E-1 1.87635E-1 1.80788E-1 1.747E-1 1.87179E-1 2.6421E-1 3.07344E-1 3.1538E-1 2.86959E-1 2.75E-1 3.1648E-1 3.68795E-1 4.24441E-1 3.882E-1 4.65702E-1 4.13534E-1 4.28708E-1 4.21354E-1 4.77324E-1 4.48511E-1 3.41886E-1 4.12676E-1 4.08008E-1 4.0976E-1 4.23875E-1 4.76601E-1 6.3444E-1 5.56228E-1 5.53878E-1 5.55774E-1 5.50296E-1 -9999 -9999
1.20328E-1 7.6121E-2 8.25329E-2 1.09953E-1 7.22771E-2 7.20096E-2 7.22172E-2 7.19113E-2 7.0909E-2 7.52831E-2 1.18778E-1 1.22446E-1 1.69688E-1 1.12537E-1 1.8311E-1 1.7944E-1 1.76292E-1 2.16215E-1 2.21438E-1 2.25196E-1 2.3363E-1 2.3263E-1 2.33633E-1 2.35885E-1 2.67869E-1 3.32483E-1 2.94603E-1 2.57082E-1 2.69416E-1 1.90857E-1 1.83029E-1 1.66183E-1 1.81712E-1 2.69149E-1 2.91929E-1 3.47439E-1 3.04522E-1 3.51441E-1 2.92109E-1 4.16505E-1 4.30953E-1 4.00579E-1 4.093E-1 4.24629E-1 4.53164E-1 4.66503E-1 4.36429E-1 4.04061E-1 3.56638E-1 3.96206E-1 4.39509E-1 4.21496E-1 4.43948E-1 5.57825E-1 5.41689E-1 5.58628E-1 5.70615E-1 5.50202E-1 5.63789E-1 -9999 -9999
1.23991E-1 1.36911E-1 7.17301E-2 7.23521E-2 1.2434E-1 1.03374E-1 7.39737E-2 7.07852E-2 1.1076E-1 1.10613E-1 1.12858E-1 1.15684E-1 1.82157E-1 1.66258E-1 1.93507E-1 1.85161E-1 1.69184E-1 1.76783E-1 2.19528E-1 2.30981E-1 2.35528E-1 2.33291E-1 2.31297E-1 2.28445E-1 2.6027E-1 2.98361E-1 3.46754E-1 2.62006E-1 3.10313E-1 1.96512E-1 1.79962E-1 1.68941E-1 1.79169E-1 2.73027E-1 2.63754E-1 3.20486E-1 3.29571E-1 3.31348E-1 3.75016E-1 4.8201E-1 3.78062E-1 4.10751E-1 4.23227E-1 4.53373E-1 4.81996E-1 4.40931E-1 4.01266E-1 4.25909E-1 4.12363E-1 4.17416E-1 4.53196E-1 4.24848E-1 5.20652E-1 5.22276E-1 5.22406E-1 5.29734E-1 5.81075E-1 5.54824E-1 5.70336E-1 5.5123E-1 -9999
1.11643E-1 1.44708E-1 9.07129E-2 6.85409E-2 1.05452E-1 1.05367E-1 9.14041E-2 9.05502E-2 8.53048E-2 1.1111E-1 1.10046E-1 1.14266E-1 1.16583E-1 1.29834E-1 2.77047E-1 1.90843E-1 1.73064E-1 1.77703E-1 2.23628E-1 2.35141E-1 2.38734E-1 2.32947E-1 2.31838E-1 2.29967E-1 2.43366E-1 2.7018E-1 3.1991E-1 2.70094E-1 3.34154E-1 2.55428E-1 1.77956E-1 1.769E-1 1.80198E-1 2.53704E-1 2.48468E-1 3.08243E-1 4.64917E-1 4.10909E-1 3.84729E-1 4.51303E-1 4.72561E-1 4.3885E-1 4.57448E-1 4.2521E-1 5.00556E-1 4.63439E-1 4.55223E-1 4.26307E-1 4.10609E-1 4.23683E-1 4.46432E-1 4.33712E-1 4.89161E-1 4.89277E-1 4.97449E-1 5.03266E-1 5.47655E-1 5.56316E-1 5.70346E-1 5.55964E-1 -9999
7.90571E-2 8.49032E-2 1.05261E-1 6.97844E-2 1.0324E-1 1.3706E-1 9.41674E-2 9.44861E-2 8.61455E-2 8.57078E-2 9.0636E-2 1.46102E-1 1.12056E-1 1.17008E-1 1.61729E-1 2.70437E-1 1.94103E-1 1.77588E-1 1.83055E-1 2.29044E-1 2.44677E-1 2.37521E-1 2.32493E-1 2.2975E-1 2.46007E-1 2.58154E-1 2.99953E-1 2.91889E-1 3.31747E-1 2.68341E-1 2.0717E-1 2.71393E-1 1.71787E-1 1.94544E-1 2.06966E-1 3.12736E-1 3.56663E-1 3.19929E-1 4.00784E-1 3.76541E-1 4.67052E-1 4.09499E-1 4.93067E-1 4.23566E-1 4.37046E-1 4.8387E-1 4.64241E-1 4.06338E-1 4.05022E-1 4.05549E-1 5.28973E-1 4.6177E-1 4.2072E-1 4.26448E-1 4.00252E-1 5.32311E-1 5.55877E-1 5.42075E-1 5.5096E-1 5.50966E-1 -9999
9.64863E-2 7.72532E-2 1.32533E-1 7.47178E-2 1.65533E-1 1.48915E-1 9.56585E-2 9.33351E-2 9.18308E-2 8.64223E-2 8.72032E-2 9.36146E-2 1.11484E-1 1.25914E-1 1.15337E-1 3.01295E-1 2.5977E-1 1.89083E-1 1.8202E-1 1.80113E-1 2.2026E-1 2.33491E-1 2.21577E-1 2.35165E-1 2.41503E-1 2.55485E-1 2.68291E-1 2.88533E-1 3.18941E-1 2.99489E-1 2.635E-1 3.06148E-1 1.83961E-1 1.80567E-1 1.94622E-1 2.93274E-1 3.44223E-1 3.62139E-1 2.96624E-1 3.8411E-1 4.12525E-1 4.29752E-1 4.34555E-1 4.34341E-1 4.20872E-1 4.46921E-1 4.75075E-1 4.07159E-1 4.09242E-1 3.84099E-1 5.34245E-1 5.77624E-1 4.283E-1 4.20593E-1 4.28127E-1 5.50884E-1 4.44097E-1 4.30323E-1 5.53831E-1 5.55695E-1 -9999
9.9705E-2 1.04945E-1 1.04945E-1 7.62034E-2 8.30901E-2 1.45323E-1 1.01402E-1 8.44767E-2 9.78562E-2 8.43759E-2 8.51774E-2 8.94123E-2 8.36897E-2 1.64312E-1 1.6178E-1 1.00238E-1 2.57205E-1 2.67457E-1 2.42368E-1 1.96153E-1 1.70961E-1 2.05911E-1 2.17673E-1 2.27802E-1 2.27803E-1 2.52429E-1 2.67772E-1 2.83982E-1 2.89468E-1 3.35835E-1 2.91604E-1 2.70468E-1 2.35254E-1 1.82283E-1 2.40671E-1 2.99281E-1 3.22458E-1 3.81061E-1 3.18512E-1 4.68441E-1 3.97404E-1 4.11057E-1 4.1837E-1 4.38776E-1 4.28527E-1 4.26289E-1 4.48579E-1 4.51972E-1 4.08662E-1 3.82669E-1 4.94213E-1 5.91913E-1 5.65164E-1 4.39474E-1 5.25822E-1 5.30347E-1 4.4125E-1 4.23025E-1 5.35183E-1 5.50693E-1 5.52457E-1
1.08818E-1 1.32693E-1 9.85968E-2 9.74544E-2 8.09982E-2 1.38299E-1 1.0475E-1 9.0298E-2 8.78801E-2 8.47731E-2 8.94016E-2 9.46704E-2 1.01699E-1 1.33483E-1 1.59183E-1 2.47852E-1 1.88476E-1 1.71728E-1 1.71361E-1 2.13563E-1 2.11729E-1 2.26347E-1 2.19981E-1 2.26716E-1 2.27368E-1 2.35405E-1 2.5586E-1 2.67385E-1 3.21888E-1 3.70436E-1 3.37287E-1 2.80822E-1 2.37685E-1 1.86504E-1 1.90261E-1 3.10036E-1 2.61854E-1 3.7636E-1 2.77565E-1 5.15049E-1 4.32317E-1 4.30681E-1 4.26713E-1 4.29781E-1 4.11835E-1 4.25995E-1 4.27097E-1 4.60252E-1 4.027E-1 3.88425E-1 4.80191E-1 5.76249E-1 5.53231E-1 5.51688E-1 5.03075E-1 5.76448E-1 4.33126E-1 4.31998E-1 4.30667E-1 5.36741E-1 5.48727E-1
