Artocarpus heterophyllus SDM files/MIS19/results (with bias file)/Arthet_6.asc
ncols         625
nrows         721
xllcorner     69.99986311115
yllcorner     5.99986187915
cellsize      0.041666667
NODATA_value  -9999
[rows 135 to 161 of 721, columns 366 to 426 of 625]
1.39266E-2 8.31286E-3 1.05019E-2 9.49945E-3 9.11638E-3 1.29159E-2 1.19543E-2 1.66978E-2 1.09388E-2 1.35469E-2 1.25568E-2 1.07835E-2 1.52666E-2 1.00653E-2 8.82352E-3 1.14914E-2 1.99598E-2 1.8674E-2 1.78385E-2 1.33121E-2 1.23854E-2 1.20924E-2 1.65805E-2 1.45385E-2 1.87113E-2 1.7425E-2 1.57221E-2 1.81807E-2 1.94022E-2 1.44215E-2 1.33287E-2 1.18792E-2 8.74618E-3 1.09765E-2 1.68449E-2 1.87972E-2 1.8354E-2 1.82523E-2 1.79029E-2 1.07676E-2 1.04514E-2 1.01546E-2 9.4214E-3 9.86557E-3 8.63098E-3 8.69725E-3 8.73111E-3 9.28619E-3 1.05086E-2 1.07517E-2 1.3042E-2 1.60657E-2 1.84064E-2 2.00085E-2 1.71368E-2 1.57668E-2 1.63592E-2 1.45199E-2 1.18055E-2 1.12484E-2 1.0883E-2
1.27295E-2 8.82692E-3 1.54923E-2 1.1084E-2 9.55298E-3 1.06865E-2 1.12224E-2 1.48799E-2 9.69424E-3 9.39264E-3 1.63642E-2 1.74676E-2 1.47672E-2 1.0885E-2 9.77965E-3 1.02818E-2 1.80504E-2 1.79657E-2 1.82592E-2 1.71114E-2 1.74021E-2 1.56913E-2 1.64373E-2 1.5542E-2 1.56423E-2 1.56937E-2 1.10174E-2 8.83091E-3 9.35614E-3 9.70675E-3 9.40122E-3 1.20379E-2 1.79753E-2 1.75759E-2 1.76791E-2 1.70603E-2 1.70178E-2 1.81511E-2 1.1403E-2 1.24676E-2 1.16375E-2 1.80854E-2 1.84441E-2 1.66295E-2 1.23514E-2 1.1981E-2 1.24161E-2 1.45385E-2 1.56898E-2 1.60615E-2 1.73449E-2 1.77683E-2 1.75395E-2 1.77206E-2 2.01685E-2 2.07101E-2 1.97329E-2 1.88176E-2 1.78092E-2 1.82706E-2 1.70159E-2
1.34418E-2 8.92883E-3 1.13039E-2 1.41973E-2 1.1202E-2 9.49824E-3 1.11866E-2 8.8409E-3 1.4564E-2 1.1282E-2 9.88955E-3 1.76091E-2 1.64232E-2 1.14235E-2 1.05191E-2 9.36657E-3 1.30518E-2 1.21818E-2 1.76622E-2 2.04315E-2 1.94214E-2 1.62303E-2 1.73879E-2 2.44695E-2 1.82074E-2 1.50904E-2 9.1167E-3 8.98532E-3 9.63029E-3 1.22266E-2 1.21059E-2 1.28927E-2 1.66534E-2 1.5991E-2 1.09513E-2 1.66158E-2 1.52294E-2 1.64784E-2 1.85089E-2 1.69485E-2 1.08605E-2 1.87561E-2 2.13586E-2 1.98511E-2 1.81905E-2 1.88845E-2 1.78876E-2 1.98136E-2 2.61202E-2 2.61019E-2 2.05409E-2 1.78038E-2 1.93603E-2 1.83465E-2 1.56724E-2 1.76168E-2 2.08988E-2 2.53862E-2 2.13622E-2 2.18363E-2 2.03162E-2
9.83779E-3 9.16888E-3 1.48384E-2 1.34829E-2 1.4212E-2 1.00543E-2 1.51487E-2 1.12148E-2 1.16042E-2 1.36164E-2 1.11717E-2 1.40299E-2 1.65161E-2 1.41622E-2 8.91842E-3 1.27905E-2 1.00174E-2 1.16505E-2 1.03275E-2 1.77513E-2 2.01019E-2 1.88884E-2 1.80845E-2 1.92296E-2 1.722E-2 1.52408E-2 9.79134E-3 8.85677E-3 9.96239E-3 2.02882E-2 2.10798E-2 1.8779E-2 1.77523E-2 1.57006E-2 1.19001E-2 1.55979E-2 2.02475E-2 1.89472E-2 1.85051E-2 1.87048E-2 1.32185E-2 1.17839E-2 2.16176E-2 2.75472E-2 2.73621E-2 2.60731E-2 1.82645E-2 1.21119E-2 1.69627E-2 1.76679E-2 1.662E-2 1.28212E-2 1.94665E-2 2.01895E-2 1.9721E-2 1.96737E-2 1.8745E-2 1.8295E-2 1.97314E-2 1.97777E-2 2.11824E-2
1.31196E-2 9.67603E-3 1.39311E-2 1.42222E-2 1.33834E-2 1.33213E-2 1.06479E-2 1.47179E-2 1.39646E-2 1.46733E-2 1.48402E-2 1.4912E-2 1.52709E-2 1.71522E-2 1.11072E-2 1.06901E-2 1.13675E-2 2.03893E-2 1.23113E-2 1.08226E-2 1.53445E-2 1.21311E-2 1.54169E-2 1.82074E-2 1.77534E-2 1.48166E-2 1.08605E-2 8.80576E-3 9.79132E-3 1.92664E-2 2.39088E-2 2.66726E-2 1.88782E-2 1.66301E-2 1.88218E-2 1.96393E-2 1.18385E-2 1.13058E-2 1.24281E-2 1.59877E-2 1.12079E-2 9.96143E-3 1.86992E-2 2.2621E-2 2.19851E-2 2.1272E-2 1.84507E-2 1.22835E-2 1.11108E-2 8.96047E-3 1.00382E-2 1.14046E-2 1.19117E-2 1.65166E-2 1.05235E-2 1.37973E-2 2.08148E-2 2.08102E-2 1.77226E-2 1.42823E-2 1.08216E-2
1.16714E-2 9.97445E-3 1.05328E-2 1.40651E-2 1.45448E-2 1.03953E-2 1.34338E-2 1.79802E-2 1.82802E-2 1.7362E-2 1.68485E-2 1.76936E-2 1.5392E-2 9.55423E-3 1.05644E-2 1.12621E-2 9.48312E-3 1.82441E-2 1.93873E-2 1.91605E-2 2.11521E-2 1.88649E-2 1.63611E-2 2.20806E-2 1.76972E-2 1.54259E-2 1.11419E-2 8.85728E-3 9.1163E-3 1.44047E-2 2.24319E-2 2.7411E-2 2.58771E-2 2.07533E-2 1.69978E-2 1.26217E-2 1.76637E-2 1.76943E-2 1.7472E-2 1.49079E-2 1.48901E-2 1.60334E-2 1.14159E-2 1.22543E-2 1.7772E-2 1.8138E-2 1.94258E-2 1.6865E-2 1.53692E-2 1.04599E-2 1.88749E-2 2.0806E-2 1.39903E-2 1.89748E-2 1.67283E-2 1.05544E-2 1.18468E-2 1.94804E-2 2.20385E-2 1.03032E-2 1.28272E-2
1.32801E-2 1.29222E-2 1.19092E-2 1.08459E-2 1.44046E-2 1.36124E-2 1.4758E-2 1.60115E-2 1.754E-2 2.31129E-2 1.74897E-2 1.75703E-2 1.17207E-2 1.4077E-2 1.5877E-2 1.48762E-2 1.13893E-2 1.04867E-2 1.75395E-2 1.68904E-2 2.56431E-2 2.03772E-2 1.88454E-2 2.22903E-2 1.67744E-2 1.79516E-2 1.68645E-2 1.38821E-2 9.27596E-3 1.32894E-2 2.27222E-2 2.89932E-2 2.79937E-2 1.80841E-2 1.58897E-2 1.60954E-2 1.70341E-2 1.97244E-2 1.9428E-2 1.97258E-2 1.95845E-2 1.77499E-2 1.16685E-2 1.30908E-2 2.20023E-2 2.2199E-2 2.20573E-2 2.05272E-2 1.70298E-2 1.85373E-2 1.92775E-2 1.38494E-2 2.07665E-2 2.77923E-2 2.23471E-2 2.10689E-2 1.12682E-2 1.28063E-2 1.8939E-2 1.32001E-2 1.82777E-2
1.59153E-2 1.5855E-2 1.35665E-2 1.06254E-2 1.33413E-2 1.27807E-2 1.28633E-2 1.16399E-2 1.38283E-2 1.49783E-2 1.22674E-2 1.67157E-2 1.4189E-2 1.47672E-2 1.67765E-2 1.66469E-2 1.6498E-2 1.0485E-2 1.76823E-2 1.76969E-2 1.85595E-2 1.9236E-2 2.32302E-2 2.38244E-2 1.76072E-2 1.88218E-2 1.64335E-2 1.62058E-2 9.37669E-3 1.18085E-2 2.11348E-2 1.84775E-2 1.7736E-2 1.86934E-2 1.98561E-2 1.49392E-2 1.22615E-2 1.99738E-2 1.82497E-2 1.74822E-2 1.20208E-2 2.04189E-2 1.72486E-2 1.0311E-2 1.91721E-2 2.06664E-2 1.81122E-2 1.9628E-2 2.15411E-2 2.18601E-2 2.09385E-2 1.25118E-2 1.81375E-2 1.20883E-2 1.24058E-2 1.06969E-2 1.84807E-2 1.21088E-2 1.19022E-2 1.13653E-2 9.80967E-3
1.7628E-2 1.66912E-2 1.62725E-2 1.42916E-2 1.31709E-2 1.28199E-2 1.28148E-2 1.4314E-2 1.36296E-2 1.09248E-2 1.71118E-2 1.8121E-2 1.72894E-2 1.43022E-2 1.75167E-2 1.71157E-2 1.62168E-2 1.6075E-2 1.0883E-2 1.91173E-2 2.4086E-2 1.73915E-2 2.66332E-2 1.90009E-2 1.63268E-2 1.21886E-2 1.61973E-2 1.37202E-2 9.37674E-3 1.10196E-2 1.97351E-2 2.31889E-2 1.94405E-2 1.92487E-2 1.6732E-2 1.56356E-2 1.80897E-2 2.51802E-2 2.61733E-2 1.73811E-2 1.23715E-2 2.79502E-2 1.87683E-2 1.06721E-2 1.54706E-2 1.85683E-2 1.90982E-2 2.68455E-2 1.83419E-2 1.41659E-2 1.44988E-2 1.33983E-2 1.12766E-2 1.52752E-2 1.58145E-2 1.29484E-2 1.4374E-2 2.96575E-2 2.1757E-2 2.05445E-2 1.83291E-2
1.80386E-2 1.77241E-2 1.7295E-2 1.6037E-2 1.42463E-2 1.50228E-2 1.34268E-2 1.40181E-2 1.38843E-2 1.19172E-2 1.74272E-2 2.36566E-2 2.19391E-2 1.69256E-2 1.48641E-2 1.6675E-2 1.4569E-2 1.78796E-2 1.10698E-2 1.67852E-2 2.54707E-2 2.00267E-2 2.54216E-2 2.46578E-2 1.67217E-2 1.16089E-2 1.62366E-2 1.65822E-2 1.04009E-2 9.82935E-3 1.32975E-2 2.28371E-2 2.76447E-2 1.97965E-2 1.95594E-2 1.80026E-2 1.9885E-2 2.7359E-2 2.09137E-2 1.34633E-2 1.69485E-2 1.79502E-2 2.03852E-2 1.31334E-2 1.60295E-2 1.59067E-2 1.71785E-2 1.98447E-2 1.63349E-2 1.2664E-2 1.69798E-2 2.11194E-2 2.64184E-2 2.89588E-2 2.90857E-2 2.23321E-2 1.3885E-2 2.05593E-2 3.26877E-2 3.15928E-2 3.03572E-2
1.79113E-2 1.79037E-2 1.56779E-2 1.51282E-2 1.37231E-2 1.4665E-2 1.34799E-2 1.4543E-2 1.4312E-2 1.07813E-2 1.63326E-2 2.62924E-2 1.71363E-2 1.4882E-2 1.54582E-2 1.73195E-2 1.56308E-2 1.90729E-2 1.45249E-2 1.96365E-2 1.64186E-2 1.6652E-2 2.57801E-2 1.84998E-2 1.76237E-2 1.26854E-2 1.85884E-2 1.66963E-2 1.6885E-2 1.25063E-2 1.08701E-2 1.31729E-2 1.78277E-2 2.82629E-2 2.64687E-2 1.84981E-2 1.92721E-2 1.91419E-2 1.98693E-2 1.26566E-2 1.90201E-2 1.87683E-2 1.84655E-2 1.66105E-2 1.76034E-2 1.713E-2 1.99478E-2 2.30897E-2 2.05251E-2 1.62058E-2 1.10196E-2 1.83746E-2 2.10258E-2 2.13793E-2 2.44764E-2 2.2533E-2 1.49219E-2 1.24434E-2 1.96695E-2 2.19978E-2 2.16921E-2
1.75553E-2 1.74724E-2 2.05417E-2 1.48195E-2 1.40363E-2 1.57695E-2 1.46438E-2 1.45002E-2 1.35654E-2 1.40065E-2 1.12565E-2 1.9692E-2 2.30197E-2 1.60165E-2 1.59095E-2 1.94053E-2 1.44964E-2 1.70293E-2 1.8058E-2 1.86122E-2 1.51002E-2 1.51632E-2 1.84024E-2 1.7016E-2 1.76102E-2 1.71159E-2 2.74245E-2 2.07412E-2 2.87346E-2 2.69635E-2 1.78223E-2 2.10021E-2 1.64652E-2 1.7375E-2 2.13407E-2 1.93831E-2 1.81257E-2 2.27396E-2 1.66725E-2 1.2052E-2 1.85131E-2 2.03938E-2 2.11369E-2 2.74081E-2 2.96115E-2 2.7534E-2 2.2362E-2 2.09836E-2 2.11446E-2 1.76737E-2 2.03662E-2 2.17168E-2 2.22325E-2 1.85129E-2 1.8364E-2 1.22889E-2 1.92289E-2 1.321E-2 1.067E-2 1.10303E-2 2.05991E-2
1.64171E-2 2.0788E-2 2.03359E-2 2.06837E-2 1.58001E-2 1.50944E-2 1.60221E-2 1.46693E-2 1.39512E-2 1.46019E-2 1.12873E-2 1.66361E-2 2.57882E-2 2.17606E-2 1.54557E-2 2.4291E-2 1.64065E-2 1.49595E-2 1.63747E-2 1.9038E-2 1.66169E-2 1.68783E-2 1.90262E-2 1.90487E-2 2.08568E-2 2.79638E-2 2.96892E-2 2.96115E-2 2.89152E-2 2.90659E-2 2.75313E-2 2.11215E-2 1.77876E-2 1.68715E-2 1.75884E-2 2.06977E-2 1.85971E-2 1.7083E-2 1.6592E-2 1.69593E-2 2.02394E-2 3.05255E-2 3.06432E-2 2.96745E-2 2.86974E-2 2.87113E-2 2.3396E-2 2.38814E-2 2.79142E-2 2.1278E-2 2.29938E-2 3.115E-2 2.18798E-2 2.22941E-2 1.21943E-2 1.91721E-2 1.89854E-2 1.86174E-2 1.90249E-2 2.20493E-2 1.22532E-2
1.69907E-2 2.24873E-2 1.71433E-2 2.13469E-2 2.03596E-2 1.51703E-2 2.05535E-2 1.67226E-2 1.49476E-2 1.46241E-2 1.40163E-2 1.41578E-2 2.50098E-2 2.63355E-2 1.70603E-2 1.80587E-2 1.57709E-2 1.49597E-2 1.72707E-2 1.68182E-2 2.34968E-2 2.65763E-2 2.65433E-2 2.65095E-2 2.23519E-2 2.9553E-2 2.03211E-2 1.77513E-2 1.54156E-2 1.48496E-2 1.6332E-2 1.71016E-2 1.84529E-2 1.84841E-2 2.00653E-2 1.99478E-2 1.94277E-2 1.80584E-2 1.91339E-2 1.98901E-2 1.88761E-2 1.95053E-2 2.1383E-2 2.81989E-2 2.25344E-2 1.97294E-2 1.84855E-2 1.34586E-2 2.05073E-2 2.95539E-2 2.0357E-2 1.45407E-2 2.00456E-2 1.39225E-2 1.87593E-2 2.02714E-2 1.40507E-2 2.58323E-2 2.20371E-2 2.0145E-2 1.46061E-2
1.57065E-2 1.61406E-2 1.67833E-2 2.13836E-2 2.13537E-2 2.14464E-2 2.22757E-2 1.65808E-2 1.50802E-2 1.48717E-2 1.39786E-2 1.4678E-2 1.85653E-2 2.71037E-2 2.54867E-2 2.41145E-2 2.34465E-2 1.73195E-2 1.74213E-2 1.70337E-2 2.47685E-2 2.49898E-2 2.69683E-2 1.88515E-2 1.82132E-2 1.73106E-2 1.69301E-2 1.62797E-2 1.67995E-2 1.63354E-2 1.72806E-2 1.64187E-2 1.84304E-2 2.46721E-2 1.80682E-2 1.98374E-2 1.77856E-2 1.91339E-2 1.73049E-2 1.85373E-2 1.25169E-2 1.40426E-2 1.37233E-2 2.04095E-2 2.20454E-2 1.93329E-2 1.61613E-2 1.40846E-2 1.69674E-2 1.28163E-2 1.16434E-2 2.04433E-2 1.29886E-2 2.04293E-2 2.10287E-2 1.90199E-2 1.22649E-2 1.71521E-2 3.53159E-2 3.36348E-2 2.30343E-2
1.42497E-2 1.6853E-2 2.43994E-2 2.15359E-2 2.18685E-2 2.18622E-2 2.35344E-2 2.18447E-2 2.32915E-2 1.56611E-2 1.37778E-2 1.51214E-2 1.89302E-2 2.568E-2 2.31245E-2 2.52515E-2 2.62174E-2 2.25798E-2 2.2703E-2 1.79319E-2 1.84077E-2 1.97055E-2 1.9836E-2 1.56449E-2 1.86121E-2 3.18412E-2 2.80193E-2 1.91468E-2 1.96028E-2 1.83466E-2 1.75147E-2 2.32587E-2 1.76854E-2 1.74951E-2 1.74425E-2 1.70178E-2 1.77014E-2 1.90241E-2 1.64969E-2 1.68752E-2 1.77912E-2 2.98956E-2 3.02804E-2 1.9827E-2 1.8976E-2 1.70644E-2 1.60515E-2 1.80856E-2 2.09925E-2 2.31418E-2 1.7624E-2 1.91721E-2 1.78769E-2 1.7494E-2 2.1378E-2 2.97904E-2 1.85622E-2 1.21446E-2 2.39707E-2 3.61888E-2 3.15936E-2
2.15637E-2 1.55503E-2 1.82739E-2 2.30951E-2 1.61119E-2 1.80015E-2 2.49088E-2 2.37519E-2 2.54638E-2 2.37795E-2 1.5664E-2 1.69296E-2 2.72662E-2 2.73743E-2 2.72974E-2 2.40152E-2 2.49917E-2 2.47462E-2 2.4361E-2 1.87969E-2 1.67721E-2 1.69753E-2 2.64603E-2 1.78277E-2 1.74156E-2 3.20287E-2 2.84778E-2 2.77448E-2 1.91477E-2 2.49542E-2 2.63376E-2 2.66893E-2 2.85269E-2 2.47023E-2 1.80682E-2 1.778E-2 1.79017E-2 1.89646E-2 2.40993E-2 1.75799E-2 1.75472E-2 1.97512E-2 2.25833E-2 3.28786E-2 2.93489E-2 1.94072E-2 2.49714E-2 1.85819E-2 1.75383E-2 1.38716E-2 2.01099E-2 2.78125E-2 2.73492E-2 2.79989E-2 3.37905E-2 3.65955E-2 3.61396E-2 2.45841E-2 1.35965E-2 1.61524E-2 1.98007E-2
2.74677E-2 2.80362E-2 2.67948E-2 2.79315E-2 2.33283E-2 1.67753E-2 2.5545E-2 2.61953E-2 2.67848E-2 2.69899E-2 2.45433E-2 1.65411E-2 2.85266E-2 2.7739E-2 2.46417E-2 2.60827E-2 2.63663E-2 2.56045E-2 2.32049E-2 2.43894E-2 2.32748E-2 1.73459E-2 2.04315E-2 1.6855E-2 1.61573E-2 2.98262E-2 2.9773E-2 2.85792E-2 2.68931E-2 2.80291E-2 2.76939E-2 2.77317E-2 2.66278E-2 2.65068E-2 2.76594E-2 2.86263E-2 2.69683E-2 2.75406E-2 2.80674E-2 1.81262E-2 1.9261E-2 1.36713E-2 1.70024E-2 2.45943E-2 3.02412E-2 2.84427E-2 2.10726E-2 2.6373E-2 2.13622E-2 2.006E-2 2.23089E-2 2.16747E-2 3.1073E-2 3.20737E-2 3.23139E-2 2.04215E-2 1.62816E-2 1.63802E-2 2.1837E-2 3.51255E-2 2.22428E-2
2.90386E-2 3.33103E-2 3.29035E-2 2.89307E-2 3.0522E-2 2.30661E-2 1.70202E-2 1.8567E-2 2.52473E-2 2.88223E-2 2.84313E-2 1.78899E-2 2.71765E-2 2.86204E-2 2.74781E-2 2.70344E-2 2.79218E-2 2.78674E-2 2.84637E-2 2.7212E-2 2.45937E-2 1.81819E-2 1.84355E-2 1.56063E-2 1.72876E-2 1.98333E-2 3.22015E-2 2.78412E-2 2.71733E-2 2.84458E-2 3.04029E-2 2.96053E-2 3.04796E-2 3.1465E-2 2.86198E-2 3.14186E-2 3.00233E-2 2.88209E-2 2.94663E-2 2.53515E-2 1.75949E-2 1.31845E-2 1.41096E-2 1.98738E-2 2.81071E-2 2.83196E-2 2.95479E-2 2.67601E-2 1.88295E-2 1.84775E-2 1.87542E-2 1.9238E-2 2.19851E-2 1.93108E-2 1.31457E-2 1.38321E-2 1.56331E-2 1.46607E-2 1.52957E-2 2.1534E-2 3.05102E-2
1.86702E-2 2.11905E-2 3.15733E-2 2.06087E-2 3.27223E-2 3.04627E-2 2.32871E-2 1.94119E-2 2.43631E-2 2.62518E-2 2.90278E-2 2.86261E-2 2.56022E-2 3.14014E-2 3.09101E-2 2.91145E-2 2.95245E-2 2.99411E-2 2.96983E-2 2.98965E-2 2.89883E-2 2.78644E-2 2.18781E-2 1.85522E-2 2.4415E-2 2.1565E-2 3.18424E-2 2.86455E-2 2.91701E-2 2.80636E-2 2.9944E-2 3.24613E-2 3.30998E-2 3.23345E-2 3.08219E-2 3.33528E-2 2.94632E-2 2.13135E-2 3.06661E-2 2.97465E-2 1.88524E-2 1.86008E-2 1.79805E-2 2.04117E-2 3.01804E-2 2.79762E-2 2.75116E-2 3.007E-2 2.00364E-2 1.8905E-2 2.13407E-2 2.1106E-2 2.04928E-2 2.17443E-2 2.08158E-2 3.16522E-2 3.37197E-2 1.80184E-2 2.21239E-2 2.49193E-2 2.41646E-2
1.81635E-2 3.28331E-2 2.03351E-2 1.86352E-2 1.77997E-2 1.99391E-2 1.9044E-2 1.89309E-2 1.98972E-2 2.77783E-2 2.77275E-2 2.87895E-2 2.84964E-2 3.2432E-2 3.20967E-2 3.03105E-2 3.12855E-2 3.23581E-2 3.27374E-2 3.24657E-2 3.15626E-2 3.36604E-2 3.24744E-2 2.03992E-2 2.04117E-2 3.31037E-2 3.17848E-2 3.24083E-2 3.33702E-2 3.29475E-2 3.52044E-2 3.50657E-2 3.46025E-2 3.09382E-2 2.57582E-2 3.44125E-2 3.23702E-2 3.06661E-2 3.04524E-2 3.08298E-2 3.02977E-2 2.21382E-2 1.91854E-2 2.92375E-2 3.12008E-2 3.18232E-2 3.00347E-2 2.83197E-2 2.73129E-2 3.01978E-2 3.04701E-2 3.35559E-2 3.33939E-2 3.17443E-2 3.15865E-2 3.35529E-2 2.50983E-2 1.56698E-2 3.76447E-2 3.44786E-2 3.45429E-2
1.92553E-2 3.48552E-2 2.38893E-2 1.94279E-2 1.85177E-2 2.36126E-2 2.3956E-2 1.90995E-2 1.8548E-2 2.75651E-2 2.79189E-2 2.08815E-2 2.01925E-2 3.10216E-2 3.32521E-2 3.29704E-2 3.1889E-2 2.77942E-2 2.26198E-2 3.17004E-2 3.00158E-2 2.84779E-2 2.156E-2 1.82281E-2 1.77469E-2 2.3494E-2 2.95842E-2 2.23237E-2 1.93016E-2 1.83792E-2 2.04797E-2 2.14978E-2 2.16674E-2 2.42346E-2 3.36638E-2 3.6524E-2 3.54324E-2 3.53346E-2 3.0943E-2 3.50551E-2 3.42907E-2 3.30362E-2 2.33859E-2 3.00392E-2 3.19543E-2 2.52318E-2 3.10287E-2 3.10453E-2 3.20608E-2 3.45617E-2 3.2586E-2 2.34359E-2 3.38887E-2 3.2955E-2 3.27288E-2 2.4378E-2 2.21086E-2 2.18151E-2 2.75871E-2 3.8854E-2 4.05602E-2
2.54208E-2 2.56225E-2 2.35588E-2 2.22519E-2 3.08512E-2 2.76254E-2 3.5485E-2 3.39413E-2 2.091E-2 2.03722E-2 2.78381E-2 2.13749E-2 2.79814E-2 2.65021E-2 2.6587E-2 1.99068E-2 2.07712E-2 1.80627E-2 1.75887E-2 1.70727E-2 1.88962E-2 2.14047E-2 1.79113E-2 1.79363E-2 2.28213E-2 2.94235E-2 1.87891E-2 1.91105E-2 1.86356E-2 1.67357E-2 1.45913E-2 2.07656E-2 1.43861E-2 1.50228E-2 2.16473E-2 2.25252E-2 2.28925E-2 2.09266E-2 2.50428E-2 2.28447E-2 3.6496E-2 2.61758E-2 2.61552E-2 3.61838E-2 3.62525E-2 2.62055E-2 3.76099E-2 3.53877E-2 3.56425E-2 3.69064E-2 3.66792E-2 3.19512E-2 3.80014E-2 3.67213E-2 3.73651E-2 3.9523E-2 3.87202E-2 2.72046E-2 2.54688E-2 4.38396E-2 4.27312E-2
1.99637E-2 2.82584E-2 2.60706E-2 2.65199E-2 2.37197E-2 2.93715E-2 3.44637E-2 2.79964E-2 3.18367E-2 1.86452E-2 1.86382E-2 1.77913E-2 1.81925E-2 1.89074E-2 2.66721E-2 2.7241E-2 3.36752E-2 3.01145E-2 3.08908E-2 2.97421E-2 2.74179E-2 2.02806E-2 1.88154E-2 2.11125E-2 3.37739E-2 2.20295E-2 2.05945E-2 2.70782E-2 2.05163E-2 1.87661E-2 1.45886E-2 1.76282E-2 1.42191E-2 1.75832E-2 1.4512E-2 1.96855E-2 1.94509E-2 2.44166E-2 2.48474E-2 2.11699E-2 1.58252E-2 2.23681E-2 2.13888E-2 2.09499E-2 2.4498E-2 2.56705E-2 3.68671E-2 3.91449E-2 3.97958E-2 4.08366E-2 4.04331E-2 3.83775E-2 3.79468E-2 3.97563E-2 3.7749E-2 3.04788E-2 3.8692E-2 3.79248E-2 2.31891E-2 3.84051E-2 2.44313E-2
2.95171E-2 3.04544E-2 3.18899E-2 2.77417E-2 2.5719E-2 3.64374E-2 2.3603E-2 3.73819E-2 3.67673E-2 3.18099E-2 3.26664E-2 3.34874E-2 2.8969E-2 2.86866E-2 2.17533E-2 2.18648E-2 3.04865E-2 3.34187E-2 3.45791E-2 3.38552E-2 3.09871E-2 2.99201E-2 2.29719E-2 2.18392E-2 3.51679E-2 3.14027E-2 2.76378E-2 2.5123E-2 2.6935E-2 2.14778E-2 2.2758E-2 2.12714E-2 2.15291E-2 1.89472E-2 1.79924E-2 1.79388E-2 1.53276E-2 2.48311E-2 1.95937E-2 1.8525E-2 2.30821E-2 3.59326E-2 2.67291E-2 2.74245E-2 3.85133E-2 2.12305E-2 2.18885E-2 2.62431E-2 2.36674E-2 1.81763E-2 2.568E-2 2.76399E-2 2.71141E-2 2.94537E-2 2.74693E-2 1.74937E-2 1.72912E-2 2.15022E-2 1.61617E-2 2.54397E-2 4.22265E-2
2.77701E-2 2.42275E-2 2.97385E-2 3.03873E-2 3.04981E-2 3.78283E-2 2.94096E-2 2.76787E-2 2.6052E-2 2.49307E-2 4.12467E-2 4.00616E-2 3.92214E-2 3.96861E-2 4.07575E-2 3.79828E-2 3.68214E-2 3.43439E-2 3.44334E-2 3.17941E-2 3.0082E-2 2.03128E-2 3.10022E-2 3.12787E-2 3.27853E-2 3.08626E-2 2.75607E-2 2.47719E-2 2.22824E-2 2.19678E-2 2.44748E-2 3.5005E-2 2.91871E-2 2.30619E-2 2.36632E-2 2.10669E-2 2.07608E-2 2.18734E-2 1.77902E-2 1.57316E-2 2.69021E-2 3.402E-2 2.57168E-2 2.25524E-2 1.97531E-2 1.68757E-2 2.634E-2 3.79481E-2 2.57133E-2 2.05497E-2 1.48032E-2 1.58222E-2 1.73892E-2 2.07323E-2 2.05325E-2 1.69903E-2 2.43476E-2 3.85335E-2 4.25616E-2 4.83782E-2 5.00536E-2
2.02548E-2 1.91356E-2 2.05882E-2 2.81137E-2 3.91064E-2 4.25563E-2 3.02211E-2 2.93734E-2 3.74382E-2 2.3478E-2 3.6529E-2 4.03229E-2 3.61303E-2 3.04114E-2 3.08794E-2 3.77382E-2 3.9826E-2 3.43446E-2 2.84913E-2 3.31699E-2 3.32805E-2 2.85141E-2 2.0925E-2 2.97085E-2 3.32607E-2 3.02995E-2 2.89309E-2 2.8889E-2 2.99724E-2 3.12392E-2 3.13136E-2 3.69765E-2 3.57005E-2 3.7071E-2 3.65161E-2 3.63578E-2 3.75355E-2 3.254E-2 2.31173E-2 2.2559E-2 2.12308E-2 1.5964E-2 1.64098E-2 1.52495E-2 1.58786E-2 1.45625E-2 1.49903E-2 2.1981E-2 2.00783E-2 2.00752E-2 2.19016E-2 2.08465E-2 2.47293E-2 2.29341E-2 4.00327E-2 4.05422E-2 4.19597E-2 4.51266E-2 4.70962E-2 3.42331E-2 2.66148E-2
