Artocarpus heterophyllus SDM files/MIS19/results (with bias file)/Arthet_min.asc
ncols         625
nrows         721
xllcorner     69.99986311115
yllcorner     5.99986187915
cellsize      0.041666667
NODATA_value  -9999
[rows 297 to 323 of 721, columns 122 to 182 of 625]
3.88263E-1 3.90694E-1 3.90958E-1 4.01697E-1 4.19376E-1 3.98656E-1 3.96736E-1 4.0561E-1 4.15954E-1 4.0164E-1 3.97415E-1 3.935E-1 3.99896E-1 4.11845E-1 4.15876E-1 4.05694E-1 3.97949E-1 3.93459E-1 4.10699E-1 4.18314E-1 4.24863E-1 4.2402E-1 4.02229E-1 3.94941E-1 4.02773E-1 3.95609E-1 3.92128E-1 4.03734E-1 4.35701E-1 4.23085E-1 4.0605E-1 4.07631E-1 4.20396E-1 4.39336E-1 4.44258E-1 4.01449E-1 3.86429E-1 3.7239E-1 3.79147E-1 3.85713E-1 4.02101E-1 4.06339E-1 4.0942E-1 3.94932E-1 3.94146E-1 4.05276E-1 4.118E-1 4.25599E-1 3.56712E-1 3.83541E-1 3.94818E-1 3.98247E-1 4.13769E-1 3.98336E-1 3.91589E-1 3.74185E-1 3.91771E-1 3.3825E-1 3.40958E-1 3.4146E-1 3.49644E-1
3.49191E-1 3.8887E-1 3.89303E-1 4.01901E-1 4.20473E-1 3.98167E-1 3.98399E-1 4.07131E-1 4.17613E-1 4.03483E-1 3.92923E-1 3.86824E-1 3.90354E-1 4.13685E-1 4.07439E-1 4.06005E-1 3.95794E-1 3.87939E-1 3.9845E-1 4.07492E-1 4.20925E-1 4.1118E-1 3.97397E-1 3.90794E-1 3.93853E-1 3.93499E-1 3.94103E-1 4.0321E-1 4.33367E-1 4.2572E-1 3.68024E-1 3.60232E-1 4.07498E-1 4.26192E-1 4.33986E-1 3.9822E-1 3.90069E-1 3.70392E-1 3.78799E-1 3.88289E-1 4.04655E-1 4.08796E-1 3.99592E-1 3.94587E-1 3.93996E-1 4.06186E-1 4.11899E-1 4.03853E-1 3.97638E-1 4.56034E-1 4.75078E-1 4.71228E-1 4.25709E-1 3.97141E-1 3.79957E-1 3.87363E-1 3.97864E-1 3.59006E-1 3.4616E-1 3.38761E-1 3.36806E-1
3.54432E-1 3.51301E-1 3.94747E-1 4.00249E-1 4.20059E-1 3.99249E-1 3.92997E-1 4.08041E-1 4.18644E-1 4.06549E-1 3.95835E-1 3.8742E-1 3.90462E-1 4.08114E-1 4.19043E-1 4.0934E-1 3.98893E-1 3.88061E-1 3.89358E-1 3.99923E-1 4.06959E-1 4.1129E-1 4.13524E-1 4.06606E-1 4.02728E-1 4.02992E-1 3.9775E-1 3.92853E-1 4.12717E-1 4.25271E-1 3.7337E-1 3.61706E-1 4.05586E-1 4.2199E-1 4.45893E-1 3.91862E-1 3.88465E-1 3.70571E-1 3.68966E-1 3.84295E-1 4.02381E-1 4.08911E-1 4.10896E-1 3.97865E-1 3.96587E-1 3.97424E-1 3.98973E-1 3.83211E-1 3.89428E-1 4.47142E-1 4.67698E-1 4.83613E-1 4.85659E-1 4.25928E-1 3.95882E-1 3.96094E-1 3.93102E-1 4.00066E-1 4.22056E-1 3.5021E-1 3.47585E-1
3.91781E-1 3.94375E-1 3.94084E-1 4.03322E-1 4.1855E-1 3.96686E-1 3.88715E-1 4.06826E-1 4.1546E-1 4.19691E-1 3.9715E-1 3.88267E-1 3.89013E-1 3.94399E-1 4.19091E-1 4.11285E-1 3.97707E-1 3.89382E-1 3.92233E-1 3.94341E-1 3.93774E-1 4.01381E-1 4.10647E-1 4.10028E-1 4.09782E-1 4.02153E-1 4.03443E-1 3.94917E-1 4.06438E-1 4.22913E-1 4.25254E-1 4.02784E-1 4.05997E-1 4.23024E-1 4.3234E-1 4.37682E-1 3.85306E-1 3.70769E-1 3.80495E-1 3.89504E-1 3.89552E-1 4.07773E-1 4.13803E-1 4.01311E-1 3.96587E-1 3.99746E-1 3.93345E-1 3.91771E-1 3.89539E-1 4.08965E-1 4.58883E-1 4.73E-1 4.74165E-1 4.20477E-1 3.99717E-1 3.90688E-1 3.9081E-1 3.91307E-1 4.07549E-1 3.75658E-1 3.43032E-1
3.45502E-1 3.47444E-1 3.95037E-1 4.01592E-1 4.06448E-1 3.98329E-1 3.87458E-1 3.88381E-1 4.02981E-1 4.08545E-1 3.97115E-1 3.88009E-1 3.93856E-1 3.96867E-1 4.20128E-1 4.11659E-1 4.00876E-1 3.92328E-1 3.95881E-1 3.95319E-1 3.93121E-1 3.99571E-1 4.04774E-1 4.09687E-1 4.03892E-1 4.04584E-1 4.00638E-1 3.94334E-1 4.00121E-1 4.19698E-1 3.69453E-1 4.03876E-1 4.0162E-1 4.16813E-1 4.34823E-1 3.89541E-1 3.73466E-1 3.70019E-1 3.72358E-1 3.93961E-1 3.92165E-1 4.07231E-1 4.13286E-1 4.02302E-1 3.84865E-1 3.90661E-1 3.92233E-1 3.91779E-1 4.08561E-1 4.17146E-1 4.20513E-1 4.64302E-1 4.21608E-1 4.12329E-1 3.40799E-1 3.36922E-1 3.36389E-1 3.79947E-1 4.00409E-1 3.68968E-1 3.59153E-1
3.4421E-1 3.85251E-1 3.96896E-1 4.0551E-1 4.02088E-1 3.97495E-1 3.85949E-1 3.89414E-1 4.02148E-1 4.0797E-1 3.92627E-1 3.85501E-1 3.93963E-1 4.05367E-1 4.1145E-1 4.03605E-1 4.00008E-1 3.97386E-1 3.97366E-1 4.00906E-1 3.98894E-1 3.91027E-1 4.02993E-1 4.09175E-1 4.07372E-1 4.08781E-1 3.99792E-1 4.04346E-1 4.01281E-1 4.15568E-1 3.69196E-1 3.61127E-1 4.00478E-1 4.20147E-1 3.83196E-1 3.74645E-1 3.66802E-1 3.70146E-1 3.79728E-1 3.9191E-1 3.9733E-1 4.07231E-1 4.11705E-1 4.01311E-1 3.91985E-1 3.81596E-1 3.93491E-1 3.97695E-1 4.16801E-1 4.15142E-1 4.8895E-1 4.18999E-1 4.74225E-1 3.55531E-1 3.38319E-1 3.41156E-1 3.45581E-1 3.4251E-1 3.50293E-1 3.47081E-1 3.43145E-1
3.45078E-1 3.85912E-1 3.98297E-1 4.0289E-1 4.00656E-1 3.94374E-1 3.88633E-1 3.88795E-1 4.03536E-1 4.0882E-1 3.90592E-1 3.84841E-1 3.90745E-1 3.91689E-1 4.03999E-1 4.14592E-1 4.06022E-1 4.10872E-1 3.59953E-1 3.94E-1 3.94106E-1 3.9274E-1 4.00564E-1 4.13641E-1 4.09551E-1 4.07207E-1 4.00562E-1 4.09731E-1 4.02578E-1 4.14983E-1 3.70671E-1 4.0063E-1 4.00414E-1 4.1998E-1 3.83632E-1 3.72035E-1 3.64844E-1 3.65641E-1 4.13446E-1 4.33421E-1 4.49527E-1 4.53286E-1 4.14648E-1 3.99491E-1 3.83242E-1 3.90509E-1 4.02959E-1 3.99152E-1 4.2126E-1 4.1927E-1 4.72326E-1 4.85485E-1 4.7886E-1 3.50577E-1 3.40119E-1 3.37069E-1 3.4439E-1 3.62487E-1 3.71045E-1 3.4454E-1 3.65404E-1
3.95683E-1 3.94662E-1 4.0137E-1 4.00976E-1 4.01341E-1 3.92019E-1 3.88739E-1 3.8703E-1 3.92654E-1 4.07086E-1 3.96918E-1 3.86814E-1 3.90518E-1 3.97373E-1 3.86048E-1 4.04326E-1 4.07766E-1 4.03225E-1 4.06073E-1 3.97258E-1 3.98244E-1 3.9224E-1 4.03414E-1 4.09392E-1 4.09395E-1 4.00021E-1 3.95075E-1 4.07536E-1 4.1269E-1 4.09081E-1 3.72094E-1 3.65144E-1 3.97469E-1 4.19641E-1 4.28473E-1 3.71191E-1 3.65583E-1 3.63151E-1 3.73543E-1 3.7989E-1 3.95528E-1 3.99852E-1 4.05186E-1 3.85972E-1 3.84371E-1 3.91446E-1 4.05647E-1 4.02714E-1 4.13803E-1 4.30133E-1 4.86621E-1 4.90226E-1 4.26198E-1 3.48752E-1 3.47794E-1 3.44267E-1 4.03163E-1 3.69869E-1 3.61015E-1 3.6225E-1 4.26764E-1
4.11972E-1 4.01555E-1 4.03451E-1 4.00573E-1 3.96966E-1 3.86262E-1 3.90992E-1 3.87094E-1 3.83651E-1 3.98994E-1 4.05588E-1 3.93745E-1 3.90564E-1 3.99104E-1 3.89867E-1 3.89739E-1 3.98748E-1 4.04749E-1 4.03717E-1 3.63363E-1 4.02712E-1 3.9255E-1 3.97033E-1 4.07676E-1 3.69441E-1 4.01068E-1 4.11771E-1 3.98959E-1 4.15484E-1 4.13901E-1 3.71397E-1 4.00828E-1 3.98152E-1 4.20578E-1 4.29274E-1 3.7256E-1 3.65424E-1 4.05251E-1 4.30959E-1 3.83785E-1 4.39155E-1 4.44705E-1 4.02845E-1 3.84852E-1 3.8394E-1 3.91754E-1 4.17562E-1 4.06301E-1 4.18923E-1 4.17146E-1 4.1765E-1 4.87788E-1 4.20298E-1 3.50846E-1 3.53466E-1 3.40149E-1 3.8973E-1 3.65179E-1 4.18476E-1 4.3019E-1 3.6017E-1
5.70517E-1 4.16569E-1 4.04103E-1 4.14518E-1 3.93004E-1 3.86131E-1 3.93642E-1 3.90568E-1 3.85262E-1 3.90688E-1 4.05815E-1 3.97843E-1 3.88532E-1 4.00605E-1 3.95087E-1 3.89583E-1 3.90138E-1 3.96558E-1 4.01514E-1 4.09424E-1 3.98515E-1 4.02161E-1 4.00871E-1 4.02226E-1 4.15759E-1 4.10446E-1 4.10699E-1 4.02396E-1 4.1257E-1 3.77079E-1 3.70398E-1 4.06084E-1 4.014E-1 4.13702E-1 4.25739E-1 3.72784E-1 3.64685E-1 4.12048E-1 4.30842E-1 4.41445E-1 3.97105E-1 3.99236E-1 4.01567E-1 3.87207E-1 3.83494E-1 3.93368E-1 4.19512E-1 4.14826E-1 4.2224E-1 4.15529E-1 4.09295E-1 4.20591E-1 3.65867E-1 3.61594E-1 3.66198E-1 3.46924E-1 3.40796E-1 3.39771E-1 3.98824E-1 3.73465E-1 3.68789E-1
5.70669E-1 5.7065E-1 4.11227E-1 4.0789E-1 5.31005E-1 3.88694E-1 3.95955E-1 3.89804E-1 3.87704E-1 3.88492E-1 4.00467E-1 3.99813E-1 3.89326E-1 3.91444E-1 3.99757E-1 4.01637E-1 3.88201E-1 3.95761E-1 4.01502E-1 4.07413E-1 3.65512E-1 4.00438E-1 4.01768E-1 4.06008E-1 4.04836E-1 4.1123E-1 4.0932E-1 4.0889E-1 4.10015E-1 4.23925E-1 3.75416E-1 4.08592E-1 3.98672E-1 4.10902E-1 4.28276E-1 3.67384E-1 4.07713E-1 4.09984E-1 4.23578E-1 4.30214E-1 4.30506E-1 3.99282E-1 3.89727E-1 3.81797E-1 3.95202E-1 3.99067E-1 4.07898E-1 4.75343E-1 4.74003E-1 4.78274E-1 4.17104E-1 3.5382E-1 3.6206E-1 3.52808E-1 3.66977E-1 3.59679E-1 3.43657E-1 3.40925E-1 3.41959E-1 3.46126E-1 3.56909E-1
5.59814E-1 5.57203E-1 4.09266E-1 4.07683E-1 3.93745E-1 5.21679E-1 3.85654E-1 3.8536E-1 3.91573E-1 3.90871E-1 3.93401E-1 3.99059E-1 3.90092E-1 3.89733E-1 4.00343E-1 3.97623E-1 3.91912E-1 3.95975E-1 4.02703E-1 4.08526E-1 3.62E-1 3.62423E-1 4.02394E-1 4.0983E-1 4.07686E-1 4.10612E-1 4.10738E-1 4.16197E-1 4.09198E-1 4.1604E-1 3.65445E-1 4.03474E-1 4.04418E-1 4.17099E-1 3.76999E-1 3.68953E-1 4.0768E-1 4.13113E-1 4.18851E-1 4.30864E-1 3.90011E-1 3.86208E-1 3.80978E-1 3.84116E-1 4.02725E-1 4.06502E-1 4.08595E-1 4.06876E-1 4.70578E-1 4.7791E-1 4.16911E-1 3.51797E-1 4.15275E-1 3.58832E-1 3.5199E-1 3.43069E-1 3.38211E-1 3.45625E-1 3.49997E-1 3.47661E-1 3.57873E-1
5.51168E-1 5.57425E-1 5.616E-1 4.06561E-1 5.38569E-1 3.87229E-1 3.85255E-1 3.8452E-1 3.96277E-1 3.88845E-1 3.91042E-1 3.98867E-1 3.97023E-1 3.91049E-1 4.0058E-1 3.9992E-1 3.95433E-1 3.99217E-1 4.02024E-1 4.05735E-1 3.66963E-1 3.62975E-1 3.64958E-1 4.07515E-1 4.0949E-1 4.12138E-1 4.11286E-1 4.15824E-1 3.78303E-1 3.66513E-1 4.02345E-1 4.04934E-1 4.11733E-1 4.20468E-1 4.1709E-1 4.10554E-1 4.12034E-1 4.18864E-1 4.20217E-1 4.31796E-1 3.82036E-1 3.7383E-1 3.84734E-1 3.88569E-1 3.97675E-1 4.17475E-1 4.7412E-1 4.63579E-1 4.62777E-1 4.05315E-1 3.94855E-1 3.56263E-1 4.16035E-1 3.5117E-1 3.5063E-1 3.78012E-1 3.378E-1 3.4181E-1 3.51748E-1 3.58323E-1 3.48435E-1
5.51823E-1 5.57481E-1 5.59469E-1 4.05244E-1 3.89386E-1 3.86483E-1 3.86826E-1 3.86577E-1 3.97494E-1 3.94036E-1 3.88757E-1 3.97046E-1 3.96088E-1 3.9422E-1 4.04047E-1 4.08527E-1 3.99247E-1 3.95901E-1 4.02972E-1 4.05428E-1 4.0707E-1 3.69663E-1 3.67053E-1 4.04649E-1 4.12212E-1 4.11687E-1 4.13774E-1 4.17977E-1 3.71944E-1 4.08343E-1 4.03814E-1 4.0492E-1 4.15044E-1 4.19301E-1 4.18433E-1 4.10236E-1 4.17599E-1 4.20767E-1 4.18412E-1 3.78754E-1 3.74684E-1 3.80054E-1 3.88975E-1 3.91529E-1 3.86161E-1 4.05481E-1 4.71998E-1 4.80636E-1 4.63575E-1 4.08746E-1 4.05185E-1 4.1079E-1 4.06193E-1 4.1873E-1 4.1528E-1 3.81389E-1 3.38279E-1 3.40217E-1 3.55286E-1 3.52633E-1 4.3386E-1
5.3932E-1 5.54863E-1 5.5654E-1 4.03446E-1 3.8892E-1 3.90236E-1 3.8867E-1 3.85082E-1 3.95128E-1 3.93871E-1 3.92183E-1 3.95609E-1 3.94989E-1 3.92439E-1 4.00474E-1 4.03907E-1 4.00916E-1 4.00294E-1 3.99358E-1 4.05931E-1 4.05506E-1 4.08299E-1 3.6742E-1 4.04306E-1 4.12221E-1 4.13774E-1 4.21327E-1 4.08049E-1 4.05398E-1 4.10076E-1 4.01804E-1 4.19855E-1 4.17369E-1 4.17369E-1 4.09424E-1 4.12656E-1 4.18331E-1 3.78938E-1 3.75406E-1 3.71389E-1 3.74846E-1 3.77326E-1 3.88808E-1 3.86432E-1 3.9192E-1 4.01659E-1 4.59129E-1 4.61234E-1 3.99157E-1 4.11939E-1 4.81375E-1 4.16897E-1 4.10575E-1 4.89761E-1 4.16079E-1 3.83096E-1 3.80764E-1 3.41757E-1 3.43883E-1 3.49808E-1 3.65333E-1
5.34221E-1 5.40234E-1 5.53702E-1 4.02911E-1 3.94568E-1 3.94108E-1 3.86299E-1 3.8578E-1 3.99109E-1 3.91259E-1 3.93117E-1 3.95442E-1 4.0182E-1 3.93707E-1 4.02146E-1 4.04256E-1 4.01414E-1 4.01068E-1 4.06696E-1 4.01001E-1 4.11067E-1 4.06901E-1 4.07236E-1 4.09577E-1 4.13139E-1 4.16933E-1 3.75293E-1 4.09047E-1 4.0875E-1 4.0664E-1 4.10142E-1 4.21126E-1 4.23187E-1 4.20732E-1 4.1473E-1 4.17318E-1 4.19526E-1 3.77425E-1 4.11899E-1 4.12406E-1 4.23879E-1 3.78963E-1 3.90055E-1 3.77539E-1 3.90388E-1 3.93861E-1 3.95274E-1 3.93306E-1 3.80374E-1 3.86324E-1 4.18413E-1 4.10814E-1 3.9928E-1 4.21949E-1 4.77493E-1 4.09871E-1 3.5058E-1 3.47947E-1 3.47285E-1 3.408E-1 3.52288E-1
5.36994E-1 5.38898E-1 5.33808E-1 5.29139E-1 3.90624E-1 3.86996E-1 3.8049E-1 3.87006E-1 3.94669E-1 3.88869E-1 3.94237E-1 4.00966E-1 4.00513E-1 3.927E-1 4.02405E-1 4.11006E-1 4.07668E-1 3.99384E-1 4.08068E-1 4.05242E-1 4.0267E-1 4.08784E-1 4.08978E-1 4.18306E-1 4.09991E-1 3.71908E-1 4.11354E-1 4.05987E-1 4.10212E-1 4.19003E-1 4.0888E-1 4.16108E-1 4.25159E-1 4.12862E-1 4.18935E-1 4.17713E-1 3.76437E-1 4.15686E-1 4.13827E-1 4.17399E-1 4.19708E-1 3.92285E-1 3.87722E-1 3.79326E-1 3.89677E-1 3.94063E-1 3.91566E-1 3.8544E-1 3.8529E-1 3.79327E-1 3.89443E-1 4.0692E-1 3.92204E-1 3.94908E-1 3.8262E-1 4.19267E-1 4.79857E-1 3.56012E-1 3.47097E-1 3.43047E-1 3.47127E-1
5.34245E-1 5.46858E-1 5.30759E-1 3.87295E-1 3.82567E-1 3.82018E-1 3.83253E-1 3.95311E-1 3.89344E-1 3.86432E-1 3.97946E-1 4.02208E-1 4.02573E-1 3.97211E-1 3.95713E-1 4.10209E-1 4.09434E-1 4.06992E-1 4.03169E-1 4.09487E-1 4.05962E-1 4.0279E-1 4.11711E-1 3.79592E-1 3.70004E-1 4.10217E-1 4.11157E-1 4.12834E-1 4.17853E-1 4.16705E-1 4.11179E-1 4.1596E-1 4.31066E-1 4.17943E-1 4.22834E-1 4.26434E-1 4.14506E-1 4.12848E-1 4.13153E-1 3.75859E-1 4.15738E-1 4.30442E-1 3.91612E-1 3.84757E-1 3.84921E-1 3.86362E-1 3.79368E-1 3.8158E-1 3.79889E-1 3.84971E-1 3.85461E-1 3.84969E-1 3.94766E-1 3.99011E-1 3.9284E-1 3.8654E-1 3.92926E-1 4.36673E-1 3.6193E-1 3.4908E-1 3.58767E-1
5.34839E-1 5.44058E-1 5.30998E-1 3.82753E-1 3.81095E-1 3.77991E-1 3.87727E-1 3.92526E-1 3.87497E-1 3.85397E-1 3.95843E-1 3.97448E-1 4.04813E-1 4.00724E-1 3.97446E-1 4.08071E-1 4.11212E-1 4.07769E-1 4.05751E-1 4.11272E-1 4.12949E-1 4.04065E-1 4.08308E-1 3.83115E-1 3.67677E-1 4.12128E-1 4.14413E-1 4.17674E-1 4.18164E-1 4.15001E-1 4.14434E-1 4.11239E-1 4.18146E-1 4.23229E-1 4.24713E-1 4.17535E-1 3.74438E-1 4.10403E-1 4.12918E-1 3.78988E-1 4.16372E-1 4.26071E-1 3.83581E-1 3.81885E-1 3.92975E-1 3.79971E-1 3.7755E-1 3.79106E-1 3.82333E-1 3.93123E-1 3.99048E-1 3.84089E-1 4.24813E-1 4.94712E-1 3.84943E-1 3.96627E-1 3.95178E-1 4.54028E-1 4.20309E-1 3.66455E-1 4.15447E-1
5.3319E-1 5.42349E-1 5.25742E-1 5.19674E-1 3.80647E-1 3.79813E-1 3.90574E-1 3.9008E-1 3.9092E-1 3.85472E-1 3.97019E-1 3.96975E-1 4.0405E-1 3.99971E-1 3.95778E-1 4.06495E-1 4.11379E-1 4.08455E-1 4.13167E-1 4.05889E-1 4.13453E-1 4.01292E-1 4.01432E-1 4.10442E-1 4.14875E-1 4.17287E-1 3.80859E-1 4.19265E-1 4.22793E-1 4.12101E-1 4.14507E-1 4.17621E-1 4.13253E-1 4.16928E-1 4.26851E-1 3.78701E-1 3.73536E-1 3.7216E-1 4.11892E-1 3.78902E-1 3.76488E-1 3.70576E-1 4.04801E-1 4.32768E-1 3.95586E-1 4.34897E-1 4.50799E-1 4.68711E-1 4.21327E-1 3.42156E-1 3.54218E-1 3.60164E-1 4.49773E-1 4.86382E-1 3.54688E-1 3.48915E-1 5.08202E-1 4.44586E-1 4.24721E-1 3.60387E-1 4.20909E-1
5.32004E-1 5.35274E-1 5.29961E-1 5.20565E-1 5.15422E-1 3.81265E-1 3.89695E-1 3.84015E-1 3.91629E-1 3.86504E-1 3.9462E-1 4.04651E-1 3.99704E-1 4.00302E-1 3.92736E-1 4.04631E-1 4.11121E-1 4.05038E-1 4.08014E-1 4.05579E-1 4.13622E-1 4.10429E-1 4.08686E-1 4.0697E-1 4.10731E-1 4.14626E-1 3.83768E-1 3.8286E-1 3.71616E-1 4.11258E-1 4.09252E-1 4.10154E-1 4.18843E-1 4.25605E-1 3.80255E-1 3.74341E-1 3.72773E-1 3.74678E-1 4.08282E-1 4.06302E-1 3.68114E-1 3.67958E-1 3.94578E-1 3.81898E-1 3.90892E-1 4.04668E-1 3.69917E-1 4.11343E-1 4.72094E-1 3.45752E-1 3.43079E-1 3.53508E-1 3.86646E-1 4.51881E-1 3.47514E-1 3.6566E-1 3.86116E-1 3.98138E-1 3.97615E-1 3.48521E-1 4.40856E-1
5.21715E-1 5.24582E-1 5.28846E-1 5.17512E-1 5.22203E-1 3.85605E-1 3.86437E-1 3.84624E-1 3.90054E-1 3.8759E-1 3.9352E-1 3.99978E-1 4.0157E-1 4.02141E-1 3.95679E-1 4.00184E-1 4.14563E-1 4.09013E-1 4.03051E-1 4.08924E-1 4.13626E-1 4.08118E-1 4.07825E-1 4.04163E-1 4.0819E-1 4.16601E-1 3.81274E-1 3.712E-1 4.09463E-1 4.15919E-1 4.17756E-1 4.12674E-1 4.12264E-1 4.26604E-1 3.70151E-1 4.05652E-1 4.02382E-1 3.94221E-1 3.66244E-1 3.68166E-1 3.4568E-1 3.77963E-1 3.89829E-1 3.51421E-1 3.41735E-1 3.9475E-1 3.63741E-1 3.48182E-1 3.78842E-1 3.55723E-1 3.47045E-1 3.54143E-1 3.61495E-1 3.62651E-1 3.62601E-1 3.70548E-1 3.70349E-1 4.30787E-1 4.12307E-1 3.14025E-1 3.05863E-1
5.22139E-1 5.27564E-1 5.20737E-1 5.1484E-1 5.20191E-1 3.88429E-1 3.89442E-1 3.83875E-1 3.92003E-1 3.8671E-1 3.88397E-1 3.95099E-1 4.04065E-1 4.04301E-1 3.95502E-1 3.92813E-1 4.05348E-1 4.07713E-1 4.03103E-1 4.10989E-1 4.10072E-1 4.1043E-1 4.08344E-1 4.06099E-1 4.06244E-1 4.0865E-1 3.77866E-1 3.73708E-1 3.71564E-1 4.19987E-1 4.12128E-1 4.08736E-1 4.10915E-1 3.81671E-1 3.70788E-1 3.60079E-1 3.32978E-1 3.32685E-1 3.3853E-1 3.81279E-1 3.48985E-1 3.43298E-1 3.44861E-1 3.45455E-1 3.45574E-1 3.98149E-1 3.5624E-1 3.48701E-1 3.50361E-1 3.53057E-1 3.49917E-1 3.64373E-1 3.57161E-1 3.54731E-1 3.64214E-1 3.62834E-1 3.60117E-1 3.82802E-1 3.67331E-1 3.48085E-1 3.49255E-1
5.26698E-1 5.262E-1 5.19706E-1 5.22073E-1 5.27409E-1 3.86026E-1 3.83405E-1 3.8445E-1 3.95043E-1 3.90131E-1 3.8976E-1 3.87997E-1 3.93598E-1 4.05548E-1 4.00638E-1 3.92473E-1 4.00908E-1 4.10027E-1 4.02569E-1 4.08236E-1 4.09573E-1 4.09177E-1 4.07962E-1 4.0926E-1 4.01585E-1 4.05671E-1 3.8297E-1 3.76481E-1 3.74818E-1 3.67376E-1 3.70266E-1 3.70428E-1 3.65931E-1 3.66908E-1 3.78187E-1 3.64168E-1 3.39532E-1 3.34889E-1 3.31356E-1 3.79659E-1 3.39571E-1 3.78343E-1 3.88498E-1 3.50146E-1 3.47572E-1 3.89812E-1 3.54536E-1 3.54884E-1 3.52716E-1 3.5248E-1 3.52561E-1 3.59516E-1 3.58092E-1 3.55261E-1 3.56749E-1 3.58923E-1 3.57398E-1 3.57117E-1 3.56677E-1 3.164E-1 3.171E-1
5.24568E-1 5.2148E-1 5.16206E-1 5.23266E-1 3.85761E-1 5.28351E-1 3.82659E-1 3.83679E-1 3.86938E-1 3.89956E-1 3.83527E-1 3.91144E-1 3.90574E-1 4.01798E-1 4.08505E-1 3.87426E-1 3.98089E-1 4.09402E-1 4.03895E-1 4.04967E-1 4.08141E-1 4.09333E-1 4.05379E-1 4.06056E-1 3.9614E-1 3.9871E-1 4.01113E-1 4.02443E-1 3.77754E-1 3.68297E-1 3.73831E-1 3.68547E-1 3.6935E-1 3.61723E-1 3.57262E-1 3.66227E-1 3.40656E-1 3.33676E-1 3.70431E-1 3.8358E-1 3.51661E-1 3.47695E-1 3.44158E-1 3.47543E-1 3.49696E-1 3.50266E-1 3.52093E-1 3.56184E-1 3.55252E-1 3.52916E-1 3.53192E-1 3.55657E-1 3.57226E-1 3.56355E-1 3.57175E-1 3.57878E-1 3.56355E-1 3.58686E-1 3.20277E-1 3.20643E-1 3.18862E-1
5.19623E-1 5.1652E-1 5.13436E-1 5.18705E-1 5.2536E-1 5.27606E-1 5.28734E-1 5.27724E-1 3.92061E-1 3.8646E-1 3.81955E-1 3.89225E-1 3.87468E-1 3.92817E-1 4.01849E-1 3.94324E-1 3.84699E-1 3.97892E-1 4.10453E-1 4.05045E-1 4.03495E-1 4.00548E-1 4.00739E-1 4.03244E-1 4.00605E-1 3.94978E-1 3.86311E-1 4.06831E-1 4.16536E-1 3.76798E-1 3.77285E-1 3.64792E-1 3.57485E-1 3.28322E-1 3.31402E-1 3.36457E-1 3.38508E-1 3.32666E-1 3.77543E-1 3.82129E-1 3.45875E-1 3.4604E-1 3.45492E-1 3.45248E-1 3.52321E-1 3.49191E-1 3.54228E-1 3.57218E-1 3.51351E-1 3.51105E-1 3.53444E-1 3.57545E-1 3.56275E-1 3.58269E-1 3.5852E-1 3.5978E-1 3.23001E-1 3.20286E-1 3.25554E-1 3.22225E-1 3.21439E-1
5.11919E-1 5.08691E-1 5.12915E-1 5.19919E-1 5.12287E-1 5.19984E-1 5.27135E-1 5.3076E-1 5.29303E-1 5.30492E-1 3.85074E-1 3.82426E-1 3.88084E-1 3.8873E-1 4.02488E-1 3.95847E-1 3.87791E-1 3.94376E-1 4.06804E-1 4.01157E-1 3.97901E-1 3.97423E-1 3.98228E-1 4.02417E-1 3.96279E-1 3.65268E-1 3.56871E-1 3.55552E-1 3.82514E-1 4.2297E-1 3.65577E-1 3.65157E-1 3.68336E-1 3.31467E-1 3.37043E-1 3.43561E-1 3.39688E-1 3.3939E-1 3.39419E-1 3.38297E-1 3.39788E-1 3.50761E-1 3.47604E-1 3.46017E-1 3.51241E-1 3.47209E-1 3.56185E-1 3.53723E-1 3.55712E-1 3.52086E-1 3.55302E-1 3.56561E-1 3.59167E-1 3.56115E-1 3.58195E-1 3.23117E-1 3.22159E-1 3.20752E-1 3.20396E-1 3.20597E-1 3.2209E-1
