Artocarpus heterophyllus SDM files/MIS19/results (with bias file)/Arthet_max.asc
ncols         625
nrows         721
xllcorner     69.99986311115
yllcorner     5.99986187915
cellsize      0.041666667
NODATA_value  -9999
[rows 162 to 188 of 721, columns 244 to 304 of 625]
2.06169E-1 2.26982E-1 5.61891E-1 7.04074E-1 2.36572E-1 1.10572E-1 1.04692E-1 2.11278E-1 2.17543E-1 2.12276E-1 2.07079E-1 2.23186E-1 2.36991E-1 3.05577E-1 6.83311E-1 7.0024E-1 7.05829E-1 6.00825E-1 6.0663E-1 5.89917E-1 1.35024E-1 5.55835E-1 2.19968E-1 2.16153E-1 5.19319E-1 5.79391E-1 2.4869E-1 2.17119E-1 1.85793E-1 7.67361E-2 6.01616E-2 5.54744E-2 1.35469E-1 1.33213E-1 2.21714E-1 1.65722E-1 2.30701E-1 2.34197E-1 1.94987E-1 1.62904E-1 1.39043E-1 1.3303E-1 1.453E-1 1.49595E-1 1.56114E-1 1.45356E-1 1.40042E-1 1.37515E-1 1.10241E-1 1.13701E-1 1.2566E-1 1.19587E-1 9.87204E-2 1.1466E-1 9.586E-2 7.59259E-2 6.19216E-2 6.20324E-2 7.40927E-2 7.2573E-2 8.0028E-2
7.13772E-1 7.1865E-1 7.16125E-1 7.2511E-1 1.15611E-1 1.1826E-1 9.3514E-2 8.93477E-2 8.87252E-2 8.85026E-2 8.4338E-2 2.02253E-1 1.89675E-1 1.88001E-1 2.11507E-1 2.34403E-1 5.71279E-1 6.93166E-1 7.03172E-1 6.08246E-1 5.98767E-1 1.47503E-1 1.2066E-1 2.40174E-1 6.69922E-1 6.04454E-1 5.66931E-1 1.17214E-1 9.60329E-2 8.61618E-2 9.67698E-2 7.56047E-2 1.56169E-1 1.47106E-1 2.33031E-1 2.6643E-1 2.38084E-1 1.84833E-1 1.35832E-1 1.12413E-1 1.28862E-1 1.48954E-1 1.48506E-1 1.51473E-1 1.38532E-1 1.43427E-1 1.3488E-1 1.1975E-1 1.27227E-1 1.15681E-1 1.03303E-1 9.6629E-2 1.17502E-1 1.07465E-1 1.07749E-1 7.56414E-2 6.29643E-2 6.43552E-2 7.3334E-2 8.29742E-2 7.55451E-2
7.11996E-1 7.03426E-1 7.18258E-1 7.30967E-1 3.82615E-1 7.10184E-1 1.25283E-1 1.30651E-1 2.38525E-1 2.18072E-1 9.64582E-2 9.28025E-2 8.64939E-2 7.81886E-2 7.72345E-2 1.57331E-1 2.00826E-1 2.16974E-1 2.37786E-1 6.8557E-1 6.78812E-1 6.20625E-1 1.40435E-1 1.29385E-1 5.7391E-1 6.03255E-1 5.72881E-1 2.41677E-1 2.15108E-1 2.2884E-1 2.12273E-1 7.4441E-2 1.71033E-1 1.93881E-1 2.64255E-1 2.30829E-1 1.31977E-1 1.05979E-1 1.07331E-1 1.21577E-1 1.46925E-1 1.55805E-1 1.56692E-1 1.42348E-1 1.41384E-1 1.36308E-1 1.07366E-1 1.17543E-1 1.19476E-1 9.72852E-2 1.002E-1 1.04471E-1 9.21911E-2 1.12595E-1 1.01631E-1 9.6052E-2 6.90375E-2 5.77434E-2 6.0714E-2 8.88597E-2 6.61708E-2
7.24256E-1 7.22159E-1 7.06525E-1 7.12931E-1 7.23977E-1 7.22725E-1 7.23155E-1 7.1936E-1 7.07669E-1 2.27357E-1 1.13347E-1 1.15775E-1 1.19692E-1 1.06356E-1 8.88812E-2 8.93001E-2 8.20371E-2 1.73017E-1 1.70098E-1 1.90075E-1 5.62396E-1 6.06183E-1 3.71047E-1 3.62262E-1 5.93633E-1 6.69116E-1 7.02812E-1 6.22669E-1 2.30305E-1 1.90907E-1 1.81262E-1 9.73419E-2 1.74235E-1 2.6696E-1 2.88551E-1 1.93015E-1 1.5102E-1 1.39966E-1 1.99748E-1 1.97671E-1 1.77048E-1 1.59001E-1 1.33743E-1 1.32325E-1 1.3032E-1 1.25697E-1 1.34742E-1 8.90031E-2 1.00235E-1 7.95506E-2 7.70009E-2 9.7088E-2 1.00755E-1 1.07206E-1 8.39355E-2 1.09049E-1 9.19189E-2 9.32991E-2 9.00271E-2 1.07342E-1 7.06146E-2
7.3728E-1 7.03732E-1 7.11013E-1 7.10359E-1 7.07073E-1 7.20803E-1 7.21829E-1 7.26553E-1 7.27651E-1 5.49203E-1 1.27915E-1 5.21085E-1 2.33586E-1 1.16326E-1 1.33447E-1 1.06758E-1 9.28029E-2 7.82276E-2 8.91127E-2 1.11132E-1 5.46126E-1 6.3905E-1 6.06231E-1 6.06623E-1 2.38006E-1 2.37391E-1 1.27127E-1 1.1806E-1 2.02867E-1 2.13051E-1 5.42574E-1 5.24315E-1 6.46294E-1 2.59788E-1 2.56294E-1 2.54124E-1 2.41312E-1 2.305E-1 2.22534E-1 1.98449E-1 1.59009E-1 1.41046E-1 1.31511E-1 1.19185E-1 1.18721E-1 1.20208E-1 1.36058E-1 8.00738E-2 7.77362E-2 7.17597E-2 6.64828E-2 7.03885E-2 7.90197E-2 7.75542E-2 1.1337E-1 1.22843E-1 1.29237E-1 1.2545E-1 1.27065E-1 9.06854E-2 7.06076E-2
7.31453E-1 7.17793E-1 7.23575E-1 7.22315E-1 7.16357E-1 7.2232E-1 7.13641E-1 7.22502E-1 7.0484E-1 3.54428E-1 5.42571E-1 5.29507E-1 1.26165E-1 3.41193E-1 5.35109E-1 1.25315E-1 1.35273E-1 1.05245E-1 1.04835E-1 1.11089E-1 1.201E-1 5.53118E-1 5.87563E-1 6.16035E-1 3.70218E-1 5.92291E-1 5.63197E-1 1.3497E-1 2.0696E-1 5.4325E-1 5.62524E-1 5.80819E-1 2.18062E-1 1.60539E-1 1.5062E-1 1.50978E-1 1.38088E-1 1.75696E-1 1.84994E-1 1.18846E-1 1.09641E-1 1.28133E-1 1.1362E-1 9.47566E-2 8.83741E-2 1.25487E-1 1.18509E-1 8.09298E-2 7.09012E-2 3.97902E-2 3.69236E-2 9.41795E-2 9.88304E-2 6.5835E-2 1.18502E-1 1.11493E-1 1.35191E-1 1.50259E-1 1.39283E-1 8.4369E-2 1.10055E-1
7.58402E-1 7.69438E-1 7.79788E-1 7.96747E-1 7.75206E-1 7.43269E-1 7.19907E-1 6.90646E-1 7.08913E-1 7.05819E-1 6.91481E-1 5.43314E-1 5.39411E-1 5.75846E-1 3.63208E-1 3.4799E-1 1.28804E-1 1.14149E-1 1.17124E-1 3.83072E-1 1.35891E-1 1.3093E-1 3.76293E-1 6.0714E-1 6.1307E-1 6.23012E-1 5.79413E-1 2.31323E-1 2.16138E-1 5.46841E-1 6.76431E-1 2.42997E-1 1.99444E-1 2.0441E-1 9.19192E-2 1.58021E-1 7.87824E-2 1.14447E-1 1.13665E-1 1.1294E-1 1.03886E-1 1.0197E-1 1.25196E-1 9.95043E-2 8.5607E-2 9.56709E-2 9.10208E-2 8.02767E-2 1.24843E-1 1.22552E-1 1.12681E-1 1.2862E-1 4.71392E-2 2.66187E-2 8.87734E-2 8.832E-2 9.89677E-2 1.58144E-1 9.95809E-2 1.14002E-1 1.1686E-1
7.47857E-1 7.68401E-1 7.71132E-1 7.72266E-1 7.78524E-1 7.8969E-1 7.56398E-1 7.48413E-1 7.38557E-1 7.24714E-1 7.14385E-1 1.27417E-1 1.27983E-1 2.32609E-1 6.8432E-1 5.97911E-1 7.16996E-1 4.16191E-1 3.85554E-1 4.15754E-1 4.19828E-1 6.20765E-1 6.16113E-1 6.14461E-1 1.42364E-1 1.2871E-1 3.46369E-1 1.23006E-1 1.15415E-1 5.4961E-1 5.8264E-1 1.29779E-1 5.2516E-1 5.57841E-1 2.22339E-1 2.094E-1 2.06468E-1 1.80457E-1 1.56874E-1 1.45973E-1 5.8799E-2 9.53401E-2 8.66797E-2 1.04676E-1 5.14169E-2 7.47477E-2 8.33149E-2 4.90785E-2 1.29226E-1 1.83059E-1 1.54144E-1 1.37987E-1 5.2081E-2 2.56425E-2 3.78167E-2 4.41272E-2 1.70323E-1 1.72611E-1 1.58922E-1 1.55129E-1 1.36961E-1
7.45847E-1 7.50367E-1 7.40294E-1 7.49946E-1 7.56659E-1 7.60919E-1 7.67585E-1 7.73683E-1 7.66657E-1 7.35911E-1 6.82837E-1 7.06217E-1 7.30069E-1 3.50349E-1 1.27104E-1 7.09666E-1 5.89817E-1 7.10474E-1 7.12549E-1 7.17424E-1 7.26855E-1 3.92778E-1 3.71169E-1 4.12742E-1 4.20002E-1 3.86133E-1 4.12077E-1 6.12431E-1 3.66448E-1 5.61034E-1 5.7694E-1 5.85437E-1 5.86968E-1 5.54315E-1 5.59725E-1 5.57651E-1 2.29379E-1 1.82471E-1 1.74723E-1 2.09049E-1 1.74955E-1 1.60668E-1 1.29305E-1 1.40813E-1 6.17343E-2 4.6143E-2 1.30972E-1 1.42978E-1 6.35934E-2 1.81733E-1 2.0806E-1 1.70305E-1 4.76524E-2 3.95915E-2 1.30064E-1 1.19995E-1 1.62114E-1 4.61679E-2 1.45151E-1 1.5549E-1 9.91037E-2
7.55272E-1 7.51525E-1 7.45488E-1 7.51435E-1 7.46993E-1 7.49731E-1 7.55955E-1 7.68745E-1 7.69849E-1 7.68563E-1 7.64303E-1 7.53409E-1 7.50941E-1 3.61993E-1 3.73925E-1 6.95763E-1 7.07106E-1 7.18049E-1 3.61496E-1 3.60375E-1 7.19366E-1 7.43612E-1 4.3758E-1 4.34208E-1 4.23854E-1 4.13297E-1 3.89883E-1 3.62446E-1 6.02902E-1 5.88778E-1 5.71564E-1 5.85483E-1 5.88176E-1 6.70589E-1 6.72397E-1 6.54443E-1 5.79342E-1 2.34311E-1 5.41691E-1 2.28163E-1 1.81088E-1 1.45541E-1 1.78522E-1 1.56001E-1 1.60717E-1 7.14092E-2 6.78809E-2 1.5236E-1 9.14791E-2 7.31552E-2 1.77166E-1 8.89647E-2 5.61383E-2 5.24288E-2 1.69424E-1 1.61465E-1 2.08885E-1 1.00819E-1 6.82269E-2 1.0582E-1 5.89192E-2
7.57773E-1 7.55266E-1 7.49474E-1 7.58221E-1 7.56536E-1 7.50641E-1 7.49819E-1 7.65782E-1 7.78308E-1 7.86068E-1 7.95003E-1 8.07542E-1 7.87842E-1 7.99301E-1 7.84237E-1 7.60481E-1 7.13915E-1 7.51714E-1 7.32581E-1 4.06079E-1 7.26344E-1 7.14047E-1 7.29421E-1 7.3306E-1 7.44405E-1 7.49007E-1 4.33815E-1 4.31958E-1 4.18839E-1 1.40068E-1 3.42602E-1 5.92883E-1 5.80417E-1 5.32027E-1 5.34121E-1 6.52418E-1 6.64509E-1 5.63251E-1 5.64605E-1 2.25839E-1 9.58737E-2 7.69042E-2 1.90578E-1 8.11338E-2 1.90454E-1 9.03066E-2 1.78775E-1 9.82042E-2 9.6609E-2 8.57719E-2 1.82492E-1 9.10467E-2 7.94055E-2 1.89249E-1 2.01276E-1 1.94006E-1 1.03775E-1 4.30673E-2 2.29707E-2 4.44209E-2 2.32859E-2
7.79326E-1 7.66471E-1 7.58301E-1 7.59364E-1 7.58675E-1 7.48426E-1 7.54807E-1 7.68321E-1 7.74672E-1 7.67471E-1 7.71589E-1 7.82759E-1 8.02864E-1 7.98505E-1 8.12507E-1 8.05857E-1 7.84189E-1 8.01746E-1 7.72016E-1 7.52304E-1 7.35867E-1 7.23788E-1 7.12901E-1 7.10799E-1 7.18184E-1 7.37364E-1 4.29469E-1 7.25465E-1 6.39017E-1 4.32651E-1 4.26388E-1 5.76575E-1 5.99479E-1 5.9378E-1 5.5255E-1 5.25296E-1 6.56156E-1 6.68138E-1 5.6827E-1 2.05658E-1 2.12864E-1 8.39023E-2 2.39859E-1 2.08639E-1 2.10829E-1 9.99315E-2 1.96588E-1 2.23166E-1 8.81516E-2 1.98993E-1 2.03816E-1 1.19882E-1 2.09541E-1 2.05652E-1 1.62706E-1 1.79633E-1 5.50517E-2 3.92451E-2 2.37729E-2 3.14582E-2 4.243E-2
7.77252E-1 7.65509E-1 7.66519E-1 7.68661E-1 7.70461E-1 7.70061E-1 7.65667E-1 7.68347E-1 7.75022E-1 7.6637E-1 7.63174E-1 7.75817E-1 7.75499E-1 7.77115E-1 7.78963E-1 7.92613E-1 7.89684E-1 8.05609E-1 7.94467E-1 7.98729E-1 7.88059E-1 7.69206E-1 4.16618E-1 4.04879E-1 7.11511E-1 7.11092E-1 7.42216E-1 7.20177E-1 7.13259E-1 7.22652E-1 6.32002E-1 4.15574E-1 6.06138E-1 5.95394E-1 5.83407E-1 5.84004E-1 5.73575E-1 2.42897E-1 1.98608E-1 2.71605E-1 2.27585E-1 9.91168E-2 9.56996E-2 2.03718E-1 2.22545E-1 5.32421E-1 2.50195E-1 9.45387E-2 9.38733E-2 9.66E-2 2.1363E-1 2.36552E-1 2.37794E-1 1.84973E-1 5.39236E-2 5.53579E-2 1.33773E-1 5.68323E-2 3.85162E-2 1.18337E-1 1.171E-1
7.75226E-1 7.79004E-1 7.80577E-1 7.67228E-1 7.73194E-1 7.81747E-1 7.76669E-1 7.77634E-1 7.80485E-1 7.78497E-1 7.69846E-1 7.75426E-1 7.74173E-1 7.7629E-1 7.75515E-1 7.786E-1 7.77722E-1 7.80185E-1 7.78168E-1 7.85539E-1 7.91925E-1 7.96168E-1 7.87203E-1 4.33595E-1 4.12055E-1 7.15787E-1 7.16546E-1 4.18506E-1 6.11602E-1 6.16011E-1 6.33741E-1 6.20594E-1 6.20726E-1 5.66147E-1 2.22828E-1 2.30838E-1 5.58458E-1 2.27046E-1 1.12733E-1 8.8299E-2 9.40392E-2 1.01065E-1 2.0049E-1 5.41826E-1 5.65062E-1 2.39049E-1 1.01839E-1 1.08969E-1 1.34191E-1 1.40683E-1 1.4209E-1 1.10473E-1 7.85268E-2 8.52569E-2 8.47134E-2 6.09684E-2 5.4559E-2 4.88126E-2 4.00599E-2 4.6036E-2 1.40127E-1
7.76058E-1 7.85597E-1 7.80035E-1 7.81213E-1 7.69906E-1 7.71523E-1 7.73379E-1 7.73714E-1 7.68445E-1 7.81122E-1 7.91039E-1 7.8816E-1 7.82488E-1 7.87885E-1 7.77888E-1 7.75735E-1 7.70494E-1 7.7487E-1 7.78062E-1 7.79415E-1 7.81719E-1 7.83954E-1 7.83311E-1 7.84707E-1 7.67893E-1 4.24581E-1 7.34583E-1 7.29702E-1 6.24753E-1 7.18485E-1 6.20899E-1 6.13628E-1 6.12225E-1 3.95182E-1 1.2673E-1 1.09695E-1 1.15211E-1 5.23859E-1 2.24023E-1 1.13071E-1 1.07382E-1 2.14476E-1 2.34578E-1 5.48118E-1 5.80691E-1 1.28194E-1 3.58069E-1 1.37581E-1 5.87618E-1 6.01751E-1 5.75298E-1 3.31652E-1 1.01103E-1 9.93229E-2 1.21068E-1 1.30815E-1 7.33097E-2 8.01541E-2 5.27905E-2 8.23653E-2 1.75767E-1
7.80342E-1 7.26646E-1 7.86005E-1 7.32052E-1 7.34631E-1 7.79158E-1 7.84401E-1 7.81879E-1 7.67795E-1 7.82482E-1 7.89207E-1 7.91583E-1 7.87061E-1 8.0003E-1 7.86898E-1 7.75625E-1 7.79124E-1 7.87737E-1 7.77435E-1 7.7867E-1 7.77425E-1 7.73795E-1 7.64279E-1 7.66975E-1 7.78371E-1 7.75928E-1 7.95613E-1 4.24412E-1 4.09234E-1 6.05528E-1 7.04247E-1 4.20768E-1 4.27395E-1 4.08961E-1 3.76999E-1 1.43983E-1 1.39286E-1 1.1364E-1 1.14591E-1 1.3221E-1 1.19293E-1 1.23337E-1 5.27118E-1 5.74083E-1 6.00784E-1 6.05661E-1 6.01055E-1 6.04396E-1 5.94946E-1 6.14189E-1 3.64154E-1 1.19346E-1 5.80343E-1 5.65337E-1 5.42143E-1 8.94137E-2 2.00529E-1 2.22726E-1 1.71389E-1 1.80791E-1 1.38602E-1
7.70603E-1 7.17015E-1 7.18357E-1 7.28188E-1 7.29384E-1 7.30964E-1 7.78946E-1 7.8235E-1 7.74063E-1 7.83728E-1 7.90563E-1 7.88357E-1 7.91203E-1 7.95138E-1 7.97599E-1 7.84633E-1 7.78138E-1 7.89336E-1 7.83533E-1 7.78327E-1 7.8372E-1 7.7131E-1 7.63428E-1 7.64464E-1 7.70546E-1 7.85944E-1 7.77948E-1 7.82373E-1 7.67186E-1 4.26851E-1 6.09506E-1 7.15625E-1 6.38363E-1 6.32811E-1 4.42256E-1 4.54071E-1 4.38494E-1 3.65047E-1 1.44726E-1 3.58715E-1 1.12937E-1 2.33556E-1 5.56459E-1 5.86808E-1 6.11023E-1 5.84321E-1 6.02587E-1 6.01447E-1 6.1788E-1 5.58927E-1 5.46262E-1 1.29815E-1 1.08436E-1 2.40737E-1 5.56413E-1 2.08609E-1 9.07691E-2 1.54216E-1 1.91516E-1 1.8552E-1 6.17057E-2
7.08976E-1 7.60165E-1 7.27423E-1 7.25629E-1 7.22555E-1 7.27496E-1 7.29087E-1 7.87483E-1 7.90861E-1 7.80505E-1 7.80716E-1 7.9093E-1 7.93421E-1 7.80978E-1 7.83499E-1 7.8396E-1 7.88147E-1 7.90348E-1 7.87188E-1 7.89162E-1 7.83923E-1 7.70941E-1 7.6857E-1 7.61463E-1 7.70686E-1 7.68226E-1 7.57683E-1 7.57885E-1 7.57804E-1 7.58935E-1 4.2148E-1 4.06326E-1 6.10174E-1 6.20093E-1 6.18052E-1 6.25576E-1 4.42067E-1 4.305E-1 4.14202E-1 5.56614E-1 1.089E-1 1.14057E-1 1.39189E-1 5.95219E-1 4.0965E-1 1.31407E-1 3.59868E-1 5.75239E-1 6.47081E-1 6.10981E-1 5.16549E-1 5.36656E-1 1.09607E-1 2.0334E-1 2.36664E-1 1.7213E-1 7.65811E-2 7.08771E-2 7.15749E-2 1.97649E-1 1.61104E-1
7.04816E-1 7.00696E-1 7.20048E-1 7.20511E-1 7.18933E-1 7.19774E-1 7.23588E-1 7.29023E-1 7.87499E-1 7.79707E-1 7.55469E-1 7.90198E-1 7.89468E-1 7.91055E-1 7.79078E-1 7.79909E-1 7.83957E-1 7.96711E-1 7.86714E-1 7.96194E-1 7.82074E-1 7.79017E-1 7.68719E-1 7.70696E-1 7.68696E-1 7.6419E-1 7.60898E-1 7.64684E-1 7.44594E-1 7.51773E-1 7.75015E-1 4.46013E-1 4.09732E-1 6.29922E-1 4.20327E-1 6.25546E-1 6.24094E-1 4.26065E-1 4.31575E-1 1.41698E-1 1.18506E-1 1.27763E-1 5.68031E-1 5.91328E-1 5.93662E-1 6.19214E-1 6.2404E-1 4.9666E-1 2.08525E-1 5.63413E-1 2.36191E-1 2.04694E-1 9.97672E-2 8.10626E-2 7.99055E-2 7.30963E-2 1.09319E-1 8.39274E-2 6.78379E-2 1.41894E-1 1.60478E-1
7.02267E-1 7.00069E-1 7.12596E-1 7.16839E-1 7.18946E-1 6.88506E-1 6.88654E-1 6.9302E-1 6.96156E-1 7.78132E-1 7.88842E-1 7.93032E-1 7.88568E-1 7.85804E-1 7.88321E-1 7.79834E-1 7.81162E-1 7.90713E-1 7.93234E-1 7.91771E-1 7.79244E-1 7.77707E-1 7.6887E-1 7.68228E-1 7.77001E-1 7.63611E-1 7.6696E-1 7.5923E-1 7.49347E-1 7.62716E-1 7.84248E-1 7.84521E-1 7.98686E-1 4.54782E-1 4.18846E-1 4.12762E-1 6.17557E-1 6.18194E-1 6.24016E-1 4.32713E-1 4.32831E-1 1.31404E-1 1.43149E-1 5.99407E-1 6.08329E-1 5.16169E-1 4.92927E-1 1.95733E-1 9.02631E-2 1.13846E-1 1.27307E-1 2.31141E-1 1.9546E-1 1.6936E-1 8.79728E-2 8.28551E-2 2.01616E-1 8.69876E-2 7.89674E-2 6.76524E-2 6.2141E-2
6.9849E-1 6.97465E-1 7.01155E-1 6.66025E-1 6.7757E-1 6.78885E-1 6.63459E-1 6.64624E-1 6.71399E-1 7.45812E-1 7.49577E-1 7.50097E-1 7.83854E-1 7.8905E-1 7.88061E-1 7.90468E-1 7.82163E-1 7.96526E-1 7.90711E-1 7.88917E-1 7.77856E-1 7.76527E-1 7.76947E-1 7.76315E-1 7.74612E-1 7.62312E-1 7.54679E-1 7.60035E-1 7.57341E-1 7.58183E-1 7.4161E-1 7.39252E-1 7.44615E-1 7.64612E-1 4.5152E-1 4.29711E-1 6.19581E-1 6.04915E-1 6.07628E-1 6.08647E-1 6.24674E-1 6.22974E-1 6.16275E-1 6.02184E-1 5.99991E-1 5.60002E-1 5.06932E-1 1.01278E-1 5.31429E-1 5.33806E-1 2.3291E-1 2.00541E-1 1.6729E-1 1.62161E-1 1.80551E-1 8.90036E-2 2.00855E-1 8.25908E-2 6.89299E-2 6.39723E-2 5.21937E-2
6.92621E-1 6.92206E-1 6.88831E-1 6.60896E-1 6.52916E-1 6.52517E-1 6.52795E-1 6.57624E-1 6.60991E-1 6.88914E-1 7.44511E-1 7.4565E-1 7.80507E-1 7.89567E-1 7.89299E-1 7.99141E-1 7.91304E-1 7.95424E-1 7.8718E-1 7.86046E-1 7.74991E-1 7.74052E-1 7.73399E-1 7.63261E-1 7.70954E-1 7.56823E-1 7.55318E-1 7.62974E-1 7.58193E-1 7.6741E-1 7.83374E-1 7.64814E-1 7.43054E-1 7.29901E-1 7.32578E-1 7.53003E-1 4.37939E-1 4.16671E-1 4.08356E-1 6.09536E-1 6.08134E-1 6.17676E-1 1.15535E-1 1.00917E-1 2.13025E-1 1.88868E-1 1.07538E-1 1.38763E-1 5.53537E-1 1.1838E-1 1.10371E-1 1.92833E-1 8.04917E-2 7.33364E-2 7.95759E-2 1.99654E-1 2.31438E-1 1.01429E-1 9.89004E-2 7.99556E-2 6.95102E-2
6.8689E-1 6.87629E-1 6.5553E-1 6.33716E-1 6.39787E-1 6.46195E-1 6.516E-1 6.56002E-1 6.52038E-1 6.81759E-1 6.85761E-1 6.90195E-1 7.73857E-1 7.76065E-1 7.80515E-1 7.83339E-1 7.90963E-1 7.81687E-1 7.8235E-1 7.83731E-1 7.74382E-1 7.71999E-1 7.7262E-1 7.60879E-1 7.58788E-1 7.48998E-1 7.58131E-1 7.74597E-1 7.66017E-1 7.75786E-1 7.74198E-1 7.81016E-1 7.76163E-1 7.63914E-1 7.44799E-1 7.45412E-1 7.37885E-1 7.37797E-1 4.29435E-1 4.21258E-1 4.17455E-1 4.15033E-1 3.83289E-1 1.18519E-1 9.0917E-2 9.51328E-2 1.32542E-1 5.35753E-1 5.73019E-1 5.40885E-1 1.19401E-1 1.05833E-1 9.11046E-2 8.07673E-2 7.71769E-2 8.74248E-2 9.7038E-2 2.36736E-1 2.2362E-1 1.09722E-1 8.98223E-2
6.80135E-1 6.78867E-1 6.48025E-1 6.23975E-1 6.3335E-1 6.43239E-1 6.37305E-1 6.5151E-1 6.47749E-1 6.76568E-1 6.80351E-1 6.82446E-1 7.69976E-1 7.72941E-1 7.73313E-1 7.74812E-1 7.76231E-1 7.77837E-1 7.79344E-1 7.70957E-1 7.70217E-1 7.70515E-1 7.67606E-1 7.55536E-1 7.45431E-1 7.51875E-1 7.6436E-1 7.71821E-1 7.62751E-1 7.58467E-1 7.54359E-1 7.61256E-1 7.75928E-1 7.90499E-1 7.99854E-1 8.03375E-1 7.85757E-1 4.37784E-1 6.29536E-1 7.27641E-1 4.24352E-1 4.22939E-1 6.21927E-1 6.22542E-1 3.67519E-1 3.03032E-1 3.0887E-1 5.65484E-1 3.39835E-1 5.66956E-1 5.49059E-1 1.14377E-1 1.01518E-1 2.07728E-1 2.23544E-1 1.13895E-1 1.01959E-1 1.16201E-1 2.25844E-1 2.04922E-1 9.90193E-2
6.7995E-1 6.77112E-1 6.50917E-1 6.29537E-1 6.265E-1 6.41247E-1 6.37373E-1 6.45352E-1 6.42748E-1 6.71316E-1 6.74257E-1 7.07941E-1 7.10591E-1 7.58244E-1 7.60068E-1 7.61512E-1 7.63909E-1 7.73456E-1 7.65692E-1 7.66726E-1 7.68097E-1 7.67828E-1 7.67863E-1 7.65826E-1 7.5159E-1 7.56961E-1 7.60825E-1 7.59827E-1 7.55708E-1 7.50738E-1 7.56283E-1 7.64524E-1 7.66312E-1 7.74326E-1 7.70248E-1 7.66576E-1 7.69334E-1 7.69335E-1 7.55482E-1 6.30239E-1 6.2803E-1 6.2706E-1 6.27353E-1 6.16254E-1 5.44922E-1 5.84099E-1 5.30579E-1 5.81866E-1 5.49224E-1 5.24419E-1 5.06065E-1 5.1713E-1 2.10706E-1 9.68529E-2 2.07305E-1 2.46652E-1 2.15364E-1 2.42585E-1 5.43437E-1 1.09117E-1 1.12342E-1
6.73705E-1 6.74075E-1 6.4174E-1 6.19228E-1 6.34219E-1 6.39925E-1 6.59752E-1 6.32415E-1 6.42488E-1 6.42875E-1 6.63276E-1 6.67803E-1 7.00095E-1 7.03747E-1 7.07482E-1 7.57731E-1 7.58366E-1 7.59945E-1 7.60992E-1 7.61455E-1 7.64496E-1 7.64171E-1 7.55379E-1 7.65673E-1 7.52986E-1 7.50247E-1 7.63268E-1 7.56184E-1 7.55583E-1 7.50002E-1 7.55299E-1 7.59131E-1 7.59783E-1 7.57192E-1 7.5593E-1 7.4811E-1 7.49569E-1 7.46861E-1 7.50083E-1 7.23849E-1 4.05646E-1 6.28355E-1 6.22568E-1 6.04879E-1 5.75925E-1 3.61498E-1 3.78645E-1 3.38225E-1 3.06884E-1 1.16964E-1 1.19073E-1 3.33039E-1 1.12587E-1 1.17151E-1 1.30386E-1 1.11575E-1 1.06294E-1 2.38483E-1 5.72762E-1 6.0283E-1 5.43894E-1
6.69583E-1 6.69636E-1 6.36182E-1 6.24112E-1 6.25601E-1 6.3191E-1 6.27616E-1 6.28943E-1 6.35528E-1 6.62657E-1 6.57045E-1 6.95223E-1 6.949E-1 6.99063E-1 7.50598E-1 7.52514E-1 7.54377E-1 7.55439E-1 7.57418E-1 7.59327E-1 7.60777E-1 7.60184E-1 7.52497E-1 7.53815E-1 7.52734E-1 7.46623E-1 7.53364E-1 7.56979E-1 7.52629E-1 7.48003E-1 7.50944E-1 7.50527E-1 7.49849E-1 7.50596E-1 7.50494E-1 7.49691E-1 7.4686E-1 7.4804E-1 7.45982E-1 7.48163E-1 7.18011E-1 4.03692E-1 7.23756E-1 6.02206E-1 6.07914E-1 6.03859E-1 5.92187E-1 3.97247E-1 3.80877E-1 3.75737E-1 3.9532E-1 4.20467E-1 3.47326E-1 3.58089E-1 5.91108E-1 2.17925E-1 1.03604E-1 2.25886E-1 2.266E-1 5.80075E-1 5.9372E-1
