Artocarpus heterophyllus SDM files/MIS19/results (with bias file)/Arthet_3.asc
ncols         625
nrows         721
xllcorner     69.99986311115
yllcorner     5.99986187915
cellsize      0.041666667
NODATA_value  -9999
[rows 540 to 566 of 721, columns 122 to 182 of 625]
8.70764E-1 6.43874E-1 5.64392E-1 7.71083E-1 7.90796E-1 7.6922E-1 8.90798E-1 7.91163E-1 5.52233E-1 5.4634E-1 4.96765E-1 4.86482E-1 4.88627E-1 4.80584E-1 5.00861E-1 5.48563E-1 5.59778E-1 4.51963E-1 4.13442E-1 3.28272E-1 4.15274E-1 4.03485E-1 3.9172E-1 3.89153E-1 3.67907E-1 3.60641E-1 3.83848E-1 3.76727E-1 2.32204E-1 1.64348E-1 2.14394E-1 2.31742E-1 1.96645E-1 1.59172E-1 1.43417E-1 1.50761E-1 1.4855E-1 1.76119E-1 1.75576E-1 1.605E-1 1.9604E-1 1.9978E-1 1.65222E-1 1.65359E-1 1.58781E-1 1.63594E-1 3.25176E-1 3.30889E-1 3.47256E-1 3.74902E-1 1.96407E-1 1.91463E-1 1.94477E-1 1.97795E-1 3.69872E-1 4.26448E-1 3.12388E-1 2.96616E-1 3.90144E-1 3.80459E-1 4.24682E-1
9.15676E-1 8.15241E-1 7.3846E-1 7.62134E-1 7.62982E-1 7.25058E-1 9.1563E-1 8.40517E-1 6.01053E-1 5.23273E-1 4.968E-1 6.47339E-1 4.85266E-1 4.8559E-1 5.02261E-1 6.48398E-1 5.5241E-1 4.76678E-1 3.8646E-1 3.82221E-1 4.34716E-1 4.1031E-1 4.23307E-1 3.89361E-1 3.57119E-1 3.59729E-1 3.67548E-1 3.78966E-1 2.25115E-1 1.91312E-1 2.09489E-1 2.26116E-1 1.95641E-1 1.49961E-1 1.42792E-1 1.52183E-1 1.99683E-1 2.18295E-1 1.54627E-1 1.31974E-1 1.94541E-1 3.43802E-1 3.26512E-1 1.74229E-1 1.60432E-1 1.6512E-1 3.25046E-1 1.85504E-1 3.51524E-1 3.09962E-1 1.95658E-1 2.06098E-1 2.03217E-1 2.9931E-1 3.7678E-1 3.3849E-1 3.0766E-1 3.2956E-1 4.40775E-1 4.41433E-1 3.36699E-1
8.12222E-1 8.47971E-1 7.14456E-1 7.91292E-1 7.56036E-1 8.90294E-1 8.81018E-1 8.05069E-1 5.55925E-1 5.05956E-1 5.66632E-1 6.7603E-1 4.95039E-1 4.88171E-1 5.00123E-1 6.50095E-1 5.53312E-1 4.97243E-1 4.06276E-1 3.58084E-1 4.63911E-1 4.50226E-1 4.36889E-1 3.92269E-1 3.79194E-1 3.74049E-1 3.6355E-1 3.52556E-1 3.60315E-1 2.09211E-1 1.86565E-1 2.23325E-1 2.1821E-1 1.56295E-1 1.46099E-1 1.92919E-1 2.05442E-1 3.28639E-1 1.97288E-1 1.48447E-1 1.65238E-1 3.34884E-1 3.29121E-1 1.72796E-1 1.65783E-1 2.08174E-1 3.0869E-1 1.8272E-1 3.15371E-1 3.47846E-1 3.95252E-1 3.24252E-1 2.87834E-1 3.0051E-1 3.14255E-1 4.4342E-1 3.38728E-1 4.27736E-1 4.73423E-1 4.77742E-1 3.47198E-1
8.43561E-1 7.51022E-1 6.67017E-1 7.30944E-1 7.60842E-1 8.4146E-1 8.41398E-1 8.57955E-1 7.13953E-1 5.30696E-1 5.78718E-1 6.99114E-1 6.40918E-1 4.90108E-1 6.42049E-1 6.52075E-1 5.45102E-1 5.64764E-1 4.49244E-1 5.1144E-1 4.74321E-1 4.94384E-1 4.36113E-1 3.93865E-1 3.86312E-1 3.78171E-1 3.70256E-1 2.47293E-1 3.99862E-1 2.57877E-1 1.57843E-1 2.11504E-1 1.86614E-1 1.56616E-1 1.54704E-1 1.9755E-1 1.97007E-1 2.93165E-1 3.56816E-1 1.70457E-1 1.3953E-1 3.27946E-1 2.02602E-1 2.30972E-1 1.76963E-1 2.13164E-1 2.14044E-1 2.71756E-1 3.64782E-1 4.18615E-1 4.29028E-1 3.04949E-1 3.35834E-1 2.94081E-1 3.07838E-1 4.56056E-1 5.27816E-1 4.59315E-1 4.73459E-1 5.08262E-1 4.42668E-1
8.93287E-1 6.79486E-1 6.66037E-1 8.08616E-1 6.3939E-1 8.43732E-1 8.46539E-1 7.73159E-1 5.62539E-1 5.47732E-1 5.2834E-1 6.92133E-1 6.62969E-1 6.25331E-1 6.33889E-1 5.17332E-1 5.23293E-1 5.51365E-1 4.71013E-1 5.5545E-1 5.85816E-1 4.82187E-1 4.2624E-1 4.08258E-1 3.96361E-1 4.14986E-1 3.69754E-1 2.4273E-1 3.96177E-1 2.58425E-1 2.14269E-1 1.90184E-1 2.13253E-1 1.82922E-1 2.21886E-1 1.65077E-1 2.01495E-1 2.27522E-1 3.68821E-1 3.41964E-1 2.06101E-1 1.70263E-1 1.67561E-1 2.29793E-1 3.34655E-1 2.13689E-1 3.10742E-1 3.49917E-1 3.74781E-1 4.27476E-1 4.38765E-1 4.07572E-1 4.64197E-1 3.05727E-1 3.14367E-1 4.81181E-1 5.26299E-1 5.007E-1 4.7696E-1 4.79499E-1 4.74572E-1
8.90138E-1 7.39358E-1 7.10766E-1 6.18323E-1 6.6627E-1 8.18982E-1 8.01197E-1 7.69722E-1 5.49811E-1 5.31611E-1 7.17098E-1 6.62912E-1 6.72756E-1 6.57231E-1 6.31131E-1 5.13209E-1 5.22243E-1 5.42414E-1 5.66241E-1 5.90978E-1 3.96795E-1 4.59716E-1 4.32227E-1 4.30285E-1 4.3181E-1 4.39968E-1 3.8917E-1 2.51223E-1 2.47134E-1 2.49323E-1 2.58342E-1 2.31525E-1 2.17203E-1 2.07532E-1 3.48327E-1 2.37414E-1 2.32022E-1 1.89075E-1 2.09494E-1 3.1797E-1 2.13822E-1 1.95244E-1 1.63123E-1 1.93516E-1 3.08652E-1 3.17308E-1 3.30705E-1 3.34912E-1 3.52915E-1 3.85883E-1 4.17658E-1 4.13653E-1 4.93702E-1 3.28402E-1 4.55435E-1 4.7663E-1 5.11394E-1 4.61634E-1 4.54227E-1 4.73452E-1 5.11261E-1
8.42095E-1 8.63077E-1 7.67795E-1 6.34044E-1 5.80935E-1 7.48209E-1 8.2025E-1 6.17586E-1 5.6589E-1 5.45362E-1 7.25521E-1 7.36228E-1 6.65589E-1 6.67318E-1 6.42499E-1 5.09531E-1 5.16967E-1 5.31786E-1 5.57846E-1 5.70204E-1 5.53172E-1 4.85574E-1 4.47279E-1 4.64177E-1 4.72004E-1 4.56642E-1 3.82764E-1 2.4739E-1 2.41991E-1 3.19335E-1 3.60156E-1 2.24127E-1 2.11846E-1 2.01443E-1 2.08732E-1 2.08207E-1 3.1826E-1 2.00388E-1 1.97661E-1 3.12571E-1 2.15864E-1 3.08828E-1 2.13122E-1 3.03387E-1 3.35586E-1 3.49207E-1 3.51236E-1 3.71962E-1 3.64849E-1 3.77516E-1 4.00451E-1 4.98066E-1 4.83071E-1 4.39015E-1 5.11645E-1 4.89726E-1 4.57386E-1 5.01804E-1 4.54704E-1 5.07588E-1 5.21458E-1
8.45836E-1 7.81811E-1 6.67048E-1 8.09069E-1 5.92533E-1 8.18835E-1 8.19208E-1 8.17005E-1 7.54887E-1 7.14615E-1 5.37642E-1 5.66338E-1 7.08385E-1 6.64483E-1 5.34911E-1 5.05185E-1 5.17933E-1 5.28216E-1 5.46528E-1 5.8234E-1 6.13722E-1 5.26792E-1 4.84155E-1 4.92133E-1 5.2046E-1 4.4961E-1 3.43334E-1 2.30069E-1 2.25717E-1 3.18892E-1 2.41596E-1 2.33406E-1 2.12567E-1 2.18131E-1 2.04227E-1 2.01523E-1 3.14972E-1 3.12476E-1 2.0759E-1 2.13344E-1 3.29075E-1 3.0788E-1 3.09391E-1 3.39824E-1 3.76104E-1 3.63798E-1 3.69621E-1 3.66035E-1 3.73923E-1 4.04943E-1 4.48532E-1 5.18133E-1 4.77828E-1 4.49116E-1 5.01468E-1 4.96653E-1 4.39235E-1 5.34551E-1 4.59852E-1 4.81567E-1 5.44566E-1
8.05788E-1 7.11072E-1 7.1213E-1 5.58426E-1 5.49199E-1 7.66306E-1 8.03599E-1 8.27793E-1 7.69127E-1 7.99224E-1 6.93407E-1 5.13679E-1 5.59664E-1 7.01587E-1 6.50984E-1 5.07536E-1 5.1397E-1 5.22451E-1 5.4076E-1 5.60615E-1 7.32739E-1 5.8191E-1 4.85767E-1 5.25419E-1 5.47789E-1 4.937E-1 3.92022E-1 3.50917E-1 2.3796E-1 2.39253E-1 2.30871E-1 2.07594E-1 2.04601E-1 2.11367E-1 2.14148E-1 2.06271E-1 2.11931E-1 2.1615E-1 3.17287E-1 2.17356E-1 3.20309E-1 3.18375E-1 3.28356E-1 3.67043E-1 3.74526E-1 3.51677E-1 3.6901E-1 3.92761E-1 4.01982E-1 4.07881E-1 4.49306E-1 5.1864E-1 4.8539E-1 4.52216E-1 4.69482E-1 5.23725E-1 5.12888E-1 4.81133E-1 4.81567E-1 5.62044E-1 5.44896E-1
8.98562E-1 8.36095E-1 7.45585E-1 6.59764E-1 6.55564E-1 7.00103E-1 5.9348E-1 8.73205E-1 8.25065E-1 7.48545E-1 6.97073E-1 5.42757E-1 5.43625E-1 6.76429E-1 6.77756E-1 5.07413E-1 5.09254E-1 5.22207E-1 5.3652E-1 5.5256E-1 7.32623E-1 6.84336E-1 5.84262E-1 6.11092E-1 5.56227E-1 4.62906E-1 4.28135E-1 3.84829E-1 3.47272E-1 2.39339E-1 2.33797E-1 2.29298E-1 2.05424E-1 2.11299E-1 2.13729E-1 3.1096E-1 3.15279E-1 3.14308E-1 3.13837E-1 3.31558E-1 3.31517E-1 3.31229E-1 3.33375E-1 3.58443E-1 3.71629E-1 4.01791E-1 3.98715E-1 4.06581E-1 4.05865E-1 3.91979E-1 4.31524E-1 5.46396E-1 4.92014E-1 4.41454E-1 4.59899E-1 5.60626E-1 5.43824E-1 4.592E-1 5.09872E-1 5.62168E-1 5.56662E-1
8.95467E-1 8.07677E-1 6.63867E-1 7.36844E-1 6.26205E-1 8.35198E-1 6.05595E-1 8.53706E-1 8.76552E-1 8.05654E-1 8.40358E-1 7.10778E-1 5.51081E-1 6.68123E-1 6.61528E-1 6.63473E-1 6.47067E-1 5.17461E-1 5.26721E-1 5.46271E-1 7.12492E-1 7.35533E-1 7.51249E-1 6.28679E-1 5.67524E-1 4.61214E-1 4.03547E-1 3.93732E-1 3.95205E-1 2.51525E-1 2.17087E-1 2.16958E-1 2.16376E-1 2.13994E-1 3.25074E-1 3.16064E-1 3.29038E-1 3.31054E-1 3.23447E-1 3.21941E-1 3.29875E-1 3.20534E-1 3.65471E-1 3.71958E-1 3.81021E-1 3.9301E-1 4.01105E-1 4.56579E-1 3.8501E-1 4.08905E-1 4.48565E-1 5.43905E-1 5.40408E-1 4.65908E-1 4.88682E-1 5.61735E-1 5.14855E-1 4.74143E-1 5.41653E-1 5.8863E-1 5.43707E-1
9.04354E-1 7.83671E-1 8.06296E-1 8.22161E-1 6.51187E-1 8.3375E-1 6.80125E-1 8.39525E-1 9.03713E-1 8.505E-1 7.62105E-1 7.33184E-1 5.81489E-1 5.44622E-1 5.1812E-1 6.62908E-1 6.5325E-1 6.52048E-1 5.23825E-1 5.31124E-1 7.04522E-1 7.16508E-1 7.57076E-1 6.45098E-1 5.88561E-1 5.35974E-1 4.21582E-1 3.90271E-1 3.98274E-1 3.62986E-1 3.45548E-1 2.18322E-1 3.29203E-1 2.18486E-1 3.34437E-1 3.20451E-1 3.19921E-1 3.36827E-1 3.2207E-1 3.40268E-1 3.35133E-1 3.24445E-1 3.5598E-1 3.69721E-1 3.71691E-1 3.94755E-1 3.84868E-1 4.00715E-1 4.10742E-1 4.27619E-1 4.76617E-1 5.62217E-1 5.42372E-1 5.08763E-1 4.94719E-1 5.3758E-1 5.03433E-1 5.30146E-1 5.8137E-1 5.89843E-1 5.43564E-1
9.07192E-1 8.67535E-1 7.99257E-1 8.03913E-1 8.01287E-1 8.50662E-1 8.40932E-1 8.94432E-1 8.8847E-1 8.73084E-1 8.0992E-1 8.48948E-1 7.80807E-1 7.17678E-1 5.35482E-1 5.08351E-1 6.49892E-1 6.45824E-1 5.19671E-1 5.23124E-1 5.39071E-1 7.15891E-1 7.37356E-1 6.63287E-1 6.08736E-1 5.57068E-1 4.81743E-1 3.92621E-1 4.12172E-1 3.54949E-1 3.54056E-1 2.21387E-1 3.45436E-1 3.2649E-1 3.31338E-1 3.2069E-1 3.20629E-1 3.18953E-1 3.27197E-1 3.54519E-1 3.59778E-1 3.30909E-1 3.50983E-1 3.65409E-1 3.73548E-1 3.89381E-1 3.85289E-1 3.99454E-1 4.55789E-1 4.78533E-1 5.48648E-1 5.4046E-1 5.21786E-1 4.9741E-1 5.08684E-1 5.23432E-1 5.07623E-1 5.65811E-1 5.97004E-1 6.06139E-1 5.464E-1
8.50449E-1 7.95157E-1 8.00161E-1 7.88406E-1 8.68747E-1 7.88446E-1 8.55444E-1 8.35436E-1 8.73068E-1 6.64432E-1 7.95922E-1 8.22931E-1 8.39022E-1 7.63074E-1 5.42793E-1 5.04995E-1 5.04976E-1 5.15134E-1 5.37224E-1 6.67084E-1 6.79981E-1 7.07191E-1 7.28352E-1 6.84743E-1 6.46937E-1 4.96266E-1 5.34521E-1 4.03764E-1 4.14363E-1 3.56299E-1 3.56937E-1 3.18055E-1 3.37972E-1 3.2701E-1 3.44711E-1 3.23385E-1 3.20715E-1 3.18883E-1 3.22052E-1 3.32266E-1 3.59901E-1 3.40675E-1 3.47197E-1 3.62862E-1 3.68511E-1 4.13961E-1 4.21513E-1 4.1582E-1 4.22258E-1 5.06798E-1 5.6881E-1 5.27118E-1 4.88174E-1 4.98744E-1 4.6588E-1 5.56645E-1 5.53553E-1 5.60362E-1 5.5079E-1 5.75248E-1 5.72421E-1
8.52667E-1 8.73474E-1 7.94483E-1 8.51555E-1 8.66894E-1 7.89229E-1 8.41104E-1 8.31254E-1 8.93367E-1 6.34274E-1 8.44859E-1 8.94591E-1 8.71445E-1 8.44131E-1 7.02623E-1 5.17392E-1 5.14953E-1 5.08728E-1 5.44395E-1 5.26246E-1 6.80583E-1 6.92811E-1 7.23711E-1 7.44934E-1 6.54948E-1 4.91893E-1 5.37759E-1 4.27607E-1 4.42E-1 3.62949E-1 3.30397E-1 3.18186E-1 3.29673E-1 3.38525E-1 3.50426E-1 3.15069E-1 3.26668E-1 3.29553E-1 3.42438E-1 3.34204E-1 3.40731E-1 3.43696E-1 3.48497E-1 3.574E-1 3.52544E-1 4.71912E-1 4.07854E-1 4.32849E-1 4.92895E-1 5.42095E-1 5.26902E-1 5.09681E-1 5.06494E-1 4.89831E-1 5.4067E-1 5.66016E-1 4.91099E-1 5.05628E-1 5.18679E-1 6.2563E-1 4.3967E-1
8.71117E-1 8.61606E-1 8.11706E-1 8.01339E-1 7.93215E-1 8.61133E-1 8.77316E-1 8.44339E-1 8.44453E-1 8.3497E-1 8.39026E-1 7.20594E-1 8.31357E-1 8.15049E-1 7.30367E-1 5.4208E-1 5.54179E-1 5.08944E-1 5.45926E-1 6.50923E-1 6.72401E-1 6.92348E-1 7.0737E-1 7.50538E-1 6.85638E-1 5.06902E-1 4.84838E-1 4.42513E-1 4.35979E-1 3.70447E-1 3.39644E-1 3.3098E-1 3.34263E-1 3.38174E-1 3.54763E-1 3.47974E-1 3.33737E-1 3.37851E-1 3.47383E-1 3.43248E-1 3.43014E-1 3.42257E-1 3.56449E-1 3.62485E-1 3.50341E-1 3.71784E-1 3.97981E-1 4.22966E-1 4.92082E-1 5.66104E-1 4.89268E-1 5.24965E-1 5.2309E-1 4.88297E-1 5.13764E-1 5.3653E-1 4.89697E-1 5.10144E-1 5.89481E-1 6.29312E-1 5.85752E-1
8.57671E-1 9.11063E-1 8.06777E-1 8.09306E-1 7.92052E-1 8.02257E-1 8.07367E-1 8.32933E-1 8.27599E-1 8.83657E-1 8.92216E-1 8.98715E-1 8.02346E-1 7.77246E-1 8.30577E-1 7.97429E-1 7.18507E-1 5.22084E-1 5.11922E-1 5.13043E-1 5.16901E-1 6.88975E-1 7.12557E-1 7.36294E-1 6.72217E-1 5.734E-1 5.16275E-1 5.01347E-1 3.87263E-1 3.75257E-1 3.46126E-1 3.45329E-1 3.52166E-1 3.50027E-1 3.48564E-1 3.6785E-1 3.31955E-1 3.3892E-1 3.41397E-1 3.32748E-1 3.32402E-1 3.45879E-1 3.56104E-1 3.57679E-1 3.57949E-1 3.74953E-1 3.75542E-1 4.38767E-1 4.98664E-1 5.27982E-1 5.44628E-1 4.96693E-1 5.05109E-1 4.93805E-1 5.03164E-1 4.0122E-1 4.95148E-1 5.26371E-1 5.82577E-1 6.32405E-1 4.79656E-1
8.47877E-1 8.57864E-1 9.06825E-1 8.47686E-1 8.71488E-1 8.00368E-1 6.0049E-1 8.03697E-1 7.84138E-1 8.63664E-1 8.17035E-1 8.67883E-1 8.45703E-1 8.5272E-1 8.41632E-1 7.97743E-1 7.20962E-1 5.26417E-1 6.56154E-1 6.54352E-1 6.61196E-1 6.8761E-1 7.10354E-1 7.32527E-1 6.16303E-1 5.48044E-1 4.74355E-1 4.50614E-1 4.1881E-1 3.87222E-1 3.40309E-1 3.62776E-1 3.56466E-1 3.51666E-1 3.50166E-1 3.51366E-1 3.68408E-1 3.76862E-1 3.76476E-1 3.22114E-1 3.38415E-1 3.44558E-1 3.88593E-1 3.88093E-1 3.88707E-1 3.44785E-1 4.05425E-1 4.9772E-1 5.003E-1 5.17254E-1 5.05327E-1 5.17768E-1 4.83535E-1 4.78458E-1 4.17264E-1 3.65521E-1 4.82455E-1 4.2268E-1 5.16983E-1 4.88152E-1 4.76217E-1
8.93534E-1 8.63687E-1 8.58782E-1 8.38008E-1 8.36369E-1 8.69279E-1 7.98942E-1 8.12051E-1 8.46617E-1 8.19873E-1 8.27129E-1 7.40056E-1 8.50902E-1 8.41911E-1 8.65841E-1 7.95577E-1 7.28824E-1 5.6973E-1 6.66256E-1 6.67095E-1 6.66704E-1 6.89783E-1 7.13258E-1 7.43117E-1 6.71222E-1 6.21266E-1 4.69746E-1 4.24699E-1 4.38196E-1 4.03111E-1 3.60208E-1 3.86793E-1 3.85992E-1 3.95071E-1 3.42739E-1 3.52905E-1 4.00937E-1 3.91264E-1 3.63644E-1 3.52588E-1 3.688E-1 3.73387E-1 3.78711E-1 3.74489E-1 4.0175E-1 3.81603E-1 4.28696E-1 4.34839E-1 4.77945E-1 5.38137E-1 5.20362E-1 4.88115E-1 5.12097E-1 5.12991E-1 4.36022E-1 3.42606E-1 5.08706E-1 5.32968E-1 5.19484E-1 6.22583E-1 4.77692E-1
8.47166E-1 8.56514E-1 9.07255E-1 8.29213E-1 8.41968E-1 8.54594E-1 7.90173E-1 7.82158E-1 8.40319E-1 8.37148E-1 8.70507E-1 8.37427E-1 9.01357E-1 8.24971E-1 8.86559E-1 8.1731E-1 7.22663E-1 6.88338E-1 5.04513E-1 6.67365E-1 5.28491E-1 5.41138E-1 5.60867E-1 5.93736E-1 6.78975E-1 5.9149E-1 5.57201E-1 4.92696E-1 4.32186E-1 3.90237E-1 3.55165E-1 3.63605E-1 3.84179E-1 3.91918E-1 3.35434E-1 3.61758E-1 4.1175E-1 4.23134E-1 3.58851E-1 3.71221E-1 3.59544E-1 3.73225E-1 3.9054E-1 3.94272E-1 4.18737E-1 3.83105E-1 3.91286E-1 4.33415E-1 5.14256E-1 4.89448E-1 4.92567E-1 5.38537E-1 4.67121E-1 4.01939E-1 4.34547E-1 3.4218E-1 3.7049E-1 5.06701E-1 6.11278E-1 4.97715E-1 4.10536E-1
9.0466E-1 9.05091E-1 8.88503E-1 8.5547E-1 7.9176E-1 7.79234E-1 7.84205E-1 8.4368E-1 7.86415E-1 8.00659E-1 8.35647E-1 8.27848E-1 8.44296E-1 8.82182E-1 8.5771E-1 8.00965E-1 7.24978E-1 6.87574E-1 5.04713E-1 5.2387E-1 5.18317E-1 5.40107E-1 5.5948E-1 5.89321E-1 5.85913E-1 6.06259E-1 5.66495E-1 5.8208E-1 4.80826E-1 4.23165E-1 3.72535E-1 3.50869E-1 3.90137E-1 3.79627E-1 3.34682E-1 3.47891E-1 4.06107E-1 4.59012E-1 3.86367E-1 3.62677E-1 3.71894E-1 3.76315E-1 3.87292E-1 3.90734E-1 3.92397E-1 4.34308E-1 3.8526E-1 4.12701E-1 5.16725E-1 4.80243E-1 5.02099E-1 5.39633E-1 3.76271E-1 3.50403E-1 4.30025E-1 3.52103E-1 4.70666E-1 5.45066E-1 4.41818E-1 4.08042E-1 4.25501E-1
8.51009E-1 9.06121E-1 8.54047E-1 8.26057E-1 7.92211E-1 7.81694E-1 7.86571E-1 7.75065E-1 5.73701E-1 8.24765E-1 7.89284E-1 7.95777E-1 7.97853E-1 8.10095E-1 7.58052E-1 7.77912E-1 7.33452E-1 5.51167E-1 5.19455E-1 5.26974E-1 5.25503E-1 5.39572E-1 5.59645E-1 5.90164E-1 5.97698E-1 6.47213E-1 5.91721E-1 5.81549E-1 4.87078E-1 4.55146E-1 4.0388E-1 3.6986E-1 4.16942E-1 3.96126E-1 3.75937E-1 3.92974E-1 4.45115E-1 4.30292E-1 3.82518E-1 3.63365E-1 4.11786E-1 3.74351E-1 3.91301E-1 4.02024E-1 4.27356E-1 4.3818E-1 4.18487E-1 4.11765E-1 5.02063E-1 4.90904E-1 4.47829E-1 5.05273E-1 5.62913E-1 3.95865E-1 3.51359E-1 3.60238E-1 5.05822E-1 4.14542E-1 5.33132E-1 5.45137E-1 4.5258E-1
8.53504E-1 8.4011E-1 8.61566E-1 8.99421E-1 8.53689E-1 7.84778E-1 7.85899E-1 7.72147E-1 8.60379E-1 7.85492E-1 8.15116E-1 8.19056E-1 6.07682E-1 8.22461E-1 7.90986E-1 7.76038E-1 7.08503E-1 5.25911E-1 5.2793E-1 5.19636E-1 5.35602E-1 5.41913E-1 5.68124E-1 7.42889E-1 7.15327E-1 6.42901E-1 5.94962E-1 4.37563E-1 4.96267E-1 4.64445E-1 4.18631E-1 3.87389E-1 3.98689E-1 3.86612E-1 3.97755E-1 4.25628E-1 4.20327E-1 3.97013E-1 3.80228E-1 3.81993E-1 4.081E-1 3.93195E-1 4.28109E-1 4.29479E-1 4.35399E-1 4.38553E-1 4.18065E-1 4.23056E-1 4.85937E-1 5.12281E-1 4.50614E-1 4.73177E-1 5.72368E-1 4.65024E-1 3.80048E-1 3.27262E-1 5.27661E-1 3.82007E-1 5.36637E-1 5.86092E-1 5.16197E-1
8.64691E-1 8.63343E-1 9.05051E-1 8.73871E-1 7.73967E-1 8.2496E-1 8.3459E-1 8.50864E-1 7.65496E-1 8.44432E-1 7.90256E-1 7.84031E-1 7.6217E-1 7.83662E-1 7.83489E-1 7.96392E-1 6.89711E-1 6.6181E-1 5.30482E-1 5.26927E-1 5.43912E-1 5.50818E-1 5.61929E-1 6.26779E-1 5.91218E-1 4.58705E-1 5.40391E-1 4.15975E-1 4.78898E-1 4.82121E-1 4.53098E-1 4.14522E-1 3.94757E-1 3.91073E-1 4.0997E-1 4.30831E-1 4.03594E-1 3.7417E-1 3.85536E-1 3.67624E-1 4.27184E-1 3.93083E-1 4.03671E-1 4.20741E-1 4.48081E-1 4.53062E-1 4.46659E-1 4.18641E-1 4.93016E-1 3.6423E-1 4.42086E-1 5.32902E-1 5.2323E-1 4.38727E-1 4.54622E-1 3.86394E-1 4.5643E-1 5.13568E-1 4.86151E-1 5.03778E-1 5.14893E-1
8.56891E-1 8.65308E-1 9.03576E-1 8.61862E-1 6.63081E-1 7.59363E-1 8.33484E-1 8.15687E-1 8.12516E-1 8.18416E-1 7.98166E-1 7.71905E-1 7.60085E-1 8.26841E-1 7.6205E-1 7.90566E-1 7.23611E-1 5.32604E-1 5.31458E-1 5.39331E-1 5.36902E-1 5.49869E-1 5.98841E-1 7.31837E-1 6.19029E-1 4.55828E-1 5.43979E-1 5.20131E-1 4.76133E-1 4.49648E-1 4.60401E-1 4.26352E-1 3.93112E-1 4.32984E-1 4.35749E-1 4.44277E-1 3.98452E-1 3.81927E-1 2.66717E-1 3.80064E-1 4.64245E-1 4.17042E-1 4.10317E-1 4.18764E-1 4.25818E-1 4.46556E-1 4.3563E-1 4.36217E-1 4.79076E-1 4.731E-1 4.50075E-1 5.02507E-1 4.53209E-1 4.35343E-1 4.27276E-1 3.49532E-1 4.6051E-1 4.41139E-1 4.66068E-1 4.32282E-1 4.77464E-1
8.65222E-1 8.55155E-1 8.57829E-1 8.55543E-1 8.53871E-1 7.74757E-1 7.6769E-1 7.49626E-1 7.23197E-1 7.90547E-1 7.81716E-1 8.24448E-1 8.55517E-1 7.74777E-1 8.08191E-1 7.32458E-1 6.97838E-1 5.7004E-1 5.43404E-1 5.44206E-1 5.48046E-1 6.88791E-1 7.17236E-1 7.34955E-1 6.2358E-1 4.72155E-1 4.25288E-1 3.97126E-1 3.69263E-1 4.5096E-1 4.34516E-1 4.17634E-1 4.1597E-1 4.06455E-1 4.06217E-1 4.43689E-1 3.9085E-1 3.81981E-1 2.66687E-1 3.6671E-1 4.58678E-1 4.50477E-1 4.29703E-1 4.29962E-1 4.48774E-1 4.62388E-1 4.41526E-1 4.44453E-1 4.51892E-1 4.58653E-1 4.65841E-1 4.81739E-1 4.54092E-1 3.91587E-1 4.2184E-1 3.6671E-1 4.59188E-1 4.38932E-1 4.8679E-1 4.51714E-1 4.49336E-1
9.51459E-1 8.53929E-1 8.40808E-1 8.89745E-1 8.45009E-1 6.81775E-1 6.96119E-1 7.23883E-1 7.4271E-1 5.34803E-1 7.98728E-1 7.99479E-1 7.7506E-1 8.26864E-1 8.16128E-1 7.798E-1 7.09322E-1 6.72073E-1 5.78224E-1 5.79327E-1 5.47615E-1 5.84174E-1 7.09763E-1 7.33851E-1 7.47562E-1 5.49632E-1 4.4731E-1 4.03642E-1 4.1139E-1 3.61402E-1 3.31928E-1 3.12419E-1 4.10038E-1 4.05909E-1 4.08182E-1 4.09318E-1 3.80902E-1 2.61561E-1 3.71949E-1 4.07738E-1 4.51709E-1 4.51221E-1 4.57508E-1 4.65159E-1 4.54531E-1 4.5358E-1 4.61499E-1 4.65083E-1 4.68175E-1 4.71863E-1 4.52501E-1 4.81442E-1 4.98401E-1 5.33067E-1 3.84443E-1 3.94925E-1 3.50716E-1 4.94318E-1 5.2964E-1 4.63084E-1 4.50142E-1
