Artocarpus heterophyllus SDM files/MIS19/results (with bias file)/Arthet_min.asc
ncols         625
nrows         721
xllcorner     69.99986311115
yllcorner     5.99986187915
cellsize      0.041666667
NODATA_value  -9999
[rows 81 to 107 of 721, columns 0 to 60 of 625]
5.94062E-2 6.73717E-2 4.80989E-2 5.71468E-2 5.20075E-2 4.86962E-2 8.60014E-2 8.33545E-2 1.93292E-1 1.74045E-1 1.73393E-1 1.12163E-1 1.08673E-1 8.72517E-2 8.43967E-2 8.19941E-2 7.83977E-2 7.66833E-2 7.47277E-2 6.88775E-2 6.76979E-2 6.56388E-2 5.96505E-2 5.65391E-2 5.47862E-2 5.62246E-2 5.37381E-2 5.59988E-2 6.0364E-2 6.37654E-2 6.64193E-2 6.79216E-2 6.70336E-2 7.20348E-2 7.33164E-2 7.93899E-2 7.4116E-2 7.57565E-2 7.5314E-2 7.05759E-2 7.2173E-2 7.55721E-2 7.24924E-2 2.00566E-1 1.19372E-1 1.18532E-1 1.25925E-1 1.32604E-1 1.89414E-1 1.99715E-1 2.14183E-1 2.35537E-1 2.47073E-1 2.49589E-1 2.61065E-1 2.6621E-1 2.4917E-1 2.40817E-1 2.49171E-1 2.54863E-1 3.13197E-1
4.87206E-2 6.40265E-2 4.41151E-2 6.51676E-2 7.71541E-2 6.87022E-2 1.76773E-1 1.75655E-1 1.63956E-1 1.64078E-1 1.10708E-1 1.19072E-1 1.20156E-1 8.29273E-2 8.15875E-2 8.15184E-2 8.0329E-2 7.90328E-2 7.33105E-2 7.42036E-2 7.51581E-2 7.70283E-2 7.19213E-2 7.18863E-2 6.65133E-2 6.14646E-2 6.13387E-2 6.37525E-2 6.57897E-2 6.45361E-2 7.01466E-2 6.52708E-2 6.49643E-2 6.43255E-2 7.24404E-2 7.01451E-2 7.84448E-2 7.93995E-2 8.07716E-2 7.8101E-2 7.67696E-2 7.0389E-2 7.88619E-2 1.23818E-1 1.36713E-1 1.29386E-1 1.26652E-1 1.38661E-1 2.29739E-1 2.27279E-1 2.11809E-1 2.03072E-1 1.9934E-1 2.01051E-1 1.9898E-1 2.08339E-1 2.16972E-1 1.88037E-1 2.02739E-1 2.4381E-1 2.68585E-1
1.49271E-1 9.63448E-2 1.08126E-1 9.60615E-2 1.73771E-1 1.59378E-1 1.50007E-1 1.52102E-1 1.50812E-1 1.06757E-1 1.04995E-1 1.12577E-1 1.14413E-1 8.24219E-2 8.29465E-2 8.09647E-2 7.91972E-2 7.46037E-2 7.44094E-2 7.83758E-2 7.96795E-2 7.99755E-2 8.10935E-2 7.67113E-2 7.67113E-2 7.7936E-2 7.83669E-2 8.4194E-2 8.91029E-2 7.88356E-2 7.80393E-2 7.84359E-2 6.23636E-2 6.21691E-2 6.48013E-2 6.98341E-2 7.42568E-2 7.58102E-2 7.82618E-2 7.68732E-2 7.52028E-2 7.06536E-2 6.66031E-2 1.14768E-1 1.39273E-1 2.24654E-1 2.41357E-1 2.21725E-1 1.75034E-1 1.62691E-1 1.78215E-1 2.00957E-1 2.3769E-1 2.06871E-1 1.96237E-1 2.33489E-1 2.5162E-1 2.02442E-1 2.40877E-1 2.40847E-1 1.86556E-1
9.88111E-2 1.52425E-1 6.6613E-2 1.13303E-1 1.50797E-1 1.41507E-1 1.48421E-1 1.47568E-1 9.19997E-2 8.66811E-2 8.2318E-2 6.08496E-2 7.52402E-2 1.04223E-1 7.82102E-2 7.34867E-2 7.05333E-2 7.09611E-2 7.65682E-2 7.69923E-2 7.59103E-2 7.52862E-2 7.64586E-2 7.71556E-2 7.99455E-2 7.73531E-2 8.28901E-2 8.83629E-2 1.00879E-1 7.73228E-2 7.98364E-2 1.09015E-1 6.26552E-2 6.08269E-2 6.26305E-2 6.22598E-2 6.92327E-2 7.38357E-2 7.30976E-2 7.20519E-2 7.28925E-2 6.95095E-2 6.22824E-2 8.66586E-2 9.38071E-2 1.72248E-1 1.70609E-1 2.01149E-1 2.06502E-1 2.02729E-1 1.94973E-1 1.90781E-1 2.0556E-1 1.96651E-1 2.12554E-1 1.89718E-1 1.81278E-1 1.80544E-1 1.73541E-1 1.73226E-1 1.75131E-1
9.31283E-2 1.05344E-1 8.54007E-2 9.44834E-2 9.00041E-2 8.67957E-2 1.51735E-1 8.81192E-2 8.39349E-2 6.2704E-2 6.0596E-2 5.83521E-2 5.6238E-2 6.63971E-2 7.65691E-2 7.43035E-2 7.19824E-2 7.17054E-2 7.39744E-2 7.47125E-2 7.6712E-2 7.46943E-2 7.73307E-2 7.8667E-2 7.95632E-2 7.92592E-2 8.02111E-2 7.59864E-2 5.69402E-2 7.40299E-2 7.95514E-2 1.55706E-1 5.33159E-2 5.74153E-2 5.87715E-2 6.10904E-2 6.34058E-2 7.30294E-2 7.02165E-2 6.94779E-2 6.96795E-2 6.84744E-2 6.45195E-2 5.04202E-2 4.94141E-2 5.62042E-2 1.28888E-1 1.49699E-1 1.50706E-1 1.5854E-1 1.43352E-1 1.45704E-1 1.6474E-1 1.84964E-1 1.90127E-1 1.58067E-1 1.48887E-1 1.54232E-1 1.63243E-1 1.77236E-1 1.89766E-1
8.78787E-2 1.05084E-1 9.04532E-2 6.16588E-2 5.95979E-2 8.31506E-2 1.63039E-1 8.54435E-2 8.61564E-2 8.67644E-2 5.9806E-2 5.4997E-2 5.4031E-2 5.99399E-2 7.70109E-2 8.25358E-2 7.89773E-2 7.26654E-2 7.33177E-2 7.41569E-2 7.4546E-2 7.59558E-2 7.7247E-2 7.99276E-2 8.08118E-2 8.06766E-2 7.94246E-2 5.66997E-2 6.90208E-2 7.85822E-2 1.03272E-1 5.24926E-2 4.90253E-2 5.21435E-2 5.39497E-2 5.95768E-2 5.80282E-2 6.00448E-2 7.15332E-2 6.90975E-2 6.88912E-2 6.89083E-2 6.66085E-2 6.17697E-2 5.20107E-2 4.78517E-2 4.74414E-2 1.23391E-1 1.47545E-1 1.37104E-1 1.50173E-1 1.60599E-1 1.74442E-1 1.46064E-1 1.49189E-1 1.42289E-1 1.4648E-1 1.57669E-1 1.63109E-1 1.75452E-1 1.70492E-1
1.11645E-1 8.84071E-2 9.63488E-2 6.60416E-2 8.39008E-2 9.08443E-2 6.40704E-2 9.93203E-2 9.11588E-2 6.12381E-2 5.36021E-2 5.61047E-2 5.43592E-2 5.1912E-2 5.67526E-2 6.32088E-2 7.02062E-2 7.54865E-2 7.31175E-2 7.585E-2 7.78583E-2 7.70949E-2 7.83803E-2 8.0215E-2 8.3155E-2 7.2668E-2 5.95643E-2 6.97168E-2 7.61842E-2 7.28873E-2 3.94374E-2 4.18103E-2 4.80365E-2 5.07629E-2 5.74969E-2 5.50833E-2 5.4615E-2 6.4068E-2 6.42822E-2 6.92757E-2 6.95051E-2 7.07158E-2 6.86326E-2 6.33894E-2 7.57906E-2 7.28258E-2 7.05831E-2 5.92214E-2 1.05613E-1 1.14236E-1 1.23164E-1 1.36281E-1 1.30425E-1 1.29234E-1 1.37659E-1 1.4381E-1 1.43606E-1 1.62037E-1 1.70308E-1 1.60855E-1 1.67973E-1
9.20401E-2 8.69145E-2 7.81639E-2 6.18755E-2 9.75189E-2 6.16776E-2 7.31719E-2 9.49431E-2 6.26473E-2 5.55971E-2 5.52424E-2 5.51393E-2 5.46574E-2 5.25161E-2 5.07282E-2 4.76494E-2 5.23729E-2 6.0496E-2 6.4033E-2 7.32807E-2 7.96453E-2 7.81498E-2 7.20949E-2 5.76208E-2 4.28377E-2 4.47661E-2 6.16083E-2 7.50176E-2 4.94773E-2 3.53576E-2 3.86698E-2 4.32639E-2 4.75227E-2 5.1777E-2 5.13934E-2 5.18759E-2 5.23436E-2 5.32857E-2 6.14306E-2 6.35887E-2 6.3802E-2 6.77793E-2 6.64188E-2 6.67747E-2 8.18856E-2 7.90842E-2 7.86391E-2 7.72964E-2 7.65698E-2 1.15277E-1 1.18221E-1 1.19212E-1 1.29789E-1 1.35159E-1 1.40168E-1 1.38568E-1 1.47223E-1 1.52081E-1 1.65046E-1 1.6735E-1 1.65881E-1
1.08688E-1 7.29183E-2 9.45913E-2 9.40871E-2 8.40937E-2 6.51774E-2 6.44528E-2 6.09551E-2 5.79285E-2 5.45515E-2 5.52613E-2 5.59877E-2 5.40311E-2 5.25056E-2 5.06391E-2 4.96501E-2 5.83959E-2 7.08299E-2 7.70342E-2 8.41519E-2 5.94796E-2 4.02861E-2 3.8446E-2 4.09767E-2 4.17476E-2 4.44605E-2 5.21552E-2 6.29388E-2 3.73861E-2 3.84079E-2 4.18539E-2 4.39764E-2 4.74828E-2 4.88985E-2 4.89398E-2 5.07042E-2 5.0877E-2 5.0877E-2 5.10436E-2 5.95678E-2 6.00397E-2 6.11158E-2 6.34225E-2 6.6998E-2 8.30278E-2 8.44635E-2 8.6165E-2 8.32251E-2 8.21595E-2 8.1716E-2 1.25809E-1 1.30506E-1 1.35109E-1 1.40735E-1 1.38388E-1 1.44348E-1 1.45602E-1 1.4482E-1 1.49535E-1 1.67772E-1 1.78055E-1
7.37104E-2 1.26706E-1 1.0712E-1 9.63932E-2 5.7223E-2 6.15007E-2 6.46039E-2 5.47072E-2 5.45521E-2 5.42696E-2 5.59475E-2 5.54176E-2 5.49327E-2 5.25221E-2 5.12603E-2 4.92337E-2 4.77321E-2 6.43875E-2 5.51946E-2 5.25379E-2 3.66955E-2 4.95614E-2 5.69558E-2 6.0751E-2 5.98248E-2 6.39964E-2 6.66573E-2 4.85446E-2 3.69946E-2 3.9746E-2 4.28424E-2 4.53264E-2 4.67854E-2 4.63144E-2 4.67356E-2 4.71791E-2 4.76248E-2 4.78429E-2 4.89616E-2 5.1656E-2 5.88639E-2 5.9416E-2 5.93902E-2 6.30633E-2 6.6601E-2 8.47118E-2 8.30246E-2 8.61851E-2 8.03445E-2 8.00977E-2 8.19105E-2 9.1722E-2 1.38197E-1 1.41702E-1 1.35201E-1 1.39663E-1 1.35401E-1 1.41802E-1 1.46272E-1 1.49253E-1 1.65338E-1
6.35151E-2 1.03121E-1 7.76738E-2 5.75076E-2 5.28529E-2 6.1782E-2 5.70207E-2 4.8855E-2 5.20467E-2 5.45435E-2 5.53071E-2 5.54182E-2 5.49507E-2 5.33987E-2 5.0883E-2 5.01175E-2 4.54824E-2 4.24032E-2 3.65777E-2 4.70954E-2 4.73493E-2 6.51924E-2 6.80467E-2 6.68377E-2 6.39398E-2 4.58096E-2 3.90283E-2 3.47022E-2 3.87056E-2 4.08489E-2 4.16819E-2 4.42542E-2 4.50799E-2 4.37898E-2 4.39582E-2 4.52941E-2 4.48941E-2 4.71779E-2 4.96758E-2 5.05097E-2 5.00301E-2 5.73353E-2 5.80186E-2 5.75055E-2 6.0766E-2 7.45449E-2 8.07101E-2 8.68543E-2 8.14182E-2 8.03413E-2 8.08136E-2 8.27607E-2 9.39947E-2 1.41145E-1 1.4215E-1 1.39655E-1 1.31271E-1 1.35612E-1 1.44329E-1 1.45331E-1 1.60465E-1
5.31687E-2 5.48715E-2 5.14781E-2 5.15334E-2 5.27363E-2 6.1632E-2 4.90451E-2 4.93257E-2 5.23264E-2 5.37473E-2 5.42489E-2 5.42489E-2 5.26783E-2 5.0964E-2 4.96158E-2 4.94209E-2 4.54959E-2 4.25487E-2 5.30344E-2 4.94728E-2 4.75067E-2 4.65263E-2 3.91722E-2 4.11337E-2 3.02678E-2 3.037E-2 3.0637E-2 3.426E-2 3.81197E-2 4.02593E-2 4.08095E-2 4.42959E-2 4.19286E-2 4.36818E-2 4.22099E-2 4.41128E-2 4.42214E-2 4.53994E-2 4.67896E-2 4.79026E-2 4.83699E-2 4.92437E-2 4.9762E-2 5.73323E-2 5.68474E-2 5.78601E-2 7.32377E-2 8.11834E-2 8.42469E-2 8.10812E-2 7.98707E-2 8.13539E-2 9.12505E-2 1.39195E-1 1.37731E-1 1.35402E-1 1.40863E-1 1.32833E-1 1.37941E-1 1.4256E-1 1.43035E-1
5.73163E-2 6.38625E-2 5.7193E-2 5.22412E-2 5.21114E-2 5.27259E-2 5.18855E-2 5.42626E-2 5.32909E-2 5.33077E-2 5.23663E-2 5.18143E-2 5.23643E-2 5.1134E-2 5.0472E-2 5.04725E-2 4.82967E-2 4.49139E-2 5.44736E-2 5.11354E-2 3.68202E-2 3.4544E-2 3.11501E-2 3.40306E-2 4.10868E-2 3.50844E-2 3.5724E-2 3.63645E-2 3.85412E-2 3.85151E-2 4.21308E-2 4.08351E-2 4.02857E-2 4.04273E-2 4.13952E-2 4.1748E-2 4.32176E-2 4.33692E-2 4.44319E-2 4.5343E-2 4.64405E-2 4.77945E-2 4.8368E-2 4.87747E-2 5.52394E-2 5.65834E-2 5.68975E-2 7.14261E-2 7.89401E-2 7.75934E-2 7.89924E-2 7.79285E-2 7.72377E-2 8.98241E-2 1.35463E-1 1.32413E-1 1.35462E-1 1.38934E-1 1.45368E-1 1.43967E-1 1.52222E-1
6.80899E-2 5.8238E-2 5.93817E-2 5.07481E-2 5.33873E-2 5.37293E-2 5.58055E-2 5.39415E-2 5.5178E-2 5.45961E-2 5.33317E-2 5.27684E-2 5.1134E-2 5.25996E-2 5.03325E-2 4.84494E-2 4.72084E-2 4.51835E-2 4.56782E-2 5.0846E-2 4.81333E-2 3.42116E-2 3.22696E-2 4.25194E-2 5.05736E-2 4.46497E-2 3.79334E-2 3.81623E-2 4.58331E-2 4.02978E-2 4.01188E-2 3.8774E-2 3.91322E-2 3.85687E-2 3.99842E-2 4.03122E-2 4.15397E-2 4.16432E-2 4.12763E-2 4.41656E-2 4.53419E-2 4.58995E-2 4.57847E-2 4.65946E-2 4.64784E-2 4.72176E-2 5.52518E-2 6.98614E-2 6.92487E-2 7.37808E-2 7.43896E-2 7.74084E-2 7.72064E-2 7.75254E-2 8.67183E-2 8.65484E-2 1.33167E-1 1.33601E-1 1.42925E-1 1.40968E-1 1.44196E-1
6.81285E-2 6.07352E-2 5.90929E-2 5.18467E-2 5.12027E-2 5.40833E-2 6.18986E-2 5.34605E-2 5.39521E-2 5.33317E-2 5.2769E-2 5.35776E-2 5.29445E-2 5.1978E-2 4.9441E-2 4.88935E-2 5.47357E-2 5.47357E-2 5.26662E-2 5.42257E-2 5.09036E-2 4.81151E-2 4.53081E-2 4.89113E-2 5.26016E-2 5.05412E-2 5.15839E-2 5.15833E-2 5.18772E-2 3.88094E-2 3.7768E-2 3.76622E-2 3.75689E-2 3.72506E-2 3.75961E-2 3.77293E-2 3.86349E-2 3.97716E-2 4.01115E-2 4.08363E-2 4.37918E-2 4.53413E-2 4.52397E-2 4.49687E-2 4.60397E-2 4.73868E-2 5.60766E-2 5.59126E-2 6.94494E-2 6.96568E-2 7.18815E-2 6.99713E-2 7.0901E-2 7.99763E-2 6.97057E-2 8.46399E-2 8.44292E-2 1.31198E-1 1.3157E-1 1.3671E-1 1.42572E-1
6.01861E-2 5.7956E-2 7.01172E-2 6.38023E-2 5.26594E-2 5.58169E-2 5.48975E-2 5.12096E-2 5.48488E-2 5.38805E-2 5.29451E-2 5.20751E-2 5.24401E-2 5.15647E-2 6.0585E-2 5.76826E-2 6.26748E-2 5.12723E-2 5.30526E-2 5.14397E-2 4.98369E-2 4.8661E-2 4.83709E-2 4.98493E-2 5.01902E-2 4.80421E-2 5.2466E-2 5.14056E-2 5.0654E-2 4.298E-2 3.52764E-2 3.51883E-2 3.69899E-2 3.61364E-2 3.74752E-2 3.75956E-2 3.73061E-2 3.72148E-2 3.87309E-2 3.9684E-2 4.07347E-2 4.19751E-2 4.16209E-2 4.36418E-2 4.58971E-2 4.65934E-2 4.52644E-2 5.27235E-2 5.45171E-2 6.88675E-2 6.78884E-2 7.31635E-2 7.02042E-2 6.90249E-2 7.28203E-2 7.07152E-2 7.70853E-2 1.28375E-1 1.28656E-1 1.30075E-1 1.3675E-1
5.70881E-2 5.88677E-2 7.72062E-2 6.91335E-2 5.31485E-2 5.38629E-2 5.03038E-2 5.33121E-2 5.3261E-2 5.23198E-2 5.31875E-2 5.21434E-2 5.98713E-2 6.67721E-2 6.24466E-2 6.04975E-2 5.17239E-2 5.14169E-2 5.43435E-2 5.23365E-2 5.04028E-2 4.90829E-2 4.87904E-2 4.65829E-2 4.91581E-2 4.84517E-2 4.59973E-2 4.93745E-2 4.87924E-2 4.83981E-2 4.14242E-2 3.48873E-2 3.48011E-2 3.49256E-2 3.56518E-2 3.5867E-2 3.71575E-2 3.73061E-2 3.72143E-2 3.75302E-2 3.89194E-2 4.03046E-2 4.12257E-2 4.19851E-2 4.23258E-2 4.55087E-2 4.53952E-2 4.58092E-2 5.16602E-2 6.45869E-2 6.47306E-2 7.01183E-2 7.24065E-2 7.25064E-2 6.7214E-2 6.77807E-2 6.97047E-2 7.6015E-2 1.25886E-1 1.27922E-1 1.32001E-1
5.81895E-2 5.95649E-2 6.07189E-2 6.25104E-2 5.30085E-2 5.03151E-2 5.10586E-2 5.26976E-2 5.17665E-2 5.25593E-2 6.12772E-2 6.34841E-2 6.51965E-2 6.17121E-2 5.51246E-2 5.21797E-2 5.18845E-2 4.99453E-2 5.38602E-2 5.05511E-2 4.95218E-2 4.95218E-2 4.64665E-2 4.5171E-2 4.71957E-2 4.65178E-2 4.6228E-2 4.60998E-2 4.76701E-2 4.73109E-2 4.59511E-2 4.09296E-2 3.3811E-2 3.35155E-2 3.53481E-2 3.46298E-2 3.49531E-2 3.50509E-2 3.61483E-2 3.60609E-2 3.73569E-2 3.74782E-2 4.00629E-2 3.99501E-2 3.86032E-2 4.21331E-2 4.34697E-2 4.47429E-2 4.46141E-2 5.06172E-2 6.40485E-2 6.64782E-2 7.00425E-2 6.79238E-2 7.04248E-2 6.76116E-2 6.78382E-2 7.5105E-2 7.64425E-2 7.49377E-2 1.27754E-1
5.40694E-2 5.76821E-2 5.55391E-2 6.02731E-2 5.22187E-2 5.05995E-2 5.33178E-2 5.13797E-2 5.21434E-2 6.87071E-2 6.31135E-2 6.40791E-2 6.40797E-2 6.30143E-2 5.36026E-2 5.09655E-2 5.00859E-2 4.97878E-2 5.03855E-2 5.00855E-2 4.93592E-2 4.68687E-2 4.55733E-2 4.66527E-2 4.63568E-2 4.63568E-2 4.54054E-2 4.58249E-2 4.40262E-2 4.44918E-2 4.50699E-2 4.49179E-2 3.38937E-2 3.3811E-2 3.32327E-2 3.36356E-2 3.37565E-2 3.38673E-2 3.37853E-2 3.50019E-2 3.72619E-2 3.75822E-2 3.89178E-2 3.80362E-2 3.9376E-2 4.01024E-2 4.09323E-2 4.16597E-2 4.25313E-2 4.46798E-2 6.29181E-2 6.31384E-2 6.71082E-2 6.63342E-2 6.66688E-2 6.3497E-2 6.49188E-2 6.51374E-2 7.2494E-2 7.3605E-2 1.23852E-1
5.10408E-2 5.08374E-2 5.12767E-2 5.48363E-2 5.64481E-2 4.79162E-2 5.08933E-2 5.2514E-2 6.02668E-2 6.42872E-2 6.24415E-2 6.36137E-2 6.37944E-2 6.28653E-2 5.4397E-2 5.11464E-2 5.1597E-2 5.11014E-2 5.08358E-2 5.07397E-2 4.64337E-2 4.49825E-2 4.7055E-2 4.67746E-2 5.03407E-2 4.74929E-2 4.74805E-2 4.36103E-2 4.36481E-2 4.19356E-2 4.3739E-2 4.48003E-2 4.34204E-2 3.21707E-2 3.27584E-2 3.2287E-2 3.23933E-2 3.37561E-2 3.38673E-2 3.39891E-2 3.52504E-2 3.65062E-2 3.70417E-2 3.81593E-2 3.8265E-2 3.55976E-2 3.97645E-2 3.99067E-2 4.18243E-2 4.25669E-2 4.29391E-2 6.21191E-2 6.60279E-2 6.37188E-2 6.55788E-2 6.53927E-2 6.98198E-2 6.53777E-2 6.4751E-2 7.37029E-2 1.11835E-1
6.22283E-2 5.99558E-2 6.20228E-2 6.19301E-2 6.0103E-2 4.76707E-2 5.03151E-2 5.84021E-2 6.356E-2 6.24422E-2 6.43701E-2 6.24946E-2 6.23195E-2 6.09021E-2 5.392E-2 5.22286E-2 5.23623E-2 5.08689E-2 5.28404E-2 5.11913E-2 4.98386E-2 4.67737E-2 4.81704E-2 4.59432E-2 4.81449E-2 4.76113E-2 4.66361E-2 4.652E-2 4.26626E-2 4.22918E-2 4.19356E-2 4.28825E-2 4.2779E-2 4.31603E-2 3.26407E-2 3.17071E-2 3.26788E-2 3.27864E-2 3.29054E-2 3.42885E-2 3.44103E-2 3.43273E-2 3.59812E-2 3.749E-2 3.76113E-2 3.47781E-2 3.5294E-2 3.87684E-2 4.03889E-2 4.05338E-2 4.09088E-2 5.27153E-2 5.62016E-2 5.8317E-2 6.34922E-2 6.46486E-2 6.44652E-2 6.60122E-2 6.78555E-2 6.80624E-2 1.06696E-1
5.51985E-2 5.33456E-2 6.08673E-2 5.33848E-2 5.43367E-2 4.93709E-2 5.19826E-2 6.58831E-2 6.37481E-2 6.43331E-2 6.32441E-2 6.34356E-2 6.32836E-2 5.40501E-2 5.53741E-2 5.20882E-2 5.17916E-2 5.13533E-2 5.30201E-2 5.10086E-2 5.02701E-2 4.75853E-2 4.70326E-2 4.60625E-2 4.87286E-2 4.68829E-2 4.67651E-2 4.66754E-2 4.3701E-2 4.10779E-2 4.07218E-2 4.03787E-2 4.07676E-2 4.32952E-2 4.15617E-2 3.26501E-2 3.2758E-2 3.28761E-2 3.21201E-2 3.26283E-2 3.27473E-2 3.35449E-2 3.42448E-2 3.52899E-2 3.5808E-2 3.36728E-2 3.42747E-2 3.46031E-2 3.82266E-2 4.00493E-2 4.04361E-2 5.18602E-2 5.05139E-2 5.155E-2 5.48977E-2 6.15567E-2 6.37314E-2 6.44917E-2 6.39288E-2 6.06686E-2 1.04196E-1
5.98996E-2 4.95883E-2 5.27583E-2 5.16913E-2 5.96158E-2 5.22672E-2 4.88116E-2 5.70296E-2 6.36197E-2 6.28714E-2 6.1782E-2 6.27019E-2 6.45988E-2 6.61339E-2 5.50596E-2 5.35192E-2 5.2738E-2 5.15191E-2 5.06532E-2 5.0453E-2 4.98908E-2 4.92758E-2 4.74378E-2 4.59437E-2 4.59437E-2 4.72939E-2 4.74467E-2 4.41911E-2 4.24096E-2 4.31798E-2 4.08326E-2 3.96577E-2 4.11136E-2 3.97406E-2 4.12044E-2 3.67889E-2 3.18162E-2 3.12737E-2 3.22079E-2 3.29049E-2 3.23541E-2 3.29451E-2 3.4157E-2 3.35868E-2 3.50058E-2 3.2547E-2 3.36813E-2 3.41886E-2 3.45167E-2 3.73858E-2 3.89704E-2 4.99728E-2 4.8518E-2 4.93388E-2 5.15168E-2 5.10886E-2 5.3966E-2 6.17738E-2 6.2305E-2 6.51514E-2 9.59344E-2
6.27383E-2 5.46935E-2 5.15899E-2 7.96507E-2 6.74757E-2 5.28413E-2 4.98161E-2 5.9429E-2 6.56775E-2 6.58898E-2 6.23733E-2 6.42351E-2 5.78786E-2 5.6857E-2 5.62085E-2 5.2585E-2 5.19622E-2 5.00529E-2 4.81804E-2 5.0153E-2 4.8424E-2 4.75986E-2 4.65075E-2 4.70322E-2 4.60647E-2 4.89749E-2 4.63735E-2 4.42996E-2 4.36642E-2 4.30373E-2 4.15875E-2 3.98016E-2 3.88899E-2 3.98367E-2 3.9502E-2 4.08593E-2 3.58621E-2 3.10129E-2 3.16535E-2 3.11235E-2 3.26383E-2 3.23537E-2 3.26768E-2 3.38702E-2 3.3305E-2 3.19655E-2 3.20762E-2 3.32219E-2 3.39195E-2 3.48575E-2 3.77587E-2 3.64996E-2 3.6994E-2 4.90445E-2 4.8928E-2 5.10886E-2 5.00612E-2 5.24645E-2 5.32645E-2 5.4733E-2 5.603E-2
5.51835E-2 5.21557E-2 5.18278E-2 6.32807E-2 6.7283E-2 6.68013E-2 5.23471E-2 6.29504E-2 6.48015E-2 6.38664E-2 6.20213E-2 6.2187E-2 5.80572E-2 5.63961E-2 5.51285E-2 5.30472E-2 5.38328E-2 5.07937E-2 4.79048E-2 5.10723E-2 4.89827E-2 4.97498E-2 4.89715E-2 4.80094E-2 4.35984E-2 4.5178E-2 4.4797E-2 4.44195E-2 4.42996E-2 4.22948E-2 4.109E-2 4.07346E-2 3.77374E-2 3.74555E-2 3.78085E-2 3.77176E-2 3.35097E-2 2.95084E-2 2.99772E-2 3.00779E-2 3.07086E-2 3.16164E-2 3.20815E-2 3.25989E-2 3.29164E-2 3.05995E-2 3.16937E-2 3.18041E-2 3.33398E-2 3.33763E-2 3.45219E-2 3.50467E-2 3.6127E-2 3.62597E-2 4.8056E-2 4.99004E-2 4.9762E-2 5.05442E-2 5.20785E-2 5.27318E-2 5.45181E-2
5.68905E-2 5.51611E-2 5.28229E-2 5.51237E-2 5.46234E-2 6.8571E-2 5.23402E-2 5.70151E-2 5.52814E-2 6.13389E-2 6.48477E-2 6.57681E-2 6.42722E-2 5.94357E-2 5.65902E-2 5.38458E-2 5.151E-2 5.12375E-2 4.87813E-2 4.86243E-2 5.17877E-2 4.97024E-2 4.87255E-2 4.56808E-2 4.37448E-2 4.28541E-2 4.5178E-2 4.34027E-2 4.19027E-2 4.15399E-2 4.14383E-2 4.109E-2 3.94789E-2 3.77728E-2 3.66964E-2 3.70426E-2 3.71769E-2 3.26231E-2 2.94377E-2 2.97251E-2 2.98255E-2 3.08947E-2 3.11958E-2 3.204E-2 3.03175E-2 3.02425E-2 3.09715E-2 3.04489E-2 3.12702E-2 3.33758E-2 3.2655E-2 3.1695E-2 3.5512E-2 3.58246E-2 4.46223E-2 4.64042E-2 5.03825E-2 5.02428E-2 5.07761E-2 5.18031E-2 5.23691E-2
5.52189E-2 5.30992E-2 5.47998E-2 5.74892E-2 7.49336E-2 6.97987E-2 6.31907E-2 4.55655E-2 5.48329E-2 6.28183E-2 6.71823E-2 6.56134E-2 6.48424E-2 6.40958E-2 5.80926E-2 5.49692E-2 5.10864E-2 5.21527E-2 5.18426E-2 4.80574E-2 4.7487E-2 4.98683E-2 4.85636E-2 4.58314E-2 4.41313E-2 4.37448E-2 4.61214E-2 4.12907E-2 4.09434E-2 4.05987E-2 4.18002E-2 4.015E-2 4.00529E-2 3.71059E-2 3.70073E-2 3.73657E-2 3.74913E-2 3.64243E-2 2.74657E-2 2.90066E-2 3.00871E-2 2.9397E-2 3.08211E-2 3.13108E-2 2.96502E-2 2.93989E-2 2.94796E-2 3.04489E-2 3.07437E-2 3.21506E-2 3.26674E-2 3.17721E-2 3.11992E-2 3.45025E-2 4.32425E-2 4.42939E-2 4.65802E-2 4.87473E-2 4.87823E-2 4.99574E-2 5.14231E-2
