Artocarpus heterophyllus SDM files/MIS19/results (with bias file)/Arthet_0.asc
ncols         625
nrows         721
xllcorner     69.99986311115
yllcorner     5.99986187915
cellsize      0.041666667
NODATA_value  -9999
[rows 324 to 350 of 721, columns 244 to 304 of 625]
6.06178E-1 6.30337E-1 6.24094E-1 5.77566E-1 5.83118E-1 6.1797E-1 5.50613E-1 5.78369E-1 5.69385E-1 6.05965E-1 6.07227E-1 6.14045E-1 6.37586E-1 6.22315E-1 5.92471E-1 6.5826E-1 6.45656E-1 5.64123E-1 5.53702E-1 5.8415E-1 6.08437E-1 6.03393E-1 6.078E-1 6.27161E-1 6.24212E-1 6.20667E-1 6.29376E-1 6.31792E-1 6.28199E-1 6.45401E-1 6.3822E-1 6.33158E-1 5.76604E-1 5.72424E-1 5.9532E-1 5.95335E-1 5.49267E-1 6.25453E-1 6.45752E-1 6.61889E-1 6.29844E-1 5.77478E-1 5.81238E-1 5.70096E-1 4.98607E-1 5.00183E-1 6.20118E-1 5.98733E-1 6.22138E-1 6.36851E-1 6.23478E-1 6.15471E-1 6.1652E-1 6.29025E-1 5.93566E-1 5.21169E-1 5.30035E-1 5.45022E-1 5.50059E-1 5.43115E-1 5.51374E-1
6.11062E-1 6.11565E-1 6.30199E-1 5.70384E-1 5.80882E-1 6.25048E-1 6.30382E-1 6.33033E-1 5.94301E-1 6.67242E-1 6.0072E-1 6.28468E-1 6.55157E-1 6.44638E-1 5.57329E-1 5.8467E-1 6.06629E-1 6.44929E-1 6.3259E-1 5.70961E-1 6.17434E-1 6.13513E-1 6.26853E-1 6.2987E-1 6.36922E-1 6.57703E-1 6.235E-1 6.21277E-1 5.69735E-1 6.35738E-1 6.38644E-1 6.05241E-1 5.80096E-1 5.82436E-1 5.04114E-1 5.52696E-1 5.53947E-1 5.35187E-1 5.95304E-1 6.291E-1 5.99438E-1 5.97766E-1 6.19204E-1 5.75467E-1 5.6154E-1 5.09628E-1 6.08262E-1 6.17589E-1 6.11934E-1 5.83965E-1 5.67541E-1 6.44521E-1 6.29588E-1 5.21003E-1 5.16233E-1 5.25033E-1 5.3557E-1 5.38891E-1 5.45307E-1 5.51574E-1 5.3081E-1
5.44051E-1 6.12993E-1 6.34911E-1 5.92955E-1 5.85356E-1 6.22052E-1 6.43311E-1 6.28553E-1 5.79155E-1 5.78261E-1 6.12674E-1 6.12607E-1 6.63157E-1 6.59229E-1 6.27415E-1 5.88733E-1 6.15151E-1 5.76904E-1 5.70574E-1 5.99102E-1 6.01803E-1 6.15812E-1 6.20024E-1 6.59051E-1 6.46583E-1 5.97568E-1 5.69316E-1 5.60456E-1 5.90492E-1 6.13581E-1 5.88598E-1 5.77347E-1 5.52004E-1 5.50915E-1 5.52448E-1 5.8573E-1 5.85757E-1 6.05341E-1 5.69644E-1 5.35015E-1 5.87334E-1 6.21594E-1 6.46292E-1 5.77587E-1 5.70468E-1 5.35363E-1 6.20007E-1 5.30055E-1 5.39537E-1 5.36289E-1 5.1934E-1 5.48412E-1 5.61392E-1 5.43854E-1 5.29022E-1 5.28483E-1 5.32115E-1 5.45967E-1 5.3943E-1 5.51234E-1 5.36896E-1
5.38104E-1 5.35533E-1 6.14442E-1 5.9352E-1 6.00012E-1 6.29671E-1 6.45123E-1 6.55565E-1 6.43136E-1 6.56194E-1 6.01771E-1 6.19894E-1 6.63674E-1 6.56068E-1 6.51623E-1 5.95082E-1 6.13716E-1 6.13168E-1 5.78628E-1 6.14615E-1 6.68192E-1 6.10663E-1 6.31941E-1 6.4914E-1 6.47718E-1 5.63478E-1 4.88137E-1 4.89836E-1 4.98398E-1 5.22671E-1 5.47993E-1 5.52764E-1 5.61997E-1 5.91797E-1 5.73443E-1 6.21157E-1 6.22138E-1 6.42772E-1 6.3013E-1 6.1697E-1 5.83427E-1 6.14472E-1 5.93146E-1 5.60389E-1 5.05587E-1 5.32604E-1 5.41066E-1 5.30157E-1 5.35235E-1 5.20416E-1 5.24679E-1 5.34019E-1 5.33827E-1 5.53733E-1 5.5992E-1 5.32758E-1 5.31262E-1 5.35123E-1 5.38108E-1 5.44344E-1 5.41878E-1
5.42433E-1 5.47025E-1 6.1533E-1 6.04341E-1 6.11082E-1 5.48856E-1 5.68306E-1 5.88705E-1 6.6333E-1 6.59081E-1 6.13892E-1 6.17081E-1 6.66191E-1 6.43883E-1 6.27425E-1 5.99882E-1 6.14578E-1 6.57975E-1 5.66838E-1 6.10155E-1 6.73972E-1 6.26837E-1 6.49904E-1 5.97228E-1 5.67579E-1 5.54E-1 5.65645E-1 5.58325E-1 5.61078E-1 5.63452E-1 5.71565E-1 5.70668E-1 5.64376E-1 5.68815E-1 5.68841E-1 6.14727E-1 6.11013E-1 6.36715E-1 6.38093E-1 6.2452E-1 6.13329E-1 5.74264E-1 4.95579E-1 5.01494E-1 5.09864E-1 5.05651E-1 5.30482E-1 5.29947E-1 5.25593E-1 5.3019E-1 5.35453E-1 5.38389E-1 5.39546E-1 5.46718E-1 5.38748E-1 5.35769E-1 5.44242E-1 5.41902E-1 5.37553E-1 5.41412E-1 5.37956E-1
5.41752E-1 5.41403E-1 6.23324E-1 6.09642E-1 6.16018E-1 6.19278E-1 6.29922E-1 5.33269E-1 5.99176E-1 6.14943E-1 6.08703E-1 6.21135E-1 6.70744E-1 6.40884E-1 5.74162E-1 5.826E-1 6.17745E-1 6.62116E-1 5.96487E-1 6.09398E-1 6.00649E-1 6.16544E-1 6.24847E-1 6.02019E-1 5.73704E-1 5.61873E-1 5.62596E-1 5.69927E-1 6.33101E-1 6.02924E-1 6.33014E-1 6.08222E-1 5.78619E-1 5.787E-1 5.73178E-1 5.69017E-1 5.18149E-1 5.38709E-1 5.36002E-1 6.06647E-1 6.19938E-1 5.06215E-1 5.10197E-1 5.04222E-1 5.38195E-1 5.04709E-1 5.38555E-1 5.38027E-1 5.0085E-1 5.25615E-1 5.35253E-1 5.45445E-1 5.50299E-1 5.53352E-1 5.38731E-1 5.2982E-1 5.3144E-1 5.40873E-1 5.42619E-1 5.37789E-1 5.36096E-1
5.41633E-1 6.25905E-1 6.35826E-1 6.11829E-1 6.1769E-1 6.42065E-1 5.88644E-1 5.27215E-1 5.72881E-1 5.8236E-1 6.15328E-1 6.03293E-1 6.15461E-1 6.50985E-1 5.69501E-1 5.95219E-1 6.09087E-1 6.10179E-1 6.61037E-1 6.20459E-1 6.10132E-1 6.14596E-1 6.29392E-1 6.03097E-1 6.02417E-1 6.14164E-1 5.70782E-1 5.61741E-1 5.77681E-1 5.77721E-1 6.38362E-1 5.97611E-1 5.78573E-1 5.77768E-1 5.82266E-1 5.78377E-1 5.69902E-1 5.13263E-1 5.10324E-1 5.3118E-1 5.30437E-1 5.22958E-1 5.30346E-1 5.05585E-1 5.30502E-1 5.29708E-1 5.33291E-1 5.31306E-1 5.23187E-1 5.32383E-1 5.39572E-1 5.5309E-1 6.16243E-1 5.45187E-1 5.31677E-1 5.15469E-1 5.36756E-1 5.42606E-1 5.42202E-1 5.31328E-1 5.3054E-1
6.28734E-1 6.47503E-1 6.22463E-1 6.23908E-1 6.31668E-1 6.38028E-1 5.80118E-1 5.43126E-1 5.77526E-1 6.09772E-1 6.26564E-1 6.22734E-1 6.66165E-1 6.35334E-1 6.13959E-1 5.97357E-1 5.99495E-1 6.1035E-1 6.30439E-1 6.78911E-1 6.7617E-1 6.30826E-1 5.84912E-1 5.82425E-1 5.63487E-1 5.73525E-1 5.73929E-1 5.74652E-1 5.6911E-1 5.70203E-1 5.73334E-1 5.74658E-1 5.78259E-1 5.83791E-1 5.83752E-1 5.79522E-1 5.77896E-1 5.67926E-1 5.11897E-1 5.13702E-1 5.10148E-1 5.06624E-1 5.34442E-1 5.08317E-1 5.35554E-1 5.27958E-1 5.27044E-1 5.25966E-1 5.00645E-1 5.29029E-1 5.32362E-1 5.35215E-1 6.28186E-1 5.22011E-1 4.89697E-1 5.20416E-1 5.38448E-1 5.30683E-1 5.28741E-1 5.29442E-1 5.32081E-1
5.49632E-1 6.40169E-1 6.26209E-1 6.22603E-1 6.32253E-1 6.23425E-1 5.7612E-1 5.2038E-1 5.66737E-1 5.70392E-1 5.92974E-1 6.16693E-1 6.40671E-1 6.55268E-1 6.43639E-1 6.55794E-1 6.60664E-1 6.19659E-1 5.77914E-1 6.13939E-1 6.211E-1 6.11913E-1 5.65669E-1 5.62107E-1 5.74138E-1 5.68173E-1 5.72213E-1 5.76207E-1 5.75811E-1 5.75856E-1 5.78021E-1 5.85154E-1 5.76505E-1 5.80162E-1 5.82294E-1 5.76124E-1 5.79228E-1 5.77887E-1 5.15207E-1 5.14891E-1 5.03856E-1 5.10317E-1 5.2907E-1 5.2855E-1 5.31466E-1 5.30263E-1 4.97166E-1 5.26506E-1 4.99331E-1 5.20641E-1 5.26114E-1 5.27287E-1 5.29498E-1 5.19914E-1 5.1793E-1 5.27683E-1 5.35284E-1 5.36095E-1 5.23487E-1 5.23527E-1 5.55537E-1
5.59874E-1 5.62853E-1 6.3408E-1 5.49758E-1 6.3193E-1 6.24868E-1 6.21016E-1 5.94343E-1 5.42707E-1 5.6687E-1 5.75545E-1 5.8515E-1 5.84858E-1 6.29925E-1 6.15639E-1 6.64443E-1 6.60506E-1 6.14739E-1 5.84215E-1 6.01907E-1 6.25135E-1 6.05766E-1 5.60438E-1 5.7858E-1 5.7729E-1 5.72186E-1 5.74348E-1 5.77696E-1 5.80805E-1 5.83775E-1 5.84299E-1 5.88434E-1 5.83945E-1 5.78796E-1 5.77679E-1 5.73322E-1 5.74846E-1 5.74846E-1 5.67506E-1 5.14783E-1 5.06725E-1 5.04287E-1 5.06252E-1 5.32951E-1 5.05312E-1 5.25829E-1 4.96979E-1 5.26148E-1 4.98011E-1 5.17253E-1 5.23831E-1 5.14108E-1 5.10426E-1 5.1781E-1 5.19784E-1 5.33099E-1 5.22842E-1 5.23084E-1 5.24498E-1 5.17088E-1 5.38447E-1
5.76661E-1 5.88698E-1 5.38133E-1 5.35168E-1 5.62114E-1 6.33247E-1 6.26717E-1 6.04214E-1 5.87745E-1 5.41315E-1 5.77335E-1 5.78776E-1 5.55821E-1 5.79758E-1 6.1293E-1 6.16195E-1 5.96068E-1 6.07395E-1 6.12261E-1 6.09969E-1 6.17028E-1 5.79432E-1 5.92587E-1 5.83846E-1 5.69499E-1 5.76939E-1 5.79716E-1 5.79308E-1 5.78084E-1 5.82893E-1 5.77145E-1 5.82094E-1 5.83783E-1 5.75497E-1 5.7231E-1 5.68855E-1 5.72998E-1 5.16169E-1 5.14586E-1 5.13602E-1 5.13725E-1 5.05591E-1 4.9964E-1 5.2775E-1 4.95783E-1 5.29286E-1 4.97541E-1 4.97028E-1 5.18174E-1 4.93782E-1 5.22864E-1 4.88144E-1 5.15849E-1 5.38367E-1 5.19725E-1 5.26563E-1 5.27164E-1 5.1925E-1 5.13903E-1 5.1304E-1 5.27946E-1
5.4088E-1 5.44699E-1 5.84275E-1 5.81404E-1 5.91871E-1 5.80658E-1 6.47234E-1 6.24752E-1 5.99698E-1 5.21303E-1 5.62551E-1 5.80611E-1 5.40684E-1 5.76846E-1 5.84728E-1 6.03877E-1 5.99755E-1 5.95103E-1 6.08629E-1 6.25378E-1 6.28381E-1 5.81339E-1 5.88954E-1 5.82001E-1 5.66087E-1 5.7681E-1 5.8222E-1 5.78112E-1 5.78947E-1 5.7151E-1 5.74969E-1 5.78409E-1 5.79785E-1 5.79823E-1 5.70264E-1 5.18782E-1 5.17712E-1 5.11437E-1 5.13958E-1 5.12379E-1 5.04212E-1 5.03438E-1 4.97818E-1 5.00045E-1 4.93319E-1 5.24252E-1 5.22232E-1 4.94298E-1 4.88587E-1 4.8992E-1 5.20417E-1 4.84605E-1 5.10869E-1 5.17334E-1 5.23159E-1 5.16706E-1 5.19885E-1 5.15427E-1 5.10773E-1 5.14537E-1 5.218E-1
6.32123E-1 5.45116E-1 6.26354E-1 5.56414E-1 5.72696E-1 5.66475E-1 5.86352E-1 6.37142E-1 5.98279E-1 5.21161E-1 5.43284E-1 6.51049E-1 5.24263E-1 5.37118E-1 5.77559E-1 5.97995E-1 6.05797E-1 6.07044E-1 6.02654E-1 6.26019E-1 6.39906E-1 5.8806E-1 5.98866E-1 5.87875E-1 5.66861E-1 5.67168E-1 5.73358E-1 5.74768E-1 5.74634E-1 5.70805E-1 5.73472E-1 5.72823E-1 5.67514E-1 5.73732E-1 5.73228E-1 5.13036E-1 5.08865E-1 5.08865E-1 5.11589E-1 5.03818E-1 5.04803E-1 5.01808E-1 4.93824E-1 4.90906E-1 4.9367E-1 5.18565E-1 5.23E-1 4.91695E-1 4.85229E-1 4.87693E-1 5.15591E-1 4.82461E-1 5.12437E-1 5.2066E-1 5.18791E-1 4.82926E-1 5.11329E-1 5.19036E-1 5.13402E-1 4.83639E-1 5.16979E-1
5.79068E-1 6.30266E-1 6.1698E-1 5.36457E-1 5.80933E-1 5.56229E-1 5.82463E-1 5.77397E-1 6.23646E-1 5.58906E-1 6.49071E-1 5.374E-1 5.33555E-1 5.61182E-1 5.91521E-1 5.57878E-1 5.97291E-1 6.03606E-1 6.04837E-1 6.07092E-1 6.17904E-1 5.7896E-1 5.57785E-1 5.67156E-1 5.72165E-1 5.76437E-1 5.71234E-1 5.74246E-1 5.71394E-1 5.66686E-1 5.68759E-1 5.70872E-1 5.15388E-1 5.19176E-1 5.24323E-1 5.15463E-1 5.11121E-1 5.04125E-1 5.04556E-1 4.99081E-1 5.0161E-1 5.02179E-1 4.96312E-1 4.86058E-1 4.9256E-1 4.92852E-1 5.17482E-1 4.91016E-1 4.8273E-1 4.84634E-1 5.11188E-1 4.82499E-1 5.07201E-1 5.13089E-1 5.14168E-1 4.8123E-1 4.80173E-1 5.1569E-1 5.15797E-1 4.82115E-1 5.07035E-1
5.5277E-1 5.97856E-1 6.5704E-1 6.06173E-1 5.81896E-1 6.33468E-1 6.2412E-1 5.30698E-1 5.69979E-1 6.29343E-1 6.34218E-1 5.95509E-1 5.48006E-1 5.74364E-1 5.9965E-1 6.07315E-1 5.75974E-1 6.04097E-1 6.16954E-1 6.13279E-1 5.78176E-1 6.02305E-1 5.75503E-1 5.5754E-1 5.6804E-1 5.71753E-1 5.71902E-1 5.73741E-1 5.73743E-1 5.68871E-1 5.14759E-1 5.17571E-1 5.10295E-1 5.13735E-1 5.12464E-1 5.10602E-1 5.1057E-1 5.11361E-1 5.07277E-1 5.05899E-1 4.94069E-1 4.88843E-1 4.93617E-1 4.84618E-1 4.88169E-1 4.8873E-1 4.89202E-1 5.10345E-1 4.84251E-1 4.80946E-1 4.8547E-1 4.81099E-1 5.1247E-1 5.11341E-1 5.08744E-1 4.75559E-1 4.79533E-1 5.05439E-1 5.14114E-1 4.87123E-1 4.78644E-1
5.35931E-1 5.79525E-1 5.62853E-1 5.99716E-1 6.04234E-1 6.60829E-1 6.24575E-1 5.90103E-1 5.21233E-1 5.89041E-1 6.52928E-1 5.17544E-1 5.33588E-1 5.81572E-1 6.01953E-1 6.0462E-1 5.93327E-1 6.13303E-1 6.25122E-1 5.87979E-1 4.87995E-1 5.69235E-1 5.7337E-1 5.58256E-1 5.58058E-1 5.66955E-1 5.74258E-1 5.71946E-1 5.70456E-1 5.70654E-1 5.69465E-1 5.1172E-1 5.05662E-1 5.08979E-1 5.04532E-1 5.08575E-1 5.06084E-1 5.01017E-1 5.01558E-1 5.03542E-1 4.97308E-1 4.87973E-1 4.90864E-1 4.87861E-1 4.83872E-1 4.84873E-1 4.82887E-1 5.07855E-1 4.80901E-1 4.86666E-1 4.8237E-1 4.73333E-1 5.0236E-1 5.03088E-1 5.08622E-1 4.77075E-1 4.70881E-1 4.74348E-1 5.09282E-1 5.05935E-1 4.77011E-1
5.1749E-1 5.48114E-1 5.31583E-1 6.20032E-1 5.9769E-1 5.9297E-1 6.32863E-1 5.06982E-1 5.1647E-1 5.93269E-1 6.53571E-1 5.24812E-1 5.38339E-1 5.76429E-1 6.24885E-1 6.08896E-1 5.97195E-1 6.10298E-1 6.13878E-1 6.00572E-1 4.8957E-1 5.51249E-1 5.5969E-1 5.60545E-1 5.58634E-1 5.67633E-1 5.12154E-1 5.69925E-1 5.67781E-1 5.17448E-1 5.18559E-1 5.19501E-1 5.1079E-1 5.01647E-1 4.99584E-1 5.00608E-1 4.95815E-1 4.95852E-1 4.91054E-1 4.95678E-1 4.93223E-1 4.91262E-1 4.86343E-1 4.8328E-1 4.80595E-1 4.81778E-1 4.75261E-1 4.80072E-1 4.75852E-1 4.82647E-1 4.8523E-1 4.73316E-1 4.70099E-1 4.77647E-1 5.07653E-1 5.04395E-1 4.70881E-1 4.74688E-1 5.0483E-1 4.79627E-1 4.721E-1
5.27898E-1 5.36706E-1 5.47439E-1 6.02436E-1 6.54228E-1 5.43482E-1 6.55972E-1 5.73741E-1 5.68605E-1 5.71448E-1 5.8712E-1 5.97111E-1 5.29987E-1 4.91861E-1 6.02661E-1 6.13631E-1 5.96769E-1 6.01984E-1 5.82986E-1 5.58266E-1 5.56095E-1 5.54852E-1 5.6311E-1 5.67007E-1 5.68238E-1 5.66824E-1 5.14813E-1 5.09897E-1 5.21887E-1 5.15191E-1 5.07406E-1 5.14569E-1 5.08622E-1 5.01684E-1 5.00318E-1 5.01677E-1 4.96711E-1 4.89888E-1 4.88535E-1 4.90034E-1 4.92933E-1 4.82724E-1 4.81187E-1 4.86812E-1 4.91101E-1 4.87197E-1 4.80357E-1 4.79582E-1 4.71498E-1 5.06951E-1 5.05303E-1 4.80157E-1 4.68994E-1 4.75692E-1 4.99714E-1 4.73847E-1 4.73855E-1 4.69752E-1 4.76314E-1 4.77151E-1 4.77303E-1
5.20797E-1 5.25619E-1 5.51609E-1 5.80109E-1 5.72129E-1 6.11424E-1 5.81191E-1 5.50188E-1 5.98311E-1 5.78897E-1 5.56429E-1 5.38594E-1 5.33757E-1 5.75315E-1 5.93117E-1 6.10745E-1 5.99705E-1 5.91093E-1 5.64769E-1 5.62642E-1 5.54587E-1 5.54558E-1 5.60707E-1 5.66997E-1 5.72098E-1 5.68164E-1 5.14185E-1 5.07456E-1 5.09496E-1 5.09065E-1 5.05875E-1 5.1206E-1 5.11037E-1 5.06666E-1 4.99443E-1 4.90654E-1 4.90607E-1 4.88582E-1 4.83849E-1 4.86345E-1 4.80087E-1 4.81543E-1 4.87839E-1 4.89388E-1 4.78718E-1 4.79901E-1 4.75643E-1 4.74678E-1 4.71498E-1 4.73634E-1 4.74305E-1 4.78563E-1 4.72554E-1 4.67999E-1 4.72578E-1 4.756E-1 4.71153E-1 4.73904E-1 4.71666E-1 4.7558E-1 4.79402E-1
5.24103E-1 5.24216E-1 5.4287E-1 5.40912E-1 5.41808E-1 5.72458E-1 5.74489E-1 5.97184E-1 5.9795E-1 5.78705E-1 6.50697E-1 5.34873E-1 4.86558E-1 5.83837E-1 5.99283E-1 6.07118E-1 6.18904E-1 5.91706E-1 5.62288E-1 5.58756E-1 5.76826E-1 5.00702E-1 5.11173E-1 5.08024E-1 5.13527E-1 5.13123E-1 5.16834E-1 5.07259E-1 5.07867E-1 5.06234E-1 5.03526E-1 5.00213E-1 5.06084E-1 5.0199E-1 5.02686E-1 4.95079E-1 4.89732E-1 4.89765E-1 4.92441E-1 4.89421E-1 4.87293E-1 4.86894E-1 4.87282E-1 4.79174E-1 4.74638E-1 4.74805E-1 4.76585E-1 4.7833E-1 4.75559E-1 4.719E-1 4.6857E-1 4.68708E-1 4.69433E-1 4.67999E-1 4.73594E-1 4.75034E-1 4.73787E-1 4.74286E-1 4.77266E-1 4.79446E-1 4.8021E-1
5.2605E-1 5.3021E-1 5.32322E-1 5.42691E-1 5.46182E-1 5.51587E-1 5.66129E-1 6.14897E-1 6.4836E-1 5.93269E-1 5.32618E-1 5.34524E-1 4.95888E-1 5.97399E-1 5.96E-1 5.82074E-1 6.2084E-1 5.71977E-1 5.57366E-1 4.97229E-1 5.68061E-1 5.07001E-1 5.06477E-1 5.05427E-1 5.09454E-1 5.11136E-1 5.15471E-1 5.16138E-1 5.06162E-1 5.0439E-1 5.00885E-1 5.03226E-1 4.99498E-1 4.98977E-1 4.86884E-1 4.86724E-1 4.87761E-1 4.88296E-1 4.91818E-1 4.9614E-1 4.86535E-1 4.86842E-1 4.81261E-1 4.72715E-1 4.72513E-1 4.82153E-1 4.81955E-1 4.75324E-1 4.68426E-1 4.71308E-1 4.70528E-1 4.7165E-1 4.68066E-1 4.67387E-1 4.63285E-1 4.69265E-1 4.64028E-1 4.64301E-1 4.69237E-1 4.67456E-1 4.73173E-1
5.22473E-1 5.29688E-1 5.29884E-1 5.29679E-1 5.48318E-1 5.64409E-1 5.56519E-1 6.3416E-1 5.9918E-1 5.82217E-1 5.3673E-1 5.30197E-1 4.93164E-1 5.99554E-1 6.28073E-1 6.02477E-1 6.23112E-1 5.62173E-1 5.59449E-1 5.04601E-1 5.12791E-1 5.11962E-1 5.06775E-1 3.03495E-1 5.1263E-1 5.07187E-1 5.0945E-1 5.07977E-1 5.06431E-1 5.02433E-1 4.99054E-1 4.95882E-1 4.95129E-1 4.94933E-1 4.90715E-1 4.92197E-1 4.89015E-1 4.95109E-1 4.88044E-1 4.92709E-1 4.86485E-1 4.79008E-1 4.73308E-1 4.80295E-1 4.75907E-1 4.85179E-1 4.7704E-1 4.67443E-1 4.71825E-1 4.74914E-1 4.79006E-1 4.74867E-1 4.66469E-1 4.73229E-1 4.74531E-1 4.67915E-1 4.716E-1 4.75121E-1 4.67727E-1 4.647E-1 4.68898E-1
5.30265E-1 5.29241E-1 5.26654E-1 5.41835E-1 5.39073E-1 5.66802E-1 5.83304E-1 5.60183E-1 5.49497E-1 6.01974E-1 5.8715E-1 5.41191E-1 5.28429E-1 5.43296E-1 6.2977E-1 5.87143E-1 5.98493E-1 5.60744E-1 5.61271E-1 3.21319E-1 3.2884E-1 3.2272E-1 3.02557E-1 3.0432E-1 5.11641E-1 5.08218E-1 5.03237E-1 5.0802E-1 4.99771E-1 4.96626E-1 4.99731E-1 4.9419E-1 4.94808E-1 4.9346E-1 4.8461E-1 4.87643E-1 4.83475E-1 4.87054E-1 4.95299E-1 4.87828E-1 4.78221E-1 4.78811E-1 4.85066E-1 4.74408E-1 4.77754E-1 4.76796E-1 4.69529E-1 4.68745E-1 4.80374E-1 4.75113E-1 4.76497E-1 4.67264E-1 4.72754E-1 4.77666E-1 4.84429E-1 4.76067E-1 4.65233E-1 4.74495E-1 4.78894E-1 4.74246E-1 4.6092E-1
5.22739E-1 5.3226E-1 5.22631E-1 5.24881E-1 5.402E-1 5.36989E-1 5.55803E-1 5.27105E-1 5.27106E-1 5.47744E-1 5.93812E-1 2.95535E-1 5.35507E-1 5.50581E-1 6.3107E-1 5.56126E-1 5.58752E-1 3.15172E-1 5.12792E-1 3.13385E-1 3.20152E-1 3.06359E-1 3.08319E-1 3.07835E-1 3.07615E-1 5.06491E-1 5.03958E-1 5.00574E-1 5.05744E-1 4.96661E-1 5.02751E-1 5.00714E-1 5.03783E-1 4.98438E-1 4.86045E-1 4.81245E-1 4.86497E-1 4.89518E-1 4.89982E-1 4.84744E-1 4.86089E-1 4.81189E-1 4.77226E-1 4.77051E-1 4.7683E-1 4.73662E-1 4.72338E-1 4.75717E-1 4.80535E-1 4.76784E-1 4.72892E-1 4.66913E-1 4.76925E-1 4.78627E-1 5.06223E-1 4.74822E-1 5.067E-1 4.6782E-1 5.10922E-1 4.76632E-1 4.68396E-1
5.27362E-1 5.24801E-1 5.2245E-1 5.2414E-1 5.33083E-1 5.34561E-1 5.60469E-1 3.84443E-1 3.33468E-1 3.38509E-1 3.16296E-1 3.45501E-1 5.47648E-1 5.68499E-1 6.32717E-1 5.61245E-1 3.18364E-1 3.19542E-1 3.22084E-1 3.23583E-1 2.96879E-1 3.00904E-1 3.03814E-1 3.09512E-1 3.09971E-1 5.1683E-1 5.14415E-1 5.0241E-1 4.96669E-1 5.00852E-1 5.04866E-1 5.05302E-1 5.00838E-1 4.95053E-1 4.85094E-1 4.79834E-1 4.86696E-1 4.84764E-1 4.8433E-1 4.91892E-1 4.91929E-1 4.80244E-1 4.82492E-1 4.81186E-1 4.70752E-1 4.74577E-1 4.79134E-1 4.7957E-1 4.73123E-1 4.70158E-1 4.66096E-1 4.69585E-1 5.10263E-1 5.17464E-1 5.07475E-1 4.70051E-1 4.80824E-1 4.70445E-1 5.8659E-1 6.33423E-1 5.07226E-1
5.19068E-1 4.97167E-1 5.00202E-1 5.2248E-1 5.38152E-1 5.06798E-1 5.57682E-1 3.85017E-1 3.84644E-1 3.44869E-1 3.47936E-1 5.56437E-1 5.42091E-1 5.7039E-1 6.12319E-1 5.06646E-1 3.20325E-1 3.10115E-1 3.20135E-1 3.00392E-1 3.00058E-1 2.98339E-1 3.00851E-1 2.97743E-1 3.05964E-1 3.03836E-1 5.07806E-1 4.98044E-1 4.95651E-1 4.94426E-1 5.02438E-1 5.01563E-1 4.93272E-1 4.84699E-1 4.86243E-1 4.83043E-1 4.82456E-1 4.87184E-1 4.91209E-1 4.90725E-1 4.94961E-1 4.80874E-1 4.81071E-1 4.76992E-1 4.68866E-1 4.7607E-1 4.77421E-1 4.7233E-1 4.73321E-1 4.66565E-1 4.75559E-1 5.11742E-1 5.16571E-1 5.09253E-1 5.09161E-1 5.20836E-1 4.72694E-1 4.77617E-1 4.65365E-1 5.8595E-1 5.18214E-1
5.03028E-1 5.12877E-1 5.2288E-1 5.42661E-1 5.16042E-1 5.30081E-1 5.26636E-1 3.40487E-1 3.41031E-1 3.42399E-1 3.47621E-1 5.3701E-1 5.38351E-1 5.36235E-1 3.13283E-1 3.22033E-1 3.16679E-1 3.16612E-1 3.1981E-1 3.00633E-1 3.00322E-1 2.98322E-1 2.98322E-1 2.98891E-1 2.96111E-1 2.95404E-1 2.98524E-1 5.00534E-1 4.92557E-1 4.89638E-1 5.01832E-1 4.97723E-1 4.92913E-1 4.83552E-1 4.85577E-1 4.8475E-1 4.8299E-1 4.83384E-1 4.85036E-1 4.86229E-1 4.90648E-1 4.89568E-1 4.86775E-1 4.7889E-1 4.7166E-1 4.78498E-1 4.77474E-1 4.70428E-1 4.70905E-1 4.71898E-1 5.03932E-1 5.26235E-1 5.15735E-1 4.69278E-1 5.95036E-1 5.23566E-1 5.24452E-1 5.24967E-1 4.60418E-1 4.74233E-1 6.06621E-1
