Artocarpus heterophyllus SDM files/MIS19/results (with bias file)/Arthet_0.asc
ncols         625
nrows         721
xllcorner     69.99986311115
yllcorner     5.99986187915
cellsize      0.041666667
NODATA_value  -9999
[rows 54 to 80 of 721, columns 244 to 304 of 625]
1.0252E-2 1.24612E-2 1.112E-2 1.13137E-2 1.19259E-2 1.25951E-2 1.25574E-2 1.26198E-2 1.25069E-2 1.20326E-2 1.15068E-2 1.45877E-2 1.38202E-2 1.36496E-2 1.36135E-2 1.28034E-2 1.43108E-2 1.34306E-2 1.30461E-2 1.31442E-2 1.28419E-2 1.31424E-2 1.42997E-2 1.49536E-2 1.54166E-2 1.47231E-2 1.3811E-2 1.42941E-2 1.50049E-2 1.55257E-2 1.37312E-2 1.29435E-2 1.45953E-2 1.52127E-2 1.49404E-2 1.36767E-2 1.12312E-2 1.14832E-2 1.10768E-2 9.87353E-3 1.1026E-2 1.21031E-2 1.29534E-2 1.30676E-2 1.29283E-2 1.13973E-2 9.88385E-3 9.29902E-3 9.04214E-3 9.01828E-3 8.19789E-3 1.03276E-2 1.0927E-2 9.83332E-3 1.06038E-2 1.63746E-2 1.1312E-2 1.04046E-2 8.95532E-3 8.66015E-3 7.55029E-3
1.18781E-2 1.20458E-2 1.21062E-2 1.60972E-2 1.22031E-2 1.41104E-2 1.52046E-2 1.45967E-2 1.58972E-2 1.6635E-2 1.67721E-2 1.27337E-2 1.27601E-2 1.68131E-2 1.61415E-2 1.54025E-2 1.52762E-2 1.34684E-2 1.3081E-2 1.34855E-2 1.18899E-2 1.23645E-2 1.22751E-2 1.20242E-2 1.29501E-2 1.44012E-2 1.41716E-2 1.50177E-2 1.53893E-2 1.39196E-2 1.22716E-2 1.20491E-2 1.21225E-2 1.22405E-2 1.28067E-2 1.37316E-2 1.36635E-2 1.19923E-2 1.13488E-2 1.10636E-2 1.02158E-2 1.09261E-2 1.10527E-2 1.20967E-2 1.28183E-2 1.25102E-2 1.10414E-2 1.01249E-2 9.0822E-3 9.8301E-3 8.13569E-3 7.05178E-3 6.58544E-3 7.68082E-3 8.27136E-3 9.4482E-3 1.01079E-2 1.00508E-2 9.8963E-3 9.47426E-3 8.78561E-3
1.4927E-2 1.5123E-2 1.49629E-2 1.41832E-2 1.474E-2 1.50954E-2 1.21539E-2 1.40513E-2 1.40611E-2 1.34811E-2 1.3807E-2 1.58811E-2 1.67407E-2 1.69921E-2 1.76471E-2 1.84864E-2 1.70937E-2 1.67721E-2 1.59625E-2 1.47565E-2 1.27923E-2 1.25294E-2 1.18213E-2 1.192E-2 1.28959E-2 1.31781E-2 1.29925E-2 1.52077E-2 1.25798E-2 1.59024E-2 1.32764E-2 1.21435E-2 1.07736E-2 1.08343E-2 1.08811E-2 1.05499E-2 1.06732E-2 1.16871E-2 1.23678E-2 1.2433E-2 1.15795E-2 1.15418E-2 1.172E-2 1.16952E-2 1.28707E-2 1.24979E-2 1.20262E-2 1.04301E-2 8.70232E-3 9.00209E-3 9.72533E-3 7.67417E-3 7.50539E-3 7.44006E-3 7.57958E-3 7.55251E-3 9.43785E-3 9.72197E-3 1.02143E-2 1.03472E-2 9.16934E-3
1.19391E-2 1.387E-2 1.25059E-2 1.32004E-2 1.36902E-2 1.54025E-2 1.68594E-2 1.29141E-2 1.24878E-2 1.63397E-2 1.45017E-2 1.42853E-2 1.43147E-2 1.48685E-2 1.45647E-2 1.61342E-2 1.6109E-2 1.6635E-2 1.73426E-2 1.67342E-2 1.48624E-2 1.50966E-2 1.33671E-2 1.20659E-2 1.2312E-2 1.32709E-2 1.21331E-2 1.49449E-2 1.64077E-2 1.45632E-2 1.30106E-2 1.19454E-2 1.1551E-2 1.08369E-2 1.04938E-2 1.08968E-2 1.06945E-2 1.05091E-2 1.04314E-2 1.07736E-2 1.16225E-2 1.03698E-2 1.152E-2 1.09782E-2 1.152E-2 1.18021E-2 1.15681E-2 1.05236E-2 8.80372E-3 8.54174E-3 8.84439E-3 8.1974E-3 8.09965E-3 8.04047E-3 7.32479E-3 7.27129E-3 8.42361E-3 8.57621E-3 8.44234E-3 1.00717E-2 1.02176E-2
1.19731E-2 1.32867E-2 1.41697E-2 1.54708E-2 1.45025E-2 1.27149E-2 1.32586E-2 1.53406E-2 1.45967E-2 1.62505E-2 1.69646E-2 1.63841E-2 1.46144E-2 1.38268E-2 1.30895E-2 1.33778E-2 1.39712E-2 1.42144E-2 1.4356E-2 1.53033E-2 1.43001E-2 1.5815E-2 1.46151E-2 1.46514E-2 1.40441E-2 1.41618E-2 1.5437E-2 1.49122E-2 1.36346E-2 1.44127E-2 1.45049E-2 1.31815E-2 1.21124E-2 1.12351E-2 1.0511E-2 1.0798E-2 1.03285E-2 9.90241E-3 1.06429E-2 9.93068E-3 9.00839E-3 8.8132E-3 9.40374E-3 8.87547E-3 9.21219E-3 1.07736E-2 1.17684E-2 1.09466E-2 9.68972E-3 8.87237E-3 8.57998E-3 7.73227E-3 8.13521E-3 8.43559E-3 8.51927E-3 8.23881E-3 8.39503E-3 7.81772E-3 7.74375E-3 7.53756E-3 9.121E-3
1.51041E-2 1.51949E-2 1.50139E-2 1.52693E-2 1.46666E-2 1.42531E-2 1.39156E-2 1.30046E-2 1.30768E-2 1.31463E-2 1.47307E-2 1.61897E-2 1.5792E-2 1.40175E-2 1.39744E-2 1.29534E-2 1.3601E-2 1.33144E-2 1.44215E-2 1.50289E-2 1.46584E-2 1.52375E-2 1.45494E-2 1.45837E-2 1.61897E-2 1.55635E-2 1.57977E-2 1.54559E-2 1.36424E-2 1.37037E-2 1.40088E-2 1.34537E-2 1.27102E-2 1.21589E-2 1.10864E-2 1.09627E-2 1.05981E-2 9.84354E-3 1.05357E-2 1.03606E-2 9.85688E-3 9.02156E-3 8.58603E-3 7.83074E-3 8.30151E-3 1.03113E-2 1.14252E-2 1.09329E-2 1.0062E-2 8.99201E-3 8.60486E-3 8.07456E-3 8.62279E-3 8.99273E-3 8.75811E-3 8.56799E-3 8.64143E-3 7.82124E-3 8.08541E-3 8.21159E-3 7.83749E-3
1.72503E-2 1.6901E-2 1.70032E-2 1.6901E-2 1.70376E-2 1.65099E-2 1.70889E-2 1.56006E-2 1.61279E-2 1.50371E-2 1.48432E-2 1.5774E-2 1.59631E-2 1.48955E-2 1.47771E-2 1.39087E-2 1.34723E-2 1.32995E-2 1.29391E-2 1.27328E-2 1.27143E-2 1.324E-2 1.38212E-2 1.54484E-2 1.64869E-2 1.66174E-2 1.52102E-2 1.33049E-2 1.45711E-2 1.3653E-2 1.30774E-2 1.3073E-2 1.2878E-2 1.15864E-2 1.14044E-2 1.16077E-2 1.14852E-2 1.11782E-2 1.07617E-2 1.07898E-2 1.06947E-2 9.98457E-3 9.05961E-3 8.6235E-3 8.43828E-3 9.75677E-3 1.01499E-2 1.05309E-2 9.84269E-3 9.36261E-3 8.76724E-3 8.42659E-3 8.63527E-3 8.90439E-3 9.51733E-3 9.18912E-3 8.81556E-3 8.11296E-3 7.79704E-3 8.16161E-3 8.9476E-3
1.59152E-2 1.57268E-2 1.76526E-2 1.7296E-2 1.74353E-2 1.66932E-2 1.69461E-2 1.55494E-2 1.44216E-2 1.4468E-2 1.38941E-2 1.43943E-2 1.49066E-2 1.50763E-2 1.41654E-2 1.33988E-2 1.30538E-2 1.33751E-2 1.25465E-2 1.22391E-2 1.26378E-2 1.331E-2 1.36465E-2 1.46323E-2 1.48838E-2 1.48585E-2 1.48513E-2 1.38696E-2 1.40576E-2 1.37777E-2 1.34279E-2 1.29338E-2 1.26255E-2 1.22407E-2 1.15771E-2 9.82542E-3 1.08055E-2 1.12708E-2 1.02422E-2 1.05741E-2 1.08818E-2 1.05747E-2 9.55121E-3 9.0349E-3 9.01237E-3 8.47459E-3 8.55061E-3 8.87479E-3 7.82204E-3 8.20354E-3 8.32797E-3 8.59778E-3 8.04027E-3 8.18219E-3 8.72994E-3 9.01622E-3 8.66389E-3 7.9268E-3 7.47248E-3 7.91457E-3 8.86497E-3
1.43122E-2 1.61314E-2 1.66264E-2 1.67433E-2 1.7418E-2 1.75222E-2 1.6878E-2 1.70149E-2 1.56747E-2 1.47196E-2 1.32656E-2 1.27167E-2 1.27899E-2 1.33569E-2 1.34723E-2 1.36687E-2 1.25773E-2 1.31375E-2 1.27324E-2 1.33402E-2 1.35152E-2 1.28828E-2 1.33377E-2 1.2769E-2 1.26292E-2 1.3181E-2 1.33902E-2 1.29267E-2 1.27551E-2 1.32591E-2 1.24433E-2 1.18642E-2 1.23534E-2 1.21124E-2 1.12666E-2 9.69338E-3 9.36874E-3 1.01456E-2 9.38549E-3 9.30172E-3 1.11243E-2 1.08087E-2 1.0036E-2 9.95714E-3 9.70109E-3 9.56107E-3 9.99771E-3 8.74562E-3 8.20899E-3 8.27892E-3 8.34984E-3 8.5062E-3 8.05022E-3 8.4928E-3 8.63812E-3 8.11671E-3 8.35423E-3 7.7549E-3 7.60761E-3 7.81627E-3 8.21546E-3
1.71572E-2 1.59938E-2 1.60183E-2 1.64385E-2 1.59407E-2 1.6587E-2 1.74705E-2 1.69803E-2 1.70998E-2 1.66719E-2 1.46221E-2 1.33871E-2 1.35722E-2 1.38093E-2 1.36942E-2 1.35962E-2 1.36677E-2 1.36931E-2 1.42496E-2 1.36731E-2 1.27755E-2 1.25462E-2 1.25134E-2 1.22677E-2 1.24351E-2 1.18231E-2 1.18074E-2 1.17249E-2 1.15006E-2 1.12068E-2 1.17781E-2 1.10778E-2 1.05738E-2 1.10276E-2 1.10964E-2 1.09E-2 9.77415E-3 1.00107E-2 1.0281E-2 9.97731E-3 1.05859E-2 1.05616E-2 1.01105E-2 1.02012E-2 1.00444E-2 9.15294E-3 8.84915E-3 8.83204E-3 7.83611E-3 8.41075E-3 8.38934E-3 8.89221E-3 9.01237E-3 8.74803E-3 8.44933E-3 8.90007E-3 8.71055E-3 8.02996E-3 7.70981E-3 8.33205E-3 8.26633E-3
1.63224E-2 1.40949E-2 1.43526E-2 1.56685E-2 1.34055E-2 1.43101E-2 1.50387E-2 1.68269E-2 1.70316E-2 1.6537E-2 1.59617E-2 1.61887E-2 1.52822E-2 1.51444E-2 1.5802E-2 1.52977E-2 1.51135E-2 1.43806E-2 1.4147E-2 1.38067E-2 1.35147E-2 1.29163E-2 1.22897E-2 1.23107E-2 1.25289E-2 1.17597E-2 1.17594E-2 1.19706E-2 1.19862E-2 1.16875E-2 1.11586E-2 1.06939E-2 1.06996E-2 1.04796E-2 1.04518E-2 1.00813E-2 1.0356E-2 9.95997E-3 1.02372E-2 1.02833E-2 1.01933E-2 1.04418E-2 1.10134E-2 1.06554E-2 9.48921E-3 8.50786E-3 7.99755E-3 8.5009E-3 8.16913E-3 8.37086E-3 8.29245E-3 7.89493E-3 8.80892E-3 8.93856E-3 9.0075E-3 9.01099E-3 8.76633E-3 8.76633E-3 8.8121E-3 8.7422E-3 8.42815E-3
1.38971E-2 1.49913E-2 1.60141E-2 1.56394E-2 1.43181E-2 1.41788E-2 1.36749E-2 1.49732E-2 1.62247E-2 1.65217E-2 1.66715E-2 1.68562E-2 1.60742E-2 1.61385E-2 1.61385E-2 1.55148E-2 1.55147E-2 1.41945E-2 1.34849E-2 1.28167E-2 1.30106E-2 1.31419E-2 1.32347E-2 1.27893E-2 1.29048E-2 1.27328E-2 1.20737E-2 1.11312E-2 1.08905E-2 1.07431E-2 1.05338E-2 1.06497E-2 1.07009E-2 1.05714E-2 9.96569E-3 9.58044E-3 1.00142E-2 1.00866E-2 1.07727E-2 1.0575E-2 1.0613E-2 1.09082E-2 1.01442E-2 9.98957E-3 9.10424E-3 8.46606E-3 7.62596E-3 8.0981E-3 8.1783E-3 7.94594E-3 8.44953E-3 8.2056E-3 8.3144E-3 8.76301E-3 8.72248E-3 9.05099E-3 8.85078E-3 9.12629E-3 8.81376E-3 8.82296E-3 8.53162E-3
1.35746E-2 1.36015E-2 1.40999E-2 1.43162E-2 1.4377E-2 1.46656E-2 1.47369E-2 1.51253E-2 1.42025E-2 1.42278E-2 1.43217E-2 1.46155E-2 1.59458E-2 1.53732E-2 1.61711E-2 1.59126E-2 1.50988E-2 1.45721E-2 1.33718E-2 1.20577E-2 1.13936E-2 1.11782E-2 1.15897E-2 1.20364E-2 1.24287E-2 1.22329E-2 1.22149E-2 1.18796E-2 1.1796E-2 1.07332E-2 1.11697E-2 1.12432E-2 1.09929E-2 1.10898E-2 1.03974E-2 1.07751E-2 1.08514E-2 1.0504E-2 1.05174E-2 1.04063E-2 9.76116E-3 9.47669E-3 9.40474E-3 9.19217E-3 8.91596E-3 8.90677E-3 8.14648E-3 8.51666E-3 8.43915E-3 8.56678E-3 8.42469E-3 8.84642E-3 8.96025E-3 8.80247E-3 8.41917E-3 8.36094E-3 8.50899E-3 8.10522E-3 8.47634E-3 8.51456E-3 8.18356E-3
1.43304E-2 1.31233E-2 1.27231E-2 1.31829E-2 1.2875E-2 1.34625E-2 1.38639E-2 1.46053E-2 1.46442E-2 1.42909E-2 1.41357E-2 1.44312E-2 1.44361E-2 1.46055E-2 1.41096E-2 1.42372E-2 1.40338E-2 1.4061E-2 1.37835E-2 1.40338E-2 1.22201E-2 1.12898E-2 1.12126E-2 1.10446E-2 1.1838E-2 1.28145E-2 1.24182E-2 1.17634E-2 1.16364E-2 1.1719E-2 1.15897E-2 1.10615E-2 1.11174E-2 1.11511E-2 1.13541E-2 1.10391E-2 1.09235E-2 1.11735E-2 9.85171E-3 1.00381E-2 9.44748E-3 9.22291E-3 8.80823E-3 9.32718E-3 9.02098E-3 8.64474E-3 8.4214E-3 8.20145E-3 8.03915E-3 8.41453E-3 8.52524E-3 8.14769E-3 8.27455E-3 8.92385E-3 8.59133E-3 8.11764E-3 8.15056E-3 8.64439E-3 8.9837E-3 9.21463E-3 9.20922E-3
1.55593E-2 1.49316E-2 1.4253E-2 1.44162E-2 1.28786E-2 1.18676E-2 1.39752E-2 1.44042E-2 1.43959E-2 1.49215E-2 1.43664E-2 1.35639E-2 1.37937E-2 1.37408E-2 1.39372E-2 1.36007E-2 1.32167E-2 1.31432E-2 1.34617E-2 1.32358E-2 1.3909E-2 1.27218E-2 1.22004E-2 1.19424E-2 1.19949E-2 1.19243E-2 1.26202E-2 1.27094E-2 1.2216E-2 1.18375E-2 1.15057E-2 1.19212E-2 1.13481E-2 1.12635E-2 1.06428E-2 1.04369E-2 1.03884E-2 1.08862E-2 1.08015E-2 1.0137E-2 9.75272E-3 9.12015E-3 9.34364E-3 8.90795E-3 8.97301E-3 9.18489E-3 8.59572E-3 8.44722E-3 7.88468E-3 7.83743E-3 7.82071E-3 7.90062E-3 8.05681E-3 7.96033E-3 8.37894E-3 9.09885E-3 9.63733E-3 9.56797E-3 9.65463E-3 8.87186E-3 8.7892E-3
1.37091E-2 1.44741E-2 1.53991E-2 1.51067E-2 1.53767E-2 1.46609E-2 1.51523E-2 1.47417E-2 1.42632E-2 1.39882E-2 1.41306E-2 1.37628E-2 1.36556E-2 1.37335E-2 1.38317E-2 1.36809E-2 1.32966E-2 1.31229E-2 1.28436E-2 1.21175E-2 1.25732E-2 1.26156E-2 1.2064E-2 1.21824E-2 1.2219E-2 1.21734E-2 1.15771E-2 1.16249E-2 1.17188E-2 1.15057E-2 1.14038E-2 1.10441E-2 1.0581E-2 1.05998E-2 1.06319E-2 1.03959E-2 9.98865E-3 9.97149E-3 9.51982E-3 9.90238E-3 9.89188E-3 9.45769E-3 9.12577E-3 8.91607E-3 8.94331E-3 8.83486E-3 8.98946E-3 8.4242E-3 8.19692E-3 8.27998E-3 8.36319E-3 8.08558E-3 8.13817E-3 8.08137E-3 7.86146E-3 7.87141E-3 7.81094E-3 8.4062E-3 8.03549E-3 8.19223E-3 7.82374E-3
1.60485E-2 1.59522E-2 1.59564E-2 1.59734E-2 1.59586E-2 1.54809E-2 1.56328E-2 1.47417E-2 1.39036E-2 1.32525E-2 1.36722E-2 1.3651E-2 1.33878E-2 1.32051E-2 1.32866E-2 1.28733E-2 1.31394E-2 1.27321E-2 1.2817E-2 1.15402E-2 1.11112E-2 1.16149E-2 1.15525E-2 1.12305E-2 1.13265E-2 1.0867E-2 1.08705E-2 1.07483E-2 1.12976E-2 1.0804E-2 1.09655E-2 1.05055E-2 1.04029E-2 1.02601E-2 9.74314E-3 9.88216E-3 9.81772E-3 9.15596E-3 9.07323E-3 9.17383E-3 9.03138E-3 9.16605E-3 9.18164E-3 9.27458E-3 8.95996E-3 9.03402E-3 8.67438E-3 8.61348E-3 8.39866E-3 8.39025E-3 7.86229E-3 8.04809E-3 8.0313E-3 7.73492E-3 8.03163E-3 8.10313E-3 7.89168E-3 7.66118E-3 7.46145E-3 7.54871E-3 7.4351E-3
1.5514E-2 1.40157E-2 1.40896E-2 1.4686E-2 1.5348E-2 1.54954E-2 1.50287E-2 1.44162E-2 1.44597E-2 1.43478E-2 1.38321E-2 1.37924E-2 1.3778E-2 1.3599E-2 1.30588E-2 1.29397E-2 1.28843E-2 1.27187E-2 1.21028E-2 1.20535E-2 1.0923E-2 1.08567E-2 1.03714E-2 1.06481E-2 1.02934E-2 1.05242E-2 1.05804E-2 1.06885E-2 1.05388E-2 1.04375E-2 1.02457E-2 1.0363E-2 9.90661E-3 9.95873E-3 9.53566E-3 9.88501E-3 9.53566E-3 9.45214E-3 9.63842E-3 9.20922E-3 9.19159E-3 9.15704E-3 9.36323E-3 9.36214E-3 8.90539E-3 8.58483E-3 8.81611E-3 8.85326E-3 8.57961E-3 8.71054E-3 8.60628E-3 8.38017E-3 8.02928E-3 7.82813E-3 7.62344E-3 7.69364E-3 7.73256E-3 7.663E-3 7.58497E-3 7.64736E-3 7.86835E-3
1.88126E-2 1.76636E-2 1.25558E-2 1.46594E-2 1.41917E-2 1.44091E-2 1.48933E-2 1.40546E-2 1.42182E-2 1.4436E-2 1.44944E-2 1.39327E-2 1.38588E-2 1.30534E-2 1.25306E-2 1.27586E-2 1.225E-2 1.22796E-2 1.14087E-2 1.10134E-2 1.17053E-2 1.06958E-2 1.05558E-2 1.00568E-2 9.93855E-3 9.79989E-3 9.96691E-3 1.00028E-2 9.77749E-3 9.24387E-3 9.30996E-3 9.00342E-3 9.16092E-3 9.34564E-3 9.20316E-3 9.16877E-3 9.16877E-3 9.31464E-3 8.90413E-3 8.56988E-3 9.07713E-3 8.87598E-3 8.99397E-3 9.16169E-3 9.07288E-3 8.55085E-3 8.43137E-3 8.74669E-3 8.42363E-3 8.78088E-3 8.28041E-3 8.17953E-3 8.09568E-3 8.20279E-3 7.83533E-3 7.84245E-3 7.66078E-3 7.66078E-3 7.69989E-3 7.78734E-3 8.0053E-3
1.57559E-2 1.50376E-2 1.22881E-2 1.32908E-2 1.39225E-2 1.30086E-2 1.45897E-2 1.34557E-2 1.43728E-2 1.36363E-2 1.37072E-2 1.38228E-2 1.24102E-2 1.17809E-2 1.24878E-2 1.17287E-2 1.18897E-2 1.18115E-2 1.07236E-2 9.88539E-3 1.0513E-2 1.00428E-2 1.00717E-2 1.01844E-2 9.57499E-3 9.3998E-3 9.30416E-3 8.9757E-3 8.85877E-3 9.10194E-3 9.12297E-3 8.58868E-3 8.99397E-3 8.8692E-3 9.01926E-3 8.69466E-3 8.42493E-3 8.43212E-3 8.57529E-3 8.93873E-3 8.37307E-3 8.1988E-3 8.49283E-3 8.20142E-3 8.19512E-3 7.89769E-3 8.33861E-3 8.75381E-3 9.07609E-3 8.92952E-3 8.53509E-3 8.2302E-3 7.95009E-3 8.04763E-3 8.12955E-3 8.30361E-3 7.93901E-3 7.89769E-3 7.69038E-3 7.77806E-3 7.91476E-3
1.63269E-2 1.493E-2 1.53386E-2 1.15078E-2 1.25484E-2 1.60171E-2 1.29822E-2 1.33993E-2 1.26191E-2 1.26904E-2 1.32224E-2 1.31432E-2 1.21053E-2 1.13243E-2 1.16149E-2 1.15942E-2 1.00467E-2 1.01243E-2 1.01676E-2 9.56118E-3 9.09547E-3 8.84439E-3 8.98271E-3 9.46735E-3 9.62691E-3 9.34422E-3 9.49669E-3 9.33464E-3 9.402E-3 8.75536E-3 8.51818E-3 8.69107E-3 8.77876E-3 8.79774E-3 8.32311E-3 8.39933E-3 8.40751E-3 8.56251E-3 8.59622E-3 8.14559E-3 8.04536E-3 7.98541E-3 7.67243E-3 7.67017E-3 7.9047E-3 7.77595E-3 8.04516E-3 8.52268E-3 8.3415E-3 8.00941E-3 8.07886E-3 8.01867E-3 8.1749E-3 8.18765E-3 8.12904E-3 7.72615E-3 8.37292E-3 7.92476E-3 7.75512E-3 7.68342E-3 7.8019E-3
1.5542E-2 1.50164E-2 1.48324E-2 1.74061E-2 1.52106E-2 1.20091E-2 1.36888E-2 1.6906E-2 1.17538E-2 1.58489E-2 1.12311E-2 1.16462E-2 1.15814E-2 1.08708E-2 1.04932E-2 1.04716E-2 9.7023E-3 9.4225E-3 9.21354E-3 9.121E-3 8.88312E-3 8.73994E-3 9.17123E-3 9.13298E-3 8.80081E-3 9.32718E-3 9.63077E-3 9.21284E-3 9.40131E-3 8.94477E-3 8.61481E-3 8.78182E-3 8.55135E-3 7.70911E-3 7.97859E-3 8.08137E-3 8.43315E-3 8.22152E-3 8.10531E-3 7.67914E-3 7.94972E-3 7.65474E-3 7.82856E-3 8.15439E-3 8.50844E-3 8.12955E-3 7.74532E-3 7.85702E-3 8.086E-3 8.01952E-3 7.97854E-3 8.06768E-3 8.1813E-3 8.07598E-3 8.25077E-3 8.00399E-3 8.61543E-3 8.20977E-3 7.73256E-3 7.65994E-3 7.71396E-3
1.59908E-2 1.51526E-2 1.51859E-2 1.47759E-2 1.67887E-2 1.28424E-2 1.23354E-2 1.54041E-2 1.41807E-2 1.09286E-2 1.10869E-2 1.10544E-2 1.49896E-2 1.46641E-2 1.03004E-2 1.0087E-2 9.65849E-3 1.14406E-2 8.08068E-3 7.78464E-3 7.85455E-3 7.42479E-3 7.35638E-3 8.41088E-3 8.74871E-3 8.83326E-3 8.99306E-3 8.84589E-3 8.99966E-3 8.72044E-3 8.56251E-3 8.48345E-3 8.16553E-3 8.12663E-3 7.63393E-3 7.94307E-3 7.90204E-3 7.86128E-3 7.663E-3 7.69364E-3 7.95662E-3 8.11163E-3 8.14223E-3 8.01083E-3 8.13738E-3 7.84176E-3 7.7972E-3 7.7277E-3 7.68645E-3 7.95309E-3 7.98603E-3 7.8408E-3 7.864E-3 8.08411E-3 7.99409E-3 8.2251E-3 8.26638E-3 8.23901E-3 8.1428E-3 8.06136E-3 7.80108E-3
1.72005E-2 1.51705E-2 1.57294E-2 1.49728E-2 1.55026E-2 1.59628E-2 1.49383E-2 1.43858E-2 1.43053E-2 1.00868E-2 1.09632E-2 1.05374E-2 1.04824E-2 1.43751E-2 1.3896E-2 1.28243E-2 8.88837E-3 1.11491E-2 1.02713E-2 9.80893E-3 9.11857E-3 6.62603E-3 6.50218E-3 7.10637E-3 7.62332E-3 7.85038E-3 8.573E-3 8.39659E-3 8.47399E-3 8.54401E-3 8.36089E-3 8.22123E-3 7.92589E-3 8.05611E-3 7.82953E-3 7.90143E-3 7.86016E-3 8.02975E-3 7.8679E-3 7.73989E-3 7.98887E-3 8.36432E-3 7.90992E-3 7.72841E-3 7.88957E-3 7.69162E-3 7.55227E-3 7.73256E-3 7.71008E-3 7.74048E-3 7.83616E-3 7.78078E-3 7.84576E-3 7.71874E-3 7.87888E-3 8.17495E-3 7.9729E-3 7.67663E-3 7.81897E-3 7.84295E-3 7.60807E-3
1.71629E-2 1.55946E-2 1.57684E-2 1.54071E-2 1.54041E-2 1.46537E-2 1.4317E-2 1.45806E-2 1.45923E-2 1.49454E-2 1.1181E-2 1.09965E-2 1.50006E-2 1.04406E-2 1.38643E-2 1.30141E-2 1.20625E-2 1.13822E-2 1.03783E-2 7.08834E-3 9.57579E-3 7.22012E-3 7.29757E-3 7.78934E-3 8.00052E-3 7.66606E-3 8.06049E-3 7.92098E-3 7.99665E-3 8.16356E-3 8.1191E-3 7.43442E-3 7.44749E-3 7.57039E-3 7.70352E-3 7.77422E-3 7.82856E-3 7.75429E-3 8.16118E-3 8.02836E-3 7.70804E-3 8.02481E-3 7.95954E-3 7.63203E-3 7.49202E-3 7.63203E-3 7.28313E-3 7.56608E-3 7.74834E-3 7.66226E-3 7.75693E-3 8.14961E-3 8.26804E-3 7.89639E-3 7.63878E-3 7.65186E-3 7.6749E-3 7.66397E-3 7.72224E-3 7.73494E-3 7.78263E-3
1.79194E-2 1.72411E-2 1.62366E-2 1.53179E-2 1.50668E-2 1.47792E-2 1.49033E-2 1.52824E-2 1.61901E-2 1.20792E-2 1.16899E-2 1.16686E-2 1.15754E-2 1.46742E-2 1.33637E-2 1.2149E-2 1.11273E-2 1.09461E-2 1.02024E-2 6.77438E-3 7.1907E-3 6.85279E-3 7.23443E-3 6.97847E-3 7.20158E-3 7.5543E-3 7.77183E-3 7.60685E-3 8.07169E-3 7.8068E-3 7.9423E-3 7.95359E-3 1.01833E-2 6.62172E-3 6.80813E-3 6.78033E-3 7.58609E-3 7.62871E-3 7.72978E-3 8.01701E-3 7.91025E-3 7.62786E-3 7.81714E-3 8.03461E-3 7.92063E-3 8.0464E-3 7.73375E-3 7.80855E-3 7.65403E-3 7.72369E-3 7.80187E-3 8.37667E-3 8.47465E-3 8.03454E-3 7.73725E-3 7.5914E-3 7.6749E-3 7.70506E-3 7.75262E-3 7.74602E-3 7.81339E-3
2.04798E-2 1.97067E-2 1.81001E-2 1.6206E-2 1.57898E-2 1.75218E-2 1.77089E-2 1.77379E-2 1.25081E-2 1.26136E-2 1.19521E-2 1.56991E-2 1.05728E-2 1.01084E-2 1.34066E-2 1.2927E-2 1.21771E-2 1.16236E-2 1.12507E-2 1.0351E-2 9.74338E-3 7.46318E-3 7.62757E-3 7.53011E-3 7.67385E-3 7.35795E-3 7.48852E-3 7.56019E-3 7.50998E-3 7.57954E-3 7.70352E-3 7.81262E-3 7.92284E-3 1.03842E-2 9.77888E-3 6.8389E-3 7.19366E-3 7.40669E-3 7.58488E-3 7.57428E-3 7.92131E-3 7.88815E-3 7.57804E-3 7.64807E-3 7.81398E-3 7.8744E-3 8.12465E-3 8.20377E-3 8.31635E-3 8.19505E-3 7.95137E-3 8.04754E-3 7.69264E-3 7.89199E-3 8.1257E-3 7.79331E-3 7.74502E-3 8.54962E-3 8.18305E-3 7.75193E-3 7.86476E-3
