Artocarpus heterophyllus SDM files/MIS19/results (with bias file)/Arthet_9.asc
ncols         625
nrows         721
xllcorner     69.99986311115
yllcorner     5.99986187915
cellsize      0.041666667
NODATA_value  -9999
[rows 567 to 593 of 721, columns 183 to 243 of 625]
5.41848E-1 4.02133E-1 3.4858E-1 3.6209E-1 5.3966E-1 5.56689E-1 7.21061E-1 6.25039E-1 3.54848E-1 3.58582E-1 4.31767E-1 6.48246E-1 5.70663E-1 3.62097E-1 3.60963E-1 5.52321E-1 6.04673E-1 3.86104E-1 3.77041E-1 5.02912E-1 3.88245E-1 5.0581E-1 3.68673E-1 4.89427E-1 7.28145E-1 7.9125E-1 6.28806E-1 4.2931E-1 6.68129E-1 4.72662E-1 5.80488E-1 5.76553E-1 5.84733E-1 6.04213E-1 6.07005E-1 6.24625E-1 6.42434E-1 7.54276E-1 6.25709E-1 6.04501E-1 7.02953E-1 7.21713E-1 7.13204E-1 7.1783E-1 6.9898E-1 8.13972E-1 8.26108E-1 8.28766E-1 8.21325E-1 7.96045E-1 8.0871E-1 7.83433E-1 8.25373E-1 8.21623E-1 7.93683E-1 7.68833E-1 7.57895E-1 7.59468E-1 7.47364E-1 7.32309E-1 -9999
3.9704E-1 3.56712E-1 3.3124E-1 4.83411E-1 5.80001E-1 5.65366E-1 6.24771E-1 4.7064E-1 4.57489E-1 3.65661E-1 3.59054E-1 5.93157E-1 4.68278E-1 5.59436E-1 5.68155E-1 3.67189E-1 6.01765E-1 4.9973E-1 4.8626E-1 4.95101E-1 5.13899E-1 5.02675E-1 3.68659E-1 5.70165E-1 7.63992E-1 7.85138E-1 4.43783E-1 4.31311E-1 4.45329E-1 5.7424E-1 5.80375E-1 5.9106E-1 6.09358E-1 6.21689E-1 6.30976E-1 6.32815E-1 6.37823E-1 6.2354E-1 6.12509E-1 5.98281E-1 7.01147E-1 7.00622E-1 8.25571E-1 7.00577E-1 7.20152E-1 7.0384E-1 8.2698E-1 8.16117E-1 8.17016E-1 8.08915E-1 7.86949E-1 7.81093E-1 7.94399E-1 8.01234E-1 7.85617E-1 7.65218E-1 7.5785E-1 7.44832E-1 7.42203E-1 7.32023E-1 -9999
5.37465E-1 3.85272E-1 3.28709E-1 4.89979E-1 6.08738E-1 5.56458E-1 5.83124E-1 3.9289E-1 3.92544E-1 4.45396E-1 4.48689E-1 3.77229E-1 4.39904E-1 5.74059E-1 5.7617E-1 3.96178E-1 5.77915E-1 5.89675E-1 6.05487E-1 6.33351E-1 5.31044E-1 3.85327E-1 3.61823E-1 5.97295E-1 7.82488E-1 6.74589E-1 4.23171E-1 4.43195E-1 5.8528E-1 5.80141E-1 5.81956E-1 6.08975E-1 6.23675E-1 6.35792E-1 5.9053E-1 6.14315E-1 6.5297E-1 6.19964E-1 6.03532E-1 5.91261E-1 6.81227E-1 6.8363E-1 6.5287E-1 6.83389E-1 6.88109E-1 6.79087E-1 8.33916E-1 8.23066E-1 8.07E-1 8.08078E-1 7.92281E-1 7.83242E-1 7.71456E-1 7.78507E-1 7.78235E-1 7.56445E-1 7.42887E-1 7.34534E-1 7.30613E-1 -9999 -9999
5.36216E-1 3.55688E-1 3.88464E-1 5.32743E-1 3.94184E-1 6.23143E-1 3.87745E-1 6.60857E-1 3.63395E-1 4.45012E-1 5.9777E-1 5.89623E-1 5.62957E-1 3.94349E-1 5.75724E-1 5.81337E-1 5.0442E-1 5.88172E-1 6.15622E-1 6.217E-1 5.24292E-1 3.94296E-1 3.6835E-1 5.99725E-1 6.2086E-1 5.3359E-1 4.51258E-1 5.81492E-1 5.77132E-1 6.10118E-1 6.14025E-1 6.27399E-1 6.40063E-1 6.19439E-1 6.07182E-1 5.88231E-1 6.33378E-1 6.29481E-1 6.01621E-1 6.82855E-1 6.41556E-1 7.13504E-1 6.80545E-1 6.80295E-1 6.34487E-1 6.6092E-1 7.03898E-1 7.96214E-1 8.14216E-1 8.14297E-1 7.89425E-1 7.81127E-1 7.74038E-1 7.67906E-1 7.60699E-1 7.54118E-1 7.41979E-1 7.3333E-1 -9999 -9999 -9999
3.74627E-1 3.60494E-1 4.17969E-1 4.14777E-1 3.71402E-1 6.24068E-1 4.1745E-1 4.63875E-1 4.25023E-1 6.65632E-1 4.62064E-1 4.63744E-1 5.66942E-1 5.69667E-1 5.10754E-1 5.14692E-1 5.23841E-1 5.12267E-1 5.21753E-1 5.94644E-1 5.44127E-1 5.01893E-1 3.81852E-1 5.21614E-1 5.16787E-1 5.21572E-1 5.9038E-1 5.99939E-1 6.29063E-1 6.20134E-1 5.95094E-1 6.09275E-1 6.21103E-1 5.90924E-1 6.56646E-1 5.72383E-1 5.85973E-1 6.1968E-1 5.89293E-1 6.38827E-1 6.49428E-1 6.86272E-1 6.91073E-1 6.67521E-1 6.76833E-1 6.61637E-1 6.9051E-1 6.81884E-1 6.67703E-1 7.94951E-1 7.99417E-1 7.80435E-1 7.63907E-1 7.55279E-1 7.4082E-1 7.35246E-1 7.32947E-1 7.23058E-1 -9999 -9999 -9999
3.72296E-1 3.66958E-1 3.62493E-1 3.78642E-1 5.55241E-1 3.87086E-1 4.44773E-1 4.21827E-1 6.02885E-1 6.34884E-1 6.05609E-1 5.77013E-1 5.60119E-1 4.83963E-1 5.07854E-1 5.28409E-1 5.20614E-1 5.20711E-1 5.1617E-1 5.17736E-1 4.10342E-1 4.04813E-1 3.99496E-1 4.00956E-1 3.96549E-1 6.28224E-1 5.97305E-1 5.74382E-1 5.81339E-1 5.99676E-1 6.25808E-1 6.13796E-1 6.21318E-1 6.168E-1 6.09304E-1 6.08291E-1 5.70768E-1 5.92097E-1 5.82243E-1 8.37432E-1 8.29347E-1 6.91366E-1 6.80361E-1 6.97227E-1 6.65211E-1 6.7299E-1 6.83425E-1 7.86501E-1 7.58249E-1 7.63187E-1 7.84214E-1 7.7955E-1 7.51045E-1 7.61422E-1 7.42971E-1 7.33504E-1 7.24204E-1 -9999 -9999 -9999 -9999
5.61945E-1 3.76965E-1 3.53484E-1 3.74559E-1 3.854E-1 5.4679E-1 6.5371E-1 6.41739E-1 6.12141E-1 6.18184E-1 6.02962E-1 5.76008E-1 5.68525E-1 5.96388E-1 6.35175E-1 6.53967E-1 5.26226E-1 5.18951E-1 5.1281E-1 5.29083E-1 5.10393E-1 5.02146E-1 5.09158E-1 5.26077E-1 4.02371E-1 6.14591E-1 6.08436E-1 5.84199E-1 6.3571E-1 6.10108E-1 6.12367E-1 6.0426E-1 6.35469E-1 6.48245E-1 6.21732E-1 5.93592E-1 5.63084E-1 5.74865E-1 7.01613E-1 8.2459E-1 8.258E-1 6.59995E-1 6.52095E-1 6.56593E-1 6.50482E-1 6.59539E-1 6.66398E-1 7.90541E-1 7.81035E-1 7.60368E-1 7.56366E-1 7.76845E-1 7.50456E-1 7.44526E-1 7.42486E-1 7.25209E-1 -9999 -9999 -9999 -9999 -9999
5.52515E-1 3.92241E-1 3.91811E-1 3.65964E-1 5.16579E-1 5.96237E-1 6.71363E-1 6.32304E-1 6.29373E-1 4.84809E-1 4.41443E-1 5.96616E-1 6.21288E-1 6.33338E-1 7.85692E-1 6.33061E-1 5.14765E-1 5.2451E-1 5.32417E-1 5.35268E-1 3.84117E-1 3.94717E-1 5.05737E-1 5.27746E-1 3.98965E-1 5.90377E-1 6.0872E-1 6.14696E-1 5.99942E-1 5.80203E-1 5.88596E-1 6.04349E-1 6.11559E-1 6.38315E-1 6.20635E-1 5.91446E-1 5.84299E-1 6.68752E-1 7.01076E-1 8.02018E-1 8.1822E-1 6.6759E-1 6.57824E-1 6.54286E-1 6.19866E-1 6.47753E-1 6.57639E-1 8.02312E-1 7.73509E-1 7.55865E-1 7.45651E-1 7.4639E-1 7.38208E-1 7.30573E-1 7.24712E-1 7.24424E-1 -9999 -9999 -9999 -9999 -9999
3.80516E-1 3.89322E-1 3.46376E-1 5.54612E-1 4.19871E-1 6.43882E-1 6.27175E-1 6.52256E-1 4.9107E-1 4.33858E-1 6.17563E-1 6.35603E-1 6.37799E-1 7.50367E-1 8.28971E-1 4.05601E-1 5.26325E-1 4.04998E-1 5.37376E-1 5.22619E-1 3.94181E-1 5.15064E-1 5.20469E-1 6.38559E-1 4.72029E-1 5.86868E-1 5.62077E-1 5.73669E-1 6.06173E-1 6.26229E-1 6.12254E-1 6.18625E-1 5.8344E-1 6.04111E-1 6.25343E-1 6.11195E-1 5.6951E-1 6.67489E-1 6.83509E-1 7.16657E-1 6.94021E-1 6.75873E-1 6.36179E-1 6.62817E-1 6.26503E-1 6.38979E-1 7.3505E-1 7.65879E-1 7.70297E-1 7.53904E-1 7.44834E-1 7.30307E-1 7.19654E-1 7.03755E-1 7.13946E-1 -9999 -9999 -9999 -9999 -9999 -9999
4.10826E-1 3.71502E-1 4.07635E-1 4.41957E-1 4.02142E-1 4.773E-1 6.32966E-1 6.45444E-1 4.55399E-1 6.32358E-1 6.53997E-1 6.53122E-1 6.5648E-1 7.8544E-1 6.81033E-1 3.91361E-1 6.22332E-1 5.69734E-1 3.96985E-1 3.93341E-1 5.04205E-1 5.34234E-1 5.39049E-1 7.93021E-1 5.52349E-1 6.34367E-1 6.40832E-1 6.19539E-1 6.5159E-1 6.3735E-1 6.17827E-1 6.12684E-1 6.07518E-1 6.18643E-1 6.12599E-1 5.98592E-1 5.80417E-1 6.56415E-1 6.73787E-1 6.75132E-1 6.63413E-1 6.58303E-1 6.28718E-1 6.35934E-1 6.24929E-1 6.09456E-1 7.22334E-1 7.21379E-1 7.53075E-1 7.64493E-1 7.52048E-1 7.34242E-1 7.21617E-1 6.98132E-1 -9999 -9999 -9999 -9999 -9999 -9999 -9999
3.85793E-1 3.77769E-1 4.59843E-1 4.35569E-1 4.06804E-1 6.37458E-1 6.52556E-1 4.82881E-1 6.45052E-1 6.92337E-1 6.6442E-1 6.73184E-1 4.66248E-1 4.81307E-1 3.89163E-1 6.15554E-1 7.18303E-1 5.41077E-1 3.91766E-1 3.85595E-1 5.3889E-1 5.73661E-1 6.7153E-1 6.155E-1 5.62808E-1 5.75912E-1 8.02421E-1 6.54005E-1 6.29513E-1 6.12497E-1 6.09263E-1 6.11497E-1 6.24168E-1 6.24397E-1 6.20014E-1 5.85634E-1 6.76254E-1 6.55833E-1 6.60542E-1 6.45878E-1 6.61965E-1 6.29794E-1 6.44787E-1 6.28327E-1 7.33563E-1 7.32082E-1 7.28429E-1 7.23866E-1 7.51501E-1 7.51651E-1 7.35454E-1 7.46252E-1 7.33884E-1 6.99341E-1 -9999 -9999 -9999 -9999 -9999 -9999 -9999
3.80148E-1 3.88499E-1 4.13758E-1 3.95693E-1 4.11611E-1 4.75841E-1 6.51009E-1 6.42308E-1 6.76671E-1 6.34979E-1 6.00758E-1 6.52382E-1 6.39297E-1 6.19895E-1 6.39488E-1 6.09428E-1 6.14663E-1 5.17209E-1 5.03099E-1 6.21114E-1 7.82959E-1 7.58204E-1 5.83142E-1 6.16275E-1 4.43241E-1 5.77593E-1 8.20066E-1 6.42338E-1 7.85595E-1 6.17073E-1 6.0014E-1 6.331E-1 6.38099E-1 6.28575E-1 6.14866E-1 6.12945E-1 7.17364E-1 6.992E-1 6.62466E-1 6.48806E-1 6.25924E-1 6.28743E-1 6.3503E-1 6.23726E-1 7.31514E-1 7.55549E-1 7.58585E-1 7.42237E-1 7.33974E-1 7.25583E-1 7.38191E-1 7.39033E-1 7.19341E-1 6.96218E-1 -9999 -9999 -9999 -9999 -9999 -9999 -9999
4.29723E-1 4.0864E-1 3.90732E-1 3.81501E-1 3.96661E-1 4.53781E-1 6.171E-1 6.15681E-1 6.47285E-1 6.7305E-1 6.50039E-1 6.05174E-1 6.22149E-1 7.83508E-1 7.93637E-1 7.61349E-1 6.34183E-1 5.14077E-1 5.36245E-1 8.06136E-1 8.22176E-1 5.8156E-1 4.2325E-1 4.02572E-1 6.58908E-1 6.30039E-1 6.76684E-1 6.08966E-1 5.08666E-1 4.83393E-1 6.06964E-1 6.13381E-1 6.63027E-1 6.54652E-1 6.25066E-1 6.06215E-1 6.9899E-1 6.91275E-1 6.67355E-1 6.64499E-1 6.23296E-1 6.26876E-1 6.249E-1 7.17789E-1 7.4267E-1 7.48292E-1 7.50314E-1 7.362E-1 7.36582E-1 7.2851E-1 7.27111E-1 7.1696E-1 6.9541E-1 6.96297E-1 -9999 -9999 -9999 -9999 -9999 -9999 -9999
4.06843E-1 3.82939E-1 4.023E-1 4.01511E-1 3.75284E-1 6.16942E-1 6.56244E-1 6.65636E-1 6.72204E-1 6.58536E-1 4.92594E-1 5.92294E-1 6.49987E-1 7.78755E-1 8.06831E-1 6.74117E-1 6.65298E-1 4.12536E-1 6.25945E-1 6.89368E-1 7.56313E-1 6.79498E-1 3.80646E-1 5.82188E-1 7.91441E-1 6.76252E-1 6.63714E-1 6.30383E-1 5.25655E-1 4.59679E-1 6.11932E-1 6.0872E-1 6.38892E-1 6.51232E-1 6.29719E-1 6.83506E-1 6.88667E-1 6.83371E-1 6.56612E-1 6.19456E-1 6.48629E-1 6.27949E-1 6.49755E-1 7.35042E-1 7.33046E-1 7.30298E-1 7.40742E-1 7.31519E-1 7.24775E-1 7.17663E-1 7.16716E-1 7.0478E-1 6.94527E-1 -9999 -9999 -9999 -9999 -9999 -9999 -9999 -9999
3.64706E-1 3.80413E-1 4.33995E-1 4.23185E-1 3.6663E-1 6.18462E-1 6.72775E-1 6.74276E-1 6.85258E-1 5.47848E-1 4.78294E-1 6.22316E-1 7.97018E-1 7.94504E-1 8.49232E-1 7.09633E-1 7.09031E-1 6.29687E-1 5.59793E-1 6.12419E-1 6.78314E-1 4.27625E-1 5.02643E-1 6.54165E-1 6.72232E-1 6.65832E-1 6.504E-1 6.23546E-1 5.152E-1 4.67494E-1 6.08046E-1 5.97953E-1 6.02201E-1 6.27455E-1 6.38407E-1 7.08857E-1 7.08222E-1 7.04772E-1 6.79624E-1 6.24787E-1 6.22611E-1 6.21544E-1 7.48598E-1 7.48693E-1 7.21845E-1 7.44534E-1 7.30713E-1 7.20729E-1 7.14881E-1 7.12976E-1 7.01178E-1 6.77925E-1 6.22729E-1 -9999 -9999 -9999 -9999 -9999 -9999 -9999 -9999
4.46944E-1 3.97341E-1 3.99819E-1 6.4653E-1 3.55737E-1 6.44025E-1 6.56278E-1 6.59183E-1 5.23023E-1 5.15004E-1 4.79143E-1 6.39122E-1 6.45043E-1 8.07563E-1 8.79704E-1 7.13412E-1 6.375E-1 8.43609E-1 7.15271E-1 6.10063E-1 6.31695E-1 3.68178E-1 6.02547E-1 6.24725E-1 7.87785E-1 6.71009E-1 6.30883E-1 4.97174E-1 4.61651E-1 4.68557E-1 5.89777E-1 6.0008E-1 6.13752E-1 5.97875E-1 6.23045E-1 7.2488E-1 7.02158E-1 6.89471E-1 6.69036E-1 6.31528E-1 6.23722E-1 6.03397E-1 6.04174E-1 7.16257E-1 7.09976E-1 7.35153E-1 7.20099E-1 7.10762E-1 7.00221E-1 6.91105E-1 6.66353E-1 6.49149E-1 6.05255E-1 -9999 -9999 -9999 -9999 -9999 -9999 -9999 -9999
4.1931E-1 3.68043E-1 6.35325E-1 4.86989E-1 5.21598E-1 5.39722E-1 5.1042E-1 5.30561E-1 5.06564E-1 4.76131E-1 6.26431E-1 6.61199E-1 6.6265E-1 6.74303E-1 6.28493E-1 6.03234E-1 6.50567E-1 6.41405E-1 4.76736E-1 4.83101E-1 5.02023E-1 7.87572E-1 6.65347E-1 7.78232E-1 8.0445E-1 6.38033E-1 6.424E-1 6.3691E-1 6.49722E-1 4.67074E-1 5.9545E-1 5.98396E-1 6.02283E-1 5.96984E-1 6.99686E-1 7.33398E-1 7.02433E-1 6.932E-1 6.36482E-1 6.2652E-1 6.0484E-1 7.25294E-1 7.11368E-1 7.05987E-1 7.30272E-1 7.20244E-1 6.773E-1 6.57954E-1 6.46812E-1 6.46936E-1 6.3543E-1 5.29392E-1 -9999 -9999 -9999 -9999 -9999 -9999 -9999 -9999 -9999
4.00278E-1 3.71904E-1 7.30666E-1 4.33292E-1 4.9953E-1 5.17393E-1 5.22975E-1 4.89108E-1 4.9839E-1 6.12465E-1 6.37415E-1 6.3991E-1 6.43571E-1 6.13977E-1 6.26227E-1 6.35365E-1 6.68331E-1 7.11113E-1 4.19372E-1 4.0189E-1 6.32246E-1 4.03175E-1 5.64224E-1 8.05412E-1 7.24306E-1 6.68863E-1 4.98985E-1 4.96983E-1 5.13562E-1 4.77545E-1 5.99598E-1 6.00594E-1 6.09848E-1 5.9944E-1 6.82463E-1 7.00057E-1 7.11232E-1 7.1376E-1 6.94647E-1 7.67986E-1 7.59548E-1 7.37691E-1 7.36937E-1 7.44337E-1 7.3003E-1 7.24361E-1 6.93891E-1 6.74907E-1 6.66638E-1 6.58273E-1 6.3579E-1 5.26186E-1 -9999 -9999 -9999 -9999 -9999 -9999 -9999 -9999 -9999
3.88227E-1 4.17661E-1 4.35349E-1 3.66559E-1 4.91296E-1 4.98755E-1 4.89935E-1 4.73051E-1 6.09079E-1 6.22852E-1 6.43869E-1 5.97806E-1 6.18533E-1 6.76955E-1 6.68182E-1 6.64768E-1 6.36675E-1 5.54904E-1 4.22153E-1 4.09127E-1 3.83461E-1 3.73255E-1 4.2847E-1 6.09116E-1 6.02401E-1 5.05595E-1 4.51886E-1 4.8164E-1 4.78902E-1 5.90595E-1 5.78338E-1 5.90596E-1 5.83324E-1 5.92988E-1 7.09728E-1 6.66514E-1 6.87769E-1 6.84677E-1 6.82061E-1 6.74978E-1 6.528E-1 7.38549E-1 7.84377E-1 7.75865E-1 7.67097E-1 7.58094E-1 7.22089E-1 7.00659E-1 6.99887E-1 6.71321E-1 5.99234E-1 5.88623E-1 -9999 -9999 -9999 -9999 -9999 -9999 -9999 -9999 -9999
4.07469E-1 4.07937E-1 3.77377E-1 4.47734E-1 4.78331E-1 4.61155E-1 4.80204E-1 6.42657E-1 6.3754E-1 6.63117E-1 6.69999E-1 4.6033E-1 6.31116E-1 8.10287E-1 6.73722E-1 6.68086E-1 6.51806E-1 5.69435E-1 4.05037E-1 4.07371E-1 5.3211E-1 3.82845E-1 4.24209E-1 4.26449E-1 4.34776E-1 4.46149E-1 4.6851E-1 4.7635E-1 5.80784E-1 5.81089E-1 5.82011E-1 5.71856E-1 5.71546E-1 6.6526E-1 6.62754E-1 6.65749E-1 6.75084E-1 6.65904E-1 6.59152E-1 7.82241E-1 6.31094E-1 7.45606E-1 8.05821E-1 7.88337E-1 7.77907E-1 7.52947E-1 7.53553E-1 7.02611E-1 6.49183E-1 6.25852E-1 5.9798E-1 5.89228E-1 -9999 -9999 -9999 -9999 -9999 -9999 -9999 -9999 -9999
4.09439E-1 4.07581E-1 4.22352E-1 3.601E-1 4.53246E-1 4.05233E-1 3.99172E-1 4.98933E-1 4.82905E-1 6.17031E-1 4.73436E-1 6.17229E-1 6.06295E-1 6.59991E-1 7.80587E-1 7.93697E-1 5.5521E-1 3.91878E-1 5.50576E-1 3.92952E-1 3.8099E-1 5.18126E-1 6.26091E-1 4.32596E-1 4.3906E-1 4.36645E-1 4.52069E-1 4.61388E-1 5.90177E-1 5.75185E-1 5.65013E-1 5.7853E-1 6.67556E-1 6.86709E-1 6.81634E-1 6.80617E-1 6.75939E-1 6.6167E-1 6.4508E-1 6.72619E-1 6.22783E-1 7.84892E-1 7.78534E-1 7.7029E-1 7.58226E-1 7.14486E-1 7.36141E-1 6.56266E-1 6.3475E-1 6.17031E-1 5.99454E-1 5.73719E-1 -9999 -9999 -9999 -9999 -9999 -9999 -9999 -9999 -9999
4.28479E-1 4.02051E-1 3.41395E-1 3.72171E-1 6.34712E-1 4.10948E-1 4.00917E-1 4.06347E-1 3.93715E-1 4.0333E-1 3.89064E-1 6.50408E-1 6.16189E-1 6.51912E-1 6.93631E-1 6.20495E-1 6.67674E-1 6.14215E-1 6.46701E-1 5.49257E-1 3.75022E-1 6.33954E-1 5.93242E-1 4.29384E-1 4.29296E-1 4.30355E-1 4.41572E-1 4.41583E-1 4.52425E-1 5.5661E-1 5.73834E-1 5.82046E-1 6.62593E-1 6.76476E-1 6.86534E-1 6.7684E-1 6.73286E-1 6.61225E-1 6.04353E-1 6.01728E-1 6.05878E-1 7.77792E-1 7.70973E-1 7.65987E-1 6.16652E-1 7.13088E-1 6.83986E-1 6.47129E-1 5.40569E-1 6.04967E-1 5.84492E-1 5.06432E-1 -9999 -9999 -9999 -9999 -9999 -9999 -9999 -9999 -9999
3.77965E-1 3.63222E-1 3.74029E-1 4.69498E-1 4.90476E-1 5.17836E-1 4.27297E-1 4.29161E-1 4.09779E-1 3.74291E-1 3.75772E-1 6.23191E-1 6.23449E-1 3.71232E-1 5.77847E-1 7.77868E-1 6.1739E-1 6.66722E-1 5.4593E-1 4.00091E-1 3.64453E-1 5.80878E-1 4.55256E-1 4.24834E-1 4.39664E-1 4.35419E-1 4.28946E-1 4.33636E-1 4.39627E-1 5.53097E-1 5.48898E-1 5.83076E-1 6.47812E-1 6.9001E-1 6.81273E-1 6.58898E-1 6.59825E-1 6.0847E-1 6.01303E-1 5.91781E-1 5.98389E-1 6.01419E-1 7.03714E-1 7.13297E-1 6.14881E-1 6.934E-1 5.65464E-1 5.51156E-1 6.067E-1 5.95289E-1 5.18E-1 5.06755E-1 4.95945E-1 -9999 -9999 -9999 -9999 -9999 -9999 -9999 -9999
4.47064E-1 4.02862E-1 3.6388E-1 3.77903E-1 3.76099E-1 4.67423E-1 4.90898E-1 4.26098E-1 4.06158E-1 3.55275E-1 3.6403E-1 5.94198E-1 4.01819E-1 5.74872E-1 5.68652E-1 6.99571E-1 6.37221E-1 5.75106E-1 3.78816E-1 3.53468E-1 3.46752E-1 3.97031E-1 5.48333E-1 5.82309E-1 6.2321E-1 4.46305E-1 4.12433E-1 4.19392E-1 4.38839E-1 5.53626E-1 5.48196E-1 5.59056E-1 6.51525E-1 6.69061E-1 6.52936E-1 6.62684E-1 6.55361E-1 6.07867E-1 6.06042E-1 5.94178E-1 6.97675E-1 7.00599E-1 7.09053E-1 6.2348E-1 6.11757E-1 6.56782E-1 5.63513E-1 6.31307E-1 6.04925E-1 5.92541E-1 5.07417E-1 4.95592E-1 4.8467E-1 -9999 -9999 -9999 -9999 -9999 -9999 -9999 -9999
4.51088E-1 4.13443E-1 3.32236E-1 3.52331E-1 3.69715E-1 3.77309E-1 4.21673E-1 4.04335E-1 3.94626E-1 3.31916E-1 3.84898E-1 3.63371E-1 5.50857E-1 5.69159E-1 6.9516E-1 6.6942E-1 7.81496E-1 5.6844E-1 4.70604E-1 4.78552E-1 3.25876E-1 5.40651E-1 6.01571E-1 5.977E-1 4.09497E-1 3.40604E-1 3.42345E-1 4.03686E-1 4.24954E-1 4.14754E-1 5.38165E-1 5.17227E-1 6.15128E-1 6.44915E-1 6.53415E-1 6.45514E-1 6.56532E-1 6.10649E-1 6.09295E-1 7.71166E-1 7.64781E-1 7.46689E-1 6.93485E-1 6.84542E-1 5.9803E-1 5.76854E-1 5.62334E-1 5.46385E-1 5.25899E-1 5.92496E-1 5.05013E-1 4.91339E-1 4.71038E-1 -9999 -9999 -9999 -9999 -9999 -9999 -9999 -9999
4.28268E-1 4.17001E-1 3.18822E-1 3.26697E-1 3.49199E-1 3.63539E-1 4.10826E-1 3.82712E-1 3.55404E-1 3.26041E-1 3.66296E-1 5.22392E-1 5.43596E-1 7.0981E-1 7.14926E-1 6.69746E-1 6.40417E-1 7.54348E-1 5.31833E-1 3.82349E-1 4.84147E-1 5.54845E-1 6.52967E-1 6.0181E-1 3.55282E-1 3.26467E-1 3.29798E-1 3.98318E-1 3.98047E-1 4.01548E-1 6.02941E-1 6.13459E-1 6.35209E-1 6.3972E-1 6.4106E-1 6.44529E-1 6.43066E-1 6.03878E-1 5.83888E-1 7.91897E-1 7.82311E-1 7.63389E-1 7.53873E-1 7.11379E-1 6.52129E-1 5.62189E-1 5.59079E-1 5.3861E-1 5.23844E-1 5.16581E-1 5.04509E-1 4.80431E-1 4.68708E-1 4.57222E-1 -9999 -9999 -9999 -9999 -9999 -9999 -9999
4.12667E-1 3.28824E-1 3.3201E-1 3.01221E-1 3.33376E-1 3.36712E-1 3.55062E-1 3.91456E-1 3.48497E-1 3.27781E-1 3.26843E-1 5.13543E-1 5.61651E-1 7.20629E-1 5.27101E-1 4.46468E-1 6.51172E-1 7.81545E-1 6.24585E-1 3.68454E-1 4.96674E-1 5.70857E-1 6.13658E-1 5.96677E-1 5.11157E-1 5.3631E-1 4.86299E-1 3.35527E-1 3.42143E-1 3.37014E-1 5.96467E-1 6.4417E-1 6.20016E-1 6.50157E-1 6.57735E-1 6.40963E-1 6.39846E-1 6.18378E-1 7.51802E-1 7.89712E-1 7.74278E-1 7.55232E-1 7.65932E-1 6.96547E-1 6.58368E-1 5.61275E-1 5.4722E-1 5.36568E-1 4.61623E-1 5.17176E-1 4.93925E-1 4.79824E-1 4.6715E-1 5.20115E-1 -9999 -9999 -9999 -9999 -9999 -9999 -9999
