Artocarpus heterophyllus SDM files/MIS19/results (with bias file)/Arthet_0.asc
ncols         625
nrows         721
xllcorner     69.99986311115
yllcorner     5.99986187915
cellsize      0.041666667
NODATA_value  -9999
[rows 135 to 161 of 721, columns 427 to 487 of 625]
1.70771E-2 2.14033E-2 2.20896E-2 2.26412E-2 2.19018E-2 2.14901E-2 2.11812E-2 1.82771E-2 2.13137E-2 2.42807E-2 2.44742E-2 2.54475E-2 2.30286E-2 2.02256E-2 1.82246E-2 1.79921E-2 1.67035E-2 1.55107E-2 1.55874E-2 1.64383E-2 1.67319E-2 1.89297E-2 1.74E-2 1.72817E-2 1.78476E-2 1.64027E-2 1.55138E-2 1.61422E-2 1.67828E-2 1.6517E-2 1.68095E-2 1.80095E-2 1.876E-2 1.69233E-2 1.65656E-2 1.65656E-2 1.76222E-2 1.80351E-2 1.9648E-2 2.09141E-2 2.38509E-2 2.28975E-2 1.83088E-2 1.72725E-2 1.69267E-2 1.64861E-2 1.67081E-2 1.69137E-2 1.60737E-2 1.62388E-2 1.68106E-2 1.74046E-2 1.69856E-2 1.17894E-2 1.18009E-2 1.74433E-2 1.98882E-2 1.72834E-2 1.96467E-2 1.97962E-2 1.844E-2
1.98201E-2 1.68453E-2 1.86366E-2 2.26719E-2 2.26968E-2 2.57604E-2 2.68283E-2 2.63179E-2 2.58824E-2 2.42719E-2 2.01311E-2 2.18896E-2 2.2121E-2 1.70407E-2 1.72475E-2 1.82294E-2 1.53667E-2 1.50881E-2 2.15286E-2 2.54898E-2 2.29364E-2 2.35218E-2 2.32789E-2 1.91127E-2 1.83965E-2 2.23891E-2 1.85024E-2 2.33202E-2 2.1857E-2 1.8411E-2 1.64979E-2 1.75461E-2 1.91476E-2 1.79964E-2 1.71645E-2 1.776E-2 1.96778E-2 1.80777E-2 1.77512E-2 1.68778E-2 1.72094E-2 1.66622E-2 1.69203E-2 1.70237E-2 1.74436E-2 1.77763E-2 1.85991E-2 1.74653E-2 1.73801E-2 1.95074E-2 2.24679E-2 1.98421E-2 1.75641E-2 1.76221E-2 1.81862E-2 2.04699E-2 2.0068E-2 1.86427E-2 1.97879E-2 1.9868E-2 1.848E-2
2.47582E-2 2.29551E-2 2.07999E-2 2.34203E-2 1.92845E-2 2.50812E-2 2.27003E-2 1.753E-2 1.59184E-2 1.5375E-2 1.67006E-2 1.8346E-2 2.26373E-2 2.07504E-2 1.9875E-2 1.759E-2 1.67274E-2 1.47976E-2 1.70188E-2 2.59581E-2 2.69701E-2 2.57856E-2 2.32498E-2 2.36843E-2 1.88216E-2 2.20216E-2 1.80276E-2 1.98676E-2 2.34969E-2 1.76943E-2 1.80039E-2 1.91223E-2 2.23882E-2 2.22565E-2 1.9904E-2 1.80422E-2 1.95588E-2 1.9968E-2 1.78268E-2 1.67236E-2 1.73345E-2 1.92192E-2 1.98799E-2 1.79073E-2 1.78723E-2 1.88007E-2 1.92298E-2 1.86756E-2 1.84102E-2 1.91763E-2 1.98057E-2 1.7964E-2 1.71674E-2 1.97036E-2 2.57582E-2 2.54551E-2 2.47831E-2 1.92509E-2 2.03948E-2 1.88006E-2 2.11462E-2
2.46583E-2 2.69418E-2 2.59063E-2 2.36762E-2 2.24986E-2 1.71697E-2 1.8121E-2 1.73995E-2 2.02202E-2 1.89253E-2 1.94336E-2 2.20763E-2 2.34452E-2 2.31205E-2 2.16201E-2 2.23628E-2 1.89454E-2 1.64182E-2 1.55396E-2 1.99033E-2 2.42114E-2 2.40013E-2 2.44978E-2 2.39972E-2 1.89065E-2 1.81167E-2 1.91675E-2 1.86427E-2 2.01106E-2 2.27305E-2 2.31071E-2 2.29372E-2 2.44769E-2 2.41467E-2 2.57911E-2 2.36748E-2 2.44366E-2 2.01204E-2 2.18596E-2 1.88901E-2 1.77469E-2 1.88476E-2 2.37068E-2 1.95817E-2 2.02787E-2 1.83771E-2 1.90072E-2 1.86364E-2 1.85499E-2 1.81648E-2 2.4393E-2 2.34611E-2 2.33902E-2 2.06327E-2 1.97272E-2 2.64814E-2 2.27811E-2 2.06965E-2 2.23971E-2 2.17315E-2 2.18351E-2
1.66116E-2 1.94872E-2 2.18625E-2 1.67953E-2 1.68588E-2 1.91128E-2 2.23656E-2 1.72648E-2 1.917E-2 2.57443E-2 2.45E-2 2.49347E-2 2.58331E-2 2.506E-2 2.68614E-2 2.4775E-2 1.94799E-2 1.81556E-2 1.54445E-2 1.59762E-2 2.49972E-2 2.53623E-2 2.52147E-2 2.51739E-2 2.36355E-2 2.44632E-2 2.47542E-2 2.38188E-2 2.31104E-2 1.86427E-2 2.12499E-2 2.52225E-2 2.10967E-2 2.07854E-2 2.39873E-2 2.06343E-2 2.59139E-2 2.50156E-2 2.4818E-2 2.19897E-2 1.88263E-2 2.27924E-2 2.55617E-2 2.52163E-2 2.19584E-2 2.20994E-2 1.895E-2 1.98836E-2 1.96135E-2 1.87611E-2 2.093E-2 1.96297E-2 2.04088E-2 1.9848E-2 2.07547E-2 2.06909E-2 2.05676E-2 2.04801E-2 2.23911E-2 2.10429E-2 2.05751E-2
1.97335E-2 1.72283E-2 1.77164E-2 1.69194E-2 2.42598E-2 1.87078E-2 1.82794E-2 1.94581E-2 1.8888E-2 2.59015E-2 2.32652E-2 2.4885E-2 2.68255E-2 2.73474E-2 2.5889E-2 2.83993E-2 2.43548E-2 1.74816E-2 1.51312E-2 1.83837E-2 2.38849E-2 1.89246E-2 2.62708E-2 2.73495E-2 2.71958E-2 2.68602E-2 2.01594E-2 2.61182E-2 2.50333E-2 2.34969E-2 1.8199E-2 1.70786E-2 1.78382E-2 2.06973E-2 2.49165E-2 1.92349E-2 2.51024E-2 2.58671E-2 2.49929E-2 2.21563E-2 1.86825E-2 1.74943E-2 1.92681E-2 1.88997E-2 1.98255E-2 1.92402E-2 1.86356E-2 2.24238E-2 1.92072E-2 1.87367E-2 2.28315E-2 1.97305E-2 1.72456E-2 1.87883E-2 2.14497E-2 2.47926E-2 1.98426E-2 1.96274E-2 2.40635E-2 2.49652E-2 2.37335E-2
2.44336E-2 2.32439E-2 2.31988E-2 2.38079E-2 2.43207E-2 2.46146E-2 2.18007E-2 1.88368E-2 2.14477E-2 2.16094E-2 2.25403E-2 1.94997E-2 2.27772E-2 2.6331E-2 2.90498E-2 2.62782E-2 2.24184E-2 1.88956E-2 1.93767E-2 2.26777E-2 2.44691E-2 2.01757E-2 2.72065E-2 2.55707E-2 2.42013E-2 2.44971E-2 2.31768E-2 2.42749E-2 2.54106E-2 2.0358E-2 2.01954E-2 2.09832E-2 2.66328E-2 2.47489E-2 2.0039E-2 1.95922E-2 1.68992E-2 2.09976E-2 2.41063E-2 2.32681E-2 1.97865E-2 1.80648E-2 2.60298E-2 2.55041E-2 2.28376E-2 2.20826E-2 2.3489E-2 2.46907E-2 2.52416E-2 2.37045E-2 2.37443E-2 1.82342E-2 1.79251E-2 2.05173E-2 2.07364E-2 2.29624E-2 2.19031E-2 2.10033E-2 2.17101E-2 2.24831E-2 2.77209E-2
1.67033E-2 1.70527E-2 1.71838E-2 1.70201E-2 1.87078E-2 1.96925E-2 2.27443E-2 2.65217E-2 2.69087E-2 2.62138E-2 2.31255E-2 2.50091E-2 2.64107E-2 2.47793E-2 2.55202E-2 2.33197E-2 2.15656E-2 2.52196E-2 2.55162E-2 2.47662E-2 2.73174E-2 2.09909E-2 2.05586E-2 2.95611E-2 1.95886E-2 2.77436E-2 2.6714E-2 1.97615E-2 2.93682E-2 2.47706E-2 1.96065E-2 2.00755E-2 1.96445E-2 1.72492E-2 1.72659E-2 2.07126E-2 1.94211E-2 1.95963E-2 2.25355E-2 1.96428E-2 2.21539E-2 1.84435E-2 2.01486E-2 2.51903E-2 2.5213E-2 2.45361E-2 2.29688E-2 2.43599E-2 2.74313E-2 2.34548E-2 1.83027E-2 1.77214E-2 1.89868E-2 2.07274E-2 2.12962E-2 1.93144E-2 2.22674E-2 2.11846E-2 2.30905E-2 2.55139E-2 2.83656E-2
2.35504E-2 2.27302E-2 2.3032E-2 2.11413E-2 1.89982E-2 1.86198E-2 2.51104E-2 2.42247E-2 2.6331E-2 2.92129E-2 2.51859E-2 2.03152E-2 1.7702E-2 1.91775E-2 2.4526E-2 2.83473E-2 2.83454E-2 2.85567E-2 2.449E-2 1.91984E-2 1.94582E-2 1.77559E-2 1.96713E-2 2.55832E-2 2.14508E-2 2.13983E-2 2.22579E-2 1.9001E-2 2.69205E-2 2.85367E-2 2.00794E-2 1.84387E-2 2.77346E-2 2.41386E-2 1.91804E-2 1.91056E-2 2.49473E-2 2.33557E-2 2.48078E-2 2.45213E-2 2.61523E-2 2.51088E-2 2.44557E-2 2.79598E-2 2.58623E-2 2.13965E-2 2.55671E-2 2.4167E-2 2.54894E-2 2.02538E-2 1.92868E-2 1.92868E-2 2.07953E-2 2.07798E-2 2.254E-2 2.26554E-2 2.1853E-2 2.24417E-2 2.17268E-2 2.71571E-2 2.96405E-2
3.0899E-2 2.96495E-2 3.01587E-2 3.00744E-2 3.19879E-2 2.87608E-2 2.94583E-2 2.28276E-2 2.38288E-2 2.78092E-2 2.64956E-2 2.46957E-2 1.89321E-2 1.81171E-2 2.15944E-2 2.99675E-2 2.37053E-2 2.32109E-2 2.3739E-2 2.55732E-2 2.69811E-2 1.86218E-2 2.20999E-2 1.71571E-2 1.84587E-2 2.11152E-2 1.99288E-2 2.02961E-2 1.84448E-2 2.9346E-2 2.14178E-2 2.23621E-2 3.06414E-2 2.92822E-2 2.55119E-2 2.19872E-2 2.30044E-2 2.42131E-2 2.75197E-2 2.41467E-2 2.47411E-2 2.59072E-2 2.00024E-2 2.43479E-2 2.7564E-2 2.76471E-2 2.00747E-2 2.2824E-2 2.5184E-2 2.11442E-2 1.99605E-2 1.93054E-2 2.08033E-2 2.39389E-2 2.55283E-2 2.34246E-2 2.49772E-2 2.59557E-2 2.47427E-2 2.03357E-2 2.03076E-2
2.65134E-2 2.79879E-2 3.29336E-2 3.42185E-2 2.85767E-2 2.91355E-2 2.71828E-2 2.09378E-2 2.75973E-2 2.75117E-2 2.88998E-2 3.3213E-2 2.10936E-2 1.66953E-2 1.98355E-2 3.06252E-2 2.82858E-2 2.54796E-2 2.36696E-2 2.12266E-2 1.92571E-2 1.8946E-2 2.32709E-2 2.07937E-2 2.46554E-2 2.85751E-2 2.91586E-2 2.89089E-2 2.15647E-2 2.80325E-2 2.94209E-2 2.11054E-2 2.93407E-2 2.94851E-2 3.01346E-2 2.41054E-2 2.80317E-2 2.87735E-2 3.02794E-2 2.95611E-2 1.87597E-2 1.9032E-2 1.85953E-2 1.77943E-2 1.84446E-2 1.80192E-2 1.77304E-2 2.07009E-2 2.16492E-2 2.49631E-2 2.53437E-2 2.50352E-2 2.31888E-2 2.48692E-2 2.34818E-2 2.38208E-2 2.87572E-2 2.70305E-2 2.16644E-2 1.85039E-2 1.28144E-2
3.35965E-2 3.04218E-2 2.89982E-2 2.85237E-2 1.98557E-2 2.88384E-2 3.07392E-2 2.82734E-2 2.40754E-2 2.54369E-2 2.90757E-2 2.61337E-2 1.80545E-2 1.93574E-2 2.01589E-2 2.42448E-2 2.83336E-2 2.85924E-2 3.4314E-2 2.96898E-2 2.97664E-2 2.97792E-2 2.93463E-2 2.77711E-2 2.71268E-2 3.02371E-2 3.32031E-2 3.33587E-2 2.84264E-2 2.06978E-2 2.38931E-2 2.22375E-2 3.22387E-2 3.22789E-2 3.24861E-2 3.02249E-2 2.46579E-2 2.21025E-2 2.34159E-2 2.16538E-2 2.22794E-2 2.57481E-2 2.53517E-2 2.27278E-2 2.47177E-2 2.01113E-2 2.00355E-2 2.38247E-2 2.03286E-2 1.95439E-2 1.97821E-2 2.3459E-2 2.70031E-2 2.50489E-2 2.74071E-2 2.76502E-2 2.63077E-2 2.41331E-2 2.00161E-2 1.95897E-2 1.89573E-2
1.88024E-2 1.85583E-2 1.97189E-2 2.45892E-2 1.92397E-2 1.97329E-2 1.87073E-2 1.97503E-2 1.97364E-2 1.97715E-2 2.01103E-2 1.8286E-2 2.34605E-2 2.53199E-2 2.81116E-2 3.02848E-2 3.3957E-2 2.81274E-2 3.3176E-2 3.73231E-2 3.69008E-2 3.26956E-2 2.84733E-2 2.80448E-2 2.50639E-2 1.87856E-2 1.92776E-2 1.972E-2 2.11635E-2 2.17593E-2 2.13616E-2 1.30255E-2 2.18741E-2 2.98486E-2 3.20325E-2 3.40385E-2 2.69625E-2 2.19017E-2 2.08361E-2 3.1834E-2 2.76265E-2 2.48009E-2 2.62006E-2 2.69618E-2 2.62175E-2 2.68621E-2 2.599E-2 2.79591E-2 2.55172E-2 2.74613E-2 2.82215E-2 2.40661E-2 2.82558E-2 3.16663E-2 3.00833E-2 3.19442E-2 2.81873E-2 2.51802E-2 2.5578E-2 2.05336E-2 1.33142E-2
2.66298E-2 2.58598E-2 2.05359E-2 1.87448E-2 1.96506E-2 2.56208E-2 2.73856E-2 2.34032E-2 2.83909E-2 2.58763E-2 2.26525E-2 2.26563E-2 2.48076E-2 3.2759E-2 3.67668E-2 2.8323E-2 3.5736E-2 3.78828E-2 2.80986E-2 2.78622E-2 2.27565E-2 2.04882E-2 2.31356E-2 2.57672E-2 2.90333E-2 2.91143E-2 2.80445E-2 2.73677E-2 2.17416E-2 2.26252E-2 2.33958E-2 2.61702E-2 2.07969E-2 2.04241E-2 2.48509E-2 3.31335E-2 2.82496E-2 1.98938E-2 2.13968E-2 3.27175E-2 3.11052E-2 2.61815E-2 2.89337E-2 2.6714E-2 3.07348E-2 2.96024E-2 3.11731E-2 2.73509E-2 3.06047E-2 2.8185E-2 2.95331E-2 3.18023E-2 2.96726E-2 3.00245E-2 2.81833E-2 2.66383E-2 2.51143E-2 2.88098E-2 2.96718E-2 2.41034E-2 1.33518E-2
2.452E-2 3.38922E-2 2.90063E-2 2.28866E-2 2.53072E-2 2.39625E-2 2.91893E-2 2.75624E-2 3.50434E-2 3.35017E-2 2.59374E-2 2.63562E-2 3.04098E-2 3.64331E-2 3.24522E-2 3.22303E-2 3.08635E-2 2.36676E-2 2.32867E-2 2.44822E-2 2.41279E-2 3.32844E-2 3.45916E-2 3.60692E-2 3.35486E-2 2.78268E-2 2.08295E-2 2.16179E-2 2.11881E-2 2.15919E-2 2.26201E-2 2.63742E-2 2.60372E-2 2.7663E-2 2.07038E-2 3.45252E-2 3.29367E-2 2.37313E-2 2.43022E-2 2.95584E-2 3.06281E-2 3.06832E-2 3.44062E-2 3.03246E-2 3.24124E-2 2.94755E-2 3.31164E-2 3.01231E-2 3.01018E-2 3.20681E-2 2.99301E-2 3.61924E-2 3.34307E-2 2.34373E-2 2.7235E-2 2.67174E-2 2.87356E-2 3.01339E-2 3.02987E-2 2.49524E-2 1.91132E-2
2.89415E-2 2.8623E-2 3.4596E-2 2.50378E-2 2.69773E-2 3.15837E-2 3.46402E-2 3.50783E-2 3.64398E-2 2.99972E-2 3.29787E-2 3.01557E-2 3.33061E-2 3.90669E-2 2.93228E-2 3.68477E-2 3.24985E-2 2.27391E-2 3.76203E-2 3.52915E-2 3.53204E-2 3.59835E-2 3.9924E-2 3.11847E-2 2.25237E-2 2.73682E-2 2.48768E-2 3.02531E-2 2.93285E-2 2.96814E-2 3.21071E-2 3.98952E-2 3.91641E-2 3.06142E-2 2.16386E-2 3.32477E-2 3.35639E-2 3.19487E-2 2.57294E-2 3.43339E-2 3.72668E-2 3.06574E-2 3.38298E-2 3.48894E-2 3.13635E-2 3.10786E-2 3.86996E-2 3.85498E-2 3.33798E-2 3.42965E-2 2.80004E-2 3.19881E-2 2.49745E-2 2.80265E-2 3.01926E-2 3.17242E-2 3.20403E-2 3.21067E-2 3.07088E-2 2.5836E-2 2.10407E-2
3.43063E-2 3.44688E-2 2.86529E-2 2.09506E-2 2.37181E-2 2.8138E-2 2.97585E-2 3.19784E-2 3.11883E-2 3.35528E-2 3.23852E-2 3.22228E-2 3.86011E-2 2.85551E-2 3.18786E-2 3.30669E-2 2.96779E-2 2.25993E-2 3.9313E-2 3.64471E-2 3.79666E-2 3.37372E-2 2.28856E-2 2.24394E-2 2.57956E-2 2.73526E-2 3.38657E-2 3.46738E-2 3.34361E-2 3.82852E-2 3.62757E-2 3.40523E-2 3.48471E-2 3.62324E-2 2.34639E-2 2.40713E-2 2.05093E-2 2.25301E-2 2.19508E-2 3.13659E-2 3.36834E-2 3.48762E-2 2.81892E-2 3.50874E-2 3.27127E-2 3.3033E-2 3.10425E-2 2.87103E-2 2.24776E-2 2.92633E-2 2.21068E-2 2.07442E-2 2.3023E-2 3.03729E-2 2.91893E-2 3.80764E-2 3.89049E-2 3.33338E-2 3.42406E-2 3.65932E-2 2.97363E-2
2.08352E-2 2.06839E-2 2.34404E-2 2.43769E-2 2.44506E-2 2.41563E-2 2.31487E-2 2.54252E-2 3.55898E-2 3.43175E-2 3.4775E-2 3.50675E-2 2.69073E-2 2.28967E-2 2.62165E-2 2.34118E-2 2.50649E-2 2.59667E-2 2.62632E-2 3.09936E-2 3.18552E-2 2.19643E-2 2.99181E-2 2.96739E-2 3.3857E-2 3.58958E-2 3.23739E-2 3.34886E-2 3.8085E-2 3.17891E-2 2.48977E-2 2.51712E-2 2.33636E-2 2.21672E-2 2.23634E-2 2.45197E-2 2.96754E-2 2.342E-2 2.06659E-2 2.03862E-2 2.24578E-2 3.02721E-2 2.3789E-2 3.11891E-2 3.07121E-2 2.47737E-2 2.38151E-2 2.4402E-2 2.85072E-2 2.97224E-2 2.82461E-2 2.01114E-2 2.48348E-2 3.27308E-2 3.29129E-2 3.4304E-2 3.91275E-2 3.47046E-2 2.83322E-2 3.38198E-2 4.14455E-2
2.74921E-2 2.62176E-2 3.13197E-2 2.71901E-2 2.55942E-2 2.7567E-2 3.29186E-2 3.64452E-2 3.53706E-2 3.97246E-2 4.14151E-2 4.05407E-2 2.65596E-2 2.89335E-2 2.2964E-2 2.66195E-2 3.03681E-2 3.40758E-2 3.79367E-2 2.94138E-2 3.07416E-2 3.05672E-2 3.03272E-2 3.56373E-2 3.56435E-2 2.68348E-2 2.27289E-2 2.31302E-2 2.50944E-2 3.28658E-2 2.68635E-2 2.8385E-2 3.71811E-2 2.84202E-2 2.68121E-2 2.23129E-2 2.7169E-2 2.82389E-2 2.30352E-2 2.59204E-2 2.71987E-2 2.42662E-2 2.10924E-2 2.35637E-2 2.46499E-2 2.3106E-2 2.32912E-2 2.15378E-2 2.16361E-2 2.76995E-2 2.24182E-2 2.09629E-2 2.95713E-2 3.43342E-2 3.05395E-2 3.35302E-2 2.93418E-2 3.42283E-2 3.22498E-2 3.16209E-2 3.74243E-2
3.2401E-2 3.32732E-2 3.25621E-2 3.19925E-2 3.23337E-2 3.23142E-2 3.42254E-2 2.84301E-2 3.83888E-2 3.25435E-2 3.26459E-2 3.40489E-2 3.22137E-2 4.03273E-2 3.00413E-2 3.35116E-2 3.5428E-2 3.49545E-2 3.16847E-2 3.08251E-2 3.29209E-2 3.32762E-2 3.17412E-2 3.6799E-2 3.56222E-2 3.59119E-2 3.43873E-2 2.76593E-2 2.52364E-2 2.40164E-2 2.61917E-2 3.6253E-2 3.78673E-2 3.50364E-2 3.59132E-2 2.82514E-2 3.02407E-2 3.63497E-2 3.13233E-2 3.22692E-2 2.89304E-2 2.2163E-2 2.04376E-2 2.05696E-2 2.39397E-2 3.07173E-2 3.30144E-2 2.95207E-2 2.23355E-2 2.91423E-2 2.47619E-2 2.2168E-2 2.23027E-2 2.41983E-2 2.69594E-2 3.13665E-2 3.61647E-2 3.96753E-2 2.88006E-2 2.5621E-2 3.61447E-2
3.35245E-2 3.34093E-2 3.37942E-2 3.26008E-2 3.25672E-2 3.19422E-2 3.51097E-2 2.90904E-2 4.05627E-2 3.75058E-2 3.88481E-2 3.80724E-2 4.15706E-2 3.82144E-2 3.37669E-2 3.43859E-2 3.66502E-2 3.78048E-2 3.25245E-2 3.0195E-2 3.23316E-2 3.71823E-2 3.50726E-2 3.75694E-2 3.58476E-2 3.71622E-2 3.58661E-2 3.08443E-2 2.81966E-2 2.42252E-2 2.41176E-2 3.37889E-2 3.6968E-2 3.8024E-2 3.71706E-2 3.75604E-2 3.69266E-2 3.71926E-2 3.29485E-2 3.33282E-2 3.96073E-2 3.01537E-2 2.79746E-2 2.30738E-2 2.66287E-2 3.39724E-2 2.86337E-2 3.09335E-2 2.80059E-2 3.01343E-2 2.89902E-2 2.91074E-2 2.32698E-2 2.38255E-2 2.55522E-2 3.47349E-2 4.40331E-2 4.05315E-2 2.80582E-2 2.53868E-2 3.1855E-2
3.641E-2 3.88056E-2 3.50519E-2 3.47349E-2 3.38239E-2 3.33417E-2 3.57508E-2 3.89134E-2 3.17793E-2 3.28445E-2 3.67881E-2 4.2002E-2 4.4442E-2 4.00543E-2 3.51244E-2 3.87347E-2 3.67146E-2 3.78856E-2 3.19421E-2 4.44655E-2 4.05558E-2 3.74342E-2 3.48319E-2 3.25576E-2 4.11813E-2 3.71187E-2 3.62592E-2 3.81007E-2 3.80861E-2 3.19501E-2 2.45559E-2 3.43581E-2 4.51496E-2 3.92361E-2 3.70718E-2 4.17845E-2 4.29343E-2 4.0233E-2 3.96315E-2 2.89854E-2 4.31107E-2 3.87282E-2 3.93091E-2 2.40013E-2 3.52509E-2 3.90003E-2 3.69169E-2 3.02513E-2 3.61994E-2 3.42581E-2 3.47956E-2 2.80711E-2 2.32166E-2 2.16008E-2 2.50107E-2 3.45893E-2 3.34895E-2 4.52756E-2 3.14359E-2 2.5599E-2 4.08375E-2
3.92948E-2 3.61023E-2 4.02265E-2 3.96206E-2 3.73394E-2 3.60073E-2 3.65328E-2 3.99284E-2 3.38475E-2 3.92941E-2 4.05314E-2 4.71877E-2 3.81885E-2 4.07331E-2 3.60535E-2 3.94509E-2 2.85333E-2 2.60285E-2 3.55642E-2 3.66854E-2 3.71709E-2 3.50731E-2 3.53172E-2 3.93032E-2 3.35172E-2 4.24413E-2 3.94486E-2 3.81536E-2 3.99185E-2 4.52218E-2 3.27536E-2 2.89143E-2 4.27175E-2 4.63542E-2 4.71127E-2 4.72498E-2 3.81223E-2 4.69352E-2 4.32183E-2 3.33556E-2 4.50066E-2 4.45975E-2 4.08011E-2 3.02078E-2 3.18998E-2 4.19019E-2 3.71034E-2 3.68334E-2 3.11731E-2 3.57048E-2 3.63424E-2 3.59303E-2 3.41366E-2 2.91686E-2 2.88779E-2 2.41029E-2 2.61639E-2 4.02816E-2 3.41888E-2 2.40856E-2 4.17806E-2
2.66544E-2 2.96743E-2 3.35061E-2 4.44954E-2 3.98069E-2 4.16712E-2 3.94353E-2 3.9056E-2 4.51584E-2 4.17288E-2 2.89812E-2 3.54611E-2 3.96761E-2 4.18319E-2 3.50952E-2 3.65968E-2 3.83659E-2 4.3767E-2 3.82647E-2 3.9383E-2 3.62781E-2 3.85148E-2 4.08527E-2 4.18955E-2 3.87339E-2 4.98317E-2 4.63489E-2 4.91397E-2 4.67055E-2 4.87057E-2 3.73977E-2 4.01814E-2 4.4476E-2 5.12805E-2 3.93791E-2 4.18953E-2 3.95771E-2 4.76737E-2 4.0413E-2 2.92201E-2 3.89729E-2 3.93346E-2 4.17117E-2 3.4865E-2 3.04523E-2 4.07809E-2 4.27813E-2 3.77108E-2 3.568E-2 3.1418E-2 3.82823E-2 3.67495E-2 3.66931E-2 3.19448E-2 3.25599E-2 2.45466E-2 2.40366E-2 2.95025E-2 3.30775E-2 2.48369E-2 3.78194E-2
4.15239E-2 4.38535E-2 3.70441E-2 3.34833E-2 3.19951E-2 4.3428E-2 4.0529E-2 4.77127E-2 4.30195E-2 3.47855E-2 3.82574E-2 3.8094E-2 4.5255E-2 3.66363E-2 3.8499E-2 4.2753E-2 4.75628E-2 4.5018E-2 3.51811E-2 5.19445E-2 4.75192E-2 4.95306E-2 5.2542E-2 5.34413E-2 4.48842E-2 4.463E-2 5.31435E-2 4.61164E-2 4.29209E-2 4.05338E-2 3.1971E-2 3.59731E-2 3.30936E-2 3.24346E-2 3.28268E-2 3.92096E-2 3.33018E-2 3.98637E-2 4.33752E-2 3.62669E-2 3.53111E-2 4.38557E-2 3.98464E-2 3.48634E-2 3.35957E-2 3.97134E-2 3.80112E-2 3.73427E-2 3.80049E-2 3.94215E-2 3.17187E-2 3.72899E-2 4.05299E-2 3.23547E-2 3.4979E-2 2.6796E-2 2.54082E-2 2.73348E-2 3.65293E-2 4.26897E-2 3.75053E-2
3.70587E-2 3.38511E-2 3.43638E-2 3.05457E-2 3.42114E-2 3.03348E-2 3.03672E-2 3.14215E-2 3.33125E-2 2.8884E-2 2.86488E-2 2.86488E-2 3.60163E-2 5.11855E-2 4.93977E-2 4.14714E-2 2.93793E-2 3.07239E-2 3.0087E-2 3.24379E-2 3.59632E-2 3.15722E-2 2.94644E-2 2.89228E-2 2.96848E-2 3.03457E-2 3.07737E-2 2.91534E-2 2.71152E-2 2.75506E-2 2.74593E-2 2.73728E-2 2.79172E-2 2.75506E-2 2.70537E-2 2.64787E-2 2.65625E-2 2.70537E-2 2.77457E-2 2.69684E-2 2.68666E-2 2.66948E-2 2.64239E-2 2.70423E-2 2.55326E-2 2.52549E-2 3.5949E-2 4.2111E-2 4.42139E-2 3.63299E-2 4.29575E-2 2.97897E-2 3.14819E-2 3.20092E-2 2.5841E-2 2.5508E-2 2.64241E-2 2.49898E-2 2.99294E-2 3.69516E-2 2.90715E-2
3.22007E-2 2.71236E-2 3.27862E-2 3.04862E-2 4.17972E-2 3.51964E-2 4.24696E-2 4.2368E-2 2.84973E-2 2.79403E-2 3.80033E-2 4.11244E-2 4.7999E-2 3.68432E-2 3.04637E-2 3.8488E-2 4.91877E-2 3.97316E-2 3.79767E-2 3.56112E-2 2.93202E-2 3.78779E-2 3.97472E-2 2.85035E-2 2.84388E-2 2.91213E-2 2.94302E-2 3.05801E-2 3.18349E-2 3.01563E-2 2.90307E-2 2.91219E-2 2.75953E-2 3.0965E-2 3.09108E-2 2.8366E-2 2.64397E-2 2.63599E-2 2.58652E-2 2.56841E-2 2.69406E-2 2.60278E-2 2.63066E-2 2.72901E-2 2.50532E-2 2.3595E-2 2.39166E-2 3.29043E-2 2.79837E-2 2.7393E-2 2.55501E-2 2.53417E-2 2.59683E-2 2.50228E-2 2.34572E-2 2.45917E-2 3.48098E-2 3.77141E-2 2.60187E-2 2.35377E-2 2.48363E-2
