Artocarpus heterophyllus SDM files/MIS19/results (with bias file)/Arthet_median.asc
ncols         625
nrows         721
xllcorner     69.99986311115
yllcorner     5.99986187915
cellsize      0.041666667
NODATA_value  -9999
[rows 189 to 215 of 721, columns 244 to 304 of 625]
6.43304E-1 6.43365E-1 6.00571E-1 6.0888E-1 6.08296E-1 5.95487E-1 5.95849E-1 5.97011E-1 6.03989E-1 6.16344E-1 6.20306E-1 6.65446E-1 6.72375E-1 6.71298E-1 6.74096E-1 6.76164E-1 7.04543E-1 7.06907E-1 7.08397E-1 7.10404E-1 7.15921E-1 7.11165E-1 7.13103E-1 7.1427E-1 7.13678E-1 7.10912E-1 7.1275E-1 7.10762E-1 7.0492E-1 7.024E-1 7.03656E-1 7.13151E-1 7.08999E-1 7.15725E-1 7.10678E-1 7.15617E-1 7.09477E-1 7.11612E-1 7.01732E-1 6.98999E-1 7.03065E-1 6.85947E-1 6.69561E-1 5.01364E-1 5.55563E-1 5.36338E-1 5.63812E-1 5.38054E-1 5.22998E-1 5.13709E-1 3.30359E-1 3.28352E-1 5.28305E-1 3.19754E-1 2.72275E-1 9.7058E-2 8.89591E-2 2.82611E-1 9.18656E-2 1.74167E-1 5.69071E-1
6.4088E-1 6.40709E-1 5.99509E-1 6.00807E-1 5.97965E-1 6.07031E-1 5.84172E-1 5.92611E-1 6.16921E-1 6.12628E-1 6.60991E-1 6.61824E-1 6.5712E-1 6.67747E-1 6.59633E-1 6.62897E-1 6.95194E-1 6.96576E-1 6.98915E-1 7.01191E-1 7.03102E-1 7.07685E-1 7.09992E-1 7.05512E-1 7.09405E-1 7.08531E-1 7.05733E-1 7.13222E-1 7.04332E-1 7.01291E-1 7.02603E-1 7.08788E-1 7.06943E-1 7.07512E-1 7.13449E-1 7.1205E-1 7.0943E-1 7.07074E-1 6.92382E-1 6.98277E-1 7.02161E-1 6.83973E-1 7.09013E-1 6.74678E-1 3.0705E-1 5.04522E-1 5.04391E-1 5.68855E-1 5.76368E-1 5.37613E-1 5.45536E-1 5.32365E-1 5.4123E-1 3.32336E-1 3.24268E-1 3.12624E-1 2.99454E-1 4.88295E-1 5.47062E-1 9.80031E-2 8.775E-2
6.39858E-1 6.37908E-1 6.38155E-1 6.00893E-1 5.97374E-1 5.99773E-1 5.98043E-1 6.05349E-1 6.05295E-1 6.49124E-1 6.49999E-1 6.51508E-1 6.53717E-1 6.55962E-1 6.56322E-1 6.59015E-1 6.91676E-1 6.93124E-1 6.94636E-1 6.97162E-1 6.99258E-1 6.99326E-1 7.04058E-1 7.04169E-1 7.01733E-1 7.03075E-1 7.00355E-1 7.08825E-1 7.08589E-1 7.02327E-1 7.03415E-1 7.04943E-1 7.01944E-1 7.01944E-1 7.06819E-1 7.12436E-1 7.11932E-1 6.91323E-1 6.92347E-1 6.98497E-1 6.84556E-1 6.9099E-1 6.81103E-1 6.67417E-1 6.72685E-1 6.86219E-1 3.24219E-1 3.19209E-1 5.5977E-1 5.71254E-1 5.6252E-1 5.65471E-1 5.60391E-1 5.5004E-1 5.25933E-1 5.37392E-1 5.23486E-1 2.92263E-1 5.00819E-1 5.53796E-1 5.12329E-1
6.37793E-1 6.38268E-1 6.38636E-1 6.38993E-1 5.96857E-1 5.97127E-1 5.98663E-1 6.0034E-1 6.01552E-1 6.45863E-1 6.47527E-1 6.42986E-1 6.51009E-1 6.52783E-1 6.54439E-1 6.55608E-1 6.58301E-1 6.60065E-1 6.60761E-1 6.89177E-1 6.96434E-1 6.97384E-1 6.9883E-1 7.01456E-1 7.02411E-1 6.98982E-1 6.99832E-1 6.98658E-1 7.00202E-1 6.9639E-1 6.98095E-1 7.02502E-1 7.02094E-1 7.01385E-1 7.04062E-1 7.0769E-1 7.11649E-1 6.96082E-1 6.91661E-1 7.04983E-1 6.9016E-1 6.73754E-1 6.86532E-1 6.88195E-1 6.86372E-1 6.71604E-1 6.73674E-1 6.91436E-1 3.27807E-1 5.64627E-1 5.90786E-1 5.67809E-1 5.98287E-1 5.65289E-1 5.70968E-1 5.32827E-1 5.28312E-1 3.18174E-1 2.68281E-1 2.685E-1 5.09354E-1
6.2846E-1 6.36478E-1 6.29599E-1 6.38164E-1 6.37779E-1 5.93574E-1 5.96307E-1 6.40849E-1 6.35869E-1 6.3829E-1 6.38421E-1 6.4018E-1 6.43182E-1 6.42762E-1 6.46852E-1 6.5433E-1 6.54424E-1 6.56666E-1 6.89234E-1 6.87376E-1 6.92884E-1 6.94458E-1 6.95612E-1 6.97064E-1 6.9697E-1 6.92318E-1 6.94014E-1 6.97396E-1 6.9708E-1 6.98924E-1 6.9617E-1 6.95967E-1 6.96741E-1 6.99446E-1 7.02258E-1 7.0103E-1 7.09511E-1 6.9441E-1 6.90236E-1 7.03647E-1 7.14062E-1 6.88664E-1 6.88288E-1 6.95285E-1 6.91513E-1 6.70268E-1 6.7009E-1 7.09276E-1 6.75552E-1 6.85883E-1 5.36879E-1 3.45561E-1 3.47177E-1 5.46736E-1 5.4555E-1 5.72401E-1 5.34573E-1 3.26941E-1 3.3422E-1 3.19869E-1 3.10873E-1
6.32104E-1 6.27436E-1 6.33883E-1 6.30328E-1 6.31124E-1 6.30807E-1 6.32058E-1 6.32189E-1 6.33657E-1 6.35927E-1 6.36799E-1 6.37896E-1 6.40763E-1 6.42084E-1 6.4642E-1 6.46509E-1 6.4738E-1 6.48852E-1 6.87366E-1 6.83771E-1 6.86634E-1 6.91475E-1 6.93667E-1 6.88262E-1 6.95148E-1 6.89599E-1 6.9227E-1 6.92635E-1 6.93254E-1 6.93034E-1 6.89789E-1 6.93439E-1 6.9663E-1 6.9753E-1 7.01101E-1 7.03512E-1 7.04871E-1 6.9279E-1 6.91492E-1 6.97515E-1 6.99942E-1 7.15436E-1 7.16686E-1 7.08472E-1 7.09745E-1 7.09552E-1 7.15477E-1 7.27947E-1 6.93505E-1 6.66368E-1 6.82618E-1 5.65187E-1 3.33775E-1 3.42564E-1 3.54524E-1 3.5777E-1 3.55475E-1 5.44496E-1 5.1655E-1 5.27473E-1 3.29833E-1
6.30776E-1 6.25079E-1 6.32521E-1 6.2758E-1 6.29353E-1 6.30226E-1 6.28498E-1 6.31822E-1 6.31737E-1 6.33267E-1 6.36059E-1 6.37825E-1 6.38102E-1 6.40166E-1 6.43769E-1 6.46871E-1 6.51124E-1 6.46193E-1 6.4796E-1 6.55104E-1 6.55981E-1 6.86692E-1 6.91316E-1 6.86551E-1 6.88114E-1 6.84087E-1 6.8817E-1 6.89788E-1 6.89509E-1 6.89687E-1 6.87961E-1 6.9351E-1 6.93622E-1 6.95271E-1 6.94064E-1 6.95561E-1 6.93228E-1 6.89171E-1 6.88822E-1 6.88207E-1 6.93386E-1 6.90787E-1 6.87049E-1 6.77178E-1 6.77236E-1 6.72937E-1 6.89021E-1 7.119E-1 7.1847E-1 7.02265E-1 7.01031E-1 6.71434E-1 6.73873E-1 5.54312E-1 5.58615E-1 3.65445E-1 3.58099E-1 3.5176E-1 3.49869E-1 3.43294E-1 3.3719E-1
6.29302E-1 6.23015E-1 6.24771E-1 6.23983E-1 6.27425E-1 6.28794E-1 6.2833E-1 6.30399E-1 6.31125E-1 6.32004E-1 6.3414E-1 6.35014E-1 6.35593E-1 6.37807E-1 6.39871E-1 6.43769E-1 6.43248E-1 6.44866E-1 6.45446E-1 6.53671E-1 6.48247E-1 6.51496E-1 6.77616E-1 6.83358E-1 6.84739E-1 6.81479E-1 6.80032E-1 6.86394E-1 6.87981E-1 6.89084E-1 6.88342E-1 6.90163E-1 6.91113E-1 6.90433E-1 6.9067E-1 6.9231E-1 6.93341E-1 6.89604E-1 6.87872E-1 6.85093E-1 6.91038E-1 6.81858E-1 6.84488E-1 6.76909E-1 6.73423E-1 6.80908E-1 6.83137E-1 6.90295E-1 6.97973E-1 7.19619E-1 5.74085E-1 7.05328E-1 6.69726E-1 6.67087E-1 5.68411E-1 5.64474E-1 5.60668E-1 5.62966E-1 5.405E-1 5.44734E-1 5.40407E-1
6.27234E-1 6.21991E-1 6.22819E-1 6.23905E-1 6.28242E-1 6.27342E-1 6.26404E-1 6.28119E-1 6.29202E-1 6.30078E-1 6.31859E-1 6.31248E-1 6.32716E-1 6.35739E-1 6.37209E-1 6.40468E-1 6.40681E-1 6.43248E-1 6.43084E-1 6.45304E-1 6.46331E-1 6.48942E-1 6.81929E-1 6.75573E-1 6.83209E-1 6.80043E-1 6.78695E-1 6.84629E-1 6.86763E-1 6.83731E-1 6.85664E-1 6.82697E-1 6.89003E-1 6.89548E-1 6.89269E-1 6.88384E-1 6.90346E-1 6.85291E-1 6.82126E-1 6.84733E-1 6.85041E-1 6.85151E-1 6.82133E-1 6.78559E-1 6.78923E-1 6.79198E-1 6.7956E-1 6.82599E-1 6.7748E-1 6.85598E-1 7.11826E-1 5.70208E-1 5.76618E-1 5.90359E-1 5.79038E-1 5.72408E-1 5.71764E-1 5.77755E-1 5.83348E-1 5.52427E-1 5.6145E-1
6.20107E-1 6.21872E-1 6.19259E-1 6.2451E-1 6.25409E-1 6.25424E-1 6.26058E-1 6.25752E-1 6.27074E-1 6.27354E-1 6.28676E-1 6.29635E-1 6.31921E-1 6.33977E-1 6.35E-1 6.38831E-1 6.39505E-1 6.40236E-1 6.41769E-1 6.42719E-1 6.44343E-1 6.45824E-1 6.4805E-1 6.73827E-1 6.74724E-1 6.81428E-1 6.76066E-1 6.78397E-1 6.85214E-1 6.80478E-1 6.82341E-1 6.80666E-1 6.87047E-1 6.88179E-1 6.87867E-1 6.86191E-1 6.87764E-1 6.83237E-1 6.82453E-1 6.81589E-1 6.79543E-1 6.80704E-1 6.8527E-1 6.82007E-1 6.80193E-1 6.80193E-1 6.78226E-1 6.74096E-1 6.74579E-1 6.87571E-1 6.83281E-1 6.87897E-1 3.54094E-1 3.62802E-1 5.48954E-1 5.84346E-1 5.71123E-1 5.91767E-1 5.69715E-1 5.41662E-1 3.37551E-1
6.21343E-1 6.219E-1 6.18673E-1 6.22147E-1 6.24165E-1 6.23655E-1 6.22307E-1 6.25257E-1 6.26044E-1 6.25439E-1 6.26462E-1 6.27933E-1 6.29527E-1 6.31475E-1 6.33438E-1 6.35356E-1 6.37937E-1 6.40456E-1 6.45638E-1 6.41601E-1 6.42123E-1 6.442E-1 6.46273E-1 6.4835E-1 6.73778E-1 6.74574E-1 6.74671E-1 6.74967E-1 6.78546E-1 6.7909E-1 6.809E-1 6.80841E-1 6.77423E-1 6.85844E-1 6.85225E-1 6.80274E-1 6.7693E-1 6.83436E-1 6.74766E-1 6.76638E-1 6.80468E-1 6.75046E-1 6.82729E-1 6.79398E-1 6.7199E-1 6.76861E-1 6.77409E-1 6.75508E-1 6.77343E-1 6.81618E-1 6.77814E-1 6.80461E-1 6.71752E-1 6.93911E-1 3.64359E-1 3.62442E-1 3.72307E-1 3.50585E-1 3.8413E-1 3.68962E-1 3.63996E-1
6.15968E-1 6.19684E-1 6.22268E-1 6.17844E-1 6.21941E-1 6.22821E-1 6.22213E-1 6.24619E-1 6.23681E-1 6.24708E-1 6.24723E-1 6.27139E-1 6.2663E-1 6.30942E-1 6.31823E-1 6.33504E-1 6.35425E-1 6.39283E-1 6.37869E-1 6.39321E-1 6.38953E-1 6.43375E-1 6.44054E-1 6.4519E-1 6.46666E-1 6.71676E-1 6.73255E-1 6.75938E-1 6.75567E-1 6.76613E-1 6.75443E-1 6.79465E-1 6.75582E-1 6.77309E-1 6.82127E-1 6.7516E-1 6.7285E-1 6.74298E-1 6.73891E-1 6.7418E-1 6.73309E-1 6.74091E-1 6.74728E-1 6.73469E-1 6.70284E-1 6.71436E-1 6.75358E-1 6.74206E-1 6.76046E-1 6.77001E-1 6.77258E-1 6.78699E-1 6.86607E-1 6.95326E-1 7.12141E-1 7.1822E-1 6.6136E-1 6.6148E-1 6.47108E-1 6.36758E-1 3.28048E-1
6.17352E-1 6.19861E-1 6.19285E-1 6.15613E-1 6.20969E-1 6.21049E-1 6.21141E-1 6.21982E-1 6.22598E-1 6.23383E-1 6.22948E-1 6.26446E-1 6.25691E-1 6.28207E-1 6.28783E-1 6.30633E-1 6.33807E-1 6.36319E-1 6.38397E-1 6.37997E-1 6.37325E-1 6.40207E-1 6.41981E-1 6.42962E-1 6.44142E-1 6.45919E-1 6.71676E-1 6.712E-1 6.74006E-1 6.75018E-1 6.70795E-1 6.70536E-1 6.72296E-1 6.7102E-1 6.73502E-1 6.7233E-1 6.74902E-1 6.72416E-1 6.72182E-1 6.74154E-1 6.68847E-1 6.69587E-1 6.70696E-1 6.67719E-1 6.67161E-1 6.67347E-1 6.68835E-1 6.66753E-1 6.75126E-1 6.7693E-1 6.808E-1 6.83405E-1 6.88287E-1 6.8551E-1 6.94024E-1 6.77824E-1 6.79061E-1 6.40941E-1 6.36997E-1 6.93533E-1 7.11132E-1
6.13519E-1 6.17541E-1 6.1736E-1 6.16172E-1 6.198E-1 6.19688E-1 6.20608E-1 6.20356E-1 6.22556E-1 6.22892E-1 6.22963E-1 6.24077E-1 6.24066E-1 6.26136E-1 6.27811E-1 6.28545E-1 6.31586E-1 6.33956E-1 6.41953E-1 6.36966E-1 6.36955E-1 6.37686E-1 6.39614E-1 6.41534E-1 6.42215E-1 6.43996E-1 6.45926E-1 6.69891E-1 6.70898E-1 6.72111E-1 6.69366E-1 6.69247E-1 6.66141E-1 6.68864E-1 6.68355E-1 6.72639E-1 6.66084E-1 6.64791E-1 6.65348E-1 6.66462E-1 6.66906E-1 6.66534E-1 6.66906E-1 6.68317E-1 6.66789E-1 6.67533E-1 6.63921E-1 6.6694E-1 6.68594E-1 6.71395E-1 6.74442E-1 6.75553E-1 6.81768E-1 6.84362E-1 6.87138E-1 6.93592E-1 6.978E-1 6.73657E-1 6.98002E-1 6.97695E-1 7.07481E-1
6.19608E-1 6.14849E-1 6.22876E-1 6.14731E-1 6.17731E-1 6.19286E-1 6.18526E-1 6.19032E-1 6.21247E-1 6.23018E-1 6.22421E-1 6.20425E-1 6.23038E-1 6.2466E-1 6.26485E-1 6.27747E-1 6.29373E-1 6.32035E-1 6.34405E-1 6.40812E-1 6.40948E-1 6.36508E-1 6.3739E-1 6.39764E-1 6.41684E-1 6.42218E-1 6.43398E-1 6.44964E-1 6.45695E-1 6.65781E-1 6.67952E-1 6.68029E-1 6.69306E-1 6.64583E-1 6.65238E-1 6.62736E-1 6.64192E-1 6.62006E-1 6.63306E-1 6.64049E-1 6.64606E-1 6.6216E-1 6.62227E-1 6.63094E-1 6.6212E-1 6.63617E-1 6.63026E-1 6.63214E-1 6.48198E-1 6.52081E-1 6.72204E-1 6.56553E-1 6.5753E-1 6.81726E-1 6.63734E-1 6.89821E-1 6.93901E-1 6.93348E-1 6.92556E-1 6.98532E-1 7.00481E-1
6.11434E-1 6.1457E-1 6.14696E-1 6.21587E-1 6.14683E-1 6.16909E-1 6.14934E-1 6.19491E-1 6.20072E-1 6.19514E-1 6.21531E-1 6.21277E-1 6.21266E-1 6.23724E-1 6.2599E-1 6.26274E-1 6.27156E-1 6.29377E-1 6.31298E-1 6.34408E-1 6.40429E-1 6.34066E-1 6.36512E-1 6.3769E-1 6.39468E-1 6.39693E-1 6.41321E-1 6.42079E-1 6.43464E-1 6.43542E-1 6.39144E-1 6.63312E-1 6.65294E-1 6.61475E-1 6.60361E-1 6.5643E-1 6.59642E-1 6.58296E-1 6.58239E-1 6.58453E-1 6.58079E-1 6.59389E-1 6.61787E-1 6.6216E-1 6.60998E-1 6.62308E-1 6.4975E-1 6.46155E-1 6.47102E-1 6.50837E-1 6.51358E-1 6.51012E-1 6.54703E-1 6.57555E-1 6.60668E-1 6.65009E-1 6.64221E-1 6.67304E-1 6.95755E-1 6.96904E-1 7.00924E-1
6.15587E-1 6.10686E-1 6.12612E-1 6.14094E-1 6.13484E-1 6.12745E-1 6.16538E-1 6.16868E-1 6.1631E-1 6.16445E-1 6.1877E-1 6.20395E-1 6.20683E-1 6.21451E-1 6.23919E-1 6.24947E-1 6.24936E-1 6.28284E-1 6.30201E-1 6.32716E-1 6.3521E-1 6.39166E-1 6.3377E-1 6.35766E-1 6.37244E-1 6.38572E-1 6.39096E-1 6.40873E-1 6.40727E-1 6.43166E-1 6.43319E-1 6.39401E-1 6.42111E-1 6.59352E-1 6.59748E-1 6.54846E-1 6.6097E-1 6.56059E-1 6.57923E-1 6.57865E-1 6.55478E-1 6.55854E-1 6.55624E-1 6.47907E-1 6.4865E-1 6.47253E-1 6.48258E-1 6.45429E-1 6.46589E-1 6.47921E-1 6.49399E-1 6.50138E-1 6.52816E-1 6.55055E-1 6.57239E-1 6.58448E-1 6.59615E-1 6.68927E-1 6.69219E-1 6.71573E-1 6.72996E-1
6.13388E-1 6.09997E-1 6.11181E-1 6.12612E-1 6.13795E-1 6.11795E-1 6.13133E-1 6.16091E-1 6.16125E-1 6.16041E-1 6.18665E-1 6.18557E-1 6.19443E-1 6.20328E-1 6.19121E-1 6.2144E-1 6.23234E-1 6.25901E-1 6.24976E-1 6.28233E-1 6.31191E-1 6.36779E-1 6.32806E-1 6.33746E-1 6.34626E-1 6.35834E-1 6.37975E-1 6.39096E-1 6.40794E-1 6.40731E-1 6.4392E-1 6.4401E-1 6.45204E-1 6.41687E-1 6.36361E-1 6.53428E-1 6.54707E-1 6.49574E-1 6.54385E-1 6.53037E-1 6.50918E-1 6.5175E-1 6.53366E-1 6.44078E-1 6.44002E-1 6.45923E-1 6.46134E-1 6.45656E-1 6.47351E-1 6.48698E-1 6.48536E-1 6.4881E-1 6.50442E-1 6.52523E-1 6.54458E-1 6.57188E-1 6.59259E-1 6.62827E-1 6.28078E-1 6.28188E-1 6.67852E-1
6.13099E-1 6.12637E-1 6.14726E-1 6.10735E-1 6.11623E-1 6.12901E-1 6.10256E-1 6.1358E-1 6.15416E-1 6.16004E-1 6.16708E-1 6.18366E-1 6.17811E-1 6.17498E-1 6.17731E-1 6.21211E-1 6.21815E-1 6.23291E-1 6.23503E-1 6.25275E-1 6.28121E-1 6.34905E-1 6.34443E-1 6.30403E-1 6.32852E-1 6.34866E-1 6.35386E-1 6.38422E-1 6.39161E-1 6.38494E-1 6.39909E-1 6.41623E-1 6.43111E-1 6.40202E-1 6.40368E-1 6.35408E-1 6.51496E-1 6.45379E-1 6.49897E-1 6.51159E-1 6.41506E-1 6.42499E-1 6.43168E-1 6.44179E-1 6.41423E-1 6.42598E-1 6.43717E-1 6.45178E-1 6.43729E-1 6.44472E-1 6.47233E-1 6.0848E-1 6.49724E-1 6.5031E-1 6.51938E-1 6.11728E-1 6.20162E-1 6.22241E-1 6.61492E-1 6.62819E-1 6.65302E-1
6.10749E-1 5.90173E-1 6.13084E-1 6.06999E-1 6.08782E-1 6.11715E-1 6.16244E-1 6.10107E-1 6.14383E-1 6.14061E-1 6.13601E-1 6.16884E-1 6.16326E-1 6.16615E-1 6.16405E-1 6.19308E-1 6.20937E-1 6.2137E-1 6.21731E-1 6.23208E-1 6.23793E-1 6.26251E-1 6.28329E-1 6.27122E-1 6.3206E-1 6.32848E-1 6.33902E-1 6.35537E-1 6.37164E-1 6.37661E-1 6.39746E-1 6.39684E-1 6.38494E-1 6.3856E-1 6.34536E-1 6.3523E-1 6.30314E-1 6.3064E-1 6.2761E-1 6.48657E-1 6.49622E-1 6.39181E-1 6.39681E-1 6.41369E-1 6.39922E-1 6.38943E-1 6.37411E-1 6.42214E-1 6.41806E-1 6.42381E-1 6.44492E-1 6.05956E-1 6.08161E-1 6.04539E-1 6.04366E-1 6.07604E-1 6.10129E-1 6.15088E-1 6.21756E-1 6.23426E-1 6.25097E-1
5.8462E-1 5.89239E-1 6.09946E-1 6.10386E-1 6.07448E-1 6.13661E-1 6.09467E-1 6.14859E-1 6.08854E-1 6.11585E-1 6.13167E-1 6.11801E-1 6.15291E-1 6.16265E-1 6.15711E-1 6.16786E-1 6.17952E-1 6.17944E-1 6.18604E-1 6.19927E-1 6.21404E-1 6.23124E-1 6.24673E-1 6.28026E-1 6.27405E-1 6.30099E-1 6.3197E-1 6.33454E-1 6.34421E-1 6.35512E-1 6.37513E-1 6.38044E-1 6.39537E-1 6.38384E-1 6.33673E-1 6.33582E-1 6.34591E-1 6.30202E-1 6.24756E-1 6.26759E-1 6.26734E-1 6.25126E-1 6.36712E-1 6.37665E-1 6.37057E-1 6.36071E-1 6.35089E-1 6.35664E-1 6.40846E-1 5.9902E-1 6.41997E-1 6.43724E-1 6.46793E-1 6.08687E-1 6.04809E-1 6.03369E-1 6.06602E-1 6.08625E-1 6.10488E-1 6.13704E-1 6.15747E-1
5.83065E-1 5.83691E-1 5.8617E-1 5.87413E-1 6.10836E-1 6.11572E-1 6.0574E-1 6.07567E-1 6.06332E-1 6.09173E-1 6.09566E-1 6.08951E-1 6.13285E-1 6.19275E-1 6.14764E-1 6.13063E-1 6.16259E-1 6.15953E-1 6.17131E-1 6.16651E-1 6.18273E-1 6.19375E-1 6.20794E-1 6.23992E-1 6.28176E-1 6.26145E-1 6.28685E-1 6.31673E-1 6.33451E-1 6.34023E-1 6.34613E-1 6.37517E-1 6.37746E-1 6.39393E-1 6.3806E-1 6.32563E-1 6.33942E-1 6.29494E-1 6.23572E-1 6.26266E-1 6.24951E-1 6.25055E-1 6.34598E-1 6.33407E-1 6.32667E-1 6.30323E-1 6.309E-1 6.32055E-1 6.33209E-1 6.35518E-1 6.37442E-1 6.4123E-1 6.43724E-1 6.03256E-1 6.05118E-1 6.02315E-1 6.03847E-1 6.0604E-1 6.10496E-1 6.12896E-1 6.11014E-1
5.78597E-1 5.80303E-1 5.8503E-1 5.8648E-1 5.86794E-1 5.87109E-1 6.08867E-1 6.04548E-1 6.0678E-1 6.09416E-1 6.0967E-1 6.09259E-1 6.16233E-1 6.15921E-1 6.08183E-1 6.07524E-1 6.12239E-1 6.13267E-1 6.14299E-1 6.14732E-1 6.16498E-1 6.179E-1 6.19375E-1 6.22824E-1 6.24302E-1 6.27038E-1 6.27189E-1 6.27659E-1 6.30651E-1 6.3199E-1 6.33876E-1 6.34466E-1 6.35559E-1 6.38052E-1 6.31904E-1 6.36584E-1 6.33237E-1 6.33876E-1 6.2498E-1 6.25781E-1 6.221E-1 6.22001E-1 6.20468E-1 6.31648E-1 6.28917E-1 6.29776E-1 6.3443E-1 6.29938E-1 6.29938E-1 6.32439E-1 6.35518E-1 5.95638E-1 6.39119E-1 5.99545E-1 6.01241E-1 6.03433E-1 6.0144E-1 6.02195E-1 6.04748E-1 6.08905E-1 6.11245E-1
5.77209E-1 5.77966E-1 5.80349E-1 5.82619E-1 5.84134E-1 5.85968E-1 5.86645E-1 6.01862E-1 6.03195E-1 6.10598E-1 6.04615E-1 6.0567E-1 6.12127E-1 6.10141E-1 6.13822E-1 6.07239E-1 6.11206E-1 6.13892E-1 6.12973E-1 6.12198E-1 6.14186E-1 6.15367E-1 6.18203E-1 6.19087E-1 6.20715E-1 6.22564E-1 6.26816E-1 6.27189E-1 6.27659E-1 6.29001E-1 6.32534E-1 6.32523E-1 6.35221E-1 6.35449E-1 6.31042E-1 6.30895E-1 6.32532E-1 6.27661E-1 6.24269E-1 6.20585E-1 6.18089E-1 6.17095E-1 6.20119E-1 6.19301E-1 6.25873E-1 6.26376E-1 6.25211E-1 6.27251E-1 6.27755E-1 6.28253E-1 6.31862E-1 6.33786E-1 6.33594E-1 5.97367E-1 5.98713E-1 6.00065E-1 5.98488E-1 5.99964E-1 6.01831E-1 6.03547E-1 6.05205E-1
5.75316E-1 5.77019E-1 5.77398E-1 5.80464E-1 5.84822E-1 5.85446E-1 5.86176E-1 5.86437E-1 6.08376E-1 6.09376E-1 6.10267E-1 6.11008E-1 6.05967E-1 6.09852E-1 6.14423E-1 6.08869E-1 6.0944E-1 6.1121E-1 6.12596E-1 6.12728E-1 6.13616E-1 6.15388E-1 6.16572E-1 6.17307E-1 6.18338E-1 6.20192E-1 6.23988E-1 6.25254E-1 6.26592E-1 6.27813E-1 6.29693E-1 6.31034E-1 6.32225E-1 6.34116E-1 6.30291E-1 6.30459E-1 6.31625E-1 6.26852E-1 6.22454E-1 6.18752E-1 6.1716E-1 6.15828E-1 6.17603E-1 6.1769E-1 6.19876E-1 6.19982E-1 6.18784E-1 6.16083E-1 6.2488E-1 6.25377E-1 6.27239E-1 6.30708E-1 6.31285E-1 5.92946E-1 5.96238E-1 5.97937E-1 5.92953E-1 5.94304E-1 5.9921E-1 6.01047E-1 6.02071E-1
5.72553E-1 5.73387E-1 5.75503E-1 5.77023E-1 5.80619E-1 5.82051E-1 5.82067E-1 5.83397E-1 5.84537E-1 5.87104E-1 6.07421E-1 6.08162E-1 6.10406E-1 6.12941E-1 6.13231E-1 6.11465E-1 6.06915E-1 6.09583E-1 6.09456E-1 6.09594E-1 6.1287E-1 6.12253E-1 6.13434E-1 6.14767E-1 6.16098E-1 6.18269E-1 6.21164E-1 6.23323E-1 6.26904E-1 6.27728E-1 6.28503E-1 6.27136E-1 6.30736E-1 6.32624E-1 6.29328E-1 6.30337E-1 6.25458E-1 6.26256E-1 6.21484E-1 6.17188E-1 6.17517E-1 6.15998E-1 6.15617E-1 6.14595E-1 6.13534E-1 6.18515E-1 6.1712E-1 6.17419E-1 6.16799E-1 6.23866E-1 6.25911E-1 5.88929E-1 5.88569E-1 5.90084E-1 5.93838E-1 5.96422E-1 5.96925E-1 5.90929E-1 6.40651E-1 6.42749E-1 5.99391E-1
5.73063E-1 5.72606E-1 5.72096E-1 5.75883E-1 5.77403E-1 5.7979E-1 5.80497E-1 5.81688E-1 5.85374E-1 5.83777E-1 5.87422E-1 6.08474E-1 6.10008E-1 6.11E-1 6.11294E-1 6.13381E-1 5.84157E-1 6.06738E-1 6.06915E-1 6.07353E-1 6.07791E-1 6.1077E-1 6.11804E-1 6.13284E-1 6.1425E-1 6.15877E-1 6.17951E-1 6.20332E-1 6.23924E-1 6.28338E-1 6.26681E-1 6.26399E-1 6.27593E-1 6.31283E-1 6.28365E-1 6.28902E-1 6.24649E-1 6.25447E-1 6.20672E-1 6.1643E-1 6.16702E-1 6.14393E-1 6.14498E-1 6.14771E-1 6.14537E-1 6.16089E-1 6.14006E-1 6.14645E-1 6.15669E-1 6.13011E-1 6.22686E-1 6.25745E-1 5.85882E-1 5.87555E-1 5.9165E-1 5.9406E-1 5.949E-1 5.88229E-1 6.38334E-1 6.40356E-1 5.96141E-1
