Artocarpus heterophyllus SDM files/MIS19/results (with bias file)/Arthet_max.asc
ncols         625
nrows         721
xllcorner     69.99986311115
yllcorner     5.99986187915
cellsize      0.041666667
NODATA_value  -9999
[rows 270 to 296 of 721, columns 244 to 304 of 625]
6.53692E-1 6.1359E-1 6.12547E-1 6.36661E-1 6.47467E-1 6.53279E-1 6.20837E-1 6.50868E-1 6.87722E-1 6.0659E-1 6.00625E-1 6.03797E-1 6.12073E-1 6.11696E-1 6.02183E-1 6.01801E-1 6.05266E-1 6.10499E-1 6.36085E-1 6.12861E-1 6.09155E-1 6.12574E-1 6.16443E-1 6.37411E-1 6.23991E-1 6.22941E-1 6.38947E-1 6.42997E-1 6.4512E-1 6.51074E-1 6.35486E-1 6.42529E-1 6.51844E-1 6.47574E-1 6.45469E-1 6.4629E-1 6.4983E-1 6.35373E-1 6.25381E-1 6.19857E-1 6.31319E-1 6.34719E-1 6.35689E-1 6.25439E-1 6.30186E-1 6.33047E-1 6.29275E-1 6.33986E-1 6.23931E-1 5.64151E-1 5.30674E-1 5.40505E-1 6.03036E-1 6.39277E-1 6.37119E-1 5.7763E-1 6.30573E-1 6.31245E-1 6.30092E-1 6.33796E-1 6.34429E-1
6.215E-1 6.05613E-1 6.3439E-1 6.57558E-1 6.53844E-1 6.37978E-1 6.68775E-1 6.48143E-1 6.02767E-1 6.04009E-1 6.02669E-1 6.04326E-1 6.06647E-1 6.03082E-1 6.03732E-1 6.03844E-1 6.02164E-1 6.07392E-1 6.17932E-1 6.33366E-1 6.16944E-1 6.13836E-1 6.14962E-1 6.32278E-1 6.35446E-1 6.33878E-1 6.41622E-1 6.37483E-1 6.47817E-1 6.44887E-1 6.33109E-1 6.42909E-1 6.43399E-1 6.50635E-1 6.50765E-1 6.43144E-1 6.44645E-1 6.46287E-1 6.29922E-1 6.26311E-1 6.32316E-1 6.36749E-1 6.36432E-1 6.30895E-1 6.22807E-1 6.16702E-1 6.30354E-1 6.29976E-1 6.14276E-1 6.22207E-1 5.6208E-1 5.3036E-1 5.98652E-1 6.32458E-1 6.37925E-1 6.33247E-1 5.82212E-1 6.30709E-1 6.37175E-1 6.43252E-1 5.95435E-1
6.25403E-1 6.07935E-1 6.37585E-1 6.69286E-1 6.03554E-1 6.06628E-1 5.96002E-1 6.02788E-1 6.02503E-1 6.04248E-1 6.0879E-1 6.08845E-1 6.8492E-1 6.85131E-1 6.88447E-1 6.59417E-1 6.59699E-1 6.56693E-1 6.08419E-1 6.118E-1 6.1449E-1 6.13535E-1 6.1592E-1 6.29166E-1 6.29427E-1 6.45467E-1 6.40275E-1 6.39494E-1 6.5056E-1 6.50753E-1 6.39088E-1 6.38499E-1 6.41738E-1 6.43573E-1 6.43274E-1 6.45157E-1 6.4659E-1 6.44672E-1 6.33032E-1 6.2468E-1 6.30173E-1 6.32317E-1 6.32353E-1 6.307E-1 6.30745E-1 6.19176E-1 6.15576E-1 6.23451E-1 6.3081E-1 5.77545E-1 5.67247E-1 5.29135E-1 5.33973E-1 6.25487E-1 6.33146E-1 6.36687E-1 5.77735E-1 6.29245E-1 6.33804E-1 5.81246E-1 6.23996E-1
6.11154E-1 6.00279E-1 5.99873E-1 6.14039E-1 6.02817E-1 6.05211E-1 6.00206E-1 6.02875E-1 6.05006E-1 6.48734E-1 6.49613E-1 6.51844E-1 6.75349E-1 6.8753E-1 6.89487E-1 6.92179E-1 6.82885E-1 6.82345E-1 6.83836E-1 6.84268E-1 6.79928E-1 6.26511E-1 7.00038E-1 6.96455E-1 6.98177E-1 6.7229E-1 6.68947E-1 6.35882E-1 6.49139E-1 6.79385E-1 6.34867E-1 6.19368E-1 6.2045E-1 6.20503E-1 6.40925E-1 6.41184E-1 6.42803E-1 6.33188E-1 6.28751E-1 6.22816E-1 6.22868E-1 6.28274E-1 5.98609E-1 6.20844E-1 6.29914E-1 6.33281E-1 6.31068E-1 5.9199E-1 6.44235E-1 6.03012E-1 5.7245E-1 5.68599E-1 5.70114E-1 6.16978E-1 6.19269E-1 5.7991E-1 5.7478E-1 6.12145E-1 6.19711E-1 6.18876E-1 6.30521E-1
6.01764E-1 6.00498E-1 6.1299E-1 6.16374E-1 6.22504E-1 6.4675E-1 6.4751E-1 6.52931E-1 6.75583E-1 6.7757E-1 6.54917E-1 6.79336E-1 6.58451E-1 6.57641E-1 6.89134E-1 6.93715E-1 6.92714E-1 6.77995E-1 6.82419E-1 6.93696E-1 6.84482E-1 7.01216E-1 7.05408E-1 6.97611E-1 7.03225E-1 6.75295E-1 6.3287E-1 6.15497E-1 6.79576E-1 6.81471E-1 6.69275E-1 6.74455E-1 6.18131E-1 6.21664E-1 6.19983E-1 6.10243E-1 6.17648E-1 6.07654E-1 6.09535E-1 6.10579E-1 6.02138E-1 6.06552E-1 6.05784E-1 6.28307E-1 6.28246E-1 6.3484E-1 5.90707E-1 5.91564E-1 5.90361E-1 6.03195E-1 5.94753E-1 5.88064E-1 6.2514E-1 6.18096E-1 6.18328E-1 6.14744E-1 6.19775E-1 6.21179E-1 6.25049E-1 5.90515E-1 5.74227E-1
6.13097E-1 6.15905E-1 6.1034E-1 6.15024E-1 6.89515E-1 6.83326E-1 6.73521E-1 6.77754E-1 6.78322E-1 6.54445E-1 6.5871E-1 6.91947E-1 6.82461E-1 6.56778E-1 6.57482E-1 6.88213E-1 6.93768E-1 6.57402E-1 6.83517E-1 6.93743E-1 6.99194E-1 7.01587E-1 6.73778E-1 7.00478E-1 6.73104E-1 6.71791E-1 6.34896E-1 6.74683E-1 6.81002E-1 6.84337E-1 6.7844E-1 6.80396E-1 6.78718E-1 6.19883E-1 6.22737E-1 6.10601E-1 6.15119E-1 6.11587E-1 6.13551E-1 6.11879E-1 6.12642E-1 6.05872E-1 6.25262E-1 6.32263E-1 6.34904E-1 5.93978E-1 6.00169E-1 5.91389E-1 5.48259E-1 5.47684E-1 5.5886E-1 5.75418E-1 5.76638E-1 5.92101E-1 5.97026E-1 6.02397E-1 6.44481E-1 5.98798E-1 5.87903E-1 5.37454E-1 5.31952E-1
6.10665E-1 6.58855E-1 6.74397E-1 6.83789E-1 6.88889E-1 6.89663E-1 6.89364E-1 6.77175E-1 6.52363E-1 6.55795E-1 6.81497E-1 6.97463E-1 6.57487E-1 6.58723E-1 6.6397E-1 6.6187E-1 6.59828E-1 6.9957E-1 6.76566E-1 6.57675E-1 6.9865E-1 6.9997E-1 6.77085E-1 6.69545E-1 6.75548E-1 6.71447E-1 6.69695E-1 6.75201E-1 6.83017E-1 6.84E-1 6.84536E-1 6.80562E-1 6.28206E-1 6.78652E-1 6.54978E-1 6.57738E-1 6.53226E-1 5.99053E-1 6.15582E-1 6.21865E-1 6.52265E-1 6.49513E-1 6.33427E-1 5.83986E-1 5.78895E-1 5.78747E-1 5.71388E-1 5.41191E-1 5.35309E-1 5.61749E-1 5.34176E-1 5.3566E-1 5.3714E-1 5.36587E-1 5.2863E-1 5.31414E-1 5.4334E-1 5.32269E-1 5.28743E-1 5.64626E-1 6.07767E-1
6.75733E-1 6.90027E-1 6.86832E-1 6.7662E-1 6.72497E-1 6.76042E-1 6.87299E-1 6.77558E-1 6.56047E-1 6.80837E-1 6.83909E-1 6.75126E-1 6.71198E-1 6.29592E-1 6.57229E-1 6.58768E-1 6.56552E-1 7.01796E-1 6.84187E-1 6.61723E-1 6.72546E-1 7.0013E-1 6.74464E-1 6.76941E-1 6.68542E-1 6.69327E-1 6.67312E-1 6.74274E-1 6.27515E-1 6.31388E-1 6.29947E-1 6.29851E-1 6.55779E-1 6.60093E-1 6.63565E-1 6.9077E-1 6.41035E-1 6.39035E-1 6.33412E-1 6.41102E-1 6.349E-1 6.12019E-1 6.11225E-1 6.00662E-1 5.90734E-1 5.88984E-1 5.88574E-1 6.15753E-1 5.72144E-1 5.3946E-1 5.38195E-1 5.95576E-1 5.9623E-1 5.98143E-1 5.58919E-1 5.58239E-1 5.89937E-1 5.86674E-1 6.13719E-1 6.22257E-1 6.30895E-1
6.78078E-1 6.88663E-1 6.75348E-1 6.49281E-1 6.51647E-1 6.76145E-1 6.89105E-1 6.97548E-1 6.93458E-1 6.97861E-1 6.71517E-1 7.04716E-1 6.71025E-1 6.23511E-1 6.51752E-1 6.5374E-1 6.84783E-1 7.00004E-1 7.13364E-1 6.89651E-1 6.66062E-1 6.70667E-1 6.75278E-1 6.7245E-1 6.69706E-1 6.69118E-1 6.70929E-1 6.78962E-1 6.78625E-1 6.7578E-1 6.54629E-1 6.437E-1 6.54381E-1 6.09407E-1 6.48171E-1 6.44922E-1 6.41549E-1 6.1049E-1 6.04885E-1 5.8589E-1 5.76403E-1 5.74786E-1 5.98167E-1 5.95868E-1 6.00346E-1 5.89335E-1 5.87911E-1 5.90122E-1 5.26208E-1 5.33835E-1 6.19686E-1 6.24777E-1 6.1816E-1 6.16142E-1 6.0002E-1 5.89209E-1 6.07897E-1 5.72191E-1 5.82627E-1 5.81526E-1 5.81E-1
6.14743E-1 6.77659E-1 6.74974E-1 6.51236E-1 6.10978E-1 6.95223E-1 6.75928E-1 7.05334E-1 7.02561E-1 7.02656E-1 7.00439E-1 6.9449E-1 6.93494E-1 6.48074E-1 6.46294E-1 6.55817E-1 6.61171E-1 7.01403E-1 7.06495E-1 7.06039E-1 6.74835E-1 6.71703E-1 6.67779E-1 6.66052E-1 6.6771E-1 6.68229E-1 6.75158E-1 6.80725E-1 6.51981E-1 6.40328E-1 6.42379E-1 6.19414E-1 6.37636E-1 6.2045E-1 6.16414E-1 5.98654E-1 6.03603E-1 6.05771E-1 6.02738E-1 6.05835E-1 6.03126E-1 5.8117E-1 5.78253E-1 5.66845E-1 5.73663E-1 6.01068E-1 5.9613E-1 6.0244E-1 5.30133E-1 5.37147E-1 6.28284E-1 6.25689E-1 6.2618E-1 6.34149E-1 5.91193E-1 5.73593E-1 5.60736E-1 5.5871E-1 5.60089E-1 5.56697E-1 5.59957E-1
6.01455E-1 5.99607E-1 6.4806E-1 6.73766E-1 6.74581E-1 6.77907E-1 6.98463E-1 6.9773E-1 6.10599E-1 6.99579E-1 6.95225E-1 6.46782E-1 6.50583E-1 6.50992E-1 6.50553E-1 6.52696E-1 6.8707E-1 7.02311E-1 7.04239E-1 7.1442E-1 6.70154E-1 6.94943E-1 6.65165E-1 6.73109E-1 6.51862E-1 6.48127E-1 6.52247E-1 6.3755E-1 6.57453E-1 6.20435E-1 6.37661E-1 6.2788E-1 6.14164E-1 6.19139E-1 6.16429E-1 6.60825E-1 6.50222E-1 6.49032E-1 6.48364E-1 5.93818E-1 5.93859E-1 5.96628E-1 5.92585E-1 5.78372E-1 5.82087E-1 5.91327E-1 5.73032E-1 5.40768E-1 6.24024E-1 6.11442E-1 5.73419E-1 5.9095E-1 6.07275E-1 6.02523E-1 5.88651E-1 6.08559E-1 5.83059E-1 5.90326E-1 5.91865E-1 5.59884E-1 5.61684E-1
6.27737E-1 6.49264E-1 6.28146E-1 6.90882E-1 7.04681E-1 6.96903E-1 6.90612E-1 6.95523E-1 6.78438E-1 6.98685E-1 6.96405E-1 6.88124E-1 6.93803E-1 6.44592E-1 6.46047E-1 6.58484E-1 6.97625E-1 7.05655E-1 7.06141E-1 7.05312E-1 6.96961E-1 6.70349E-1 6.58466E-1 6.61924E-1 6.54277E-1 6.70086E-1 6.53957E-1 6.71923E-1 6.31793E-1 6.26915E-1 6.25704E-1 6.11843E-1 6.1335E-1 6.56218E-1 6.60078E-1 6.62242E-1 6.62964E-1 6.54567E-1 6.47988E-1 6.49216E-1 6.57563E-1 6.55643E-1 5.8823E-1 5.85877E-1 5.83585E-1 5.73743E-1 5.30066E-1 6.20199E-1 6.33773E-1 6.22107E-1 5.54356E-1 5.30088E-1 5.86655E-1 6.38736E-1 6.37335E-1 6.32486E-1 6.17728E-1 6.06153E-1 6.05938E-1 5.5667E-1 5.5614E-1
6.9017E-1 6.92695E-1 7.01045E-1 6.49589E-1 6.34803E-1 7.07413E-1 6.93747E-1 6.97573E-1 6.87372E-1 6.99207E-1 6.97343E-1 6.9198E-1 6.87028E-1 6.45421E-1 6.48712E-1 6.58215E-1 6.98994E-1 7.03198E-1 7.03804E-1 7.00453E-1 6.75197E-1 6.58555E-1 6.7992E-1 6.81013E-1 6.24058E-1 6.30152E-1 6.03114E-1 6.64491E-1 6.70307E-1 6.00378E-1 6.07599E-1 6.18144E-1 6.35086E-1 6.37298E-1 6.62469E-1 6.63256E-1 6.62655E-1 6.62132E-1 6.59262E-1 6.04168E-1 6.15688E-1 6.01923E-1 5.9029E-1 6.23179E-1 5.98189E-1 6.04057E-1 5.86992E-1 6.14087E-1 5.98266E-1 6.07477E-1 5.61007E-1 5.61507E-1 5.96886E-1 5.78606E-1 5.83026E-1 5.98098E-1 6.03195E-1 5.809E-1 5.86458E-1 5.75702E-1 5.62395E-1
6.9238E-1 7.00932E-1 6.75609E-1 6.48815E-1 5.96798E-1 6.5313E-1 7.2219E-1 7.02057E-1 6.95052E-1 6.96943E-1 6.7279E-1 6.46155E-1 6.68611E-1 6.41806E-1 6.50384E-1 6.94728E-1 6.80113E-1 6.754E-1 6.75307E-1 6.75162E-1 7.04981E-1 6.30214E-1 6.13802E-1 6.4994E-1 6.28676E-1 6.80865E-1 6.09713E-1 6.13429E-1 6.00954E-1 6.44588E-1 6.52647E-1 6.52865E-1 6.56511E-1 6.26002E-1 6.32454E-1 6.50135E-1 6.59115E-1 6.62344E-1 6.31241E-1 6.07485E-1 6.15546E-1 6.19974E-1 6.19941E-1 6.06884E-1 5.95947E-1 5.92273E-1 6.04588E-1 5.94255E-1 5.83203E-1 5.9123E-1 5.93978E-1 6.30075E-1 6.10299E-1 5.99594E-1 6.18113E-1 5.86447E-1 5.79828E-1 5.75545E-1 5.74984E-1 5.62361E-1 5.66064E-1
6.36658E-1 6.88188E-1 6.42246E-1 6.46335E-1 5.95184E-1 6.39474E-1 6.78652E-1 7.11481E-1 7.01461E-1 6.77588E-1 6.53687E-1 6.44851E-1 6.39393E-1 6.46579E-1 6.94898E-1 6.81177E-1 7.05338E-1 7.03761E-1 6.95333E-1 6.28033E-1 6.32366E-1 6.34971E-1 6.34322E-1 6.29671E-1 6.27855E-1 6.40077E-1 6.25607E-1 6.21094E-1 6.04531E-1 6.52818E-1 6.59493E-1 6.73675E-1 6.60545E-1 6.86157E-1 6.1885E-1 6.319E-1 6.43332E-1 6.54527E-1 6.59619E-1 6.15342E-1 6.24361E-1 6.21657E-1 5.95918E-1 6.24778E-1 6.18608E-1 6.1951E-1 6.17665E-1 6.24615E-1 6.15194E-1 6.00721E-1 6.00265E-1 6.23115E-1 6.1948E-1 6.16053E-1 5.74353E-1 5.77688E-1 5.84883E-1 6.34361E-1 6.23339E-1 6.07105E-1 6.15746E-1
6.27088E-1 6.9551E-1 6.71531E-1 6.50419E-1 6.0306E-1 6.30167E-1 6.53301E-1 6.72024E-1 7.16629E-1 6.87726E-1 6.44179E-1 6.39099E-1 6.89564E-1 6.99721E-1 7.00005E-1 6.86338E-1 6.10652E-1 6.11155E-1 6.26658E-1 6.29205E-1 6.28992E-1 6.26088E-1 6.39355E-1 6.69764E-1 6.24293E-1 6.32331E-1 6.82485E-1 6.49127E-1 6.79645E-1 6.562E-1 6.49464E-1 6.03422E-1 6.19647E-1 6.41696E-1 6.83185E-1 6.04145E-1 6.07556E-1 6.18068E-1 6.46239E-1 6.26347E-1 6.22454E-1 6.2737E-1 6.2775E-1 6.20175E-1 6.43809E-1 6.24175E-1 6.09068E-1 6.13619E-1 6.13058E-1 5.96657E-1 6.01407E-1 6.12668E-1 6.18288E-1 6.21788E-1 5.95864E-1 5.58123E-1 5.7091E-1 6.45453E-1 6.03681E-1 5.94029E-1 6.07574E-1
6.88644E-1 6.89131E-1 6.51479E-1 6.53631E-1 6.46045E-1 6.43604E-1 6.42109E-1 7.2046E-1 7.14041E-1 6.42248E-1 6.52894E-1 7.02015E-1 6.89527E-1 6.03356E-1 6.09318E-1 6.25879E-1 6.91484E-1 6.89025E-1 6.89094E-1 6.99142E-1 6.20391E-1 6.19721E-1 6.27499E-1 6.21379E-1 6.22695E-1 6.78056E-1 6.57442E-1 6.64723E-1 6.0518E-1 6.83506E-1 6.05302E-1 6.01271E-1 6.39629E-1 6.49402E-1 6.54991E-1 6.25143E-1 6.18348E-1 6.18036E-1 5.98149E-1 6.02401E-1 6.04074E-1 6.06192E-1 6.31341E-1 6.05416E-1 6.24043E-1 6.4385E-1 6.22517E-1 6.217E-1 6.19795E-1 6.12666E-1 6.1358E-1 6.10632E-1 6.22549E-1 6.19322E-1 6.09856E-1 5.6313E-1 5.597E-1 5.42007E-1 5.95635E-1 5.7341E-1 5.73954E-1
6.90154E-1 6.51307E-1 6.46262E-1 6.48124E-1 6.47952E-1 6.51471E-1 7.2204E-1 6.27609E-1 6.07564E-1 6.97732E-1 6.92227E-1 6.02444E-1 6.74047E-1 6.72972E-1 6.86737E-1 6.7828E-1 6.25437E-1 6.00152E-1 6.228E-1 6.19871E-1 6.30576E-1 6.49032E-1 6.75492E-1 6.42736E-1 6.87249E-1 6.88283E-1 6.64762E-1 5.90838E-1 6.01255E-1 6.18142E-1 6.09645E-1 6.07322E-1 6.04908E-1 6.43154E-1 6.27062E-1 6.3131E-1 6.39459E-1 6.8774E-1 6.89874E-1 6.09959E-1 5.91174E-1 5.89149E-1 6.03146E-1 6.34632E-1 6.43554E-1 6.42225E-1 6.51401E-1 6.37424E-1 6.38355E-1 6.31549E-1 6.3028E-1 6.17892E-1 6.25846E-1 6.13357E-1 5.70524E-1 5.6471E-1 5.70003E-1 5.33165E-1 5.65562E-1 5.71E-1 5.7388E-1
6.87505E-1 6.4519E-1 6.43647E-1 6.20417E-1 6.02101E-1 7.17105E-1 6.93002E-1 6.89992E-1 6.99076E-1 6.07251E-1 6.03396E-1 6.2086E-1 6.97947E-1 7.00715E-1 6.91174E-1 6.49893E-1 6.00152E-1 6.65908E-1 6.42388E-1 6.40103E-1 6.38092E-1 6.31826E-1 6.7629E-1 6.7392E-1 6.87154E-1 6.78271E-1 6.0012E-1 6.60758E-1 6.69204E-1 6.02437E-1 6.21058E-1 6.33948E-1 6.5034E-1 6.23612E-1 6.22901E-1 6.57458E-1 6.64243E-1 6.63294E-1 6.38416E-1 6.18324E-1 5.8979E-1 6.05981E-1 6.05351E-1 6.22914E-1 6.32456E-1 6.18424E-1 6.19832E-1 5.87794E-1 5.88345E-1 6.4221E-1 6.42135E-1 6.06453E-1 5.98E-1 5.58177E-1 5.60355E-1 5.69585E-1 5.31439E-1 5.37303E-1 5.60197E-1 5.60288E-1 5.94962E-1
6.68158E-1 6.45878E-1 6.44057E-1 6.5332E-1 6.16971E-1 7.1013E-1 6.39072E-1 6.31971E-1 6.08418E-1 6.24341E-1 5.97527E-1 6.02389E-1 6.0333E-1 6.24558E-1 6.03172E-1 6.64124E-1 6.4101E-1 6.38779E-1 6.49189E-1 6.71597E-1 6.38319E-1 6.04454E-1 6.27027E-1 6.48255E-1 6.34699E-1 6.25858E-1 6.75192E-1 6.68381E-1 6.72425E-1 5.94876E-1 6.07378E-1 6.45104E-1 6.39041E-1 6.54917E-1 6.50302E-1 6.54722E-1 6.59155E-1 6.57951E-1 6.60835E-1 6.38367E-1 6.03704E-1 6.0219E-1 6.27465E-1 6.23844E-1 6.29286E-1 6.06871E-1 5.93336E-1 5.90474E-1 6.13155E-1 6.23518E-1 6.44435E-1 6.49177E-1 6.1991E-1 5.79996E-1 5.18173E-1 5.22441E-1 5.83984E-1 5.63859E-1 5.55058E-1 5.91492E-1 5.67177E-1
6.43137E-1 6.46191E-1 6.52615E-1 6.88004E-1 6.08553E-1 6.96263E-1 6.8868E-1 6.85286E-1 6.47957E-1 6.50335E-1 6.67314E-1 6.65187E-1 6.70711E-1 6.54983E-1 6.36385E-1 6.36824E-1 6.4487E-1 6.39759E-1 6.74769E-1 6.45313E-1 6.63815E-1 6.40539E-1 6.70934E-1 6.21654E-1 6.52489E-1 6.5427E-1 6.64637E-1 6.18232E-1 6.23883E-1 6.18842E-1 6.21174E-1 6.45171E-1 6.31366E-1 6.38886E-1 6.5184E-1 6.63554E-1 6.63532E-1 6.65668E-1 6.60847E-1 6.63654E-1 6.37513E-1 6.22067E-1 6.23841E-1 6.28295E-1 6.41716E-1 6.05733E-1 6.0696E-1 5.95534E-1 6.04648E-1 5.98133E-1 6.29556E-1 6.42797E-1 6.21495E-1 6.05655E-1 5.79309E-1 5.66603E-1 5.82448E-1 5.94973E-1 5.9314E-1 5.80242E-1 5.62649E-1
6.82985E-1 6.52063E-1 6.52622E-1 6.74612E-1 6.75812E-1 6.88113E-1 6.88838E-1 6.59512E-1 6.52589E-1 6.66316E-1 6.70909E-1 6.6876E-1 6.70532E-1 6.62425E-1 6.38542E-1 6.38436E-1 6.72721E-1 6.36891E-1 6.429E-1 6.46642E-1 6.37967E-1 6.45999E-1 6.36695E-1 5.93234E-1 6.14125E-1 6.21004E-1 6.57553E-1 6.45318E-1 6.15921E-1 6.07039E-1 6.05683E-1 6.03686E-1 6.19901E-1 6.31301E-1 6.36912E-1 6.59312E-1 6.4762E-1 6.5597E-1 6.67768E-1 6.66765E-1 6.57137E-1 6.00478E-1 6.44502E-1 6.37703E-1 6.65659E-1 6.4552E-1 6.30594E-1 6.08988E-1 5.8715E-1 5.89258E-1 6.25853E-1 6.54433E-1 6.55108E-1 6.34293E-1 6.29838E-1 5.8515E-1 5.33497E-1 5.99144E-1 6.08219E-1 6.02627E-1 5.71741E-1
6.21581E-1 6.43541E-1 6.7391E-1 6.83794E-1 6.52336E-1 6.26314E-1 6.52605E-1 7.00523E-1 6.63444E-1 6.93372E-1 6.62808E-1 6.34256E-1 6.41761E-1 6.70055E-1 6.4333E-1 6.41566E-1 6.35762E-1 6.07108E-1 6.71812E-1 6.47198E-1 6.46222E-1 6.43977E-1 6.34753E-1 5.53183E-1 5.55394E-1 5.9683E-1 6.13692E-1 6.23209E-1 6.22255E-1 6.17149E-1 6.0537E-1 5.93441E-1 6.19508E-1 6.35981E-1 6.29004E-1 6.38949E-1 6.53804E-1 6.46305E-1 6.64998E-1 6.68581E-1 6.6772E-1 6.32977E-1 6.41042E-1 6.44806E-1 6.59375E-1 6.54669E-1 6.06916E-1 6.07937E-1 5.91231E-1 6.1117E-1 6.13262E-1 6.2353E-1 6.35761E-1 6.51972E-1 6.25028E-1 5.92121E-1 5.68451E-1 5.90526E-1 5.98007E-1 5.90511E-1 5.87975E-1
6.10042E-1 6.36019E-1 6.53862E-1 6.49744E-1 6.74859E-1 6.76841E-1 6.6725E-1 7.01999E-1 6.68449E-1 6.65588E-1 6.61677E-1 6.0029E-1 6.24626E-1 6.40665E-1 6.7323E-1 6.45461E-1 6.34269E-1 6.38063E-1 6.44631E-1 6.48046E-1 6.32803E-1 6.2382E-1 5.97125E-1 6.17938E-1 5.48081E-1 5.93537E-1 6.08635E-1 6.21471E-1 6.22809E-1 6.19937E-1 6.0435E-1 6.0013E-1 6.06241E-1 6.32544E-1 6.42165E-1 6.30721E-1 6.51246E-1 6.52706E-1 6.56491E-1 6.50576E-1 6.64933E-1 6.58678E-1 6.61192E-1 6.68076E-1 6.63326E-1 6.65714E-1 6.30064E-1 6.20729E-1 6.12381E-1 6.06484E-1 6.1372E-1 6.1454E-1 6.12813E-1 6.14074E-1 5.74325E-1 5.69203E-1 5.9169E-1 6.57464E-1 6.05994E-1 5.89078E-1 6.01419E-1
5.87632E-1 6.08244E-1 6.46484E-1 6.55302E-1 6.89252E-1 6.61239E-1 6.93594E-1 6.66755E-1 6.67495E-1 6.6453E-1 5.97457E-1 6.01859E-1 6.2417E-1 6.4303E-1 6.43783E-1 6.4452E-1 6.21668E-1 6.24793E-1 6.44691E-1 6.5256E-1 6.23737E-1 6.17866E-1 5.98102E-1 5.65127E-1 5.48299E-1 6.02221E-1 6.18045E-1 6.21173E-1 6.22627E-1 6.26046E-1 6.21174E-1 5.9943E-1 5.91321E-1 6.03041E-1 6.34687E-1 6.27423E-1 6.48595E-1 6.56296E-1 6.66674E-1 6.59173E-1 6.5766E-1 6.68861E-1 6.76386E-1 6.81673E-1 6.7379E-1 6.53231E-1 6.17071E-1 6.3905E-1 6.42264E-1 6.20804E-1 6.02442E-1 5.87812E-1 6.33318E-1 6.47914E-1 6.61922E-1 6.62244E-1 6.62103E-1 6.19021E-1 5.7247E-1 5.82825E-1 5.78858E-1
6.52429E-1 6.11566E-1 6.54726E-1 6.58851E-1 6.57251E-1 6.63684E-1 6.63932E-1 6.68287E-1 6.68353E-1 6.33255E-1 6.02472E-1 6.2046E-1 5.74416E-1 6.08154E-1 6.12695E-1 6.41873E-1 6.48992E-1 6.35169E-1 6.32111E-1 6.25913E-1 6.21185E-1 6.05663E-1 5.80735E-1 6.00892E-1 6.2326E-1 5.51591E-1 5.89265E-1 6.16674E-1 6.5386E-1 6.55188E-1 6.56217E-1 6.16892E-1 6.22332E-1 6.16145E-1 6.28328E-1 6.31771E-1 6.23822E-1 6.44967E-1 6.43038E-1 6.46473E-1 6.40944E-1 6.4933E-1 6.47743E-1 6.67769E-1 6.44464E-1 6.10017E-1 6.44646E-1 6.60133E-1 6.50162E-1 6.50843E-1 6.18274E-1 6.19691E-1 6.52971E-1 6.40728E-1 6.42326E-1 6.58916E-1 6.38541E-1 6.04787E-1 5.85918E-1 5.91166E-1 5.76076E-1
6.61979E-1 6.42468E-1 6.62014E-1 6.63385E-1 6.48741E-1 6.64476E-1 6.67485E-1 6.46988E-1 6.46173E-1 6.26468E-1 5.83402E-1 5.97791E-1 5.73987E-1 6.15919E-1 6.29265E-1 6.24604E-1 6.32019E-1 6.30898E-1 6.32382E-1 6.34402E-1 6.27425E-1 6.12333E-1 5.78722E-1 5.82682E-1 5.66177E-1 5.44782E-1 6.00142E-1 6.10898E-1 6.1491E-1 6.47352E-1 6.52552E-1 6.5259E-1 6.13101E-1 6.27661E-1 6.20304E-1 6.38607E-1 6.31478E-1 6.2798E-1 6.36295E-1 6.45061E-1 6.44158E-1 6.48527E-1 6.43048E-1 6.50233E-1 6.27642E-1 6.23479E-1 6.32293E-1 6.37406E-1 6.36929E-1 6.17076E-1 6.03584E-1 6.11642E-1 6.07652E-1 6.38844E-1 6.25433E-1 6.29458E-1 5.91868E-1 5.9413E-1 6.06484E-1 5.96488E-1 6.06758E-1
