Artocarpus heterophyllus SDM files/MIS19/results (with bias file)/Arthet_avg.asc
ncols         625
nrows         721
xllcorner     69.99986311115
yllcorner     5.99986187915
cellsize      0.041666667
NODATA_value  -9999
[rows 108 to 134 of 721, columns 61 to 121 of 625]
1.30249E-1 1.34135E-1 1.37657E-1 1.41139E-1 1.44547E-1 1.45811E-1 1.47726E-1 1.54811E-1 1.57961E-1 1.61364E-1 1.75159E-1 1.80941E-1 1.85428E-1 1.88702E-1 1.93842E-1 2.04247E-1 2.11242E-1 2.13991E-1 2.45881E-1 2.58284E-1 2.94597E-1 3.26154E-1 3.09546E-1 3.23769E-1 3.35319E-1 3.17045E-1 3.92461E-1 4.1317E-1 4.21336E-1 4.14686E-1 4.34725E-1 5.17521E-1 5.33143E-1 5.49524E-1 4.97605E-1 5.09558E-1 5.18401E-1 5.20245E-1 5.24173E-1 5.34806E-1 5.07436E-1 4.85471E-1 4.90519E-1 4.94724E-1 4.9604E-1 4.95286E-1 5.04616E-1 5.06084E-1 5.07029E-1 4.9998E-1 5.02371E-1 5.04201E-1 5.0502E-1 5.06473E-1 5.05839E-1 5.13407E-1 5.06795E-1 5.89173E-1 5.88376E-1 5.98294E-1 5.60599E-1
1.30234E-1 1.31429E-1 1.32069E-1 1.37885E-1 1.41237E-1 1.4147E-1 1.45561E-1 1.5228E-1 1.55283E-1 1.58617E-1 1.72874E-1 1.76499E-1 1.81034E-1 1.84113E-1 1.92547E-1 1.99386E-1 2.09071E-1 2.15609E-1 2.20708E-1 2.08141E-1 2.39429E-1 2.8999E-1 3.02045E-1 3.12204E-1 3.29976E-1 3.14415E-1 3.31336E-1 3.67238E-1 4.10025E-1 4.27176E-1 4.28956E-1 4.39477E-1 5.18819E-1 5.33143E-1 4.86027E-1 4.68795E-1 5.08056E-1 5.14804E-1 5.25829E-1 5.27428E-1 5.05427E-1 4.84754E-1 4.95502E-1 4.97833E-1 5.01038E-1 4.93792E-1 5.03106E-1 5.04808E-1 5.04219E-1 4.97122E-1 4.98803E-1 5.00255E-1 5.01551E-1 5.02689E-1 5.10561E-1 5.11729E-1 5.11162E-1 4.7485E-1 5.54035E-1 5.55354E-1 5.56629E-1
1.27109E-1 1.29571E-1 1.31136E-1 1.3504E-1 1.3713E-1 1.39944E-1 1.45923E-1 1.49668E-1 1.53185E-1 1.5648E-1 1.59278E-1 1.62658E-1 1.77097E-1 1.84679E-1 1.90891E-1 1.96625E-1 1.8603E-1 1.90027E-1 2.19334E-1 2.27566E-1 1.65336E-1 2.62071E-1 2.71134E-1 2.80513E-1 3.02113E-1 3.10808E-1 3.19459E-1 3.27308E-1 3.70515E-1 3.90594E-1 4.34972E-1 4.33553E-1 4.75581E-1 5.28584E-1 5.4429E-1 4.94282E-1 5.09598E-1 5.14589E-1 5.19125E-1 5.2635E-1 5.30518E-1 4.88021E-1 4.92498E-1 5.02658E-1 4.96317E-1 4.97817E-1 5.00659E-1 5.01719E-1 4.9566E-1 5.01801E-1 5.03003E-1 5.0431E-1 5.05948E-1 5.07487E-1 5.0852E-1 5.07247E-1 4.71402E-1 4.73386E-1 4.80093E-1 4.79742E-1 5.61814E-1
1.23307E-1 1.25657E-1 1.27766E-1 1.29636E-1 1.32894E-1 1.39071E-1 1.42847E-1 1.45343E-1 1.49013E-1 1.52934E-1 1.56409E-1 1.60969E-1 1.77836E-1 1.82942E-1 1.89181E-1 1.95265E-1 2.04382E-1 2.09204E-1 1.96767E-1 2.0164E-1 1.81149E-1 1.74139E-1 2.71291E-1 2.90517E-1 2.97877E-1 3.03486E-1 3.18755E-1 3.23382E-1 3.38646E-1 3.79546E-1 3.91692E-1 4.38542E-1 4.30461E-1 4.87163E-1 5.32513E-1 4.46903E-1 4.57088E-1 5.03337E-1 5.18546E-1 5.23247E-1 5.26852E-1 5.10641E-1 4.86818E-1 4.97001E-1 4.9203E-1 4.94717E-1 4.97051E-1 5.00026E-1 5.01015E-1 5.02441E-1 5.01104E-1 5.01988E-1 5.11397E-1 5.10038E-1 5.03737E-1 5.05806E-1 4.77033E-1 4.7029E-1 4.78312E-1 4.77767E-1 4.86415E-1
8.19722E-2 1.23292E-1 1.25682E-1 1.27481E-1 1.29163E-1 1.36841E-1 1.41252E-1 1.43136E-1 1.49581E-1 1.50631E-1 1.53897E-1 1.59453E-1 1.67958E-1 1.84311E-1 1.89352E-1 1.77029E-1 1.84017E-1 2.07004E-1 2.15727E-1 2.00849E-1 1.60689E-1 1.69943E-1 1.95113E-1 2.81304E-1 2.88721E-1 2.96046E-1 3.10296E-1 3.14652E-1 3.30494E-1 3.46039E-1 3.90843E-1 4.0338E-1 4.29898E-1 4.06431E-1 4.90053E-1 5.30283E-1 5.15008E-1 4.91069E-1 5.11702E-1 5.17892E-1 5.24066E-1 5.26449E-1 4.84173E-1 4.95833E-1 4.97254E-1 4.99465E-1 5.02108E-1 5.048E-1 4.99162E-1 5.00313E-1 5.07325E-1 5.07675E-1 5.09058E-1 5.08555E-1 4.71763E-1 4.7398E-1 4.73599E-1 4.74282E-1 4.77378E-1 4.77612E-1 4.86415E-1
7.51444E-2 1.22601E-1 1.24352E-1 1.23946E-1 1.33113E-1 1.35929E-1 1.38931E-1 1.43313E-1 1.46793E-1 1.50812E-1 1.54629E-1 1.60758E-1 1.64835E-1 1.77972E-1 1.84935E-1 1.90676E-1 1.80773E-1 1.85965E-1 1.9424E-1 1.98058E-1 1.31571E-1 1.38972E-1 1.76766E-1 2.78501E-1 2.8312E-1 2.94984E-1 3.04588E-1 3.139E-1 3.22586E-1 3.33534E-1 3.50377E-1 3.58532E-1 4.04539E-1 4.02244E-1 4.4086E-1 4.86247E-1 5.28496E-1 4.9357E-1 5.10935E-1 5.1962E-1 5.2405E-1 5.3131E-1 5.15444E-1 4.91631E-1 4.8714E-1 4.95366E-1 4.98939E-1 5.01422E-1 5.03183E-1 5.0652E-1 5.07638E-1 5.04204E-1 5.05161E-1 5.07631E-1 4.70084E-1 4.69597E-1 4.715E-1 4.73982E-1 4.79557E-1 4.81627E-1 4.83093E-1
6.83645E-2 6.95786E-2 1.11206E-1 1.2482E-1 1.3211E-1 1.34349E-1 1.38422E-1 1.43747E-1 1.46353E-1 1.49196E-1 1.53522E-1 1.60172E-1 1.63005E-1 1.67701E-1 1.82329E-1 1.88999E-1 1.77561E-1 1.86848E-1 1.91499E-1 2.018E-1 1.29149E-1 1.37932E-1 1.43698E-1 2.02083E-1 2.04987E-1 2.11379E-1 3.0266E-1 3.11458E-1 3.21853E-1 3.32763E-1 3.40889E-1 3.50377E-1 3.59569E-1 3.99877E-1 4.34414E-1 4.4287E-1 4.99481E-1 4.51828E-1 5.00653E-1 5.06175E-1 5.17289E-1 5.26125E-1 5.30778E-1 5.14565E-1 4.91709E-1 4.96129E-1 4.96683E-1 4.98801E-1 5.00143E-1 5.01511E-1 5.03654E-1 5.05096E-1 5.03789E-1 5.04968E-1 5.0641E-1 4.68394E-1 4.6998E-1 4.77792E-1 4.77263E-1 4.77837E-1 4.81098E-1
6.71543E-2 6.95786E-2 1.0574E-1 1.08336E-1 1.11485E-1 1.34533E-1 1.35985E-1 1.38782E-1 1.43251E-1 1.50529E-1 1.53095E-1 1.59173E-1 1.62571E-1 1.67648E-1 1.56612E-1 1.73522E-1 1.78541E-1 1.86832E-1 1.92103E-1 1.99657E-1 1.33808E-1 1.37835E-1 1.39886E-1 1.45132E-1 2.01357E-1 2.10728E-1 2.17854E-1 3.05475E-1 3.14336E-1 3.21055E-1 3.29696E-1 3.38794E-1 3.5004E-1 4.03603E-1 4.19769E-1 4.4163E-1 4.59035E-1 5.01802E-1 5.21632E-1 4.97209E-1 5.20699E-1 5.21493E-1 5.3013E-1 5.30248E-1 5.2376E-1 4.91812E-1 4.93568E-1 5.03563E-1 4.98073E-1 5.08686E-1 5.10158E-1 5.11334E-1 5.05165E-1 5.11994E-1 4.75829E-1 4.76174E-1 4.76592E-1 4.7752E-1 4.79627E-1 4.84953E-1 4.85302E-1
6.64777E-2 6.91143E-2 1.06813E-1 1.14882E-1 1.17385E-1 1.18217E-1 1.38826E-1 1.42185E-1 1.47321E-1 1.50647E-1 1.53396E-1 1.59593E-1 1.48697E-1 1.51908E-1 1.57422E-1 1.72283E-1 1.74134E-1 1.8288E-1 1.87466E-1 1.26885E-1 1.29769E-1 1.35063E-1 1.39216E-1 1.44357E-1 1.48663E-1 2.07734E-1 2.14463E-1 2.24563E-1 3.10407E-1 3.19329E-1 3.24716E-1 3.43023E-1 3.58425E-1 3.68393E-1 3.82872E-1 3.92833E-1 4.57271E-1 4.69295E-1 5.12389E-1 4.62207E-1 5.06922E-1 5.19768E-1 4.97943E-1 5.29236E-1 5.39109E-1 4.96358E-1 4.99979E-1 4.98923E-1 5.03681E-1 5.07865E-1 5.09145E-1 5.15329E-1 4.78864E-1 4.80725E-1 4.79393E-1 4.81688E-1 4.79605E-1 4.75917E-1 4.80406E-1 4.8032E-1 4.82223E-1
6.59863E-2 6.85937E-2 1.0691E-1 1.09458E-1 1.1103E-1 1.15074E-1 1.24128E-1 1.28596E-1 1.43198E-1 1.49423E-1 1.52273E-1 1.58021E-1 1.48119E-1 1.51854E-1 1.54593E-1 1.60251E-1 1.71657E-1 1.82218E-1 1.88124E-1 1.97562E-1 1.28806E-1 1.32083E-1 1.36594E-1 1.41303E-1 1.45425E-1 1.52406E-1 1.72463E-1 2.20854E-1 3.04696E-1 3.18271E-1 3.29151E-1 3.4648E-1 3.52626E-1 3.60053E-1 3.72957E-1 3.83836E-1 4.09189E-1 4.58501E-1 4.70551E-1 4.48473E-1 4.69386E-1 5.11258E-1 5.23555E-1 5.33448E-1 5.36487E-1 5.21667E-1 4.96704E-1 4.9274E-1 5.02994E-1 5.06384E-1 5.08065E-1 5.1195E-1 4.75402E-1 4.77401E-1 4.76007E-1 4.76339E-1 4.77603E-1 4.83305E-1 4.76951E-1 4.79571E-1 4.73234E-1
6.50836E-2 6.82378E-2 7.07149E-2 7.22764E-2 1.11908E-1 1.15028E-1 1.163E-1 1.28138E-1 1.25994E-1 1.27362E-1 1.48877E-1 1.5632E-1 1.46149E-1 1.52909E-1 1.55098E-1 1.59033E-1 1.76511E-1 1.82038E-1 1.89367E-1 1.97462E-1 1.2642E-1 1.32552E-1 1.35408E-1 1.40019E-1 1.46247E-1 1.5071E-1 1.68337E-1 1.76694E-1 2.23718E-1 3.16311E-1 3.25139E-1 3.33132E-1 3.42985E-1 3.54713E-1 3.63215E-1 3.79407E-1 3.96458E-1 4.23513E-1 4.73347E-1 5.17913E-1 4.74739E-1 4.86039E-1 5.2837E-1 5.34369E-1 5.41494E-1 5.44829E-1 5.27636E-1 4.98053E-1 4.99768E-1 5.08594E-1 5.1019E-1 5.12895E-1 5.04567E-1 4.76484E-1 4.7735E-1 4.76155E-1 4.76646E-1 4.78347E-1 4.75876E-1 4.77103E-1 4.78685E-1
6.67012E-2 6.89685E-2 6.93958E-2 7.11995E-2 1.08772E-1 1.15322E-1 1.16565E-1 1.21525E-1 1.25698E-1 1.28447E-1 1.54133E-1 1.56723E-1 1.49126E-1 1.49814E-1 1.5453E-1 1.57891E-1 1.75253E-1 1.84758E-1 1.93336E-1 1.93308E-1 1.26274E-1 1.29125E-1 1.34411E-1 1.38474E-1 1.45701E-1 1.49527E-1 1.53934E-1 1.75402E-1 2.20854E-1 3.16322E-1 3.24111E-1 3.36433E-1 3.45674E-1 3.54684E-1 3.71062E-1 3.8789E-1 3.93877E-1 4.30953E-1 4.29674E-1 4.82591E-1 4.86657E-1 4.63838E-1 5.11455E-1 4.88182E-1 5.32555E-1 5.38902E-1 5.42563E-1 4.94027E-1 5.0456E-1 4.96484E-1 5.07512E-1 5.02645E-1 5.03268E-1 4.7545E-1 4.685E-1 4.69752E-1 4.75213E-1 4.76798E-1 4.77519E-1 4.76436E-1 4.7809E-1
6.58855E-2 6.90513E-2 6.94244E-2 7.09263E-2 1.08758E-1 1.11894E-1 1.1573E-1 1.20336E-1 1.2344E-1 1.34294E-1 1.39675E-1 1.41847E-1 1.47509E-1 1.52355E-1 1.60825E-1 1.59698E-1 1.6887E-1 1.84021E-1 1.87968E-1 1.19891E-1 1.248E-1 1.28173E-1 1.35404E-1 1.39356E-1 1.46102E-1 1.46794E-1 1.53283E-1 1.58975E-1 1.8099E-1 2.27023E-1 2.38385E-1 3.33317E-1 3.41514E-1 3.57454E-1 3.7104E-1 3.87084E-1 3.88983E-1 3.93451E-1 4.02503E-1 4.28518E-1 4.79094E-1 4.50057E-1 4.63305E-1 4.79306E-1 4.93226E-1 5.34679E-1 5.39743E-1 5.25846E-1 5.02258E-1 4.96756E-1 5.04269E-1 5.07585E-1 5.02945E-1 5.03604E-1 4.67754E-1 4.76988E-1 4.74139E-1 4.75003E-1 4.82918E-1 4.7725E-1 4.76235E-1
6.33395E-2 6.49689E-2 6.923E-2 7.24963E-2 7.28488E-2 7.48835E-2 1.17073E-1 1.19054E-1 1.29489E-1 1.35377E-1 1.38666E-1 1.44228E-1 1.49251E-1 1.53401E-1 1.60102E-1 1.60219E-1 1.67785E-1 1.79475E-1 1.84644E-1 1.9327E-1 1.24349E-1 1.30762E-1 1.32936E-1 1.38874E-1 1.41814E-1 1.46631E-1 1.51461E-1 1.55987E-1 1.78381E-1 2.28478E-1 2.37092E-1 3.32891E-1 3.46901E-1 3.53193E-1 3.65207E-1 3.73075E-1 3.77017E-1 3.82193E-1 3.91965E-1 4.05814E-1 4.33191E-1 4.75786E-1 4.5354E-1 4.764E-1 4.93558E-1 4.96994E-1 5.03753E-1 5.39238E-1 4.96748E-1 5.01011E-1 5.01031E-1 5.03903E-1 5.07177E-1 5.09988E-1 4.72734E-1 4.73891E-1 4.75516E-1 4.7429E-1 4.74385E-1 4.72914E-1 4.83542E-1
6.51794E-2 6.77529E-2 6.80038E-2 7.32239E-2 7.30377E-2 7.58045E-2 1.17608E-1 1.30256E-1 1.2858E-1 1.33798E-1 1.37339E-1 1.42843E-1 1.48399E-1 1.51616E-1 1.5546E-1 1.63698E-1 1.64695E-1 1.78847E-1 1.83356E-1 1.91214E-1 1.25165E-1 1.28827E-1 1.32227E-1 1.39165E-1 1.39378E-1 1.43916E-1 1.51436E-1 1.57728E-1 1.62864E-1 1.88476E-1 2.33232E-1 3.29929E-1 3.39998E-1 3.47489E-1 3.56902E-1 3.65452E-1 3.69164E-1 3.80279E-1 3.91424E-1 3.97934E-1 4.24861E-1 4.74933E-1 5.20921E-1 4.6612E-1 4.81221E-1 4.93471E-1 4.9965E-1 5.36487E-1 5.20673E-1 4.9914E-1 5.0123E-1 5.02272E-1 5.05193E-1 5.0778E-1 4.71908E-1 4.72655E-1 4.71272E-1 4.73651E-1 4.7839E-1 4.79408E-1 4.80962E-1
5.94067E-2 6.64951E-2 6.74942E-2 7.31083E-2 7.34875E-2 8.33636E-2 8.65349E-2 1.26952E-1 1.29984E-1 1.39183E-1 1.41195E-1 1.43354E-1 1.46998E-1 1.51079E-1 1.56565E-1 1.58253E-1 1.64857E-1 1.69415E-1 1.83514E-1 1.92053E-1 1.24227E-1 1.26569E-1 1.30271E-1 1.35596E-1 1.39687E-1 1.45951E-1 1.50892E-1 1.58743E-1 1.64114E-1 1.87129E-1 2.39746E-1 2.40391E-1 3.33168E-1 3.32904E-1 3.40655E-1 3.5445E-1 3.63715E-1 3.78055E-1 3.83596E-1 3.95596E-1 4.09564E-1 4.38308E-1 4.80276E-1 4.54974E-1 4.72578E-1 4.86276E-1 5.01127E-1 5.12608E-1 5.38293E-1 4.7634E-1 5.032E-1 5.06825E-1 4.71668E-1 4.75135E-1 4.70103E-1 4.76131E-1 4.7757E-1 4.78967E-1 4.77304E-1 4.78604E-1 4.7827E-1
5.83025E-2 6.03758E-2 6.69884E-2 7.25589E-2 7.3099E-2 8.20473E-2 8.58862E-2 1.26489E-1 1.32522E-1 1.33943E-1 1.42197E-1 1.45287E-1 1.49636E-1 1.54534E-1 1.57111E-1 1.59915E-1 1.66028E-1 1.69591E-1 1.83291E-1 1.87899E-1 1.93374E-1 1.2376E-1 1.29821E-1 1.35089E-1 1.38662E-1 1.46995E-1 1.53647E-1 1.58173E-1 1.68238E-1 1.83205E-1 2.00255E-1 2.09408E-1 2.60041E-1 3.33168E-1 3.41959E-1 3.49168E-1 3.64281E-1 3.71464E-1 3.83887E-1 3.88024E-1 4.01478E-1 4.29921E-1 4.39507E-1 4.9077E-1 4.6358E-1 4.7995E-1 4.95128E-1 5.04928E-1 5.42464E-1 5.24517E-1 4.74449E-1 5.04835E-1 4.69529E-1 4.72027E-1 4.76173E-1 4.71204E-1 4.76528E-1 4.78042E-1 4.85671E-1 4.84326E-1 4.78678E-1
5.83112E-2 6.01453E-2 6.77299E-2 6.87469E-2 7.89512E-2 8.30766E-2 8.36046E-2 1.28801E-1 1.33514E-1 1.35418E-1 1.39878E-1 1.46862E-1 1.48431E-1 1.54953E-1 1.58415E-1 1.58784E-1 1.65688E-1 1.7138E-1 1.81992E-1 1.90524E-1 1.95927E-1 1.27901E-1 1.30785E-1 1.37675E-1 1.4166E-1 1.49627E-1 1.5422E-1 1.6796E-1 1.71663E-1 1.76001E-1 1.66998E-1 2.04978E-1 2.36959E-1 3.271E-1 3.59101E-1 3.69422E-1 3.79238E-1 3.89444E-1 3.758E-1 3.87225E-1 4.01836E-1 4.08718E-1 4.37812E-1 4.83104E-1 4.63019E-1 4.72932E-1 4.82815E-1 4.97664E-1 5.09642E-1 5.22494E-1 4.71878E-1 5.01926E-1 5.06207E-1 4.70777E-1 4.73018E-1 4.75644E-1 4.747E-1 4.7616E-1 4.65773E-1 4.77975E-1 4.86308E-1
5.00447E-2 6.01415E-2 7.5704E-2 7.66228E-2 8.04392E-2 8.32002E-2 8.53425E-2 8.68306E-2 1.29255E-1 1.36438E-1 1.34927E-1 1.40351E-1 1.50045E-1 1.53281E-1 1.56593E-1 1.62997E-1 1.64506E-1 1.72284E-1 1.88719E-1 1.98256E-1 2.00088E-1 1.32136E-1 1.36141E-1 1.50146E-1 1.42782E-1 1.59134E-1 1.6035E-1 1.62527E-1 1.67363E-1 1.72726E-1 1.64543E-1 1.82418E-1 2.06925E-1 2.56298E-1 3.53824E-1 3.6219E-1 3.71568E-1 3.84949E-1 3.96173E-1 4.09895E-1 4.20722E-1 4.04072E-1 4.1601E-1 4.44982E-1 3.94122E-1 4.31582E-1 4.74188E-1 4.90399E-1 5.02925E-1 5.13568E-1 4.7671E-1 4.73197E-1 4.76629E-1 5.06237E-1 4.70469E-1 4.53367E-1 4.74789E-1 4.63743E-1 4.65096E-1 4.85264E-1 4.85257E-1
5.02226E-2 5.09902E-2 6.76457E-2 7.04986E-2 8.01005E-2 8.26001E-2 8.37551E-2 8.66472E-2 8.84825E-2 9.02359E-2 1.36935E-1 1.4244E-1 1.48094E-1 1.54425E-1 1.57738E-1 1.61696E-1 1.70105E-1 1.75384E-1 1.89605E-1 2.11502E-1 2.15937E-1 2.22653E-1 1.4315E-1 1.46323E-1 1.52751E-1 1.41173E-1 1.45267E-1 1.61353E-1 1.69012E-1 1.70208E-1 1.7762E-1 1.79209E-1 2.01589E-1 2.5452E-1 3.48267E-1 3.63135E-1 3.73151E-1 3.79101E-1 3.90535E-1 4.04335E-1 4.10983E-1 4.25394E-1 4.13628E-1 4.3894E-1 4.44956E-1 4.18065E-1 4.77351E-1 4.85322E-1 5.04531E-1 5.08716E-1 5.01943E-1 4.7888E-1 4.4422E-1 4.46403E-1 4.55369E-1 4.7427E-1 4.74832E-1 4.66688E-1 4.71854E-1 4.65407E-1 4.73776E-1
4.85428E-2 5.02162E-2 6.02125E-2 6.94567E-2 7.92011E-2 7.72788E-2 8.28477E-2 8.52852E-2 8.89817E-2 8.9217E-2 1.37973E-1 1.40936E-1 1.46594E-1 1.53861E-1 1.60586E-1 1.64051E-1 1.83251E-1 1.89924E-1 1.79753E-1 2.07832E-1 2.11477E-1 2.18071E-1 1.41567E-1 1.43654E-1 1.47393E-1 1.52161E-1 1.56245E-1 1.6295E-1 1.65955E-1 1.70237E-1 1.75037E-1 1.78903E-1 1.88009E-1 2.52034E-1 2.59651E-1 3.58883E-1 3.69944E-1 3.79773E-1 3.94402E-1 3.97512E-1 4.0291E-1 4.17152E-1 4.34778E-1 4.17523E-1 4.45336E-1 3.93321E-1 4.33113E-1 4.48731E-1 4.61981E-1 4.74411E-1 4.98574E-1 4.39381E-1 4.41891E-1 4.73884E-1 4.78878E-1 4.51066E-1 4.61486E-1 4.64897E-1 4.6669E-1 4.7209E-1 4.74774E-1
4.90903E-2 5.00294E-2 5.15628E-2 6.17367E-2 6.31839E-2 7.12494E-2 8.08989E-2 8.59568E-2 8.72502E-2 9.0179E-2 1.39895E-1 1.42007E-1 1.48765E-1 1.56856E-1 1.60586E-1 1.76933E-1 1.81311E-1 1.91067E-1 1.95744E-1 1.95515E-1 2.11367E-1 2.21036E-1 1.4263E-1 1.43132E-1 1.4942E-1 1.56597E-1 1.60471E-1 1.60022E-1 1.63531E-1 1.68371E-1 1.75068E-1 1.79364E-1 1.84658E-1 1.90034E-1 2.5641E-1 2.68403E-1 3.70949E-1 3.78889E-1 3.90997E-1 3.97725E-1 4.05492E-1 4.19421E-1 4.27631E-1 4.40776E-1 4.41719E-1 3.91399E-1 4.32498E-1 4.39217E-1 4.56216E-1 4.7506E-1 5.13833E-1 4.74238E-1 4.40048E-1 4.43646E-1 4.82985E-1 4.5469E-1 4.60488E-1 4.6135E-1 4.71077E-1 4.72567E-1 5.04245E-1
4.81647E-2 5.02122E-2 5.09785E-2 5.27419E-2 6.09651E-2 6.57921E-2 7.32405E-2 8.59568E-2 8.92757E-2 9.27212E-2 9.36528E-2 1.44492E-1 1.48099E-1 1.67311E-1 1.75732E-1 1.80265E-1 1.81328E-1 1.90374E-1 1.92353E-1 1.96394E-1 2.12628E-1 2.13544E-1 2.23274E-1 1.45654E-1 1.48374E-1 1.54427E-1 1.57175E-1 1.57679E-1 1.63936E-1 1.67571E-1 1.72521E-1 1.78057E-1 1.83315E-1 1.89957E-1 2.14712E-1 2.68096E-1 3.67654E-1 3.73072E-1 3.85503E-1 3.90726E-1 4.02403E-1 4.15054E-1 4.19698E-1 4.32707E-1 4.60441E-1 3.85036E-1 3.93661E-1 4.32247E-1 4.90011E-1 4.63543E-1 5.09308E-1 4.97213E-1 4.7669E-1 4.42181E-1 4.83373E-1 4.47995E-1 4.56112E-1 4.5768E-1 5.00903E-1 5.02629E-1 5.03333E-1
4.65538E-2 4.92662E-2 5.00177E-2 5.07711E-2 6.09651E-2 6.51281E-2 7.4122E-2 7.63987E-2 8.7676E-2 9.23676E-2 1.02678E-1 1.57002E-1 1.62631E-1 1.66038E-1 1.73299E-1 1.79453E-1 1.86581E-1 1.85606E-1 1.92936E-1 1.95695E-1 2.09934E-1 2.19417E-1 2.23993E-1 1.45805E-1 1.4944E-1 1.52728E-1 1.5555E-1 1.57709E-1 1.64067E-1 1.65755E-1 1.69999E-1 1.76877E-1 1.80679E-1 1.85949E-1 2.13211E-1 2.66203E-1 3.64409E-1 3.73032E-1 3.79622E-1 3.92105E-1 3.95204E-1 4.08116E-1 4.20877E-1 4.25556E-1 4.39884E-1 4.67641E-1 3.94366E-1 4.30184E-1 4.5444E-1 4.55292E-1 5.0739E-1 4.72285E-1 4.3788E-1 4.46139E-1 4.51032E-1 4.54224E-1 4.56722E-1 4.8612E-1 4.88438E-1 5.00866E-1 5.08699E-1
4.78007E-2 4.98303E-2 5.13683E-2 5.35739E-2 6.51567E-2 6.59844E-2 7.45276E-2 7.6651E-2 8.0909E-2 9.23676E-2 1.04616E-1 1.07448E-1 1.61616E-1 1.65175E-1 1.68441E-1 1.76338E-1 1.80076E-1 1.85915E-1 1.90929E-1 1.9561E-1 2.15015E-1 2.19965E-1 2.25307E-1 1.45593E-1 1.4937E-1 1.50509E-1 1.54408E-1 1.60615E-1 1.61712E-1 1.66287E-1 1.70582E-1 1.75609E-1 1.83925E-1 1.88588E-1 1.92016E-1 2.61491E-1 3.6325E-1 3.71937E-1 3.7961E-1 3.89603E-1 3.96918E-1 4.02005E-1 4.14974E-1 4.21987E-1 4.35037E-1 4.62692E-1 3.89594E-1 4.31664E-1 4.42475E-1 4.52865E-1 4.76518E-1 4.57277E-1 4.36287E-1 4.47011E-1 4.49964E-1 4.52936E-1 4.55472E-1 4.58268E-1 4.95388E-1 4.97119E-1 5.10252E-1
4.69592E-2 4.98878E-2 5.18183E-2 5.42408E-2 5.54664E-2 6.77471E-2 7.62269E-2 7.60782E-2 8.24741E-2 8.40165E-2 9.1825E-2 1.03841E-1 1.08178E-1 1.63979E-1 1.69151E-1 1.7449E-1 1.80155E-1 1.85251E-1 1.8957E-1 1.97694E-1 2.05355E-1 2.2249E-1 2.26819E-1 2.31526E-1 1.49715E-1 1.51554E-1 1.58647E-1 1.63361E-1 1.63861E-1 1.71105E-1 1.7135E-1 1.76186E-1 1.84517E-1 1.89232E-1 1.93315E-1 2.61691E-1 3.60969E-1 3.64218E-1 3.77396E-1 3.86227E-1 3.924E-1 4.02573E-1 4.10557E-1 4.25786E-1 4.31823E-1 4.38679E-1 4.16421E-1 4.29529E-1 4.44873E-1 4.63362E-1 4.72103E-1 4.62342E-1 4.34799E-1 4.46031E-1 4.86517E-1 4.50866E-1 4.53395E-1 4.83926E-1 4.93173E-1 5.03217E-1 5.06102E-1
4.76732E-2 4.95151E-2 5.16244E-2 5.15424E-2 5.50103E-2 6.54742E-2 6.90812E-2 7.67903E-2 8.67701E-2 8.97327E-2 9.25277E-2 9.67402E-2 1.07391E-1 1.63979E-1 1.69866E-1 1.72084E-1 1.83365E-1 1.87892E-1 1.95894E-1 2.00469E-1 2.04629E-1 2.2096E-1 2.25526E-1 2.30718E-1 1.49715E-1 1.56341E-1 1.57404E-1 1.62762E-1 1.67351E-1 1.68635E-1 1.72995E-1 1.77849E-1 1.81744E-1 1.85718E-1 1.91917E-1 2.40319E-1 3.59914E-1 3.61031E-1 3.76381E-1 3.81794E-1 3.91725E-1 4.03739E-1 4.17516E-1 4.24667E-1 4.3932E-1 4.63979E-1 4.13278E-1 4.54969E-1 4.41647E-1 4.57274E-1 4.69948E-1 4.60319E-1 4.41131E-1 4.45202E-1 4.45769E-1 4.50534E-1 4.81014E-1 4.83282E-1 4.91827E-1 4.94477E-1 5.04061E-1
