Artocarpus heterophyllus SDM files/MIS19/results (with bias file)/Arthet_6.asc
ncols         625
nrows         721
xllcorner     69.99986311115
yllcorner     5.99986187915
cellsize      0.041666667
NODATA_value  -9999
[rows 270 to 296 of 721, columns 61 to 121 of 625]
4.13779E-1 4.6982E-1 4.86144E-1 4.8708E-1 4.85128E-1 6.94056E-1 4.70988E-1 6.77578E-1 6.49161E-1 4.17597E-1 6.17507E-1 7.63871E-1 7.59455E-1 7.93491E-1 5.79258E-1 4.55551E-1 7.54529E-1 6.16457E-1 6.15768E-1 6.04018E-1 5.22115E-1 4.3242E-1 4.22956E-1 3.08574E-1 3.40644E-1 4.73838E-1 3.27538E-1 2.9187E-1 2.90806E-1 2.90436E-1 4.25726E-1 3.03447E-1 3.06598E-1 3.26993E-1 4.59507E-1 5.69377E-1 4.88779E-1 5.80598E-1 4.35622E-1 4.50162E-1 4.47765E-1 5.77356E-1 4.3561E-1 4.04496E-1 3.59743E-1 3.60424E-1 4.93977E-1 3.9871E-1 3.96695E-1 3.75862E-1 4.96518E-1 5.37741E-1 5.95136E-1 4.51226E-1 4.51308E-1 4.13287E-1 4.01559E-1 3.91972E-1 3.92265E-1 3.63405E-1 3.90737E-1
4.7401E-1 4.99206E-1 5.06131E-1 5.07191E-1 6.75784E-1 7.04325E-1 4.39303E-1 3.07087E-1 3.70076E-1 5.53338E-1 7.8445E-1 7.76194E-1 6.45659E-1 7.84046E-1 5.93418E-1 6.97289E-1 7.48642E-1 5.91823E-1 6.01521E-1 6.0791E-1 5.65751E-1 4.30872E-1 5.11623E-1 4.54917E-1 3.25173E-1 4.62244E-1 4.58472E-1 4.31635E-1 3.07108E-1 2.77569E-1 2.90069E-1 3.12996E-1 3.47589E-1 3.17735E-1 4.62212E-1 4.79361E-1 5.70998E-1 5.68668E-1 4.38489E-1 4.57611E-1 4.36411E-1 4.34702E-1 5.88799E-1 5.11697E-1 3.68408E-1 3.47537E-1 4.98993E-1 5.54714E-1 4.25365E-1 3.65207E-1 3.76071E-1 3.92774E-1 5.5292E-1 4.52945E-1 4.53112E-1 4.27905E-1 4.12815E-1 4.04168E-1 3.95857E-1 3.9833E-1 3.98196E-1
6.59515E-1 6.45268E-1 6.65171E-1 6.63507E-1 6.64048E-1 6.84717E-1 6.14503E-1 3.85721E-1 4.43521E-1 7.83886E-1 6.48629E-1 6.67323E-1 6.65646E-1 8.02777E-1 5.82507E-1 5.247E-1 5.96533E-1 6.33582E-1 6.20849E-1 6.07484E-1 4.1355E-1 5.81644E-1 5.70876E-1 5.02855E-1 4.06246E-1 4.53592E-1 4.95036E-1 4.78871E-1 3.65375E-1 2.93985E-1 2.8647E-1 2.9998E-1 3.20667E-1 4.11033E-1 4.66399E-1 4.83371E-1 5.58987E-1 5.63951E-1 5.71878E-1 6.02238E-1 6.02238E-1 5.83372E-1 4.99087E-1 5.36726E-1 3.67708E-1 3.54929E-1 5.09529E-1 5.54192E-1 4.34142E-1 3.79255E-1 5.31678E-1 5.43053E-1 5.39909E-1 5.6197E-1 4.57972E-1 4.58266E-1 4.30129E-1 4.16902E-1 4.07242E-1 4.06089E-1 4.17633E-1
6.73196E-1 6.51919E-1 6.67588E-1 5.14349E-1 4.9007E-1 6.43407E-1 3.95549E-1 5.26722E-1 6.07225E-1 6.63781E-1 8.11653E-1 8.26862E-1 8.17012E-1 6.42329E-1 6.38753E-1 6.5693E-1 6.01362E-1 6.39897E-1 6.17582E-1 5.71145E-1 4.97769E-1 6.03698E-1 5.39379E-1 5.23757E-1 4.02743E-1 3.07579E-1 2.96648E-1 4.38762E-1 5.35054E-1 3.31735E-1 2.94428E-1 3.07308E-1 3.2474E-1 3.36445E-1 3.40427E-1 4.82674E-1 5.59261E-1 5.59261E-1 5.63957E-1 5.86802E-1 5.82808E-1 5.68461E-1 5.46158E-1 3.84303E-1 3.57316E-1 3.63621E-1 5.13763E-1 5.55942E-1 5.50867E-1 5.40221E-1 4.03171E-1 4.0203E-1 5.44269E-1 5.48082E-1 5.56918E-1 5.70381E-1 4.64966E-1 4.3516E-1 4.27991E-1 4.33033E-1 4.23836E-1
6.4507E-1 6.53856E-1 6.67596E-1 7.29806E-1 6.93029E-1 6.64047E-1 6.24621E-1 5.88649E-1 8.18738E-1 8.0818E-1 7.50331E-1 6.72698E-1 6.69253E-1 6.5141E-1 6.61568E-1 6.46103E-1 6.47564E-1 6.26296E-1 6.21439E-1 3.86561E-1 5.20234E-1 6.0559E-1 5.37154E-1 5.02715E-1 4.51608E-1 3.19972E-1 3.22427E-1 4.37625E-1 5.81826E-1 3.85704E-1 4.17096E-1 3.12188E-1 3.22813E-1 3.32959E-1 3.3688E-1 5.60268E-1 5.73197E-1 5.70562E-1 5.79837E-1 5.93146E-1 5.84139E-1 5.8062E-1 5.48416E-1 5.24728E-1 4.89091E-1 5.03322E-1 5.23971E-1 5.59025E-1 5.6077E-1 5.45696E-1 3.95279E-1 3.96232E-1 4.05371E-1 4.11246E-1 4.10931E-1 4.10616E-1 4.12536E-1 4.19497E-1 4.01222E-1 4.31695E-1 5.12989E-1
6.30363E-1 6.29562E-1 8.57529E-1 7.40909E-1 7.13819E-1 8.56893E-1 5.98611E-1 8.22203E-1 8.15897E-1 6.70597E-1 4.03698E-1 6.73382E-1 6.24603E-1 6.11815E-1 6.74052E-1 6.2436E-1 6.40694E-1 6.32423E-1 5.98943E-1 3.83756E-1 5.74673E-1 6.08146E-1 5.21706E-1 5.24605E-1 3.81545E-1 3.26456E-1 3.17866E-1 4.31776E-1 4.28864E-1 3.36382E-1 3.29935E-1 3.19963E-1 3.28406E-1 3.48499E-1 5.75258E-1 5.18776E-1 5.72484E-1 5.80627E-1 5.84279E-1 5.95815E-1 6.03827E-1 5.87332E-1 5.92554E-1 5.31515E-1 5.27223E-1 5.05004E-1 5.40295E-1 5.52621E-1 5.82112E-1 4.33073E-1 3.92626E-1 3.95259E-1 3.98412E-1 4.11509E-1 4.41449E-1 4.09861E-1 4.08947E-1 4.0906E-1 4.15666E-1 4.24501E-1 5.06644E-1
6.39892E-1 5.9061E-1 5.99153E-1 8.38719E-1 8.69141E-1 8.50114E-1 8.27597E-1 8.17555E-1 7.02428E-1 7.05596E-1 6.65607E-1 6.76764E-1 5.75302E-1 5.89191E-1 6.19384E-1 6.57595E-1 6.47103E-1 6.45769E-1 5.75908E-1 3.91882E-1 5.80284E-1 5.57447E-1 4.7562E-1 5.34257E-1 4.9515E-1 3.12263E-1 2.80542E-1 3.18673E-1 3.52604E-1 4.13435E-1 3.52474E-1 3.49864E-1 4.73498E-1 4.90578E-1 5.99906E-1 5.46511E-1 5.82256E-1 5.57082E-1 5.65769E-1 5.52696E-1 6.0317E-1 6.04056E-1 5.89911E-1 5.89396E-1 5.1076E-1 5.21925E-1 5.53839E-1 5.89874E-1 5.84076E-1 5.85424E-1 4.27787E-1 3.95259E-1 3.99905E-1 4.14543E-1 4.44189E-1 4.17194E-1 4.09273E-1 3.84735E-1 3.94593E-1 4.03886E-1 4.84296E-1
6.41276E-1 4.94312E-1 6.1917E-1 8.42824E-1 8.30648E-1 8.26326E-1 6.71716E-1 7.01784E-1 6.04859E-1 6.88646E-1 6.90774E-1 6.66515E-1 6.1499E-1 6.76309E-1 6.20917E-1 6.54093E-1 6.48884E-1 6.51914E-1 6.02635E-1 4.27895E-1 6.10847E-1 5.96781E-1 5.1285E-1 5.14752E-1 5.24141E-1 4.00161E-1 3.0593E-1 4.89783E-1 6.30556E-1 4.73656E-1 4.81893E-1 5.85032E-1 4.17124E-1 4.65448E-1 5.49852E-1 5.26324E-1 5.6299E-1 5.282E-1 5.425E-1 5.86528E-1 5.78398E-1 5.64045E-1 5.99058E-1 5.95515E-1 5.17688E-1 5.51746E-1 5.77551E-1 5.78242E-1 5.86152E-1 5.83481E-1 4.26285E-1 4.19835E-1 4.23946E-1 4.27765E-1 4.4436E-1 4.10397E-1 4.08185E-1 3.86166E-1 3.87903E-1 3.96837E-1 4.84198E-1
6.58001E-1 6.77781E-1 6.61877E-1 6.60819E-1 6.35694E-1 6.41562E-1 7.16031E-1 6.92937E-1 6.87117E-1 6.8596E-1 4.44896E-1 6.73568E-1 6.36307E-1 6.59764E-1 6.87072E-1 6.83012E-1 6.72234E-1 6.61135E-1 6.12497E-1 5.7359E-1 6.26017E-1 5.63801E-1 5.7208E-1 4.63184E-1 5.27179E-1 4.30879E-1 4.34552E-1 6.44874E-1 5.73862E-1 6.30792E-1 4.53629E-1 4.69541E-1 5.3548E-1 4.23599E-1 4.50492E-1 5.66282E-1 5.73658E-1 5.38877E-1 5.75776E-1 5.56679E-1 5.88507E-1 5.88668E-1 5.77546E-1 5.56583E-1 5.57588E-1 5.78441E-1 5.85496E-1 5.82468E-1 5.82937E-1 5.76434E-1 4.30506E-1 4.34263E-1 4.29622E-1 4.32071E-1 4.33135E-1 4.03629E-1 3.81338E-1 3.89674E-1 3.91166E-1 3.9614E-1 4.79929E-1
6.51399E-1 6.48203E-1 6.22572E-1 5.89192E-1 4.81124E-1 6.15259E-1 8.51373E-1 8.61197E-1 6.9944E-1 7.18539E-1 6.87012E-1 5.52023E-1 6.63243E-1 6.53133E-1 6.59571E-1 6.5336E-1 6.3609E-1 6.61776E-1 5.79446E-1 5.88911E-1 6.1699E-1 5.62018E-1 5.05194E-1 5.59652E-1 5.3959E-1 4.88783E-1 4.25694E-1 4.63544E-1 6.05482E-1 5.73473E-1 6.07259E-1 4.46138E-1 4.4215E-1 4.50503E-1 4.49827E-1 5.78289E-1 5.73259E-1 5.82634E-1 6.12513E-1 5.27924E-1 5.49542E-1 5.70665E-1 5.87982E-1 5.87797E-1 5.77848E-1 5.77201E-1 5.96138E-1 5.7282E-1 5.78185E-1 5.72985E-1 5.78357E-1 5.9914E-1 5.96304E-1 4.45395E-1 4.3747E-1 4.31336E-1 3.87501E-1 3.89269E-1 3.93063E-1 3.9986E-1 4.77027E-1
6.27276E-1 6.46388E-1 8.52518E-1 8.51852E-1 7.06577E-1 8.44286E-1 8.34431E-1 8.393E-1 8.51636E-1 8.35183E-1 8.39709E-1 7.57556E-1 6.70534E-1 6.49507E-1 6.57634E-1 6.39584E-1 6.40281E-1 6.25712E-1 5.91377E-1 6.30051E-1 5.89737E-1 5.30202E-1 5.03706E-1 5.21567E-1 4.98814E-1 4.54642E-1 4.35639E-1 4.20795E-1 4.03226E-1 4.44671E-1 6.21139E-1 4.13266E-1 4.42107E-1 4.6684E-1 4.39341E-1 4.52233E-1 5.94038E-1 5.84847E-1 6.09643E-1 5.35416E-1 5.42456E-1 5.6262E-1 5.90484E-1 5.91521E-1 5.83063E-1 5.77192E-1 5.9854E-1 5.80674E-1 5.45285E-1 5.6489E-1 5.5029E-1 5.72173E-1 5.98951E-1 4.51947E-1 4.36404E-1 4.03392E-1 3.81225E-1 3.85557E-1 3.86604E-1 3.89207E-1 3.93577E-1
8.20566E-1 8.31403E-1 8.32139E-1 8.35451E-1 8.56123E-1 8.40693E-1 8.45787E-1 8.42246E-1 8.25566E-1 7.71775E-1 8.09154E-1 8.08068E-1 6.65367E-1 6.55071E-1 6.56265E-1 6.27694E-1 6.26831E-1 6.26413E-1 6.21149E-1 7.89635E-1 7.86642E-1 6.14563E-1 5.51692E-1 4.57195E-1 4.7101E-1 3.09241E-1 4.37403E-1 4.48862E-1 5.04614E-1 3.86204E-1 4.02118E-1 5.56303E-1 4.25581E-1 4.06474E-1 4.38782E-1 4.43544E-1 5.63307E-1 5.85504E-1 6.09E-1 5.91273E-1 6.1532E-1 5.95001E-1 5.69352E-1 5.89734E-1 5.9467E-1 5.86673E-1 6.04372E-1 5.99761E-1 5.63865E-1 5.24669E-1 5.51249E-1 5.65225E-1 6.00099E-1 4.5657E-1 4.43591E-1 4.02076E-1 3.75563E-1 3.7742E-1 3.88294E-1 4.59836E-1 3.85949E-1
6.22802E-1 8.21176E-1 6.19039E-1 8.09022E-1 8.44427E-1 8.38657E-1 8.64672E-1 7.22839E-1 8.10868E-1 7.79569E-1 8.07988E-1 8.09297E-1 6.60111E-1 6.62931E-1 6.53782E-1 6.49243E-1 6.50711E-1 6.09957E-1 7.87594E-1 7.74455E-1 7.89228E-1 7.68744E-1 5.33946E-1 5.30925E-1 5.5932E-1 3.34848E-1 4.50609E-1 5.18572E-1 6.62306E-1 5.67832E-1 4.24818E-1 4.08228E-1 5.92977E-1 5.51685E-1 4.28961E-1 4.46749E-1 5.59926E-1 6.16063E-1 6.2707E-1 6.07891E-1 6.31146E-1 6.19214E-1 5.69676E-1 5.35763E-1 5.71176E-1 5.77114E-1 5.88191E-1 6.21454E-1 5.83352E-1 5.15567E-1 5.49868E-1 5.68457E-1 6.13242E-1 4.54643E-1 4.48669E-1 4.14585E-1 3.70153E-1 3.77882E-1 3.86016E-1 4.63551E-1 3.80921E-1
8.18641E-1 8.22558E-1 8.06472E-1 6.49632E-1 8.23884E-1 8.27906E-1 8.39093E-1 8.12773E-1 8.14006E-1 7.69027E-1 8.04338E-1 8.10559E-1 6.62601E-1 8.06107E-1 8.13542E-1 6.64173E-1 6.41169E-1 7.35114E-1 7.47085E-1 7.67924E-1 7.91633E-1 7.90752E-1 7.83667E-1 7.76247E-1 7.6691E-1 5.05516E-1 4.87867E-1 4.97642E-1 6.47763E-1 4.90766E-1 4.51504E-1 4.0054E-1 4.05679E-1 5.21038E-1 5.69498E-1 5.20695E-1 5.62283E-1 6.12916E-1 6.1451E-1 5.30361E-1 5.31565E-1 6.10422E-1 5.40375E-1 5.52556E-1 4.84626E-1 5.1768E-1 5.55996E-1 5.91845E-1 6.10845E-1 5.51571E-1 5.5323E-1 5.7014E-1 5.79289E-1 6.99746E-1 5.36598E-1 4.2184E-1 3.78148E-1 3.88753E-1 4.62875E-1 4.53986E-1 3.79516E-1
8.16909E-1 8.31293E-1 8.50972E-1 8.19544E-1 8.31217E-1 8.33481E-1 8.16571E-1 7.96784E-1 7.75904E-1 7.68136E-1 7.70254E-1 7.94944E-1 8.09441E-1 8.04142E-1 8.08633E-1 8.27923E-1 8.12876E-1 6.62103E-1 7.92011E-1 7.39045E-1 7.8849E-1 7.73516E-1 7.81875E-1 7.78635E-1 7.72485E-1 5.81572E-1 6.51527E-1 4.74446E-1 5.81903E-1 4.2024E-1 4.06831E-1 3.90532E-1 3.78702E-1 4.9957E-1 5.56658E-1 5.48371E-1 5.82438E-1 6.11717E-1 5.36843E-1 5.32272E-1 5.83855E-1 6.01487E-1 5.55894E-1 5.09644E-1 4.86232E-1 5.03777E-1 5.52429E-1 5.68874E-1 5.96004E-1 5.82099E-1 5.65185E-1 5.75565E-1 5.66637E-1 5.75182E-1 5.95038E-1 4.24358E-1 3.80272E-1 4.60446E-1 4.81222E-1 3.77774E-1 4.53049E-1
8.12838E-1 8.19451E-1 8.1511E-1 8.10485E-1 8.15951E-1 8.21452E-1 8.3541E-1 8.21826E-1 7.69147E-1 7.3832E-1 7.84322E-1 7.92527E-1 8.08632E-1 8.08591E-1 7.99774E-1 8.22884E-1 8.25987E-1 8.06286E-1 6.51718E-1 7.40739E-1 7.38699E-1 8.05631E-1 7.91327E-1 7.80983E-1 7.6181E-1 7.40523E-1 6.88114E-1 6.06187E-1 6.55778E-1 4.83139E-1 3.95008E-1 3.72033E-1 3.7031E-1 4.38717E-1 4.01653E-1 5.16613E-1 5.28266E-1 5.71944E-1 5.80749E-1 5.35584E-1 6.08432E-1 4.36052E-1 4.07043E-1 4.73784E-1 5.01976E-1 4.90989E-1 5.32025E-1 5.37332E-1 5.67662E-1 5.80361E-1 5.66646E-1 5.74189E-1 6.06471E-1 5.97059E-1 4.27814E-1 4.23803E-1 4.03961E-1 4.89042E-1 4.02405E-1 4.52574E-1 4.52462E-1
7.86116E-1 7.78137E-1 7.91434E-1 8.12757E-1 8.13277E-1 8.19908E-1 8.10625E-1 8.2431E-1 7.95398E-1 7.70667E-1 7.88606E-1 7.90494E-1 7.82861E-1 8.00434E-1 8.11626E-1 7.98055E-1 8.03157E-1 8.18462E-1 8.07354E-1 7.71892E-1 7.8674E-1 7.17996E-1 7.15271E-1 7.63022E-1 7.05357E-1 7.09741E-1 6.51001E-1 6.7115E-1 6.86854E-1 6.37227E-1 5.822E-1 4.12487E-1 3.96858E-1 5.43336E-1 4.10463E-1 4.18501E-1 5.72488E-1 6.25486E-1 5.40381E-1 5.42305E-1 5.46078E-1 5.86891E-1 3.9791E-1 4.31186E-1 4.61824E-1 4.92427E-1 5.22034E-1 5.30118E-1 5.70936E-1 5.78961E-1 5.69447E-1 5.77304E-1 6.07057E-1 5.89869E-1 5.70442E-1 5.65915E-1 4.30284E-1 5.0533E-1 3.7863E-1 4.51992E-1 4.6045E-1
7.47662E-1 7.56137E-1 7.82391E-1 8.07774E-1 8.10695E-1 7.28571E-1 7.58281E-1 8.05837E-1 7.64755E-1 7.83224E-1 7.86845E-1 7.89059E-1 7.84011E-1 7.84671E-1 8.10039E-1 8.02879E-1 7.91233E-1 7.98266E-1 8.04327E-1 7.60284E-1 8.01421E-1 7.54166E-1 7.44221E-1 6.9669E-1 6.70286E-1 7.10411E-1 6.24353E-1 6.86751E-1 7.31668E-1 6.60566E-1 4.83101E-1 4.16548E-1 3.87121E-1 4.21995E-1 4.13896E-1 4.0613E-1 4.45081E-1 5.38751E-1 5.5981E-1 4.97925E-1 5.44454E-1 5.66282E-1 4.8866E-1 4.26376E-1 4.53953E-1 4.87835E-1 5.1844E-1 5.24124E-1 5.6206E-1 5.81732E-1 5.76792E-1 5.70367E-1 5.9188E-1 5.81544E-1 5.78097E-1 5.74394E-1 4.23903E-1 3.77233E-1 3.76974E-1 4.50411E-1 4.69275E-1
7.38576E-1 7.43861E-1 7.57952E-1 7.93796E-1 7.49295E-1 7.22127E-1 7.48462E-1 7.29466E-1 7.53787E-1 7.7448E-1 7.697E-1 7.697E-1 7.704E-1 7.69351E-1 7.75267E-1 7.89854E-1 7.93928E-1 7.91459E-1 7.82051E-1 7.73107E-1 7.72786E-1 7.74912E-1 7.20569E-1 7.49987E-1 6.61536E-1 6.34552E-1 5.52171E-1 7.11021E-1 6.90798E-1 7.0839E-1 6.2054E-1 5.56431E-1 4.04432E-1 4.22616E-1 4.2403E-1 4.16689E-1 4.19899E-1 4.27406E-1 4.28581E-1 5.63311E-1 4.92676E-1 5.19668E-1 5.25542E-1 4.83243E-1 4.88352E-1 5.16663E-1 5.25435E-1 5.33498E-1 5.63879E-1 5.67525E-1 5.83256E-1 5.88089E-1 5.76001E-1 5.85657E-1 5.88014E-1 4.33641E-1 3.95036E-1 3.69429E-1 3.78986E-1 4.66308E-1 4.62947E-1
7.02496E-1 7.30232E-1 7.46218E-1 7.83078E-1 7.99123E-1 7.83413E-1 7.04044E-1 7.73284E-1 7.75002E-1 7.70398E-1 7.65523E-1 7.59516E-1 7.66389E-1 7.65157E-1 7.96153E-1 7.72249E-1 7.66942E-1 7.93321E-1 7.25071E-1 7.77509E-1 7.74518E-1 7.76244E-1 7.61355E-1 7.49605E-1 6.65977E-1 6.78945E-1 6.30369E-1 5.33885E-1 6.27265E-1 6.45003E-1 6.7716E-1 6.19115E-1 5.32569E-1 4.40744E-1 4.21955E-1 4.08652E-1 4.08896E-1 4.23904E-1 4.0397E-1 5.05486E-1 5.3749E-1 4.73278E-1 4.93142E-1 5.13975E-1 4.99601E-1 4.96211E-1 5.22188E-1 5.40652E-1 5.7623E-1 5.92003E-1 6.03187E-1 5.78199E-1 5.53438E-1 6.90392E-1 7.01531E-1 5.79008E-1 4.01443E-1 3.71754E-1 4.569E-1 4.68947E-1 4.63105E-1
7.08696E-1 7.21852E-1 7.31411E-1 7.5503E-1 7.60363E-1 7.80579E-1 7.19544E-1 7.71442E-1 7.62992E-1 7.6163E-1 7.64987E-1 7.44488E-1 7.61813E-1 7.7225E-1 7.92334E-1 7.98333E-1 7.764E-1 7.7716E-1 6.98005E-1 7.65186E-1 7.75424E-1 7.67799E-1 7.63397E-1 7.34662E-1 6.77054E-1 6.7598E-1 6.5943E-1 5.36502E-1 5.35473E-1 5.64337E-1 4.81932E-1 4.78175E-1 5.5655E-1 4.59566E-1 4.37488E-1 4.55519E-1 4.23648E-1 5.53828E-1 5.06485E-1 4.26479E-1 5.46057E-1 4.66996E-1 5.18331E-1 5.21716E-1 5.01874E-1 5.05741E-1 5.22711E-1 5.35024E-1 5.56734E-1 5.81661E-1 6.09847E-1 5.50688E-1 5.6806E-1 6.69875E-1 7.03027E-1 5.77977E-1 3.97279E-1 4.54786E-1 4.73442E-1 4.63687E-1 4.61927E-1
6.91004E-1 7.00329E-1 7.09158E-1 7.28075E-1 7.10033E-1 6.97812E-1 7.14031E-1 7.79483E-1 7.73629E-1 7.72773E-1 7.7193E-1 7.43621E-1 7.59846E-1 7.7103E-1 7.81444E-1 7.94083E-1 7.89734E-1 7.7933E-1 7.11834E-1 7.83393E-1 8.03148E-1 7.71713E-1 7.64318E-1 7.67445E-1 7.2218E-1 7.18808E-1 7.04777E-1 6.43396E-1 6.82421E-1 6.30766E-1 4.70459E-1 5.71317E-1 5.51991E-1 4.59299E-1 4.63227E-1 4.01303E-1 4.34819E-1 5.8008E-1 5.33141E-1 5.28138E-1 5.20407E-1 5.04585E-1 4.91735E-1 5.10365E-1 5.05717E-1 4.71021E-1 4.90607E-1 5.11145E-1 5.42535E-1 5.81554E-1 5.76121E-1 5.50003E-1 5.77886E-1 7.10496E-1 7.01987E-1 5.09266E-1 3.96637E-1 5.01902E-1 5.02238E-1 4.62668E-1 4.64565E-1
6.8112E-1 6.82457E-1 7.07715E-1 7.0754E-1 7.02237E-1 6.71594E-1 7.16993E-1 7.55972E-1 7.73305E-1 7.77134E-1 7.68904E-1 7.63021E-1 7.60715E-1 7.68664E-1 7.65839E-1 7.68904E-1 7.9498E-1 7.84456E-1 7.77112E-1 7.87003E-1 7.76408E-1 7.74944E-1 7.63171E-1 7.63143E-1 7.25748E-1 7.09054E-1 6.92223E-1 6.47443E-1 7.21917E-1 6.85103E-1 4.89582E-1 5.72331E-1 6.06741E-1 5.5372E-1 4.37298E-1 4.21642E-1 4.30086E-1 5.48856E-1 4.81917E-1 5.5209E-1 4.76239E-1 4.91256E-1 5.05595E-1 5.28554E-1 5.3669E-1 4.8764E-1 5.10813E-1 4.8474E-1 5.39082E-1 5.79751E-1 5.84509E-1 5.66839E-1 5.78224E-1 6.88211E-1 7.0986E-1 5.13272E-1 3.99558E-1 5.00565E-1 5.0423E-1 4.89472E-1 4.89789E-1
6.71994E-1 6.80073E-1 6.96357E-1 6.97238E-1 6.99894E-1 6.85227E-1 6.9239E-1 7.47444E-1 7.51773E-1 7.55018E-1 7.59503E-1 7.5528E-1 7.67432E-1 7.71304E-1 7.60769E-1 7.59028E-1 7.60857E-1 7.59643E-1 7.64548E-1 7.86272E-1 7.79147E-1 7.73221E-1 7.6923E-1 7.66954E-1 7.46529E-1 7.45118E-1 6.89657E-1 6.94415E-1 6.90915E-1 7.19288E-1 6.80646E-1 6.56596E-1 6.22788E-1 6.67087E-1 4.6605E-1 4.28913E-1 4.44631E-1 4.47864E-1 5.18536E-1 5.16682E-1 4.88219E-1 4.97282E-1 5.22414E-1 5.31007E-1 5.05365E-1 5.30801E-1 5.33899E-1 5.14449E-1 5.05379E-1 5.49596E-1 5.86619E-1 5.66831E-1 5.70896E-1 6.89213E-1 7.09195E-1 5.30787E-1 3.99706E-1 5.18179E-1 5.04058E-1 4.92974E-1 4.86529E-1
6.62849E-1 6.7294E-1 6.85535E-1 6.95781E-1 6.84551E-1 6.93267E-1 7.01581E-1 7.43699E-1 7.49761E-1 7.5339E-1 7.669E-1 7.6152E-1 7.60633E-1 7.49109E-1 7.6305E-1 7.56535E-1 7.65826E-1 7.53855E-1 7.63999E-1 7.81896E-1 7.82683E-1 7.55068E-1 7.80396E-1 7.66765E-1 7.54344E-1 7.54669E-1 7.10675E-1 7.01129E-1 6.65898E-1 6.40974E-1 6.37656E-1 6.83935E-1 6.46424E-1 6.93254E-1 5.92264E-1 5.42884E-1 4.36553E-1 4.3681E-1 5.48708E-1 5.0566E-1 4.68932E-1 5.23114E-1 5.26366E-1 5.03162E-1 5.22366E-1 5.24294E-1 5.36369E-1 5.27211E-1 5.1E-1 5.83685E-1 5.65545E-1 5.82559E-1 5.87378E-1 6.87402E-1 6.98266E-1 5.07971E-1 4.20066E-1 5.28168E-1 5.03727E-1 4.93034E-1 4.78061E-1
6.81129E-1 6.64828E-1 6.83692E-1 6.94878E-1 6.76247E-1 6.9803E-1 6.82148E-1 7.29654E-1 7.601E-1 7.56864E-1 7.6636E-1 7.57589E-1 7.55973E-1 7.59215E-1 7.51372E-1 7.50238E-1 7.64224E-1 7.54087E-1 7.53243E-1 7.67877E-1 7.48737E-1 7.54599E-1 7.79431E-1 7.7714E-1 7.67662E-1 7.68048E-1 7.57279E-1 7.11531E-1 6.55823E-1 6.48819E-1 6.5637E-1 5.0496E-1 5.71522E-1 6.59547E-1 6.06148E-1 5.3035E-1 5.31454E-1 5.15748E-1 4.88256E-1 5.34935E-1 5.28687E-1 5.1899E-1 5.39372E-1 5.20873E-1 5.43911E-1 5.42161E-1 5.59985E-1 5.05607E-1 5.16341E-1 5.82409E-1 5.80023E-1 5.82019E-1 6.71915E-1 7.17849E-1 6.96753E-1 5.04004E-1 4.21875E-1 4.99356E-1 5.01361E-1 4.93198E-1 4.601E-1
6.61309E-1 6.62655E-1 6.84227E-1 7.04939E-1 7.0402E-1 6.9446E-1 6.75893E-1 7.24043E-1 7.626E-1 7.41118E-1 7.51702E-1 7.53671E-1 7.4971E-1 7.64712E-1 7.53316E-1 7.39425E-1 7.40057E-1 7.43666E-1 7.53461E-1 7.567E-1 7.53949E-1 7.4413E-1 7.37758E-1 7.62474E-1 7.34928E-1 7.73155E-1 7.67433E-1 7.63246E-1 7.23518E-1 7.20379E-1 6.85742E-1 6.16556E-1 5.00791E-1 6.27912E-1 5.8931E-1 5.56718E-1 4.84464E-1 5.3007E-1 4.884E-1 5.36034E-1 5.30139E-1 5.20885E-1 5.35983E-1 5.33234E-1 5.49556E-1 5.56922E-1 5.78943E-1 5.14337E-1 5.42557E-1 5.51356E-1 5.70912E-1 5.98475E-1 6.93418E-1 7.1976E-1 6.97117E-1 5.07225E-1 4.94974E-1 4.90221E-1 4.98787E-1 4.88484E-1 4.80314E-1
