Artocarpus heterophyllus SDM files/MIS19/results (with bias file)/Arthet_4.asc
ncols         625
nrows         721
xllcorner     69.99986311115
yllcorner     5.99986187915
cellsize      0.041666667
NODATA_value  -9999
[rows 432 to 458 of 721, columns 244 to 304 of 625]
6.47633E-1 4.58224E-1 4.43681E-1 4.71199E-1 4.82583E-1 4.92966E-1 4.81267E-1 4.95176E-1 3.63897E-1 5.08725E-1 6.53913E-1 4.85453E-1 4.62824E-1 4.74535E-1 4.69112E-1 4.60967E-1 6.58665E-1 6.68149E-1 6.87246E-1 7.10519E-1 7.1336E-1 6.88954E-1 7.06084E-1 7.31567E-1 7.25601E-1 7.36202E-1 7.45548E-1 7.52799E-1 7.24358E-1 7.21102E-1 7.30201E-1 6.75294E-1 6.77644E-1 6.79829E-1 7.04942E-1 7.02593E-1 7.17559E-1 7.26547E-1 7.10303E-1 7.14791E-1 8.35225E-1 8.63727E-1 8.38883E-1 7.38445E-1 8.07144E-1 7.1259E-1 7.03472E-1 8.36679E-1 7.45396E-1 7.045E-1 7.46509E-1 5.62749E-1 5.42435E-1 6.425E-1 7.34217E-1 7.63671E-1 7.89203E-1 7.08275E-1 7.72351E-1 7.48953E-1 5.47705E-1
4.86865E-1 6.53843E-1 3.21771E-1 4.66951E-1 4.67479E-1 6.7707E-1 5.02866E-1 5.06811E-1 5.11467E-1 4.5071E-1 6.77911E-1 5.15755E-1 4.9966E-1 4.75953E-1 4.75253E-1 4.71818E-1 6.58078E-1 6.54149E-1 6.82587E-1 7.03077E-1 6.88745E-1 6.84138E-1 7.02913E-1 6.95799E-1 7.24403E-1 7.30699E-1 7.58532E-1 7.10092E-1 7.18534E-1 7.32852E-1 7.27496E-1 6.6995E-1 6.79128E-1 6.86214E-1 7.04206E-1 7.07168E-1 6.98843E-1 7.01027E-1 7.17789E-1 7.46954E-1 7.62489E-1 7.50102E-1 7.58496E-1 8.604E-1 8.39732E-1 8.44082E-1 8.66734E-1 7.04574E-1 7.2587E-1 7.04265E-1 7.83268E-1 7.45194E-1 5.50462E-1 4.2902E-1 5.59339E-1 7.01139E-1 7.75877E-1 7.54438E-1 7.30258E-1 5.50483E-1 4.76595E-1
6.69609E-1 6.70819E-1 4.89433E-1 4.42701E-1 6.03898E-1 6.72716E-1 4.96432E-1 4.87808E-1 4.98808E-1 5.11911E-1 6.90096E-1 5.17878E-1 5.1689E-1 4.52279E-1 4.7334E-1 6.71046E-1 7.11505E-1 6.57209E-1 6.72279E-1 6.81135E-1 6.83084E-1 6.78665E-1 6.83592E-1 6.63524E-1 7.12174E-1 7.43671E-1 7.23583E-1 7.3274E-1 7.02514E-1 7.23054E-1 6.72999E-1 6.65551E-1 6.74079E-1 6.88325E-1 6.90856E-1 7.13223E-1 6.93308E-1 7.79975E-1 7.74258E-1 7.30508E-1 7.73313E-1 7.87946E-1 6.85345E-1 7.20298E-1 7.35712E-1 8.38006E-1 8.82445E-1 7.44403E-1 6.61094E-1 5.99396E-1 7.19454E-1 7.58051E-1 6.14792E-1 4.56079E-1 5.71876E-1 7.40716E-1 7.87423E-1 7.62573E-1 7.1825E-1 5.55863E-1 4.85458E-1
6.6693E-1 6.69969E-1 5.0429E-1 4.30794E-1 4.66866E-1 6.17172E-1 4.90755E-1 5.01702E-1 4.92151E-1 4.94004E-1 4.98983E-1 5.13474E-1 5.28004E-1 4.89778E-1 5.16368E-1 4.89994E-1 6.99404E-1 6.63208E-1 6.66427E-1 6.70932E-1 6.81241E-1 6.9677E-1 6.99704E-1 7.24532E-1 7.20637E-1 6.98555E-1 7.14964E-1 7.44137E-1 7.23386E-1 6.59811E-1 6.58077E-1 6.57635E-1 6.71922E-1 6.8758E-1 6.8081E-1 7.01006E-1 7.13613E-1 7.32424E-1 7.11131E-1 7.4105E-1 8.33275E-1 8.43585E-1 7.14751E-1 7.05947E-1 8.3259E-1 7.53934E-1 8.91171E-1 7.53499E-1 6.34788E-1 5.3542E-1 7.50511E-1 7.34126E-1 4.94553E-1 5.96508E-1 4.85881E-1 7.09772E-1 7.50143E-1 7.63324E-1 6.12362E-1 5.40184E-1 4.06089E-1
6.59291E-1 6.73429E-1 5.13777E-1 4.73572E-1 4.81503E-1 4.6848E-1 6.18486E-1 4.84872E-1 5.13568E-1 4.98939E-1 4.95267E-1 4.98816E-1 5.39655E-1 4.82035E-1 5.26644E-1 4.73534E-1 4.60647E-1 6.72482E-1 6.77156E-1 6.83452E-1 6.90603E-1 7.01978E-1 7.19644E-1 7.1893E-1 6.96991E-1 7.15072E-1 7.28922E-1 7.24796E-1 7.27002E-1 6.61221E-1 6.66833E-1 6.63443E-1 6.96E-1 6.78357E-1 6.8049E-1 6.82673E-1 6.94092E-1 7.12685E-1 8.38482E-1 7.71387E-1 8.36844E-1 8.90486E-1 7.94431E-1 8.07275E-1 8.8148E-1 8.8394E-1 7.53229E-1 7.78067E-1 7.01337E-1 6.62795E-1 5.42246E-1 7.42362E-1 6.60967E-1 5.52719E-1 5.07291E-1 4.78062E-1 7.1016E-1 6.7591E-1 6.22928E-1 6.34102E-1 4.96664E-1
6.67085E-1 6.75089E-1 5.1433E-1 4.54532E-1 4.60679E-1 4.47963E-1 5.93376E-1 6.13417E-1 5.10234E-1 4.89413E-1 4.9203E-1 5.14183E-1 5.12374E-1 5.38342E-1 4.66314E-1 4.38863E-1 4.6192E-1 6.84066E-1 6.85898E-1 6.96698E-1 6.93604E-1 7.02449E-1 7.23858E-1 6.93222E-1 6.81896E-1 6.7909E-1 7.08101E-1 7.14977E-1 6.6874E-1 6.47734E-1 6.64723E-1 6.73644E-1 6.6375E-1 6.74973E-1 6.95049E-1 6.69647E-1 7.57434E-1 8.38235E-1 8.71333E-1 8.70356E-1 8.79972E-1 7.26677E-1 8.40717E-1 7.36932E-1 6.4908E-1 7.15417E-1 7.17564E-1 7.571E-1 7.32732E-1 7.61778E-1 5.88776E-1 7.10539E-1 7.59374E-1 7.45311E-1 7.16065E-1 6.046E-1 6.73868E-1 4.67581E-1 6.75822E-1 4.59529E-1 5.89642E-1
4.81154E-1 4.77266E-1 5.32603E-1 4.9358E-1 4.31575E-1 4.67452E-1 4.31475E-1 6.08418E-1 6.70513E-1 4.67947E-1 4.99554E-1 5.14376E-1 5.08236E-1 5.56572E-1 4.73464E-1 4.65903E-1 4.4304E-1 4.93016E-1 6.85873E-1 6.83669E-1 6.98172E-1 7.23992E-1 7.31496E-1 6.79762E-1 6.80777E-1 7.03893E-1 7.1193E-1 7.36452E-1 6.8985E-1 6.57007E-1 6.5572E-1 6.68872E-1 6.90248E-1 6.84797E-1 6.91484E-1 7.87473E-1 7.86925E-1 8.6823E-1 8.29175E-1 8.33067E-1 8.64879E-1 8.31974E-1 8.85419E-1 7.00309E-1 6.68643E-1 8.13814E-1 8.76161E-1 7.21571E-1 7.30651E-1 7.62428E-1 7.49622E-1 7.00128E-1 4.04938E-1 6.21549E-1 7.59433E-1 7.00013E-1 4.48941E-1 3.95028E-1 4.85045E-1 5.33456E-1 3.87979E-1
4.64841E-1 4.81614E-1 4.88233E-1 4.56954E-1 4.95968E-1 4.75664E-1 4.97825E-1 6.41055E-1 5.24608E-1 4.59751E-1 4.48948E-1 4.88997E-1 5.37292E-1 5.55315E-1 4.67507E-1 4.87635E-1 4.85856E-1 4.76821E-1 5.08496E-1 5.22685E-1 5.19517E-1 5.26465E-1 7.14127E-1 6.81658E-1 6.78851E-1 7.01699E-1 7.81834E-1 7.74199E-1 6.49718E-1 6.48352E-1 6.61305E-1 6.73836E-1 6.62857E-1 6.64324E-1 7.00145E-1 7.18259E-1 8.37161E-1 8.45549E-1 8.54134E-1 8.18168E-1 8.22278E-1 7.26597E-1 7.46006E-1 5.89676E-1 6.83432E-1 6.69606E-1 7.14228E-1 7.60787E-1 6.42899E-1 7.25101E-1 7.25146E-1 6.94306E-1 4.38363E-1 5.02823E-1 7.59653E-1 6.50354E-1 5.37928E-1 3.88284E-1 4.79596E-1 4.37103E-1 3.65888E-1
4.90817E-1 4.79577E-1 4.76518E-1 4.9801E-1 4.92955E-1 4.81162E-1 4.19623E-1 4.90591E-1 5.43554E-1 5.21122E-1 5.41027E-1 4.48491E-1 5.04018E-1 5.42592E-1 4.88073E-1 4.77837E-1 4.84301E-1 4.93335E-1 5.06134E-1 5.13095E-1 5.09168E-1 5.08066E-1 6.99652E-1 7.02629E-1 7.31653E-1 7.47876E-1 7.86647E-1 6.44915E-1 6.52275E-1 6.43438E-1 6.63399E-1 6.68284E-1 6.92256E-1 7.02706E-1 7.27723E-1 8.28057E-1 8.52329E-1 7.88653E-1 8.00773E-1 8.61138E-1 8.72985E-1 7.54639E-1 5.40099E-1 6.92735E-1 7.40193E-1 6.88865E-1 7.09945E-1 7.64258E-1 5.67052E-1 5.85871E-1 7.24613E-1 4.926E-1 3.62848E-1 5.18801E-1 5.47919E-1 4.33582E-1 4.7135E-1 3.70219E-1 3.82487E-1 4.43563E-1 3.80216E-1
4.66039E-1 4.7845E-1 4.8614E-1 5.02157E-1 5.08239E-1 4.86752E-1 4.30295E-1 6.78641E-1 4.68801E-1 5.0862E-1 5.37722E-1 4.64186E-1 4.51238E-1 4.73891E-1 5.02139E-1 4.72513E-1 4.5955E-1 4.78727E-1 4.89336E-1 4.94815E-1 5.05038E-1 5.10499E-1 5.07533E-1 7.08948E-1 7.34773E-1 7.58017E-1 7.52728E-1 6.95065E-1 6.48241E-1 6.53762E-1 6.72264E-1 7.60583E-1 7.61241E-1 7.4759E-1 8.41329E-1 8.25341E-1 8.16014E-1 8.22696E-1 8.46405E-1 8.60935E-1 8.65287E-1 7.3732E-1 6.15064E-1 6.9839E-1 7.11115E-1 7.5893E-1 6.75748E-1 6.83617E-1 4.01399E-1 4.86673E-1 6.79714E-1 6.65237E-1 4.23768E-1 4.4133E-1 3.25604E-1 5.19119E-1 5.04239E-1 3.81636E-1 3.31652E-1 3.92565E-1 3.72944E-1
5.03919E-1 4.84314E-1 4.97856E-1 4.93354E-1 5.25377E-1 5.15939E-1 6.06925E-1 6.72138E-1 4.61302E-1 4.87704E-1 5.21885E-1 4.94593E-1 6.61572E-1 5.37886E-1 4.49222E-1 4.52422E-1 4.907E-1 5.05288E-1 5.1349E-1 5.23186E-1 6.90589E-1 6.9893E-1 5.03906E-1 7.13832E-1 7.2132E-1 7.30294E-1 7.00321E-1 6.87392E-1 6.89591E-1 7.11417E-1 7.32763E-1 7.89898E-1 7.6076E-1 7.99299E-1 8.09384E-1 8.12581E-1 8.26248E-1 8.20595E-1 8.68673E-1 8.80789E-1 6.92042E-1 5.40859E-1 5.46169E-1 6.39072E-1 8.42003E-1 7.23251E-1 7.19009E-1 5.67434E-1 4.09246E-1 5.11578E-1 6.24702E-1 6.03107E-1 3.92271E-1 3.40542E-1 3.66507E-1 3.8476E-1 5.31581E-1 4.45865E-1 3.6194E-1 3.45557E-1 3.24508E-1
5.08937E-1 4.41534E-1 6.73776E-1 5.11344E-1 7.17478E-1 7.3057E-1 6.12009E-1 6.09462E-1 6.27014E-1 6.35294E-1 6.80014E-1 6.88625E-1 6.765E-1 5.41009E-1 4.59365E-1 5.1807E-1 5.14593E-1 4.94562E-1 5.22254E-1 7.44635E-1 7.24308E-1 7.28627E-1 5.34558E-1 6.96599E-1 7.12839E-1 7.25471E-1 6.88074E-1 6.90045E-1 7.01069E-1 7.08108E-1 7.31413E-1 7.80315E-1 7.81493E-1 8.27385E-1 7.73285E-1 8.12203E-1 8.55758E-1 8.22109E-1 6.58657E-1 7.11646E-1 6.41966E-1 5.14388E-1 4.88157E-1 5.43249E-1 5.99263E-1 5.96129E-1 7.15811E-1 5.45222E-1 3.86325E-1 5.26065E-1 5.04937E-1 6.15889E-1 5.20214E-1 5.39152E-1 3.53473E-1 3.37565E-1 4.87634E-1 4.96174E-1 4.30689E-1 4.1011E-1 3.08631E-1
5.13126E-1 4.57615E-1 6.76821E-1 7.08958E-1 7.08658E-1 7.02389E-1 6.06585E-1 6.48093E-1 6.4482E-1 4.48211E-1 6.30492E-1 6.72507E-1 5.34023E-1 5.52957E-1 4.74716E-1 5.22985E-1 4.29574E-1 5.12489E-1 7.09575E-1 5.31953E-1 5.57461E-1 5.85063E-1 5.42194E-1 6.31254E-1 7.16717E-1 7.17677E-1 6.81556E-1 7.46504E-1 7.5993E-1 7.48693E-1 7.52091E-1 8.12103E-1 7.8509E-1 7.91689E-1 7.98517E-1 8.31163E-1 6.79711E-1 7.51957E-1 8.33194E-1 8.15703E-1 6.06841E-1 5.65503E-1 6.17559E-1 7.23778E-1 5.93022E-1 6.13754E-1 7.04851E-1 5.50995E-1 4.13302E-1 4.28858E-1 5.39705E-1 6.28454E-1 5.78767E-1 4.32102E-1 3.54039E-1 3.21284E-1 3.74224E-1 5.0515E-1 5.11808E-1 4.3784E-1 4.43951E-1
6.86428E-1 6.4853E-1 6.91896E-1 6.9978E-1 7.18979E-1 6.41834E-1 7.29107E-1 5.73613E-1 5.95789E-1 5.83511E-1 6.55818E-1 5.47084E-1 6.86186E-1 5.53595E-1 4.86519E-1 4.44672E-1 4.89021E-1 6.98074E-1 7.05181E-1 5.21511E-1 5.8622E-1 6.02409E-1 4.90108E-1 6.41177E-1 6.96299E-1 6.91964E-1 7.12868E-1 7.14745E-1 7.17811E-1 7.2274E-1 7.65131E-1 7.73183E-1 7.90802E-1 7.95622E-1 8.06511E-1 8.39034E-1 6.72725E-1 5.33453E-1 6.48912E-1 6.90301E-1 6.69243E-1 5.67436E-1 5.30134E-1 6.91528E-1 4.88808E-1 6.93865E-1 5.17214E-1 4.34666E-1 5.97201E-1 5.45804E-1 5.81254E-1 5.5297E-1 4.41239E-1 4.81441E-1 3.06254E-1 3.02691E-1 3.22626E-1 3.93886E-1 4.2103E-1 5.03518E-1 4.92434E-1
6.47589E-1 6.84562E-1 6.85336E-1 7.15178E-1 7.16222E-1 7.31645E-1 4.62923E-1 5.81565E-1 6.2098E-1 6.20277E-1 6.71208E-1 5.3526E-1 5.16905E-1 5.69263E-1 4.55824E-1 4.87716E-1 6.57094E-1 7.14933E-1 7.10277E-1 5.53644E-1 5.78755E-1 4.40086E-1 6.83034E-1 7.1665E-1 7.1958E-1 7.53107E-1 7.39524E-1 7.30945E-1 7.50707E-1 7.4081E-1 7.30889E-1 8.07152E-1 7.43556E-1 6.6173E-1 6.14E-1 6.57788E-1 6.83112E-1 5.13506E-1 4.71517E-1 6.752E-1 6.45313E-1 5.18348E-1 6.67914E-1 6.79479E-1 4.34048E-1 6.91451E-1 5.48577E-1 3.82387E-1 4.14018E-1 4.49608E-1 6.20146E-1 5.24985E-1 4.24667E-1 3.82875E-1 4.29349E-1 3.20344E-1 2.98859E-1 4.22707E-1 3.86298E-1 3.66533E-1 4.57739E-1
6.35118E-1 6.95837E-1 6.75019E-1 6.60735E-1 4.8539E-1 5.27943E-1 7.25713E-1 6.52007E-1 6.56953E-1 6.58967E-1 6.26495E-1 6.7536E-1 5.23656E-1 5.42516E-1 7.24895E-1 5.51934E-1 7.29531E-1 7.23296E-1 5.5969E-1 5.71215E-1 4.76333E-1 6.33183E-1 6.40161E-1 6.42705E-1 7.465E-1 7.48231E-1 7.41498E-1 7.66694E-1 7.92443E-1 6.19612E-1 8.02254E-1 6.81932E-1 5.4847E-1 4.55485E-1 6.64311E-1 6.4096E-1 6.47064E-1 6.48848E-1 4.69995E-1 7.66029E-1 6.22547E-1 4.75816E-1 5.30647E-1 6.48911E-1 4.66568E-1 5.39169E-1 4.43124E-1 5.92151E-1 3.82953E-1 6.15329E-1 5.50774E-1 4.14466E-1 3.14091E-1 3.50739E-1 4.98423E-1 5.09239E-1 3.32697E-1 4.72905E-1 3.47003E-1 3.59386E-1 3.67669E-1
6.55549E-1 7.22354E-1 7.02508E-1 6.0679E-1 5.91948E-1 6.45086E-1 7.14036E-1 7.14724E-1 6.97114E-1 7.42917E-1 6.68527E-1 4.36027E-1 4.67637E-1 7.09859E-1 7.27553E-1 5.41573E-1 5.72596E-1 5.63831E-1 5.49964E-1 5.62092E-1 5.97345E-1 7.45235E-1 6.88832E-1 6.44963E-1 6.65332E-1 7.4543E-1 7.41323E-1 5.69056E-1 5.91965E-1 5.98289E-1 6.47109E-1 5.64656E-1 6.44103E-1 5.57875E-1 3.92645E-1 6.48452E-1 6.72041E-1 5.1914E-1 5.93837E-1 6.45679E-1 6.51285E-1 4.76199E-1 6.47795E-1 5.63162E-1 5.63565E-1 3.43998E-1 4.00868E-1 4.81207E-1 5.09979E-1 4.86842E-1 5.63942E-1 4.5413E-1 3.34077E-1 3.33651E-1 4.78098E-1 4.35073E-1 3.41184E-1 3.36515E-1 3.62664E-1 4.52038E-1 3.69497E-1
7.04973E-1 6.99113E-1 6.80792E-1 5.49029E-1 3.99777E-1 6.29039E-1 4.97012E-1 6.98475E-1 5.4145E-1 5.91655E-1 5.6222E-1 4.20574E-1 4.0196E-1 5.20473E-1 5.62733E-1 5.58883E-1 5.40074E-1 5.197E-1 5.39457E-1 5.7689E-1 5.1845E-1 5.04539E-1 5.55433E-1 5.67228E-1 6.75906E-1 7.49405E-1 7.55564E-1 5.70354E-1 5.75827E-1 6.13526E-1 6.51195E-1 6.28646E-1 6.58104E-1 6.12524E-1 5.36877E-1 4.04352E-1 4.95339E-1 6.38259E-1 6.54845E-1 6.25794E-1 5.05485E-1 4.92207E-1 7.61843E-1 5.81506E-1 3.82228E-1 3.75993E-1 3.45642E-1 5.40146E-1 4.13715E-1 3.7235E-1 5.06057E-1 5.14603E-1 3.08002E-1 4.01593E-1 4.30771E-1 4.53945E-1 3.71398E-1 3.44903E-1 3.41799E-1 3.58454E-1 3.52715E-1
7.04202E-1 6.66664E-1 6.2747E-1 4.49126E-1 4.33494E-1 6.3335E-1 4.72494E-1 5.14499E-1 5.79831E-1 4.53193E-1 4.2474E-1 4.14283E-1 4.60279E-1 4.99791E-1 5.35367E-1 5.53739E-1 4.79587E-1 5.16097E-1 5.53356E-1 5.62956E-1 5.135E-1 7.20084E-1 6.93422E-1 7.27891E-1 5.31966E-1 7.46354E-1 5.82674E-1 5.78358E-1 5.81521E-1 6.25738E-1 6.0373E-1 6.38063E-1 5.41924E-1 6.24896E-1 6.20369E-1 4.18297E-1 6.29189E-1 6.57578E-1 4.95656E-1 5.24659E-1 4.67637E-1 6.90359E-1 6.02855E-1 5.68846E-1 3.93919E-1 4.09746E-1 3.47319E-1 3.75582E-1 4.1508E-1 3.76158E-1 4.16068E-1 5.29867E-1 3.98696E-1 3.518E-1 3.52183E-1 3.52297E-1 3.65726E-1 3.59898E-1 3.54993E-1 -9999 -9999
6.71863E-1 7.20193E-1 6.28297E-1 6.03754E-1 5.96807E-1 6.41502E-1 4.63514E-1 4.52374E-1 4.9103E-1 4.98602E-1 4.84973E-1 4.75274E-1 5.16678E-1 4.70923E-1 5.2375E-1 5.43961E-1 4.95042E-1 5.39408E-1 5.47812E-1 5.64229E-1 5.19881E-1 5.70907E-1 5.24186E-1 5.26877E-1 5.68539E-1 4.94784E-1 5.73966E-1 5.86028E-1 5.98434E-1 6.14098E-1 6.24596E-1 6.48806E-1 4.73414E-1 4.91499E-1 4.37925E-1 4.38235E-1 5.84157E-1 5.78701E-1 5.07206E-1 4.82014E-1 5.1888E-1 5.74104E-1 5.0834E-1 5.28635E-1 4.21626E-1 3.63514E-1 3.57734E-1 3.84907E-1 3.89753E-1 3.88408E-1 3.92327E-1 4.32758E-1 4.16513E-1 3.62157E-1 3.61902E-1 3.74878E-1 3.6781E-1 3.62081E-1 -9999 -9999 -9999
6.52921E-1 6.91372E-1 6.53176E-1 6.02101E-1 5.91231E-1 4.37194E-1 6.27993E-1 4.88458E-1 5.05962E-1 5.23805E-1 4.48104E-1 4.89366E-1 4.93841E-1 6.46183E-1 7.13375E-1 5.43822E-1 4.87246E-1 5.44203E-1 5.3836E-1 4.61542E-1 5.7579E-1 4.99097E-1 4.91506E-1 4.94941E-1 5.69465E-1 5.02065E-1 5.57326E-1 5.88209E-1 6.00493E-1 5.93043E-1 6.33403E-1 5.62631E-1 5.05325E-1 5.03509E-1 4.6661E-1 4.47986E-1 4.89111E-1 4.66389E-1 5.39438E-1 4.83593E-1 5.0066E-1 4.89329E-1 5.25609E-1 5.01062E-1 3.97645E-1 3.84691E-1 3.73039E-1 3.88453E-1 3.80298E-1 3.79985E-1 3.67989E-1 3.77316E-1 3.71234E-1 3.58746E-1 3.78039E-1 3.69784E-1 -9999 -9999 -9999 -9999 -9999
6.06169E-1 6.59546E-1 6.71536E-1 6.20251E-1 5.83895E-1 6.01126E-1 6.3993E-1 4.80468E-1 5.02296E-1 4.88472E-1 4.44519E-1 6.58539E-1 6.55718E-1 6.89918E-1 5.40911E-1 4.90589E-1 4.81397E-1 5.52717E-1 5.37963E-1 5.90435E-1 7.13208E-1 5.39221E-1 4.54266E-1 4.7409E-1 4.97618E-1 5.49247E-1 5.88859E-1 5.31085E-1 5.82833E-1 5.79795E-1 6.13048E-1 5.44646E-1 4.62082E-1 4.87889E-1 5.31702E-1 4.69211E-1 4.78512E-1 4.90076E-1 4.67477E-1 4.67751E-1 6.03939E-1 4.58422E-1 4.75318E-1 4.21063E-1 3.70146E-1 3.54101E-1 3.55075E-1 3.69433E-1 3.7154E-1 3.72532E-1 3.63529E-1 3.6105E-1 3.6421E-1 3.83692E-1 3.68826E-1 -9999 -9999 -9999 -9999 -9999 -9999
5.7619E-1 6.69797E-1 6.45965E-1 6.13098E-1 5.93076E-1 5.92663E-1 6.22108E-1 5.00571E-1 5.05833E-1 4.2884E-1 4.41675E-1 6.61813E-1 6.9068E-1 6.88841E-1 5.26074E-1 4.85921E-1 4.40799E-1 6.54169E-1 6.38874E-1 6.51947E-1 6.94352E-1 6.59472E-1 6.55014E-1 6.91477E-1 6.35449E-1 4.65326E-1 5.37722E-1 5.18696E-1 5.15646E-1 5.55028E-1 5.67649E-1 5.95493E-1 5.33241E-1 4.73555E-1 4.41651E-1 4.62485E-1 4.7503E-1 4.77397E-1 4.76134E-1 6.51716E-1 6.5423E-1 5.69188E-1 5.67768E-1 3.92121E-1 4.13656E-1 4.12133E-1 3.70952E-1 3.36651E-1 3.56185E-1 3.76105E-1 3.82511E-1 3.77416E-1 3.71847E-1 3.71806E-1 -9999 -9999 -9999 -9999 -9999 -9999 -9999
5.9576E-1 6.77529E-1 6.38851E-1 5.7541E-1 5.68679E-1 6.19686E-1 6.70862E-1 4.88804E-1 4.57601E-1 4.05957E-1 6.45496E-1 6.68131E-1 6.83589E-1 7.07385E-1 5.24065E-1 4.99194E-1 6.26878E-1 6.14041E-1 6.31004E-1 6.97433E-1 5.71362E-1 5.81238E-1 4.84616E-1 5.25056E-1 4.66721E-1 4.22372E-1 5.93219E-1 4.49753E-1 4.7012E-1 4.89167E-1 5.51691E-1 5.72286E-1 6.2719E-1 5.32874E-1 4.34335E-1 4.31004E-1 4.64665E-1 4.47864E-1 4.161E-1 6.44957E-1 6.98031E-1 4.38356E-1 3.94486E-1 3.42669E-1 3.79567E-1 4.47393E-1 3.78753E-1 4.08799E-1 3.55718E-1 3.6689E-1 3.77279E-1 3.7495E-1 3.67539E-1 -9999 -9999 -9999 -9999 -9999 -9999 -9999 -9999
5.51441E-1 6.55137E-1 6.23782E-1 5.65021E-1 5.7584E-1 6.7666E-1 6.86188E-1 4.64581E-1 5.95416E-1 5.73299E-1 6.23107E-1 6.74489E-1 5.28228E-1 4.78676E-1 4.87136E-1 6.54806E-1 6.22281E-1 4.22506E-1 6.1414E-1 6.91831E-1 5.01205E-1 5.18279E-1 4.71598E-1 5.68245E-1 4.96338E-1 4.34761E-1 6.51264E-1 6.87173E-1 5.30118E-1 4.11517E-1 5.30169E-1 4.97241E-1 5.06074E-1 5.5093E-1 5.55135E-1 4.38389E-1 4.27721E-1 4.24445E-1 4.12637E-1 5.01471E-1 5.10923E-1 4.91923E-1 4.34913E-1 3.74604E-1 3.4729E-1 3.84039E-1 3.75105E-1 3.61445E-1 3.6332E-1 3.86441E-1 3.8531E-1 3.70894E-1 -9999 -9999 -9999 -9999 -9999 -9999 -9999 -9999 -9999
4.05385E-1 5.65347E-1 6.46294E-1 5.59744E-1 5.89681E-1 6.69645E-1 6.60933E-1 6.14765E-1 5.76074E-1 7.00492E-1 5.79052E-1 4.34471E-1 6.14551E-1 6.24916E-1 6.50217E-1 6.74211E-1 4.77153E-1 4.6367E-1 5.74384E-1 7.11147E-1 5.21484E-1 4.28846E-1 5.93224E-1 7.03218E-1 5.88815E-1 4.73716E-1 4.91325E-1 5.88233E-1 5.22059E-1 4.43708E-1 4.16019E-1 4.33598E-1 4.29876E-1 5.76299E-1 5.93138E-1 4.73539E-1 4.24884E-1 3.85623E-1 3.7914E-1 4.28158E-1 4.46727E-1 4.33058E-1 4.13575E-1 3.65676E-1 3.74808E-1 3.57285E-1 3.50878E-1 3.62051E-1 3.78407E-1 3.93184E-1 3.80969E-1 3.79996E-1 3.88264E-1 -9999 -9999 -9999 -9999 -9999 -9999 -9999 -9999
5.4211E-1 4.21353E-1 5.79437E-1 6.12398E-1 5.70666E-1 6.26201E-1 6.48095E-1 5.86755E-1 6.26921E-1 7.39086E-1 5.69764E-1 5.90502E-1 5.69108E-1 6.025E-1 6.71133E-1 7.43975E-1 6.13977E-1 4.28331E-1 4.22473E-1 6.0577E-1 6.46345E-1 5.17685E-1 3.94133E-1 4.77267E-1 5.50307E-1 4.55344E-1 4.75441E-1 5.21352E-1 4.97887E-1 4.3509E-1 4.31944E-1 4.43097E-1 4.34626E-1 4.38049E-1 5.08351E-1 4.54752E-1 3.99596E-1 3.87183E-1 5.55612E-1 3.91263E-1 5.58453E-1 3.77212E-1 3.71039E-1 3.50125E-1 3.48326E-1 3.63267E-1 3.62965E-1 3.69779E-1 3.71424E-1 3.83203E-1 3.69578E-1 -9999 3.81203E-1 -9999 -9999 -9999 -9999 -9999 -9999 -9999 -9999
