Artocarpus heterophyllus SDM files/MIS19/results (with bias file)/Arthet_7.asc
ncols         625
nrows         721
xllcorner     69.99986311115
yllcorner     5.99986187915
cellsize      0.041666667
NODATA_value  -9999
[rows 351 to 377 of 721, columns 244 to 304 of 625]
5.17439E-1 5.41643E-1 5.39118E-1 5.31322E-1 5.34855E-1 5.5942E-1 4.50277E-1 4.05262E-1 4.08086E-1 4.20304E-1 4.55636E-1 3.71198E-1 5.72504E-1 5.88347E-1 4.04067E-1 4.06299E-1 4.02578E-1 4.1105E-1 4.0666E-1 3.3764E-1 3.44458E-1 3.42032E-1 3.38217E-1 3.38056E-1 3.33459E-1 3.31594E-1 3.3464E-1 3.34201E-1 5.11481E-1 5.17771E-1 5.18331E-1 5.13835E-1 5.11082E-1 5.06346E-1 5.01086E-1 5.01988E-1 5.04168E-1 5.00853E-1 4.98709E-1 4.97078E-1 5.03759E-1 5.0794E-1 5.00185E-1 5.01494E-1 4.92148E-1 4.9234E-1 4.91773E-1 4.91556E-1 4.86018E-1 4.99611E-1 5.31883E-1 5.42741E-1 4.99759E-1 4.7459E-1 4.84403E-1 4.94071E-1 6.98692E-1 5.48051E-1 4.95341E-1 4.81177E-1 6.71519E-1
5.38239E-1 5.67592E-1 5.7486E-1 5.49028E-1 5.71138E-1 4.45371E-1 4.46925E-1 4.07263E-1 4.2004E-1 4.1762E-1 4.51046E-1 5.72613E-1 5.58287E-1 5.53574E-1 4.26531E-1 4.17238E-1 4.16263E-1 4.11799E-1 4.11666E-1 3.48307E-1 3.43324E-1 3.39159E-1 3.39668E-1 3.40314E-1 3.35057E-1 3.33129E-1 3.31797E-1 3.2442E-1 3.32339E-1 5.21675E-1 5.15805E-1 5.13627E-1 5.12133E-1 5.09206E-1 5.03143E-1 5.03845E-1 5.11345E-1 5.00796E-1 5.00983E-1 4.98235E-1 5.01161E-1 5.02923E-1 5.03406E-1 4.96357E-1 4.99395E-1 4.99337E-1 4.95862E-1 4.89941E-1 4.92661E-1 5.19298E-1 5.33968E-1 5.31713E-1 5.23562E-1 4.89548E-1 4.90463E-1 4.91298E-1 4.85898E-1 6.69899E-1 4.98581E-1 4.90814E-1 6.79675E-1
5.7691E-1 5.66446E-1 5.99336E-1 5.86865E-1 5.70523E-1 4.43284E-1 4.02454E-1 4.24083E-1 4.22484E-1 4.43058E-1 3.64094E-1 4.23422E-1 3.63393E-1 5.66581E-1 4.30814E-1 4.17204E-1 4.18647E-1 4.12527E-1 3.38214E-1 3.3679E-1 3.39246E-1 3.34592E-1 3.32533E-1 3.38525E-1 3.36314E-1 3.28757E-1 3.31151E-1 3.26953E-1 3.34501E-1 5.22608E-1 5.16222E-1 5.1032E-1 5.06109E-1 5.02878E-1 5.10704E-1 5.08065E-1 5.04566E-1 5.08803E-1 5.02916E-1 5.029E-1 5.02691E-1 5.06613E-1 4.98141E-1 4.96017E-1 4.97905E-1 4.99888E-1 5.01359E-1 4.94771E-1 5.19449E-1 5.2136E-1 5.33325E-1 5.02233E-1 5.27018E-1 5.13969E-1 4.93368E-1 4.97267E-1 5.04935E-1 4.96983E-1 5.00731E-1 4.98068E-1 5.11664E-1
5.96434E-1 6.00282E-1 6.07569E-1 6.01979E-1 5.75232E-1 4.46736E-1 4.01524E-1 4.02403E-1 4.34321E-1 4.35838E-1 4.33299E-1 3.64793E-1 5.64153E-1 3.56933E-1 4.037E-1 3.99413E-1 4.17403E-1 4.10562E-1 3.38272E-1 3.42472E-1 3.44656E-1 3.37578E-1 3.3744E-1 3.35832E-1 3.28588E-1 3.29235E-1 3.28439E-1 3.27594E-1 3.28708E-1 5.2451E-1 5.10113E-1 5.05419E-1 5.05627E-1 5.07534E-1 5.15237E-1 5.10704E-1 5.05582E-1 5.11977E-1 5.16291E-1 5.10677E-1 5.0618E-1 5.08423E-1 5.06859E-1 5.05144E-1 5.05533E-1 4.97962E-1 5.03769E-1 5.00945E-1 5.28803E-1 5.26223E-1 5.19014E-1 5.06876E-1 5.18405E-1 5.11227E-1 5.09627E-1 4.98321E-1 5.06165E-1 5.07843E-1 5.04617E-1 5.03418E-1 5.15259E-1
5.94829E-1 6.14809E-1 6.18717E-1 6.14809E-1 5.9046E-1 4.48791E-1 4.00455E-1 4.19113E-1 4.39447E-1 4.32791E-1 4.0231E-1 4.11378E-1 3.95708E-1 3.98029E-1 4.0186E-1 4.0206E-1 4.07126E-1 3.37626E-1 3.38754E-1 3.42432E-1 3.40304E-1 3.41252E-1 3.39348E-1 3.37E-1 4.03018E-1 3.98557E-1 3.28592E-1 3.28711E-1 3.31787E-1 3.34501E-1 5.15712E-1 5.14311E-1 5.04644E-1 5.0081E-1 5.07416E-1 5.21989E-1 5.08489E-1 5.10092E-1 5.14937E-1 5.14309E-1 5.04411E-1 5.05601E-1 5.00357E-1 5.02861E-1 5.02499E-1 5.03807E-1 5.13015E-1 5.087E-1 5.22463E-1 5.34739E-1 5.17207E-1 5.19106E-1 5.29832E-1 5.13501E-1 5.07459E-1 5.07209E-1 5.0947E-1 5.25026E-1 5.10015E-1 5.12226E-1 5.22513E-1
6.00013E-1 6.2688E-1 6.24181E-1 6.28362E-1 5.83842E-1 4.00477E-1 4.24325E-1 4.21281E-1 4.47777E-1 3.62191E-1 4.05734E-1 3.99292E-1 3.96992E-1 4.00483E-1 4.10013E-1 4.05818E-1 4.10481E-1 3.35646E-1 3.34492E-1 3.32021E-1 3.33536E-1 3.3746E-1 3.38877E-1 3.40163E-1 4.06498E-1 3.98359E-1 3.27594E-1 3.34961E-1 3.32429E-1 3.34929E-1 5.11495E-1 5.10209E-1 5.0915E-1 5.09928E-1 5.01585E-1 5.07416E-1 5.13365E-1 5.18328E-1 5.20471E-1 5.06171E-1 5.07323E-1 5.12497E-1 5.09E-1 5.09531E-1 5.0626E-1 5.10258E-1 5.07067E-1 5.15375E-1 5.16662E-1 5.07787E-1 5.11043E-1 5.32678E-1 5.3173E-1 5.22012E-1 5.1752E-1 5.16208E-1 5.14622E-1 5.25477E-1 5.15531E-1 5.16402E-1 5.48161E-1
5.59806E-1 5.73906E-1 5.8375E-1 6.28586E-1 4.52839E-1 3.98529E-1 4.31754E-1 4.33057E-1 4.28937E-1 4.24112E-1 4.1087E-1 4.00032E-1 4.05012E-1 4.01084E-1 4.08796E-1 4.06184E-1 4.05271E-1 4.05955E-1 3.40003E-1 3.40063E-1 3.3273E-1 3.3342E-1 3.35745E-1 3.37998E-1 3.31931E-1 4.00733E-1 3.96854E-1 3.24842E-1 3.31908E-1 3.33115E-1 5.12744E-1 5.16271E-1 5.09958E-1 5.07804E-1 5.06554E-1 5.10775E-1 5.10035E-1 5.19839E-1 5.17379E-1 5.07158E-1 5.10903E-1 5.05818E-1 5.06336E-1 5.08171E-1 5.10989E-1 5.1469E-1 5.16801E-1 5.24046E-1 5.43227E-1 5.21103E-1 5.07399E-1 5.11686E-1 5.25685E-1 5.30712E-1 5.20514E-1 5.2336E-1 5.23206E-1 5.20123E-1 5.17443E-1 5.17533E-1 5.48328E-1
6.10133E-1 5.59475E-1 5.75408E-1 6.22014E-1 4.10118E-1 4.08638E-1 4.14855E-1 4.44306E-1 4.24231E-1 4.19375E-1 4.0565E-1 4.06202E-1 4.11294E-1 4.1721E-1 4.14085E-1 4.13111E-1 4.11329E-1 4.12391E-1 3.33945E-1 3.41366E-1 3.38484E-1 3.33843E-1 3.33359E-1 3.35135E-1 3.32714E-1 3.3083E-1 3.28843E-1 3.2581E-1 3.27618E-1 3.34521E-1 5.18818E-1 5.2179E-1 5.12592E-1 5.10141E-1 5.09462E-1 5.12759E-1 5.10873E-1 5.18923E-1 5.1948E-1 5.1018E-1 5.11951E-1 5.10679E-1 5.1355E-1 5.05114E-1 5.11355E-1 5.18266E-1 5.22981E-1 5.34786E-1 5.41047E-1 5.25606E-1 5.30448E-1 5.12989E-1 5.31233E-1 5.31865E-1 5.26869E-1 5.24844E-1 5.2273E-1 5.27399E-1 5.20835E-1 5.22058E-1 5.33733E-1
6.11312E-1 5.28566E-1 5.64859E-1 6.12729E-1 4.2229E-1 4.31841E-1 3.98654E-1 4.2119E-1 4.2315E-1 4.27128E-1 4.09362E-1 4.0627E-1 4.06917E-1 4.09752E-1 4.16675E-1 3.43346E-1 4.11657E-1 4.08424E-1 3.36787E-1 3.38485E-1 3.35415E-1 3.34973E-1 3.34165E-1 3.34327E-1 3.34812E-1 3.28751E-1 3.29922E-1 3.27085E-1 3.27563E-1 3.32889E-1 3.3071E-1 5.1393E-1 5.15701E-1 5.10559E-1 5.10926E-1 5.1188E-1 5.15947E-1 5.1762E-1 5.19267E-1 5.16419E-1 5.19193E-1 5.17435E-1 5.17183E-1 5.08678E-1 5.16688E-1 5.13898E-1 5.21336E-1 5.21607E-1 5.18953E-1 5.23817E-1 5.51603E-1 5.2792E-1 5.28983E-1 5.30452E-1 5.33818E-1 5.31938E-1 5.33708E-1 5.30425E-1 5.22473E-1 5.30047E-1 5.35972E-1
6.44512E-1 5.99625E-1 5.94751E-1 4.5656E-1 4.30003E-1 4.26855E-1 4.05314E-1 4.20209E-1 3.99396E-1 4.21236E-1 4.12251E-1 4.07183E-1 4.04723E-1 4.03342E-1 4.08523E-1 3.44386E-1 4.12672E-1 4.11791E-1 3.39342E-1 3.42568E-1 3.4636E-1 3.43069E-1 3.38871E-1 3.34607E-1 3.37599E-1 3.28432E-1 3.28116E-1 3.33652E-1 3.32168E-1 3.3349E-1 3.36304E-1 3.25716E-1 5.10727E-1 5.13376E-1 5.0959E-1 5.11349E-1 5.17069E-1 5.21055E-1 5.18275E-1 5.1502E-1 5.05587E-1 5.09044E-1 5.12465E-1 5.15105E-1 5.17905E-1 5.24691E-1 5.19018E-1 5.31458E-1 5.13545E-1 5.22651E-1 5.55101E-1 5.38579E-1 5.33657E-1 5.29543E-1 5.2839E-1 5.34745E-1 5.3044E-1 5.31833E-1 5.25447E-1 5.39406E-1 5.32224E-1
6.60829E-1 5.76338E-1 3.97466E-1 4.31543E-1 4.59074E-1 4.27418E-1 4.33707E-1 4.2433E-1 4.09824E-1 4.0748E-1 4.14418E-1 4.09382E-1 4.12238E-1 4.1385E-1 4.13529E-1 4.07476E-1 4.14768E-1 4.10625E-1 3.36239E-1 3.4191E-1 3.43402E-1 3.39491E-1 3.41605E-1 3.38648E-1 3.39447E-1 3.33082E-1 3.30706E-1 3.33124E-1 3.34739E-1 3.3349E-1 3.31847E-1 3.25083E-1 5.11926E-1 5.14327E-1 5.07303E-1 5.14194E-1 5.15754E-1 5.11703E-1 5.11911E-1 5.08566E-1 5.16015E-1 5.10522E-1 5.17113E-1 5.22103E-1 5.18813E-1 5.24421E-1 5.42114E-1 5.52566E-1 5.29063E-1 5.19843E-1 5.471E-1 5.6275E-1 5.42423E-1 5.24761E-1 5.26778E-1 5.32338E-1 5.35242E-1 5.33341E-1 5.36073E-1 5.43738E-1 5.38887E-1
6.39164E-1 5.59818E-1 4.04153E-1 4.50426E-1 3.91351E-1 4.40234E-1 4.44166E-1 4.26473E-1 4.12702E-1 4.05635E-1 4.03191E-1 4.06741E-1 4.09803E-1 4.10053E-1 4.0802E-1 4.13022E-1 3.37584E-1 3.41471E-1 3.4443E-1 3.42608E-1 3.44828E-1 3.4095E-1 3.43952E-1 3.4471E-1 3.39079E-1 3.33845E-1 3.27866E-1 3.29934E-1 3.36035E-1 3.35926E-1 3.32607E-1 3.33186E-1 5.14383E-1 5.14123E-1 5.08768E-1 5.15093E-1 5.24466E-1 5.14672E-1 5.0904E-1 5.10336E-1 5.08638E-1 5.1833E-1 5.25072E-1 5.20147E-1 5.18968E-1 5.27502E-1 5.27773E-1 5.23204E-1 5.26493E-1 5.45421E-1 5.20589E-1 5.49698E-1 5.55608E-1 5.36334E-1 5.32658E-1 5.25352E-1 5.3162E-1 5.32375E-1 5.44917E-1 5.48387E-1 5.31091E-1
4.27385E-1 4.01061E-1 4.29083E-1 4.59854E-1 4.03109E-1 4.57327E-1 4.52911E-1 4.30933E-1 4.1042E-1 4.06121E-1 4.04641E-1 4.01047E-1 4.04713E-1 4.13295E-1 4.11804E-1 4.09135E-1 3.37607E-1 3.47407E-1 3.46118E-1 3.45276E-1 3.37544E-1 3.34368E-1 3.48398E-1 3.49527E-1 3.4692E-1 3.36649E-1 3.33759E-1 3.30971E-1 3.3932E-1 3.35908E-1 3.31045E-1 3.29446E-1 5.15594E-1 5.17741E-1 5.17376E-1 5.15417E-1 5.21374E-1 5.08943E-1 5.09516E-1 5.10815E-1 5.18928E-1 5.20728E-1 5.26566E-1 5.20515E-1 5.19451E-1 5.47287E-1 5.52351E-1 5.18496E-1 5.26673E-1 5.56066E-1 5.3705E-1 5.29135E-1 5.59234E-1 5.3628E-1 5.36779E-1 5.2762E-1 5.35715E-1 5.39404E-1 5.40192E-1 5.3822E-1 5.38063E-1
4.02565E-1 4.04411E-1 4.43155E-1 4.65724E-1 4.00891E-1 4.47111E-1 4.43001E-1 4.41524E-1 4.33446E-1 4.07109E-1 4.07989E-1 4.02482E-1 4.14808E-1 4.16724E-1 4.12024E-1 4.01517E-1 3.5836E-1 3.44405E-1 3.46767E-1 3.52799E-1 3.40705E-1 3.40395E-1 3.42692E-1 3.43517E-1 3.40618E-1 3.38423E-1 3.34005E-1 3.39396E-1 3.41031E-1 3.36649E-1 3.27071E-1 3.28789E-1 3.31684E-1 5.18852E-1 5.1843E-1 5.08329E-1 5.19774E-1 5.16553E-1 5.15371E-1 5.13603E-1 5.22662E-1 5.17401E-1 5.24177E-1 5.20359E-1 5.22949E-1 5.49595E-1 5.37071E-1 5.22848E-1 5.15999E-1 5.43968E-1 5.56867E-1 5.54723E-1 5.4899E-1 5.32667E-1 5.35395E-1 5.25396E-1 5.33554E-1 5.47532E-1 5.34533E-1 5.35945E-1 5.34801E-1
4.11967E-1 4.37463E-1 4.50959E-1 4.54783E-1 3.87724E-1 4.55703E-1 4.50019E-1 4.17114E-1 4.21254E-1 4.03265E-1 4.11091E-1 4.11039E-1 3.34422E-1 3.44691E-1 4.03401E-1 3.30367E-1 3.52228E-1 3.59369E-1 3.48198E-1 3.36744E-1 3.41641E-1 3.42901E-1 3.40174E-1 3.39848E-1 3.45274E-1 3.37608E-1 3.4173E-1 3.39011E-1 3.42374E-1 3.39487E-1 3.29709E-1 3.32933E-1 3.33221E-1 3.33743E-1 5.1933E-1 5.15091E-1 5.22427E-1 5.14768E-1 5.14849E-1 5.1444E-1 5.22874E-1 5.18976E-1 5.22295E-1 5.21587E-1 5.43142E-1 5.66264E-1 5.45286E-1 5.25462E-1 5.2448E-1 5.19791E-1 5.49365E-1 5.62192E-1 5.54581E-1 5.28445E-1 5.26055E-1 5.35676E-1 5.38667E-1 5.44696E-1 5.35594E-1 5.33803E-1 5.30297E-1
4.73538E-1 4.635E-1 3.925E-1 3.80903E-1 3.71832E-1 3.72112E-1 3.70868E-1 3.54685E-1 4.00626E-1 4.05258E-1 4.02797E-1 4.03211E-1 4.06311E-1 4.03911E-1 3.30999E-1 3.35382E-1 3.46287E-1 3.56839E-1 3.43636E-1 3.5092E-1 3.49889E-1 3.4524E-1 3.46713E-1 3.41509E-1 3.42489E-1 3.3928E-1 3.44434E-1 3.38537E-1 3.40749E-1 3.31085E-1 3.31479E-1 3.33662E-1 3.34632E-1 3.33016E-1 5.24273E-1 5.18121E-1 5.14824E-1 5.15035E-1 5.14608E-1 5.14864E-1 5.19709E-1 5.19188E-1 5.20134E-1 5.24685E-1 5.47916E-1 5.55042E-1 5.4783E-1 5.36815E-1 5.35E-1 5.23274E-1 5.24375E-1 5.57508E-1 5.68002E-1 5.36888E-1 5.29512E-1 5.62663E-1 5.487E-1 5.44609E-1 5.31517E-1 5.39023E-1 5.29971E-1
4.72119E-1 3.85451E-1 3.99202E-1 3.82505E-1 3.97895E-1 3.71781E-1 3.76204E-1 4.28894E-1 4.26577E-1 4.03238E-1 4.01153E-1 4.20681E-1 4.07195E-1 4.07932E-1 3.32825E-1 3.39277E-1 3.37568E-1 3.56828E-1 3.45737E-1 3.39888E-1 3.54895E-1 3.49234E-1 3.42342E-1 3.46505E-1 3.40044E-1 3.3733E-1 3.41359E-1 3.42506E-1 3.37382E-1 3.35597E-1 3.33582E-1 3.31245E-1 3.34308E-1 3.33985E-1 3.32254E-1 5.13729E-1 5.20411E-1 5.14249E-1 5.21246E-1 5.18454E-1 5.20668E-1 5.19243E-1 5.26817E-1 5.25248E-1 5.50842E-1 5.36279E-1 5.37072E-1 5.6296E-1 5.46157E-1 5.34326E-1 5.2229E-1 5.56085E-1 5.48017E-1 5.28284E-1 5.29738E-1 5.41683E-1 5.55957E-1 5.41426E-1 5.35009E-1 5.45391E-1 5.28571E-1
4.39656E-1 4.50366E-1 4.57111E-1 4.4252E-1 4.71863E-1 3.8937E-1 3.91088E-1 3.65678E-1 4.23434E-1 4.19316E-1 4.08498E-1 3.45888E-1 4.11965E-1 3.50508E-1 4.08799E-1 3.34818E-1 3.58613E-1 3.36267E-1 3.4772E-1 3.30608E-1 3.64128E-1 3.46743E-1 3.43773E-1 3.44782E-1 3.49337E-1 3.40335E-1 3.4225E-1 3.45482E-1 3.43274E-1 3.38613E-1 3.31447E-1 3.34346E-1 3.36451E-1 3.3564E-1 3.33904E-1 5.17734E-1 5.20311E-1 5.18933E-1 5.29813E-1 5.3717E-1 5.31247E-1 5.34707E-1 5.41918E-1 5.29392E-1 5.36191E-1 5.22774E-1 5.33592E-1 5.56896E-1 5.60134E-1 5.63019E-1 5.33888E-1 5.3647E-1 5.61501E-1 5.42322E-1 5.35468E-1 5.78051E-1 5.3685E-1 5.22506E-1 5.21037E-1 5.51296E-1 5.3321E-1
4.39551E-1 4.44822E-1 4.53963E-1 4.34535E-1 4.52375E-1 4.03262E-1 3.95792E-1 3.81077E-1 3.59353E-1 4.162E-1 4.19875E-1 4.0208E-1 3.5261E-1 3.56043E-1 3.42196E-1 3.33823E-1 3.5141E-1 3.40058E-1 3.63072E-1 3.36863E-1 3.65134E-1 3.46899E-1 3.46649E-1 3.33764E-1 3.52847E-1 3.44554E-1 3.40407E-1 3.47576E-1 3.44814E-1 3.37745E-1 3.39361E-1 3.35358E-1 3.38592E-1 3.31896E-1 3.41685E-1 3.32057E-1 5.19255E-1 5.26642E-1 5.29283E-1 5.29846E-1 5.28234E-1 5.30575E-1 5.40549E-1 5.19321E-1 5.20927E-1 5.21431E-1 5.28116E-1 5.30553E-1 5.52659E-1 5.60291E-1 5.60602E-1 5.66473E-1 5.44388E-1 5.58209E-1 5.50155E-1 5.71567E-1 5.38275E-1 5.19773E-1 5.23773E-1 5.43986E-1 5.28242E-1
4.4028E-1 4.48139E-1 4.69157E-1 3.98712E-1 4.43234E-1 3.93091E-1 3.80371E-1 3.77937E-1 3.79277E-1 4.25114E-1 4.04224E-1 3.35514E-1 3.4593E-1 3.4939E-1 3.54092E-1 3.31384E-1 3.34709E-1 3.52594E-1 3.58784E-1 3.37166E-1 3.60977E-1 3.45538E-1 3.50445E-1 3.40294E-1 3.47418E-1 3.47651E-1 3.41609E-1 3.72281E-1 3.45409E-1 3.47835E-1 3.43774E-1 3.401E-1 3.41151E-1 3.38668E-1 3.37153E-1 3.40915E-1 5.1597E-1 5.27774E-1 5.37028E-1 5.3212E-1 5.34883E-1 5.36043E-1 5.32752E-1 5.23694E-1 5.31474E-1 5.39323E-1 5.45507E-1 5.38594E-1 5.27316E-1 5.50871E-1 5.59435E-1 5.83997E-1 5.3645E-1 6.15667E-1 5.53218E-1 5.59013E-1 5.3603E-1 5.15287E-1 5.19545E-1 5.3484E-1 5.33429E-1
4.51381E-1 4.50373E-1 4.61141E-1 4.43459E-1 4.61271E-1 3.94403E-1 3.86023E-1 3.97113E-1 3.69084E-1 4.22503E-1 4.02893E-1 3.40395E-1 3.4614E-1 3.46444E-1 3.37938E-1 3.31225E-1 3.39583E-1 3.58073E-1 3.64667E-1 3.41157E-1 3.74356E-1 3.49888E-1 3.44238E-1 3.35597E-1 3.44297E-1 3.44828E-1 3.34702E-1 3.67201E-1 3.51747E-1 3.47622E-1 3.35801E-1 3.45352E-1 3.40707E-1 3.42426E-1 3.4172E-1 3.40943E-1 5.42526E-1 5.38426E-1 5.41654E-1 5.3907E-1 5.40801E-1 5.35616E-1 5.33841E-1 5.34053E-1 5.22588E-1 5.5967E-1 5.57477E-1 5.46038E-1 5.27886E-1 5.32058E-1 5.36546E-1 5.52965E-1 5.74074E-1 6.0604E-1 5.50057E-1 5.71794E-1 5.5367E-1 5.20016E-1 5.22221E-1 5.23008E-1 5.71891E-1
4.48956E-1 4.59306E-1 4.49821E-1 4.527E-1 4.42324E-1 4.38782E-1 3.88642E-1 4.11466E-1 3.7039E-1 3.6581E-1 3.4324E-1 3.43729E-1 3.44405E-1 3.36541E-1 3.45436E-1 3.28963E-1 3.42637E-1 3.57295E-1 3.61323E-1 3.63561E-1 3.37021E-1 3.38734E-1 3.34895E-1 3.29823E-1 3.68471E-1 3.46942E-1 3.44629E-1 3.42226E-1 3.36342E-1 3.44891E-1 3.47274E-1 3.71225E-1 3.42954E-1 3.36703E-1 3.51313E-1 3.38949E-1 5.1866E-1 5.30601E-1 5.30662E-1 5.38715E-1 5.43973E-1 5.48359E-1 5.40117E-1 5.34155E-1 5.21116E-1 5.38122E-1 5.70385E-1 5.49627E-1 5.35614E-1 5.24359E-1 5.3306E-1 5.48843E-1 5.86575E-1 6.106E-1 5.51885E-1 6.02191E-1 5.5915E-1 5.26794E-1 5.2936E-1 5.21358E-1 5.40701E-1
4.51914E-1 4.70886E-1 3.82838E-1 4.54178E-1 4.42321E-1 4.53159E-1 4.66131E-1 3.94751E-1 3.98562E-1 3.86994E-1 3.70327E-1 3.42692E-1 3.33646E-1 4.00274E-1 3.35354E-1 3.29868E-1 3.46771E-1 3.48694E-1 3.59056E-1 3.72839E-1 3.47923E-1 3.41397E-1 3.34662E-1 3.33689E-1 3.54142E-1 3.48593E-1 3.48546E-1 3.48948E-1 3.37061E-1 3.3737E-1 3.43914E-1 3.51724E-1 3.45028E-1 3.43715E-1 3.40559E-1 3.44474E-1 3.39481E-1 5.26929E-1 5.33319E-1 5.31401E-1 5.43468E-1 5.44799E-1 5.34505E-1 5.2748E-1 5.2879E-1 5.30836E-1 5.4187E-1 5.67652E-1 5.44932E-1 5.3199E-1 5.37634E-1 5.29072E-1 5.85344E-1 5.74813E-1 5.9944E-1 5.74959E-1 5.60779E-1 5.35121E-1 5.25563E-1 5.22852E-1 5.5538E-1
4.58887E-1 4.55365E-1 4.51298E-1 4.53175E-1 4.38864E-1 4.61579E-1 3.88866E-1 3.70614E-1 3.86754E-1 3.89179E-1 3.80747E-1 3.76798E-1 3.56424E-1 3.36974E-1 3.29345E-1 3.27767E-1 3.47717E-1 3.53709E-1 3.79074E-1 3.76439E-1 3.49793E-1 3.4543E-1 3.37951E-1 3.56119E-1 3.48255E-1 3.48806E-1 3.49005E-1 3.4547E-1 3.46392E-1 3.49786E-1 3.38546E-1 3.50515E-1 3.59878E-1 3.53301E-1 3.45512E-1 3.46494E-1 3.51519E-1 5.2877E-1 5.33076E-1 5.33698E-1 5.33927E-1 5.44179E-1 5.40402E-1 5.36947E-1 5.32325E-1 5.33207E-1 5.50249E-1 5.78847E-1 5.58E-1 5.32097E-1 5.28707E-1 5.68024E-1 5.77253E-1 5.96186E-1 5.46942E-1 5.58478E-1 5.59733E-1 5.40759E-1 5.27131E-1 5.19342E-1 5.60012E-1
4.4728E-1 4.63647E-1 4.57527E-1 4.63841E-1 3.68216E-1 4.34649E-1 3.81883E-1 3.88273E-1 3.91977E-1 3.73893E-1 3.4301E-1 3.7166E-1 3.54167E-1 3.35261E-1 3.28882E-1 3.3989E-1 3.42037E-1 3.5418E-1 3.38916E-1 3.54867E-1 3.42191E-1 3.61831E-1 3.5068E-1 3.58705E-1 3.52078E-1 3.57203E-1 3.51112E-1 3.49578E-1 3.5056E-1 3.60353E-1 3.42713E-1 3.4707E-1 3.54621E-1 3.55964E-1 3.56129E-1 3.54479E-1 3.55994E-1 3.40952E-1 5.40774E-1 5.46467E-1 5.36035E-1 5.46774E-1 5.45058E-1 5.49613E-1 5.42887E-1 5.34745E-1 5.30822E-1 5.97262E-1 5.70363E-1 5.25307E-1 5.24211E-1 5.82617E-1 6.1019E-1 6.17122E-1 5.50418E-1 5.49953E-1 5.47534E-1 5.4322E-1 5.43278E-1 5.22583E-1 5.45627E-1
4.37798E-1 4.48945E-1 3.92306E-1 3.80859E-1 4.30135E-1 3.92567E-1 3.88435E-1 3.82919E-1 3.84945E-1 3.74135E-1 3.38269E-1 3.49647E-1 3.46338E-1 3.50104E-1 3.34076E-1 3.40054E-1 3.48228E-1 3.57091E-1 3.34146E-1 3.50107E-1 3.37104E-1 3.55006E-1 3.53727E-1 3.68903E-1 3.55311E-1 3.50038E-1 3.48591E-1 3.45515E-1 3.46244E-1 3.49748E-1 3.48671E-1 3.47358E-1 3.44787E-1 3.55783E-1 3.73875E-1 3.66931E-1 3.6239E-1 3.5679E-1 5.43555E-1 5.50288E-1 5.42228E-1 5.55283E-1 5.48672E-1 5.50627E-1 5.54652E-1 5.31448E-1 5.46651E-1 5.75388E-1 5.93546E-1 5.43911E-1 5.28155E-1 5.53655E-1 5.86509E-1 6.13267E-1 5.75568E-1 5.86184E-1 5.52862E-1 5.44395E-1 5.53928E-1 5.30399E-1 5.36209E-1
4.55546E-1 4.64124E-1 4.54828E-1 4.41833E-1 4.68877E-1 3.94783E-1 3.91604E-1 3.74821E-1 3.89631E-1 3.6668E-1 3.4369E-1 3.39652E-1 3.2576E-1 3.31304E-1 3.49889E-1 3.28565E-1 3.47641E-1 3.61956E-1 3.30459E-1 3.41221E-1 3.33056E-1 3.49008E-1 3.48316E-1 3.53729E-1 3.67988E-1 3.65418E-1 3.47677E-1 3.52834E-1 3.51475E-1 3.56479E-1 3.56932E-1 3.52998E-1 3.48055E-1 3.47358E-1 3.52973E-1 3.5305E-1 3.52928E-1 3.53838E-1 3.4918E-1 3.5187E-1 5.41056E-1 5.40258E-1 5.44141E-1 5.46396E-1 5.42284E-1 5.35644E-1 5.3556E-1 5.61066E-1 5.85067E-1 5.35055E-1 5.30888E-1 5.66231E-1 6.13953E-1 6.16383E-1 6.1674E-1 5.88815E-1 5.35084E-1 5.56154E-1 5.3867E-1 5.36937E-1 5.37299E-1
