Artocarpus heterophyllus SDM files/MIS19/results (with bias file)/Arthet_2.asc
ncols         625
nrows         721
xllcorner     69.99986311115
yllcorner     5.99986187915
cellsize      0.041666667
NODATA_value  -9999
[rows 351 to 377 of 721, columns 183 to 243 of 625]
2.83194E-1 4.96189E-1 3.4257E-1 3.00951E-1 4.52596E-1 4.72929E-1 4.82832E-1 3.36142E-1 2.78026E-1 2.65904E-1 2.88726E-1 4.51232E-1 4.77385E-1 4.69124E-1 4.68104E-1 4.74094E-1 4.64586E-1 4.69795E-1 4.67062E-1 4.7182E-1 4.67831E-1 4.7505E-1 4.74842E-1 4.72986E-1 4.74195E-1 4.99131E-1 4.60402E-1 4.84797E-1 5.04917E-1 4.98709E-1 4.94005E-1 4.86896E-1 4.85234E-1 4.70875E-1 4.74976E-1 4.80308E-1 4.8795E-1 4.83718E-1 4.83695E-1 4.95754E-1 4.88041E-1 5.0421E-1 4.85771E-1 4.78483E-1 4.79885E-1 4.85496E-1 4.77952E-1 4.8062E-1 4.70762E-1 4.80098E-1 4.77136E-1 4.68579E-1 4.68852E-1 4.74388E-1 4.7567E-1 4.81804E-1 4.87305E-1 4.97682E-1 5.16216E-1 5.07969E-1 4.93678E-1
3.12682E-1 3.94498E-1 3.33745E-1 4.39737E-1 4.65059E-1 4.25395E-1 4.39819E-1 3.1753E-1 3.02911E-1 3.03791E-1 3.64831E-1 4.6769E-1 4.6259E-1 4.65198E-1 4.68998E-1 4.67167E-1 4.77908E-1 4.82382E-1 4.9047E-1 4.86765E-1 4.76654E-1 4.78675E-1 4.71512E-1 4.7863E-1 4.79908E-1 5.04926E-1 5.13297E-1 5.21127E-1 5.11354E-1 5.09271E-1 4.98348E-1 4.94578E-1 4.86883E-1 4.87227E-1 4.8322E-1 4.90192E-1 4.85499E-1 4.89556E-1 4.88639E-1 4.88386E-1 4.86108E-1 4.89877E-1 4.87561E-1 4.86806E-1 4.83796E-1 4.84566E-1 4.91436E-1 4.78541E-1 4.77828E-1 4.7884E-1 4.8484E-1 4.7664E-1 4.7885E-1 4.86856E-1 4.81666E-1 4.84854E-1 4.90221E-1 5.31398E-1 5.42851E-1 5.04747E-1 5.00221E-1
4.67565E-1 3.77269E-1 4.57053E-1 4.97415E-1 4.60372E-1 3.29405E-1 3.29141E-1 4.45128E-1 3.92703E-1 3.098E-1 3.77601E-1 4.94516E-1 5.04545E-1 4.89361E-1 4.8508E-1 4.77127E-1 5.00283E-1 5.0786E-1 5.14257E-1 5.17164E-1 5.19462E-1 5.10252E-1 4.74396E-1 4.87105E-1 4.99805E-1 5.15194E-1 5.23454E-1 4.83674E-1 4.74509E-1 5.05039E-1 5.00403E-1 4.9665E-1 4.91115E-1 4.86852E-1 4.9688E-1 4.94431E-1 4.90096E-1 4.90236E-1 4.93231E-1 4.90584E-1 4.97326E-1 4.91328E-1 5.05829E-1 5.01074E-1 4.93924E-1 4.91375E-1 4.85296E-1 4.90235E-1 4.83234E-1 4.7903E-1 4.86191E-1 4.71035E-1 4.74638E-1 4.76668E-1 4.85354E-1 4.88534E-1 5.01883E-1 5.1095E-1 5.14759E-1 5.07934E-1 5.32314E-1
4.56942E-1 3.75461E-1 4.52065E-1 4.628E-1 4.51341E-1 3.29488E-1 3.16457E-1 3.19832E-1 3.94844E-1 2.98011E-1 4.13615E-1 4.60338E-1 4.83292E-1 5.119E-1 4.77018E-1 5.12166E-1 4.7931E-1 4.78345E-1 4.74426E-1 4.85912E-1 5.23973E-1 5.3311E-1 3.97848E-1 4.78969E-1 4.81522E-1 4.93847E-1 5.03681E-1 4.73901E-1 5.0382E-1 5.09192E-1 4.95852E-1 4.92324E-1 5.06816E-1 5.05115E-1 5.08819E-1 5.04916E-1 4.93674E-1 4.9312E-1 4.92774E-1 4.97639E-1 4.93734E-1 4.99155E-1 4.98103E-1 5.06746E-1 5.02163E-1 4.97375E-1 5.00236E-1 4.88313E-1 4.90591E-1 4.77997E-1 4.81023E-1 4.74E-1 4.77515E-1 4.85713E-1 4.94946E-1 4.99722E-1 5.33526E-1 5.20577E-1 4.98199E-1 5.28369E-1 5.18044E-1
3.38369E-1 4.57863E-1 3.96639E-1 3.88103E-1 4.48925E-1 3.95448E-1 3.14842E-1 3.10193E-1 3.16693E-1 3.79915E-1 3.4774E-1 4.56094E-1 4.61851E-1 4.711E-1 4.83042E-1 4.91684E-1 5.11881E-1 4.92973E-1 4.85586E-1 4.76136E-1 4.73446E-1 5.12707E-1 4.98179E-1 4.01211E-1 4.86535E-1 5.05732E-1 5.2466E-1 4.93864E-1 4.97866E-1 5.08631E-1 5.04151E-1 4.95268E-1 5.06409E-1 5.14607E-1 5.16994E-1 5.14936E-1 5.13057E-1 4.9681E-1 4.93032E-1 4.92515E-1 5.07372E-1 5.00044E-1 4.96153E-1 4.9324E-1 5.00867E-1 5.05943E-1 5.0295E-1 4.95766E-1 4.97485E-1 4.79426E-1 4.85146E-1 4.81694E-1 4.83372E-1 5.11676E-1 5.14915E-1 4.90376E-1 5.12873E-1 5.08967E-1 5.18555E-1 5.16838E-1 5.13908E-1
4.48427E-1 3.39468E-1 3.27341E-1 3.06666E-1 3.12043E-1 3.72608E-1 5.02965E-1 3.88792E-1 3.72951E-1 4.65363E-1 3.50584E-1 3.3785E-1 4.56792E-1 4.4839E-1 4.76946E-1 4.86668E-1 5.02837E-1 4.85482E-1 4.80439E-1 4.94436E-1 5.04193E-1 4.82271E-1 5.20074E-1 5.29926E-1 4.71312E-1 5.16658E-1 5.28924E-1 4.91889E-1 5.07206E-1 4.93037E-1 5.01795E-1 4.96122E-1 5.19632E-1 5.13263E-1 5.12833E-1 5.041E-1 5.04609E-1 5.03983E-1 5.0705E-1 5.02629E-1 4.99419E-1 5.07372E-1 4.98137E-1 4.96677E-1 4.97452E-1 4.89043E-1 4.99368E-1 4.91981E-1 4.94842E-1 4.72873E-1 4.83701E-1 4.91105E-1 4.87343E-1 4.78348E-1 4.68557E-1 5.08979E-1 5.38402E-1 5.3187E-1 5.11853E-1 5.19461E-1 5.14954E-1
3.23741E-1 3.08977E-1 2.98328E-1 2.94967E-1 2.91862E-1 4.43239E-1 4.88709E-1 5.11048E-1 4.07895E-1 4.22472E-1 3.74132E-1 2.75659E-1 3.6567E-1 4.45666E-1 4.68077E-1 4.87075E-1 4.99624E-1 5.02992E-1 4.78063E-1 4.88514E-1 5.03162E-1 4.87151E-1 5.11543E-1 5.2106E-1 4.90904E-1 5.17095E-1 4.81069E-1 5.13354E-1 4.7692E-1 4.79766E-1 4.73528E-1 4.73932E-1 4.96811E-1 5.12386E-1 5.13507E-1 5.09456E-1 5.09851E-1 5.08422E-1 5.04746E-1 5.03955E-1 5.06052E-1 5.04117E-1 4.99591E-1 5.02077E-1 5.00576E-1 4.99918E-1 4.94651E-1 4.92171E-1 4.83792E-1 4.82855E-1 4.82868E-1 4.87478E-1 4.77E-1 4.82691E-1 4.72468E-1 4.76724E-1 5.24434E-1 5.31697E-1 5.25445E-1 5.31322E-1 5.19157E-1
3.01717E-1 2.95021E-1 2.92788E-1 2.89272E-1 2.98826E-1 4.48278E-1 4.98673E-1 3.78906E-1 2.941E-1 3.63094E-1 3.54913E-1 3.47373E-1 3.44798E-1 4.4588E-1 4.50464E-1 4.69221E-1 5.03282E-1 5.02684E-1 4.968E-1 4.86606E-1 4.78511E-1 4.7205E-1 4.99972E-1 5.17903E-1 5.16898E-1 5.03279E-1 4.88931E-1 5.04829E-1 5.2707E-1 5.16879E-1 4.99061E-1 4.78827E-1 4.79724E-1 4.91971E-1 5.00489E-1 5.00943E-1 5.03633E-1 5.02269E-1 4.98157E-1 4.936E-1 5.01209E-1 5.02929E-1 5.026E-1 4.91779E-1 4.97618E-1 4.88821E-1 4.99452E-1 4.88306E-1 4.94664E-1 4.8567E-1 4.84035E-1 4.88901E-1 4.82732E-1 4.90227E-1 4.91924E-1 4.84604E-1 5.1626E-1 5.26966E-1 5.29237E-1 5.30124E-1 5.21606E-1
2.88773E-1 2.82391E-1 2.83462E-1 2.74639E-1 3.55897E-1 4.37483E-1 4.93846E-1 3.85975E-1 2.90857E-1 2.75713E-1 2.9167E-1 3.52004E-1 3.75755E-1 4.29832E-1 4.4107E-1 4.54107E-1 4.61286E-1 4.78201E-1 4.89417E-1 4.51207E-1 4.33542E-1 4.60267E-1 4.73019E-1 5.08496E-1 4.93728E-1 4.56036E-1 4.50521E-1 4.86152E-1 5.11985E-1 5.33128E-1 4.98403E-1 5.00002E-1 4.74355E-1 4.85273E-1 4.9762E-1 4.9497E-1 4.95622E-1 5.04463E-1 5.00828E-1 5.02931E-1 4.96837E-1 4.97706E-1 5.02302E-1 5.0107E-1 5.08977E-1 4.95462E-1 4.90808E-1 4.76767E-1 4.81972E-1 4.92536E-1 4.99534E-1 4.95965E-1 4.83045E-1 4.81971E-1 4.89728E-1 4.8933E-1 5.20005E-1 5.24659E-1 5.28242E-1 5.24602E-1 5.3079E-1
2.74734E-1 2.64401E-1 2.61928E-1 2.84649E-1 3.64372E-1 4.492E-1 4.90072E-1 2.95255E-1 2.89389E-1 3.72564E-1 3.57845E-1 3.80848E-1 3.57592E-1 4.313E-1 4.4899E-1 4.48478E-1 4.66452E-1 4.61494E-1 4.57129E-1 4.39137E-1 4.53736E-1 4.62224E-1 4.66304E-1 4.95524E-1 5.19476E-1 4.61048E-1 4.19565E-1 4.7343E-1 4.94368E-1 5.0962E-1 5.14606E-1 5.01226E-1 4.81615E-1 4.76506E-1 4.85524E-1 4.9527E-1 4.97925E-1 5.11913E-1 5.04907E-1 5.00828E-1 5.03881E-1 4.90827E-1 5.07095E-1 4.98037E-1 4.92801E-1 4.84601E-1 4.99148E-1 5.00907E-1 4.82106E-1 4.78452E-1 4.90935E-1 5.0776E-1 4.93199E-1 4.76395E-1 4.87437E-1 4.8377E-1 5.24447E-1 5.30946E-1 5.25473E-1 5.22797E-1 5.39963E-1
2.5601E-1 2.60619E-1 2.92543E-1 3.58006E-1 3.9148E-1 4.63194E-1 5.05295E-1 4.15754E-1 3.67272E-1 3.47112E-1 3.57447E-1 2.8267E-1 3.3381E-1 4.13618E-1 4.42919E-1 4.51017E-1 4.55042E-1 4.81409E-1 4.62339E-1 3.75073E-1 4.4688E-1 4.59489E-1 4.51694E-1 4.58892E-1 4.85279E-1 4.4305E-1 4.63565E-1 4.83095E-1 4.93249E-1 4.94395E-1 5.03162E-1 5.00882E-1 4.74083E-1 4.73186E-1 4.66753E-1 4.92337E-1 4.89735E-1 5.06998E-1 5.09913E-1 5.12406E-1 5.07198E-1 5.05586E-1 5.01782E-1 4.99381E-1 5.03422E-1 4.96404E-1 4.98432E-1 5.01609E-1 4.834E-1 4.86121E-1 4.89698E-1 5.20592E-1 5.09486E-1 4.90362E-1 4.85321E-1 4.86424E-1 5.23679E-1 5.41699E-1 5.3171E-1 5.23259E-1 5.62873E-1
2.45293E-1 2.62742E-1 3.48381E-1 4.36687E-1 4.92942E-1 4.97925E-1 4.88797E-1 3.6183E-1 2.78702E-1 2.69706E-1 2.71499E-1 2.80466E-1 3.40485E-1 3.67105E-1 4.46518E-1 4.4575E-1 4.52514E-1 4.8721E-1 4.90071E-1 4.44357E-1 4.07655E-1 4.54417E-1 4.54459E-1 4.58736E-1 4.7118E-1 4.3282E-1 4.5035E-1 4.90054E-1 4.76536E-1 4.70056E-1 4.68979E-1 4.88556E-1 4.6936E-1 4.66156E-1 4.61487E-1 4.75574E-1 4.91438E-1 4.89516E-1 4.87818E-1 5.02026E-1 4.91113E-1 4.92732E-1 4.9197E-1 4.88821E-1 4.98361E-1 4.95443E-1 4.92758E-1 4.89946E-1 4.71222E-1 4.79563E-1 4.78139E-1 4.88926E-1 4.82435E-1 4.82456E-1 4.84156E-1 4.86043E-1 5.21584E-1 5.31886E-1 5.30995E-1 5.17713E-1 5.23728E-1
2.51706E-1 2.77204E-1 3.60717E-1 4.70813E-1 5.09763E-1 3.87188E-1 2.91034E-1 2.89033E-1 2.81537E-1 2.8145E-1 2.74006E-1 3.24127E-1 4.39353E-1 3.59806E-1 4.20231E-1 4.52038E-1 4.49659E-1 4.62811E-1 4.89202E-1 4.68014E-1 4.31577E-1 4.41536E-1 4.55207E-1 4.64744E-1 4.5685E-1 4.589E-1 4.47678E-1 4.56159E-1 4.94389E-1 4.97316E-1 4.81066E-1 4.86354E-1 4.78394E-1 4.69868E-1 4.52717E-1 4.85022E-1 5.06264E-1 4.84168E-1 4.76477E-1 4.76235E-1 4.78125E-1 4.74279E-1 4.87009E-1 4.90886E-1 5.07178E-1 5.09778E-1 4.84774E-1 4.85041E-1 4.84002E-1 4.82146E-1 4.82146E-1 4.82146E-1 4.8374E-1 4.78782E-1 4.84136E-1 4.87761E-1 4.92958E-1 5.25768E-1 5.23835E-1 5.44177E-1 5.19628E-1
3.33841E-1 2.71967E-1 3.62006E-1 4.62292E-1 3.96858E-1 2.60909E-1 2.48954E-1 2.71535E-1 3.53589E-1 2.91111E-1 3.39725E-1 3.56347E-1 4.64464E-1 3.61978E-1 4.13762E-1 4.25969E-1 4.51111E-1 4.52941E-1 4.89599E-1 4.8797E-1 4.47257E-1 4.3297E-1 4.55684E-1 4.62356E-1 4.60962E-1 4.5971E-1 4.52162E-1 4.53759E-1 4.63126E-1 4.64334E-1 4.63451E-1 4.66703E-1 4.65951E-1 4.67938E-1 4.52342E-1 4.70465E-1 4.96698E-1 4.90208E-1 4.85599E-1 4.75285E-1 4.77404E-1 4.9024E-1 4.84387E-1 5.10478E-1 5.10737E-1 4.88236E-1 4.87452E-1 4.98523E-1 4.84509E-1 4.83234E-1 4.82521E-1 4.84894E-1 4.78828E-1 4.82823E-1 4.8833E-1 4.96409E-1 4.96302E-1 5.20602E-1 5.22193E-1 5.57752E-1 5.3214E-1
3.54929E-1 3.70559E-1 3.26727E-1 3.39717E-1 3.35319E-1 2.5204E-1 2.62469E-1 2.5746E-1 3.69337E-1 4.53542E-1 3.67039E-1 3.82365E-1 3.82365E-1 4.30093E-1 4.24891E-1 4.1932E-1 4.49814E-1 4.52828E-1 4.78466E-1 4.83745E-1 4.93767E-1 4.59861E-1 4.73178E-1 4.70691E-1 4.66318E-1 4.59053E-1 4.64431E-1 4.64058E-1 4.68398E-1 4.59381E-1 4.55227E-1 4.63472E-1 4.64417E-1 4.60371E-1 4.52772E-1 4.63553E-1 4.83702E-1 4.74839E-1 4.88398E-1 4.81802E-1 4.83228E-1 4.78764E-1 4.77223E-1 4.87829E-1 4.92647E-1 4.87449E-1 4.77526E-1 5.05162E-1 4.77312E-1 4.81835E-1 4.86278E-1 4.81223E-1 4.80721E-1 4.7822E-1 4.87121E-1 4.97199E-1 4.87057E-1 5.11035E-1 5.11787E-1 5.53712E-1 5.20919E-1
3.74524E-1 3.48773E-1 2.45543E-1 2.58696E-1 3.44844E-1 2.44888E-1 2.45382E-1 2.65039E-1 3.27788E-1 4.21854E-1 3.63724E-1 4.56887E-1 3.80508E-1 4.24118E-1 4.46535E-1 4.28063E-1 4.48353E-1 4.54303E-1 4.61727E-1 4.64258E-1 4.6612E-1 4.84707E-1 4.84733E-1 4.91734E-1 4.79559E-1 4.66314E-1 4.671E-1 4.56859E-1 4.70307E-1 4.63514E-1 4.62996E-1 4.55126E-1 4.58147E-1 4.55716E-1 4.53615E-1 4.51725E-1 4.55173E-1 4.68582E-1 4.69507E-1 4.80586E-1 4.94577E-1 4.86328E-1 4.70743E-1 4.76431E-1 4.74946E-1 4.72556E-1 4.9191E-1 4.89562E-1 4.79037E-1 4.75614E-1 4.77897E-1 4.82858E-1 4.77518E-1 4.74514E-1 4.83675E-1 4.91722E-1 4.88974E-1 5.11239E-1 5.13543E-1 5.24246E-1 4.97758E-1
2.60007E-1 3.24188E-1 2.51545E-1 2.30423E-1 3.45834E-1 3.28433E-1 2.49967E-1 3.06212E-1 3.50563E-1 4.25485E-1 3.67119E-1 4.51758E-1 4.59314E-1 3.79673E-1 4.22322E-1 4.37724E-1 4.52061E-1 4.74617E-1 4.6612E-1 4.64258E-1 4.63513E-1 4.69125E-1 4.59056E-1 4.85008E-1 4.89097E-1 4.73576E-1 4.70651E-1 4.68043E-1 4.632E-1 4.63925E-1 4.5583E-1 4.58525E-1 4.60988E-1 4.59813E-1 4.63817E-1 4.53338E-1 4.51244E-1 4.53847E-1 4.55082E-1 4.6418E-1 4.82953E-1 4.77763E-1 4.75291E-1 4.80433E-1 4.74183E-1 4.71032E-1 4.87017E-1 4.87006E-1 4.88931E-1 4.85196E-1 4.75806E-1 4.75825E-1 4.77493E-1 4.82041E-1 4.75255E-1 4.82541E-1 4.89782E-1 5.12554E-1 5.03777E-1 5.01048E-1 3.90873E-1
2.62067E-1 2.50199E-1 2.47828E-1 2.43166E-1 3.195E-1 3.5248E-1 3.63606E-1 2.62176E-1 3.16226E-1 4.15085E-1 4.16489E-1 4.5269E-1 4.71594E-1 4.63249E-1 3.7738E-1 4.43589E-1 4.55226E-1 4.74112E-1 4.76249E-1 4.6972E-1 4.70658E-1 4.58511E-1 4.6224E-1 4.72272E-1 4.74055E-1 4.87066E-1 4.71232E-1 4.67491E-1 4.7365E-1 4.63954E-1 4.5429E-1 4.56041E-1 4.63634E-1 4.69082E-1 4.65155E-1 4.67861E-1 4.61628E-1 4.58453E-1 4.57346E-1 4.6012E-1 4.71141E-1 4.85495E-1 4.77999E-1 4.8311E-1 4.73707E-1 4.72669E-1 4.80151E-1 4.88889E-1 4.8184E-1 4.84342E-1 4.87446E-1 4.84407E-1 4.75437E-1 4.74979E-1 4.78786E-1 4.81196E-1 4.87508E-1 5.12181E-1 5.12928E-1 5.15277E-1 3.94049E-1
3.42132E-1 3.11347E-1 3.17256E-1 3.38935E-1 2.43678E-1 2.92765E-1 3.50356E-1 3.77507E-1 3.129E-1 3.46181E-1 4.08184E-1 4.60186E-1 4.40989E-1 4.63493E-1 4.37103E-1 4.41533E-1 4.57066E-1 4.62468E-1 4.65777E-1 4.68496E-1 4.65557E-1 4.64405E-1 4.56645E-1 4.69525E-1 4.58705E-1 4.6886E-1 4.80714E-1 4.69933E-1 4.69766E-1 4.65064E-1 4.55919E-1 4.50328E-1 4.52576E-1 4.57905E-1 4.54475E-1 4.57305E-1 4.63444E-1 4.74884E-1 4.71583E-1 4.5891E-1 4.67793E-1 4.73791E-1 4.79015E-1 4.73638E-1 4.75363E-1 4.74176E-1 4.77727E-1 4.98098E-1 4.72371E-1 4.75731E-1 4.81636E-1 4.73324E-1 4.7146E-1 4.77535E-1 4.72174E-1 4.74911E-1 5.26531E-1 4.99503E-1 5.09334E-1 4.03447E-1 3.94203E-1
3.71468E-1 3.61531E-1 3.62975E-1 3.14359E-1 2.42258E-1 3.39798E-1 3.10301E-1 3.35424E-1 3.60274E-1 4.17917E-1 3.58985E-1 4.27963E-1 4.54351E-1 4.48515E-1 4.49405E-1 4.55853E-1 4.54645E-1 4.65709E-1 4.71337E-1 4.74855E-1 4.76368E-1 4.75426E-1 4.67405E-1 4.64094E-1 4.61841E-1 4.63125E-1 4.7694E-1 4.65607E-1 4.63546E-1 4.6115E-1 4.54784E-1 4.61646E-1 4.58412E-1 4.55042E-1 4.51878E-1 4.5637E-1 4.6025E-1 4.69133E-1 4.81856E-1 4.71048E-1 4.75716E-1 4.66415E-1 4.62121E-1 4.63805E-1 4.57553E-1 4.6611E-1 4.85704E-1 4.90184E-1 4.78977E-1 4.67814E-1 4.68266E-1 4.76503E-1 4.74368E-1 4.71059E-1 4.74658E-1 5.08103E-1 5.23149E-1 5.0014E-1 5.08197E-1 5.22284E-1 3.8677E-1
3.79898E-1 3.45538E-1 2.46853E-1 2.39101E-1 3.35941E-1 4.51852E-1 3.36115E-1 3.2623E-1 4.27164E-1 4.23411E-1 3.70657E-1 4.2388E-1 4.2388E-1 4.42028E-1 4.55354E-1 4.58117E-1 4.59218E-1 4.53976E-1 4.57848E-1 4.59717E-1 4.61426E-1 4.66693E-1 4.7651E-1 4.7293E-1 4.6491E-1 4.6887E-1 4.66438E-1 4.64886E-1 4.55863E-1 4.60368E-1 4.53836E-1 4.60508E-1 4.667E-1 4.56627E-1 4.53283E-1 4.53882E-1 4.50767E-1 4.56523E-1 4.68852E-1 4.63488E-1 4.68341E-1 4.6464E-1 4.59307E-1 4.58282E-1 4.57677E-1 4.75036E-1 4.96506E-1 4.69367E-1 4.72491E-1 4.7263E-1 4.71675E-1 4.73786E-1 4.75177E-1 4.71461E-1 4.67405E-1 4.93433E-1 5.0943E-1 4.9884E-1 5.10673E-1 4.0155E-1 3.8257E-1
3.66816E-1 3.51804E-1 2.4329E-1 3.43489E-1 3.5603E-1 4.54422E-1 3.5697E-1 3.38509E-1 4.72404E-1 3.79806E-1 4.28725E-1 4.38905E-1 4.41495E-1 4.66797E-1 4.69544E-1 4.66201E-1 4.68948E-1 4.6512E-1 4.67739E-1 4.69468E-1 4.70025E-1 4.65425E-1 4.67885E-1 4.70879E-1 4.7236E-1 4.62823E-1 4.72518E-1 4.72921E-1 4.58147E-1 4.54213E-1 4.51745E-1 4.58118E-1 4.61792E-1 4.55371E-1 4.56857E-1 4.50661E-1 4.51101E-1 4.56143E-1 4.6252E-1 4.62829E-1 4.57466E-1 4.58347E-1 4.56633E-1 4.63632E-1 4.62272E-1 4.61865E-1 4.95793E-1 4.75569E-1 4.55947E-1 4.6458E-1 4.84195E-1 4.73095E-1 4.73799E-1 4.69554E-1 5.04083E-1 4.90434E-1 5.07044E-1 4.95195E-1 5.09045E-1 3.96685E-1 3.82459E-1
3.57053E-1 3.3216E-1 4.22058E-1 3.92649E-1 3.80948E-1 3.56687E-1 3.60507E-1 4.6648E-1 4.83892E-1 4.87735E-1 3.60657E-1 4.78889E-1 4.88868E-1 4.8645E-1 4.6712E-1 4.65274E-1 4.78046E-1 4.75712E-1 4.76493E-1 4.77222E-1 4.75698E-1 4.59916E-1 4.72588E-1 4.67348E-1 4.6054E-1 4.62629E-1 4.70935E-1 4.62632E-1 4.55788E-1 4.58118E-1 4.60355E-1 4.64382E-1 4.57324E-1 4.52111E-1 4.56139E-1 4.57195E-1 4.62141E-1 4.53128E-1 4.52179E-1 4.76642E-1 4.62643E-1 4.59143E-1 4.59817E-1 4.56175E-1 4.63786E-1 4.54084E-1 4.71919E-1 4.65004E-1 4.62466E-1 4.60694E-1 4.81826E-1 4.81075E-1 4.70939E-1 4.72701E-1 5.04083E-1 4.85797E-1 4.9798E-1 4.95605E-1 5.1257E-1 3.87602E-1 3.8174E-1
3.00835E-1 4.26342E-1 3.6957E-1 3.28865E-1 3.28834E-1 4.54884E-1 4.43144E-1 4.60787E-1 4.54114E-1 4.82873E-1 4.73866E-1 4.86601E-1 5.02952E-1 4.65592E-1 5.01056E-1 5.01143E-1 3.99464E-1 4.76953E-1 4.85246E-1 4.8766E-1 4.79904E-1 4.73611E-1 4.74253E-1 4.6773E-1 4.6111E-1 4.61063E-1 4.79942E-1 4.70266E-1 4.60635E-1 4.53709E-1 4.5886E-1 4.5507E-1 4.57372E-1 4.57771E-1 4.53538E-1 4.60359E-1 4.58307E-1 4.55658E-1 4.41349E-1 4.87462E-1 4.70939E-1 4.58668E-1 4.56286E-1 4.49794E-1 4.55197E-1 4.64601E-1 4.7174E-1 4.62813E-1 4.62802E-1 4.49922E-1 4.68271E-1 4.82666E-1 4.72317E-1 4.82733E-1 4.89375E-1 4.85595E-1 4.93475E-1 5.00239E-1 3.91158E-1 3.82419E-1 3.89503E-1
3.44175E-1 3.41217E-1 3.48502E-1 3.58606E-1 3.46358E-1 4.10153E-1 4.43231E-1 4.3398E-1 4.41725E-1 4.55126E-1 4.72516E-1 4.92555E-1 5.01171E-1 4.96274E-1 4.97089E-1 4.97649E-1 5.04599E-1 4.84164E-1 5.05631E-1 4.93994E-1 4.72229E-1 4.65747E-1 4.77757E-1 4.72068E-1 4.67348E-1 4.60577E-1 4.692E-1 4.73924E-1 4.60749E-1 4.62326E-1 4.69186E-1 4.64451E-1 4.63757E-1 4.66855E-1 4.61297E-1 4.6982E-1 4.58854E-1 4.36959E-1 4.40887E-1 4.84471E-1 4.79988E-1 4.61171E-1 4.60986E-1 4.55356E-1 4.5948E-1 4.65748E-1 4.73795E-1 4.57924E-1 4.49221E-1 4.52905E-1 4.70645E-1 4.59798E-1 4.63126E-1 4.91781E-1 4.85569E-1 4.88193E-1 4.89864E-1 4.94667E-1 3.89171E-1 3.84797E-1 3.83437E-1
4.30302E-1 3.6925E-1 3.63562E-1 3.6957E-1 3.24824E-1 3.35274E-1 4.49962E-1 4.11675E-1 4.36043E-1 4.4206E-1 4.615E-1 4.75651E-1 4.69767E-1 4.83744E-1 4.37761E-1 4.71584E-1 4.77659E-1 4.82259E-1 5.08893E-1 4.75775E-1 4.41825E-1 4.63491E-1 4.71002E-1 4.87344E-1 4.71962E-1 4.68079E-1 4.67037E-1 4.7299E-1 4.61327E-1 4.60693E-1 4.66861E-1 4.58407E-1 4.55557E-1 4.59114E-1 4.56796E-1 4.61256E-1 4.62328E-1 4.4192E-1 4.40496E-1 4.81672E-1 4.76265E-1 4.69499E-1 4.68469E-1 4.57183E-1 4.42914E-1 4.55974E-1 4.62018E-1 4.47676E-1 4.46971E-1 4.5767E-1 4.70447E-1 4.59205E-1 4.88294E-1 4.93466E-1 4.79807E-1 4.87061E-1 4.87802E-1 5.04811E-1 3.88249E-1 3.87712E-1 4.02434E-1
3.27113E-1 3.32307E-1 3.15117E-1 3.40281E-1 3.5782E-1 3.48952E-1 4.22833E-1 4.18221E-1 4.45831E-1 4.52004E-1 4.53912E-1 4.74943E-1 4.67451E-1 4.60713E-1 4.81075E-1 4.23176E-1 4.49497E-1 4.73783E-1 4.98437E-1 4.90793E-1 4.94219E-1 4.81041E-1 4.85613E-1 4.85211E-1 4.72027E-1 4.65732E-1 4.63768E-1 4.6996E-1 4.61905E-1 4.64838E-1 4.62401E-1 4.57661E-1 4.61359E-1 4.58427E-1 4.44022E-1 4.6178E-1 4.69689E-1 4.44788E-1 4.32174E-1 4.55304E-1 4.69649E-1 4.49854E-1 4.67119E-1 4.6117E-1 4.70582E-1 4.52037E-1 4.41E-1 4.43578E-1 4.86273E-1 5.02699E-1 4.74174E-1 4.93422E-1 4.8021E-1 4.93803E-1 4.83003E-1 4.77106E-1 4.90805E-1 5.02537E-1 3.79406E-1 3.64574E-1 3.78006E-1
