Artocarpus heterophyllus SDM files/MIS19/results (with bias file)/Arthet_min.asc
ncols         625
nrows         721
xllcorner     69.99986311115
yllcorner     5.99986187915
cellsize      0.041666667
NODATA_value  -9999
[rows 459 to 485 of 721, columns 122 to 182 of 625]
1.1097E-1 1.18437E-1 8.41998E-2 7.01636E-2 7.01642E-2 5.51554E-2 5.39375E-2 7.75643E-2 6.06991E-2 7.37107E-2 8.57846E-2 7.9997E-2 8.59423E-2 5.54279E-2 4.5016E-2 4.26936E-2 5.07186E-2 5.42546E-2 5.77453E-2 5.3469E-2 7.72323E-2 6.25409E-2 5.8398E-2 7.3711E-2 7.7823E-2 5.30762E-2 8.74044E-2 1.01453E-1 9.30948E-2 8.44271E-2 8.73009E-2 8.8544E-2 1.03614E-1 8.85535E-2 1.82641E-1 1.52676E-1 1.49878E-1 1.35653E-1 1.31771E-1 1.09801E-1 1.08935E-1 1.09502E-1 1.13186E-1 1.27397E-1 1.96862E-1 2.22879E-1 2.84964E-1 3.1779E-1 2.10431E-1 2.55639E-1 2.87618E-1 3.15115E-1 3.39511E-1 3.70515E-1 3.05962E-1 3.28695E-1 2.03002E-1 1.52471E-1 1.23976E-1 1.30048E-1 1.28132E-1
1.1848E-1 1.31955E-1 7.63589E-2 4.97626E-2 7.92997E-2 7.57308E-2 5.63605E-2 7.5416E-2 7.96137E-2 8.41604E-2 1.21079E-1 5.64189E-2 8.70184E-2 5.47286E-2 5.10953E-2 4.57003E-2 5.39424E-2 6.26381E-2 5.54153E-2 5.18901E-2 6.4046E-2 7.45483E-2 5.81884E-2 5.85538E-2 5.42309E-2 5.80291E-2 9.06309E-2 8.96062E-2 8.16103E-2 7.94336E-2 8.89605E-2 9.37916E-2 9.26076E-2 9.41192E-2 1.88259E-1 1.47845E-1 1.38269E-1 1.54527E-1 1.27668E-1 1.03345E-1 1.14137E-1 1.09502E-1 1.29571E-1 1.19475E-1 2.07626E-1 2.46674E-1 2.69608E-1 2.7649E-1 1.97294E-1 2.16895E-1 3.0914E-1 3.10187E-1 3.42691E-1 2.10412E-1 1.76024E-1 1.36202E-1 1.97198E-1 1.65515E-1 1.41436E-1 1.37695E-1 1.31805E-1
1.22272E-1 8.15018E-2 5.33939E-2 6.95034E-2 1.13256E-1 1.25615E-1 7.63933E-2 5.75015E-2 4.92027E-2 7.52628E-2 8.48678E-2 8.89645E-2 8.41666E-2 6.14645E-2 5.62286E-2 4.73997E-2 5.47459E-2 5.73098E-2 5.685E-2 5.5382E-2 7.92809E-2 7.7634E-2 5.88217E-2 5.34137E-2 5.32537E-2 5.64498E-2 8.52316E-2 7.50407E-2 8.3521E-2 8.71799E-2 8.67715E-2 8.56431E-2 9.33529E-2 1.0084E-1 1.0496E-1 1.28132E-1 1.4566E-1 1.63248E-1 1.43509E-1 1.07694E-1 1.11923E-1 1.20288E-1 1.23797E-1 1.22842E-1 1.33595E-1 2.18805E-1 2.30735E-1 2.70906E-1 1.68212E-1 2.35514E-1 2.73297E-1 3.34876E-1 2.13552E-1 1.69903E-1 1.51651E-1 2.10506E-1 2.16139E-1 1.72397E-1 1.70628E-1 1.75713E-1 1.31883E-1
8.22201E-2 5.34153E-2 5.01586E-2 7.04637E-2 1.15938E-1 1.23527E-1 8.23919E-2 5.92416E-2 5.32288E-2 4.93306E-2 7.41225E-2 8.21248E-2 8.22386E-2 6.5917E-2 5.48997E-2 5.14437E-2 4.74261E-2 5.43573E-2 5.47059E-2 5.64458E-2 5.9843E-2 6.16737E-2 5.91497E-2 5.86484E-2 5.93155E-2 7.52629E-2 7.92066E-2 6.15219E-2 8.3262E-2 8.8979E-2 8.45583E-2 9.07957E-2 9.2904E-2 9.44085E-2 1.07256E-1 1.2575E-1 1.59599E-1 1.59891E-1 1.09912E-1 1.17028E-1 1.23206E-1 2.0521E-1 1.4803E-1 1.37535E-1 1.32778E-1 1.45519E-1 1.41158E-1 2.28746E-1 2.41579E-1 2.6208E-1 2.9826E-1 3.17903E-1 2.05421E-1 1.6573E-1 1.54861E-1 2.2283E-1 3.27434E-1 1.58856E-1 2.49209E-1 2.0795E-1 1.97597E-1
7.58134E-2 4.85709E-2 4.80618E-2 7.49176E-2 8.46511E-2 1.20774E-1 7.58294E-2 6.15468E-2 6.01687E-2 5.39672E-2 5.31955E-2 5.49513E-2 7.65378E-2 6.07291E-2 5.6841E-2 5.33765E-2 5.09367E-2 7.46289E-2 6.00048E-2 5.49079E-2 4.97012E-2 5.25309E-2 5.54438E-2 5.78414E-2 5.79137E-2 7.78391E-2 8.38932E-2 8.29664E-2 8.37901E-2 6.4771E-2 8.08819E-2 8.64044E-2 8.94241E-2 1.08342E-1 1.03084E-1 1.18198E-1 1.42189E-1 1.46114E-1 1.16749E-1 1.2817E-1 1.31956E-1 1.36338E-1 1.35718E-1 1.31499E-1 1.32664E-1 1.39654E-1 1.39179E-1 1.47759E-1 1.51162E-1 2.40775E-1 2.68893E-1 1.98766E-1 2.0726E-1 1.71021E-1 1.46984E-1 2.39342E-1 2.78758E-1 2.66171E-1 2.89319E-1 2.81875E-1 3.53994E-1
7.23672E-2 4.55444E-2 4.75571E-2 7.23319E-2 5.9136E-2 6.23998E-2 5.30751E-2 8.28021E-2 8.64637E-2 8.60868E-2 8.40826E-2 8.78808E-2 5.91851E-2 8.2533E-2 5.42594E-2 5.45852E-2 5.37375E-2 6.82652E-2 6.34927E-2 4.96345E-2 5.62549E-2 6.13863E-2 6.52179E-2 6.40608E-2 5.86737E-2 5.61727E-2 6.32812E-2 8.67942E-2 8.98688E-2 8.12201E-2 9.04502E-2 8.78042E-2 9.40327E-2 1.03012E-1 9.45784E-2 1.13015E-1 1.19479E-1 1.26333E-1 1.33502E-1 1.27386E-1 1.38796E-1 1.742E-1 1.19676E-1 2.03641E-1 1.39582E-1 1.34632E-1 1.44858E-1 1.46267E-1 1.41106E-1 2.16095E-1 2.60016E-1 1.91902E-1 2.09847E-1 1.87776E-1 1.41576E-1 2.20624E-1 2.394E-1 2.62973E-1 2.89493E-1 1.99762E-1 1.96421E-1
5.65123E-2 4.73876E-2 4.79649E-2 4.91814E-2 5.53662E-2 5.40568E-2 7.59203E-2 7.92067E-2 8.99066E-2 8.46929E-2 8.17521E-2 8.90383E-2 6.27598E-2 5.75526E-2 5.42871E-2 5.67506E-2 6.02983E-2 7.88809E-2 5.78391E-2 5.07857E-2 6.5083E-2 8.59972E-2 8.6147E-2 6.8848E-2 5.63139E-2 5.57243E-2 6.04206E-2 6.42551E-2 8.75328E-2 9.57257E-2 9.71652E-2 8.04588E-2 1.01301E-1 1.01766E-1 9.03685E-2 1.07316E-1 1.17689E-1 1.23138E-1 1.50926E-1 1.26281E-1 1.11673E-1 1.33777E-1 1.18089E-1 1.23367E-1 2.14832E-1 2.56085E-1 1.64884E-1 1.37756E-1 1.34028E-1 1.3432E-1 2.15986E-1 2.77995E-1 2.88272E-1 1.90604E-1 1.64369E-1 1.44262E-1 2.21705E-1 2.54262E-1 2.86078E-1 3.06239E-1 1.77564E-1
5.62308E-2 4.96496E-2 5.1344E-2 4.98473E-2 5.06082E-2 5.0326E-2 7.24327E-2 7.93974E-2 9.15977E-2 8.03481E-2 8.19417E-2 9.4512E-2 6.15843E-2 5.76868E-2 6.3638E-2 6.70736E-2 5.95366E-2 6.77186E-2 5.66537E-2 5.24401E-2 6.56777E-2 8.10018E-2 8.05779E-2 6.30592E-2 5.46394E-2 5.95051E-2 6.04185E-2 6.04061E-2 7.7254E-2 1.02334E-1 1.05212E-1 9.63089E-2 9.34282E-2 7.06632E-2 9.05133E-2 9.73809E-2 1.15633E-1 1.22592E-1 1.50916E-1 1.21393E-1 1.29959E-1 1.11228E-1 1.27262E-1 1.26237E-1 2.04026E-1 2.16209E-1 2.59513E-1 1.65786E-1 2.26258E-1 2.04854E-1 2.15267E-1 2.63089E-1 2.75405E-1 1.80732E-1 1.62926E-1 1.48349E-1 2.22672E-1 2.47973E-1 2.71979E-1 3.07844E-1 1.85482E-1
5.71939E-2 5.00503E-2 5.87845E-2 5.05348E-2 4.67071E-2 7.11239E-2 7.11518E-2 7.35167E-2 8.44791E-2 8.01477E-2 9.08371E-2 5.71511E-2 5.67493E-2 5.98818E-2 6.1091E-2 6.14564E-2 6.35173E-2 5.72509E-2 5.84061E-2 5.58586E-2 6.79417E-2 5.7931E-2 6.42654E-2 5.67333E-2 6.46952E-2 6.38229E-2 6.15244E-2 6.01555E-2 6.1016E-2 9.27756E-2 1.04117E-1 1.1353E-1 8.62287E-2 6.64226E-2 6.76962E-2 9.47082E-2 1.16861E-1 1.16561E-1 1.44597E-1 1.19185E-1 1.27786E-1 1.24174E-1 1.17226E-1 1.25656E-1 1.22971E-1 2.01249E-1 2.26818E-1 2.56227E-1 2.33443E-1 2.1311E-1 2.12383E-1 2.43716E-1 1.66163E-1 1.72258E-1 1.66643E-1 1.42548E-1 1.47182E-1 2.39664E-1 2.78982E-1 1.82307E-1 1.69045E-1
5.16056E-2 7.65627E-2 8.79107E-2 5.43904E-2 7.31273E-2 7.37878E-2 5.10022E-2 4.41409E-2 6.56294E-2 7.60654E-2 9.04033E-2 7.97645E-2 5.64324E-2 5.89664E-2 5.89671E-2 6.03915E-2 5.87239E-2 5.89557E-2 5.26982E-2 5.87409E-2 6.93403E-2 5.88956E-2 6.85534E-2 5.82848E-2 5.98461E-2 6.32788E-2 7.13066E-2 6.39099E-2 6.08034E-2 9.00417E-2 1.03048E-1 1.07327E-1 8.89481E-2 9.23892E-2 9.49403E-2 9.61412E-2 9.83737E-2 1.06119E-1 1.31558E-1 1.63723E-1 1.28458E-1 1.00855E-1 1.16696E-1 1.24564E-1 1.33483E-1 2.02959E-1 2.0483E-1 2.1043E-1 2.36613E-1 2.27584E-1 2.19724E-1 2.30701E-1 1.41976E-1 1.60264E-1 1.69772E-1 1.40462E-1 1.47181E-1 2.51075E-1 1.76733E-1 1.68973E-1 2.2768E-1
5.12524E-2 8.22774E-2 9.52614E-2 6.41382E-2 5.65175E-2 4.98058E-2 4.39081E-2 4.26977E-2 6.4767E-2 7.59201E-2 7.73995E-2 7.74728E-2 5.44636E-2 5.79425E-2 5.98245E-2 5.94684E-2 6.20027E-2 5.9574E-2 5.74978E-2 5.34018E-2 6.57491E-2 6.17882E-2 6.74315E-2 6.68319E-2 6.10948E-2 5.97364E-2 6.24084E-2 6.98052E-2 6.4789E-2 8.97366E-2 9.60915E-2 1.10673E-1 9.16495E-2 6.97404E-2 9.29073E-2 9.35163E-2 9.54224E-2 9.84205E-2 1.02326E-1 1.20591E-1 1.29705E-1 1.1286E-1 1.11851E-1 1.90767E-1 2.03855E-1 2.21646E-1 2.18768E-1 1.42988E-1 1.95047E-1 2.06689E-1 2.38567E-1 2.06665E-1 2.23802E-1 1.70536E-1 1.65179E-1 1.4105E-1 1.36236E-1 1.71369E-1 1.60099E-1 1.64499E-1 1.42548E-1
7.96612E-2 6.09398E-2 6.1436E-2 6.06514E-2 5.53141E-2 4.60525E-2 4.10761E-2 4.05399E-2 6.52405E-2 7.24063E-2 7.52121E-2 7.6296E-2 7.67489E-2 7.58759E-2 5.60403E-2 5.98467E-2 6.1245E-2 5.81762E-2 5.86257E-2 5.45051E-2 6.74707E-2 6.41462E-2 5.85621E-2 8.7441E-2 7.37788E-2 6.22683E-2 6.14671E-2 6.32717E-2 6.7442E-2 6.66702E-2 9.99373E-2 1.11648E-1 9.02684E-2 7.10411E-2 1.05947E-1 1.1638E-1 9.64122E-2 9.40935E-2 9.70918E-2 1.02327E-1 1.18377E-1 1.21153E-1 1.84913E-1 2.23664E-1 1.49638E-1 2.0385E-1 1.40317E-1 1.96689E-1 2.0209E-1 1.21677E-1 2.02066E-1 2.09406E-1 2.05781E-1 1.5119E-1 1.48461E-1 1.54577E-1 1.34183E-1 1.42482E-1 1.50659E-1 1.7137E-1 1.40039E-1
6.23492E-2 5.98059E-2 5.77295E-2 5.24283E-2 8.11281E-2 5.55346E-2 4.94789E-2 6.00778E-2 7.37148E-2 7.77594E-2 7.4596E-2 6.84013E-2 5.67275E-2 5.31378E-2 5.32732E-2 5.02199E-2 5.20608E-2 5.67323E-2 5.73728E-2 5.41523E-2 6.52135E-2 6.32984E-2 5.96695E-2 8.56473E-2 8.96789E-2 7.31626E-2 6.68622E-2 6.6451E-2 6.52905E-2 6.52144E-2 6.98018E-2 1.16198E-1 1.1264E-1 9.71174E-2 7.52449E-2 9.67269E-2 9.34674E-2 9.07831E-2 9.57358E-2 1.10294E-1 1.24562E-1 1.25653E-1 2.03919E-1 1.66371E-1 1.51365E-1 1.18765E-1 1.23245E-1 1.86331E-1 1.95651E-1 1.857E-1 1.98555E-1 2.03877E-1 1.94973E-1 2.01989E-1 1.31721E-1 1.43722E-1 1.35407E-1 1.35407E-1 1.38059E-1 1.69936E-1 1.36828E-1
5.69214E-2 5.95019E-2 5.36437E-2 7.66959E-2 8.525E-2 8.17325E-2 7.67742E-2 8.2168E-2 1.507E-1 6.60887E-2 5.61021E-2 5.38977E-2 5.61701E-2 5.53162E-2 5.42939E-2 4.68499E-2 4.95775E-2 5.21932E-2 5.3459E-2 5.84783E-2 6.0095E-2 6.12517E-2 6.58127E-2 7.31654E-2 9.37511E-2 9.15411E-2 6.48076E-2 5.96755E-2 6.17374E-2 6.69486E-2 7.09436E-2 9.17586E-2 1.02353E-1 7.26979E-2 6.88184E-2 6.8123E-2 9.42599E-2 1.19251E-1 1.42338E-1 1.29823E-1 1.08516E-1 1.11177E-1 1.91614E-1 1.69084E-1 1.25337E-1 1.90332E-1 1.21927E-1 1.80451E-1 1.77505E-1 1.84051E-1 2.12708E-1 1.9072E-1 2.10244E-1 1.37787E-1 1.27425E-1 1.25154E-1 1.3919E-1 1.40414E-1 1.30513E-1 1.41762E-1 1.38605E-1
9.56678E-2 7.79535E-2 8.00168E-2 5.56508E-2 7.33327E-2 7.96293E-2 7.58993E-2 9.42567E-2 8.41432E-2 8.98654E-2 9.28144E-2 6.72885E-2 5.28261E-2 4.83832E-2 4.88625E-2 4.89866E-2 7.76822E-2 5.89747E-2 7.29759E-2 5.56698E-2 5.24291E-2 5.74988E-2 5.93757E-2 7.17094E-2 8.58946E-2 9.37954E-2 9.05676E-2 7.35812E-2 6.53664E-2 6.78333E-2 6.77945E-2 6.77518E-2 1.00587E-1 6.614E-2 6.82828E-2 1.09458E-1 1.2577E-1 1.31759E-1 1.41705E-1 1.35981E-1 9.46208E-2 1.00759E-1 1.65115E-1 2.28076E-1 1.52271E-1 1.17436E-1 1.73149E-1 1.74888E-1 1.75068E-1 2.03472E-1 1.95572E-1 1.97309E-1 1.27894E-1 1.84768E-1 1.25171E-1 1.40485E-1 1.65819E-1 1.42118E-1 1.29797E-1 1.28671E-1 1.45765E-1
1.13546E-1 7.86901E-2 1.32323E-1 5.81797E-2 4.73949E-2 7.35163E-2 7.31797E-2 6.05805E-2 7.74689E-2 8.38172E-2 8.70454E-2 5.77811E-2 7.97219E-2 6.264E-2 5.72151E-2 7.47857E-2 8.24768E-2 1.00845E-1 1.18297E-1 5.74426E-2 5.69483E-2 5.84193E-2 6.03507E-2 6.31714E-2 7.55705E-2 8.55293E-2 9.47204E-2 9.75386E-2 8.19168E-2 6.61812E-2 6.63439E-2 7.1393E-2 6.93029E-2 6.34615E-2 1.07404E-1 1.37498E-1 1.22953E-1 1.12091E-1 1.19178E-1 1.26967E-1 1.07653E-1 1.01715E-1 1.80448E-1 1.50718E-1 1.3009E-1 1.09332E-1 1.65479E-1 1.75522E-1 1.81256E-1 1.87831E-1 1.82967E-1 1.87087E-1 1.83946E-1 2.02784E-1 2.09016E-1 1.31737E-1 1.5378E-1 1.52081E-1 1.32194E-1 1.47609E-1 1.43622E-1
1.14966E-1 9.56136E-2 8.33774E-2 9.81243E-2 5.24268E-2 4.91444E-2 6.7077E-2 7.49517E-2 8.13091E-2 7.65154E-2 8.08637E-2 8.3001E-2 5.56287E-2 6.35182E-2 5.99926E-2 7.99494E-2 6.63638E-2 7.37579E-2 7.67996E-2 6.07162E-2 5.60905E-2 6.27675E-2 6.01636E-2 5.57472E-2 7.56155E-2 6.76945E-2 7.64075E-2 9.02955E-2 9.00406E-2 7.16952E-2 6.74915E-2 7.47706E-2 7.51284E-2 6.98173E-2 1.17076E-1 1.29776E-1 1.14483E-1 1.16887E-1 1.16476E-1 1.10966E-1 9.02664E-2 9.76468E-2 1.81617E-1 1.28188E-1 1.18659E-1 1.11266E-1 1.61654E-1 1.6782E-1 1.79645E-1 1.86168E-1 1.91196E-1 1.92138E-1 1.88759E-1 2.07188E-1 2.25076E-1 1.44653E-1 1.39602E-1 1.47989E-1 1.38417E-1 1.84311E-1 1.49318E-1
1.93814E-1 9.95974E-2 7.84413E-2 1.03581E-1 5.26913E-2 5.25167E-2 4.66079E-2 7.44781E-2 7.96047E-2 5.36409E-2 5.64427E-2 5.67518E-2 5.67977E-2 7.63819E-2 5.40102E-2 8.75129E-2 6.66427E-2 6.42788E-2 6.24685E-2 5.76446E-2 6.09503E-2 5.61348E-2 5.59164E-2 5.95176E-2 6.18774E-2 6.45833E-2 6.58579E-2 7.90798E-2 7.61027E-2 7.29701E-2 8.99667E-2 9.4364E-2 9.75467E-2 9.3143E-2 1.07869E-1 1.18127E-1 1.08261E-1 1.19992E-1 1.12736E-1 1.14691E-1 1.03038E-1 9.21199E-2 9.87347E-2 1.04632E-1 1.66665E-1 1.1179E-1 1.62366E-1 1.64064E-1 1.6254E-1 1.73894E-1 1.92879E-1 1.84604E-1 2.00902E-1 1.99596E-1 2.5535E-1 1.48497E-1 1.47152E-1 1.39252E-1 1.36992E-1 1.89901E-1 1.52232E-1
1.99875E-1 1.01309E-1 8.69567E-2 1.11632E-1 1.04935E-1 5.27396E-2 4.79441E-2 5.54084E-2 5.12385E-2 5.44682E-2 7.71046E-2 6.25156E-2 6.04786E-2 5.51569E-2 5.76603E-2 5.99732E-2 5.85219E-2 5.68683E-2 5.42706E-2 5.42988E-2 5.9412E-2 6.00428E-2 7.16105E-2 6.75635E-2 6.44687E-2 6.75391E-2 6.33075E-2 7.36599E-2 7.14036E-2 8.99636E-2 9.19234E-2 9.58774E-2 9.45298E-2 9.17494E-2 1.04261E-1 9.73744E-2 1.00182E-1 1.01786E-1 9.67504E-2 9.66569E-2 1.09899E-1 1.02795E-1 9.91034E-2 1.01274E-1 1.63608E-1 1.68915E-1 1.68395E-1 1.7169E-1 1.63117E-1 1.68413E-1 1.92024E-1 1.67832E-1 1.81114E-1 2.07265E-1 1.50618E-1 2.09699E-1 2.20864E-1 1.45896E-1 1.53992E-1 1.5128E-1 1.37155E-1
2.20943E-1 1.05132E-1 1.50593E-1 1.24583E-1 1.18109E-1 5.30351E-2 5.09975E-2 5.46799E-2 5.34592E-2 5.28444E-2 8.18279E-2 6.29451E-2 6.09836E-2 5.54647E-2 6.0775E-2 6.0255E-2 5.87676E-2 5.60623E-2 5.47912E-2 6.00523E-2 5.95321E-2 6.30645E-2 7.8393E-2 7.98836E-2 6.52479E-2 6.14792E-2 6.36172E-2 8.70866E-2 7.8684E-2 7.70114E-2 9.31786E-2 1.01771E-1 1.00772E-1 9.20969E-2 8.99709E-2 8.52814E-2 9.99332E-2 9.18831E-2 7.25531E-2 7.28666E-2 1.08542E-1 1.16366E-1 1.13112E-1 1.06699E-1 1.71109E-1 1.74376E-1 1.71351E-1 1.57945E-1 1.60267E-1 1.70709E-1 1.7702E-1 1.67831E-1 1.75615E-1 2.0258E-1 1.90422E-1 2.04549E-1 2.18221E-1 2.37926E-1 1.56086E-1 1.29448E-1 1.24842E-1
2.11423E-1 1.08949E-1 1.08462E-1 1.54088E-1 1.26352E-1 1.20321E-1 1.09672E-1 5.31786E-2 5.78547E-2 5.61284E-2 5.3629E-2 1.02636E-1 5.61798E-2 5.40398E-2 5.42306E-2 5.88008E-2 7.06186E-2 5.12069E-2 5.17773E-2 1.20226E-1 7.64868E-2 6.32845E-2 6.59003E-2 6.31734E-2 6.26343E-2 6.5368E-2 6.54574E-2 8.82329E-2 7.40609E-2 7.9039E-2 9.81172E-2 1.05085E-1 1.0558E-1 7.85347E-2 7.51243E-2 7.76575E-2 9.28688E-2 9.18329E-2 6.95157E-2 7.91873E-2 1.02586E-1 1.14282E-1 1.17491E-1 1.69488E-1 1.79015E-1 1.78219E-1 1.76024E-1 1.66668E-1 1.66744E-1 1.63929E-1 1.66068E-1 1.66888E-1 1.78516E-1 2.01571E-1 1.76353E-1 1.95527E-1 2.12685E-1 2.36886E-1 1.42443E-1 1.30711E-1 1.28918E-1
2.1373E-1 1.09292E-1 1.0099E-1 1.49147E-1 1.22132E-1 1.86635E-1 1.30139E-1 6.47532E-2 5.89293E-2 1.09265E-1 6.45691E-2 5.75043E-2 5.49744E-2 5.62021E-2 5.48826E-2 5.78161E-2 6.45097E-2 5.81636E-2 5.26512E-2 6.09718E-2 7.11462E-2 7.34233E-2 6.34817E-2 6.84454E-2 6.59025E-2 6.47588E-2 6.69367E-2 8.5393E-2 7.40925E-2 7.64173E-2 8.71387E-2 1.03217E-1 8.92819E-2 6.65591E-2 6.77427E-2 7.46424E-2 7.62542E-2 9.6655E-2 7.39661E-2 8.14635E-2 1.03973E-1 1.7325E-1 1.27532E-1 1.75499E-1 1.77328E-1 1.76635E-1 1.83218E-1 1.60743E-1 1.81462E-1 1.56432E-1 1.69677E-1 1.6163E-1 1.86471E-1 1.95056E-1 1.79358E-1 1.98818E-1 2.02356E-1 2.12557E-1 1.33681E-1 2.06051E-1 1.34353E-1
1.88567E-1 1.97956E-1 1.15175E-1 5.70478E-2 1.36113E-1 1.24235E-1 2.05484E-1 5.88737E-2 6.27859E-2 1.2024E-1 6.5038E-2 1.09057E-1 1.05393E-1 5.4483E-2 5.38883E-2 6.0777E-2 1.10473E-1 5.7297E-2 5.39071E-2 7.2895E-2 7.2102E-2 7.64541E-2 6.50378E-2 7.9824E-2 6.19391E-2 7.08519E-2 7.22918E-2 8.77528E-2 7.80044E-2 8.89479E-2 7.528E-2 7.86638E-2 7.76773E-2 6.8478E-2 6.88324E-2 7.07162E-2 7.07872E-2 7.48472E-2 9.85202E-2 9.62878E-2 1.05329E-1 1.09483E-1 1.84215E-1 1.92567E-1 1.80342E-1 1.7812E-1 1.69502E-1 1.90501E-1 1.68741E-1 1.61305E-1 1.62579E-1 1.61209E-1 1.67963E-1 1.8713E-1 1.6348E-1 1.96569E-1 1.88884E-1 1.86566E-1 1.94919E-1 2.10391E-1 2.24609E-1
1.1209E-1 1.27034E-1 2.12491E-1 1.28945E-1 1.15217E-1 5.67264E-2 1.04778E-1 5.87041E-2 1.08557E-1 1.1976E-1 6.64386E-2 1.08607E-1 1.13924E-1 5.30993E-2 1.08284E-1 5.37476E-2 4.98024E-2 6.49739E-2 6.43641E-2 7.67179E-2 7.65562E-2 6.38858E-2 6.23204E-2 7.52824E-2 6.44252E-2 8.04998E-2 7.76409E-2 8.64053E-2 8.74305E-2 8.14264E-2 6.79764E-2 6.83627E-2 6.90412E-2 7.85689E-2 6.74739E-2 7.23709E-2 7.71894E-2 7.64597E-2 7.60119E-2 1.07143E-1 1.04782E-1 1.04934E-1 1.74615E-1 1.89921E-1 1.8512E-1 1.84483E-1 1.76441E-1 1.63246E-1 1.55933E-1 1.64054E-1 1.69311E-1 1.72381E-1 1.64797E-1 1.63388E-1 1.63388E-1 1.7015E-1 1.67604E-1 1.75579E-1 1.71488E-1 1.81241E-1 2.03712E-1
1.06591E-1 1.59163E-1 1.81166E-1 2.08819E-1 2.19307E-1 1.14992E-1 1.05052E-1 5.04506E-2 5.80542E-2 1.09141E-1 1.07262E-1 1.08649E-1 1.05145E-1 5.46573E-2 5.95421E-2 6.0797E-2 7.023E-2 5.84062E-2 5.37294E-2 6.89663E-2 1.99066E-1 2.14078E-1 6.94722E-2 5.98457E-2 6.62589E-2 7.28287E-2 9.11028E-2 8.02999E-2 6.33213E-2 6.58299E-2 6.83268E-2 6.80043E-2 6.70999E-2 6.61798E-2 6.95869E-2 7.14768E-2 7.57163E-2 7.63461E-2 1.0954E-1 1.03108E-1 1.09149E-1 1.09249E-1 1.0885E-1 1.72269E-1 1.80238E-1 1.84382E-1 1.77916E-1 1.55932E-1 1.83616E-1 1.828E-1 1.88671E-1 1.77178E-1 1.80455E-1 1.72384E-1 1.64631E-1 1.73837E-1 1.8007E-1 1.74517E-1 1.8495E-1 1.7767E-1 1.753E-1
1.13194E-1 2.69816E-1 2.19489E-1 1.24801E-1 1.08522E-1 9.09217E-2 9.60852E-2 9.10719E-2 6.16448E-2 9.6823E-2 6.17773E-2 1.02302E-1 1.01079E-1 1.01754E-1 5.78411E-2 5.85602E-2 1.17004E-1 1.17685E-1 6.18054E-2 8.83792E-2 1.23223E-1 2.11921E-1 6.20248E-2 5.90078E-2 6.8437E-2 7.75805E-2 6.25147E-2 6.84018E-2 6.65153E-2 8.89964E-2 7.35994E-2 7.24703E-2 6.10803E-2 6.68369E-2 7.02764E-2 7.31235E-2 7.46475E-2 7.82693E-2 8.54959E-2 1.14787E-1 1.21842E-1 1.17481E-1 1.13326E-1 1.16032E-1 1.80683E-1 1.80859E-1 1.58005E-1 1.79379E-1 1.91099E-1 1.89522E-1 1.97315E-1 1.97976E-1 2.08635E-1 1.6245E-1 1.61128E-1 1.80351E-1 1.84334E-1 1.7787E-1 1.89205E-1 1.7512E-1 1.75218E-1
3.41623E-1 2.32165E-1 2.22819E-1 1.0431E-1 1.06564E-1 1.08748E-1 9.9949E-2 9.80229E-2 1.01016E-1 9.98034E-2 5.68223E-2 5.60149E-2 6.04441E-2 6.19646E-2 5.90781E-2 1.02269E-1 5.90381E-2 1.09387E-1 6.94383E-2 1.17879E-1 1.18609E-1 1.87949E-1 6.85064E-2 6.35768E-2 6.60566E-2 6.47858E-2 6.10579E-2 7.80339E-2 7.65659E-2 1.17762E-1 7.62725E-2 6.8203E-2 7.32892E-2 7.0286E-2 6.83337E-2 7.31227E-2 7.37047E-2 7.84808E-2 8.02404E-2 1.09205E-1 1.22527E-1 1.23524E-1 1.12732E-1 1.13375E-1 1.81383E-1 1.72079E-1 1.69056E-1 1.82606E-1 1.91098E-1 2.03182E-1 1.93562E-1 2.06771E-1 2.34082E-1 1.55901E-1 1.62611E-1 1.83615E-1 1.82695E-1 1.81882E-1 1.76105E-1 1.75318E-1 1.76894E-1
