Artocarpus heterophyllus SDM files/MIS19/results (with bias file)/Arthet_4.asc
ncols         625
nrows         721
xllcorner     69.99986311115
yllcorner     5.99986187915
cellsize      0.041666667
NODATA_value  -9999
[rows 27 to 53 of 721, columns 366 to 426 of 625]
1.65585E-2 1.63936E-2 1.53115E-2 1.49407E-2 1.41204E-2 1.25758E-2 1.33137E-2 1.49182E-2 1.43728E-2 1.33752E-2 1.31832E-2 1.22664E-2 1.15394E-2 1.104E-2 1.13432E-2 1.09685E-2 1.3675E-2 1.10862E-2 1.03468E-2 1.03468E-2 1.01604E-2 1.04759E-2 5.72122E-3 5.71944E-3 5.64015E-3 5.54483E-3 1.00795E-2 5.65233E-3 9.79994E-3 1.06911E-2 1.78935E-2 1.34143E-2 1.01874E-2 1.13345E-2 1.62769E-2 2.06821E-2 1.74652E-2 1.31488E-2 1.28704E-2 1.65751E-2 1.45716E-2 1.12043E-2 1.65877E-2 1.26192E-2 9.68099E-3 5.17404E-3 4.94529E-3 5.13517E-3 5.22153E-3 4.98778E-3 5.09056E-3 5.35076E-3 5.25455E-3 1.13373E-2 1.37968E-2 1.68445E-2 1.72554E-2 1.73208E-2 1.65546E-2 1.48704E-2 1.3442E-2
1.70849E-2 1.58113E-2 1.54822E-2 1.60811E-2 1.58122E-2 1.46542E-2 1.41072E-2 1.42497E-2 1.48022E-2 1.43935E-2 1.44067E-2 1.4151E-2 1.44881E-2 1.25425E-2 1.26589E-2 1.34875E-2 1.44485E-2 1.17547E-2 1.10087E-2 1.09587E-2 1.16887E-2 1.1578E-2 1.10376E-2 1.02333E-2 1.10524E-2 1.2066E-2 1.27833E-2 1.34168E-2 1.22804E-2 1.20456E-2 1.62661E-2 1.45693E-2 1.03192E-2 1.09366E-2 1.39855E-2 1.46532E-2 1.4842E-2 1.14735E-2 1.0905E-2 1.57516E-2 1.30401E-2 1.18425E-2 1.40047E-2 1.21334E-2 1.00273E-2 1.02977E-2 5.5958E-3 5.67069E-3 5.85072E-3 9.75339E-3 1.03159E-2 1.05076E-2 1.45196E-2 1.7426E-2 2.07261E-2 2.03143E-2 1.60641E-2 1.45476E-2 1.1322E-2 9.82065E-3 5.16649E-3
1.23884E-2 1.28453E-2 1.43225E-2 1.69524E-2 1.64476E-2 1.67281E-2 1.61985E-2 1.93989E-2 1.67277E-2 1.63789E-2 1.89238E-2 1.69398E-2 1.49808E-2 1.72831E-2 1.55217E-2 1.50436E-2 1.44441E-2 1.44066E-2 1.29799E-2 1.28235E-2 1.26485E-2 1.16568E-2 1.10102E-2 1.137E-2 1.54509E-2 2.04865E-2 1.75275E-2 1.51636E-2 1.64667E-2 2.08395E-2 1.4365E-2 1.18401E-2 1.03544E-2 9.72147E-3 9.68466E-3 1.47905E-2 1.67147E-2 1.63571E-2 1.21896E-2 1.37616E-2 1.37098E-2 1.47624E-2 1.32544E-2 1.65364E-2 1.61467E-2 1.25701E-2 1.11716E-2 1.51508E-2 1.53612E-2 1.29129E-2 1.63227E-2 1.58068E-2 1.4482E-2 1.68382E-2 1.51162E-2 1.53161E-2 1.45945E-2 1.4078E-2 1.12441E-2 1.08624E-2 1.24035E-2
1.34359E-2 1.37393E-2 1.22051E-2 1.26155E-2 1.54535E-2 1.56016E-2 1.30245E-2 1.19189E-2 1.28611E-2 1.43515E-2 1.53138E-2 1.95351E-2 2.00106E-2 1.87475E-2 1.65046E-2 1.99124E-2 1.99878E-2 1.95713E-2 1.81492E-2 1.45029E-2 1.44034E-2 1.13238E-2 1.12548E-2 1.57703E-2 2.01474E-2 1.98125E-2 1.87481E-2 1.49785E-2 1.31532E-2 1.07087E-2 1.0441E-2 1.047E-2 1.08563E-2 1.06216E-2 1.08744E-2 1.35091E-2 1.45444E-2 1.61261E-2 1.32722E-2 1.5441E-2 1.4685E-2 1.04039E-2 5.50705E-3 9.27386E-3 1.38243E-2 1.53517E-2 1.3387E-2 1.50533E-2 1.38588E-2 1.30973E-2 1.45687E-2 1.38327E-2 1.30935E-2 1.60622E-2 1.45161E-2 1.63346E-2 1.40037E-2 1.30312E-2 1.32953E-2 1.54761E-2 1.48681E-2
1.15165E-2 1.37881E-2 1.46156E-2 1.24968E-2 1.24916E-2 1.46156E-2 1.49838E-2 1.42785E-2 1.45566E-2 1.37541E-2 1.34856E-2 1.23063E-2 1.20082E-2 1.23057E-2 1.56319E-2 1.41786E-2 1.43132E-2 1.14015E-2 1.17724E-2 1.45466E-2 1.42487E-2 1.4989E-2 1.71929E-2 1.9538E-2 1.58852E-2 1.14888E-2 5.66655E-3 5.47288E-3 5.43062E-3 5.57376E-3 1.10117E-2 1.19076E-2 1.71632E-2 2.01917E-2 1.46445E-2 1.01906E-2 9.864E-3 1.00134E-2 9.9875E-3 1.33495E-2 1.16826E-2 1.04068E-2 9.67653E-3 1.00826E-2 1.25531E-2 1.028E-2 9.76416E-3 1.3166E-2 1.29171E-2 9.76479E-3 1.28464E-2 1.64918E-2 1.68673E-2 1.54178E-2 1.62813E-2 1.65639E-2 1.63468E-2 1.49487E-2 1.58829E-2 2.005E-2 1.65944E-2
1.31253E-2 1.28366E-2 1.26768E-2 1.31137E-2 1.24007E-2 1.42612E-2 1.48333E-2 1.50056E-2 1.62774E-2 1.62617E-2 1.56088E-2 1.3115E-2 1.50056E-2 1.61434E-2 1.8095E-2 1.44468E-2 1.18562E-2 1.14558E-2 1.25292E-2 1.65792E-2 1.55431E-2 1.5767E-2 1.49123E-2 1.3997E-2 1.03089E-2 5.5722E-3 5.47597E-3 5.54393E-3 9.86361E-3 1.09926E-2 1.19786E-2 1.20603E-2 1.42632E-2 1.66001E-2 1.2969E-2 5.55274E-3 5.39339E-3 5.4647E-3 1.0249E-2 1.26854E-2 1.42623E-2 1.3492E-2 1.20164E-2 1.08933E-2 9.40454E-3 9.80245E-3 5.23705E-3 5.55855E-3 9.90526E-3 1.00206E-2 1.36411E-2 1.59415E-2 1.16655E-2 1.26752E-2 1.53952E-2 1.37807E-2 1.1326E-2 1.1005E-2 1.38295E-2 1.48341E-2 1.33209E-2
1.47358E-2 1.48167E-2 1.52212E-2 1.56761E-2 1.28316E-2 1.26864E-2 1.53782E-2 1.65681E-2 1.60593E-2 1.58277E-2 1.69579E-2 1.44868E-2 1.58357E-2 1.41106E-2 1.36104E-2 1.26051E-2 1.38651E-2 1.59424E-2 1.33779E-2 1.1016E-2 1.08921E-2 1.08363E-2 1.02487E-2 1.07083E-2 1.12267E-2 1.27293E-2 1.24276E-2 1.22388E-2 1.43009E-2 1.39745E-2 1.32783E-2 1.23433E-2 1.08404E-2 1.32827E-2 1.12072E-2 1.04986E-2 9.92411E-3 5.51705E-3 1.44133E-2 1.5912E-2 1.75335E-2 1.55259E-2 1.46995E-2 1.30353E-2 1.22995E-2 1.13928E-2 1.07115E-2 1.36007E-2 1.4024E-2 1.39798E-2 1.39655E-2 1.49471E-2 1.0343E-2 1.28973E-2 1.65216E-2 1.36731E-2 9.29039E-3 1.32822E-2 1.50999E-2 1.4704E-2 1.34064E-2
1.47911E-2 1.43018E-2 1.53166E-2 1.50779E-2 1.48704E-2 1.22833E-2 1.29264E-2 1.47002E-2 1.6056E-2 1.47982E-2 1.32499E-2 1.13564E-2 1.42753E-2 1.48904E-2 1.55717E-2 1.41506E-2 1.28716E-2 1.23872E-2 1.38377E-2 1.45811E-2 1.90351E-2 1.70367E-2 1.69647E-2 1.76202E-2 1.78147E-2 1.84882E-2 1.79659E-2 2.00706E-2 1.82249E-2 1.87541E-2 1.52098E-2 1.27698E-2 1.18902E-2 1.37545E-2 1.40402E-2 1.3168E-2 1.21467E-2 1.04802E-2 9.34107E-3 1.37803E-2 1.41455E-2 1.58805E-2 1.49028E-2 1.44611E-2 1.21332E-2 9.90814E-3 9.79047E-3 1.03901E-2 9.70079E-3 1.16469E-2 5.28549E-3 1.15543E-2 1.63277E-2 1.68931E-2 1.673E-2 1.311E-2 1.26225E-2 1.63586E-2 1.70716E-2 1.60278E-2 1.37535E-2
1.47134E-2 1.45552E-2 1.37484E-2 1.3425E-2 1.50818E-2 1.23786E-2 1.3101E-2 1.47354E-2 1.57709E-2 1.61555E-2 1.26331E-2 1.17146E-2 1.13174E-2 1.32178E-2 1.51938E-2 1.4164E-2 1.43541E-2 1.88577E-2 1.86629E-2 1.39688E-2 1.62531E-2 1.86686E-2 1.55432E-2 1.40763E-2 1.40292E-2 1.54013E-2 1.47143E-2 1.42748E-2 1.51951E-2 1.56017E-2 1.5569E-2 1.53093E-2 1.44998E-2 1.48492E-2 1.56039E-2 1.46856E-2 1.45103E-2 1.32356E-2 1.037E-2 5.47974E-3 1.03719E-2 1.20094E-2 1.22742E-2 1.36958E-2 1.22227E-2 1.23381E-2 5.73187E-3 9.82093E-3 1.0518E-2 5.25303E-3 1.02558E-2 1.39667E-2 1.75035E-2 1.75106E-2 1.40206E-2 1.30604E-2 1.52904E-2 1.71007E-2 1.99829E-2 1.91972E-2 1.35426E-2
1.33478E-2 1.19006E-2 1.15274E-2 1.50887E-2 1.57575E-2 1.27723E-2 1.17031E-2 1.43438E-2 1.42754E-2 1.32028E-2 1.35258E-2 1.45156E-2 1.04991E-2 1.10205E-2 1.79181E-2 1.53154E-2 1.53558E-2 1.4713E-2 1.49748E-2 1.84329E-2 1.8743E-2 1.49325E-2 1.32483E-2 1.22694E-2 1.23801E-2 1.25252E-2 1.13818E-2 1.09271E-2 1.12563E-2 1.40374E-2 1.26193E-2 1.48445E-2 1.45887E-2 1.25494E-2 1.28458E-2 1.4676E-2 1.44942E-2 1.50262E-2 1.29758E-2 1.24156E-2 1.00737E-2 5.29816E-3 5.20369E-3 5.12843E-3 5.27082E-3 1.04465E-2 1.00748E-2 1.09697E-2 1.44263E-2 1.4394E-2 1.64176E-2 1.73551E-2 1.56579E-2 1.43093E-2 1.22257E-2 1.62523E-2 1.62444E-2 1.53819E-2 1.60282E-2 1.44276E-2 1.19812E-2
1.13731E-2 1.04672E-2 9.88094E-3 1.10087E-2 1.26882E-2 1.43745E-2 1.27025E-2 1.43879E-2 1.48764E-2 1.30496E-2 1.42233E-2 1.3255E-2 5.95895E-3 1.12556E-2 1.70255E-2 1.64676E-2 1.88988E-2 1.42603E-2 1.22365E-2 1.19751E-2 1.30156E-2 1.44749E-2 1.26377E-2 1.38414E-2 1.45589E-2 1.38276E-2 1.39091E-2 1.36415E-2 1.23948E-2 1.26666E-2 1.28785E-2 1.36686E-2 1.39016E-2 1.40478E-2 1.6775E-2 1.55929E-2 1.51123E-2 1.53375E-2 1.43116E-2 1.28228E-2 1.06259E-2 5.94157E-3 1.02396E-2 1.1902E-2 1.13141E-2 1.05951E-2 1.12663E-2 1.16529E-2 1.46585E-2 1.39651E-2 1.01448E-2 1.13419E-2 1.14977E-2 1.16594E-2 1.16866E-2 1.2974E-2 1.37397E-2 1.38875E-2 1.40483E-2 1.31801E-2 1.0249E-2
5.61081E-3 5.49747E-3 5.51887E-3 1.09614E-2 1.25251E-2 1.57265E-2 1.54247E-2 1.30026E-2 1.38021E-2 1.72784E-2 1.33133E-2 1.16165E-2 6.02296E-3 9.63066E-3 1.67075E-2 1.83212E-2 1.43627E-2 1.35498E-2 1.30962E-2 1.32425E-2 1.09636E-2 1.05496E-2 1.03508E-2 1.20839E-2 1.35121E-2 1.50287E-2 1.58755E-2 1.45458E-2 1.50209E-2 1.48276E-2 1.40764E-2 1.0953E-2 1.11237E-2 1.14345E-2 1.10396E-2 1.05947E-2 5.80783E-3 1.12036E-2 1.56016E-2 1.27464E-2 1.13078E-2 1.32943E-2 1.21992E-2 1.26585E-2 1.6392E-2 1.68339E-2 1.48189E-2 1.24024E-2 1.46619E-2 1.64908E-2 1.56898E-2 1.11208E-2 5.25055E-3 5.037E-3 5.26572E-3 1.15859E-2 1.46114E-2 1.31397E-2 1.14578E-2 1.14188E-2 1.18394E-2
5.57538E-3 5.59651E-3 5.44444E-3 1.11359E-2 1.11882E-2 1.24387E-2 1.24104E-2 9.9144E-3 1.14992E-2 1.1894E-2 1.17416E-2 1.13368E-2 1.05795E-2 1.24703E-2 1.58719E-2 1.44795E-2 1.18115E-2 1.12192E-2 1.15515E-2 1.50344E-2 1.27125E-2 1.14193E-2 1.09125E-2 9.99718E-3 1.1499E-2 1.35447E-2 1.36616E-2 1.15601E-2 1.17107E-2 1.41562E-2 1.39747E-2 1.11544E-2 5.7954E-3 5.85288E-3 5.79103E-3 5.76901E-3 5.6833E-3 5.48739E-3 5.48739E-3 5.61798E-3 1.01872E-2 1.07812E-2 1.11934E-2 1.45437E-2 1.6809E-2 1.8056E-2 1.42033E-2 5.79099E-3 1.00722E-2 1.40312E-2 1.53064E-2 1.45482E-2 1.13141E-2 5.08592E-3 5.11124E-3 1.21904E-2 1.68377E-2 1.6327E-2 1.03084E-2 5.36493E-3 1.16606E-2
5.65054E-3 5.68624E-3 5.48746E-3 1.09136E-2 1.06286E-2 1.04872E-2 1.02598E-2 1.0835E-2 1.0389E-2 1.20541E-2 1.24452E-2 1.14088E-2 1.32117E-2 1.71325E-2 1.659E-2 1.49602E-2 1.3131E-2 1.3539E-2 1.23794E-2 1.18928E-2 1.40798E-2 1.43625E-2 1.36137E-2 1.24539E-2 1.11412E-2 1.06433E-2 1.03819E-2 1.00326E-2 1.02711E-2 1.05218E-2 1.07719E-2 1.13773E-2 1.2631E-2 1.34279E-2 1.27571E-2 1.27102E-2 1.25346E-2 1.12654E-2 1.15671E-2 1.26753E-2 1.31592E-2 1.20029E-2 1.24024E-2 1.81173E-2 1.41749E-2 1.2454E-2 1.16104E-2 1.09157E-2 1.01268E-2 1.0093E-2 1.12769E-2 1.03011E-2 5.80366E-3 5.50794E-3 5.09924E-3 1.22693E-2 1.68564E-2 1.24976E-2 5.11905E-3 4.96116E-3 1.24803E-2
5.93561E-3 5.80156E-3 5.85288E-3 5.59993E-3 1.05331E-2 1.06895E-2 1.03013E-2 1.20674E-2 1.08527E-2 1.02286E-2 1.25542E-2 1.27522E-2 1.45408E-2 1.23783E-2 1.19531E-2 1.1134E-2 1.26985E-2 1.25196E-2 1.26327E-2 1.38803E-2 1.53553E-2 1.53302E-2 1.93268E-2 1.55625E-2 1.36725E-2 1.4145E-2 1.35323E-2 1.26683E-2 1.30822E-2 1.45732E-2 1.5386E-2 1.60045E-2 1.59872E-2 1.62474E-2 1.58334E-2 1.53203E-2 1.78963E-2 1.83273E-2 1.77063E-2 1.81566E-2 1.8731E-2 1.49667E-2 1.4186E-2 1.14717E-2 1.18371E-2 1.51658E-2 1.71558E-2 1.57297E-2 1.44815E-2 1.59975E-2 1.30041E-2 1.15536E-2 1.09315E-2 1.28716E-2 1.43468E-2 1.52858E-2 1.29459E-2 5.65889E-3 5.83615E-3 5.3867E-3 1.34183E-2
6.40408E-3 5.91925E-3 5.97398E-3 1.02552E-2 5.75811E-3 1.12729E-2 1.28659E-2 1.25379E-2 1.26993E-2 1.15554E-2 1.29301E-2 1.08228E-2 1.15681E-2 1.04232E-2 9.87864E-3 9.55648E-3 1.0442E-2 1.2051E-2 1.21178E-2 1.23527E-2 1.32931E-2 1.29661E-2 1.18629E-2 1.3345E-2 1.21833E-2 1.39829E-2 1.51714E-2 1.61342E-2 1.78744E-2 1.7725E-2 1.78755E-2 1.81332E-2 1.62853E-2 1.87393E-2 1.86271E-2 1.51804E-2 1.41149E-2 1.48639E-2 1.44779E-2 1.4483E-2 1.43804E-2 1.463E-2 1.33494E-2 1.3387E-2 1.18376E-2 1.16218E-2 1.22772E-2 1.28592E-2 1.25431E-2 1.15947E-2 1.07042E-2 1.07874E-2 1.1191E-2 1.06877E-2 1.39502E-2 1.58966E-2 1.63691E-2 1.74836E-2 1.94283E-2 1.3473E-2 5.64308E-3
6.24785E-3 6.20225E-3 5.87365E-3 1.0652E-2 6.07029E-3 5.7199E-3 5.60307E-3 9.50876E-3 9.75511E-3 1.03449E-2 1.24977E-2 1.21572E-2 1.03849E-2 9.56989E-3 1.06152E-2 1.01383E-2 1.10891E-2 1.14799E-2 1.16905E-2 1.13663E-2 1.12571E-2 1.17258E-2 1.13604E-2 1.07218E-2 1.04766E-2 1.21254E-2 1.59665E-2 1.54035E-2 1.35924E-2 1.4345E-2 1.38284E-2 1.5276E-2 1.75767E-2 1.49433E-2 1.51973E-2 1.54132E-2 1.46878E-2 1.39618E-2 1.48649E-2 1.81156E-2 1.84993E-2 1.57592E-2 1.75729E-2 1.78408E-2 1.51772E-2 1.42403E-2 1.42715E-2 1.52389E-2 1.49578E-2 1.32597E-2 1.28018E-2 1.37981E-2 1.6952E-2 1.3473E-2 1.00158E-2 1.20435E-2 1.46369E-2 1.49481E-2 1.46035E-2 1.53233E-2 1.01233E-2
1.32809E-2 1.39012E-2 6.51763E-3 6.1842E-3 5.99157E-3 5.7457E-3 5.6432E-3 5.67358E-3 9.84552E-3 1.02669E-2 1.36376E-2 1.38186E-2 1.30894E-2 1.11014E-2 9.90736E-3 1.03707E-2 1.08908E-2 1.0768E-2 1.09842E-2 1.10939E-2 1.12809E-2 1.16249E-2 1.15929E-2 6.28548E-3 1.0604E-2 1.31992E-2 1.38172E-2 1.41161E-2 1.34232E-2 1.12978E-2 1.10897E-2 1.45398E-2 1.88123E-2 1.81618E-2 1.43862E-2 1.33282E-2 1.32016E-2 1.5345E-2 1.34301E-2 1.33029E-2 1.32609E-2 1.20233E-2 1.49076E-2 1.27833E-2 1.2772E-2 1.60181E-2 1.73472E-2 1.44981E-2 1.55019E-2 1.50026E-2 1.76201E-2 1.54912E-2 1.52186E-2 1.53549E-2 1.28417E-2 1.03995E-2 1.23718E-2 1.57027E-2 1.39872E-2 1.1068E-2 1.02234E-2
1.11026E-2 1.2795E-2 1.43471E-2 1.38881E-2 1.42255E-2 1.38022E-2 6.46476E-3 6.01875E-3 5.88033E-3 9.91184E-3 1.0183E-2 1.20502E-2 1.22341E-2 1.22168E-2 1.15228E-2 1.12559E-2 1.13653E-2 1.15144E-2 1.12236E-2 1.12718E-2 1.19855E-2 1.27838E-2 1.22408E-2 1.16977E-2 1.26559E-2 1.3705E-2 1.06149E-2 1.05214E-2 1.10234E-2 1.12576E-2 1.11691E-2 1.18388E-2 1.33529E-2 1.63081E-2 1.47457E-2 1.38441E-2 1.24305E-2 1.09543E-2 1.12731E-2 1.15455E-2 1.12176E-2 1.05687E-2 1.03372E-2 1.2658E-2 1.53355E-2 1.58921E-2 1.59147E-2 1.36262E-2 1.5065E-2 1.52046E-2 1.99912E-2 1.97796E-2 1.54069E-2 1.4753E-2 1.20362E-2 9.95174E-3 9.89561E-3 1.21458E-2 5.61591E-3 1.28983E-2 1.14093E-2
6.36814E-3 6.10396E-3 1.17337E-2 1.2272E-2 1.31656E-2 1.48013E-2 1.34136E-2 6.26651E-3 6.14088E-3 1.14703E-2 1.02074E-2 1.00455E-2 1.05185E-2 1.06626E-2 1.11165E-2 1.1161E-2 1.15759E-2 1.15331E-2 1.1406E-2 1.15235E-2 1.14283E-2 1.17272E-2 1.12643E-2 1.23374E-2 1.44239E-2 1.43868E-2 1.17497E-2 1.17424E-2 1.19354E-2 1.14436E-2 1.05949E-2 1.03222E-2 1.05597E-2 1.18183E-2 1.2101E-2 1.16832E-2 1.22E-2 1.23193E-2 1.18508E-2 1.21011E-2 1.11718E-2 6.11971E-3 5.74136E-3 5.72972E-3 1.0611E-2 1.38535E-2 1.4347E-2 1.46106E-2 1.46154E-2 1.27182E-2 1.58824E-2 1.56133E-2 1.30305E-2 1.36292E-2 1.25878E-2 1.35972E-2 1.27841E-2 1.11018E-2 1.22537E-2 1.56064E-2 1.16854E-2
1.37407E-2 6.31523E-3 6.04511E-3 6.26502E-3 1.14064E-2 1.30224E-2 1.51815E-2 1.31282E-2 6.13943E-3 6.11453E-3 1.25494E-2 1.16477E-2 1.09932E-2 6.38901E-3 1.09245E-2 1.114E-2 1.12445E-2 1.13312E-2 1.13273E-2 1.14667E-2 1.17533E-2 1.18803E-2 1.22187E-2 1.14727E-2 1.17538E-2 1.41274E-2 1.2538E-2 1.22504E-2 1.25558E-2 6.6008E-3 1.10718E-2 1.11332E-2 1.04747E-2 1.26618E-2 1.2071E-2 1.25881E-2 1.16043E-2 1.31641E-2 1.30128E-2 1.23386E-2 1.25137E-2 1.22457E-2 6.28109E-3 5.75548E-3 5.74414E-3 1.01965E-2 1.04985E-2 1.22876E-2 1.25506E-2 1.23514E-2 1.2334E-2 1.51851E-2 1.74291E-2 1.74174E-2 1.42049E-2 1.56739E-2 1.40864E-2 1.54569E-2 1.29535E-2 1.07982E-2 1.14051E-2
1.51078E-2 6.91083E-3 6.09468E-3 5.88899E-3 5.88371E-3 1.09744E-2 1.29752E-2 1.32626E-2 6.54068E-3 6.27112E-3 1.30274E-2 1.48533E-2 1.44232E-2 1.36317E-2 1.23764E-2 6.73154E-3 6.45312E-3 6.60921E-3 6.55844E-3 1.14007E-2 1.14297E-2 1.18763E-2 1.2833E-2 1.20249E-2 1.22408E-2 1.16377E-2 1.20675E-2 1.25452E-2 1.1833E-2 6.39268E-3 6.23067E-3 1.09272E-2 1.15703E-2 1.06235E-2 1.12304E-2 1.2475E-2 1.10155E-2 1.0569E-2 1.08202E-2 1.35536E-2 1.40998E-2 1.22459E-2 6.59219E-3 6.31107E-3 1.26654E-2 1.30671E-2 1.05019E-2 5.80403E-3 9.94101E-3 1.03062E-2 1.24954E-2 1.2958E-2 1.54773E-2 1.39715E-2 1.16326E-2 1.10342E-2 1.05746E-2 1.32918E-2 1.45782E-2 1.64842E-2 1.67195E-2
1.46754E-2 7.40545E-3 6.02327E-3 5.96988E-3 1.12325E-2 1.17433E-2 1.13312E-2 1.41716E-2 1.43481E-2 1.43033E-2 1.39007E-2 1.3087E-2 1.42683E-2 1.62753E-2 1.64829E-2 1.63141E-2 1.49992E-2 1.24054E-2 1.19494E-2 6.60388E-3 1.1286E-2 1.21857E-2 1.18678E-2 1.19084E-2 1.17471E-2 1.13394E-2 1.11857E-2 1.16681E-2 6.50007E-3 6.54731E-3 6.3814E-3 1.12684E-2 1.40208E-2 1.3395E-2 1.13161E-2 6.37075E-3 6.20071E-3 6.25446E-3 1.33556E-2 1.53715E-2 1.63998E-2 1.47519E-2 1.24564E-2 6.44962E-3 6.0743E-3 5.87538E-3 5.86277E-3 1.01276E-2 1.22371E-2 1.10101E-2 1.16894E-2 1.16935E-2 1.39793E-2 1.17678E-2 1.13499E-2 1.00845E-2 1.33463E-2 1.40084E-2 1.42237E-2 1.65018E-2 1.62777E-2
1.28419E-2 6.79096E-3 6.63473E-3 1.29887E-2 1.48422E-2 1.38327E-2 1.39183E-2 1.30788E-2 1.41595E-2 1.48131E-2 1.33743E-2 1.19726E-2 1.26779E-2 1.37488E-2 1.34865E-2 1.29836E-2 1.28437E-2 1.47473E-2 1.49998E-2 1.3657E-2 1.48908E-2 1.48484E-2 1.35303E-2 1.29842E-2 1.21243E-2 1.15888E-2 1.1864E-2 1.19096E-2 6.99308E-3 6.79277E-3 1.37992E-2 1.62712E-2 1.32998E-2 1.20024E-2 6.30896E-3 6.04444E-3 1.19233E-2 1.58614E-2 1.58678E-2 1.84411E-2 1.63604E-2 1.38581E-2 1.25748E-2 1.19316E-2 1.10815E-2 6.09213E-3 1.06601E-2 1.16145E-2 1.5237E-2 1.65931E-2 2.00158E-2 1.74849E-2 1.7077E-2 1.40386E-2 1.28918E-2 1.08899E-2 1.1169E-2 1.47896E-2 1.52708E-2 1.4829E-2 1.60552E-2
6.51223E-3 1.23224E-2 1.43103E-2 1.47055E-2 1.40788E-2 1.3076E-2 1.1696E-2 1.18842E-2 1.20918E-2 1.16899E-2 1.19311E-2 1.14727E-2 1.12422E-2 1.15866E-2 1.16873E-2 1.28544E-2 1.463E-2 1.58945E-2 1.63611E-2 1.49361E-2 1.37668E-2 1.6063E-2 1.46436E-2 1.40943E-2 1.50866E-2 1.5138E-2 1.64161E-2 1.71909E-2 1.51091E-2 1.45189E-2 1.52977E-2 1.41531E-2 1.20119E-2 6.5515E-3 1.20365E-2 6.60847E-3 1.41428E-2 1.35869E-2 1.278E-2 1.20185E-2 1.24045E-2 6.72281E-3 6.24385E-3 6.28689E-3 6.12776E-3 6.31858E-3 1.15341E-2 1.28749E-2 1.52891E-2 1.73579E-2 1.78937E-2 1.90271E-2 1.92381E-2 1.57544E-2 1.26367E-2 1.19012E-2 1.60895E-2 1.78174E-2 1.65472E-2 1.41533E-2 1.596E-2
1.3292E-2 1.32804E-2 1.24129E-2 1.2251E-2 1.21611E-2 1.22358E-2 1.21854E-2 1.16873E-2 6.64928E-3 6.46387E-3 6.45828E-3 6.42278E-3 1.09407E-2 1.12868E-2 1.1369E-2 1.14174E-2 1.12052E-2 1.15237E-2 1.24457E-2 1.44379E-2 1.33085E-2 1.22073E-2 1.27933E-2 1.37261E-2 1.40756E-2 1.46001E-2 1.42176E-2 1.43401E-2 1.62237E-2 1.3713E-2 1.34994E-2 6.813E-3 6.55694E-3 1.283E-2 1.51899E-2 1.44815E-2 1.24323E-2 1.14438E-2 1.09036E-2 6.26681E-3 6.20439E-3 6.24385E-3 6.41781E-3 6.52386E-3 1.1384E-2 1.16515E-2 1.25651E-2 1.63518E-2 1.71645E-2 1.67797E-2 1.58068E-2 1.60161E-2 1.55853E-2 1.52237E-2 1.47006E-2 1.279E-2 1.66632E-2 1.78713E-2 1.60575E-2 1.48216E-2 1.64996E-2
1.15319E-2 6.56468E-3 6.44214E-3 6.45859E-3 1.11191E-2 6.80732E-3 6.63782E-3 1.22387E-2 6.74327E-3 6.43435E-3 6.3631E-3 6.28736E-3 6.34712E-3 6.46224E-3 6.34712E-3 6.44012E-3 6.32338E-3 6.32338E-3 6.34822E-3 6.50013E-3 1.17943E-2 6.69733E-3 1.25273E-2 1.2121E-2 1.37183E-2 1.44978E-2 1.32349E-2 1.41308E-2 1.43202E-2 1.56493E-2 1.48186E-2 1.34551E-2 1.28267E-2 1.22667E-2 1.38216E-2 1.50672E-2 1.5177E-2 1.39744E-2 1.38793E-2 1.22763E-2 6.88492E-3 6.71267E-3 1.19969E-2 1.24112E-2 1.26215E-2 1.27914E-2 1.33181E-2 1.55523E-2 1.57505E-2 1.45779E-2 1.53193E-2 1.57705E-2 1.35103E-2 1.51765E-2 1.4708E-2 1.27941E-2 1.7082E-2 1.76017E-2 1.58685E-2 1.5524E-2 1.73665E-2
