Artocarpus heterophyllus SDM files/MIS19/results (with bias file)/Arthet_1.asc
ncols         625
nrows         721
xllcorner     69.99986311115
yllcorner     5.99986187915
cellsize      0.041666667
NODATA_value  -9999
[rows 135 to 161 of 721, columns 549 to 609 of 625]
3.21266E-2 2.16935E-2 5.06456E-2 4.83941E-2 3.62384E-2 3.33194E-2 4.47734E-2 4.39841E-2 4.10103E-2 2.40541E-2 2.49536E-2 2.64292E-2 3.75014E-2 3.42459E-2 3.36779E-2 2.8587E-2 2.04404E-2 2.19278E-2 1.97759E-2 1.72577E-2 1.42632E-2 2.02628E-2 3.64894E-2 2.00939E-2 1.78662E-2 3.09412E-2 1.61234E-2 2.50386E-2 2.82164E-2 3.05997E-2 2.9234E-2 2.21923E-2 1.5347E-2 1.34265E-2 1.39885E-2 1.55639E-2 2.5102E-2 2.51286E-2 3.40627E-2 3.66884E-2 2.63194E-2 3.71822E-2 3.03208E-2 3.74108E-2 4.50084E-2 3.63457E-2 2.92962E-2 3.25949E-2 2.80323E-2 2.52117E-2 2.67864E-2 2.86176E-2 2.06456E-2 3.19767E-2 4.18876E-2 2.77244E-2 2.56529E-2 4.75319E-2 3.04453E-2 2.47032E-2 5.56296E-2
2.64659E-2 2.96877E-2 2.83557E-2 4.30483E-2 3.62246E-2 4.99651E-2 3.93581E-2 3.02744E-2 4.31111E-2 4.40815E-2 3.38997E-2 2.63906E-2 5.25129E-2 4.59754E-2 3.32109E-2 2.03061E-2 2.68438E-2 2.26532E-2 1.98279E-2 2.53122E-2 1.73839E-2 3.12638E-2 3.02E-2 2.08448E-2 2.66252E-2 3.47922E-2 1.85223E-2 3.56579E-2 2.91971E-2 2.0306E-2 1.54283E-2 1.48673E-2 1.44007E-2 2.61464E-2 2.31976E-2 2.10569E-2 1.4665E-2 1.59274E-2 2.48725E-2 2.56024E-2 2.74114E-2 2.18547E-2 3.70977E-2 2.96706E-2 2.78313E-2 4.09199E-2 3.68833E-2 2.21299E-2 2.61347E-2 2.81133E-2 2.10125E-2 3.28324E-2 2.76671E-2 4.14682E-2 5.86671E-2 4.18521E-2 4.23166E-2 3.60057E-2 5.98069E-2 4.99548E-2 2.54078E-2
3.58658E-2 2.65309E-2 1.64148E-2 2.40117E-2 2.69329E-2 4.96935E-2 5.20575E-2 2.99732E-2 3.42001E-2 5.22221E-2 5.14798E-2 3.19039E-2 2.7155E-2 4.29944E-2 4.15563E-2 4.40092E-2 4.51971E-2 3.35453E-2 3.44844E-2 3.70584E-2 3.26619E-2 3.61762E-2 3.56496E-2 3.89125E-2 4.16977E-2 4.04241E-2 3.70301E-2 3.43883E-2 1.88788E-2 1.70471E-2 1.76474E-2 2.39711E-2 2.164E-2 1.98985E-2 2.79582E-2 2.02645E-2 1.92038E-2 2.00587E-2 1.89504E-2 1.51316E-2 1.61332E-2 1.73794E-2 1.97352E-2 3.18702E-2 3.20837E-2 3.06912E-2 3.50786E-2 4.78499E-2 5.29985E-2 5.44811E-2 3.83098E-2 3.96914E-2 5.22754E-2 4.20701E-2 4.15399E-2 5.36974E-2 5.29787E-2 3.07754E-2 6.58683E-2 4.22482E-2 5.49493E-2
4.91533E-2 3.07419E-2 2.55856E-2 2.18362E-2 1.95512E-2 5.1599E-2 4.57398E-2 2.92042E-2 4.56718E-2 3.49922E-2 5.23023E-2 4.22569E-2 1.47021E-2 1.86489E-2 2.47168E-2 4.25895E-2 5.47131E-2 5.38132E-2 4.44638E-2 4.24463E-2 3.00994E-2 3.07894E-2 2.76998E-2 4.49163E-2 2.50135E-2 3.57176E-2 3.43334E-2 2.35335E-2 2.96123E-2 2.53244E-2 1.95236E-2 2.75945E-2 2.97065E-2 2.03124E-2 2.14991E-2 2.97408E-2 3.17021E-2 2.35758E-2 2.86346E-2 1.97583E-2 2.49028E-2 2.0492E-2 2.23853E-2 2.40893E-2 1.86148E-2 2.24045E-2 2.59143E-2 3.6368E-2 4.28873E-2 4.24969E-2 5.103E-2 5.15933E-2 4.91837E-2 5.67278E-2 6.35124E-2 4.405E-2 3.05341E-2 2.25821E-2 2.65311E-2 3.08719E-2 4.79464E-2
5.08746E-2 4.19731E-2 3.91595E-2 3.42857E-2 2.21074E-2 1.94435E-2 2.35003E-2 3.65968E-2 2.92877E-2 5.26386E-2 3.67116E-2 2.38692E-2 3.00149E-2 4.42645E-2 4.96852E-2 5.33934E-2 4.55443E-2 4.44849E-2 2.85523E-2 5.04986E-2 3.15453E-2 3.63964E-2 2.41981E-2 1.89208E-2 1.95036E-2 2.26055E-2 3.02794E-2 2.41235E-2 2.62145E-2 2.58893E-2 2.45956E-2 2.51656E-2 1.82729E-2 2.68445E-2 1.99723E-2 3.66727E-2 3.32551E-2 2.39164E-2 1.86449E-2 2.54966E-2 2.32688E-2 2.46865E-2 2.70281E-2 2.46425E-2 2.63381E-2 1.98178E-2 2.62597E-2 2.15483E-2 2.76373E-2 4.30898E-2 6.26218E-2 5.76896E-2 4.95152E-2 3.16652E-2 3.60915E-2 5.79642E-2 5.86555E-2 5.25479E-2 4.5019E-2 2.85971E-2 3.89958E-2
4.64849E-2 5.15516E-2 4.63892E-2 4.41674E-2 3.79722E-2 2.5273E-2 2.51965E-2 1.97679E-2 2.7161E-2 4.51149E-2 4.55973E-2 2.20333E-2 4.9186E-2 5.47131E-2 4.95747E-2 3.47557E-2 2.54336E-2 2.18865E-2 2.46261E-2 2.80804E-2 3.82331E-2 4.69972E-2 2.87273E-2 2.77911E-2 2.29553E-2 2.24541E-2 2.10285E-2 2.11356E-2 3.05775E-2 3.51215E-2 2.41951E-2 3.20514E-2 2.84126E-2 2.22459E-2 2.99681E-2 2.34467E-2 2.59209E-2 3.01822E-2 3.74311E-2 3.72434E-2 3.8833E-2 3.96121E-2 3.58584E-2 3.03471E-2 2.6358E-2 3.58683E-2 2.80237E-2 3.24959E-2 2.46839E-2 3.43639E-2 4.31893E-2 6.24906E-2 3.88077E-2 3.6514E-2 3.25543E-2 3.34796E-2 4.92756E-2 5.96683E-2 4.83871E-2 3.16003E-2 2.82647E-2
3.07411E-2 5.29462E-2 5.03682E-2 4.7221E-2 4.43028E-2 1.98927E-2 3.77548E-2 4.84387E-2 4.04137E-2 3.41672E-2 3.0099E-2 2.27218E-2 5.73221E-2 3.90431E-2 4.61418E-2 4.54204E-2 5.9388E-2 4.93229E-2 1.98949E-2 4.39122E-2 2.75119E-2 3.55017E-2 3.57114E-2 3.71087E-2 4.02703E-2 4.02073E-2 2.89524E-2 2.67924E-2 4.21772E-2 1.8286E-2 3.40957E-2 3.43438E-2 3.17469E-2 2.82209E-2 2.29388E-2 3.08454E-2 3.26642E-2 2.46654E-2 4.49495E-2 2.89515E-2 3.39245E-2 4.83158E-2 4.59081E-2 2.9497E-2 3.94473E-2 2.81723E-2 3.6875E-2 3.87283E-2 2.7418E-2 3.37829E-2 3.50632E-2 3.79382E-2 5.31991E-2 7.51551E-2 7.87962E-2 6.90408E-2 5.65111E-2 5.99412E-2 5.39065E-2 5.8395E-2 4.43274E-2
2.38568E-2 4.36897E-2 5.3865E-2 5.24562E-2 5.80878E-2 3.47246E-2 1.97011E-2 4.12325E-2 4.40766E-2 3.89481E-2 4.30586E-2 2.18268E-2 2.67327E-2 4.89284E-2 4.62681E-2 5.19191E-2 4.25208E-2 2.83471E-2 3.30775E-2 5.46505E-2 3.12747E-2 3.9022E-2 4.06781E-2 3.21788E-2 2.80512E-2 4.33403E-2 2.83886E-2 2.4261E-2 2.77044E-2 2.83172E-2 3.83282E-2 2.15253E-2 3.95277E-2 2.52243E-2 3.65066E-2 2.10071E-2 2.01372E-2 2.17959E-2 2.58678E-2 2.96362E-2 5.11624E-2 3.09243E-2 4.24789E-2 3.5308E-2 5.2964E-2 4.64778E-2 5.7825E-2 3.58499E-2 4.60112E-2 5.21122E-2 5.90478E-2 5.85545E-2 3.93626E-2 4.09658E-2 5.69925E-2 7.36091E-2 7.11716E-2 6.36895E-2 6.94817E-2 4.71481E-2 3.4391E-2
2.02275E-2 3.83156E-2 5.26345E-2 5.59405E-2 3.45509E-2 2.18969E-2 3.19517E-2 2.44205E-2 4.04921E-2 5.48671E-2 5.62769E-2 5.57097E-2 2.49595E-2 1.97119E-2 2.21929E-2 2.23906E-2 2.57303E-2 2.2171E-2 5.08669E-2 6.02375E-2 3.63325E-2 3.58632E-2 4.41285E-2 3.17525E-2 4.71775E-2 5.01229E-2 5.19686E-2 2.11034E-2 2.82017E-2 2.98093E-2 2.14994E-2 3.72659E-2 3.59326E-2 2.37478E-2 3.72987E-2 3.67866E-2 4.14586E-2 3.47263E-2 3.00457E-2 2.11259E-2 2.50658E-2 3.64584E-2 5.97833E-2 3.91803E-2 5.06816E-2 6.67177E-2 3.97462E-2 7.13216E-2 7.26371E-2 7.1933E-2 4.60838E-2 5.39082E-2 4.62064E-2 3.7073E-2 3.63118E-2 3.81532E-2 5.74237E-2 8.24727E-2 9.90444E-2 8.80906E-2 8.58584E-2
1.42227E-2 1.84355E-2 2.06208E-2 3.5936E-2 2.60731E-2 2.76739E-2 5.95954E-2 5.56135E-2 5.42999E-2 5.25339E-2 4.06891E-2 4.65684E-2 4.90762E-2 4.70994E-2 3.18156E-2 3.27139E-2 3.69739E-2 2.57501E-2 2.45598E-2 4.13697E-2 3.65873E-2 3.32074E-2 4.68307E-2 3.69281E-2 2.65962E-2 2.19455E-2 2.17567E-2 1.4957E-2 2.59115E-2 3.03916E-2 4.27417E-2 3.75693E-2 1.98003E-2 3.28416E-2 3.66077E-2 3.32341E-2 3.22988E-2 4.5306E-2 4.46363E-2 3.98851E-2 3.18299E-2 2.73512E-2 2.99062E-2 3.4506E-2 5.00176E-2 5.81706E-2 5.17792E-2 6.87714E-2 5.50794E-2 5.37254E-2 4.28179E-2 3.95473E-2 7.51007E-2 9.20316E-2 7.15317E-2 4.74097E-2 3.69709E-2 3.91806E-2 6.82537E-2 1.03399E-1 9.20516E-2
2.37854E-2 3.0719E-2 2.51542E-2 1.82245E-2 2.08311E-2 2.04322E-2 4.8082E-2 5.65005E-2 5.48397E-2 5.91715E-2 6.01449E-2 5.2745E-2 5.54108E-2 6.52949E-2 6.40617E-2 6.23793E-2 6.30838E-2 6.14694E-2 4.2892E-2 2.15739E-2 2.13726E-2 1.6578E-2 2.12667E-2 1.64078E-2 1.94753E-2 2.62069E-2 2.23635E-2 2.25993E-2 2.33183E-2 2.95642E-2 2.89113E-2 2.09832E-2 2.61335E-2 3.5385E-2 3.5097E-2 3.60499E-2 2.9343E-2 2.17434E-2 2.45377E-2 2.40308E-2 2.79476E-2 2.85217E-2 2.90769E-2 2.55929E-2 3.01661E-2 3.46403E-2 5.6755E-2 4.02475E-2 3.16798E-2 3.22123E-2 4.11759E-2 4.30389E-2 5.12576E-2 9.20134E-2 1.0833E-1 9.68861E-2 7.43488E-2 5.51603E-2 4.04976E-2 4.72126E-2 1.1139E-1
3.13887E-2 3.54964E-2 2.17441E-2 2.67186E-2 3.59454E-2 3.49628E-2 2.08557E-2 4.06707E-2 6.36772E-2 6.55506E-2 6.77145E-2 6.81775E-2 5.31032E-2 3.97231E-2 6.93898E-2 5.3102E-2 6.99494E-2 6.9064E-2 3.73567E-2 2.7839E-2 3.34853E-2 2.90202E-2 3.4983E-2 2.76998E-2 4.40938E-2 4.79938E-2 4.46795E-2 3.73476E-2 2.67153E-2 2.42485E-2 2.84384E-2 3.84617E-2 4.04332E-2 4.44168E-2 3.81249E-2 3.12021E-2 2.85987E-2 3.02159E-2 4.36728E-2 3.69076E-2 5.06501E-2 5.76679E-2 4.14231E-2 4.11094E-2 6.92866E-2 4.30996E-2 3.00725E-2 3.65756E-2 3.48938E-2 3.72088E-2 8.1431E-2 8.1409E-2 5.93141E-2 6.95403E-2 1.07957E-1 1.17126E-1 1.18469E-1 9.86017E-2 9.10517E-2 4.65232E-2 5.04009E-2
3.14821E-2 4.14185E-2 2.8309E-2 4.30582E-2 4.91302E-2 3.78072E-2 2.25958E-2 2.05219E-2 2.98492E-2 3.08625E-2 2.85331E-2 2.57123E-2 2.94472E-2 2.46857E-2 3.09811E-2 2.57255E-2 2.62267E-2 3.0167E-2 3.58813E-2 4.23832E-2 6.70317E-2 6.21299E-2 6.19128E-2 6.26831E-2 6.64603E-2 5.38934E-2 4.62994E-2 5.09979E-2 5.24246E-2 5.45789E-2 5.60609E-2 4.53411E-2 5.05664E-2 3.89535E-2 4.37746E-2 3.57268E-2 4.94875E-2 4.54482E-2 5.13221E-2 4.83699E-2 4.56688E-2 4.17002E-2 5.1794E-2 7.70672E-2 8.39602E-2 5.21917E-2 3.19163E-2 4.20065E-2 4.06432E-2 5.72462E-2 7.19004E-2 6.29405E-2 9.63295E-2 7.05128E-2 6.05182E-2 7.76236E-2 9.38861E-2 1.32338E-1 1.2519E-1 9.90069E-2 6.29278E-2
3.00505E-2 4.19254E-2 3.92943E-2 4.75867E-2 4.53684E-2 4.16698E-2 2.39691E-2 3.29145E-2 2.46593E-2 3.56324E-2 3.52209E-2 2.65047E-2 2.40579E-2 2.90033E-2 2.47039E-2 2.21682E-2 4.42795E-2 3.50499E-2 2.63478E-2 3.23265E-2 4.29578E-2 5.2296E-2 6.28743E-2 4.91678E-2 6.45662E-2 4.61012E-2 3.9431E-2 5.38621E-2 4.9384E-2 2.8058E-2 4.43306E-2 5.47367E-2 4.95677E-2 5.43657E-2 3.88735E-2 4.52015E-2 6.2953E-2 5.45588E-2 4.74938E-2 5.5359E-2 5.29324E-2 7.20528E-2 7.79694E-2 8.46454E-2 6.18008E-2 3.24424E-2 4.22339E-2 4.8939E-2 6.55225E-2 5.64706E-2 6.56103E-2 7.49813E-2 7.91637E-2 6.16536E-2 6.60875E-2 6.77205E-2 9.03305E-2 1.2209E-1 1.04566E-1 1.19502E-1 1.14433E-1
3.40894E-2 3.64616E-2 4.79418E-2 4.99456E-2 4.66498E-2 4.06791E-2 4.01735E-2 5.39787E-2 5.95367E-2 5.73026E-2 2.5371E-2 3.09649E-2 3.78778E-2 4.67198E-2 2.98468E-2 5.42422E-2 6.39999E-2 6.91374E-2 3.57879E-2 2.40106E-2 2.5308E-2 2.67131E-2 4.32662E-2 4.11465E-2 4.14911E-2 4.40576E-2 3.9398E-2 6.99864E-2 6.08686E-2 3.45557E-2 6.83208E-2 6.99494E-2 5.35323E-2 5.64848E-2 3.28862E-2 5.96461E-2 6.29409E-2 3.01325E-2 4.64059E-2 6.76268E-2 7.2149E-2 7.37891E-2 6.73599E-2 7.38229E-2 4.05619E-2 3.72943E-2 7.05924E-2 6.54577E-2 8.19652E-2 7.89458E-2 5.67688E-2 9.28244E-2 8.33016E-2 5.47723E-2 7.75875E-2 7.46357E-2 6.64313E-2 8.85228E-2 1.0437E-1 1.22058E-1 1.3183E-1
4.01726E-2 4.79081E-2 4.87205E-2 5.06934E-2 5.3249E-2 5.43428E-2 5.58206E-2 5.54033E-2 4.66272E-2 4.24099E-2 2.57214E-2 6.02295E-2 5.23334E-2 4.04225E-2 5.3346E-2 4.02824E-2 3.67759E-2 4.09495E-2 2.55937E-2 3.11565E-2 3.83538E-2 3.60225E-2 2.86893E-2 2.96494E-2 2.36709E-2 2.53852E-2 3.36048E-2 3.72257E-2 5.24908E-2 5.21321E-2 6.29799E-2 5.17148E-2 4.70263E-2 4.61639E-2 5.28958E-2 6.96538E-2 4.75635E-2 4.79456E-2 6.6976E-2 7.29386E-2 5.86714E-2 5.62822E-2 8.03569E-2 8.81596E-2 4.91552E-2 3.84699E-2 8.25092E-2 9.20301E-2 9.1337E-2 8.15892E-2 7.45048E-2 8.98759E-2 8.92523E-2 1.02445E-1 6.34882E-2 7.05695E-2 1.42055E-1 1.15549E-1 1.09162E-1 1.40708E-1 1.49809E-1
4.85144E-2 5.01486E-2 4.59782E-2 4.03462E-2 3.70311E-2 4.25729E-2 5.8373E-2 5.96389E-2 5.86287E-2 3.72601E-2 2.29201E-2 2.73047E-2 6.56116E-2 5.91877E-2 4.38401E-2 4.83278E-2 3.99027E-2 5.11016E-2 2.93096E-2 3.54613E-2 5.93632E-2 6.37199E-2 6.75251E-2 3.54904E-2 3.16805E-2 4.45726E-2 5.15619E-2 2.53441E-2 2.67435E-2 2.86297E-2 2.62089E-2 2.57876E-2 2.89361E-2 3.35108E-2 5.10883E-2 7.98396E-2 4.19002E-2 4.87393E-2 7.01223E-2 7.6119E-2 5.09788E-2 5.41017E-2 6.82279E-2 7.12309E-2 4.36526E-2 5.28349E-2 8.33929E-2 1.00311E-1 1.10819E-1 5.12219E-2 5.89751E-2 6.51575E-2 5.62074E-2 5.58141E-2 6.99794E-2 1.21942E-1 9.31235E-2 9.16575E-2 1.1317E-1 1.89799E-1 1.50667E-1
5.21107E-2 5.2643E-2 4.30581E-2 4.96195E-2 4.99547E-2 5.47926E-2 2.52693E-2 2.77147E-2 2.79682E-2 4.96238E-2 2.8993E-2 4.05249E-2 2.95195E-2 5.33027E-2 6.1463E-2 5.93794E-2 5.91783E-2 6.7143E-2 2.94315E-2 4.01794E-2 6.22859E-2 6.77387E-2 6.96077E-2 2.5286E-2 3.89365E-2 5.97358E-2 5.03448E-2 3.03785E-2 3.08402E-2 3.88756E-2 3.15844E-2 3.98032E-2 6.02871E-2 7.573E-2 5.47018E-2 4.12571E-2 4.74084E-2 7.61008E-2 7.4587E-2 7.93991E-2 5.45115E-2 7.71518E-2 7.80002E-2 8.69576E-2 5.51383E-2 7.94085E-2 9.00753E-2 1.05222E-1 6.92201E-2 6.78919E-2 6.48003E-2 7.106E-2 6.65869E-2 7.87286E-2 8.63539E-2 1.27138E-1 8.85488E-2 1.53716E-1 1.23009E-1 1.44583E-1 1.3986E-1
3.63189E-2 4.04325E-2 5.239E-2 5.08311E-2 5.20972E-2 4.06696E-2 3.48687E-2 5.37605E-2 5.31069E-2 5.93905E-2 3.43077E-2 5.77931E-2 5.05144E-2 3.81631E-2 3.00798E-2 6.0448E-2 6.4094E-2 5.3729E-2 3.07147E-2 6.12374E-2 6.63906E-2 6.8727E-2 3.39875E-2 3.39661E-2 5.55159E-2 6.51418E-2 5.82613E-2 3.72942E-2 4.35745E-2 6.47327E-2 4.71513E-2 6.93185E-2 6.95378E-2 4.05177E-2 5.83212E-2 4.53268E-2 5.99431E-2 8.2286E-2 7.89212E-2 8.33094E-2 7.65199E-2 8.18552E-2 8.18601E-2 8.98628E-2 5.98478E-2 8.26036E-2 9.75364E-2 1.09231E-1 7.57438E-2 1.07814E-1 8.0787E-2 5.32791E-2 4.6142E-2 6.56395E-2 8.22654E-2 1.19787E-1 1.23789E-1 1.67352E-1 1.87572E-1 1.69895E-1 1.82211E-1
3.78667E-2 5.35127E-2 5.21886E-2 5.25763E-2 4.81247E-2 5.31034E-2 4.13795E-2 5.61755E-2 5.7009E-2 5.09117E-2 4.38585E-2 6.29324E-2 6.17772E-2 5.8346E-2 5.93288E-2 6.31416E-2 6.12575E-2 6.19655E-2 4.28043E-2 6.50585E-2 6.88208E-2 7.08289E-2 3.82349E-2 6.42264E-2 6.56516E-2 6.89464E-2 7.06222E-2 3.91284E-2 5.4822E-2 6.69311E-2 6.81862E-2 7.02931E-2 4.41903E-2 7.17545E-2 8.28668E-2 4.5243E-2 4.63303E-2 8.33121E-2 9.63172E-2 9.23572E-2 8.5331E-2 8.74136E-2 8.61284E-2 9.10011E-2 6.46999E-2 8.89837E-2 9.7261E-2 1.01991E-1 1.12363E-1 6.09081E-2 9.2643E-2 7.93658E-2 6.75324E-2 8.60755E-2 1.01533E-1 1.2691E-1 1.48249E-1 1.23319E-1 1.43319E-1 2.15896E-1 1.74993E-1
4.51801E-2 4.87582E-2 5.5427E-2 5.66019E-2 5.42269E-2 5.37725E-2 4.14239E-2 5.68788E-2 5.61489E-2 6.01184E-2 4.89436E-2 6.1738E-2 6.51334E-2 6.69869E-2 6.58073E-2 5.13353E-2 6.65133E-2 6.85567E-2 4.96363E-2 6.84031E-2 6.87791E-2 7.03476E-2 4.37933E-2 6.76107E-2 6.81839E-2 7.06598E-2 6.06888E-2 6.80793E-2 6.92487E-2 7.02436E-2 7.18527E-2 7.07145E-2 7.38792E-2 7.64035E-2 8.02848E-2 7.38843E-2 9.95776E-2 5.09428E-2 4.51048E-2 5.96926E-2 9.27997E-2 9.35575E-2 1.01113E-1 9.13955E-2 9.31816E-2 9.12901E-2 1.00784E-1 1.27704E-1 7.29125E-2 9.83032E-2 9.28709E-2 8.33986E-2 1.15365E-1 9.56095E-2 1.14301E-1 1.18428E-1 1.42315E-1 1.8368E-1 1.78026E-1 2.36249E-1 2.28185E-1
4.37374E-2 3.72965E-2 5.24185E-2 4.2508E-2 5.41509E-2 5.47161E-2 5.67257E-2 5.90623E-2 6.00534E-2 6.26248E-2 6.19773E-2 6.58268E-2 6.69003E-2 6.80549E-2 7.01163E-2 7.01949E-2 6.77946E-2 6.78968E-2 6.51492E-2 6.94322E-2 7.15191E-2 7.1326E-2 6.93347E-2 7.32773E-2 7.16382E-2 7.15742E-2 6.92677E-2 7.27614E-2 7.40308E-2 7.21207E-2 7.1889E-2 7.4369E-2 7.69684E-2 8.40447E-2 8.72487E-2 8.30932E-2 1.03373E-1 6.14441E-2 7.6994E-2 9.46734E-2 1.02173E-1 1.24522E-1 8.7424E-2 1.03235E-1 1.02933E-1 1.16197E-1 1.18384E-1 1.06417E-1 7.11377E-2 1.03401E-1 9.17287E-2 1.02372E-1 1.22067E-1 1.29821E-1 1.48924E-1 1.54529E-1 1.56287E-1 2.0242E-1 2.31271E-1 2.07016E-1 2.29832E-1
5.61517E-2 2.46922E-2 3.16373E-2 5.31826E-2 5.42341E-2 5.84213E-2 5.7244E-2 6.27199E-2 6.39705E-2 6.23103E-2 6.46639E-2 6.72966E-2 6.71662E-2 6.99294E-2 7.34407E-2 6.13403E-2 6.21828E-2 6.65299E-2 6.94148E-2 6.80294E-2 7.42446E-2 7.26406E-2 7.36115E-2 7.47967E-2 7.69139E-2 7.61834E-2 7.42433E-2 7.50755E-2 7.79567E-2 7.465E-2 7.49339E-2 7.55594E-2 7.74942E-2 8.19559E-2 9.46269E-2 1.01347E-1 1.02044E-1 6.33729E-2 1.12301E-1 1.16475E-1 7.66986E-2 6.10908E-2 1.17119E-1 1.22821E-1 1.25456E-1 1.03835E-1 1.18138E-1 1.03124E-1 1.03524E-1 1.0483E-1 1.28596E-1 1.1746E-1 1.38232E-1 1.32161E-1 1.3295E-1 2.0278E-1 1.83906E-1 1.92094E-1 1.69422E-1 2.15889E-1 2.59898E-1
3.67004E-2 4.00713E-2 5.56261E-2 5.55385E-2 5.65245E-2 5.9098E-2 5.95971E-2 6.35149E-2 5.17023E-2 6.31353E-2 6.43617E-2 6.9331E-2 6.92065E-2 7.08941E-2 7.57933E-2 7.26869E-2 7.15592E-2 6.84045E-2 6.43567E-2 7.31557E-2 7.5194E-2 7.72649E-2 7.50999E-2 7.75686E-2 8.30946E-2 8.00993E-2 7.92124E-2 7.95679E-2 8.19593E-2 7.78433E-2 7.74261E-2 7.82036E-2 8.15707E-2 8.36586E-2 9.05444E-2 9.70616E-2 1.03947E-1 9.96792E-2 6.38712E-2 6.36348E-2 6.3946E-2 1.08961E-1 9.31067E-2 8.17297E-2 7.69511E-2 1.04446E-1 1.06676E-1 1.07451E-1 8.2629E-2 7.54742E-2 1.16293E-1 1.48845E-1 1.4499E-1 8.97535E-2 9.65182E-2 1.44816E-1 1.72244E-1 1.68501E-1 1.64177E-1 2.72076E-1 2.80465E-1
3.39361E-2 5.18691E-2 5.88075E-2 5.94203E-2 5.84731E-2 5.8271E-2 6.17185E-2 6.52132E-2 5.78302E-2 6.29329E-2 6.51854E-2 6.86255E-2 6.93502E-2 7.54413E-2 8.00792E-2 6.09758E-2 6.76737E-2 7.07187E-2 7.15082E-2 7.17251E-2 7.54445E-2 7.68515E-2 8.22428E-2 8.0236E-2 8.11763E-2 8.45868E-2 8.09275E-2 8.3182E-2 8.18173E-2 8.12532E-2 7.99463E-2 8.36936E-2 8.43497E-2 8.7483E-2 8.61774E-2 1.00194E-1 1.26783E-1 6.93189E-2 8.68879E-2 8.53606E-2 9.60256E-2 1.01951E-1 1.048E-1 1.06551E-1 1.08854E-1 1.00925E-1 9.25633E-2 1.13195E-1 8.52635E-2 1.36755E-1 1.31732E-1 9.85657E-2 1.61096E-1 1.84766E-1 1.18158E-1 2.12624E-1 1.94655E-1 1.19462E-1 3.29863E-1 2.97894E-1 2.54216E-1
5.65054E-2 3.27264E-2 4.09683E-2 4.18308E-2 6.00854E-2 6.01445E-2 6.10823E-2 5.22944E-2 6.40255E-2 6.30657E-2 6.67257E-2 6.95709E-2 7.16359E-2 7.62149E-2 8.47567E-2 6.48897E-2 8.01645E-2 7.63372E-2 7.2582E-2 7.20554E-2 7.65421E-2 7.45974E-2 7.7488E-2 8.22386E-2 9.17266E-2 9.72159E-2 9.11312E-2 8.89534E-2 9.27013E-2 7.98266E-2 7.98776E-2 8.65902E-2 8.97223E-2 9.63164E-2 1.13467E-1 1.11089E-1 1.09316E-1 8.96453E-2 9.43164E-2 8.66706E-2 8.27199E-2 9.09701E-2 9.82471E-2 9.80384E-2 8.9529E-2 1.10482E-1 7.72303E-2 8.6197E-2 8.2484E-2 8.0058E-2 1.43064E-1 1.59222E-1 1.86206E-1 2.33377E-1 2.68453E-1 2.53493E-1 1.91976E-1 2.06902E-1 2.96676E-1 5.88676E-1 2.31886E-1
5.95743E-2 3.43385E-2 4.63267E-2 5.73303E-2 5.96402E-2 6.51676E-2 6.23169E-2 6.32675E-2 6.87547E-2 6.48691E-2 6.83478E-2 7.19812E-2 7.16078E-2 7.21132E-2 7.9098E-2 7.51634E-2 8.60357E-2 7.72163E-2 7.65749E-2 7.47593E-2 7.69808E-2 7.97737E-2 7.96412E-2 7.99781E-2 8.65872E-2 9.29883E-2 1.06563E-1 1.07138E-1 8.97648E-2 8.61612E-2 8.55944E-2 9.14288E-2 9.75629E-2 1.11755E-1 1.28315E-1 7.94284E-2 8.50464E-2 1.11817E-1 1.14815E-1 1.10191E-1 9.6594E-2 7.18692E-2 7.74357E-2 7.37021E-2 9.03124E-2 7.68363E-2 1.15579E-1 1.39767E-1 8.39474E-2 1.04211E-1 1.60299E-1 1.71841E-1 2.64405E-1 3.29245E-1 2.89018E-1 2.77578E-1 2.43758E-1 6.5433E-1 5.88892E-1 2.26722E-1 2.09601E-1
