Artocarpus heterophyllus SDM files/MIS19/results (with bias file)/Arthet_8.asc
ncols         625
nrows         721
xllcorner     69.99986311115
yllcorner     5.99986187915
cellsize      0.041666667
NODATA_value  -9999
[rows 270 to 296 of 721, columns 305 to 365 of 625]
6.1569E-1 6.21617E-1 6.18094E-1 6.18807E-1 6.18094E-1 6.12308E-1 6.13285E-1 6.16307E-1 6.12905E-1 6.16337E-1 6.17544E-1 6.13228E-1 6.13029E-1 6.17027E-1 6.30419E-1 6.28844E-1 6.20195E-1 6.23443E-1 6.40313E-1 6.42411E-1 6.3717E-1 6.3636E-1 6.34433E-1 6.24564E-1 6.42352E-1 6.27941E-1 6.3269E-1 6.3059E-1 6.37218E-1 6.4089E-1 6.59806E-1 5.75322E-1 5.6775E-1 5.69064E-1 5.92059E-1 5.97073E-1 5.93299E-1 5.94557E-1 5.95263E-1 5.95447E-1 5.96367E-1 5.97073E-1 5.74196E-1 5.67307E-1 5.87876E-1 5.90328E-1 5.6421E-1 5.88054E-1 5.64958E-1 5.6405E-1 5.6611E-1 5.60009E-1 5.63306E-1 5.53862E-1 5.64736E-1 5.54082E-1 5.51409E-1 5.47571E-1 5.44732E-1 5.44896E-1 5.50768E-1
6.10468E-1 6.11153E-1 6.12553E-1 6.10564E-1 6.09436E-1 6.06079E-1 6.07437E-1 6.08117E-1 6.09682E-1 6.14835E-1 6.18075E-1 6.15099E-1 6.22417E-1 6.22728E-1 6.21657E-1 6.22332E-1 6.28778E-1 6.26347E-1 6.25284E-1 6.32163E-1 6.37814E-1 6.45827E-1 6.31774E-1 6.36769E-1 6.14523E-1 6.23229E-1 6.38549E-1 6.37866E-1 6.56733E-1 6.65191E-1 6.71494E-1 5.70711E-1 5.67203E-1 5.92008E-1 5.92637E-1 5.9598E-1 5.91448E-1 5.92672E-1 5.93492E-1 5.96551E-1 5.98332E-1 5.69679E-1 5.93851E-1 5.6524E-1 5.86497E-1 5.95405E-1 5.87737E-1 5.61101E-1 5.66077E-1 5.63958E-1 5.7068E-1 5.62488E-1 5.60413E-1 5.56003E-1 5.60242E-1 5.57505E-1 5.6094E-1 5.49787E-1 5.62094E-1 5.57495E-1 5.48715E-1
6.16282E-1 6.10526E-1 6.13108E-1 6.11539E-1 6.12117E-1 6.11264E-1 6.09154E-1 6.11891E-1 6.13628E-1 6.16333E-1 6.15719E-1 6.18296E-1 6.18797E-1 6.21159E-1 6.1717E-1 6.24502E-1 6.27775E-1 6.1813E-1 6.22834E-1 6.23868E-1 6.37288E-1 6.38419E-1 6.37331E-1 6.36028E-1 6.18654E-1 6.2698E-1 6.50135E-1 6.52084E-1 6.18224E-1 6.65355E-1 6.50763E-1 5.6473E-1 5.9268E-1 5.94007E-1 5.91537E-1 5.93031E-1 5.94131E-1 5.95106E-1 5.93986E-1 5.92702E-1 5.93956E-1 5.93513E-1 5.9241E-1 5.89038E-1 5.86374E-1 5.85361E-1 6.71536E-1 5.70476E-1 5.68629E-1 5.63151E-1 5.65714E-1 5.64818E-1 5.63547E-1 5.59385E-1 5.62381E-1 5.56452E-1 5.56934E-1 5.55671E-1 5.54078E-1 5.54497E-1 5.5132E-1
6.33098E-1 6.11366E-1 6.16405E-1 6.38083E-1 6.39115E-1 6.29936E-1 6.28033E-1 6.2885E-1 6.24282E-1 6.24447E-1 6.20153E-1 6.16236E-1 6.1394E-1 6.14488E-1 6.24695E-1 6.21453E-1 6.23845E-1 6.18072E-1 6.22485E-1 6.24404E-1 6.30586E-1 6.20096E-1 6.53948E-1 6.45274E-1 6.26971E-1 6.39463E-1 6.53446E-1 6.5806E-1 6.50106E-1 6.5288E-1 5.70492E-1 5.86857E-1 5.91986E-1 5.96782E-1 5.95012E-1 5.93274E-1 5.93521E-1 5.93856E-1 5.94405E-1 5.90774E-1 5.89773E-1 5.87246E-1 5.83839E-1 5.82957E-1 5.82745E-1 5.82802E-1 5.92574E-1 5.65259E-1 5.66804E-1 5.65119E-1 5.65169E-1 5.67717E-1 5.64401E-1 5.62802E-1 5.63286E-1 5.60121E-1 5.59188E-1 5.58138E-1 5.54376E-1 5.51925E-1 5.47916E-1
5.30403E-1 5.32009E-1 5.28861E-1 5.28536E-1 5.29994E-1 5.39924E-1 6.06316E-1 6.09607E-1 5.56838E-1 6.27347E-1 6.12373E-1 6.07951E-1 6.05903E-1 6.14375E-1 6.32829E-1 6.3378E-1 6.37331E-1 6.32038E-1 6.23897E-1 6.30936E-1 6.61613E-1 6.54866E-1 6.64829E-1 6.68796E-1 6.68453E-1 6.78926E-1 6.76731E-1 6.76004E-1 6.81337E-1 5.85777E-1 5.67752E-1 5.88838E-1 5.93242E-1 5.94246E-1 5.90525E-1 5.9086E-1 5.91407E-1 5.91013E-1 5.90255E-1 5.85838E-1 5.85819E-1 5.80805E-1 5.76718E-1 5.76455E-1 6.42768E-1 6.52342E-1 5.60216E-1 5.87402E-1 5.62947E-1 5.6835E-1 5.6644E-1 5.67777E-1 5.68594E-1 5.64944E-1 5.64039E-1 5.61205E-1 5.60784E-1 5.60167E-1 5.51834E-1 5.52183E-1 5.44944E-1
5.18888E-1 5.41846E-1 6.00025E-1 6.08808E-1 6.20191E-1 6.08251E-1 5.34775E-1 5.44614E-1 5.61669E-1 6.26719E-1 6.23332E-1 6.29508E-1 6.23556E-1 6.27049E-1 6.29028E-1 6.47234E-1 6.50139E-1 6.67175E-1 6.54401E-1 6.75018E-1 6.64383E-1 6.8906E-1 6.74446E-1 6.84592E-1 6.79256E-1 5.94729E-1 5.81107E-1 6.06525E-1 5.98604E-1 5.89688E-1 5.87432E-1 5.90551E-1 5.93562E-1 5.94049E-1 5.91422E-1 5.92853E-1 5.92124E-1 5.87824E-1 5.91611E-1 5.87091E-1 5.75008E-1 5.85887E-1 6.49134E-1 6.57907E-1 6.65637E-1 6.40017E-1 5.89339E-1 5.85625E-1 5.77373E-1 5.64103E-1 5.63333E-1 5.63127E-1 5.6602E-1 5.66666E-1 5.61928E-1 5.61566E-1 5.62299E-1 5.52759E-1 5.52521E-1 5.49804E-1 5.43012E-1
5.90525E-1 5.98707E-1 6.09816E-1 5.76411E-1 5.29539E-1 5.34615E-1 5.24091E-1 5.53662E-1 6.22378E-1 6.52683E-1 6.46429E-1 6.52869E-1 6.56015E-1 6.56753E-1 6.61411E-1 6.32088E-1 6.28686E-1 6.47596E-1 5.65936E-1 5.61065E-1 5.58928E-1 5.88352E-1 5.89943E-1 5.90302E-1 5.91654E-1 5.8656E-1 5.88561E-1 5.86046E-1 5.88702E-1 5.86149E-1 5.90573E-1 5.93388E-1 5.91813E-1 5.90542E-1 5.95506E-1 6.15727E-1 5.934E-1 5.83781E-1 5.82241E-1 5.91319E-1 6.45981E-1 6.53069E-1 6.71302E-1 6.71219E-1 6.37313E-1 5.82608E-1 5.74921E-1 5.67324E-1 5.64335E-1 5.63307E-1 5.61382E-1 5.90744E-1 5.695E-1 5.61956E-1 5.56723E-1 5.58303E-1 5.57226E-1 5.52192E-1 5.47607E-1 5.44354E-1 5.92137E-1
6.09134E-1 6.19021E-1 6.16808E-1 5.75845E-1 5.1976E-1 6.14444E-1 5.2662E-1 5.58051E-1 5.52794E-1 6.25348E-1 5.60539E-1 5.51738E-1 5.56336E-1 5.39138E-1 5.61037E-1 5.68675E-1 5.68015E-1 5.76764E-1 5.85529E-1 5.80287E-1 5.73214E-1 5.77919E-1 5.84046E-1 5.75329E-1 5.80226E-1 5.82651E-1 5.86652E-1 5.85189E-1 5.92329E-1 5.84782E-1 5.87341E-1 5.87644E-1 5.90203E-1 5.94002E-1 5.97585E-1 6.00817E-1 5.83187E-1 5.85251E-1 5.96687E-1 6.67962E-1 6.79578E-1 6.78798E-1 6.78516E-1 6.52535E-1 5.94333E-1 5.75772E-1 5.65757E-1 5.94937E-1 5.99336E-1 6.00382E-1 5.6751E-1 5.69711E-1 5.5922E-1 5.58003E-1 5.54141E-1 5.55155E-1 5.51064E-1 5.46855E-1 5.42423E-1 6.28437E-1 6.22126E-1
5.74165E-1 5.7605E-1 5.80951E-1 5.80553E-1 5.27891E-1 5.53695E-1 5.55377E-1 5.59912E-1 5.67985E-1 5.57245E-1 5.513E-1 5.65157E-1 5.63071E-1 5.64107E-1 5.73011E-1 5.71481E-1 5.77894E-1 5.65843E-1 5.80465E-1 5.76499E-1 5.92407E-1 6.64091E-1 6.52441E-1 5.73479E-1 5.91758E-1 5.88261E-1 5.85596E-1 5.8005E-1 5.88173E-1 6.03847E-1 5.92408E-1 5.87818E-1 5.8366E-1 5.98414E-1 6.49226E-1 5.85419E-1 5.89964E-1 5.94623E-1 5.99437E-1 5.98495E-1 5.9359E-1 5.69715E-1 5.69005E-1 5.68614E-1 5.6726E-1 5.64914E-1 5.96128E-1 5.96676E-1 5.90243E-1 5.72144E-1 5.63199E-1 5.55998E-1 5.76105E-1 5.73639E-1 5.75781E-1 5.48716E-1 6.27884E-1 5.98339E-1 5.37261E-1 6.13621E-1 6.16058E-1
5.62719E-1 5.64546E-1 5.66801E-1 5.9417E-1 6.07007E-1 5.45932E-1 5.4632E-1 5.61432E-1 6.25675E-1 6.21384E-1 5.5424E-1 5.80598E-1 6.36936E-1 6.35494E-1 6.31626E-1 5.64071E-1 5.78379E-1 5.68602E-1 6.36011E-1 5.7502E-1 5.76104E-1 5.80889E-1 5.851E-1 5.89656E-1 5.92989E-1 5.92478E-1 5.79806E-1 5.87968E-1 6.08691E-1 6.71768E-1 6.64602E-1 6.55962E-1 6.54003E-1 6.55104E-1 6.54926E-1 6.36254E-1 5.83458E-1 5.84828E-1 6.40038E-1 6.35268E-1 6.36498E-1 5.91203E-1 5.86933E-1 5.88226E-1 5.86775E-1 5.86157E-1 5.83656E-1 5.87396E-1 5.92896E-1 5.62134E-1 5.53936E-1 5.82053E-1 6.41916E-1 6.16165E-1 6.30357E-1 6.24917E-1 6.19355E-1 5.84288E-1 6.15851E-1 6.15709E-1 6.19616E-1
5.62498E-1 5.90642E-1 5.99795E-1 6.0271E-1 6.06033E-1 6.0552E-1 5.21222E-1 6.23009E-1 6.28313E-1 6.13537E-1 5.52844E-1 5.66307E-1 6.32535E-1 6.43151E-1 6.18484E-1 5.65427E-1 6.39574E-1 6.44892E-1 6.44071E-1 6.32893E-1 6.34111E-1 6.48774E-1 6.54382E-1 5.96676E-1 5.90808E-1 5.88422E-1 5.78711E-1 5.99366E-1 6.19478E-1 6.17851E-1 5.96584E-1 5.99136E-1 5.86625E-1 6.4151E-1 6.35656E-1 6.36283E-1 6.37535E-1 6.28302E-1 6.38692E-1 6.4625E-1 6.49202E-1 6.4823E-1 5.86521E-1 5.78667E-1 5.82071E-1 5.83938E-1 5.81912E-1 6.43758E-1 6.54291E-1 5.68557E-1 5.51669E-1 5.80257E-1 6.32999E-1 6.27943E-1 6.34144E-1 6.26113E-1 6.24147E-1 6.17124E-1 6.26619E-1 6.30465E-1 6.04086E-1
5.95306E-1 5.92474E-1 6.01738E-1 6.0182E-1 5.99846E-1 5.98107E-1 5.19091E-1 5.6054E-1 6.29413E-1 6.1758E-1 6.17695E-1 5.53333E-1 5.56012E-1 6.33828E-1 6.42336E-1 6.22845E-1 6.49219E-1 6.4914E-1 6.48521E-1 6.48459E-1 6.50685E-1 6.55223E-1 5.89594E-1 5.75715E-1 5.74494E-1 5.79931E-1 5.75936E-1 5.86535E-1 5.91931E-1 5.90721E-1 5.8613E-1 5.91208E-1 6.55156E-1 6.5803E-1 6.41292E-1 6.50504E-1 6.3836E-1 6.24338E-1 6.33453E-1 6.34995E-1 6.4323E-1 6.50048E-1 6.07485E-1 5.74589E-1 5.80867E-1 6.3086E-1 6.34059E-1 6.29947E-1 6.31901E-1 5.52051E-1 5.72108E-1 6.34156E-1 6.41122E-1 6.37885E-1 6.40591E-1 6.38881E-1 6.05692E-1 5.96912E-1 6.22641E-1 5.97136E-1 5.93825E-1
6.00765E-1 6.0382E-1 6.06924E-1 6.08773E-1 6.00082E-1 6.00944E-1 6.00252E-1 5.5156E-1 6.32378E-1 6.32012E-1 6.28562E-1 6.28325E-1 6.21379E-1 5.79439E-1 6.40225E-1 5.87262E-1 5.84917E-1 5.79581E-1 5.69474E-1 5.67958E-1 5.67777E-1 5.69484E-1 5.68524E-1 5.77011E-1 5.89964E-1 5.85893E-1 5.77869E-1 5.89296E-1 5.97315E-1 5.98056E-1 6.01539E-1 6.47566E-1 6.54727E-1 6.62862E-1 6.54211E-1 6.59324E-1 6.64054E-1 6.50294E-1 6.53417E-1 6.63547E-1 6.49854E-1 6.06058E-1 5.47795E-1 5.70504E-1 6.32352E-1 6.3227E-1 6.33413E-1 6.42155E-1 6.57562E-1 5.98396E-1 6.15569E-1 6.28872E-1 6.29922E-1 6.32378E-1 6.32491E-1 6.24937E-1 5.9723E-1 5.95985E-1 5.90891E-1 6.17753E-1 5.95275E-1
5.98672E-1 6.06798E-1 6.16303E-1 6.29537E-1 6.24303E-1 6.22594E-1 6.09294E-1 5.60326E-1 6.34465E-1 6.40814E-1 6.37007E-1 6.14578E-1 5.35476E-1 5.56029E-1 5.73763E-1 5.75301E-1 5.71634E-1 5.76334E-1 6.2735E-1 6.30923E-1 5.70704E-1 5.7246E-1 5.73724E-1 5.85965E-1 6.0692E-1 5.91002E-1 5.7833E-1 5.77112E-1 5.90532E-1 6.08883E-1 6.66338E-1 6.66816E-1 6.04417E-1 6.63461E-1 6.61241E-1 6.73599E-1 6.67974E-1 6.59468E-1 6.67429E-1 6.65018E-1 6.42558E-1 6.26441E-1 6.25065E-1 6.27777E-1 6.29956E-1 6.43897E-1 6.55227E-1 6.51343E-1 6.29291E-1 6.18945E-1 6.26109E-1 6.34874E-1 6.31641E-1 6.32176E-1 6.29457E-1 6.20643E-1 5.93797E-1 5.94544E-1 5.86841E-1 6.12286E-1 5.87081E-1
6.04438E-1 5.15794E-1 5.28844E-1 5.49292E-1 5.48102E-1 5.48507E-1 5.63468E-1 6.19178E-1 6.26775E-1 6.18215E-1 5.51242E-1 5.58364E-1 5.592E-1 5.58817E-1 5.73421E-1 6.46629E-1 6.41091E-1 6.3993E-1 6.49727E-1 6.484E-1 6.30552E-1 5.75203E-1 5.82916E-1 5.83953E-1 5.93496E-1 5.90775E-1 5.8447E-1 5.78188E-1 5.79153E-1 5.8912E-1 5.964E-1 5.98069E-1 5.96587E-1 6.02418E-1 6.07404E-1 6.03363E-1 6.0016E-1 6.50175E-1 6.48607E-1 6.48788E-1 6.52651E-1 6.48047E-1 6.52458E-1 6.49189E-1 6.38881E-1 6.32329E-1 6.44731E-1 6.3976E-1 6.3123E-1 6.21539E-1 6.3374E-1 6.31092E-1 6.2645E-1 6.25633E-1 6.20585E-1 6.16944E-1 6.10087E-1 6.13633E-1 5.81961E-1 6.17405E-1 6.18964E-1
6.23428E-1 5.22029E-1 5.27734E-1 5.34734E-1 5.36798E-1 5.66708E-1 6.28814E-1 6.38857E-1 6.33253E-1 6.17083E-1 6.11865E-1 5.59231E-1 5.60295E-1 5.65878E-1 5.60539E-1 5.80286E-1 6.33241E-1 6.43726E-1 6.46628E-1 6.31199E-1 6.21385E-1 5.6702E-1 5.70307E-1 5.71182E-1 5.7185E-1 5.73059E-1 5.72821E-1 5.75324E-1 5.80016E-1 5.79238E-1 5.8575E-1 5.86097E-1 5.84938E-1 5.91496E-1 5.9301E-1 5.93423E-1 6.01779E-1 6.01054E-1 6.58596E-1 6.58491E-1 6.59338E-1 6.58625E-1 6.66206E-1 6.61662E-1 6.56092E-1 6.50327E-1 6.36721E-1 6.32854E-1 6.2975E-1 6.18385E-1 6.25662E-1 6.28542E-1 6.23829E-1 6.16665E-1 6.16934E-1 6.16558E-1 6.14817E-1 6.12718E-1 5.77889E-1 6.03249E-1 6.03785E-1
5.44887E-1 5.35463E-1 5.35163E-1 5.58347E-1 5.59203E-1 5.58488E-1 5.76281E-1 6.31992E-1 6.37555E-1 6.22067E-1 6.1019E-1 6.21114E-1 6.22306E-1 5.59207E-1 5.67207E-1 5.80205E-1 6.34961E-1 6.39812E-1 6.30182E-1 6.20132E-1 6.14916E-1 5.61439E-1 5.61547E-1 5.70593E-1 5.69144E-1 5.76153E-1 5.77774E-1 5.80828E-1 5.77978E-1 5.80427E-1 5.86246E-1 5.84926E-1 5.8251E-1 5.8767E-1 5.89457E-1 5.91823E-1 5.89251E-1 5.89378E-1 5.88354E-1 5.88798E-1 5.82302E-1 5.82872E-1 6.42912E-1 6.42516E-1 6.41837E-1 6.37669E-1 6.20079E-1 6.32564E-1 6.34401E-1 6.32048E-1 6.198E-1 6.20216E-1 6.16119E-1 6.22877E-1 6.28136E-1 6.11493E-1 5.76723E-1 6.09651E-1 5.7355E-1 5.97034E-1 6.06239E-1
5.29973E-1 5.34041E-1 5.56527E-1 5.55422E-1 5.65005E-1 5.67982E-1 6.40003E-1 6.35246E-1 6.30508E-1 6.13183E-1 6.12318E-1 6.17849E-1 6.13252E-1 5.57079E-1 5.76001E-1 6.3484E-1 6.38205E-1 6.24161E-1 6.38448E-1 6.37791E-1 6.31767E-1 6.2347E-1 6.28487E-1 6.38486E-1 6.26761E-1 5.7926E-1 5.77173E-1 5.69783E-1 5.75522E-1 5.72691E-1 5.88613E-1 5.84358E-1 5.78014E-1 5.8255E-1 5.82189E-1 5.85931E-1 5.88038E-1 5.82025E-1 5.8322E-1 5.79525E-1 5.79964E-1 5.77063E-1 5.74048E-1 6.29153E-1 6.30502E-1 6.41526E-1 6.38558E-1 6.43805E-1 6.39714E-1 6.32105E-1 6.25308E-1 6.26502E-1 6.26006E-1 6.2771E-1 6.19138E-1 6.1348E-1 6.13557E-1 6.05679E-1 6.04431E-1 6.37104E-1 6.26116E-1
5.50499E-1 5.58835E-1 5.55624E-1 6.00634E-1 5.64256E-1 6.05342E-1 6.30485E-1 6.4123E-1 6.41432E-1 6.3416E-1 6.23048E-1 6.18996E-1 6.12126E-1 5.58672E-1 5.65979E-1 6.19302E-1 6.17201E-1 6.32841E-1 6.27448E-1 6.16743E-1 6.28922E-1 6.34442E-1 6.37484E-1 6.23868E-1 6.31768E-1 6.31607E-1 6.29942E-1 5.72699E-1 5.92594E-1 5.72322E-1 5.74915E-1 5.80976E-1 5.72043E-1 5.87349E-1 5.95274E-1 5.79793E-1 5.90637E-1 5.89047E-1 5.83815E-1 6.46602E-1 6.36136E-1 6.2288E-1 6.231E-1 5.65069E-1 6.28704E-1 6.427E-1 6.34861E-1 6.28277E-1 6.25457E-1 6.27255E-1 6.24978E-1 6.28601E-1 6.21094E-1 6.25832E-1 6.41987E-1 6.38383E-1 6.39614E-1 6.36299E-1 6.46274E-1 6.41548E-1 6.24689E-1
5.43973E-1 5.49881E-1 6.08719E-1 6.03701E-1 5.94722E-1 6.15624E-1 6.29188E-1 6.30932E-1 6.28006E-1 6.12573E-1 6.0369E-1 6.04302E-1 6.06798E-1 6.27912E-1 6.51959E-1 6.26068E-1 6.1492E-1 6.31581E-1 6.39016E-1 6.16542E-1 6.38779E-1 6.35723E-1 6.49845E-1 6.41383E-1 6.2931E-1 6.18217E-1 6.19999E-1 5.66739E-1 5.74402E-1 5.70398E-1 5.86875E-1 5.90284E-1 5.84502E-1 5.73503E-1 5.99241E-1 5.79935E-1 5.88381E-1 5.98927E-1 6.37683E-1 6.3895E-1 6.43221E-1 6.31298E-1 6.40471E-1 6.18816E-1 6.18741E-1 6.14021E-1 6.26025E-1 6.33382E-1 6.30046E-1 6.24013E-1 6.19534E-1 6.21243E-1 6.49508E-1 6.14458E-1 5.87517E-1 5.92964E-1 6.38374E-1 6.4026E-1 6.47465E-1 6.37161E-1 6.32515E-1
6.15138E-1 6.15255E-1 6.11307E-1 6.10387E-1 6.02311E-1 6.04562E-1 6.19913E-1 6.24885E-1 6.30873E-1 6.10417E-1 6.18011E-1 6.14437E-1 6.12535E-1 6.25768E-1 6.28524E-1 6.17613E-1 6.36912E-1 6.40038E-1 6.36389E-1 6.08261E-1 6.27126E-1 6.5201E-1 6.60114E-1 6.43227E-1 6.18763E-1 6.13742E-1 6.1334E-1 6.14676E-1 6.32617E-1 6.31451E-1 6.41434E-1 6.35412E-1 6.43048E-1 5.71877E-1 5.76374E-1 5.87517E-1 5.81228E-1 5.83552E-1 6.51914E-1 6.46976E-1 6.53687E-1 6.55651E-1 6.45413E-1 6.3327E-1 6.38237E-1 6.37082E-1 6.36811E-1 6.36919E-1 6.30597E-1 6.24043E-1 6.27245E-1 6.32307E-1 6.34566E-1 6.22508E-1 5.8706E-1 5.85069E-1 6.29883E-1 6.01655E-1 5.95198E-1 5.90747E-1 6.05706E-1
6.13141E-1 6.17336E-1 6.15207E-1 6.17201E-1 6.21766E-1 6.16665E-1 6.17164E-1 6.12895E-1 6.19954E-1 6.03931E-1 6.09005E-1 6.09839E-1 6.07233E-1 6.32128E-1 6.49113E-1 6.23085E-1 6.09155E-1 6.2563E-1 6.07925E-1 6.07263E-1 6.08555E-1 6.32813E-1 6.47859E-1 6.36934E-1 6.3204E-1 6.21184E-1 6.09162E-1 6.28028E-1 6.37627E-1 6.44951E-1 6.54002E-1 6.48637E-1 6.43882E-1 5.76194E-1 5.75635E-1 5.88184E-1 5.85236E-1 5.8632E-1 6.43207E-1 6.42258E-1 6.49791E-1 6.53189E-1 6.45025E-1 6.47412E-1 6.49557E-1 6.39953E-1 6.35038E-1 6.27575E-1 6.2599E-1 6.28093E-1 6.26879E-1 6.3308E-1 6.3273E-1 5.87872E-1 5.87794E-1 5.82827E-1 5.9263E-1 5.75529E-1 5.71887E-1 5.71075E-1 5.78201E-1
5.93564E-1 6.05957E-1 6.21776E-1 6.12777E-1 6.18091E-1 6.13098E-1 6.26099E-1 6.20501E-1 6.46166E-1 6.25848E-1 6.15331E-1 6.18803E-1 6.23869E-1 6.39965E-1 6.44961E-1 6.49435E-1 6.25519E-1 6.18128E-1 6.15804E-1 6.35506E-1 6.22535E-1 6.14807E-1 6.21762E-1 6.23242E-1 6.22858E-1 6.25387E-1 6.18157E-1 6.40181E-1 6.33222E-1 6.47263E-1 6.46604E-1 6.33712E-1 5.44966E-1 5.7267E-1 5.84713E-1 6.49193E-1 6.34299E-1 5.80538E-1 6.50892E-1 6.49133E-1 6.37711E-1 6.3791E-1 6.47745E-1 6.49438E-1 6.09803E-1 6.30472E-1 6.33209E-1 6.32998E-1 6.29574E-1 6.28602E-1 6.36061E-1 6.30808E-1 5.97502E-1 5.91639E-1 5.8393E-1 5.7743E-1 5.76203E-1 6.09605E-1 6.08395E-1 5.78143E-1 5.70977E-1
5.92746E-1 6.12624E-1 6.20665E-1 6.16868E-1 6.32086E-1 6.16866E-1 6.23828E-1 6.19329E-1 6.27522E-1 6.1681E-1 6.25899E-1 6.19117E-1 6.20652E-1 6.21621E-1 6.22745E-1 6.22125E-1 6.15573E-1 6.12164E-1 6.11792E-1 6.20839E-1 6.11188E-1 6.15117E-1 6.33931E-1 6.26196E-1 6.28037E-1 6.34176E-1 6.34584E-1 6.37505E-1 6.23769E-1 6.17978E-1 5.42018E-1 5.65935E-1 5.81581E-1 5.82842E-1 6.44261E-1 6.38832E-1 6.21181E-1 5.68761E-1 6.22398E-1 6.24586E-1 6.21913E-1 6.30612E-1 6.27684E-1 6.14828E-1 6.1813E-1 6.11871E-1 6.19327E-1 6.3258E-1 6.2858E-1 6.35578E-1 6.19965E-1 5.88796E-1 5.87683E-1 5.89135E-1 5.84025E-1 5.76478E-1 6.18473E-1 6.36177E-1 6.45233E-1 6.59074E-1 6.2089E-1
5.8104E-1 5.9404E-1 6.1027E-1 6.16234E-1 6.12681E-1 6.19982E-1 6.14455E-1 6.236E-1 6.1592E-1 6.17974E-1 6.14769E-1 6.29165E-1 6.28627E-1 6.28243E-1 6.24823E-1 6.21911E-1 6.18187E-1 6.11157E-1 6.12503E-1 6.05611E-1 6.05466E-1 6.06125E-1 6.24478E-1 6.25148E-1 6.16253E-1 6.31072E-1 6.26902E-1 6.23255E-1 6.48336E-1 6.1413E-1 5.68747E-1 5.69605E-1 6.44931E-1 6.39708E-1 6.4136E-1 6.46348E-1 6.28005E-1 6.26146E-1 6.31253E-1 6.22672E-1 6.2165E-1 6.16494E-1 6.23801E-1 6.36049E-1 6.29995E-1 6.23544E-1 6.17563E-1 6.17725E-1 6.26345E-1 6.22431E-1 5.85099E-1 5.79114E-1 5.77828E-1 5.87074E-1 6.39676E-1 5.96218E-1 5.82206E-1 6.22255E-1 6.46694E-1 6.39473E-1 5.76217E-1
5.81618E-1 5.98362E-1 6.20781E-1 6.04674E-1 5.9074E-1 6.09432E-1 6.04748E-1 6.08056E-1 6.09572E-1 5.94151E-1 6.11067E-1 6.29709E-1 6.21922E-1 6.28932E-1 6.21997E-1 6.33737E-1 6.46294E-1 6.5654E-1 6.41029E-1 6.1878E-1 6.21798E-1 6.06109E-1 6.36932E-1 6.19692E-1 6.13357E-1 6.26579E-1 6.45842E-1 6.42107E-1 6.15644E-1 6.13926E-1 6.12443E-1 6.41474E-1 6.61146E-1 6.55761E-1 6.55193E-1 6.63102E-1 6.30509E-1 6.42282E-1 6.42326E-1 6.46823E-1 6.5662E-1 6.12764E-1 6.11532E-1 6.15009E-1 6.10953E-1 6.14954E-1 6.16577E-1 6.48685E-1 6.44257E-1 6.19159E-1 6.14985E-1 6.1695E-1 6.16386E-1 5.86017E-1 5.89354E-1 5.83611E-1 5.74774E-1 5.79489E-1 5.8247E-1 5.80231E-1 5.94111E-1
5.86783E-1 5.86439E-1 5.99111E-1 6.22892E-1 5.94302E-1 6.15294E-1 5.98904E-1 6.22461E-1 6.16737E-1 5.99635E-1 6.03202E-1 6.17859E-1 6.26585E-1 6.24338E-1 6.1586E-1 6.19698E-1 6.14601E-1 6.3542E-1 6.19661E-1 6.04009E-1 6.03975E-1 6.00232E-1 6.18133E-1 6.20799E-1 6.10874E-1 6.30389E-1 6.54711E-1 6.13176E-1 6.07266E-1 5.76856E-1 6.10232E-1 6.21923E-1 6.20486E-1 6.25771E-1 6.40442E-1 6.37743E-1 6.28383E-1 6.23453E-1 6.31473E-1 6.56585E-1 6.15991E-1 6.08998E-1 6.12832E-1 6.2448E-1 6.21578E-1 6.12096E-1 6.28168E-1 6.30878E-1 6.11257E-1 5.80702E-1 5.79255E-1 5.81726E-1 5.82709E-1 5.7948E-1 6.09095E-1 5.77311E-1 6.16824E-1 6.36186E-1 6.25281E-1 5.94429E-1 5.76203E-1
