Artocarpus heterophyllus SDM files/MIS19/results (with bias file)/Arthet_avg.asc
ncols         625
nrows         721
xllcorner     69.99986311115
yllcorner     5.99986187915
cellsize      0.041666667
NODATA_value  -9999
[rows 54 to 80 of 721, columns 0 to 60 of 625]
2.57334E-1 1.33516E-1 1.2336E-1 1.46492E-1 1.21709E-1 2.16169E-1 9.62519E-2 1.44841E-1 1.24111E-1 6.80056E-2 8.29987E-2 7.60925E-2 8.99344E-2 8.7184E-2 6.41987E-2 5.23997E-2 3.57193E-2 5.05527E-2 5.12064E-2 4.64399E-2 3.31776E-2 2.87975E-2 2.95803E-2 3.45015E-2 4.55051E-2 4.52253E-2 4.63792E-2 5.07993E-2 6.76907E-2 7.30263E-2 2.06052E-1 2.77608E-1 2.80944E-1 2.55712E-1 2.60536E-1 2.26673E-1 2.33794E-1 2.42734E-1 2.35109E-1 2.27973E-1 2.24182E-1 2.49867E-1 3.22141E-1 3.6291E-1 3.28012E-1 3.18612E-1 3.33989E-1 3.34573E-1 3.43466E-1 3.41345E-1 3.55469E-1 3.74767E-1 3.64052E-1 3.781E-1 3.7632E-1 3.93664E-1 4.50904E-1 4.58308E-1 4.81389E-1 4.8831E-1 5.23811E-1
1.74753E-1 1.43349E-1 1.49522E-1 1.8867E-1 1.87726E-1 1.13828E-1 2.74901E-1 2.62494E-1 2.17486E-1 1.07604E-1 1.17821E-1 2.01213E-1 1.94308E-1 1.19701E-1 7.10609E-2 4.67366E-2 5.36517E-2 5.28103E-2 3.88587E-2 3.56455E-2 3.36205E-2 3.71673E-2 3.91859E-2 5.37543E-2 4.86765E-2 3.89136E-2 4.2412E-2 5.79361E-2 1.30693E-1 7.44582E-2 8.20966E-2 9.58403E-2 2.49653E-1 2.25524E-1 2.96292E-1 2.15661E-1 2.46907E-1 2.57792E-1 2.6395E-1 2.67032E-1 3.14889E-1 4.21327E-1 3.51514E-1 3.30433E-1 3.67109E-1 3.88693E-1 3.17528E-1 3.51387E-1 3.2463E-1 3.56792E-1 3.81845E-1 4.50189E-1 5.31081E-1 4.54854E-1 3.89824E-1 3.78207E-1 3.97687E-1 4.08788E-1 5.21744E-1 5.53727E-1 5.24634E-1
1.10546E-1 1.11163E-1 1.18316E-1 1.40566E-1 1.28906E-1 3.10801E-1 1.82056E-1 2.58973E-1 3.44534E-1 1.60025E-1 1.22816E-1 1.85067E-1 1.53685E-1 1.41148E-1 7.00379E-2 4.93198E-2 5.07166E-2 5.32842E-2 4.47643E-2 3.90723E-2 3.52998E-2 4.45659E-2 4.28968E-2 4.14014E-2 3.64599E-2 3.94637E-2 1.20411E-1 1.27743E-1 1.33147E-1 1.485E-1 1.29797E-1 1.62832E-1 2.12025E-1 9.83498E-2 2.15277E-1 2.88248E-1 2.54477E-1 2.68292E-1 3.4921E-1 3.24476E-1 3.10912E-1 3.65747E-1 3.55793E-1 3.3822E-1 3.17155E-1 2.98315E-1 2.93354E-1 2.93876E-1 2.94837E-1 3.14545E-1 3.28166E-1 3.31429E-1 4.54091E-1 5.18642E-1 5.45796E-1 4.89244E-1 4.59113E-1 4.55637E-1 4.61565E-1 5.09804E-1 4.99776E-1
1.0981E-1 1.18092E-1 8.67788E-2 2.05645E-1 2.40262E-1 2.38378E-1 2.4016E-1 2.49283E-1 3.89466E-1 2.67261E-1 2.49044E-1 1.17539E-1 1.20911E-1 7.72863E-2 6.19115E-2 6.1507E-2 4.59283E-2 4.52586E-2 3.83403E-2 3.75472E-2 3.73576E-2 3.64698E-2 3.53736E-2 3.70783E-2 3.94136E-2 1.05675E-1 1.34793E-1 1.36242E-1 1.34478E-1 1.40999E-1 1.52952E-1 1.58033E-1 1.63698E-1 1.52218E-1 1.5113E-1 1.66251E-1 2.664E-1 2.33546E-1 3.49614E-1 3.44227E-1 3.01232E-1 2.99456E-1 2.77167E-1 2.79159E-1 2.83262E-1 3.02285E-1 3.02019E-1 2.88492E-1 2.98421E-1 3.03687E-1 3.10681E-1 3.29124E-1 3.54731E-1 3.8451E-1 4.53773E-1 4.90483E-1 4.79908E-1 5.52589E-1 6.02488E-1 6.55052E-1 5.92722E-1
7.51112E-2 8.88335E-2 1.12109E-1 1.86959E-1 2.6154E-1 2.45967E-1 2.67432E-1 2.5858E-1 5.36792E-1 2.24103E-1 1.78463E-1 9.40914E-2 7.07064E-2 6.5005E-2 5.6146E-2 5.4332E-2 6.15587E-2 7.23888E-2 7.93536E-2 5.39434E-2 5.23485E-2 5.20066E-2 1.00177E-1 4.86726E-2 1.20134E-1 1.36136E-1 1.45749E-1 1.43168E-1 1.5887E-1 1.55695E-1 1.50122E-1 1.54835E-1 1.47739E-1 1.43993E-1 1.4248E-1 1.40466E-1 1.45008E-1 1.46222E-1 1.71765E-1 2.66221E-1 1.58265E-1 1.67934E-1 3.22459E-1 3.41129E-1 3.24326E-1 3.17307E-1 3.24852E-1 2.93694E-1 3.1377E-1 3.13147E-1 3.11004E-1 3.19557E-1 3.28049E-1 3.78121E-1 4.61868E-1 4.76768E-1 4.16776E-1 4.41478E-1 4.56385E-1 5.49164E-1 5.9739E-1
1.74854E-1 2.39723E-1 2.17269E-1 1.91326E-1 3.03485E-1 2.452E-1 2.87473E-1 2.43584E-1 4.42616E-1 3.98414E-1 1.31538E-1 1.19189E-1 7.85603E-2 1.59669E-1 1.63927E-1 5.96032E-2 5.70053E-2 5.71914E-2 5.69244E-2 5.71728E-2 7.07769E-2 7.92881E-2 7.80796E-2 1.53539E-1 1.38074E-1 1.43359E-1 1.35269E-1 1.63931E-1 2.0803E-1 1.79619E-1 1.70434E-1 1.63953E-1 1.6133E-1 1.5771E-1 1.53282E-1 1.51023E-1 1.46849E-1 1.5084E-1 1.45544E-1 1.52106E-1 3.36464E-1 3.20897E-1 2.89397E-1 2.74482E-1 2.79702E-1 2.88704E-1 3.00395E-1 3.05256E-1 3.30355E-1 3.32323E-1 3.20525E-1 3.1939E-1 3.34297E-1 3.33487E-1 3.52679E-1 4.06448E-1 3.78067E-1 4.05952E-1 4.24491E-1 4.81776E-1 5.53399E-1
2.18337E-1 2.28039E-1 3.79263E-1 1.39294E-1 2.83064E-1 2.42031E-1 2.64556E-1 2.64861E-1 2.50624E-1 2.56819E-1 2.39386E-1 2.27473E-1 1.14743E-1 1.71538E-1 9.82742E-2 8.23664E-2 1.75706E-1 1.68812E-1 1.67635E-1 1.63619E-1 1.21207E-1 1.20185E-1 1.23962E-1 1.26479E-1 1.32004E-1 1.39981E-1 2.00264E-1 2.51138E-1 2.3983E-1 2.48469E-1 2.25759E-1 1.83534E-1 1.61642E-1 1.53156E-1 1.56988E-1 1.5743E-1 1.61102E-1 1.45659E-1 1.40826E-1 1.36963E-1 1.6136E-1 2.72503E-1 2.73755E-1 2.8564E-1 2.96675E-1 3.02511E-1 3.02887E-1 2.97422E-1 3.24077E-1 3.29607E-1 3.37349E-1 3.4561E-1 3.26036E-1 3.46757E-1 3.56679E-1 3.60162E-1 3.55865E-1 3.73887E-1 4.28085E-1 4.53626E-1 4.99249E-1
2.1996E-1 2.20968E-1 2.43828E-1 2.4509E-1 2.54548E-1 2.84832E-1 2.95488E-1 3.29304E-1 2.62276E-1 2.59509E-1 2.40148E-1 2.88549E-1 2.25624E-1 2.10322E-1 2.32586E-1 1.74047E-1 1.39714E-1 1.3676E-1 1.41056E-1 1.41193E-1 1.34796E-1 1.35346E-1 1.32474E-1 1.34154E-1 1.68186E-1 2.16857E-1 2.59034E-1 1.66607E-1 1.41677E-1 1.53203E-1 1.76298E-1 1.73848E-1 1.64482E-1 1.68441E-1 1.66095E-1 1.60195E-1 1.64485E-1 1.56929E-1 1.49647E-1 1.64473E-1 2.14952E-1 3.62233E-1 2.8074E-1 2.6794E-1 2.69105E-1 2.82887E-1 2.13504E-1 3.32399E-1 3.36578E-1 3.20538E-1 3.17535E-1 3.29254E-1 3.3662E-1 3.4921E-1 3.64519E-1 3.66124E-1 3.88896E-1 4.20937E-1 4.50029E-1 4.55239E-1 4.61038E-1
2.38985E-1 2.22862E-1 2.56269E-1 2.67439E-1 3.30115E-1 4.82283E-1 5.12682E-1 4.20643E-1 2.45485E-1 3.07619E-1 2.6892E-1 2.35815E-1 2.79864E-1 2.26594E-1 1.90226E-1 1.44939E-1 1.42048E-1 1.47157E-1 1.57647E-1 1.83489E-1 2.06876E-1 1.81663E-1 1.60087E-1 1.82501E-1 1.84058E-1 1.55812E-1 1.53932E-1 1.39378E-1 1.52305E-1 1.60277E-1 1.45941E-1 1.44661E-1 1.53381E-1 1.72942E-1 1.81994E-1 1.74746E-1 1.60602E-1 1.58549E-1 1.74395E-1 3.28008E-1 3.24529E-1 2.91006E-1 2.82123E-1 2.70946E-1 2.69468E-1 2.0134E-1 3.27968E-1 3.64442E-1 3.48882E-1 3.18898E-1 3.36014E-1 3.62728E-1 3.83756E-1 4.05641E-1 4.20276E-1 4.33939E-1 4.34238E-1 4.79193E-1 4.49946E-1 4.3435E-1 4.66896E-1
2.15807E-1 2.23336E-1 2.32097E-1 2.86613E-1 4.75419E-1 3.97796E-1 2.52307E-1 2.8775E-1 2.76823E-1 3.29895E-1 3.63149E-1 2.17993E-1 2.35121E-1 2.34888E-1 1.53972E-1 1.82793E-1 2.16944E-1 2.23738E-1 2.3448E-1 2.50323E-1 2.98433E-1 1.85609E-1 1.92026E-1 1.8794E-1 1.47656E-1 1.85875E-1 1.72823E-1 1.67883E-1 1.73176E-1 1.8406E-1 1.68295E-1 1.60139E-1 1.54282E-1 1.59988E-1 1.71254E-1 1.9131E-1 1.80069E-1 1.71213E-1 1.73967E-1 2.29574E-1 2.99614E-1 2.84567E-1 2.67487E-1 1.79013E-1 3.04968E-1 2.06569E-1 2.9607E-1 3.0817E-1 3.06984E-1 3.37144E-1 3.43796E-1 3.28312E-1 3.67005E-1 3.86327E-1 4.41342E-1 4.20785E-1 4.2215E-1 4.47978E-1 4.18842E-1 4.3092E-1 4.91375E-1
2.1388E-1 2.28418E-1 2.8894E-1 2.96095E-1 2.52673E-1 2.66351E-1 3.22347E-1 4.84106E-1 4.6249E-1 4.20269E-1 2.23609E-1 2.19568E-1 2.02421E-1 1.66264E-1 2.36128E-1 2.64957E-1 2.90186E-1 3.04431E-1 2.67349E-1 2.15456E-1 2.23628E-1 2.24359E-1 2.32528E-1 1.73866E-1 2.01125E-1 2.11561E-1 1.57293E-1 1.63499E-1 1.72403E-1 2.11192E-1 1.66488E-1 1.90877E-1 2.36356E-1 2.70019E-1 2.43586E-1 1.81316E-1 2.09655E-1 1.75166E-1 2.41952E-1 3.48891E-1 2.61282E-1 1.38527E-1 2.07384E-1 2.58298E-1 3.69107E-1 3.72696E-1 3.23537E-1 3.12874E-1 3.26946E-1 3.27519E-1 3.61454E-1 3.84143E-1 3.65086E-1 3.65158E-1 3.54502E-1 3.92368E-1 3.49221E-1 4.15378E-1 3.74219E-1 4.44442E-1 4.60688E-1
2.67169E-1 3.02491E-1 2.95786E-1 2.28941E-1 2.22435E-1 3.24256E-1 5.00994E-1 3.69265E-1 3.21499E-1 3.53692E-1 3.39545E-1 2.06868E-1 1.9924E-1 2.67126E-1 2.79056E-1 1.918E-1 1.92738E-1 1.62658E-1 1.92336E-1 2.18165E-1 1.82646E-1 1.319E-1 1.31946E-1 1.31084E-1 1.28483E-1 1.32673E-1 1.30963E-1 1.36414E-1 1.52236E-1 1.54488E-1 1.7672E-1 1.62733E-1 1.68894E-1 1.66653E-1 1.63948E-1 1.71206E-1 1.63002E-1 1.85723E-1 2.91368E-1 2.97047E-1 3.13763E-1 1.53951E-1 3.12674E-1 3.27051E-1 3.55641E-1 3.74551E-1 3.66067E-1 3.86442E-1 3.86855E-1 3.7327E-1 3.69566E-1 3.43712E-1 3.38433E-1 3.3744E-1 3.37266E-1 3.89748E-1 3.46768E-1 3.66526E-1 3.72274E-1 4.18079E-1 4.55146E-1
3.45091E-1 3.70639E-1 3.33748E-1 3.16223E-1 2.5502E-1 3.01949E-1 3.59148E-1 3.19139E-1 2.358E-1 3.50463E-1 3.04702E-1 1.93563E-1 2.2379E-1 2.921E-1 2.42778E-1 2.92693E-1 3.05159E-1 3.04373E-1 2.83737E-1 2.40614E-1 1.97831E-1 1.85795E-1 1.83761E-1 1.90043E-1 1.83167E-1 1.8131E-1 1.78398E-1 1.64659E-1 1.50248E-1 1.58061E-1 1.52461E-1 1.77828E-1 2.03532E-1 2.02598E-1 1.84373E-1 1.98364E-1 2.48689E-1 3.71995E-1 1.94175E-1 1.59938E-1 1.91912E-1 1.64332E-1 2.2676E-1 3.35832E-1 3.27661E-1 3.62903E-1 3.82463E-1 3.54407E-1 3.49559E-1 3.49731E-1 3.36622E-1 3.18019E-1 3.19178E-1 3.13289E-1 3.15841E-1 3.22489E-1 3.56945E-1 4.01236E-1 4.72769E-1 4.73462E-1 4.52201E-1
1.92469E-1 1.78386E-1 1.65678E-1 3.57005E-1 3.94723E-1 2.33776E-1 2.17789E-1 2.20903E-1 3.51317E-1 2.9445E-1 1.96222E-1 1.94248E-1 2.1586E-1 1.54395E-1 1.60812E-1 1.70856E-1 1.62178E-1 2.15875E-1 1.8384E-1 1.6993E-1 1.49949E-1 1.57574E-1 1.68468E-1 1.46631E-1 1.45311E-1 1.39769E-1 1.49706E-1 1.62883E-1 1.78233E-1 2.00392E-1 2.27796E-1 2.21197E-1 2.06277E-1 1.94748E-1 2.00043E-1 2.5385E-1 3.5084E-1 3.23689E-1 2.07678E-1 3.79513E-1 3.4772E-1 1.45953E-1 1.75253E-1 3.07986E-1 3.23067E-1 3.21282E-1 3.49961E-1 3.07549E-1 2.89146E-1 3.00009E-1 3.00553E-1 3.13686E-1 3.01504E-1 3.26214E-1 3.34811E-1 3.73797E-1 4.10354E-1 4.54571E-1 4.415E-1 4.2874E-1 4.25491E-1
1.44842E-1 1.15388E-1 1.12693E-1 2.48675E-1 3.38135E-1 3.32147E-1 3.21057E-1 4.30432E-1 3.17106E-1 2.09877E-1 2.21159E-1 2.25995E-1 2.16543E-1 1.58434E-1 3.08585E-1 3.34261E-1 2.85854E-1 2.44793E-1 2.28507E-1 1.68558E-1 1.24888E-1 1.28736E-1 1.25044E-1 1.27272E-1 1.3083E-1 1.3849E-1 1.45067E-1 1.65297E-1 2.00559E-1 2.17223E-1 2.30343E-1 2.25234E-1 2.37017E-1 2.49397E-1 2.80357E-1 4.04845E-1 3.78119E-1 3.17598E-1 2.16176E-1 3.35002E-1 3.22329E-1 3.02969E-1 1.70264E-1 3.00123E-1 2.95061E-1 2.83916E-1 2.91355E-1 2.92663E-1 2.97213E-1 3.08644E-1 2.81761E-1 3.05818E-1 3.64893E-1 3.92698E-1 3.99524E-1 4.14538E-1 3.94602E-1 3.99253E-1 4.01434E-1 4.13191E-1 4.05254E-1
1.52826E-1 1.61051E-1 1.12933E-1 2.6567E-1 3.19279E-1 3.421E-1 3.49803E-1 3.32055E-1 2.02711E-1 2.16956E-1 2.22611E-1 2.49414E-1 2.33682E-1 1.96594E-1 2.15408E-1 3.01254E-1 2.77851E-1 1.78103E-1 1.71344E-1 1.26441E-1 1.35239E-1 1.69427E-1 1.52129E-1 1.35483E-1 1.40962E-1 1.72532E-1 1.65719E-1 1.59482E-1 1.81554E-1 2.1545E-1 2.38929E-1 2.44035E-1 2.69657E-1 2.86072E-1 4.09976E-1 3.84095E-1 3.52735E-1 3.38077E-1 3.89257E-1 3.48077E-1 2.78055E-1 2.52141E-1 1.67851E-1 2.58709E-1 2.67179E-1 2.62082E-1 2.62926E-1 2.77123E-1 2.90678E-1 2.86396E-1 2.9903E-1 3.23787E-1 3.26541E-1 3.17927E-1 3.26331E-1 3.34526E-1 3.38621E-1 3.6815E-1 3.71889E-1 3.85366E-1 3.77292E-1
1.79137E-1 2.04199E-1 2.98609E-1 2.85812E-1 2.94957E-1 2.93901E-1 2.81977E-1 3.04061E-1 1.98068E-1 1.95041E-1 3.54508E-1 3.22233E-1 3.30431E-1 1.90495E-1 1.93918E-1 1.70005E-1 1.65699E-1 1.6363E-1 1.62001E-1 1.27517E-1 1.19604E-1 1.20212E-1 1.21827E-1 1.2609E-1 1.39146E-1 1.35673E-1 1.36506E-1 1.64699E-1 2.06952E-1 2.23766E-1 2.28064E-1 3.6377E-1 3.2757E-1 3.53402E-1 3.11178E-1 2.56836E-1 2.07758E-1 1.38709E-1 3.2731E-1 2.92344E-1 2.64733E-1 1.40388E-1 2.73022E-1 2.82398E-1 2.84741E-1 2.58739E-1 2.5566E-1 2.56601E-1 2.72599E-1 2.88425E-1 2.98922E-1 3.10943E-1 3.11077E-1 3.2989E-1 3.35037E-1 3.45216E-1 3.48496E-1 4.38925E-1 3.63999E-1 3.99271E-1 4.23126E-1
1.82903E-1 1.8924E-1 1.89921E-1 2.02401E-1 2.84598E-1 2.81016E-1 2.95179E-1 2.80528E-1 1.93357E-1 2.21556E-1 3.16212E-1 1.81814E-1 1.79378E-1 1.94946E-1 1.975E-1 1.72429E-1 1.46133E-1 1.24415E-1 1.25318E-1 1.22663E-1 1.28379E-1 1.29616E-1 1.3287E-1 1.4117E-1 1.46246E-1 1.52967E-1 1.6593E-1 1.74352E-1 1.67373E-1 1.77332E-1 3.31607E-1 3.07302E-1 2.4553E-1 2.34959E-1 2.10377E-1 2.73488E-1 2.69066E-1 1.21329E-1 2.56099E-1 2.65722E-1 2.69755E-1 1.56474E-1 2.62275E-1 2.91347E-1 2.50458E-1 2.57467E-1 2.73452E-1 2.96328E-1 3.17929E-1 3.28497E-1 3.23355E-1 3.36218E-1 3.42142E-1 3.59816E-1 3.59026E-1 3.89545E-1 3.74511E-1 3.74469E-1 4.55511E-1 3.65114E-1 3.87343E-1
2.78792E-1 1.87954E-1 2.07059E-1 3.65897E-1 1.89905E-1 2.97131E-1 2.88547E-1 1.9805E-1 1.98641E-1 2.24512E-1 3.04464E-1 1.82473E-1 1.82797E-1 1.74355E-1 1.68762E-1 1.52093E-1 1.33729E-1 1.30445E-1 1.30085E-1 1.30572E-1 1.34119E-1 1.4026E-1 1.45331E-1 1.5177E-1 1.56086E-1 1.57127E-1 1.59621E-1 1.9645E-1 2.21287E-1 3.36496E-1 2.66619E-1 2.21597E-1 2.47613E-1 1.21244E-1 2.64019E-1 2.5671E-1 2.44467E-1 1.26348E-1 2.62189E-1 2.59823E-1 2.46318E-1 1.57719E-1 2.471E-1 2.57325E-1 2.72241E-1 3.15338E-1 3.28305E-1 3.17392E-1 3.2846E-1 3.46564E-1 3.38623E-1 3.37157E-1 3.6217E-1 3.63261E-1 3.66282E-1 3.7212E-1 3.8646E-1 3.67045E-1 4.45653E-1 3.76134E-1 3.69434E-1
1.95338E-1 1.86833E-1 2.22269E-1 1.96245E-1 1.86152E-1 2.07602E-1 1.95249E-1 2.05768E-1 2.43997E-1 3.87308E-1 2.88623E-1 1.88714E-1 1.86731E-1 1.77926E-1 1.77447E-1 1.61815E-1 1.38877E-1 1.35664E-1 1.37341E-1 1.32787E-1 1.37139E-1 1.47165E-1 1.4976E-1 1.50135E-1 1.5349E-1 1.61164E-1 1.78237E-1 2.8614E-1 2.59132E-1 2.20333E-1 1.81625E-1 1.55784E-1 1.05327E-1 1.62287E-1 1.90355E-1 1.55038E-1 1.07413E-1 1.26053E-1 2.3403E-1 2.51734E-1 1.63788E-1 2.8753E-1 2.88651E-1 2.97002E-1 2.83466E-1 3.13092E-1 3.28465E-1 3.44458E-1 3.18997E-1 3.36476E-1 3.52175E-1 3.29532E-1 3.16175E-1 3.28844E-1 3.57872E-1 3.72053E-1 3.84324E-1 3.75961E-1 4.14518E-1 3.68203E-1 3.51825E-1
3.42363E-1 2.28838E-1 2.07287E-1 2.1865E-1 2.53331E-1 3.64678E-1 1.96463E-1 2.30411E-1 3.06918E-1 1.94776E-1 3.00872E-1 1.83116E-1 1.89215E-1 1.83496E-1 1.65058E-1 1.64045E-1 1.38954E-1 1.36404E-1 1.34061E-1 1.35002E-1 1.44701E-1 1.44247E-1 1.43795E-1 1.43882E-1 1.49346E-1 1.53444E-1 1.98504E-1 2.22767E-1 1.00506E-1 9.65329E-2 9.814E-2 1.06014E-1 1.07461E-1 1.09529E-1 1.63365E-1 1.10923E-1 1.13144E-1 1.15924E-1 1.21681E-1 1.31233E-1 3.01352E-1 3.00244E-1 3.09259E-1 3.11643E-1 2.98997E-1 2.91843E-1 3.17085E-1 3.32764E-1 3.27648E-1 3.11665E-1 3.31516E-1 3.34734E-1 3.49978E-1 3.33571E-1 3.33867E-1 3.6148E-1 3.74353E-1 3.79976E-1 3.82348E-1 4.32471E-1 3.72327E-1
3.20187E-1 3.10555E-1 2.4462E-1 3.83951E-1 3.21788E-1 3.03172E-1 2.18477E-1 3.73734E-1 3.38295E-1 2.94674E-1 2.61901E-1 1.72431E-1 1.79401E-1 1.78201E-1 1.65082E-1 1.63242E-1 1.44786E-1 1.39911E-1 1.37841E-1 1.33623E-1 1.36728E-1 1.34504E-1 1.35905E-1 1.40999E-1 1.44257E-1 1.50802E-1 1.73114E-1 2.93451E-1 1.02278E-1 1.05007E-1 1.07554E-1 1.14188E-1 1.13361E-1 1.15949E-1 1.14421E-1 1.18797E-1 1.25103E-1 1.24847E-1 1.28882E-1 1.51024E-1 1.72681E-1 3.10243E-1 3.28268E-1 3.16055E-1 3.03043E-1 2.70626E-1 3.04497E-1 3.25341E-1 3.15212E-1 3.25126E-1 3.05029E-1 3.32246E-1 3.33257E-1 3.4964E-1 3.41281E-1 3.5073E-1 3.75066E-1 3.71395E-1 4.19801E-1 3.76267E-1 3.87968E-1
2.66602E-1 2.89856E-1 2.13875E-1 3.39854E-1 3.03569E-1 2.83185E-1 3.13011E-1 2.85811E-1 2.75768E-1 1.80942E-1 1.81423E-1 1.86899E-1 1.80009E-1 1.60648E-1 1.57747E-1 1.39449E-1 1.399E-1 1.42161E-1 1.40185E-1 1.33178E-1 1.2995E-1 1.37275E-1 1.32968E-1 1.34387E-1 1.37275E-1 1.40669E-1 1.61703E-1 2.69128E-1 1.0422E-1 1.07157E-1 1.08332E-1 1.1179E-1 1.17781E-1 1.17733E-1 1.21247E-1 1.27985E-1 1.31184E-1 1.30385E-1 1.3683E-1 3.46902E-1 3.44663E-1 3.31174E-1 3.34985E-1 3.13073E-1 3.04957E-1 2.85673E-1 2.71403E-1 2.61379E-1 2.96186E-1 3.22003E-1 3.16126E-1 3.13828E-1 3.40223E-1 3.47193E-1 3.5457E-1 3.49394E-1 3.55685E-1 3.79035E-1 4.23772E-1 4.17245E-1 3.49036E-1
2.74111E-1 2.98351E-1 3.15212E-1 3.30879E-1 2.9048E-1 1.96516E-1 2.02386E-1 3.0828E-1 2.88557E-1 2.83766E-1 2.72852E-1 1.85257E-1 1.81894E-1 1.80631E-1 1.40021E-1 1.34603E-1 1.32693E-1 1.37977E-1 1.3946E-1 1.31931E-1 1.2431E-1 1.2506E-1 1.2392E-1 1.26885E-1 1.25264E-1 1.21036E-1 1.27184E-1 2.0914E-1 1.05224E-1 1.08951E-1 1.06786E-1 1.08187E-1 1.1182E-1 1.23292E-1 1.24173E-1 1.29355E-1 1.3262E-1 1.28793E-1 1.24622E-1 1.72213E-1 3.54102E-1 3.5029E-1 3.35262E-1 3.12441E-1 2.96661E-1 2.91569E-1 2.84805E-1 2.70255E-1 2.79649E-1 2.9342E-1 3.15891E-1 3.23328E-1 3.28503E-1 3.52643E-1 3.52332E-1 3.65028E-1 3.52669E-1 4.17333E-1 4.1687E-1 3.77687E-1 3.53128E-1
1.07083E-1 2.83686E-1 1.91206E-1 3.31083E-1 3.09108E-1 2.28149E-1 2.33861E-1 3.3214E-1 3.23276E-1 2.95175E-1 2.58122E-1 1.70722E-1 1.53316E-1 1.63644E-1 1.61694E-1 1.39828E-1 1.31353E-1 1.30994E-1 1.28457E-1 1.29264E-1 1.25184E-1 1.22158E-1 1.18815E-1 1.15284E-1 1.14163E-1 1.11174E-1 1.12163E-1 1.57935E-1 1.12774E-1 1.10564E-1 1.10425E-1 1.09486E-1 1.16042E-1 1.2326E-1 1.26651E-1 1.28896E-1 1.29178E-1 1.32755E-1 1.22474E-1 1.28642E-1 2.73487E-1 3.16984E-1 3.13355E-1 2.8805E-1 2.85583E-1 2.90772E-1 3.01071E-1 2.95371E-1 2.82952E-1 2.82188E-1 2.87864E-1 3.0993E-1 3.20929E-1 3.43812E-1 3.47028E-1 3.58548E-1 3.47075E-1 3.56843E-1 3.65406E-1 3.68261E-1 3.62816E-1
9.41387E-2 2.2132E-1 2.02722E-1 3.25848E-1 3.18487E-1 2.31925E-1 2.69902E-1 2.82513E-1 3.65911E-1 3.12786E-1 2.56059E-1 1.65245E-1 1.30196E-1 1.31948E-1 1.30931E-1 1.315E-1 1.30591E-1 1.27921E-1 1.2397E-1 1.19457E-1 1.19914E-1 1.16424E-1 1.1133E-1 1.09215E-1 1.09369E-1 1.11344E-1 1.15579E-1 2.40331E-1 1.15185E-1 1.1678E-1 1.13281E-1 1.11746E-1 1.1374E-1 1.15361E-1 1.26228E-1 1.25026E-1 1.28732E-1 1.34251E-1 1.26486E-1 2.14181E-1 2.29304E-1 2.24497E-1 2.81323E-1 2.54726E-1 2.54523E-1 2.8283E-1 2.98996E-1 3.11594E-1 3.01424E-1 2.96572E-1 2.84094E-1 2.76015E-1 2.72021E-1 2.83522E-1 3.25125E-1 3.47532E-1 3.49041E-1 3.54754E-1 3.52378E-1 3.53023E-1 3.69771E-1
8.66866E-2 6.25043E-2 1.70625E-1 2.0214E-1 2.26428E-1 2.67E-1 2.64183E-1 3.81896E-1 3.44924E-1 3.15796E-1 2.92389E-1 1.82549E-1 1.55276E-1 1.36015E-1 1.32368E-1 1.31985E-1 1.31144E-1 1.30222E-1 1.23885E-1 1.19893E-1 1.17459E-1 1.1542E-1 1.08784E-1 1.07353E-1 1.05069E-1 1.02844E-1 1.07106E-1 2.00103E-1 1.09277E-1 1.11165E-1 1.15185E-1 1.18567E-1 1.17878E-1 1.196E-1 1.21722E-1 1.21287E-1 1.26663E-1 1.28427E-1 1.26171E-1 1.05476E-1 1.0913E-1 1.09869E-1 2.21113E-1 2.43506E-1 2.53456E-1 2.65186E-1 2.93489E-1 2.87974E-1 3.19937E-1 3.0467E-1 3.21768E-1 3.03282E-1 2.88838E-1 2.93062E-1 2.82068E-1 2.8038E-1 3.02543E-1 3.12874E-1 3.38254E-1 3.77196E-1 4.14158E-1
