Artocarpus heterophyllus SDM files/MIS19/results (with bias file)/Arthet_5.asc
ncols         625
nrows         721
xllcorner     69.99986311115
yllcorner     5.99986187915
cellsize      0.041666667
NODATA_value  -9999
[rows 189 to 215 of 721, columns 305 to 365 of 625]
5.87E-1 2.63961E-1 2.50513E-1 8.86893E-2 4.82547E-1 5.03647E-1 5.35199E-1 9.23576E-2 1.5588E-1 4.69009E-1 5.62861E-1 4.99711E-1 3.54591E-1 5.34106E-1 3.64897E-1 7.44614E-2 7.18762E-2 7.29949E-2 8.30516E-2 7.78229E-2 8.71779E-2 3.3749E-1 5.2272E-1 2.88498E-1 8.47283E-2 8.44261E-2 2.81732E-1 3.03799E-1 2.97776E-1 3.1214E-1 3.29477E-1 3.43036E-1 3.41236E-1 3.60753E-1 3.56546E-1 3.48474E-1 3.60655E-1 3.54611E-1 3.46562E-1 3.51434E-1 3.43682E-1 3.47665E-1 3.36079E-1 1.08924E-1 3.17947E-1 3.07345E-1 1.01047E-1 3.51407E-1 8.69287E-2 5.72615E-2 5.82851E-2 3.39717E-1 8.40904E-2 4.82764E-2 5.02494E-2 8.33688E-2 1.15928E-1 8.16762E-2 3.4265E-2 3.3807E-2 3.26791E-2
5.70162E-1 5.81678E-1 4.89831E-1 5.93534E-1 4.51509E-1 9.27617E-2 8.5809E-2 9.12179E-2 8.54166E-2 1.91085E-1 4.8718E-1 5.72494E-1 5.97031E-1 5.05909E-1 5.2967E-1 2.91866E-1 1.12453E-1 9.43992E-2 7.80972E-2 9.96226E-2 2.94678E-1 3.78984E-1 8.954E-2 9.31167E-2 9.20996E-2 3.00657E-1 2.93697E-1 3.13184E-1 3.17935E-1 3.12624E-1 3.28856E-1 3.45563E-1 3.53233E-1 3.70052E-1 3.57634E-1 3.56138E-1 3.73677E-1 3.70156E-1 3.74896E-1 3.35261E-1 3.51572E-1 3.99114E-1 3.57676E-1 3.46249E-1 3.35623E-1 1.03794E-1 3.90658E-1 3.2174E-1 2.90848E-1 9.73785E-2 2.93267E-1 2.98976E-1 6.22631E-2 5.71724E-2 7.03072E-2 1.50546E-1 5.99886E-2 3.21395E-2 3.40384E-2 5.4903E-2 5.71716E-2
2.86823E-1 4.93451E-1 6.12909E-1 4.66292E-1 2.66533E-1 3.04668E-1 3.07951E-1 2.64663E-1 8.36108E-2 8.63363E-2 1.00267E-1 1.23853E-1 9.33351E-2 7.84256E-2 3.25313E-1 5.92484E-1 3.3302E-1 8.48515E-2 7.33815E-2 3.31806E-1 3.60395E-1 2.72212E-1 2.71092E-1 3.02843E-1 1.00507E-1 2.88818E-1 3.14208E-1 2.93204E-1 3.15467E-1 3.24405E-1 3.34185E-1 3.46137E-1 3.67944E-1 3.71943E-1 3.68864E-1 3.69085E-1 3.77392E-1 3.77946E-1 3.7765E-1 3.66946E-1 3.62784E-1 3.69755E-1 4.05087E-1 3.53041E-1 3.42467E-1 3.2321E-1 3.44012E-1 3.33909E-1 3.1184E-1 3.63375E-1 3.32855E-1 3.29355E-1 2.91079E-1 9.58229E-2 3.03194E-1 7.67212E-2 5.58176E-2 4.72307E-2 3.97041E-2 6.25247E-2 6.53397E-2
5.20693E-1 5.15626E-1 4.86443E-1 4.42716E-1 5.32822E-1 5.27193E-1 5.20815E-1 4.64667E-1 9.05665E-2 1.0539E-1 2.88531E-1 3.33745E-1 3.40183E-1 3.06035E-1 3.10928E-1 3.19196E-1 3.52853E-1 3.6264E-1 9.53058E-2 8.12955E-2 3.0802E-1 3.75188E-1 3.00128E-1 2.96455E-1 2.81855E-1 3.59162E-1 3.07994E-1 3.16268E-1 3.37804E-1 3.38029E-1 3.28598E-1 3.90976E-1 3.99561E-1 3.67193E-1 3.76441E-1 3.84037E-1 4.47168E-1 3.85065E-1 3.83316E-1 3.7605E-1 4.09943E-1 3.72615E-1 5.55014E-1 3.57933E-1 4.22821E-1 3.49484E-1 3.32871E-1 3.35308E-1 3.30444E-1 4.05779E-1 4.11121E-1 3.37347E-1 3.16531E-1 4.88718E-1 2.9072E-1 9.33122E-2 6.43464E-2 7.60311E-2 6.74089E-2 2.4453E-1 6.10536E-2
2.67696E-1 2.68183E-1 3.42156E-1 3.5864E-1 2.86978E-1 2.79975E-1 5.30693E-1 5.1236E-1 2.898E-1 3.1585E-1 3.17076E-1 3.425E-1 3.61379E-1 3.52211E-1 3.6844E-1 2.95555E-1 2.92504E-1 3.20109E-1 3.70441E-1 3.40306E-1 3.39835E-1 3.15608E-1 2.80718E-1 3.11433E-1 3.18231E-1 3.28527E-1 3.20021E-1 3.15886E-1 3.33081E-1 3.2976E-1 3.37607E-1 3.44004E-1 4.0026E-1 3.81523E-1 3.69319E-1 3.67448E-1 3.81117E-1 6.31491E-1 6.1137E-1 3.74118E-1 4.44963E-1 6.13084E-1 3.88027E-1 3.9776E-1 6.0971E-1 3.66165E-1 3.4403E-1 5.50127E-1 3.65375E-1 3.39064E-1 5.12842E-1 3.26174E-1 3.32538E-1 3.03567E-1 1.00672E-1 8.52496E-2 7.63185E-2 9.46337E-2 2.85241E-1 3.31774E-1 2.64003E-1
3.4453E-1 3.50519E-1 3.44813E-1 3.55162E-1 3.31284E-1 4.90484E-1 2.9334E-1 5.64443E-1 4.5123E-1 4.20576E-1 4.79545E-1 3.45691E-1 5.17602E-1 5.16587E-1 5.13321E-1 5.56586E-1 5.33337E-1 5.25947E-1 5.50415E-1 5.46471E-1 5.48567E-1 3.75247E-1 3.46453E-1 3.4871E-1 3.16153E-1 3.22935E-1 3.26232E-1 3.36899E-1 3.41333E-1 3.38982E-1 3.50288E-1 3.4845E-1 3.55913E-1 3.66648E-1 3.76569E-1 3.90984E-1 4.25106E-1 4.57928E-1 3.9064E-1 3.91923E-1 3.91919E-1 6.25565E-1 6.10763E-1 4.02285E-1 6.22995E-1 3.44556E-1 3.51162E-1 3.76479E-1 4.93051E-1 3.36579E-1 3.37701E-1 3.15623E-1 3.42904E-1 3.23598E-1 3.03672E-1 9.84565E-2 9.18158E-2 3.02652E-1 3.16492E-1 3.09426E-1 2.95332E-1
3.26832E-1 3.45611E-1 5.87876E-1 5.76193E-1 5.78398E-1 5.87108E-1 4.80214E-1 4.6665E-1 2.69122E-1 7.47166E-2 7.3467E-2 9.87495E-2 3.37276E-1 5.42686E-1 5.36629E-1 2.946E-1 3.54834E-1 3.673E-1 3.67674E-1 3.63014E-1 3.69333E-1 3.70855E-1 5.50206E-1 3.69203E-1 5.56183E-1 5.66059E-1 4.12725E-1 4.10456E-1 3.62808E-1 3.65521E-1 3.68891E-1 3.61166E-1 3.7754E-1 3.82429E-1 3.8798E-1 3.73582E-1 3.8658E-1 4.12125E-1 6.34093E-1 4.48038E-1 3.90788E-1 3.34007E-1 3.39857E-1 5.97255E-1 3.9947E-1 3.62019E-1 3.58888E-1 3.41366E-1 4.91221E-1 3.38456E-1 3.45827E-1 3.43326E-1 3.42651E-1 3.0033E-1 2.93377E-1 2.93885E-1 3.26775E-1 3.09317E-1 4.7944E-1 4.45825E-1 5.06668E-1
4.8535E-1 3.23247E-1 5.58518E-1 4.41549E-1 2.94322E-1 4.57759E-1 2.92736E-1 3.12767E-1 2.82021E-1 2.86142E-1 3.58718E-1 2.7682E-1 2.61949E-1 2.55233E-1 8.52626E-2 1.05477E-1 3.00534E-1 3.37229E-1 3.47873E-1 3.52733E-1 3.64291E-1 3.41365E-1 3.78557E-1 3.06348E-1 3.81127E-1 3.95472E-1 3.91548E-1 3.97175E-1 5.86218E-1 5.92614E-1 6.24343E-1 5.97832E-1 6.06603E-1 6.2059E-1 6.26251E-1 6.34443E-1 4.70891E-1 4.6519E-1 4.21136E-1 6.36575E-1 4.23038E-1 4.11286E-1 3.55955E-1 3.94367E-1 6.08503E-1 5.67429E-1 5.83534E-1 3.54751E-1 3.70357E-1 4.15229E-1 3.30499E-1 4.20356E-1 3.17242E-1 2.96147E-1 3.366E-1 3.44023E-1 3.41122E-1 5.28301E-1 5.62953E-1 4.70729E-1 4.94169E-1
5.39713E-1 4.61013E-1 4.58999E-1 4.65336E-1 2.94396E-1 2.9417E-1 2.9243E-1 2.96567E-1 2.89548E-1 2.9442E-1 2.95046E-1 3.59777E-1 3.29136E-1 2.89661E-1 2.54512E-1 3.10773E-1 2.73085E-1 2.64954E-1 3.45615E-1 3.55416E-1 5.28245E-1 5.44252E-1 3.87088E-1 3.02139E-1 3.32198E-1 3.68274E-1 3.83095E-1 3.95558E-1 3.96306E-1 5.84755E-1 3.61696E-1 4.11419E-1 4.09974E-1 6.04298E-1 6.01034E-1 6.12273E-1 6.24438E-1 4.22288E-1 4.46995E-1 3.69243E-1 4.41829E-1 4.28E-1 4.47177E-1 4.45113E-1 3.73945E-1 3.11013E-1 3.95767E-1 3.40179E-1 3.46499E-1 3.4798E-1 3.51735E-1 3.50297E-1 3.54589E-1 3.42475E-1 3.48161E-1 5.0826E-1 3.29044E-1 1.03851E-1 8.9015E-2 8.97865E-2 8.49297E-2
3.12395E-1 3.44034E-1 3.44381E-1 3.79418E-1 3.41202E-1 3.39691E-1 3.41598E-1 3.7114E-1 3.81274E-1 2.98119E-1 3.45561E-1 3.81531E-1 3.11053E-1 3.07354E-1 3.12386E-1 3.76183E-1 3.72429E-1 3.76348E-1 3.40473E-1 3.68217E-1 3.43602E-1 2.791E-1 3.56007E-1 3.22789E-1 3.20864E-1 3.15753E-1 3.7684E-1 3.93256E-1 3.69818E-1 3.43541E-1 3.12831E-1 3.19226E-1 3.33946E-1 3.73535E-1 3.78485E-1 3.73143E-1 3.83528E-1 4.33329E-1 4.38153E-1 4.54407E-1 4.58797E-1 3.80453E-1 4.65775E-1 3.9363E-1 3.82303E-1 3.12427E-1 3.38065E-1 3.36969E-1 3.9632E-1 4.90846E-1 3.289E-1 5.93464E-1 5.69002E-1 4.94932E-1 5.84493E-1 4.75977E-1 3.63871E-1 3.27896E-1 3.17758E-1 3.10136E-1 2.8667E-1
3.64591E-1 3.41764E-1 3.42816E-1 2.89615E-1 3.49853E-1 2.94988E-1 2.90749E-1 3.49908E-1 3.60107E-1 3.51941E-1 3.61446E-1 3.70974E-1 3.69287E-1 3.72847E-1 3.72876E-1 3.63319E-1 3.973E-1 3.94954E-1 3.88137E-1 3.87503E-1 3.50208E-1 3.40844E-1 3.30788E-1 3.65446E-1 3.82E-1 3.93757E-1 4.02121E-1 4.11237E-1 4.11645E-1 4.15109E-1 4.01202E-1 4.30264E-1 4.37329E-1 4.47062E-1 4.5475E-1 4.6688E-1 4.59165E-1 4.57766E-1 4.51205E-1 4.5346E-1 4.47375E-1 4.17631E-1 4.32182E-1 4.63823E-1 4.67013E-1 4.224E-1 3.67267E-1 3.16467E-1 3.88683E-1 3.99351E-1 4.92564E-1 3.09541E-1 3.56503E-1 3.53761E-1 1.1678E-1 2.85923E-1 5.41845E-1 5.50304E-1 4.63565E-1 5.55437E-1 9.42826E-2
2.82121E-1 3.43066E-1 3.43505E-1 3.44345E-1 3.50281E-1 3.52783E-1 3.50532E-1 3.55099E-1 3.61434E-1 3.5862E-1 3.61163E-1 3.65703E-1 3.74405E-1 3.60826E-1 3.57488E-1 3.64591E-1 3.65455E-1 3.71106E-1 3.7391E-1 3.77952E-1 4.06825E-1 4.04046E-1 4.01948E-1 3.98637E-1 3.88033E-1 3.36774E-1 4.13327E-1 4.23779E-1 4.38396E-1 4.30099E-1 4.48259E-1 4.4534E-1 4.4037E-1 4.53375E-1 4.2497E-1 4.20707E-1 4.24227E-1 4.13458E-1 4.13693E-1 4.12397E-1 4.14452E-1 4.19612E-1 4.18962E-1 4.19647E-1 4.31935E-1 4.23099E-1 4.12963E-1 3.51373E-1 3.47718E-1 3.28041E-1 3.2677E-1 1.0801E-1 8.31413E-2 8.70636E-2 8.65005E-2 4.28491E-1 2.20095E-1 8.63251E-2 9.46478E-2 8.27764E-2 1.53613E-1
3.35097E-1 3.41698E-1 3.43781E-1 3.50937E-1 3.51564E-1 3.52984E-1 3.49612E-1 3.56108E-1 3.60735E-1 3.56653E-1 3.5877E-1 3.65896E-1 3.70496E-1 3.58761E-1 3.56259E-1 3.58682E-1 3.6766E-1 3.70972E-1 3.71767E-1 3.63529E-1 3.67745E-1 3.73416E-1 3.83676E-1 4.18618E-1 4.10748E-1 4.05816E-1 3.34855E-1 3.05185E-1 3.99248E-1 4.0884E-1 4.11571E-1 3.91098E-1 4.11512E-1 4.10064E-1 4.06458E-1 4.0237E-1 4.06401E-1 4.07036E-1 4.13014E-1 4.13864E-1 4.16758E-1 4.15555E-1 4.08438E-1 4.14529E-1 4.17001E-1 4.2033E-1 4.62455E-1 4.45912E-1 4.24483E-1 3.88818E-1 3.44371E-1 3.30391E-1 3.43047E-1 3.16901E-1 2.92937E-1 8.96974E-2 7.68515E-2 1.0001E-1 1.04182E-1 7.35704E-2 8.22129E-2
6.91117E-1 6.90595E-1 3.42388E-1 3.50586E-1 3.52012E-1 3.51506E-1 3.51199E-1 3.58393E-1 3.59709E-1 3.58387E-1 3.58692E-1 3.60534E-1 3.59276E-1 3.60013E-1 3.56363E-1 3.59878E-1 3.61892E-1 3.67784E-1 3.67669E-1 3.65771E-1 3.64827E-1 3.7592E-1 3.68786E-1 3.74958E-1 3.70614E-1 4.20227E-1 4.16964E-1 3.10669E-1 3.89366E-1 3.89517E-1 4.0835E-1 3.9204E-1 3.96984E-1 3.92768E-1 3.93188E-1 3.93983E-1 3.96537E-1 4.03595E-1 4.10057E-1 4.08966E-1 4.05688E-1 4.07041E-1 3.34843E-1 3.35638E-1 3.33666E-1 5.04922E-1 4.05764E-1 4.47354E-1 4.26034E-1 4.2761E-1 3.6269E-1 3.28941E-1 3.32621E-1 3.37181E-1 1.01708E-1 7.37269E-2 7.45303E-2 7.7684E-2 8.13203E-2 9.26911E-2 8.92807E-2
6.87955E-1 6.89765E-1 6.92947E-1 3.49873E-1 3.45152E-1 3.49581E-1 3.50461E-1 3.50551E-1 3.52048E-1 3.53087E-1 3.52413E-1 3.58084E-1 3.57369E-1 3.57663E-1 3.56058E-1 3.54222E-1 3.59003E-1 3.5924E-1 3.59456E-1 3.64725E-1 3.65318E-1 3.65386E-1 3.65308E-1 3.65899E-1 3.66916E-1 3.72049E-1 4.26611E-1 4.17754E-1 3.12467E-1 3.11931E-1 4.72779E-1 5.51272E-1 5.52906E-1 5.62298E-1 5.60383E-1 3.8588E-1 3.8447E-1 3.89382E-1 5.79591E-1 5.72911E-1 5.7007E-1 4.94361E-1 4.80901E-1 4.87719E-1 4.86712E-1 4.91895E-1 4.88769E-1 4.8825E-1 4.99836E-1 4.38742E-1 3.52932E-1 3.39599E-1 4.07213E-1 4.01243E-1 3.2863E-1 3.89935E-1 9.72407E-2 1.0388E-1 1.00854E-1 9.10702E-2 9.48389E-2
6.85685E-1 6.89213E-1 6.91798E-1 6.91927E-1 3.44326E-1 3.43715E-1 3.49446E-1 3.50628E-1 3.50428E-1 3.51908E-1 3.52695E-1 3.50593E-1 3.49695E-1 3.53625E-1 3.52768E-1 3.51913E-1 3.58188E-1 3.58389E-1 3.57678E-1 3.57931E-1 3.61774E-1 3.62539E-1 3.62607E-1 3.69767E-1 3.65657E-1 3.71844E-1 3.73021E-1 4.29694E-1 4.18502E-1 3.09581E-1 3.83757E-1 3.80855E-1 3.90868E-1 3.95167E-1 4.02454E-1 3.95259E-1 3.90881E-1 3.15225E-1 3.90871E-1 3.97606E-1 5.73476E-1 5.65389E-1 4.77758E-1 5.36165E-1 5.53431E-1 5.51344E-1 5.50872E-1 5.49683E-1 5.45295E-1 5.37395E-1 5.07682E-1 4.12957E-1 4.10173E-1 4.15776E-1 3.29526E-1 3.0614E-1 3.16763E-1 3.75193E-1 9.18212E-2 1.04831E-1 2.73886E-1
6.83042E-1 6.86789E-1 6.88092E-1 6.91302E-1 6.93212E-1 6.93088E-1 3.42211E-1 3.42328E-1 3.48103E-1 3.49199E-1 3.49344E-1 3.49231E-1 3.48146E-1 3.47186E-1 3.51868E-1 3.50661E-1 3.5119E-1 3.55442E-1 3.56015E-1 3.01075E-1 2.99541E-1 3.05006E-1 3.62283E-1 3.63717E-1 3.70326E-1 3.65652E-1 3.6656E-1 3.74208E-1 3.93589E-1 3.739E-1 3.75623E-1 3.86743E-1 3.92307E-1 3.86535E-1 4.27063E-1 4.16851E-1 3.30585E-1 3.09988E-1 4.59579E-1 3.78877E-1 4.23074E-1 4.23271E-1 4.19083E-1 4.17852E-1 3.47011E-1 3.41433E-1 5.06604E-1 4.98565E-1 5.14984E-1 5.17383E-1 5.12421E-1 4.97465E-1 3.41939E-1 4.17535E-1 3.48708E-1 3.29678E-1 3.3765E-1 3.34952E-1 3.47827E-1 1.04269E-1 2.79844E-1
6.70828E-1 6.74545E-1 6.82392E-1 6.85514E-1 6.86442E-1 6.9105E-1 6.9107E-1 3.40167E-1 3.41254E-1 3.42124E-1 3.46377E-1 2.91212E-1 2.90626E-1 2.90524E-1 2.90456E-1 2.94829E-1 2.95005E-1 2.93874E-1 2.9866E-1 2.98752E-1 2.96998E-1 3.03159E-1 3.04171E-1 3.04719E-1 3.05567E-1 3.68161E-1 3.69953E-1 3.66751E-1 5.40682E-1 5.48023E-1 3.76895E-1 3.85654E-1 3.88698E-1 3.75716E-1 3.80152E-1 3.8431E-1 3.7898E-1 3.20913E-1 4.5705E-1 4.6676E-1 4.60611E-1 3.69479E-1 3.99668E-1 4.10855E-1 4.11316E-1 3.4463E-1 3.49364E-1 3.31955E-1 3.4011E-1 3.50514E-1 3.44065E-1 5.09325E-1 5.54344E-1 5.68164E-1 4.90586E-1 3.35876E-1 3.37864E-1 4.05533E-1 4.05712E-1 3.85315E-1 3.26313E-1
6.68209E-1 5.93927E-1 5.96143E-1 5.96578E-1 6.82723E-1 6.85349E-1 6.09778E-1 6.11664E-1 2.8522E-1 2.83985E-1 2.84911E-1 2.89593E-1 2.89442E-1 2.89582E-1 2.88308E-1 2.92492E-1 2.92225E-1 2.91214E-1 2.94978E-1 4.45933E-1 3.00848E-1 2.96411E-1 3.01092E-1 3.0253E-1 3.03301E-1 3.09892E-1 3.07305E-1 3.06122E-1 3.59135E-1 3.71512E-1 3.89767E-1 3.79767E-1 3.17013E-1 3.06869E-1 3.02527E-1 3.63686E-1 3.67501E-1 4.03024E-1 4.02153E-1 3.99635E-1 3.40475E-1 3.43552E-1 3.27813E-1 3.40435E-1 3.39941E-1 3.31205E-1 3.36111E-1 3.33716E-1 3.30169E-1 3.33112E-1 3.21246E-1 3.38848E-1 3.47751E-1 5.18558E-1 5.04117E-1 4.93753E-1 4.95052E-1 3.37776E-1 3.49355E-1 3.42874E-1 3.34866E-1
5.87618E-1 5.89977E-1 5.93394E-1 5.92428E-1 5.94829E-1 6.0379E-1 6.06758E-1 5.99861E-1 6.03911E-1 6.05495E-1 2.83075E-1 2.82279E-1 2.8758E-1 2.8681E-1 2.86302E-1 2.86071E-1 2.90305E-1 2.888E-1 4.37717E-1 4.45264E-1 2.95699E-1 2.94342E-1 2.9657E-1 2.9334E-1 3.00552E-1 3.0311E-1 3.05142E-1 3.03261E-1 3.04777E-1 3.02815E-1 3.65265E-1 3.68824E-1 3.11764E-1 3.16597E-1 3.02236E-1 3.0056E-1 3.06831E-1 3.73135E-1 3.16006E-1 3.14341E-1 3.13097E-1 3.10622E-1 3.13802E-1 3.08344E-1 3.04068E-1 2.99638E-1 3.08563E-1 3.02158E-1 2.99833E-1 3.00216E-1 3.04515E-1 3.36481E-1 4.01896E-1 4.08643E-1 3.43986E-1 3.4126E-1 3.28144E-1 3.40101E-1 3.41341E-1 3.32364E-1 3.1855E-1
5.8389E-1 5.85604E-1 5.88019E-1 5.88632E-1 5.89895E-1 5.90193E-1 5.92616E-1 5.95921E-1 5.95972E-1 5.94966E-1 6.01533E-1 6.01902E-1 2.80053E-1 2.84385E-1 2.83658E-1 2.82977E-1 4.38958E-1 4.38863E-1 4.38224E-1 4.42748E-1 2.95872E-1 2.9626E-1 2.93983E-1 4.45594E-1 2.99924E-1 3.02677E-1 3.02226E-1 3.02236E-1 3.04315E-1 3.03226E-1 3.04751E-1 3.01643E-1 3.0267E-1 3.05339E-1 3.12145E-1 3.11707E-1 3.00762E-1 3.02255E-1 3.03143E-1 3.04624E-1 3.03813E-1 3.0188E-1 2.98336E-1 2.91902E-1 4.43574E-1 2.97458E-1 2.94728E-1 3.02929E-1 3.02961E-1 3.00715E-1 3.09218E-1 3.11877E-1 3.4024E-1 3.40285E-1 3.39535E-1 3.39694E-1 3.32045E-1 3.46878E-1 3.40785E-1 2.94684E-1 4.68044E-1
5.80173E-1 5.75384E-1 5.83018E-1 5.83711E-1 5.86036E-1 5.87798E-1 5.89189E-1 5.92382E-1 5.94676E-1 5.91776E-1 5.9845E-1 5.98751E-1 5.98013E-1 2.82729E-1 2.8274E-1 4.31177E-1 4.35886E-1 2.90124E-1 2.87885E-1 4.42734E-1 2.92615E-1 2.92482E-1 4.43042E-1 4.46088E-1 4.525E-1 3.00594E-1 2.9731E-1 2.95659E-1 3.01101E-1 3.02457E-1 2.98048E-1 2.9868E-1 2.98941E-1 2.99208E-1 3.00171E-1 2.99349E-1 2.97397E-1 2.96578E-1 2.98124E-1 2.9648E-1 2.9537E-1 2.93078E-1 4.40711E-1 4.42848E-1 4.49163E-1 4.49722E-1 4.53959E-1 2.99248E-1 3.0401E-1 2.98184E-1 3.05903E-1 3.0232E-1 3.11123E-1 3.12796E-1 3.13695E-1 3.07405E-1 3.09933E-1 3.07811E-1 3.53582E-1 3.27308E-1 3.55159E-1
5.71467E-1 5.72603E-1 5.79135E-1 5.82268E-1 5.8275E-1 5.82362E-1 5.84585E-1 5.86828E-1 5.8764E-1 5.95086E-1 5.93653E-1 5.92857E-1 5.99417E-1 6.02355E-1 6.0029E-1 4.30668E-1 4.36901E-1 4.3609E-1 4.3545E-1 4.35185E-1 4.41812E-1 4.41545E-1 4.42545E-1 4.4362E-1 4.4429E-1 4.46117E-1 4.53191E-1 4.48024E-1 2.94479E-1 4.49446E-1 4.54594E-1 2.95681E-1 4.47707E-1 4.47105E-1 4.46621E-1 4.47682E-1 4.48682E-1 4.47568E-1 2.94246E-1 4.46778E-1 4.45203E-1 4.42378E-1 4.44041E-1 4.4313E-1 4.43307E-1 4.42961E-1 4.46412E-1 4.47431E-1 2.96745E-1 2.99468E-1 2.99243E-1 2.96768E-1 3.07023E-1 3.09954E-1 3.1105E-1 3.11058E-1 3.11109E-1 3.09499E-1 3.06116E-1 3.1345E-1 3.48883E-1
5.67677E-1 5.6788E-1 5.68946E-1 5.70399E-1 5.79034E-1 5.81248E-1 5.8181E-1 5.8334E-1 5.84536E-1 5.90488E-1 5.90594E-1 5.89799E-1 5.91266E-1 6.0079E-1 6.01082E-1 5.98552E-1 4.34176E-1 4.3076E-1 4.38674E-1 4.31958E-1 4.39002E-1 4.39125E-1 4.4073E-1 4.4162E-1 4.42401E-1 4.43354E-1 4.43979E-1 4.45925E-1 4.46599E-1 4.45438E-1 4.45228E-1 4.47426E-1 4.45538E-1 4.4449E-1 4.44074E-1 4.43853E-1 4.44516E-1 4.43282E-1 4.43676E-1 4.42964E-1 4.41053E-1 4.37617E-1 4.36219E-1 4.35146E-1 4.41129E-1 4.42014E-1 4.42383E-1 4.43554E-1 4.4551E-1 2.93782E-1 2.93952E-1 4.49533E-1 3.00799E-1 3.05984E-1 3.07352E-1 3.06932E-1 3.06065E-1 3.1271E-1 3.12229E-1 3.06163E-1 3.1051E-1
5.62056E-1 5.6421E-1 5.6585E-1 5.67565E-1 5.67737E-1 5.77312E-1 5.7826E-1 5.80351E-1 5.81493E-1 5.82055E-1 5.8722E-1 5.85596E-1 5.92477E-1 6.04401E-1 5.98407E-1 5.95826E-1 6.00667E-1 5.98658E-1 4.37329E-1 4.36529E-1 4.36699E-1 4.36991E-1 4.39394E-1 4.392E-1 4.39104E-1 4.40249E-1 4.40104E-1 4.41607E-1 4.43003E-1 4.43518E-1 4.42349E-1 4.42252E-1 4.42706E-1 4.42264E-1 4.41267E-1 4.36411E-1 4.41993E-1 4.4097E-1 4.34844E-1 4.33275E-1 4.31721E-1 4.36257E-1 4.35199E-1 4.34289E-1 4.33386E-1 4.3912E-1 4.39527E-1 4.41821E-1 4.42373E-1 4.50456E-1 4.49663E-1 4.47606E-1 4.49776E-1 2.99835E-1 2.99433E-1 3.01633E-1 3.05994E-1 3.11444E-1 3.09903E-1 3.08137E-1 3.10113E-1
5.60296E-1 5.60797E-1 5.61934E-1 5.64088E-1 5.64647E-1 5.73769E-1 5.76049E-1 5.75222E-1 5.77581E-1 5.84626E-1 5.85508E-1 5.82695E-1 5.92E-1 5.94647E-1 5.95019E-1 5.93713E-1 5.99183E-1 5.96119E-1 5.97126E-1 6.0018E-1 4.35288E-1 4.3606E-1 4.36338E-1 4.35817E-1 4.35564E-1 4.36136E-1 4.36975E-1 4.38581E-1 4.39313E-1 4.40876E-1 4.3986E-1 4.39349E-1 4.33751E-1 4.34203E-1 4.33059E-1 4.33997E-1 4.32683E-1 4.31548E-1 4.31219E-1 4.31267E-1 4.3016E-1 4.28554E-1 4.27882E-1 4.3212E-1 4.31331E-1 4.32589E-1 4.32544E-1 4.40737E-1 4.40949E-1 4.41294E-1 4.47149E-1 4.47492E-1 4.53066E-1 4.54903E-1 4.56859E-1 3.02256E-1 3.04656E-1 3.08927E-1 3.0692E-1 3.07747E-1 3.08406E-1
5.58921E-1 5.58139E-1 5.59467E-1 5.60411E-1 5.62249E-1 5.6358E-1 5.69248E-1 5.7102E-1 5.75487E-1 5.76078E-1 5.75036E-1 5.8105E-1 5.7824E-1 5.93373E-1 5.94134E-1 5.90903E-1 5.9291E-1 5.94313E-1 5.9442E-1 5.99659E-1 5.97853E-1 4.33114E-1 4.33345E-1 4.3331E-1 4.32949E-1 4.33785E-1 4.34403E-1 4.35725E-1 4.36843E-1 4.37464E-1 4.39339E-1 4.31271E-1 4.31175E-1 4.31079E-1 4.30813E-1 4.30111E-1 4.30474E-1 4.2922E-1 4.2977E-1 4.29709E-1 4.26315E-1 4.25744E-1 4.25963E-1 4.25136E-1 4.30169E-1 4.31037E-1 4.3138E-1 4.38973E-1 4.38548E-1 4.38301E-1 4.45041E-1 4.45497E-1 4.45839E-1 4.54393E-1 4.55663E-1 4.59867E-1 4.59663E-1 3.04038E-1 3.03686E-1 3.05235E-1 3.05886E-1
