Artocarpus heterophyllus SDM files/MIS19/results (with bias file)/Arthet_2.asc
ncols         625
nrows         721
xllcorner     69.99986311115
yllcorner     5.99986187915
cellsize      0.041666667
NODATA_value  -9999
[rows 54 to 80 of 721, columns 427 to 487 of 625]
7.42525E-3 8.22392E-3 8.72008E-3 9.69312E-3 1.03329E-2 1.02745E-2 8.99179E-3 8.86589E-3 9.21358E-3 9.35327E-3 7.2199E-3 9.0332E-3 1.32115E-2 1.01728E-2 9.57428E-3 1.17235E-2 1.0541E-2 9.66698E-3 1.09532E-2 1.15645E-2 1.11747E-2 1.06314E-2 8.38143E-3 9.43391E-3 1.07145E-2 1.20417E-2 1.18533E-2 1.16286E-2 1.17778E-2 1.12248E-2 9.96622E-3 7.24079E-3 6.99818E-3 7.14291E-3 6.92192E-3 7.32135E-3 1.03215E-2 1.04655E-2 8.91589E-3 7.26969E-3 7.00146E-3 7.71799E-3 9.977E-3 8.83307E-3 8.01443E-3 8.44328E-3 7.92206E-3 4.16958E-3 4.29896E-3 7.89543E-3 8.24972E-3 7.81377E-3 8.12432E-3 3.90288E-3 4.01773E-3 4.33923E-3 8.20294E-3 8.05909E-3 7.65073E-3 3.94087E-3 3.46692E-3
7.14008E-3 7.76511E-3 8.24732E-3 1.00732E-2 1.04707E-2 9.40934E-3 9.54929E-3 9.38362E-3 1.0183E-2 8.29203E-3 8.65106E-3 1.29284E-2 1.29044E-2 1.04557E-2 8.17645E-3 8.2074E-3 1.00983E-2 1.1508E-2 1.22326E-2 1.0176E-2 9.67755E-3 1.18164E-2 9.04677E-3 8.16929E-3 1.11447E-2 1.22124E-2 1.16958E-2 1.13566E-2 1.14522E-2 8.83093E-3 7.78474E-3 7.84528E-3 7.41178E-3 7.85488E-3 6.78984E-3 7.29925E-3 9.09636E-3 9.00316E-3 7.71402E-3 7.76386E-3 6.77057E-3 9.3127E-3 1.00807E-2 8.85799E-3 8.06909E-3 8.21909E-3 7.56259E-3 4.11777E-3 4.0077E-3 7.83404E-3 9.43951E-3 7.02268E-3 3.64897E-3 3.60578E-3 3.85646E-3 8.97729E-3 8.09808E-3 7.71219E-3 8.62762E-3 8.29063E-3 3.77086E-3
4.11589E-3 8.97215E-3 1.05318E-2 1.18786E-2 1.15578E-2 1.05372E-2 9.27178E-3 9.64057E-3 9.78733E-3 9.22127E-3 1.04929E-2 1.30599E-2 1.26668E-2 1.08007E-2 1.05179E-2 8.75686E-3 7.22744E-3 9.52487E-3 8.81309E-3 1.16868E-2 9.09638E-3 1.10888E-2 1.04314E-2 1.01799E-2 9.52898E-3 1.22375E-2 1.1297E-2 1.04599E-2 1.10935E-2 9.79179E-3 7.48569E-3 7.99474E-3 7.69305E-3 7.70908E-3 8.06407E-3 8.79485E-3 7.68373E-3 8.02536E-3 7.96843E-3 7.54054E-3 4.11777E-3 8.36136E-3 9.15355E-3 8.43245E-3 8.0746E-3 7.57783E-3 4.01567E-3 3.94191E-3 4.41196E-3 3.97513E-3 4.55826E-3 8.09283E-3 8.8583E-3 7.13065E-3 3.91921E-3 4.06433E-3 3.70362E-3 4.17417E-3 8.66947E-3 8.64779E-3 3.5656E-3
9.2326E-3 1.26327E-2 1.13272E-2 1.03195E-2 1.03819E-2 9.73862E-3 8.58296E-3 9.06708E-3 8.94222E-3 9.20971E-3 1.14945E-2 1.1813E-2 1.10777E-2 1.04866E-2 1.10961E-2 1.07535E-2 1.07477E-2 8.60447E-3 4.13539E-3 8.58089E-3 1.16181E-2 7.90201E-3 7.75795E-3 9.45748E-3 7.78681E-3 1.09665E-2 1.05465E-2 1.02354E-2 1.06901E-2 1.07288E-2 9.92792E-3 7.85911E-3 7.8901E-3 8.34419E-3 8.92412E-3 8.73805E-3 7.98062E-3 8.16383E-3 7.60046E-3 7.64882E-3 4.00524E-3 4.21723E-3 7.67436E-3 7.85895E-3 4.24807E-3 3.99702E-3 3.92075E-3 4.00535E-3 4.23294E-3 4.26954E-3 8.64815E-3 1.039E-2 9.44193E-3 8.12937E-3 7.97547E-3 8.70464E-3 7.21592E-3 3.60319E-3 4.17488E-3 4.32612E-3 3.58527E-3
9.30524E-3 1.01252E-2 9.16372E-3 9.28853E-3 9.79239E-3 9.51184E-3 8.77781E-3 8.65227E-3 9.14043E-3 9.31888E-3 1.06182E-2 1.12383E-2 9.24362E-3 9.09534E-3 9.9599E-3 1.12276E-2 1.1385E-2 1.02828E-2 1.07124E-2 9.95161E-3 1.04352E-2 7.56627E-3 4.03995E-3 9.33167E-3 1.04269E-2 7.69452E-3 8.04775E-3 9.50275E-3 1.12801E-2 1.07574E-2 8.98772E-3 1.05669E-2 8.1148E-3 8.1991E-3 7.83372E-3 8.63959E-3 1.03112E-2 1.01422E-2 8.84006E-3 7.62045E-3 3.91808E-3 4.0768E-3 4.24518E-3 4.38525E-3 4.1233E-3 3.93118E-3 7.78749E-3 8.3611E-3 8.4276E-3 8.10029E-3 8.04795E-3 8.58003E-3 9.26815E-3 8.74631E-3 8.87107E-3 9.23843E-3 9.02709E-3 4.15059E-3 3.68738E-3 3.94778E-3 3.669E-3
1.05514E-2 9.6206E-3 9.18368E-3 8.02049E-3 8.95773E-3 9.02883E-3 9.10049E-3 9.03749E-3 9.35169E-3 9.218E-3 9.95219E-3 1.08257E-2 9.76143E-3 9.48083E-3 9.5384E-3 9.60046E-3 9.38874E-3 9.34288E-3 9.98319E-3 1.17419E-2 9.9429E-3 7.86788E-3 7.39219E-3 1.08513E-2 1.28292E-2 8.734E-3 7.92218E-3 9.76572E-3 1.07517E-2 8.81944E-3 8.44787E-3 9.41975E-3 9.11057E-3 9.6692E-3 7.78678E-3 8.05309E-3 8.64335E-3 9.6893E-3 8.07283E-3 4.11541E-3 4.05793E-3 9.04558E-3 9.59216E-3 9.4551E-3 8.15157E-3 7.73072E-3 9.45587E-3 9.93331E-3 9.02489E-3 9.94735E-3 8.81715E-3 4.16451E-3 4.33501E-3 4.51006E-3 8.773E-3 8.82672E-3 8.35296E-3 8.80127E-3 9.08359E-3 7.91962E-3 3.59777E-3
1.0705E-2 9.96657E-3 9.40778E-3 1.00967E-2 9.61743E-3 1.01946E-2 1.09532E-2 1.09658E-2 1.07939E-2 8.98757E-3 8.39485E-3 9.23711E-3 9.31048E-3 9.38444E-3 9.41713E-3 9.8751E-3 9.4633E-3 8.15215E-3 8.3318E-3 9.85125E-3 1.0183E-2 4.39218E-3 8.14115E-3 1.38433E-2 1.11893E-2 9.54043E-3 9.61223E-3 1.09453E-2 1.00961E-2 8.82824E-3 8.07798E-3 8.61625E-3 9.73489E-3 9.67262E-3 8.50427E-3 8.31293E-3 7.42916E-3 7.81093E-3 8.17746E-3 7.60596E-3 4.29048E-3 4.4407E-3 7.61364E-3 4.33594E-3 8.27546E-3 8.55968E-3 9.99901E-3 9.23573E-3 7.70499E-3 4.53341E-3 4.4173E-3 3.9835E-3 4.61954E-3 8.88637E-3 8.37758E-3 7.76336E-3 8.88889E-3 8.92521E-3 8.52215E-3 9.01495E-3 3.94965E-3
9.28267E-3 9.26122E-3 1.0304E-2 1.13197E-2 1.09243E-2 1.0448E-2 1.09406E-2 1.08202E-2 1.07085E-2 9.11822E-3 1.0085E-2 1.00452E-2 9.15908E-3 8.93946E-3 8.53257E-3 9.7679E-3 1.03656E-2 1.05464E-2 9.41215E-3 8.64956E-3 8.06778E-3 7.6671E-3 7.91244E-3 1.02653E-2 1.02355E-2 9.7785E-3 1.04766E-2 1.20642E-2 1.03979E-2 9.72423E-3 7.99658E-3 8.52202E-3 1.07414E-2 9.52694E-3 8.80236E-3 8.62255E-3 9.06858E-3 9.29963E-3 8.97528E-3 8.85544E-3 4.41793E-3 4.13639E-3 8.0754E-3 8.08073E-3 8.74254E-3 4.14711E-3 4.39999E-3 8.38239E-3 9.77088E-3 4.23364E-3 4.19174E-3 4.22066E-3 4.38081E-3 8.73237E-3 8.2695E-3 8.10414E-3 8.16859E-3 9.08585E-3 9.2749E-3 8.79026E-3 4.17277E-3
8.26059E-3 1.01408E-2 1.03402E-2 9.97967E-3 9.62593E-3 1.08515E-2 1.01698E-2 8.65468E-3 9.98452E-3 1.05293E-2 1.26613E-2 1.10261E-2 1.04239E-2 1.03004E-2 1.00503E-2 1.06459E-2 1.05464E-2 1.0092E-2 8.58111E-3 7.59547E-3 4.41775E-3 7.68113E-3 8.02477E-3 7.8442E-3 1.02511E-2 8.07672E-3 7.96969E-3 1.04284E-2 1.22949E-2 1.07963E-2 8.72979E-3 8.73028E-3 1.07549E-2 9.22763E-3 8.33795E-3 9.73911E-3 9.85245E-3 9.05279E-3 8.83838E-3 8.17982E-3 7.52991E-3 7.79303E-3 7.87529E-3 8.54762E-3 9.25823E-3 7.8552E-3 4.11422E-3 4.05129E-3 4.50299E-3 4.24959E-3 4.39344E-3 4.28836E-3 8.82611E-3 4.59675E-3 4.0079E-3 4.14364E-3 4.87626E-3 9.21242E-3 8.88468E-3 4.19189E-3 3.99938E-3
9.58104E-3 9.68997E-3 1.01677E-2 9.25913E-3 9.55648E-3 1.01536E-2 1.16635E-2 9.58729E-3 1.0042E-2 1.19655E-2 1.07376E-2 1.01737E-2 1.01455E-2 1.10674E-2 1.01895E-2 9.85318E-3 9.03705E-3 9.55123E-3 8.67866E-3 7.90947E-3 8.38938E-3 1.17664E-2 1.21081E-2 9.91024E-3 8.85283E-3 4.43539E-3 9.73312E-3 1.10141E-2 1.09375E-2 9.16302E-3 8.28874E-3 8.49255E-3 1.05528E-2 1.05003E-2 8.55895E-3 9.26785E-3 9.67251E-3 9.49917E-3 8.45776E-3 9.31518E-3 8.96146E-3 9.52076E-3 9.60142E-3 9.5165E-3 9.76814E-3 8.97902E-3 8.75719E-3 8.5386E-3 4.27472E-3 4.33505E-3 4.39344E-3 4.35381E-3 8.41045E-3 4.27598E-3 3.98039E-3 3.99199E-3 4.2743E-3 4.36343E-3 4.26058E-3 4.20683E-3 4.17672E-3
9.68832E-3 9.51241E-3 8.39887E-3 8.23341E-3 9.51602E-3 1.17297E-2 9.83821E-3 8.27779E-3 9.72454E-3 1.0366E-2 1.19563E-2 9.31946E-3 9.16244E-3 1.17181E-2 9.93802E-3 8.00446E-3 4.55747E-3 1.09461E-2 1.09407E-2 8.9815E-3 1.13829E-2 1.30941E-2 1.22037E-2 9.49609E-3 9.93158E-3 7.6865E-3 8.33248E-3 9.37298E-3 9.58043E-3 8.84371E-3 8.6985E-3 8.75523E-3 9.68725E-3 9.04389E-3 8.68592E-3 9.09674E-3 9.6025E-3 9.295E-3 9.49916E-3 9.774E-3 9.02919E-3 9.80476E-3 9.80753E-3 9.61903E-3 9.17787E-3 8.98404E-3 8.27154E-3 4.61436E-3 4.24079E-3 4.40125E-3 4.42512E-3 4.90911E-3 9.52203E-3 9.40615E-3 7.94338E-3 4.15249E-3 4.259E-3 4.43189E-3 4.0722E-3 4.0722E-3 4.15693E-3
1.03306E-2 8.97902E-3 1.00124E-2 9.91379E-3 1.06208E-2 1.2049E-2 8.88626E-3 8.5919E-3 8.5919E-3 9.80176E-3 1.18309E-2 9.89181E-3 9.59935E-3 9.93302E-3 8.57579E-3 4.52745E-3 1.05532E-2 1.21095E-2 9.27694E-3 1.13265E-2 1.19903E-2 1.25117E-2 9.46784E-3 8.40749E-3 9.00126E-3 7.80403E-3 7.97511E-3 4.66064E-3 7.93192E-3 8.24225E-3 8.57702E-3 8.40797E-3 8.33487E-3 8.702E-3 8.81731E-3 8.61567E-3 9.69446E-3 9.01326E-3 9.25509E-3 1.02101E-2 9.59216E-3 8.9531E-3 8.81789E-3 9.38202E-3 9.36228E-3 9.14564E-3 9.47802E-3 9.58067E-3 4.32878E-3 4.38026E-3 4.76758E-3 1.01049E-2 1.00909E-2 9.81633E-3 9.34274E-3 9.00326E-3 9.14235E-3 8.91766E-3 8.07053E-3 4.29303E-3 4.34285E-3
8.97409E-3 8.69908E-3 8.73377E-3 9.05223E-3 1.09472E-2 1.23127E-2 9.22728E-3 4.59563E-3 7.94226E-3 1.11151E-2 1.2663E-2 9.79117E-3 9.93333E-3 9.18055E-3 4.41687E-3 4.55881E-3 1.19449E-2 1.26228E-2 1.0406E-2 9.04104E-3 1.06258E-2 1.10954E-2 8.61578E-3 8.71199E-3 8.9891E-3 8.49996E-3 1.12422E-2 1.04423E-2 9.89497E-3 9.35239E-3 8.99651E-3 8.40038E-3 4.86329E-3 4.92191E-3 5.00004E-3 4.94461E-3 8.70611E-3 8.82939E-3 9.1942E-3 1.03533E-2 9.08554E-3 8.68592E-3 8.62185E-3 9.43472E-3 9.28611E-3 8.87701E-3 8.87116E-3 9.39135E-3 4.58904E-3 4.35926E-3 9.02103E-3 9.99601E-3 9.80976E-3 9.21225E-3 8.7411E-3 9.5778E-3 9.53707E-3 8.71296E-3 8.96422E-3 4.74011E-3 8.483E-3
9.48892E-3 1.07143E-2 9.54526E-3 8.25872E-3 9.28789E-3 1.1618E-2 9.07262E-3 4.61585E-3 9.93866E-3 1.3281E-2 1.26625E-2 1.02888E-2 8.82316E-3 4.73304E-3 4.46166E-3 4.77407E-3 1.07277E-2 1.31773E-2 1.17645E-2 1.12847E-2 1.01307E-2 9.21019E-3 8.84693E-3 8.92883E-3 8.23906E-3 9.4507E-3 1.09114E-2 1.01122E-2 1.04302E-2 9.5268E-3 4.65957E-3 4.73984E-3 4.68333E-3 4.75883E-3 4.66206E-3 4.73717E-3 4.64754E-3 4.75119E-3 4.91608E-3 8.89991E-3 4.75511E-3 4.62417E-3 4.58743E-3 4.69854E-3 4.47894E-3 4.76173E-3 4.88091E-3 1.00134E-2 8.93587E-3 8.41862E-3 8.88344E-3 9.34334E-3 9.39243E-3 9.16569E-3 8.73938E-3 8.85555E-3 9.25612E-3 8.92589E-3 8.37162E-3 4.92809E-3 9.11597E-3
8.3024E-3 8.51243E-3 8.44472E-3 8.21191E-3 8.37024E-3 8.67667E-3 4.62543E-3 4.61174E-3 5.12824E-3 9.11176E-3 8.90364E-3 8.35785E-3 4.67207E-3 4.58388E-3 5.00135E-3 1.03763E-2 1.21759E-2 1.30828E-2 1.25038E-2 1.08963E-2 1.06884E-2 1.03058E-2 9.10576E-3 8.99164E-3 8.56747E-3 8.27265E-3 9.01209E-3 8.49447E-3 4.68588E-3 4.62997E-3 4.60715E-3 5.00827E-3 4.98828E-3 1.00532E-2 8.96906E-3 9.12049E-3 9.67508E-3 8.68872E-3 4.91882E-3 9.27856E-3 8.90567E-3 8.1587E-3 8.52404E-3 4.50531E-3 4.57962E-3 4.52509E-3 4.9853E-3 1.06505E-2 9.99376E-3 8.9652E-3 8.76588E-3 4.95366E-3 8.38115E-3 5.06039E-3 4.90174E-3 4.7596E-3 5.0199E-3 8.67586E-3 4.80856E-3 8.8069E-3 9.10201E-3
8.57331E-3 8.74627E-3 1.04341E-2 8.45503E-3 4.78078E-3 4.71909E-3 4.63938E-3 4.87318E-3 5.03686E-3 8.62673E-3 4.96144E-3 9.34665E-3 9.81312E-3 9.48126E-3 1.06435E-2 1.27055E-2 1.3182E-2 1.2652E-2 1.01217E-2 1.02739E-2 9.93367E-3 9.0085E-3 8.97498E-3 8.66373E-3 4.83317E-3 4.80236E-3 8.51384E-3 4.76407E-3 4.75707E-3 1.07891E-2 4.99851E-3 4.71466E-3 8.60372E-3 1.00532E-2 9.94121E-3 9.86961E-3 9.90898E-3 9.34142E-3 8.73014E-3 9.46503E-3 1.02097E-2 8.99665E-3 8.51736E-3 8.26215E-3 4.59219E-3 4.39639E-3 4.56366E-3 9.61838E-3 8.73406E-3 4.3614E-3 4.38398E-3 4.68005E-3 4.60599E-3 4.59159E-3 4.48688E-3 4.51577E-3 4.79764E-3 8.86506E-3 4.74803E-3 4.89762E-3 9.2248E-3
4.98136E-3 4.93693E-3 1.01234E-2 8.51518E-3 8.61796E-3 8.93379E-3 8.65779E-3 9.49411E-3 1.01794E-2 9.81051E-3 9.74027E-3 9.40587E-3 9.48876E-3 1.05591E-2 1.29727E-2 1.25797E-2 1.17766E-2 1.14153E-2 1.03466E-2 9.25821E-3 8.74548E-3 8.79325E-3 8.61501E-3 4.69083E-3 4.67936E-3 5.08734E-3 1.07311E-2 1.12484E-2 1.07861E-2 9.31707E-3 4.77867E-3 4.75257E-3 5.06417E-3 9.32368E-3 8.8068E-3 8.46961E-3 9.2645E-3 9.69371E-3 9.50955E-3 1.05231E-2 9.98173E-3 9.14103E-3 9.89014E-3 9.93767E-3 8.35472E-3 8.92739E-3 8.40233E-3 9.0219E-3 4.97591E-3 4.57775E-3 4.94028E-3 1.02154E-2 1.00156E-2 8.96055E-3 8.72648E-3 8.7676E-3 4.84726E-3 5.07644E-3 5.08015E-3 8.89092E-3 9.27175E-3
4.97428E-3 8.96959E-3 9.18738E-3 9.0858E-3 9.92875E-3 1.01695E-2 9.70903E-3 1.03E-2 1.11819E-2 1.17729E-2 1.26992E-2 1.11486E-2 1.01189E-2 1.07169E-2 1.1859E-2 1.15877E-2 1.13997E-2 1.21722E-2 1.02398E-2 8.88624E-3 9.06281E-3 8.36277E-3 4.66289E-3 4.83181E-3 1.05876E-2 1.15826E-2 1.21249E-2 1.15608E-2 1.02711E-2 8.81642E-3 4.53172E-3 4.84156E-3 9.49228E-3 1.10824E-2 1.00357E-2 8.61841E-3 1.09119E-2 1.02436E-2 9.21407E-3 9.6367E-3 9.96018E-3 9.555E-3 9.43672E-3 9.28102E-3 9.01209E-3 4.98969E-3 4.57977E-3 4.38816E-3 4.42339E-3 4.7209E-3 5.37213E-3 9.92777E-3 9.19738E-3 1.00122E-2 1.01455E-2 9.85631E-3 9.32409E-3 9.37233E-3 8.61827E-3 8.52208E-3 8.78601E-3
1.07572E-2 1.06856E-2 1.17762E-2 1.1594E-2 1.15138E-2 1.1468E-2 1.19349E-2 1.20904E-2 1.17809E-2 1.12849E-2 1.13247E-2 1.11855E-2 1.10797E-2 1.22911E-2 1.18191E-2 9.92227E-3 1.16221E-2 1.08985E-2 1.04833E-2 9.49767E-3 9.1467E-3 4.75733E-3 4.7837E-3 9.95618E-3 1.17909E-2 1.0966E-2 1.11709E-2 1.12445E-2 1.05645E-2 4.86758E-3 4.56819E-3 4.86814E-3 1.04539E-2 1.12752E-2 1.08369E-2 9.94429E-3 9.74049E-3 9.75263E-3 9.78546E-3 1.04629E-2 1.01694E-2 9.70973E-3 9.22768E-3 8.90497E-3 9.13614E-3 8.73682E-3 4.68661E-3 4.7112E-3 4.4904E-3 4.83098E-3 4.91622E-3 5.05186E-3 9.32266E-3 9.381E-3 9.78059E-3 9.24183E-3 9.25787E-3 9.61209E-3 9.47685E-3 9.33467E-3 8.72244E-3
9.43412E-3 1.0359E-2 1.29479E-2 1.26829E-2 1.0879E-2 1.07875E-2 1.07267E-2 1.01556E-2 9.86391E-3 9.72597E-3 1.04594E-2 1.05085E-2 1.03508E-2 1.0091E-2 9.43711E-3 9.47487E-3 1.04539E-2 1.1888E-2 1.04667E-2 9.36074E-3 4.90754E-3 4.76674E-3 4.99443E-3 1.0888E-2 9.55801E-3 9.03795E-3 9.66717E-3 1.00855E-2 9.93371E-3 1.06459E-2 1.0116E-2 8.64329E-3 1.03788E-2 1.08284E-2 1.09428E-2 1.08746E-2 9.87808E-3 9.57395E-3 1.01209E-2 1.02605E-2 1.01766E-2 9.47547E-3 9.50538E-3 9.32738E-3 8.88471E-3 8.66739E-3 4.6122E-3 4.54018E-3 4.63828E-3 4.67454E-3 4.8146E-3 9.55567E-3 1.01655E-2 9.94624E-3 1.00437E-2 9.70288E-3 9.49001E-3 9.60776E-3 8.64255E-3 8.36924E-3 8.56026E-3
1.06419E-2 1.1369E-2 1.18694E-2 1.15325E-2 1.03882E-2 1.06283E-2 1.05076E-2 1.04081E-2 5.27242E-3 5.06719E-3 5.20365E-3 5.16201E-3 5.20914E-3 9.47889E-3 9.1295E-3 4.99947E-3 9.22577E-3 9.97964E-3 1.04359E-2 8.79289E-3 4.81948E-3 4.88292E-3 9.21712E-3 9.91425E-3 8.83349E-3 9.07077E-3 9.3979E-3 1.07844E-2 1.09112E-2 9.63638E-3 1.10132E-2 1.09766E-2 9.90903E-3 9.94121E-3 9.92079E-3 9.8101E-3 9.3345E-3 1.0054E-2 1.097E-2 9.74049E-3 9.68889E-3 8.95583E-3 9.60795E-3 1.02962E-2 1.0401E-2 9.79125E-3 4.83903E-3 4.52205E-3 4.61975E-3 5.23116E-3 9.96733E-3 1.05282E-2 1.00851E-2 9.86115E-3 9.28298E-3 9.392E-3 9.45174E-3 9.35966E-3 8.3466E-3 8.1724E-3 8.63379E-3
1.08785E-2 1.08385E-2 1.14309E-2 1.12959E-2 1.07071E-2 1.04187E-2 9.67038E-3 9.06133E-3 4.81807E-3 4.91042E-3 4.95009E-3 5.01538E-3 5.33874E-3 1.08688E-2 1.10437E-2 4.69981E-3 1.03433E-2 1.27434E-2 1.04936E-2 9.88257E-3 5.16497E-3 4.93697E-3 1.06891E-2 1.18005E-2 5.17808E-3 4.62472E-3 9.08464E-3 1.16494E-2 1.0926E-2 9.49057E-3 8.90364E-3 9.71351E-3 9.9561E-3 1.03114E-2 1.02776E-2 1.06302E-2 9.41595E-3 9.27547E-3 1.02826E-2 9.05615E-3 5.22747E-3 5.06971E-3 1.03094E-2 1.0006E-2 8.95924E-3 5.13828E-3 4.80181E-3 4.74451E-3 4.59672E-3 4.78342E-3 9.49415E-3 9.66271E-3 1.03454E-2 1.0139E-2 9.37774E-3 9.80376E-3 9.4571E-3 9.62767E-3 8.58533E-3 8.48583E-3 4.90928E-3
8.81097E-3 5.03191E-3 5.26452E-3 9.59334E-3 1.13837E-2 1.03846E-2 5.01174E-3 4.95564E-3 4.99009E-3 5.17409E-3 9.50883E-3 9.0985E-3 1.07037E-2 1.2672E-2 1.17126E-2 8.90894E-3 8.8382E-3 1.13929E-2 1.11236E-2 1.20636E-2 1.04596E-2 9.67866E-3 1.07824E-2 1.04094E-2 5.05735E-3 5.04974E-3 1.08612E-2 1.17189E-2 1.16071E-2 1.07407E-2 1.02351E-2 1.04926E-2 1.07311E-2 9.97043E-3 1.00831E-2 1.00831E-2 9.45278E-3 5.05952E-3 9.77262E-3 5.20031E-3 4.93219E-3 9.29117E-3 1.01185E-2 1.02011E-2 9.94121E-3 9.0847E-3 9.74163E-3 1.00573E-2 9.27089E-3 5.17208E-3 5.38435E-3 9.548E-3 1.04204E-2 1.05744E-2 1.03261E-2 1.0004E-2 9.89681E-3 9.80976E-3 9.76897E-3 9.45665E-3 4.82764E-3
4.90161E-3 4.87655E-3 5.00082E-3 5.02644E-3 9.46074E-3 9.1626E-3 9.09868E-3 5.37636E-3 5.0563E-3 9.34816E-3 9.59501E-3 9.86234E-3 1.16978E-2 1.20755E-2 1.06435E-2 9.84172E-3 4.97677E-3 9.77184E-3 1.18765E-2 1.19971E-2 1.18959E-2 1.17549E-2 1.18017E-2 1.12989E-2 9.78679E-3 9.22224E-3 1.20344E-2 1.11012E-2 1.08394E-2 1.02531E-2 1.01085E-2 1.06799E-2 1.10915E-2 1.03752E-2 9.63638E-3 9.50648E-3 9.15521E-3 5.08297E-3 1.03301E-2 1.15309E-2 1.08482E-2 1.10527E-2 1.11119E-2 1.09362E-2 1.0263E-2 9.96942E-3 1.08191E-2 9.58423E-3 1.02115E-2 5.42271E-3 1.01118E-2 5.01237E-3 4.93139E-3 9.44228E-3 9.70082E-3 9.50987E-3 9.60026E-3 9.02323E-3 9.69703E-3 9.46113E-3 5.12643E-3
4.87106E-3 5.44708E-3 9.75006E-3 9.75955E-3 9.5657E-3 1.15019E-2 1.21725E-2 9.92591E-3 5.11022E-3 5.22721E-3 1.18768E-2 1.13282E-2 1.01794E-2 1.16423E-2 1.00688E-2 9.91239E-3 8.91795E-3 1.11326E-2 1.051E-2 1.00339E-2 1.0818E-2 1.13668E-2 1.15666E-2 1.12816E-2 1.06881E-2 5.26184E-3 1.14859E-2 1.12271E-2 1.042E-2 1.04616E-2 1.02313E-2 1.06261E-2 1.10824E-2 1.09457E-2 1.01488E-2 1.04359E-2 9.42898E-3 4.86614E-3 1.00239E-2 1.04828E-2 9.47024E-3 9.52056E-3 1.05383E-2 9.83856E-3 1.00555E-2 5.41129E-3 5.06427E-3 4.71203E-3 5.164E-3 5.57219E-3 9.73228E-3 9.89688E-3 8.73175E-3 4.54991E-3 4.92793E-3 1.06095E-2 4.86204E-3 9.08121E-3 1.05325E-2 1.0367E-2 9.12774E-3
5.09149E-3 1.01081E-2 1.13295E-2 1.21328E-2 1.15281E-2 1.21054E-2 1.12036E-2 9.12557E-3 5.23271E-3 1.13841E-2 1.24159E-2 1.15045E-2 1.09091E-2 1.05126E-2 1.01288E-2 9.8039E-3 9.46982E-3 9.76884E-3 5.14911E-3 9.31041E-3 9.25916E-3 1.08955E-2 1.1449E-2 1.01956E-2 9.22224E-3 9.80787E-3 1.11059E-2 1.14585E-2 1.12413E-2 1.05528E-2 9.93883E-3 1.06334E-2 1.10496E-2 1.14409E-2 1.07926E-2 1.09223E-2 1.06299E-2 9.70331E-3 9.8752E-3 9.2543E-3 1.07522E-2 5.47537E-3 4.9677E-3 4.63493E-3 4.93371E-3 5.53065E-3 4.76979E-3 1.0314E-2 1.07924E-2 1.06368E-2 1.04761E-2 1.02701E-2 9.14443E-3 5.09751E-3 9.2195E-3 1.00521E-2 8.98949E-3 4.96288E-3 9.935E-3 1.09408E-2 9.62461E-3
1.09369E-2 1.24567E-2 1.12389E-2 1.18359E-2 1.10854E-2 1.00003E-2 9.47766E-3 5.09809E-3 9.42308E-3 1.13026E-2 1.19971E-2 1.18694E-2 1.14818E-2 1.02775E-2 9.86729E-3 9.67005E-3 1.09822E-2 5.23255E-3 5.25362E-3 9.39025E-3 1.06446E-2 1.12219E-2 1.08688E-2 9.48434E-3 9.55138E-3 5.40084E-3 9.4893E-3 1.10248E-2 1.02747E-2 1.07634E-2 1.05179E-2 1.0826E-2 1.00251E-2 9.82661E-3 1.11202E-2 1.08103E-2 1.08014E-2 1.08354E-2 9.9112E-3 5.29077E-3 4.99633E-3 4.68012E-3 4.72357E-3 5.24052E-3 1.04414E-2 1.02566E-2 1.01221E-2 9.84347E-3 9.63228E-3 1.00305E-2 9.1685E-3 1.0139E-2 9.41611E-3 9.09583E-3 1.05913E-2 9.91022E-3 1.00156E-2 4.85033E-3 5.24444E-3 1.06586E-2 1.0958E-2
