Artocarpus heterophyllus SDM files/MIS19/results (with bias file)/Arthet_median.asc
ncols         625
nrows         721
xllcorner     69.99986311115
yllcorner     5.99986187915
cellsize      0.041666667
NODATA_value  -9999
[rows 297 to 323 of 721, columns 61 to 121 of 625]
7.13612E-1 7.17727E-1 7.28566E-1 7.42795E-1 7.39089E-1 7.40659E-1 7.2586E-1 7.41921E-1 7.10689E-1 7.0479E-1 7.58951E-1 7.07457E-1 7.06702E-1 7.09155E-1 7.17665E-1 7.25785E-1 7.23729E-1 7.43582E-1 7.13354E-1 7.18936E-1 7.20191E-1 7.03932E-1 6.90561E-1 6.9967E-1 6.36396E-1 7.04717E-1 6.61554E-1 6.91605E-1 6.70621E-1 6.75647E-1 6.63222E-1 6.50558E-1 5.0938E-1 5.60641E-1 5.61209E-1 5.54727E-1 5.25246E-1 5.24289E-1 5.33217E-1 5.34884E-1 5.3028E-1 5.29779E-1 5.20261E-1 5.26895E-1 5.4212E-1 5.60576E-1 5.91488E-1 5.39876E-1 5.4466E-1 5.48328E-1 5.68979E-1 5.62955E-1 7.03686E-1 7.2282E-1 7.09326E-1 5.17382E-1 4.54529E-1 4.39921E-1 4.91839E-1 4.80965E-1 4.76222E-1
7.1519E-1 7.22592E-1 7.42403E-1 7.43781E-1 7.44633E-1 7.43943E-1 7.42101E-1 7.40223E-1 7.10396E-1 7.11514E-1 7.13451E-1 7.14994E-1 7.16407E-1 7.26093E-1 7.28518E-1 7.15797E-1 7.28215E-1 7.14686E-1 7.08636E-1 7.30848E-1 7.26558E-1 7.02911E-1 6.94986E-1 6.88728E-1 6.97286E-1 6.92876E-1 6.94425E-1 6.77131E-1 6.74671E-1 6.05842E-1 6.50905E-1 6.59836E-1 6.01393E-1 5.47639E-1 5.4987E-1 5.72805E-1 5.25415E-1 5.26268E-1 5.20267E-1 5.27315E-1 5.35386E-1 5.26835E-1 5.15421E-1 5.09363E-1 5.30701E-1 5.49164E-1 5.82529E-1 5.5464E-1 5.26886E-1 5.47782E-1 5.98241E-1 5.80654E-1 6.3153E-1 7.13919E-1 7.26218E-1 5.38891E-1 4.7336E-1 4.53308E-1 4.54581E-1 4.86627E-1 4.53163E-1
7.43946E-1 7.50427E-1 7.46892E-1 7.47258E-1 7.49019E-1 7.44833E-1 7.40229E-1 7.06496E-1 7.14506E-1 7.03077E-1 7.10396E-1 7.1576E-1 7.23575E-1 7.22692E-1 7.21216E-1 7.02812E-1 7.22321E-1 7.2784E-1 7.11148E-1 7.19087E-1 7.09543E-1 6.79942E-1 6.90706E-1 6.91525E-1 6.70192E-1 6.5971E-1 6.77702E-1 6.74838E-1 6.6761E-1 5.96556E-1 6.32466E-1 6.27021E-1 6.26985E-1 5.95245E-1 5.7755E-1 5.19547E-1 5.38301E-1 5.42117E-1 5.30118E-1 5.15557E-1 5.24906E-1 5.56653E-1 5.19424E-1 5.0693E-1 5.32998E-1 5.46764E-1 5.74776E-1 5.59704E-1 5.53996E-1 5.64694E-1 5.79883E-1 6.33847E-1 5.70337E-1 6.27556E-1 7.32807E-1 7.1449E-1 4.96433E-1 4.64759E-1 4.51162E-1 4.87182E-1 4.63748E-1
7.5249E-1 7.52531E-1 7.56995E-1 7.51863E-1 7.53459E-1 7.48696E-1 7.34059E-1 7.03039E-1 7.0891E-1 7.09958E-1 7.1011E-1 7.13615E-1 7.20589E-1 7.21938E-1 7.2473E-1 7.15689E-1 7.1398E-1 7.16264E-1 7.20677E-1 7.23623E-1 7.09139E-1 7.19368E-1 7.04732E-1 6.89291E-1 6.79283E-1 6.95611E-1 6.57671E-1 6.60357E-1 6.5624E-1 6.4761E-1 5.97585E-1 5.94101E-1 5.93367E-1 5.75444E-1 5.82518E-1 5.2102E-1 5.41701E-1 5.51345E-1 5.38707E-1 5.30101E-1 5.40643E-1 5.59185E-1 5.41722E-1 5.06598E-1 5.35364E-1 5.59616E-1 5.63349E-1 5.30203E-1 5.23242E-1 5.94334E-1 5.7216E-1 5.76562E-1 6.27167E-1 5.44049E-1 6.82175E-1 7.13024E-1 5.35467E-1 4.70578E-1 4.42296E-1 4.74892E-1 4.64818E-1
7.61451E-1 7.57905E-1 7.57721E-1 7.53188E-1 7.5474E-1 7.53854E-1 7.48696E-1 7.07328E-1 7.0899E-1 7.07718E-1 7.11157E-1 7.15258E-1 7.12874E-1 7.17192E-1 7.21053E-1 7.13816E-1 7.16235E-1 7.23664E-1 7.1824E-1 7.16806E-1 6.99947E-1 6.97993E-1 7.14517E-1 6.76803E-1 6.58249E-1 6.51118E-1 6.35697E-1 6.47461E-1 6.00551E-1 5.99475E-1 5.99338E-1 5.84795E-1 5.41406E-1 5.61625E-1 5.2613E-1 5.32909E-1 5.48163E-1 5.51038E-1 5.53561E-1 5.50702E-1 5.46327E-1 5.44216E-1 5.55995E-1 5.48903E-1 5.37701E-1 5.81496E-1 5.97576E-1 5.3034E-1 5.36395E-1 5.9449E-1 6.35936E-1 6.31215E-1 6.94584E-1 6.12459E-1 5.29485E-1 6.56708E-1 5.27069E-1 4.67906E-1 4.7762E-1 4.63104E-1 4.20569E-1
7.63478E-1 7.5982E-1 7.59392E-1 7.60348E-1 7.5619E-1 7.09954E-1 7.03223E-1 7.05776E-1 7.08101E-1 7.09433E-1 7.15186E-1 7.12802E-1 7.10035E-1 7.17659E-1 7.19719E-1 7.20537E-1 7.21869E-1 7.13981E-1 7.0212E-1 7.01911E-1 7.06472E-1 6.92414E-1 6.7945E-1 6.73955E-1 6.17627E-1 6.2128E-1 6.17739E-1 6.09972E-1 5.93434E-1 6.01477E-1 5.95041E-1 5.90905E-1 5.68555E-1 5.45322E-1 5.41099E-1 5.43541E-1 5.48624E-1 5.4521E-1 5.57279E-1 5.36081E-1 5.37173E-1 5.35364E-1 5.60959E-1 5.4779E-1 5.56307E-1 5.64213E-1 5.8495E-1 5.17075E-1 5.34253E-1 5.31625E-1 6.23782E-1 6.99042E-1 6.82692E-1 7.14943E-1 6.93253E-1 6.88229E-1 7.04633E-1 4.80158E-1 4.78362E-1 4.44218E-1 4.20067E-1
7.65223E-1 7.67097E-1 7.61034E-1 7.61633E-1 7.52172E-1 7.09081E-1 7.04052E-1 7.0508E-1 7.14254E-1 7.18466E-1 7.20805E-1 7.11085E-1 7.15576E-1 7.1841E-1 7.19079E-1 7.19302E-1 7.26087E-1 7.21436E-1 7.17901E-1 7.19119E-1 6.94916E-1 6.96418E-1 6.67269E-1 6.17565E-1 6.16357E-1 6.16259E-1 6.15841E-1 6.0196E-1 6.08374E-1 6.14201E-1 5.90102E-1 5.95692E-1 5.89535E-1 5.5492E-1 5.53999E-1 5.52438E-1 5.37776E-1 5.3425E-1 5.69419E-1 5.38815E-1 5.09359E-1 5.50114E-1 5.6117E-1 5.50299E-1 5.40783E-1 5.99145E-1 5.61243E-1 5.31151E-1 5.6052E-1 5.34028E-1 5.36954E-1 6.96491E-1 6.98113E-1 6.93543E-1 7.00794E-1 7.00871E-1 7.02668E-1 4.90723E-1 5.10659E-1 5.03697E-1 4.5376E-1
7.66827E-1 7.68605E-1 7.14446E-1 7.15321E-1 7.14227E-1 7.11536E-1 7.12728E-1 7.12074E-1 7.15778E-1 7.17735E-1 7.19255E-1 7.11696E-1 7.24237E-1 7.17293E-1 7.19327E-1 7.23543E-1 7.25945E-1 7.26538E-1 7.14928E-1 6.98028E-1 6.30995E-1 6.55799E-1 6.92703E-1 6.53458E-1 6.45506E-1 6.06823E-1 6.07263E-1 6.07107E-1 6.23261E-1 6.11773E-1 5.94169E-1 5.864E-1 5.55769E-1 5.49895E-1 5.53674E-1 5.2405E-1 5.27207E-1 5.34484E-1 5.65928E-1 5.20192E-1 5.06109E-1 5.54943E-1 5.4477E-1 5.86294E-1 6.01117E-1 5.99463E-1 5.78501E-1 5.54159E-1 5.45821E-1 5.44552E-1 5.33899E-1 5.15108E-1 5.60966E-1 6.66368E-1 6.81054E-1 6.75304E-1 6.83382E-1 6.98169E-1 6.59015E-1 4.88208E-1 4.87562E-1
7.68898E-1 7.16078E-1 7.15859E-1 7.05773E-1 7.09345E-1 6.97487E-1 7.1508E-1 7.14209E-1 7.18648E-1 7.19082E-1 7.19255E-1 7.20556E-1 7.18131E-1 7.23719E-1 7.23136E-1 7.23917E-1 7.24957E-1 6.95628E-1 6.89569E-1 6.29398E-1 6.62113E-1 6.77203E-1 6.69873E-1 6.64063E-1 6.03339E-1 6.11643E-1 6.06627E-1 6.04894E-1 6.12586E-1 6.13521E-1 6.08805E-1 5.65364E-1 5.57126E-1 5.67665E-1 5.83339E-1 5.78267E-1 5.59063E-1 5.67461E-1 5.73257E-1 5.41479E-1 5.20441E-1 5.55046E-1 5.54447E-1 5.31998E-1 5.76654E-1 5.8199E-1 5.38456E-1 5.62531E-1 5.33523E-1 5.65315E-1 5.42841E-1 5.16238E-1 5.25965E-1 5.96219E-1 6.5201E-1 6.78258E-1 6.80579E-1 6.78733E-1 6.70238E-1 6.60567E-1 4.96325E-1
7.25378E-1 7.26471E-1 7.19193E-1 7.06212E-1 6.9765E-1 6.89391E-1 7.1617E-1 7.1704E-1 7.18345E-1 7.17693E-1 7.20301E-1 7.16427E-1 7.24391E-1 7.25965E-1 7.28768E-1 7.27519E-1 7.23288E-1 6.8811E-1 6.88735E-1 6.82875E-1 6.54835E-1 6.5659E-1 6.46082E-1 6.46293E-1 6.11564E-1 6.00366E-1 6.04458E-1 6.05236E-1 6.03346E-1 5.99806E-1 5.60176E-1 5.76988E-1 5.58634E-1 5.68778E-1 5.60415E-1 5.56778E-1 5.60722E-1 5.71885E-1 5.63337E-1 5.3352E-1 5.24573E-1 5.37015E-1 5.72287E-1 5.31229E-1 5.41115E-1 6.34581E-1 7.02605E-1 6.24705E-1 5.31829E-1 5.50324E-1 6.07162E-1 3.34257E-1 5.07732E-1 5.28246E-1 5.90192E-1 6.38876E-1 6.6343E-1 6.70127E-1 6.58693E-1 6.56726E-1 6.59423E-1
7.28912E-1 7.19735E-1 7.23115E-1 6.95093E-1 6.99423E-1 6.90947E-1 6.91836E-1 7.17822E-1 7.19566E-1 7.18694E-1 7.24851E-1 7.13961E-1 7.28091E-1 7.23741E-1 7.27207E-1 7.23308E-1 7.23531E-1 6.89119E-1 6.59301E-1 6.64304E-1 6.37173E-1 6.67245E-1 6.52275E-1 6.32954E-1 6.04991E-1 6.03982E-1 6.03657E-1 6.05619E-1 5.68888E-1 5.61485E-1 5.53595E-1 5.65627E-1 5.51899E-1 5.64795E-1 5.57398E-1 5.71382E-1 5.67314E-1 5.78187E-1 5.56503E-1 5.28461E-1 5.34581E-1 5.5896E-1 5.72895E-1 5.42391E-1 5.30549E-1 6.31199E-1 6.93454E-1 6.93528E-1 5.52606E-1 6.03807E-1 5.9518E-1 5.09953E-1 5.07206E-1 5.16505E-1 6.3601E-1 6.6085E-1 6.62645E-1 6.56677E-1 6.51777E-1 6.58596E-1 6.61702E-1
7.1984E-1 7.21266E-1 6.95761E-1 7.00209E-1 7.00654E-1 7.00432E-1 7.01986E-1 7.18476E-1 7.19784E-1 7.22178E-1 7.23916E-1 7.2109E-1 7.03463E-1 7.28683E-1 6.99126E-1 7.00545E-1 6.62013E-1 6.61747E-1 6.63249E-1 6.54683E-1 6.3043E-1 6.79313E-1 6.50014E-1 5.98363E-1 6.05012E-1 6.06353E-1 6.08077E-1 6.10931E-1 5.75365E-1 5.70151E-1 5.57718E-1 5.56543E-1 5.45274E-1 5.58153E-1 5.42625E-1 5.56256E-1 5.70102E-1 5.91418E-1 5.58633E-1 5.43114E-1 5.36691E-1 5.39531E-1 5.72526E-1 5.64795E-1 5.42576E-1 5.36785E-1 6.76857E-1 6.95551E-1 6.07923E-1 6.01012E-1 6.51084E-1 5.07869E-1 5.0676E-1 5.07983E-1 6.2426E-1 6.55447E-1 6.54914E-1 6.47021E-1 6.54945E-1 6.60709E-1 6.55436E-1
7.20937E-1 7.22033E-1 6.9587E-1 6.9944E-1 6.91739E-1 7.02429E-1 7.03095E-1 7.18825E-1 7.21228E-1 7.00129E-1 7.2283E-1 7.21228E-1 6.97446E-1 6.98071E-1 6.63455E-1 6.66047E-1 6.67909E-1 6.63692E-1 6.67325E-1 6.70961E-1 6.48118E-1 6.42711E-1 6.45763E-1 5.99387E-1 6.07336E-1 6.1839E-1 6.12621E-1 5.75649E-1 5.69211E-1 5.6879E-1 5.74637E-1 5.73286E-1 5.57671E-1 5.50911E-1 5.6417E-1 5.51524E-1 5.5552E-1 5.66715E-1 5.52075E-1 5.25711E-1 5.34278E-1 5.28527E-1 5.55118E-1 6.27367E-1 6.2327E-1 5.22202E-1 5.43415E-1 6.73577E-1 6.57988E-1 5.34287E-1 6.67727E-1 5.8584E-1 5.12826E-1 5.00772E-1 5.68657E-1 6.20555E-1 6.38226E-1 6.462E-1 6.4134E-1 6.58013E-1 6.54658E-1
7.20606E-1 7.20166E-1 6.98548E-1 7.01445E-1 7.02113E-1 7.02113E-1 6.93875E-1 6.96412E-1 6.99439E-1 6.99473E-1 6.98427E-1 6.66981E-1 7.02179E-1 6.67218E-1 6.70022E-1 6.67392E-1 6.6982E-1 6.72333E-1 6.33571E-1 6.32647E-1 6.46353E-1 6.1291E-1 6.39726E-1 6.04103E-1 6.03904E-1 6.07912E-1 5.77242E-1 5.83459E-1 5.76756E-1 5.69895E-1 5.68356E-1 5.69019E-1 5.76698E-1 5.67167E-1 5.57444E-1 5.60075E-1 5.52474E-1 5.54672E-1 5.29171E-1 5.27581E-1 5.39016E-1 5.19344E-1 5.52727E-1 6.23702E-1 6.71901E-1 6.81286E-1 6.68392E-1 6.67923E-1 5.23354E-1 5.93998E-1 6.70976E-1 6.70125E-1 6.40483E-1 5.05163E-1 5.68562E-1 6.00943E-1 6.33567E-1 6.38185E-1 6.19973E-1 6.29328E-1 6.44737E-1
7.19726E-1 7.21926E-1 6.99112E-1 7.00006E-1 7.0278E-1 6.77546E-1 6.73354E-1 6.81125E-1 6.42216E-1 6.98812E-1 6.67597E-1 6.67961E-1 6.66649E-1 6.68603E-1 6.6742E-1 6.67157E-1 6.608E-1 6.40555E-1 6.2396E-1 6.18636E-1 6.15097E-1 6.17139E-1 6.11637E-1 6.15846E-1 6.45326E-1 5.59506E-1 5.7547E-1 5.62834E-1 5.67185E-1 5.72507E-1 5.74352E-1 5.72826E-1 5.72226E-1 5.6963E-1 5.69797E-1 5.70288E-1 5.55769E-1 5.32226E-1 5.24E-1 5.3273E-1 5.26701E-1 5.20731E-1 5.22579E-1 5.46434E-1 6.0702E-1 6.85233E-1 6.54097E-1 6.00746E-1 5.96555E-1 6.41159E-1 6.59487E-1 6.68245E-1 6.4362E-1 5.61436E-1 5.61943E-1 6.31113E-1 6.36551E-1 6.4108E-1 6.2099E-1 6.12116E-1 6.31605E-1
7.23265E-1 7.2478E-1 7.009E-1 7.01347E-1 6.78104E-1 6.73312E-1 6.33456E-1 6.42201E-1 6.4378E-1 6.35626E-1 6.70172E-1 6.6797E-1 6.68614E-1 6.71911E-1 6.75116E-1 6.71459E-1 6.70215E-1 6.69207E-1 6.63993E-1 6.37422E-1 6.09251E-1 6.04195E-1 6.13013E-1 6.21905E-1 6.32071E-1 6.18023E-1 5.9099E-1 5.65329E-1 5.48241E-1 5.49348E-1 5.56199E-1 5.81675E-1 5.76809E-1 5.75203E-1 5.71749E-1 5.76686E-1 5.54571E-1 5.1018E-1 5.04484E-1 5.37326E-1 5.22959E-1 5.16363E-1 5.16587E-1 5.23666E-1 6.0228E-1 6.53377E-1 5.9647E-1 5.20421E-1 6.29584E-1 6.60298E-1 6.63338E-1 6.65445E-1 6.4406E-1 5.9991E-1 5.95882E-1 6.23128E-1 6.17714E-1 6.23964E-1 6.08972E-1 6.0523E-1 6.28764E-1
7.15174E-1 6.94305E-1 6.76593E-1 6.37627E-1 6.38422E-1 6.33037E-1 6.3541E-1 6.43185E-1 6.41996E-1 6.46144E-1 6.46932E-1 6.39559E-1 6.41525E-1 6.47427E-1 6.49944E-1 6.47362E-1 6.37272E-1 6.41761E-1 6.45274E-1 6.48654E-1 6.17518E-1 6.08689E-1 6.14416E-1 6.15595E-1 6.18819E-1 6.23162E-1 5.89767E-1 5.69894E-1 5.58571E-1 5.44503E-1 5.52692E-1 5.63519E-1 5.72276E-1 5.64831E-1 5.78984E-1 5.77774E-1 5.57749E-1 5.10701E-1 5.11765E-1 5.26582E-1 5.16592E-1 5.14201E-1 5.23702E-1 5.15146E-1 5.32416E-1 6.01148E-1 6.31568E-1 6.27897E-1 6.20518E-1 6.18328E-1 6.50629E-1 6.56823E-1 6.42492E-1 6.32918E-1 6.17372E-1 6.35458E-1 6.22652E-1 6.12801E-1 5.96405E-1 6.03972E-1 6.28185E-1
7.15693E-1 6.76423E-1 6.33412E-1 6.35193E-1 6.40182E-1 6.40588E-1 6.41972E-1 6.4376E-1 6.46137E-1 6.48309E-1 6.47715E-1 6.46335E-1 6.41921E-1 6.52434E-1 6.49378E-1 6.40983E-1 6.33153E-1 6.39813E-1 6.33348E-1 6.15877E-1 6.15555E-1 6.14344E-1 6.20376E-1 6.15057E-1 6.15071E-1 5.8306E-1 5.87153E-1 5.81194E-1 5.60202E-1 5.43566E-1 5.49485E-1 5.52929E-1 5.64617E-1 5.58574E-1 5.69644E-1 5.74382E-1 6.1328E-1 5.33537E-1 5.38304E-1 5.34517E-1 5.118E-1 5.18351E-1 5.22178E-1 5.11392E-1 5.12008E-1 5.13987E-1 5.87322E-1 6.078E-1 6.14271E-1 6.45703E-1 6.46071E-1 6.44543E-1 6.41856E-1 6.47731E-1 6.38242E-1 6.28382E-1 6.24692E-1 6.04222E-1 5.84556E-1 6.05295E-1 6.26029E-1
7.15198E-1 6.76365E-1 6.23341E-1 6.24553E-1 6.3716E-1 6.37756E-1 6.43356E-1 6.44349E-1 6.47322E-1 6.48904E-1 6.48302E-1 6.41519E-1 6.43878E-1 6.4721E-1 6.48386E-1 6.37268E-1 6.37071E-1 6.39413E-1 6.31191E-1 6.16355E-1 6.08083E-1 6.20466E-1 6.25095E-1 6.18258E-1 6.17091E-1 5.85514E-1 5.87055E-1 5.85895E-1 5.72368E-1 5.4652E-1 5.51707E-1 5.56678E-1 5.58767E-1 5.4575E-1 5.11478E-1 5.19162E-1 6.19151E-1 6.08136E-1 6.04514E-1 5.35971E-1 4.93103E-1 5.18995E-1 5.1199E-1 5.25585E-1 5.15847E-1 5.11389E-1 5.83448E-1 6.12402E-1 6.07397E-1 6.29224E-1 6.4243E-1 6.43068E-1 6.46041E-1 6.34974E-1 6.40404E-1 6.15914E-1 6.06759E-1 5.92841E-1 5.79059E-1 6.08083E-1 6.24537E-1
6.49624E-1 6.21939E-1 6.23341E-1 6.25932E-1 6.3716E-1 6.45712E-1 6.46508E-1 6.47695E-1 6.49267E-1 6.49486E-1 6.51861E-1 6.42502E-1 6.44465E-1 6.50169E-1 6.47985E-1 6.35504E-1 6.3786E-1 6.28715E-1 6.21895E-1 6.20743E-1 6.18489E-1 6.22566E-1 6.15736E-1 6.18805E-1 5.8619E-1 5.8389E-1 5.74636E-1 5.75183E-1 5.75356E-1 5.53989E-1 5.50393E-1 5.64505E-1 5.53705E-1 5.44141E-1 5.35109E-1 5.0622E-1 5.55032E-1 6.07813E-1 6.02826E-1 5.41328E-1 5.07115E-1 5.052E-1 5.12614E-1 5.13716E-1 5.11605E-1 5.04007E-1 4.97623E-1 5.68333E-1 5.68614E-1 6.2176E-1 6.31438E-1 6.33696E-1 6.38654E-1 6.19568E-1 6.38077E-1 6.53929E-1 5.98615E-1 5.91557E-1 5.689E-1 6.08166E-1 6.27204E-1
6.27762E-1 6.30779E-1 6.24529E-1 6.25925E-1 6.34135E-1 6.30319E-1 6.47892E-1 6.48682E-1 6.49272E-1 6.44284E-1 6.44464E-1 6.4309E-1 6.44471E-1 6.48391E-1 6.42184E-1 6.38831E-1 6.26338E-1 6.25997E-1 6.24205E-1 6.1981E-1 6.15316E-1 6.10417E-1 6.11196E-1 5.78868E-1 5.81271E-1 5.85151E-1 5.83318E-1 5.80011E-1 5.75409E-1 5.56389E-1 5.20149E-1 5.69519E-1 5.60146E-1 5.60713E-1 5.36183E-1 5.03923E-1 5.12068E-1 6.05388E-1 5.97049E-1 5.36348E-1 5.07886E-1 4.84122E-1 5.19105E-1 5.15603E-1 5.11715E-1 5.76765E-1 4.89609E-1 4.98243E-1 5.93232E-1 5.92481E-1 6.41077E-1 6.454E-1 6.48848E-1 6.3988E-1 6.22052E-1 6.11238E-1 5.94955E-1 5.68561E-1 6.00773E-1 5.98259E-1 6.16397E-1
6.27762E-1 6.31011E-1 6.25725E-1 6.25731E-1 6.27327E-1 6.46502E-1 6.47293E-1 6.4151E-1 6.43483E-1 6.44277E-1 6.4427E-1 6.43269E-1 6.39245E-1 6.43149E-1 6.40987E-1 6.3036E-1 6.186E-1 6.10527E-1 6.17886E-1 6.17025E-1 6.1959E-1 6.14895E-1 6.16362E-1 6.18724E-1 5.85228E-1 5.86445E-1 5.49194E-1 5.43851E-1 5.78405E-1 5.57677E-1 5.11895E-1 5.1169E-1 5.1844E-1 5.23307E-1 5.56146E-1 5.39168E-1 5.38475E-1 6.69434E-1 6.48783E-1 5.29796E-1 5.09568E-1 4.86824E-1 4.92062E-1 5.45392E-1 5.79191E-1 5.72482E-1 4.87618E-1 4.91305E-1 6.22045E-1 5.22167E-1 6.26144E-1 6.30826E-1 6.31905E-1 6.44569E-1 6.37371E-1 6.37649E-1 6.32623E-1 5.7034E-1 5.92708E-1 6.01642E-1 6.09662E-1
6.28458E-1 6.31707E-1 6.34492E-1 6.36348E-1 6.28917E-1 6.40123E-1 6.42307E-1 6.42699E-1 6.42688E-1 6.44263E-1 6.39509E-1 6.3884E-1 6.39616E-1 6.24833E-1 6.25847E-1 6.30225E-1 6.17382E-1 6.1936E-1 6.2484E-1 6.28763E-1 6.24313E-1 6.26249E-1 6.21753E-1 6.21149E-1 5.86559E-1 5.50492E-1 5.4479E-1 5.43933E-1 5.41179E-1 5.24538E-1 5.19398E-1 5.10168E-1 5.22108E-1 5.2628E-1 5.26137E-1 5.73795E-1 6.10548E-1 6.04506E-1 6.61555E-1 5.25439E-1 5.09719E-1 4.84438E-1 4.89185E-1 5.83038E-1 5.76056E-1 4.96936E-1 4.86268E-1 5.83083E-1 5.88215E-1 5.48163E-1 6.16133E-1 6.31799E-1 6.37785E-1 6.18405E-1 6.63723E-1 6.41089E-1 6.26499E-1 5.69816E-1 5.65247E-1 6.11331E-1 6.44094E-1
6.30904E-1 6.32868E-1 6.34724E-1 6.38901E-1 6.30513E-1 6.30513E-1 6.33104E-1 6.46462E-1 6.44859E-1 6.39907E-1 6.40527E-1 6.40795E-1 6.25403E-1 6.25577E-1 6.17084E-1 6.18435E-1 6.09241E-1 6.17045E-1 6.16924E-1 6.19533E-1 6.22866E-1 6.201E-1 6.19772E-1 5.88008E-1 5.49061E-1 5.52278E-1 5.52356E-1 5.48162E-1 5.40728E-1 5.34751E-1 5.20846E-1 5.00681E-1 5.14578E-1 5.07219E-1 5.2421E-1 5.78778E-1 5.14226E-1 6.37842E-1 6.7411E-1 6.54181E-1 5.12672E-1 4.90138E-1 4.99531E-1 6.07244E-1 5.68787E-1 4.90879E-1 4.90653E-1 5.95758E-1 6.20752E-1 4.86141E-1 5.81415E-1 6.15651E-1 6.31318E-1 6.37242E-1 6.62478E-1 6.41182E-1 6.2527E-1 6.04648E-1 5.8829E-1 5.99451E-1 6.43402E-1
6.31602E-1 6.34395E-1 6.36581E-1 6.37973E-1 6.40293E-1 6.31701E-1 6.33498E-1 6.35288E-1 6.28055E-1 6.2824E-1 6.41322E-1 6.26639E-1 6.27035E-1 6.1786E-1 6.17537E-1 6.19265E-1 6.09381E-1 6.13666E-1 6.10122E-1 6.1336E-1 6.14878E-1 6.19885E-1 5.75208E-1 5.78218E-1 5.524E-1 5.5248E-1 5.55855E-1 5.52268E-1 5.44197E-1 5.29892E-1 5.32274E-1 5.17377E-1 5.09295E-1 4.9103E-1 4.91485E-1 5.11085E-1 5.70131E-1 5.11992E-1 6.81518E-1 6.68089E-1 5.25314E-1 5.10127E-1 4.91071E-1 6.04917E-1 5.72636E-1 4.94956E-1 4.65442E-1 5.88538E-1 6.35691E-1 5.48006E-1 5.81353E-1 6.21436E-1 6.13292E-1 5.88831E-1 6.6297E-1 6.38269E-1 6.24719E-1 6.02437E-1 6.24151E-1 6.32677E-1 6.38218E-1
6.32533E-1 6.36024E-1 6.38669E-1 6.39597E-1 6.40525E-1 6.32496E-1 6.35087E-1 6.29252E-1 6.29446E-1 6.41051E-1 6.2538E-1 6.26642E-1 6.16063E-1 6.1824E-1 6.07835E-1 6.10751E-1 6.10426E-1 6.10597E-1 5.77828E-1 5.78397E-1 5.43277E-1 5.46442E-1 5.47229E-1 5.49554E-1 5.51585E-1 5.51192E-1 5.56058E-1 6.46105E-1 6.23094E-1 6.06315E-1 5.38338E-1 5.2425E-1 5.18675E-1 4.96119E-1 4.81045E-1 4.80257E-1 4.81296E-1 4.97724E-1 5.60727E-1 6.51384E-1 5.17914E-1 5.76426E-1 5.68649E-1 6.16737E-1 6.5731E-1 5.049E-1 4.73479E-1 5.89255E-1 6.33502E-1 5.83637E-1 6.03094E-1 6.16962E-1 6.15362E-1 5.77408E-1 6.5895E-1 6.47118E-1 6.30836E-1 6.29596E-1 6.26729E-1 6.3337E-1 6.37444E-1
6.323E-1 6.35093E-1 6.40446E-1 6.25878E-1 6.27468E-1 6.28464E-1 6.29452E-1 6.31232E-1 6.19152E-1 6.21684E-1 6.26149E-1 6.18266E-1 6.1717E-1 6.10363E-1 5.67209E-1 6.12633E-1 5.65799E-1 5.72258E-1 5.88489E-1 5.47774E-1 5.42953E-1 5.44393E-1 5.46687E-1 5.40688E-1 5.36666E-1 5.37998E-1 5.42316E-1 5.47798E-1 5.37063E-1 6.04738E-1 6.58212E-1 5.93188E-1 6.41027E-1 4.82242E-1 5.04356E-1 6.31175E-1 6.43032E-1 6.0381E-1 5.12408E-1 5.03113E-1 5.09962E-1 5.47573E-1 4.84185E-1 4.92978E-1 6.17412E-1 5.97053E-1 5.46679E-1 5.78594E-1 5.8324E-1 5.83093E-1 6.35141E-1 6.2286E-1 6.3945E-1 5.91417E-1 5.9283E-1 6.46481E-1 6.4306E-1 6.65682E-1 6.57479E-1 6.57521E-1 6.45242E-1
