Artocarpus heterophyllus SDM files/MIS19/results (with bias file)/Arthet_6.asc
ncols         625
nrows         721
xllcorner     69.99986311115
yllcorner     5.99986187915
cellsize      0.041666667
NODATA_value  -9999
[rows 567 to 593 of 721, columns 122 to 182 of 625]
9.55771E-1 8.68271E-1 8.18385E-1 7.36474E-1 7.92196E-1 7.28579E-1 7.83581E-1 6.98606E-1 7.07783E-1 6.74889E-1 7.46495E-1 7.78787E-1 6.95143E-1 7.53869E-1 7.15154E-1 7.29776E-1 7.17984E-1 6.78528E-1 6.54209E-1 5.71258E-1 6.88912E-1 7.09202E-1 7.22976E-1 7.45491E-1 6.68979E-1 7.60184E-1 5.25603E-1 4.39868E-1 3.77407E-1 3.54537E-1 3.28299E-1 4.27998E-1 3.85839E-1 4.20045E-1 4.20158E-1 3.4203E-1 1.99525E-1 2.08681E-1 1.92261E-1 3.25547E-1 3.31155E-1 3.56735E-1 4.26178E-1 4.29815E-1 4.0348E-1 3.93959E-1 3.87424E-1 3.92138E-1 3.9451E-1 4.20641E-1 4.03583E-1 4.59889E-1 6.66916E-1 5.5868E-1 3.89821E-1 2.86246E-1 4.01849E-1 5.34077E-1 3.98286E-1 4.91696E-1 3.66691E-1
9.59247E-1 8.72217E-1 8.02489E-1 8.63987E-1 8.39173E-1 8.27954E-1 7.91768E-1 7.05228E-1 7.70444E-1 7.11079E-1 6.68302E-1 7.51253E-1 7.44307E-1 7.20776E-1 7.22287E-1 7.10409E-1 7.15699E-1 7.11613E-1 6.72561E-1 6.65898E-1 7.06629E-1 7.15374E-1 6.96872E-1 6.31779E-1 6.52045E-1 6.42051E-1 7.63049E-1 4.80003E-1 3.81839E-1 3.72401E-1 5.05828E-1 4.70831E-1 4.68758E-1 4.65769E-1 3.31965E-1 3.64846E-1 2.16092E-1 2.09796E-1 3.25701E-1 3.4857E-1 3.3052E-1 2.29961E-1 3.85671E-1 4.36024E-1 4.35477E-1 4.06824E-1 3.89776E-1 3.91912E-1 4.38501E-1 2.98215E-1 3.68446E-1 4.3901E-1 6.01221E-1 3.6868E-1 4.96761E-1 3.69495E-1 3.79185E-1 4.91684E-1 4.5421E-1 3.91688E-1 5.10099E-1
9.5899E-1 9.60979E-1 8.69854E-1 8.50203E-1 8.41771E-1 8.47278E-1 8.39315E-1 7.96937E-1 7.99358E-1 7.09203E-1 7.37174E-1 6.25796E-1 7.16708E-1 7.14053E-1 7.10722E-1 7.20549E-1 7.013E-1 6.86078E-1 6.83728E-1 6.83871E-1 6.93296E-1 7.07216E-1 7.05838E-1 6.26092E-1 6.4375E-1 6.44185E-1 7.32972E-1 5.27722E-1 4.5467E-1 4.54501E-1 4.55206E-1 3.95948E-1 3.88327E-1 3.59201E-1 3.02166E-1 2.71802E-1 3.66299E-1 3.38833E-1 3.58695E-1 3.4841E-1 3.50051E-1 3.43324E-1 3.44458E-1 4.31713E-1 3.32061E-1 4.16132E-1 4.37198E-1 4.60172E-1 4.28162E-1 4.13609E-1 3.67627E-1 3.68136E-1 3.56278E-1 3.9947E-1 4.80553E-1 3.65158E-1 3.76685E-1 4.44492E-1 4.81104E-1 5.31354E-1 3.75437E-1
9.50162E-1 9.61695E-1 9.59759E-1 8.7654E-1 8.47424E-1 8.50505E-1 8.32847E-1 7.58878E-1 6.86551E-1 6.61222E-1 7.36324E-1 6.74295E-1 7.37993E-1 6.99104E-1 6.97559E-1 7.06374E-1 7.07076E-1 7.13371E-1 7.05122E-1 7.09219E-1 6.86857E-1 6.84497E-1 7.15056E-1 7.09616E-1 6.31306E-1 6.50818E-1 6.29115E-1 6.1784E-1 4.96386E-1 4.75309E-1 4.50675E-1 3.86656E-1 5.44957E-1 4.01214E-1 3.51905E-1 2.739E-1 3.51412E-1 3.62271E-1 4.19776E-1 3.48761E-1 3.49946E-1 3.47146E-1 3.51813E-1 3.7974E-1 4.292E-1 4.05763E-1 4.32061E-1 4.65647E-1 4.10473E-1 4.43187E-1 4.25513E-1 5.4924E-1 3.84653E-1 4.11891E-1 4.26198E-1 4.50109E-1 3.96757E-1 5.20825E-1 6.00995E-1 5.02042E-1 3.24967E-1
9.38572E-1 9.50835E-1 9.61559E-1 8.80266E-1 8.53943E-1 8.48473E-1 8.51584E-1 8.44985E-1 7.93765E-1 7.79138E-1 7.6035E-1 7.1578E-1 6.27061E-1 7.35358E-1 7.01712E-1 6.9532E-1 7.01994E-1 7.25574E-1 7.02803E-1 6.84686E-1 6.84402E-1 6.76373E-1 6.79913E-1 7.02833E-1 7.07033E-1 6.30742E-1 6.45382E-1 6.57273E-1 6.19848E-1 4.77823E-1 4.53435E-1 3.77658E-1 5.44671E-1 4.196E-1 4.62995E-1 3.0436E-1 3.58216E-1 3.55806E-1 3.56271E-1 3.85486E-1 3.70238E-1 2.35999E-1 3.60024E-1 3.70023E-1 3.9989E-1 4.06449E-1 4.06452E-1 4.64789E-1 4.08891E-1 3.99804E-1 6.69644E-1 5.43339E-1 3.71953E-1 5.28259E-1 5.53966E-1 3.48246E-1 3.0304E-1 4.06218E-1 3.89854E-1 3.10244E-1 3.04972E-1
9.33642E-1 9.46967E-1 9.49457E-1 9.5868E-1 8.57177E-1 8.56816E-1 8.51876E-1 8.14323E-1 7.73737E-1 7.67321E-1 7.02611E-1 7.02638E-1 7.83499E-1 7.75686E-1 7.35264E-1 6.9689E-1 6.98974E-1 7.08702E-1 6.79756E-1 6.68741E-1 6.67516E-1 6.67408E-1 6.71995E-1 6.82393E-1 6.89854E-1 6.90641E-1 7.31254E-1 7.59125E-1 6.1015E-1 5.21668E-1 4.70358E-1 4.15842E-1 4.46696E-1 4.48875E-1 4.06531E-1 3.05713E-1 3.01248E-1 3.70051E-1 3.69719E-1 3.82007E-1 3.59735E-1 3.52384E-1 4.1412E-1 3.99486E-1 3.88838E-1 3.98486E-1 3.98403E-1 3.92016E-1 3.88173E-1 4.07503E-1 6.10337E-1 4.72163E-1 5.36963E-1 5.11643E-1 3.67834E-1 3.23196E-1 4.3248E-1 4.83305E-1 4.82109E-1 5.45736E-1 5.57844E-1
-9999 9.34176E-1 9.44624E-1 9.54561E-1 8.6453E-1 8.50095E-1 8.54728E-1 8.27545E-1 7.76128E-1 7.61015E-1 7.22511E-1 7.7688E-1 7.74376E-1 7.18712E-1 7.86233E-1 7.4514E-1 7.47738E-1 7.04744E-1 6.70056E-1 6.74127E-1 6.75519E-1 6.65499E-1 6.68341E-1 6.69569E-1 6.84332E-1 6.92587E-1 7.20935E-1 6.35121E-1 6.43721E-1 6.09982E-1 5.34826E-1 4.54909E-1 4.1842E-1 5.40747E-1 3.91593E-1 3.22063E-1 4.46647E-1 3.92899E-1 3.90597E-1 3.73457E-1 3.59604E-1 4.08505E-1 4.15873E-1 4.02894E-1 3.82353E-1 3.84313E-1 4.10884E-1 3.70207E-1 4.09203E-1 4.38879E-1 4.5746E-1 4.83228E-1 4.99731E-1 4.19172E-1 4.20437E-1 4.2449E-1 3.95115E-1 5.1405E-1 4.47284E-1 5.99389E-1 5.568E-1
-9999 9.31328E-1 9.34928E-1 9.41763E-1 9.4525E-1 8.53498E-1 8.33891E-1 8.45839E-1 8.55749E-1 7.95914E-1 7.7643E-1 7.41691E-1 7.90037E-1 7.23914E-1 7.77564E-1 6.9892E-1 7.41566E-1 7.78652E-1 7.10375E-1 6.77485E-1 6.73244E-1 6.71317E-1 6.70352E-1 6.80224E-1 6.96057E-1 6.92126E-1 6.83111E-1 6.21639E-1 6.52376E-1 6.41919E-1 5.78295E-1 4.82119E-1 4.9405E-1 4.65042E-1 5.25725E-1 4.7328E-1 4.66315E-1 4.32793E-1 3.98006E-1 4.29522E-1 3.68124E-1 4.08089E-1 4.36555E-1 4.0466E-1 3.78965E-1 3.93335E-1 4.00398E-1 3.75604E-1 4.56835E-1 4.84256E-1 5.1394E-1 4.01295E-1 4.3532E-1 3.95186E-1 4.38061E-1 4.55124E-1 4.79873E-1 4.84108E-1 6.15947E-1 6.53062E-1 6.64081E-1
-9999 9.0975E-1 9.51194E-1 9.35492E-1 9.48959E-1 8.47927E-1 8.31421E-1 8.35257E-1 8.3801E-1 7.69019E-1 7.63611E-1 7.26136E-1 7.96967E-1 7.22129E-1 7.61989E-1 7.03522E-1 7.88152E-1 7.74288E-1 7.42201E-1 7.2714E-1 6.93687E-1 6.75895E-1 6.805E-1 6.85034E-1 6.7939E-1 6.6392E-1 5.8917E-1 6.04308E-1 6.33001E-1 6.48188E-1 6.72551E-1 6.04328E-1 7.33546E-1 4.8816E-1 6.26861E-1 5.50699E-1 5.26403E-1 4.33613E-1 4.06097E-1 4.1785E-1 4.34412E-1 4.12459E-1 4.45148E-1 3.97889E-1 3.78715E-1 3.91841E-1 3.90242E-1 3.72371E-1 4.15925E-1 5.84001E-1 6.64679E-1 4.16142E-1 3.96587E-1 4.74558E-1 4.61621E-1 4.44066E-1 4.63145E-1 4.06127E-1 5.16109E-1 5.18678E-1 4.02914E-1
-9999 -9999 9.60952E-1 9.19173E-1 9.27045E-1 9.32961E-1 8.56282E-1 8.18798E-1 8.00159E-1 8.06469E-1 7.70261E-1 7.99556E-1 7.60152E-1 7.34667E-1 7.37133E-1 7.34018E-1 8.07339E-1 7.92371E-1 7.19045E-1 7.06274E-1 6.96437E-1 6.83425E-1 6.80468E-1 6.71838E-1 6.63503E-1 6.70041E-1 5.76269E-1 5.96529E-1 6.16449E-1 6.3865E-1 6.67786E-1 6.29775E-1 8.10408E-1 5.14709E-1 6.37618E-1 7.54628E-1 6.20515E-1 4.69288E-1 4.18953E-1 4.023E-1 4.27997E-1 5.51627E-1 3.89188E-1 3.89676E-1 3.78744E-1 3.8226E-1 3.7372E-1 3.75263E-1 5.11772E-1 7.56337E-1 4.95988E-1 3.48446E-1 4.37557E-1 3.41377E-1 4.20868E-1 4.55393E-1 3.32877E-1 3.80282E-1 6.31166E-1 6.47654E-1 4.27103E-1
-9999 -9999 -9999 -9999 9.34996E-1 9.39257E-1 8.45385E-1 8.19856E-1 8.23012E-1 8.32123E-1 7.72984E-1 7.74603E-1 7.48241E-1 7.44058E-1 7.27667E-1 7.44355E-1 7.62207E-1 7.72289E-1 8.07315E-1 7.53666E-1 7.15484E-1 6.85046E-1 6.73316E-1 6.8598E-1 6.63384E-1 6.56462E-1 5.84275E-1 5.82676E-1 6.02017E-1 5.94574E-1 6.15709E-1 7.21858E-1 7.90032E-1 6.4056E-1 7.05911E-1 8.40126E-1 6.79191E-1 3.66207E-1 4.1632E-1 4.17491E-1 4.2995E-1 4.10804E-1 5.35716E-1 2.98398E-1 2.77961E-1 3.73878E-1 3.78952E-1 3.72632E-1 5.28308E-1 7.73948E-1 5.60402E-1 3.79968E-1 4.09608E-1 3.15033E-1 2.79152E-1 2.99464E-1 2.90734E-1 4.2097E-1 5.9431E-1 6.06289E-1 3.25884E-1
-9999 -9999 -9999 -9999 9.35769E-1 9.39036E-1 8.37934E-1 8.32894E-1 8.10193E-1 8.47936E-1 7.74514E-1 7.64962E-1 7.68676E-1 7.60197E-1 7.57628E-1 7.32232E-1 7.5141E-1 7.80467E-1 7.85354E-1 8.01334E-1 7.7188E-1 6.83453E-1 6.63953E-1 6.56025E-1 6.6142E-1 6.71663E-1 5.73236E-1 5.88889E-1 5.9001E-1 7.01887E-1 7.39143E-1 7.61729E-1 6.85893E-1 8.08579E-1 9.06363E-1 9.07611E-1 6.88982E-1 3.69077E-1 4.41735E-1 4.6964E-1 5.0909E-1 4.38225E-1 3.06023E-1 2.83222E-1 3.91277E-1 3.83994E-1 3.95411E-1 3.92246E-1 4.5653E-1 6.94814E-1 6.32376E-1 3.77858E-1 3.10981E-1 3.11113E-1 4.88489E-1 4.51442E-1 3.8197E-1 4.6029E-1 3.42102E-1 3.67913E-1 3.72319E-1
-9999 -9999 -9999 -9999 -9999 9.44155E-1 8.5084E-1 8.34758E-1 8.40194E-1 8.36586E-1 8.23552E-1 7.5363E-1 7.80731E-1 7.56192E-1 7.45842E-1 7.20833E-1 7.54064E-1 7.48969E-1 7.6452E-1 8.05842E-1 7.47716E-1 6.90564E-1 6.5568E-1 6.54073E-1 6.72498E-1 6.67266E-1 5.67743E-1 6.83868E-1 7.02236E-1 7.18478E-1 7.2591E-1 7.47417E-1 6.7462E-1 8.17068E-1 8.32326E-1 8.27608E-1 5.76229E-1 3.86791E-1 4.84378E-1 5.68395E-1 5.32883E-1 3.72277E-1 3.19575E-1 2.95731E-1 2.85707E-1 3.81715E-1 4.15395E-1 4.64776E-1 6.77226E-1 7.56183E-1 6.08117E-1 3.41392E-1 3.35209E-1 3.68023E-1 4.68472E-1 3.52126E-1 3.30129E-1 4.76339E-1 6.14491E-1 4.53719E-1 3.76686E-1
-9999 -9999 -9999 -9999 -9999 -9999 8.40339E-1 8.28555E-1 8.38206E-1 8.08522E-1 8.17664E-1 7.76924E-1 7.80025E-1 7.63254E-1 7.71642E-1 7.75706E-1 7.89926E-1 8.12819E-1 7.43063E-1 7.43034E-1 7.7048E-1 7.40148E-1 6.77223E-1 6.54848E-1 6.5728E-1 6.73261E-1 6.76953E-1 6.93271E-1 7.12888E-1 7.11854E-1 7.26467E-1 7.297E-1 6.57292E-1 7.82818E-1 8.14491E-1 8.40286E-1 5.42359E-1 4.8639E-1 3.96342E-1 5.58328E-1 6.62095E-1 5.22615E-1 3.42648E-1 2.93512E-1 4.0494E-1 4.08821E-1 4.13345E-1 4.82441E-1 6.80644E-1 6.0489E-1 6.06568E-1 3.2667E-1 3.36442E-1 3.0589E-1 3.44637E-1 3.36162E-1 3.03357E-1 5.00919E-1 5.25137E-1 5.19219E-1 3.9586E-1
-9999 -9999 -9999 -9999 -9999 -9999 -9999 8.26358E-1 8.32114E-1 8.04095E-1 8.26422E-1 7.76246E-1 7.90608E-1 7.88692E-1 7.62687E-1 7.69344E-1 7.71408E-1 7.85479E-1 7.34006E-1 7.34444E-1 7.22037E-1 7.09364E-1 7.05501E-1 6.77755E-1 6.84376E-1 6.9402E-1 6.96448E-1 6.95084E-1 7.16867E-1 7.13361E-1 7.26297E-1 6.28819E-1 6.37863E-1 7.75135E-1 8.06687E-1 7.47886E-1 6.03681E-1 5.54756E-1 4.34368E-1 6.02091E-1 7.75523E-1 5.2902E-1 3.48898E-1 3.54732E-1 3.60538E-1 3.03776E-1 4.21019E-1 4.37319E-1 6.26879E-1 6.17909E-1 5.95442E-1 3.34983E-1 3.16088E-1 3.689E-1 3.00063E-1 3.00935E-1 4.745E-1 5.55068E-1 4.95354E-1 5.21923E-1 3.5054E-1
-9999 -9999 -9999 -9999 -9999 -9999 -9999 -9999 8.23598E-1 8.33698E-1 8.31773E-1 8.23196E-1 7.74809E-1 7.68248E-1 7.8443E-1 7.34525E-1 7.57784E-1 7.78605E-1 7.66241E-1 7.20484E-1 7.0439E-1 7.11861E-1 7.01664E-1 6.97E-1 7.26827E-1 7.27582E-1 7.1865E-1 7.10815E-1 7.27577E-1 7.16704E-1 6.21296E-1 6.21019E-1 6.35637E-1 7.6316E-1 7.93746E-1 7.3363E-1 6.87675E-1 5.62437E-1 5.54877E-1 6.75534E-1 6.64342E-1 4.25636E-1 3.55209E-1 4.0937E-1 3.47286E-1 3.1107E-1 5.04679E-1 5.07632E-1 5.3045E-1 6.25481E-1 5.79173E-1 3.41698E-1 3.26292E-1 3.43901E-1 3.72501E-1 3.14508E-1 4.8898E-1 4.96529E-1 5.20595E-1 4.37321E-1 4.33145E-1
-9999 -9999 -9999 -9999 -9999 -9999 -9999 -9999 -9999 8.28298E-1 8.5115E-1 8.40386E-1 7.57596E-1 7.71319E-1 7.69227E-1 7.95308E-1 7.12619E-1 7.80991E-1 8.02585E-1 7.88727E-1 7.07234E-1 6.99606E-1 7.00773E-1 6.98701E-1 7.12142E-1 7.26305E-1 7.28722E-1 7.41427E-1 7.20077E-1 7.06317E-1 6.24802E-1 6.18964E-1 6.43704E-1 7.61376E-1 7.7958E-1 8.11166E-1 7.38069E-1 5.71983E-1 5.38631E-1 5.39791E-1 6.55325E-1 6.42218E-1 4.67536E-1 4.09498E-1 3.47153E-1 3.71781E-1 3.86285E-1 6.10844E-1 3.92572E-1 6.25638E-1 5.85193E-1 3.85298E-1 3.44725E-1 3.03987E-1 3.30104E-1 3.45052E-1 5.15138E-1 5.38435E-1 5.09766E-1 3.92285E-1 3.76385E-1
-9999 -9999 -9999 -9999 -9999 -9999 -9999 -9999 -9999 -9999 8.40913E-1 8.51429E-1 7.58153E-1 7.68246E-1 7.73425E-1 7.74597E-1 7.66132E-1 7.82882E-1 6.28394E-1 6.59851E-1 6.75612E-1 6.90707E-1 7.08313E-1 7.23141E-1 7.13298E-1 7.2348E-1 7.37428E-1 7.40505E-1 7.2423E-1 7.02377E-1 6.04276E-1 6.16939E-1 7.41852E-1 7.59643E-1 7.81128E-1 8.01694E-1 8.10784E-1 7.04453E-1 5.94787E-1 5.49599E-1 5.56092E-1 6.61949E-1 6.66511E-1 3.50198E-1 3.98726E-1 4.09369E-1 3.75425E-1 6.37052E-1 4.29588E-1 3.93081E-1 6.21345E-1 3.99124E-1 3.10582E-1 3.0773E-1 3.78151E-1 5.45718E-1 4.80811E-1 6.32161E-1 5.28588E-1 2.68565E-1 3.33137E-1
-9999 -9999 -9999 -9999 -9999 -9999 -9999 -9999 -9999 -9999 -9999 8.56533E-1 8.48993E-1 7.67379E-1 7.65792E-1 7.49794E-1 7.59404E-1 7.85634E-1 7.85791E-1 7.07836E-1 7.10107E-1 6.98627E-1 6.93744E-1 7.27161E-1 7.20636E-1 7.22834E-1 7.37949E-1 7.38461E-1 7.13365E-1 6.99826E-1 7.13257E-1 7.28366E-1 7.40958E-1 7.61112E-1 7.6659E-1 7.75231E-1 8.04515E-1 7.36695E-1 7.03005E-1 5.77657E-1 7.23436E-1 7.19026E-1 7.0058E-1 4.35355E-1 5.61079E-1 4.37017E-1 5.77452E-1 6.3774E-1 6.16845E-1 3.9711E-1 6.49596E-1 3.6046E-1 3.04098E-1 3.28181E-1 3.50399E-1 4.39317E-1 5.39391E-1 6.75992E-1 4.3232E-1 2.63178E-1 3.9168E-1
-9999 -9999 -9999 -9999 -9999 -9999 -9999 -9999 -9999 -9999 -9999 8.54256E-1 8.63288E-1 7.60859E-1 7.49625E-1 7.46779E-1 7.67165E-1 7.87531E-1 8.08654E-1 7.46917E-1 7.45755E-1 7.23309E-1 6.93509E-1 7.27897E-1 7.82531E-1 6.998E-1 7.2296E-1 7.42586E-1 7.103E-1 7.20893E-1 7.22826E-1 7.26403E-1 7.35729E-1 7.26619E-1 6.08074E-1 6.39533E-1 6.96046E-1 6.98959E-1 6.31401E-1 4.73376E-1 4.84267E-1 3.83623E-1 4.2446E-1 6.6236E-1 4.04103E-1 6.38045E-1 6.40208E-1 7.09962E-1 6.79442E-1 3.43379E-1 3.21525E-1 3.92422E-1 5.41974E-1 3.48623E-1 3.69902E-1 3.79824E-1 4.36533E-1 3.66679E-1 3.50395E-1 2.73856E-1 4.09451E-1
-9999 -9999 -9999 -9999 -9999 -9999 -9999 -9999 -9999 -9999 -9999 -9999 8.50146E-1 8.55194E-1 7.55251E-1 7.65949E-1 7.72612E-1 7.85617E-1 7.77362E-1 8.02556E-1 6.75679E-1 7.21899E-1 6.9292E-1 7.38762E-1 7.57389E-1 7.23059E-1 7.18004E-1 7.2245E-1 7.27162E-1 7.30897E-1 7.17365E-1 7.3428E-1 6.73184E-1 5.89237E-1 6.00713E-1 6.54358E-1 6.44015E-1 7.28406E-1 6.74423E-1 5.92633E-1 4.90218E-1 3.78212E-1 3.55241E-1 3.59094E-1 3.22466E-1 3.08673E-1 4.18902E-1 6.651E-1 4.97328E-1 3.04948E-1 3.08784E-1 3.89937E-1 4.16393E-1 3.5766E-1 3.56921E-1 3.67608E-1 2.48618E-1 3.11485E-1 3.86179E-1 4.18433E-1 4.05086E-1
-9999 -9999 -9999 -9999 -9999 -9999 -9999 -9999 -9999 -9999 -9999 -9999 8.5153E-1 8.42146E-1 7.76594E-1 7.69248E-1 7.69095E-1 7.93995E-1 7.90923E-1 7.90728E-1 8.0284E-1 7.18007E-1 7.36138E-1 7.64713E-1 6.55702E-1 6.89385E-1 5.98828E-1 6.5881E-1 7.41644E-1 7.38841E-1 7.20413E-1 7.01084E-1 5.90867E-1 6.18277E-1 6.42001E-1 7.20501E-1 7.52999E-1 7.26568E-1 6.75226E-1 5.8223E-1 8.06387E-1 5.7237E-1 6.15581E-1 8.43082E-1 5.89838E-1 4.6365E-1 3.89983E-1 3.81626E-1 4.12693E-1 3.33996E-1 3.00643E-1 3.13118E-1 3.32895E-1 3.50888E-1 3.26083E-1 3.21447E-1 3.69703E-1 3.93192E-1 3.90524E-1 4.36046E-1 3.62343E-1
-9999 -9999 -9999 -9999 -9999 -9999 -9999 -9999 -9999 -9999 -9999 -9999 8.45018E-1 8.45891E-1 8.39375E-1 7.57759E-1 7.67898E-1 7.70802E-1 7.59645E-1 7.26047E-1 7.39601E-1 6.91834E-1 7.55357E-1 7.80638E-1 7.65126E-1 6.42742E-1 5.44786E-1 5.5355E-1 7.05629E-1 7.37692E-1 7.33382E-1 6.93546E-1 5.89703E-1 7.49641E-1 6.94613E-1 7.09744E-1 7.18062E-1 6.98479E-1 7.21058E-1 7.11299E-1 8.37004E-1 6.10792E-1 7.67951E-1 8.7814E-1 6.42526E-1 5.6578E-1 4.16059E-1 4.27516E-1 4.2792E-1 3.56885E-1 3.04584E-1 3.70994E-1 3.65996E-1 3.73275E-1 3.7328E-1 3.59677E-1 3.71653E-1 4.08691E-1 3.96799E-1 4.03522E-1 4.23528E-1
-9999 -9999 -9999 -9999 -9999 -9999 -9999 -9999 -9999 -9999 -9999 -9999 -9999 -9999 8.41301E-1 7.69755E-1 7.78752E-1 7.66939E-1 7.65948E-1 7.47049E-1 7.45289E-1 7.21367E-1 7.60841E-1 7.99258E-1 7.94425E-1 6.3731E-1 5.50574E-1 5.5104E-1 5.82743E-1 5.84472E-1 7.04054E-1 7.08242E-1 7.17714E-1 7.17587E-1 7.01142E-1 2.89435E-1 3.30951E-1 3.49393E-1 3.89734E-1 3.35588E-1 5.88131E-1 6.12872E-1 7.83414E-1 7.83192E-1 7.95996E-1 6.15622E-1 4.5493E-1 4.3322E-1 3.76494E-1 3.86289E-1 3.64762E-1 3.77468E-1 3.53975E-1 3.87734E-1 3.70352E-1 3.72169E-1 3.74393E-1 3.83884E-1 3.73256E-1 3.92822E-1 4.12642E-1
-9999 -9999 -9999 -9999 -9999 -9999 -9999 -9999 -9999 -9999 -9999 -9999 -9999 -9999 8.40866E-1 7.80153E-1 7.82154E-1 7.65536E-1 7.51974E-1 7.4808E-1 7.38492E-1 7.49559E-1 7.50196E-1 8.03325E-1 7.77065E-1 6.82349E-1 6.31277E-1 5.60109E-1 5.78596E-1 5.86035E-1 7.14458E-1 7.14665E-1 7.16277E-1 6.91634E-1 2.66625E-1 2.97305E-1 3.10682E-1 2.93359E-1 3.89108E-1 4.43869E-1 3.35523E-1 7.65485E-1 6.76041E-1 6.9143E-1 6.41735E-1 4.64696E-1 4.76258E-1 3.65484E-1 4.50491E-1 3.89074E-1 4.25267E-1 3.65916E-1 3.56175E-1 3.75291E-1 3.96644E-1 3.89034E-1 3.8566E-1 3.69142E-1 3.60905E-1 3.62399E-1 3.86386E-1
-9999 -9999 -9999 -9999 -9999 -9999 -9999 -9999 -9999 -9999 -9999 -9999 -9999 -9999 -9999 8.34813E-1 7.68973E-1 7.75266E-1 7.60897E-1 7.45949E-1 7.36183E-1 7.44304E-1 7.50544E-1 7.99179E-1 7.86348E-1 6.8299E-1 5.52579E-1 5.77607E-1 5.8561E-1 5.94006E-1 6.94214E-1 7.30732E-1 7.27846E-1 7.29445E-1 7.04051E-1 2.7584E-1 2.70135E-1 6.71945E-1 8.44026E-1 6.69344E-1 6.60564E-1 8.20415E-1 6.32222E-1 5.91442E-1 5.95892E-1 4.72108E-1 3.65218E-1 4.99098E-1 4.85028E-1 4.6532E-1 4.28019E-1 3.74147E-1 3.51383E-1 3.69633E-1 3.99088E-1 3.78904E-1 3.6873E-1 3.71604E-1 3.43271E-1 3.64906E-1 3.79927E-1
-9999 -9999 -9999 -9999 -9999 -9999 -9999 -9999 -9999 -9999 -9999 -9999 -9999 -9999 -9999 8.36106E-1 7.7223E-1 7.68025E-1 7.62297E-1 7.38948E-1 7.43357E-1 7.36903E-1 7.67436E-1 7.67134E-1 7.85768E-1 7.04195E-1 5.75199E-1 5.93131E-1 5.97777E-1 7.10151E-1 7.24149E-1 7.35931E-1 7.12851E-1 7.09671E-1 7.08718E-1 2.77425E-1 6.5047E-1 7.00314E-1 7.90108E-1 6.652E-1 7.99589E-1 6.86956E-1 6.17237E-1 5.15892E-1 5.07945E-1 4.66481E-1 3.66544E-1 5.07581E-1 4.91263E-1 4.51947E-1 4.20757E-1 3.6515E-1 3.71653E-1 3.63603E-1 3.76825E-1 3.74431E-1 3.64961E-1 3.62495E-1 3.45089E-1 3.61738E-1 3.72485E-1
