Artocarpus heterophyllus SDM files/MIS19/results (with bias file)/Arthet_avg.asc
ncols         625
nrows         721
xllcorner     69.99986311115
yllcorner     5.99986187915
cellsize      0.041666667
NODATA_value  -9999
[rows 0 to 26 of 721, columns 183 to 243 of 625]
1.4711E-3 1.50468E-3 1.51321E-3 1.50024E-3 1.48161E-3 1.82867E-3 1.49786E-3 1.57508E-3 1.52379E-3 1.53317E-3 1.56794E-3 1.54203E-3 1.54203E-3 1.61454E-3 1.62859E-3 1.59016E-3 1.56109E-3 1.58753E-3 1.53017E-3 1.56641E-3 2.99404E-3 2.90029E-3 2.05487E-3 2.00634E-3 2.03642E-3 2.92694E-3 2.76309E-3 2.65519E-3 2.74024E-3 2.10581E-3 2.03481E-3 2.70534E-3 3.02626E-3 3.19328E-3 3.38567E-3 1.92522E-3 1.81383E-3 1.75231E-3 1.60684E-3 1.59972E-3 2.413E-3 2.36068E-3 2.35291E-3 2.24964E-3 2.30486E-3 2.82856E-3 1.5096E-3 2.69993E-3 2.90092E-3 3.32041E-3 3.72743E-3 3.37434E-3 3.33108E-3 3.41814E-3 3.82954E-3 4.06968E-3 2.67787E-3 2.451E-3 2.07608E-3 1.72372E-3 1.70344E-3
1.51322E-3 1.44488E-3 1.49492E-3 1.52171E-3 1.39943E-3 1.40831E-3 2.49909E-3 1.85207E-3 1.50791E-3 1.47054E-3 1.52595E-3 1.55161E-3 1.54677E-3 1.52612E-3 1.60054E-3 1.69313E-3 3.00303E-3 2.89358E-3 2.83272E-3 1.54246E-3 1.57418E-3 1.58172E-3 1.59694E-3 1.68929E-3 1.62077E-3 1.65329E-3 1.59517E-3 1.96702E-3 2.70897E-3 2.65041E-3 2.50183E-3 2.12485E-3 2.20452E-3 2.24351E-3 2.314E-3 2.42196E-3 1.90686E-3 1.89533E-3 1.81569E-3 1.57221E-3 1.54027E-3 2.46981E-3 1.57624E-3 1.87906E-3 1.83066E-3 2.69462E-3 1.64815E-3 1.65819E-3 1.72535E-3 1.78959E-3 3.20922E-3 2.97428E-3 2.83234E-3 2.87154E-3 2.99936E-3 3.15897E-3 2.38131E-3 2.66007E-3 2.5916E-3 2.37023E-3 2.31902E-3
1.46836E-3 1.40072E-3 1.45844E-3 1.50157E-3 1.50319E-3 1.39738E-3 1.4148E-3 1.41893E-3 1.4817E-3 1.50671E-3 1.69341E-3 1.53704E-3 1.58517E-3 1.65542E-3 1.65039E-3 1.67974E-3 2.05642E-3 2.82896E-3 2.76405E-3 2.79422E-3 2.91061E-3 1.59762E-3 1.53685E-3 1.5617E-3 1.62501E-3 1.69877E-3 3.0124E-3 1.62751E-3 1.60317E-3 1.56375E-3 2.75522E-3 2.65372E-3 2.11241E-3 2.0978E-3 2.72589E-3 2.80601E-3 3.0851E-3 1.91296E-3 1.91776E-3 1.89305E-3 1.73281E-3 1.60584E-3 2.07703E-3 2.62146E-3 2.63754E-3 2.88194E-3 2.96615E-3 2.83097E-3 2.33822E-3 3.10448E-3 1.79523E-3 1.84016E-3 1.82916E-3 1.86959E-3 3.38886E-3 3.6125E-3 3.73249E-3 2.20311E-3 2.38655E-3 2.75468E-3 2.36811E-3
1.56927E-3 1.41935E-3 1.36932E-3 1.38302E-3 1.43751E-3 1.45838E-3 1.4129E-3 1.43748E-3 1.47303E-3 1.63602E-3 3.0113E-3 1.59886E-3 1.58291E-3 2.16064E-3 1.68754E-3 1.74285E-3 1.68023E-3 1.5904E-3 2.76871E-3 2.73242E-3 1.56507E-3 1.59151E-3 1.62255E-3 1.73937E-3 3.16689E-3 3.01939E-3 2.03993E-3 1.5912E-3 1.60684E-3 1.63749E-3 1.69948E-3 1.61776E-3 2.80668E-3 1.58758E-3 2.8679E-3 1.78297E-3 1.87554E-3 3.37582E-3 1.94201E-3 3.29055E-3 1.82003E-3 1.80949E-3 2.9117E-3 2.03549E-3 1.98108E-3 2.28634E-3 2.02175E-3 2.16237E-3 2.76768E-3 3.0627E-3 2.99299E-3 2.16763E-3 3.168E-3 3.21596E-3 2.33709E-3 2.22283E-3 2.43661E-3 3.89208E-3 4.00114E-3 2.25056E-3 2.32101E-3
1.47837E-3 1.52646E-3 1.4261E-3 1.41423E-3 1.37702E-3 1.40494E-3 1.38537E-3 1.45581E-3 1.46603E-3 1.5453E-3 1.66078E-3 1.54889E-3 1.5409E-3 2.08191E-3 2.97153E-3 2.97719E-3 2.9856E-3 1.95072E-3 1.50363E-3 1.51755E-3 1.52201E-3 1.53528E-3 1.57862E-3 1.72584E-3 2.36931E-3 1.97522E-3 2.06062E-3 2.68675E-3 1.64139E-3 1.68019E-3 1.68988E-3 1.70367E-3 1.72515E-3 1.78613E-3 1.80977E-3 1.87546E-3 3.27916E-3 2.5677E-3 2.39384E-3 3.04018E-3 3.14914E-3 1.80697E-3 1.7073E-3 1.56789E-3 2.0698E-3 2.59851E-3 2.57221E-3 2.5574E-3 2.90154E-3 2.26755E-3 2.25285E-3 2.94438E-3 3.0887E-3 3.04374E-3 2.68828E-3 2.8501E-3 3.22682E-3 3.47453E-3 2.62159E-3 3.87717E-3 3.87898E-3
1.39027E-3 1.47421E-3 1.47163E-3 1.52177E-3 1.42784E-3 1.34883E-3 1.36565E-3 1.39205E-3 1.43019E-3 1.58052E-3 1.54665E-3 1.57105E-3 1.57598E-3 2.86167E-3 2.82622E-3 1.61571E-3 1.61437E-3 1.51517E-3 1.48012E-3 1.51857E-3 2.74126E-3 2.86217E-3 2.89418E-3 2.79959E-3 2.47719E-3 1.46784E-3 1.54116E-3 1.61722E-3 2.12039E-3 2.90719E-3 3.05376E-3 1.73795E-3 3.27517E-3 1.78386E-3 3.17368E-3 2.87251E-3 2.33875E-3 2.31675E-3 2.17286E-3 2.30569E-3 2.31024E-3 3.03488E-3 2.9756E-3 1.68376E-3 1.62604E-3 2.90248E-3 2.64966E-3 1.95206E-3 2.10231E-3 2.07817E-3 2.03671E-3 3.01939E-3 2.30394E-3 2.23168E-3 2.25285E-3 2.27059E-3 3.02846E-3 3.46942E-3 3.24279E-3 2.56201E-3 3.49491E-3
1.34795E-3 1.37796E-3 1.44446E-3 1.48382E-3 1.50507E-3 1.46467E-3 1.39479E-3 1.40385E-3 1.51257E-3 1.55814E-3 1.48632E-3 1.61299E-3 2.77264E-3 2.64882E-3 2.69634E-3 2.74581E-3 1.51816E-3 1.514E-3 2.79729E-3 2.56132E-3 2.62852E-3 2.04221E-3 2.40621E-3 2.57E-3 1.58842E-3 2.76294E-3 2.63534E-3 2.11397E-3 2.71455E-3 2.14251E-3 2.15722E-3 2.85989E-3 3.07763E-3 2.45293E-3 3.05811E-3 2.9506E-3 2.87048E-3 2.15021E-3 2.5668E-3 2.7032E-3 2.74916E-3 2.89995E-3 1.66816E-3 1.70284E-3 2.97109E-3 2.78127E-3 2.58412E-3 2.62018E-3 2.01289E-3 2.49027E-3 2.75083E-3 2.2145E-3 2.6793E-3 2.63018E-3 2.73242E-3 2.91414E-3 2.20602E-3 3.04976E-3 2.43131E-3 2.39384E-3 2.60307E-3
1.32718E-3 1.3341E-3 1.44691E-3 1.45038E-3 1.47633E-3 1.42521E-3 1.3901E-3 1.46212E-3 1.42354E-3 1.47763E-3 1.4865E-3 2.72146E-3 2.59735E-3 1.78572E-3 2.62058E-3 2.56537E-3 2.57357E-3 2.67997E-3 2.43246E-3 2.3953E-3 1.46258E-3 1.46426E-3 1.39907E-3 1.49776E-3 2.72074E-3 1.90994E-3 1.86626E-3 1.8533E-3 1.90223E-3 2.64944E-3 2.00446E-3 2.66152E-3 1.64844E-3 2.10469E-3 2.99003E-3 2.8877E-3 2.83911E-3 2.10303E-3 2.54658E-3 2.79903E-3 1.59762E-3 1.64844E-3 1.76277E-3 3.09171E-3 3.07772E-3 2.85862E-3 2.74162E-3 2.72968E-3 2.66277E-3 2.05928E-3 1.92594E-3 2.57005E-3 2.73604E-3 2.82632E-3 2.83892E-3 2.92155E-3 2.46364E-3 3.06994E-3 3.04018E-3 1.69275E-3 3.03262E-3
1.33132E-3 1.37548E-3 1.50316E-3 1.38324E-3 1.46284E-3 1.40977E-3 1.41701E-3 1.51161E-3 1.46188E-3 1.38925E-3 1.45761E-3 1.44674E-3 1.44722E-3 2.54681E-3 2.46565E-3 2.41673E-3 2.45266E-3 1.42533E-3 1.42248E-3 1.45222E-3 1.52547E-3 2.76757E-3 1.47265E-3 1.57328E-3 1.9126E-3 1.50386E-3 1.43636E-3 2.44852E-3 2.37229E-3 2.39899E-3 2.45893E-3 1.98323E-3 2.72248E-3 1.60208E-3 2.94141E-3 2.89842E-3 2.77148E-3 1.90819E-3 1.55897E-3 1.58855E-3 1.63902E-3 1.63921E-3 1.73153E-3 3.08993E-3 3.03018E-3 1.56851E-3 1.58779E-3 2.9372E-3 2.76597E-3 2.06314E-3 2.52274E-3 2.55969E-3 2.70534E-3 2.09697E-3 2.78194E-3 2.02018E-3 1.87885E-3 2.30092E-3 2.29325E-3 2.93477E-3 2.29133E-3
1.32664E-3 1.33675E-3 1.41182E-3 1.39677E-3 1.43715E-3 1.43144E-3 1.38113E-3 1.44521E-3 1.37602E-3 1.35618E-3 2.47252E-3 2.42435E-3 2.41901E-3 2.40857E-3 1.34832E-3 1.36852E-3 1.36851E-3 1.41163E-3 1.44653E-3 1.39268E-3 1.47866E-3 1.58923E-3 1.48475E-3 1.53821E-3 1.59622E-3 2.72716E-3 2.54069E-3 2.56729E-3 2.40939E-3 2.35126E-3 1.77717E-3 2.60439E-3 2.56343E-3 1.49014E-3 2.03771E-3 2.8462E-3 2.8323E-3 1.54029E-3 2.92604E-3 1.56249E-3 1.67707E-3 1.6221E-3 3.18001E-3 3.08925E-3 2.95473E-3 1.57067E-3 1.67538E-3 3.05198E-3 2.79749E-3 2.64216E-3 2.09697E-3 2.11891E-3 2.22329E-3 2.16532E-3 2.19965E-3 1.91962E-3 1.70311E-3 1.84243E-3 1.8015E-3 1.84434E-3 2.85662E-3
1.34736E-3 1.41545E-3 1.36534E-3 1.35117E-3 1.3392E-3 1.36585E-3 1.35536E-3 1.72114E-3 1.28033E-3 1.3039E-3 1.28295E-3 1.37169E-3 1.3984E-3 1.3681E-3 1.30119E-3 1.37363E-3 1.31822E-3 1.40031E-3 1.38739E-3 1.88164E-3 1.8625E-3 2.71549E-3 1.47425E-3 2.69523E-3 1.54275E-3 1.58609E-3 2.58585E-3 2.34165E-3 2.37165E-3 2.37174E-3 2.38663E-3 1.433E-3 2.69386E-3 2.71398E-3 1.55029E-3 2.93748E-3 2.77789E-3 1.51369E-3 1.53332E-3 1.54826E-3 3.11369E-3 1.61287E-3 1.65113E-3 1.70634E-3 2.99901E-3 1.63097E-3 3.11967E-3 3.10789E-3 2.8688E-3 2.9138E-3 2.6443E-3 2.59255E-3 2.69205E-3 1.91762E-3 2.14348E-3 2.14595E-3 1.74423E-3 1.7444E-3 1.78682E-3 2.01667E-3 2.73674E-3
1.4772E-3 1.33249E-3 1.40204E-3 1.39099E-3 1.32488E-3 1.32738E-3 1.32453E-3 1.66602E-3 1.19484E-3 1.25302E-3 1.24987E-3 1.26667E-3 1.33148E-3 1.32738E-3 1.35273E-3 1.40309E-3 1.38509E-3 2.38353E-3 1.37571E-3 2.51575E-3 2.39269E-3 2.6064E-3 2.4085E-3 2.48938E-3 1.46751E-3 1.59632E-3 2.72611E-3 2.52516E-3 2.41328E-3 2.54038E-3 2.4423E-3 1.45417E-3 2.79877E-3 2.81377E-3 2.82411E-3 2.78162E-3 1.44883E-3 1.51E-3 2.83404E-3 3.01363E-3 3.01887E-3 1.52425E-3 1.5704E-3 1.62383E-3 1.68743E-3 1.66656E-3 3.16907E-3 3.15087E-3 1.58855E-3 3.02075E-3 2.80697E-3 2.67715E-3 2.8815E-3 2.10159E-3 2.62737E-3 2.52741E-3 2.42278E-3 2.46197E-3 2.43116E-3 2.53635E-3 2.19148E-3
1.40693E-3 1.29051E-3 1.3025E-3 1.26312E-3 1.35965E-3 1.34781E-3 1.36749E-3 1.43055E-3 1.36183E-3 1.27249E-3 1.30881E-3 1.30881E-3 1.32969E-3 1.35273E-3 1.34516E-3 1.40252E-3 1.42251E-3 1.36245E-3 1.36782E-3 1.81393E-3 2.53478E-3 2.42055E-3 1.31498E-3 1.3915E-3 1.44331E-3 1.47825E-3 1.56036E-3 1.54277E-3 1.54944E-3 2.66043E-3 1.82296E-3 1.4136E-3 1.59277E-3 2.04412E-3 2.9506E-3 2.72334E-3 2.20595E-3 2.23472E-3 2.7378E-3 2.78409E-3 2.76956E-3 2.7731E-3 1.55004E-3 1.5589E-3 1.617E-3 1.5951E-3 1.54826E-3 1.5842E-3 1.69711E-3 3.119E-3 2.90387E-3 2.91169E-3 2.89947E-3 2.66533E-3 2.7482E-3 2.55588E-3 2.64092E-3 2.01105E-3 2.49183E-3 2.56252E-3 2.73122E-3
1.51986E-3 1.35956E-3 1.37458E-3 1.37519E-3 1.32315E-3 1.41373E-3 1.42944E-3 1.41877E-3 1.37819E-3 1.39099E-3 1.35908E-3 1.30599E-3 1.37808E-3 1.35536E-3 1.33119E-3 1.36085E-3 1.37794E-3 1.41453E-3 2.54038E-3 2.51095E-3 2.45662E-3 2.39826E-3 2.3093E-3 2.4212E-3 2.47279E-3 1.37303E-3 1.42298E-3 1.54986E-3 1.99611E-3 2.66869E-3 1.47093E-3 1.3928E-3 1.52452E-3 1.63034E-3 1.59242E-3 1.55115E-3 2.75942E-3 2.23583E-3 2.23972E-3 2.77525E-3 2.30008E-3 2.30234E-3 2.32444E-3 2.36286E-3 2.36286E-3 2.8036E-3 1.93241E-3 1.554E-3 1.56528E-3 1.66608E-3 3.0414E-3 2.98375E-3 2.79422E-3 2.67046E-3 2.8833E-3 2.05842E-3 2.62421E-3 1.97415E-3 2.0932E-3 1.94492E-3 2.11207E-3
1.43162E-3 1.50634E-3 1.43931E-3 1.48926E-3 1.50105E-3 1.40195E-3 1.41986E-3 1.53999E-3 1.44972E-3 1.31229E-3 1.41256E-3 1.38572E-3 1.37382E-3 1.37432E-3 1.37368E-3 1.39854E-3 1.37738E-3 1.36363E-3 1.48321E-3 2.47415E-3 2.42882E-3 1.32379E-3 1.3251E-3 1.67498E-3 1.32892E-3 1.31862E-3 2.59339E-3 1.39935E-3 1.43551E-3 1.41829E-3 1.43021E-3 1.46194E-3 1.4504E-3 2.84146E-3 2.85099E-3 2.63161E-3 1.45155E-3 1.5032E-3 1.44701E-3 1.45183E-3 1.55136E-3 2.93179E-3 2.82722E-3 2.80642E-3 2.80262E-3 2.81818E-3 1.84605E-3 1.47324E-3 1.56126E-3 2.10223E-3 2.96272E-3 3.03796E-3 2.41718E-3 2.58123E-3 2.84157E-3 2.18159E-3 2.62232E-3 2.17215E-3 1.86174E-3 1.90127E-3 1.85061E-3
1.53664E-3 1.4834E-3 1.55452E-3 1.47174E-3 1.5372E-3 1.46354E-3 1.40236E-3 1.3901E-3 1.45842E-3 1.4099E-3 1.41701E-3 1.47053E-3 1.39866E-3 1.38931E-3 1.36869E-3 1.42579E-3 1.34905E-3 1.37016E-3 1.32593E-3 1.38644E-3 1.38797E-3 1.39372E-3 2.40232E-3 2.42561E-3 2.29918E-3 2.33118E-3 2.37302E-3 2.45657E-3 1.33838E-3 1.80925E-3 2.63287E-3 2.10123E-3 2.59643E-3 2.59587E-3 1.47561E-3 1.40954E-3 2.73751E-3 2.75146E-3 2.63047E-3 2.65324E-3 2.71883E-3 1.46653E-3 1.46896E-3 1.45379E-3 1.46295E-3 1.457E-3 1.85485E-3 2.80131E-3 2.93373E-3 2.45457E-3 2.99474E-3 2.96771E-3 2.85E-3 2.67642E-3 1.83114E-3 2.88906E-3 2.63418E-3 2.81907E-3 2.07753E-3 2.45786E-3 2.09391E-3
1.46043E-3 1.51248E-3 1.50363E-3 1.51807E-3 1.45909E-3 1.4646E-3 1.38343E-3 1.33021E-3 1.34875E-3 1.33813E-3 1.33813E-3 1.3772E-3 1.3768E-3 1.35027E-3 1.41384E-3 2.61484E-3 1.73943E-3 1.31498E-3 1.28707E-3 1.29153E-3 1.3398E-3 1.34349E-3 1.7824E-3 2.38048E-3 2.27704E-3 2.27842E-3 2.28352E-3 2.33566E-3 2.23105E-3 1.28936E-3 1.40185E-3 2.68451E-3 2.04425E-3 2.48021E-3 2.4539E-3 2.53826E-3 2.53379E-3 2.58424E-3 2.11658E-3 2.66704E-3 2.64671E-3 2.51261E-3 1.42588E-3 1.40234E-3 1.39794E-3 1.81291E-3 2.76631E-3 2.47658E-3 2.29431E-3 2.38664E-3 2.33351E-3 2.73118E-3 2.68672E-3 1.7276E-3 2.73211E-3 2.83902E-3 2.2291E-3 2.57769E-3 2.64493E-3 2.5631E-3 2.20077E-3
1.29326E-3 1.31392E-3 1.37243E-3 1.46548E-3 1.45062E-3 1.49749E-3 1.38989E-3 1.3151E-3 1.27034E-3 1.29462E-3 1.30309E-3 1.28161E-3 1.35486E-3 1.32162E-3 1.31385E-3 1.38969E-3 1.37548E-3 1.30956E-3 1.30956E-3 1.26238E-3 1.57628E-3 1.21314E-3 1.26892E-3 1.3091E-3 1.29153E-3 1.27816E-3 1.69357E-3 2.33082E-3 1.30293E-3 1.6444E-3 2.44478E-3 1.69702E-3 2.58712E-3 2.43777E-3 1.94408E-3 2.41284E-3 2.51251E-3 2.36914E-3 2.54565E-3 2.56924E-3 2.05134E-3 2.01407E-3 2.04382E-3 2.40947E-3 2.54239E-3 2.65296E-3 2.39884E-3 2.42192E-3 2.58731E-3 2.59823E-3 2.70452E-3 1.77879E-3 1.78442E-3 1.79293E-3 2.98331E-3 2.34611E-3 2.66336E-3 2.656E-3 2.15145E-3 2.05078E-3 2.52401E-3
1.22979E-3 1.30023E-3 1.34434E-3 1.44196E-3 1.38926E-3 1.34948E-3 1.3413E-3 1.29891E-3 1.28189E-3 1.2747E-3 1.26186E-3 1.2583E-3 1.3457E-3 1.31811E-3 1.26805E-3 1.21859E-3 1.24023E-3 2.32362E-3 2.19347E-3 2.23526E-3 2.15737E-3 2.17815E-3 2.12761E-3 1.44764E-3 2.25243E-3 2.16336E-3 1.49427E-3 1.19134E-3 2.34659E-3 2.23012E-3 1.80109E-3 2.22517E-3 2.36144E-3 2.4273E-3 2.48695E-3 1.81131E-3 1.95177E-3 2.25547E-3 2.35118E-3 2.09095E-3 1.99292E-3 1.97826E-3 1.92444E-3 2.37478E-3 2.41956E-3 2.45947E-3 1.40234E-3 1.81131E-3 1.36829E-3 1.36829E-3 2.78207E-3 1.2979E-3 1.72643E-3 1.35847E-3 2.58086E-3 2.6484E-3 2.65214E-3 2.34895E-3 2.63654E-3 2.13063E-3 1.93511E-3
1.33257E-3 1.27593E-3 1.28792E-3 1.41663E-3 1.37624E-3 1.18091E-3 1.2184E-3 1.22299E-3 1.3205E-3 1.34861E-3 1.26281E-3 1.25146E-3 1.30182E-3 2.43141E-3 1.21493E-3 2.24844E-3 2.11338E-3 1.13875E-3 1.17842E-3 2.19974E-3 2.04988E-3 1.15985E-3 2.15675E-3 2.04896E-3 1.99772E-3 2.00764E-3 1.98665E-3 2.13038E-3 2.29528E-3 2.39748E-3 2.10672E-3 1.184E-3 2.22728E-3 1.76243E-3 2.33614E-3 2.22443E-3 2.25304E-3 2.24521E-3 2.34612E-3 2.37749E-3 2.11824E-3 2.32872E-3 2.30841E-3 2.38847E-3 2.40078E-3 2.39074E-3 2.39349E-3 1.64723E-3 2.37108E-3 1.66558E-3 2.44829E-3 2.36899E-3 2.4279E-3 2.47569E-3 2.46794E-3 2.44829E-3 2.69875E-3 2.33294E-3 2.08728E-3 2.34738E-3 2.52577E-3
1.25802E-3 1.28811E-3 1.32686E-3 1.37398E-3 1.37763E-3 1.30439E-3 1.30107E-3 1.24096E-3 1.24419E-3 1.29282E-3 1.27606E-3 1.18914E-3 1.27008E-3 1.33841E-3 1.38505E-3 1.62372E-3 1.60954E-3 1.12983E-3 1.14558E-3 2.12442E-3 2.12709E-3 1.96808E-3 1.12474E-3 2.20049E-3 2.07019E-3 2.00054E-3 1.45552E-3 1.13232E-3 2.26946E-3 2.16203E-3 1.69713E-3 1.96366E-3 2.19961E-3 2.27937E-3 2.13654E-3 2.16195E-3 2.18319E-3 2.23619E-3 2.38952E-3 2.38952E-3 2.44504E-3 2.31968E-3 2.33839E-3 2.31102E-3 2.26533E-3 2.28354E-3 2.34574E-3 2.34976E-3 2.43282E-3 2.44819E-3 2.33906E-3 2.37611E-3 2.46013E-3 2.38768E-3 2.47059E-3 2.45089E-3 2.42029E-3 2.49056E-3 2.5213E-3 2.3683E-3 2.47613E-3
1.28602E-3 1.28383E-3 1.32082E-3 1.4608E-3 1.40599E-3 1.36757E-3 1.31373E-3 1.25187E-3 1.163E-3 1.20244E-3 1.34253E-3 1.25689E-3 1.28235E-3 1.23083E-3 1.20058E-3 1.21147E-3 1.52234E-3 2.14704E-3 1.12208E-3 1.14004E-3 1.4912E-3 1.44018E-3 1.14156E-3 1.14475E-3 1.48657E-3 1.19863E-3 1.13713E-3 1.14969E-3 2.41287E-3 2.16202E-3 2.04566E-3 1.97547E-3 2.10201E-3 2.16227E-3 2.0989E-3 2.09378E-3 2.07088E-3 2.16772E-3 2.32775E-3 2.2886E-3 2.29085E-3 2.30751E-3 1.96524E-3 1.88079E-3 2.28999E-3 2.26575E-3 2.3018E-3 2.39803E-3 1.99744E-3 1.91646E-3 1.82418E-3 1.97033E-3 2.38389E-3 2.34699E-3 2.35441E-3 2.35441E-3 2.35787E-3 2.38017E-3 2.3612E-3 2.35386E-3 2.33508E-3
1.42081E-3 1.2683E-3 1.24448E-3 1.32549E-3 1.40859E-3 1.3317E-3 1.42174E-3 1.19821E-3 1.1752E-3 1.21677E-3 1.26286E-3 1.33828E-3 1.20147E-3 1.18915E-3 1.2603E-3 1.21531E-3 1.37351E-3 1.1523E-3 1.14004E-3 1.16077E-3 2.23052E-3 2.01216E-3 1.41448E-3 1.10119E-3 1.47418E-3 1.14067E-3 1.14772E-3 1.18068E-3 2.33267E-3 2.15603E-3 2.11386E-3 1.90679E-3 1.9809E-3 1.96285E-3 2.03045E-3 2.04985E-3 2.13283E-3 2.09097E-3 2.33819E-3 2.18524E-3 1.91611E-3 1.936E-3 1.87134E-3 1.8228E-3 1.84977E-3 2.25442E-3 2.26545E-3 2.26967E-3 2.38861E-3 2.07099E-3 1.86828E-3 1.73852E-3 1.76672E-3 1.7869E-3 2.00939E-3 1.95871E-3 2.37677E-3 2.35446E-3 2.3694E-3 2.33961E-3 2.33961E-3
1.66394E-3 1.42607E-3 1.26072E-3 1.23908E-3 1.29813E-3 1.35595E-3 1.36164E-3 1.32195E-3 1.30829E-3 1.27719E-3 1.24812E-3 1.22661E-3 1.29026E-3 1.21395E-3 1.27045E-3 1.31488E-3 1.60757E-3 1.1772E-3 1.30226E-3 1.21773E-3 1.31628E-3 1.58981E-3 2.14017E-3 1.40923E-3 2.08897E-3 1.0778E-3 1.1038E-3 2.18303E-3 2.27766E-3 2.26147E-3 1.77381E-3 1.95382E-3 1.86037E-3 1.88809E-3 1.92813E-3 1.97547E-3 2.0528E-3 2.07074E-3 2.06811E-3 2.26058E-3 1.87008E-3 1.94037E-3 1.83284E-3 2.14729E-3 2.18972E-3 1.67083E-3 1.8617E-3 2.25831E-3 2.23743E-3 2.03733E-3 1.87588E-3 1.69033E-3 1.66791E-3 1.7218E-3 1.74362E-3 1.92881E-3 1.94804E-3 2.05776E-3 2.03225E-3 2.3995E-3 2.33224E-3
1.33778E-3 1.2812E-3 1.26874E-3 1.148E-3 1.2409E-3 1.33537E-3 1.24214E-3 1.26727E-3 1.29577E-3 1.30909E-3 1.28379E-3 1.22321E-3 1.14393E-3 1.11946E-3 1.12808E-3 1.1128E-3 1.14627E-3 1.11197E-3 1.14402E-3 1.14846E-3 1.42425E-3 1.41627E-3 1.12772E-3 1.16657E-3 1.16134E-3 1.43648E-3 1.41025E-3 1.09078E-3 2.12276E-3 2.1562E-3 2.07254E-3 2.09498E-3 1.92997E-3 1.94259E-3 1.91173E-3 1.94834E-3 2.01376E-3 1.68211E-3 1.71238E-3 1.7423E-3 2.15671E-3 2.25563E-3 2.15381E-3 2.1413E-3 2.22716E-3 1.86979E-3 1.85971E-3 1.72457E-3 1.88253E-3 2.23007E-3 2.31903E-3 2.30376E-3 2.28277E-3 2.28315E-3 2.25073E-3 2.32303E-3 1.92855E-3 1.89567E-3 1.8024E-3 1.98201E-3 1.94477E-3
1.41305E-3 1.35182E-3 1.25432E-3 1.20103E-3 1.21162E-3 1.17702E-3 1.23353E-3 1.30277E-3 1.28639E-3 1.34342E-3 1.2557E-3 1.42903E-3 1.64522E-3 2.10021E-3 1.03795E-3 1.34065E-3 1.40682E-3 1.91038E-3 1.90332E-3 1.73828E-3 1.79948E-3 1.28128E-3 1.0384E-3 1.07816E-3 2.04341E-3 2.02506E-3 2.05401E-3 1.99133E-3 2.07967E-3 1.98201E-3 2.05671E-3 1.89156E-3 1.90466E-3 1.91749E-3 1.95802E-3 1.9893E-3 2.02144E-3 2.10259E-3 2.07953E-3 1.77665E-3 1.7504E-3 1.7918E-3 1.81162E-3 1.76106E-3 1.78978E-3 2.19281E-3 1.80123E-3 1.85457E-3 1.68038E-3 1.86403E-3 2.21604E-3 2.21288E-3 2.24797E-3 2.25396E-3 1.92881E-3 1.93435E-3 2.01029E-3 1.88692E-3 1.80075E-3 1.84614E-3 1.85627E-3
1.60384E-3 1.29855E-3 1.19077E-3 1.13809E-3 1.16956E-3 1.08279E-3 1.10075E-3 1.06786E-3 1.09507E-3 1.23505E-3 1.22716E-3 1.32923E-3 1.74192E-3 2.04986E-3 9.99998E-4 1.01604E-3 1.98244E-3 2.07887E-3 2.04587E-3 1.39546E-3 1.80817E-3 1.78555E-3 1.84603E-3 1.84132E-3 1.33101E-3 1.93985E-3 2.05773E-3 2.06368E-3 2.0276E-3 1.99643E-3 2.00734E-3 2.04572E-3 2.0063E-3 1.95245E-3 2.03438E-3 2.03136E-3 2.03165E-3 2.09672E-3 2.08034E-3 2.09342E-3 2.1103E-3 2.23668E-3 1.91493E-3 1.59714E-3 1.74511E-3 1.77053E-3 1.79793E-3 1.80818E-3 1.8514E-3 1.91082E-3 2.33061E-3 1.91563E-3 1.91272E-3 1.95043E-3 1.97171E-3 2.02855E-3 1.9653E-3 1.80704E-3 1.75815E-3 1.82039E-3 2.08047E-3
