Artocarpus heterophyllus SDM files/MIS19/results (with bias file)/Arthet_8.asc
ncols         625
nrows         721
xllcorner     69.99986311115
yllcorner     5.99986187915
cellsize      0.041666667
NODATA_value  -9999
[rows 243 to 269 of 721, columns 427 to 487 of 625]
4.51138E-1 4.52937E-1 4.59321E-1 4.59346E-1 4.61406E-1 4.61839E-1 4.69816E-1 4.68496E-1 4.69616E-1 4.70189E-1 4.69416E-1 4.77504E-1 4.78959E-1 4.81803E-1 4.81159E-1 4.87268E-1 4.88293E-1 4.90346E-1 4.97742E-1 4.98519E-1 4.96882E-1 5.03023E-1 5.04957E-1 5.07479E-1 5.1467E-1 5.15888E-1 5.17798E-1 5.26398E-1 5.29367E-1 5.38317E-1 5.39386E-1 5.49434E-1 5.50216E-1 5.05592E-1 5.14255E-1 5.17247E-1 5.24631E-1 5.27058E-1 5.35124E-1 5.36265E-1 5.42027E-1 5.44667E-1 5.45522E-1 5.53696E-1 5.55432E-1 5.56192E-1 5.62896E-1 5.61732E-1 5.60905E-1 5.71316E-1 5.68916E-1 5.60017E-1 5.61004E-1 5.57423E-1 5.50872E-1 7.55461E-1 5.65652E-1 7.70012E-1 7.52075E-1 7.45255E-1 7.41872E-1
6.59419E-1 6.59412E-1 6.66036E-1 6.66511E-1 4.5584E-1 4.567E-1 4.6341E-1 6.74892E-1 4.63756E-1 4.6378E-1 4.70728E-1 4.70777E-1 4.73596E-1 4.75184E-1 4.8013E-1 4.81865E-1 4.82934E-1 4.91009E-1 4.91477E-1 4.89826E-1 4.9118E-1 4.98022E-1 4.98609E-1 5.00078E-1 5.08109E-1 5.09296E-1 5.17382E-1 5.19411E-1 5.21968E-1 5.29962E-1 5.31025E-1 5.41613E-1 5.43875E-1 5.45702E-1 5.08198E-1 5.15707E-1 5.17261E-1 5.20081E-1 5.278E-1 5.30122E-1 5.38812E-1 5.41729E-1 5.49029E-1 5.49294E-1 5.5012E-1 5.58938E-1 5.61657E-1 5.59298E-1 5.66908E-1 5.65906E-1 5.61373E-1 5.62838E-1 5.51669E-1 5.47694E-1 7.55448E-1 7.58594E-1 7.65013E-1 7.65195E-1 7.54859E-1 7.55363E-1 8.07303E-1
6.54642E-1 6.53978E-1 6.60221E-1 6.61743E-1 6.62042E-1 6.62993E-1 6.68298E-1 6.70141E-1 6.71386E-1 6.77864E-1 6.78241E-1 6.79211E-1 6.81517E-1 6.8382E-1 6.89546E-1 6.90953E-1 6.91622E-1 4.84619E-1 4.86777E-1 4.85158E-1 6.99906E-1 4.91573E-1 4.93159E-1 5.00547E-1 5.02033E-1 5.03755E-1 5.11644E-1 5.13261E-1 5.13285E-1 5.23577E-1 5.24467E-1 5.35161E-1 5.38481E-1 5.4553E-1 5.02312E-1 5.09934E-1 5.12507E-1 5.2004E-1 5.22295E-1 5.2473E-1 5.3298E-1 5.35864E-1 5.44003E-1 5.46081E-1 5.48946E-1 5.55723E-1 5.60097E-1 5.55762E-1 5.62555E-1 5.61878E-1 5.65195E-1 5.58145E-1 5.52511E-1 5.54831E-1 7.57446E-1 7.64036E-1 7.65229E-1 7.62446E-1 7.57785E-1 7.96151E-1 8.09743E-1
6.49806E-1 6.56963E-1 6.55392E-1 6.55147E-1 6.55773E-1 6.56997E-1 6.62614E-1 6.64161E-1 6.64812E-1 6.73595E-1 6.71241E-1 6.72958E-1 6.76336E-1 6.85371E-1 6.84831E-1 6.85824E-1 6.86346E-1 6.93861E-1 6.96908E-1 6.95489E-1 7.00446E-1 7.03247E-1 7.04033E-1 7.11125E-1 7.12782E-1 7.20893E-1 5.05933E-1 5.07282E-1 5.14029E-1 5.18083E-1 5.19568E-1 5.29169E-1 5.32452E-1 5.3936E-1 4.95609E-1 5.03621E-1 5.06607E-1 5.14995E-1 5.18087E-1 5.27031E-1 5.27873E-1 5.36724E-1 5.39919E-1 5.41868E-1 5.50645E-1 5.54489E-1 5.57921E-1 5.58814E-1 5.62658E-1 5.59969E-1 5.58717E-1 5.60966E-1 5.5555E-1 5.63654E-1 5.60764E-1 8.13653E-1 8.11926E-1 8.07929E-1 8.01932E-1 7.98613E-1 8.08179E-1
6.5091E-1 6.51686E-1 6.50913E-1 6.50341E-1 6.51821E-1 6.58568E-1 6.57399E-1 6.58798E-1 6.60373E-1 6.67655E-1 6.66069E-1 6.68384E-1 6.77973E-1 6.80081E-1 6.80308E-1 6.80831E-1 6.8805E-1 6.88718E-1 6.91183E-1 6.96891E-1 6.96061E-1 6.98462E-1 7.05705E-1 7.06464E-1 7.08272E-1 7.16073E-1 7.16534E-1 7.24454E-1 7.26234E-1 5.11913E-1 5.20397E-1 5.23515E-1 5.26327E-1 5.34228E-1 4.90071E-1 4.99793E-1 5.01445E-1 5.09113E-1 5.13029E-1 5.2209E-1 5.24567E-1 5.31319E-1 5.35822E-1 5.38206E-1 5.48046E-1 5.53083E-1 5.51328E-1 5.5679E-1 5.58039E-1 5.57764E-1 5.58315E-1 5.64994E-1 5.49291E-1 5.49094E-1 5.46766E-1 6.04906E-1 8.161E-1 8.11864E-1 8.13794E-1 7.92845E-1 8.04667E-1
6.40181E-1 6.47058E-1 6.48133E-1 6.47439E-1 6.46812E-1 6.53498E-1 6.53076E-1 6.54653E-1 6.60159E-1 6.62302E-1 6.62641E-1 6.6495E-1 6.73337E-1 6.75284E-1 6.77681E-1 6.76249E-1 6.83807E-1 6.84033E-1 6.86207E-1 6.92204E-1 6.92549E-1 6.94367E-1 7.01093E-1 7.00947E-1 7.08812E-1 7.11432E-1 7.12015E-1 7.20256E-1 7.2115E-1 7.22646E-1 7.31911E-1 5.1786E-1 5.26468E-1 5.29162E-1 4.84421E-1 4.93511E-1 4.96188E-1 5.04679E-1 5.07545E-1 5.16567E-1 5.20235E-1 5.27696E-1 5.30784E-1 5.41692E-1 5.45597E-1 5.49442E-1 5.54379E-1 5.5186E-1 5.58666E-1 5.62336E-1 5.606E-1 5.72283E-1 5.68366E-1 5.47324E-1 7.5448E-1 8.04014E-1 6.12654E-1 8.10628E-1 8.00904E-1 8.01756E-1 8.17234E-1
6.37072E-1 6.43354E-1 6.45263E-1 6.44457E-1 6.44212E-1 6.50936E-1 6.49403E-1 6.50205E-1 6.58088E-1 6.59658E-1 6.60304E-1 6.60209E-1 6.69001E-1 6.72541E-1 6.73066E-1 6.78441E-1 6.78912E-1 6.80943E-1 6.82205E-1 6.87505E-1 6.90679E-1 6.97104E-1 6.97302E-1 6.97448E-1 7.05042E-1 7.06963E-1 7.08385E-1 7.159E-1 7.16917E-1 7.24695E-1 7.26737E-1 7.29052E-1 7.37942E-1 5.2421E-1 5.33023E-1 4.88293E-1 4.96873E-1 4.99673E-1 5.08947E-1 5.11998E-1 5.15463E-1 5.24105E-1 5.26873E-1 5.38034E-1 5.42518E-1 5.46232E-1 5.49478E-1 5.51346E-1 5.57361E-1 5.63882E-1 5.6293E-1 5.56433E-1 5.83423E-1 5.79087E-1 5.45438E-1 6.01834E-1 6.06673E-1 6.08656E-1 6.0689E-1 6.01167E-1 6.11041E-1
6.34234E-1 6.42432E-1 6.4231E-1 6.43412E-1 6.42032E-1 6.48584E-1 6.466E-1 6.48151E-1 6.5666E-1 6.57311E-1 6.56776E-1 6.58516E-1 6.66077E-1 6.68419E-1 6.75414E-1 6.75641E-1 6.75693E-1 6.78319E-1 6.8511E-1 6.84718E-1 6.87601E-1 6.93304E-1 6.93918E-1 6.94531E-1 7.01384E-1 7.02897E-1 7.09688E-1 7.11651E-1 7.13012E-1 7.20334E-1 7.22721E-1 7.24646E-1 7.33189E-1 7.36296E-1 7.44694E-1 5.3095E-1 4.92769E-1 4.95299E-1 5.04071E-1 5.06812E-1 5.16716E-1 5.20523E-1 5.23116E-1 5.3407E-1 5.3808E-1 5.47774E-1 5.46214E-1 5.49501E-1 5.58722E-1 5.58596E-1 5.52579E-1 5.53308E-1 5.51288E-1 5.80082E-1 5.7354E-1 6.34249E-1 6.3089E-1 6.30905E-1 6.29432E-1 6.02938E-1 6.18963E-1
6.3381E-1 6.40078E-1 6.40254E-1 6.41234E-1 6.47199E-1 6.47456E-1 6.46735E-1 6.45973E-1 6.53863E-1 6.55437E-1 6.55939E-1 6.62344E-1 6.64063E-1 6.66228E-1 6.67026E-1 6.73135E-1 6.73336E-1 6.75073E-1 6.82468E-1 6.82372E-1 6.83163E-1 6.90676E-1 6.91412E-1 6.97719E-1 6.98159E-1 6.99381E-1 7.05899E-1 7.09364E-1 7.09656E-1 7.17023E-1 7.20116E-1 7.2802E-1 7.29016E-1 7.32135E-1 7.40001E-1 7.4209E-1 7.03907E-1 4.91645E-1 5.0025E-1 5.03124E-1 5.12988E-1 5.15876E-1 5.24523E-1 5.29994E-1 5.35162E-1 5.44672E-1 5.42809E-1 5.47441E-1 5.53918E-1 5.51185E-1 5.49201E-1 5.56049E-1 5.56706E-1 5.55623E-1 5.51527E-1 6.37226E-1 6.6291E-1 6.26428E-1 5.87726E-1 5.98786E-1 6.07811E-1
6.32079E-1 6.40086E-1 6.38702E-1 6.38888E-1 6.46251E-1 6.46725E-1 6.46232E-1 6.46286E-1 6.52837E-1 6.52489E-1 6.5359E-1 6.60326E-1 6.62914E-1 6.6401E-1 6.70426E-1 6.70802E-1 6.71422E-1 6.72392E-1 6.79823E-1 6.79849E-1 6.8723E-1 6.87871E-1 6.88486E-1 6.94927E-1 6.9554E-1 6.96152E-1 7.03733E-1 7.04609E-1 7.12637E-1 7.13996E-1 7.16805E-1 7.237E-1 7.25262E-1 7.2767E-1 7.36003E-1 7.44997E-1 7.47519E-1 7.02901E-1 7.11697E-1 4.99001E-1 5.08107E-1 5.11985E-1 5.21066E-1 5.2517E-1 5.31228E-1 5.38577E-1 5.39874E-1 5.40555E-1 5.46718E-1 5.41448E-1 5.51549E-1 5.58267E-1 5.61168E-1 5.65821E-1 5.62522E-1 5.62697E-1 6.3112E-1 6.2746E-1 6.25519E-1 6.22105E-1 6.10777E-1
6.31247E-1 6.39283E-1 6.38798E-1 6.37966E-1 6.38441E-1 6.46197E-1 6.46698E-1 6.45312E-1 6.52334E-1 6.50472E-1 6.51867E-1 6.59619E-1 6.60118E-1 6.60616E-1 6.67608E-1 6.68414E-1 6.68939E-1 6.76357E-1 6.77298E-1 6.77943E-1 6.84716E-1 6.85357E-1 6.91812E-1 6.92892E-1 6.93064E-1 7.00345E-1 7.00954E-1 7.01856E-1 7.09746E-1 7.11083E-1 7.19341E-1 7.20113E-1 7.20282E-1 7.30169E-1 7.31989E-1 7.34953E-1 7.4384E-1 7.51912E-1 7.06842E-1 7.09794E-1 7.199E-1 5.0782E-1 5.18049E-1 5.23299E-1 5.28737E-1 5.35054E-1 5.32434E-1 5.39909E-1 5.36646E-1 7.4512E-1 5.40902E-1 5.47319E-1 5.56106E-1 5.53032E-1 6.29851E-1 5.5179E-1 5.7041E-1 6.27849E-1 6.56079E-1 6.72467E-1 6.47989E-1
6.30893E-1 6.32081E-1 6.39106E-1 6.38022E-1 6.446E-1 6.4525E-1 6.45276E-1 6.45926E-1 6.51337E-1 6.51242E-1 6.50717E-1 6.57878E-1 6.59269E-1 6.5843E-1 6.65576E-1 6.65602E-1 6.66428E-1 6.73707E-1 6.74648E-1 6.82025E-1 6.82668E-1 6.83014E-1 6.89454E-1 6.9127E-1 6.96975E-1 6.97707E-1 6.98489E-1 6.98953E-1 7.06355E-1 7.08335E-1 7.16612E-1 7.17096E-1 7.17579E-1 7.25962E-1 7.28561E-1 7.37462E-1 7.40596E-1 7.42112E-1 7.0408E-1 7.06279E-1 7.16559E-1 7.20781E-1 5.14276E-1 5.1939E-1 5.23446E-1 5.26313E-1 5.27107E-1 5.28943E-1 7.42413E-1 7.50916E-1 5.49386E-1 5.58629E-1 5.49715E-1 5.67243E-1 6.23169E-1 6.1581E-1 6.36051E-1 6.16747E-1 6.60696E-1 6.62718E-1 6.87026E-1
6.29366E-1 6.31549E-1 6.38154E-1 6.39079E-1 6.3726E-1 6.45169E-1 6.44451E-1 6.45372E-1 6.5089E-1 6.50242E-1 6.5012E-1 6.56695E-1 6.57528E-1 6.5696E-1 6.63788E-1 6.64459E-1 6.69793E-1 6.7088E-1 6.77703E-1 6.79376E-1 6.80593E-1 6.87683E-1 6.88297E-1 6.88175E-1 6.95066E-1 6.95531E-1 6.96167E-1 7.02855E-1 7.03318E-1 7.05141E-1 7.13442E-1 7.13612E-1 7.14701E-1 7.22962E-1 7.2565E-1 7.34628E-1 7.35437E-1 7.39291E-1 7.48277E-1 7.03638E-1 7.12895E-1 7.16291E-1 7.27029E-1 5.16354E-1 5.1817E-1 5.23232E-1 5.27307E-1 5.29433E-1 7.4115E-1 5.52596E-1 5.43222E-1 5.47452E-1 5.76378E-1 5.68797E-1 5.68828E-1 6.56505E-1 6.53826E-1 6.35025E-1 6.48284E-1 6.46312E-1 6.75575E-1
6.30119E-1 6.30146E-1 6.36902E-1 6.37369E-1 6.36651E-1 6.43896E-1 6.43449E-1 6.43178E-1 6.49742E-1 6.51283E-1 6.4763E-1 6.54779E-1 6.58101E-1 6.63805E-1 6.60567E-1 6.63142E-1 6.67887E-1 6.68087E-1 6.74772E-1 6.77896E-1 6.78415E-1 6.85493E-1 6.85665E-1 6.8596E-1 6.92715E-1 6.9274E-1 6.99908E-1 7.00225E-1 7.00834E-1 7.02368E-1 7.10532E-1 7.10119E-1 7.19449E-1 7.20533E-1 7.21736E-1 7.3071E-1 7.33435E-1 7.37153E-1 7.45879E-1 7.00086E-1 7.09953E-1 7.12603E-1 7.23675E-1 5.13016E-1 5.12345E-1 7.36147E-1 5.24971E-1 5.29487E-1 5.30192E-1 5.45537E-1 6.21125E-1 5.69581E-1 5.74157E-1 5.5924E-1 5.58321E-1 5.82665E-1 5.82284E-1 5.70898E-1 6.31803E-1 5.68584E-1 5.61436E-1
6.31461E-1 6.29043E-1 6.34156E-1 6.35525E-1 6.42645E-1 6.45798E-1 6.42E-1 6.41133E-1 6.52119E-1 6.4862E-1 6.52358E-1 6.54227E-1 6.57375E-1 6.63469E-1 6.60407E-1 6.61204E-1 6.65684E-1 6.65736E-1 6.73732E-1 6.76023E-1 6.82957E-1 6.82982E-1 6.84038E-1 6.90361E-1 6.90386E-1 6.90142E-1 6.97615E-1 6.98079E-1 6.98689E-1 7.05978E-1 7.08224E-1 7.08394E-1 7.09609E-1 7.17786E-1 7.19594E-1 7.28602E-1 7.30423E-1 7.34294E-1 7.42174E-1 6.96822E-1 7.06859E-1 7.10538E-1 7.13747E-1 7.24088E-1 7.24616E-1 7.32912E-1 5.21869E-1 5.26834E-1 5.29664E-1 5.35208E-1 5.5456E-1 5.57722E-1 5.62856E-1 5.58857E-1 5.61435E-1 5.81827E-1 5.73983E-1 5.83048E-1 6.59392E-1 5.78314E-1 6.42609E-1
6.28562E-1 6.29787E-1 6.36228E-1 6.36702E-1 6.44153E-1 6.45343E-1 6.42989E-1 6.48391E-1 6.48147E-1 6.43453E-1 6.56524E-1 6.57441E-1 6.63905E-1 6.61585E-1 6.57754E-1 6.67136E-1 6.66274E-1 6.64569E-1 6.71831E-1 6.71118E-1 6.8283E-1 6.81826E-1 6.81402E-1 6.8744E-1 6.88054E-1 6.87785E-1 6.9571E-1 6.95588E-1 6.96345E-1 7.03964E-1 7.05474E-1 7.05815E-1 7.13534E-1 7.15323E-1 7.17014E-1 7.25142E-1 7.28147E-1 7.32003E-1 7.40449E-1 6.93995E-1 7.03905E-1 7.07275E-1 7.10345E-1 7.21117E-1 7.23124E-1 7.23193E-1 5.18213E-1 5.23706E-1 5.26407E-1 5.31029E-1 5.38173E-1 5.49981E-1 5.62039E-1 5.54638E-1 5.8205E-1 5.88002E-1 5.8565E-1 5.90249E-1 5.93879E-1 5.83728E-1 5.76587E-1
6.2784E-1 6.272E-1 6.36811E-1 6.36743E-1 6.357E-1 6.41069E-1 6.40054E-1 6.44708E-1 6.4337E-1 6.58945E-1 6.59359E-1 6.5716E-1 6.63623E-1 6.55343E-1 6.60293E-1 6.65526E-1 6.64219E-1 6.70482E-1 6.67109E-1 6.74965E-1 6.83574E-1 6.79639E-1 6.78911E-1 6.86882E-1 6.87481E-1 6.91724E-1 6.93094E-1 6.92972E-1 7.00438E-1 7.01484E-1 7.02554E-1 7.03768E-1 7.11524E-1 7.12299E-1 7.14695E-1 7.23849E-1 7.2642E-1 7.28987E-1 7.37461E-1 7.38979E-1 6.95302E-1 7.03247E-1 7.07521E-1 7.16218E-1 7.21048E-1 7.20803E-1 5.16619E-1 5.20441E-1 5.23135E-1 5.26852E-1 5.3131E-1 5.36359E-1 5.4368E-1 5.55696E-1 5.63796E-1 5.77977E-1 5.86839E-1 5.82325E-1 5.82786E-1 5.84377E-1 6.69363E-1
6.25691E-1 6.27506E-1 6.34199E-1 6.43446E-1 6.41688E-1 6.4181E-1 6.39606E-1 6.44986E-1 6.58336E-1 6.6033E-1 6.59082E-1 6.52905E-1 6.51149E-1 6.53731E-1 6.69074E-1 6.62286E-1 6.64393E-1 6.58188E-1 6.66702E-1 6.76627E-1 6.84633E-1 6.7921E-1 6.85098E-1 6.84975E-1 6.85001E-1 6.91309E-1 6.92971E-1 6.91087E-1 6.98271E-1 6.99902E-1 7.00852E-1 7.0189E-1 7.08905E-1 7.10725E-1 7.12832E-1 7.14792E-1 7.23825E-1 7.26517E-1 7.35155E-1 7.37106E-1 6.91561E-1 7.00287E-1 7.04398E-1 7.06922E-1 7.18822E-1 7.18723E-1 7.28125E-1 5.17927E-1 5.20449E-1 5.32251E-1 5.35816E-1 5.37667E-1 5.42856E-1 5.47471E-1 5.53788E-1 5.58724E-1 5.65742E-1 5.72333E-1 5.73096E-1 5.85521E-1 5.90755E-1
6.21541E-1 6.25881E-1 6.31763E-1 6.34388E-1 6.41851E-1 6.41378E-1 6.3962E-1 6.45744E-1 6.51997E-1 6.59018E-1 6.60075E-1 6.50868E-1 6.52959E-1 6.66641E-1 6.70843E-1 6.61721E-1 6.59378E-1 6.63E-1 6.75475E-1 6.8141E-1 6.83484E-1 6.75696E-1 6.82033E-1 6.82787E-1 6.89717E-1 6.88983E-1 6.90354E-1 6.90378E-1 6.97256E-1 6.98344E-1 6.98806E-1 6.99691E-1 7.07035E-1 7.09415E-1 7.10943E-1 7.13365E-1 7.21498E-1 7.24354E-1 7.26758E-1 7.35538E-1 6.88407E-1 6.98354E-1 7.01982E-1 7.1094E-1 7.145E-1 7.16032E-1 7.23863E-1 5.14129E-1 5.17192E-1 5.29409E-1 5.32821E-1 5.38016E-1 5.40341E-1 5.43451E-1 5.49429E-1 5.54773E-1 5.63685E-1 5.66754E-1 5.70372E-1 5.67264E-1 5.70306E-1
6.23732E-1 6.23107E-1 6.31803E-1 6.31478E-1 6.39513E-1 6.40554E-1 6.38918E-1 6.47271E-1 6.49943E-1 6.51157E-1 6.55668E-1 6.44936E-1 6.52122E-1 6.71114E-1 6.68525E-1 6.58803E-1 6.63285E-1 6.66856E-1 6.79036E-1 6.81863E-1 6.76865E-1 6.80468E-1 6.81667E-1 6.81187E-1 6.88717E-1 6.88742E-1 6.89036E-1 6.95829E-1 6.95696E-1 6.97937E-1 6.97523E-1 6.97686E-1 7.05601E-1 7.074E-1 7.09197E-1 7.1104E-1 7.18901E-1 7.20705E-1 7.24283E-1 7.31795E-1 7.34753E-1 6.96248E-1 6.99314E-1 7.03551E-1 7.11801E-1 7.14325E-1 7.23917E-1 7.2823E-1 5.16511E-1 5.26571E-1 5.29373E-1 5.33936E-1 5.36447E-1 5.492E-1 5.53184E-1 5.58425E-1 5.60231E-1 5.60956E-1 5.65015E-1 5.67302E-1 5.69399E-1
6.23052E-1 6.31789E-1 6.34105E-1 6.32541E-1 6.39839E-1 6.36457E-1 6.47844E-1 6.49475E-1 6.55358E-1 6.54522E-1 6.47134E-1 6.52827E-1 6.69335E-1 6.73212E-1 6.65736E-1 6.57625E-1 6.66577E-1 6.68251E-1 6.79959E-1 6.76025E-1 6.71313E-1 6.80348E-1 6.80667E-1 6.86885E-1 6.886E-1 6.88185E-1 6.86734E-1 6.94391E-1 6.95902E-1 6.96949E-1 6.95354E-1 6.95842E-1 7.0447E-1 7.05966E-1 7.07328E-1 7.08712E-1 7.16733E-1 7.19119E-1 7.2255E-1 7.30771E-1 7.32276E-1 6.86832E-1 6.9797E-1 6.99809E-1 7.05964E-1 7.11481E-1 7.20975E-1 7.2571E-1 7.27926E-1 5.2285E-1 5.25499E-1 5.29315E-1 5.42038E-1 5.45859E-1 5.48509E-1 5.51747E-1 5.5469E-1 5.56319E-1 5.58602E-1 5.60755E-1 5.62887E-1
6.20782E-1 6.32436E-1 6.32083E-1 6.379E-1 6.37083E-1 6.46133E-1 5.22348E-1 6.49246E-1 6.55673E-1 6.55256E-1 6.47758E-1 6.61034E-1 6.72602E-1 6.7032E-1 6.64313E-1 6.56676E-1 6.63374E-1 6.77067E-1 6.78544E-1 6.72955E-1 6.70476E-1 6.80109E-1 6.79392E-1 6.85591E-1 6.8674E-1 6.86765E-1 6.92942E-1 6.94015E-1 6.94171E-1 6.94659E-1 6.9422E-1 6.94549E-1 7.02773E-1 7.04834E-1 7.0605E-1 7.06842E-1 7.14852E-1 7.17241E-1 7.20357E-1 7.27876E-1 7.2996E-1 6.84141E-1 6.93306E-1 6.95444E-1 7.02513E-1 7.05817E-1 7.18272E-1 7.21129E-1 7.32639E-1 7.37279E-1 5.23503E-1 5.27913E-1 5.38103E-1 5.42253E-1 5.43529E-1 5.46592E-1 5.50211E-1 5.6037E-1 5.64192E-1 5.63808E-1 5.60506E-1
6.27538E-1 6.31459E-1 6.31282E-1 6.3655E-1 5.1064E-1 5.19171E-1 5.20281E-1 5.27896E-1 5.27066E-1 6.52687E-1 6.57192E-1 6.63716E-1 6.65096E-1 6.66977E-1 6.58887E-1 6.53755E-1 6.6436E-1 6.7816E-1 6.74766E-1 6.71822E-1 6.76608E-1 6.78395E-1 6.78688E-1 6.85306E-1 6.85172E-1 6.85319E-1 6.92283E-1 6.92722E-1 6.93478E-1 6.93966E-1 6.93537E-1 7.01481E-1 7.01341E-1 7.03107E-1 7.04616E-1 7.05248E-1 7.14458E-1 7.15071E-1 7.18038E-1 7.24975E-1 7.26919E-1 7.29148E-1 6.90774E-1 6.92472E-1 7.00233E-1 7.12741E-1 7.18525E-1 7.20897E-1 7.29702E-1 7.34321E-1 7.35639E-1 5.316E-1 4.19442E-1 5.4008E-1 4.24636E-1 4.32751E-1 4.3605E-1 5.57665E-1 5.59059E-1 5.59632E-1 5.62103E-1
5.13155E-1 6.31593E-1 6.36451E-1 5.10377E-1 5.09717E-1 5.18929E-1 5.26116E-1 5.27132E-1 5.25422E-1 5.33233E-1 5.32972E-1 5.32282E-1 6.65382E-1 6.58354E-1 6.59782E-1 6.70788E-1 6.77934E-1 6.8041E-1 6.75259E-1 6.8019E-1 6.75798E-1 6.76679E-1 6.83799E-1 6.84203E-1 6.84937E-1 6.84815E-1 6.90404E-1 6.916E-1 6.91795E-1 6.91942E-1 6.92844E-1 6.94501E-1 7.01093E-1 7.01816E-1 7.0318E-1 7.03959E-1 7.11849E-1 7.14073E-1 7.17033E-1 7.22933E-1 7.24015E-1 7.35816E-1 6.91028E-1 6.90165E-1 7.00492E-1 7.12099E-1 7.16698E-1 7.20112E-1 7.28475E-1 7.3214E-1 6.15015E-1 4.11681E-1 4.14455E-1 4.17157E-1 4.20019E-1 5.47303E-1 5.51262E-1 5.53585E-1 5.56504E-1 5.59564E-1 5.58936E-1
6.23166E-1 5.03557E-1 5.1046E-1 5.11281E-1 5.17468E-1 5.17461E-1 5.25043E-1 5.24901E-1 5.25353E-1 5.28753E-1 5.29206E-1 5.37869E-1 5.37346E-1 6.56947E-1 5.38357E-1 5.47316E-1 6.81938E-1 6.78144E-1 6.73566E-1 6.7921E-1 6.7793E-1 6.78234E-1 6.76335E-1 6.82993E-1 6.83688E-1 6.83541E-1 6.90617E-1 6.91373E-1 6.89916E-1 6.91112E-1 6.92307E-1 6.99683E-1 7.01556E-1 7.01564E-1 7.0261E-1 7.02377E-1 7.08921E-1 7.11609E-1 7.13232E-1 7.22656E-1 7.29088E-1 7.35384E-1 6.90717E-1 6.98077E-1 7.00611E-1 7.1058E-1 7.14765E-1 5.96281E-1 7.25529E-1 6.02363E-1 6.11334E-1 6.14056E-1 4.10212E-1 4.20861E-1 4.22396E-1 4.22247E-1 5.43931E-1 5.46687E-1 5.51244E-1 5.52419E-1 5.56164E-1
5.01304E-1 5.12525E-1 5.18241E-1 5.16511E-1 5.17675E-1 5.27532E-1 5.24838E-1 5.2458E-1 5.32374E-1 5.3166E-1 5.3751E-1 5.35552E-1 5.31291E-1 5.35252E-1 5.45087E-1 5.54E-1 6.80963E-1 6.78297E-1 6.75262E-1 6.78708E-1 6.76363E-1 6.84667E-1 6.82594E-1 6.82119E-1 6.82707E-1 6.8256E-1 6.8908E-1 6.89227E-1 6.90568E-1 6.91324E-1 6.9133E-1 6.98712E-1 7.00144E-1 7.00607E-1 7.01215E-1 7.0882E-1 7.10006E-1 7.12955E-1 7.208E-1 7.22678E-1 7.26622E-1 7.34528E-1 6.9641E-1 6.93597E-1 6.9778E-1 7.08062E-1 7.10029E-1 5.92348E-1 5.94605E-1 5.96012E-1 6.06779E-1 6.10099E-1 6.21576E-1 4.16922E-1 4.19908E-1 4.20015E-1 4.21776E-1 4.23541E-1 4.25875E-1 5.46083E-1 4.30763E-1
5.11366E-1 5.11199E-1 5.1819E-1 5.18709E-1 5.26524E-1 5.25515E-1 5.25774E-1 5.32465E-1 5.33036E-1 5.40591E-1 5.39758E-1 5.36913E-1 5.40943E-1 5.39663E-1 5.51344E-1 5.53194E-1 6.79163E-1 6.77966E-1 6.82311E-1 6.79971E-1 6.7558E-1 6.83132E-1 6.83424E-1 6.83595E-1 6.83088E-1 6.80133E-1 6.88711E-1 6.89442E-1 6.90031E-1 6.90373E-1 6.90665E-1 6.96696E-1 6.98707E-1 6.9917E-1 7.00799E-1 7.08118E-1 7.10488E-1 7.12397E-1 7.20681E-1 7.22121E-1 7.31058E-1 7.31796E-1 6.92395E-1 6.94969E-1 5.7576E-1 7.03785E-1 7.06768E-1 5.89186E-1 5.90673E-1 6.02015E-1 6.05686E-1 6.05545E-1 6.14584E-1 6.15698E-1 6.19483E-1 4.14793E-1 4.19753E-1 4.26532E-1 4.2857E-1 4.27239E-1 4.32544E-1
