Artocarpus heterophyllus SDM files/MIS19/results (with bias file)/Arthet_2.asc
ncols         625
nrows         721
xllcorner     69.99986311115
yllcorner     5.99986187915
cellsize      0.041666667
NODATA_value  -9999
[rows 108 to 134 of 721, columns 122 to 182 of 625]
6.37518E-1 6.39989E-1 6.42371E-1 6.45777E-1 6.49681E-1 6.60262E-1 6.50517E-1 6.54813E-1 6.56437E-1 6.48437E-1 6.51195E-1 6.44537E-1 6.48835E-1 6.53279E-1 6.67246E-1 6.71405E-1 6.75865E-1 6.81476E-1 6.96738E-1 7.02917E-1 7.18511E-1 7.23301E-1 7.41925E-1 7.49116E-1 4.63288E-1 6.32953E-1 6.77538E-1 5.37509E-1 5.71026E-1 5.55743E-1 4.68501E-1 6.56994E-1 5.02905E-1 5.20994E-1 5.12362E-1 4.71636E-1 4.8426E-1 4.51544E-1 4.56256E-1 4.7025E-1 4.67595E-1 7.42814E-2 4.48453E-1 4.55026E-1 4.76699E-1 7.88E-2 4.91348E-2 5.76348E-2 4.13907E-2 3.86137E-2 8.39672E-2 9.2559E-2 2.74478E-2 3.37984E-2 3.09429E-2 3.8126E-2 3.05381E-2 3.18911E-2 7.55969E-2 1.06371E-1 2.88408E-2
6.46111E-1 6.49096E-1 6.52275E-1 6.56188E-1 6.55414E-1 6.47175E-1 6.38997E-1 6.52924E-1 6.44016E-1 6.46567E-1 6.5002E-1 6.44425E-1 6.58189E-1 6.62008E-1 6.65611E-1 6.69507E-1 6.73963E-1 6.78165E-1 6.93319E-1 6.98242E-1 7.02982E-1 7.18367E-1 7.35394E-1 7.39244E-1 5.25869E-1 6.37841E-1 6.29869E-1 6.7489E-1 7.20241E-1 5.57727E-1 5.39562E-1 4.63996E-1 6.70134E-1 4.97017E-1 4.9418E-1 4.58807E-1 6.62026E-1 4.57775E-1 6.30925E-1 4.75316E-1 4.48325E-1 4.50082E-1 4.31986E-1 1.57874E-1 8.77146E-2 7.15019E-2 4.92317E-2 2.89842E-2 3.86207E-2 2.70119E-2 2.62728E-2 3.75041E-2 8.73902E-2 1.0223E-1 4.86545E-2 4.67395E-2 5.06705E-2 4.57775E-2 1.01037E-1 1.28041E-1 4.50115E-2
6.44519E-1 6.48755E-1 6.57849E-1 6.49192E-1 6.43285E-1 6.44985E-1 6.46826E-1 6.37958E-1 6.43143E-1 6.46765E-1 6.50181E-1 6.53578E-1 6.57502E-1 6.61041E-1 6.74563E-1 6.67429E-1 6.71479E-1 6.84841E-1 6.89257E-1 6.94025E-1 6.97224E-1 7.01608E-1 7.1742E-1 7.32531E-1 7.272E-1 6.37487E-1 6.55811E-1 6.28115E-1 6.87508E-1 5.36054E-1 5.43613E-1 5.18259E-1 6.33214E-1 6.81141E-1 4.91103E-1 4.523E-1 6.33509E-1 4.85263E-1 4.56519E-1 4.6916E-1 4.56468E-1 6.67601E-1 5.01017E-1 4.13371E-1 1.51242E-1 7.28635E-2 5.37696E-2 4.22469E-2 3.82611E-2 3.97581E-2 4.21559E-2 3.91453E-2 3.44256E-2 1.14433E-1 1.34621E-1 1.21911E-1 6.06542E-2 3.29288E-2 1.11478E-1 1.47944E-1 1.32669E-1
6.42173E-1 6.52769E-1 6.5323E-1 6.48833E-1 6.51037E-1 6.43031E-1 6.33655E-1 6.37338E-1 6.53351E-1 6.55522E-1 6.58348E-1 6.63169E-1 6.66276E-1 6.69813E-1 6.72848E-1 6.75508E-1 6.79459E-1 6.83192E-1 6.86842E-1 6.90436E-1 6.93651E-1 6.98207E-1 7.13833E-1 7.17038E-1 7.18692E-1 6.79761E-1 6.3818E-1 6.33143E-1 6.409E-1 6.99283E-1 7.24641E-1 6.93267E-1 4.70092E-1 6.34327E-1 6.52855E-1 4.57954E-1 6.28234E-1 6.31559E-1 4.60595E-1 6.218E-1 6.36879E-1 6.42778E-1 6.45434E-1 4.40072E-1 6.89556E-2 6.67255E-2 5.28264E-2 5.4307E-2 5.41139E-2 5.51929E-2 1.14482E-1 5.9248E-2 5.6606E-2 1.21077E-1 1.32623E-1 1.46295E-1 6.01366E-2 5.31968E-2 1.08558E-1 1.65167E-1 1.61312E-1
5.68026E-1 6.35366E-1 6.50263E-1 6.44462E-1 6.38812E-1 6.404E-1 6.4346E-1 6.47349E-1 6.40195E-1 6.55353E-1 6.58564E-1 6.61357E-1 6.65151E-1 6.67738E-1 6.70595E-1 6.73795E-1 6.76665E-1 6.80125E-1 6.83095E-1 6.86432E-1 6.90431E-1 7.05483E-1 7.10104E-1 7.12232E-1 7.25673E-1 7.08403E-1 6.33545E-1 6.31576E-1 6.18749E-1 6.51318E-1 6.81483E-1 7.04959E-1 5.37137E-1 4.78296E-1 6.37841E-1 6.31352E-1 6.42493E-1 6.25115E-1 4.59008E-1 6.30019E-1 4.66679E-1 4.84431E-1 4.75026E-1 4.65164E-1 4.31681E-1 6.38738E-2 5.56521E-2 1.33324E-1 1.34409E-1 6.24361E-2 1.30529E-1 1.38959E-1 6.10979E-2 1.45924E-1 1.57858E-1 1.67376E-1 1.6029E-1 1.66156E-1 1.65361E-1 1.46476E-1 1.55969E-1
5.68761E-1 6.30302E-1 6.2262E-1 6.4132E-1 6.44107E-1 6.36129E-1 6.43394E-1 6.46185E-1 6.49437E-1 6.6475E-1 6.68066E-1 6.72135E-1 6.64246E-1 6.67131E-1 6.68861E-1 6.69763E-1 6.73489E-1 6.76786E-1 6.80065E-1 6.84181E-1 6.88396E-1 7.01591E-1 7.05753E-1 7.20796E-1 7.34748E-1 7.37746E-1 6.7805E-1 6.25835E-1 6.28259E-1 6.15278E-1 6.49111E-1 6.89474E-1 7.2061E-1 5.43398E-1 4.59563E-1 6.35787E-1 4.53513E-1 6.5497E-1 6.25383E-1 6.35886E-1 4.63805E-1 6.44953E-1 4.60049E-1 4.14991E-1 1.60463E-1 6.07848E-1 1.39362E-1 1.45932E-1 5.90659E-2 6.05489E-2 6.36525E-2 1.40857E-1 1.32416E-1 1.40805E-1 1.60155E-1 1.40316E-1 1.63179E-1 1.43797E-1 1.47585E-1 1.34016E-1 1.34253E-1
5.57322E-1 5.60976E-1 6.21367E-1 6.46276E-1 6.39419E-1 6.35242E-1 6.39672E-1 6.45246E-1 6.49084E-1 6.64485E-1 6.67106E-1 6.6998E-1 6.73614E-1 6.6572E-1 6.65936E-1 6.58967E-1 6.612E-1 6.64274E-1 6.67138E-1 6.70422E-1 6.82992E-1 6.86973E-1 7.00505E-1 7.14663E-1 7.29569E-1 7.42635E-1 7.53347E-1 7.2099E-1 6.29018E-1 6.37671E-1 6.12487E-1 6.47435E-1 6.76855E-1 7.0612E-1 7.25915E-1 5.07922E-1 4.53015E-1 4.56166E-1 6.5372E-1 6.54428E-1 6.49475E-1 4.70095E-1 4.73429E-1 6.27129E-1 1.59509E-1 1.53378E-1 5.98254E-1 6.00745E-1 3.89163E-1 6.88209E-2 1.45494E-1 1.4597E-1 5.84733E-1 1.69552E-1 1.60134E-1 4.85982E-2 8.87768E-2 9.47613E-2 9.63642E-2 1.02594E-1 7.67761E-2
5.5429E-1 5.57592E-1 6.26385E-1 6.34829E-1 6.36621E-1 6.43013E-1 6.48283E-1 6.42964E-1 6.56784E-1 6.63786E-1 6.65628E-1 6.67634E-1 6.70424E-1 6.71716E-1 6.64511E-1 6.68136E-1 6.60834E-1 6.6301E-1 6.65745E-1 6.68093E-1 6.70242E-1 6.72241E-1 6.84599E-1 6.87265E-1 7.00559E-1 7.12884E-1 7.39631E-1 7.70078E-1 7.39914E-1 6.48562E-1 6.22341E-1 6.14001E-1 6.33845E-1 6.61482E-1 6.9124E-1 7.09686E-1 5.20454E-1 4.9659E-1 4.56644E-1 4.70839E-1 6.40027E-1 4.68214E-1 1.6055E-1 1.70686E-1 1.54703E-1 1.53512E-1 5.77536E-1 6.29399E-1 6.44976E-1 6.34308E-1 6.24783E-1 1.64484E-1 1.34297E-1 1.41831E-1 5.05151E-2 4.87534E-2 3.75517E-2 3.18859E-2 6.80542E-2 3.28981E-2 8.55398E-2
5.60783E-1 5.54467E-1 6.24761E-1 6.39935E-1 6.35367E-1 6.40859E-1 6.43883E-1 6.49234E-1 6.50744E-1 6.46146E-1 6.62658E-1 6.55967E-1 6.57972E-1 6.61528E-1 6.64792E-1 6.67115E-1 6.70049E-1 6.62517E-1 6.64088E-1 6.5648E-1 6.68085E-1 6.70365E-1 6.72164E-1 6.73759E-1 6.75429E-1 6.87877E-1 7.01888E-1 7.15033E-1 7.28904E-1 7.23178E-1 6.31916E-1 6.21197E-1 6.15474E-1 6.19506E-1 6.46764E-1 6.67305E-1 6.89442E-1 5.29905E-1 5.02113E-1 4.58782E-1 6.43913E-1 4.54144E-1 4.00086E-1 1.26992E-1 1.35971E-1 1.45261E-1 1.63778E-1 1.65459E-1 1.70331E-1 1.61138E-1 1.45739E-1 1.44006E-1 4.95101E-2 5.06932E-2 5.14826E-2 4.87873E-2 9.63819E-2 4.24159E-2 9.32405E-2 3.84101E-2 8.47297E-2
5.48385E-1 5.52048E-1 6.3074E-1 6.39754E-1 6.42279E-1 6.47074E-1 6.40387E-1 6.44685E-1 6.49503E-1 6.45441E-1 6.62038E-1 6.66596E-1 6.69036E-1 6.61354E-1 6.63489E-1 6.66094E-1 6.69771E-1 6.71405E-1 6.63608E-1 6.66256E-1 6.68204E-1 6.69289E-1 6.71158E-1 6.72373E-1 6.6328E-1 6.755E-1 6.88199E-1 7.01668E-1 7.15652E-1 7.20227E-1 7.01279E-1 6.21859E-1 6.20666E-1 6.13818E-1 6.16328E-1 6.49515E-1 6.70447E-1 6.87988E-1 5.09256E-1 4.68274E-1 4.42509E-1 6.3313E-1 4.85544E-1 4.01419E-1 4.52419E-1 4.44564E-1 1.52525E-1 1.37053E-1 6.71489E-2 1.43046E-1 6.75698E-2 1.25245E-1 1.32436E-1 1.20625E-1 1.13955E-1 1.04056E-1 1.05027E-1 9.57356E-2 1.01676E-1 1.00567E-1 4.09471E-2
5.57633E-1 5.49627E-1 6.2965E-1 6.35371E-1 6.39824E-1 6.41632E-1 6.49581E-1 6.45575E-1 6.4968E-1 6.53772E-1 6.61217E-1 6.65104E-1 6.67809E-1 6.70771E-1 6.6315E-1 6.66235E-1 6.68987E-1 6.70933E-1 6.73123E-1 6.75675E-1 6.78351E-1 6.70074E-1 6.71084E-1 6.72838E-1 6.74358E-1 6.75396E-1 6.76562E-1 6.99257E-1 7.14328E-1 7.28709E-1 7.31736E-1 7.0203E-1 6.22249E-1 6.16091E-1 6.21679E-1 6.3491E-1 6.42042E-1 6.58665E-1 6.7777E-1 4.95717E-1 4.57273E-1 6.23662E-1 6.33336E-1 6.25333E-1 6.42507E-1 4.4983E-1 4.20937E-1 1.50284E-1 1.26318E-1 5.74626E-2 5.19803E-2 4.79237E-2 3.9338E-2 1.10027E-1 1.04382E-1 1.04786E-1 1.20329E-1 1.2415E-1 1.2884E-1 1.18175E-1 9.34974E-2
5.53292E-1 5.57162E-1 6.25607E-1 6.35009E-1 6.39101E-1 6.41632E-1 6.46428E-1 6.58502E-1 6.55311E-1 6.62E-1 6.566E-1 6.73148E-1 6.67549E-1 6.70501E-1 6.73338E-1 6.76948E-1 6.797E-1 6.81442E-1 6.8354E-1 6.86882E-1 6.79573E-1 6.91363E-1 6.92517E-1 6.9461E-1 6.95898E-1 6.95998E-1 6.97981E-1 6.99578E-1 7.11854E-1 7.25858E-1 7.39397E-1 7.42818E-1 7.02583E-1 6.35676E-1 6.43091E-1 6.32316E-1 6.38324E-1 6.34944E-1 6.56961E-1 6.78922E-1 5.08906E-1 4.53716E-1 4.55395E-1 4.52216E-1 6.27116E-1 4.41998E-1 4.09363E-1 1.51475E-1 1.45439E-1 5.95233E-2 5.87778E-2 5.63535E-2 4.53374E-2 4.76403E-2 1.25637E-1 1.29101E-1 6.11707E-2 5.219E-2 3.65225E-2 3.49147E-2 3.91473E-2
5.52397E-1 5.5591E-1 6.24877E-1 6.42725E-1 6.45091E-1 6.49006E-1 6.45171E-1 6.47865E-1 6.52175E-1 6.57184E-1 6.62886E-1 6.6714E-1 6.77057E-1 6.80832E-1 6.84225E-1 6.8454E-1 6.88027E-1 6.90131E-1 6.82724E-1 6.95408E-1 6.96643E-1 6.87392E-1 6.9954E-1 7.02204E-1 7.0251E-1 6.92947E-1 7.05076E-1 7.05861E-1 7.07288E-1 7.10306E-1 7.23261E-1 7.37034E-1 7.51458E-1 6.88993E-1 6.56139E-1 6.31257E-1 6.17863E-1 6.21721E-1 6.20129E-1 6.77671E-1 5.32567E-1 4.59287E-1 4.44669E-1 4.27559E-1 4.35557E-1 6.24323E-1 4.35839E-1 1.58654E-1 1.31168E-1 1.20328E-1 1.29026E-1 5.37531E-2 5.04791E-2 5.88884E-2 1.21107E-1 1.32527E-1 5.92174E-2 5.3405E-2 3.80674E-2 1.10325E-1 4.44668E-2
5.50392E-1 5.51928E-1 6.32575E-1 6.27097E-1 6.44304E-1 6.47917E-1 6.40711E-1 6.46249E-1 6.50922E-1 6.54776E-1 6.59417E-1 6.6395E-1 6.7111E-1 6.76882E-1 6.7979E-1 6.71502E-1 6.74952E-1 6.78058E-1 6.79853E-1 6.81807E-1 6.83873E-1 6.87005E-1 6.9775E-1 6.89253E-1 6.90748E-1 6.91721E-1 6.92156E-1 6.93111E-1 6.93697E-1 6.95158E-1 6.9678E-1 6.98076E-1 7.09068E-1 7.12626E-1 6.87866E-1 6.37868E-1 6.31274E-1 6.27627E-1 6.34986E-1 6.2317E-1 6.6936E-1 5.37632E-1 5.4185E-1 4.81726E-1 4.37213E-1 6.46598E-1 6.44835E-1 4.16354E-1 1.37279E-1 1.42715E-1 1.21598E-1 5.82528E-2 1.24759E-1 2.24236E-1 7.01401E-2 4.85286E-2 1.38533E-1 5.19673E-2 3.84647E-2 9.68525E-2 1.24633E-1
5.58659E-1 5.60643E-1 6.21479E-1 6.33993E-1 6.41026E-1 6.44764E-1 6.49117E-1 6.44725E-1 6.49223E-1 6.5479E-1 6.49234E-1 6.54034E-1 6.57842E-1 6.64403E-1 6.67712E-1 6.69621E-1 6.62155E-1 6.74154E-1 6.67164E-1 6.79582E-1 6.81807E-1 6.83688E-1 6.85054E-1 6.86795E-1 6.97607E-1 6.98936E-1 6.89397E-1 6.907E-1 6.91151E-1 6.8202E-1 6.83041E-1 6.84585E-1 6.85357E-1 6.85569E-1 6.76312E-1 6.68955E-1 6.71394E-1 6.66356E-1 6.59396E-1 6.30924E-1 6.22117E-1 6.73483E-1 5.11439E-1 4.59204E-1 4.38736E-1 4.29324E-1 1.64549E-1 1.64156E-1 1.22653E-1 2.37474E-1 1.23419E-1 1.16843E-1 2.33031E-1 1.44075E-1 1.41444E-1 4.69727E-2 1.05956E-1 3.48568E-2 9.03694E-2 1.15934E-1 1.3483E-1
5.5584E-1 5.58368E-1 5.70926E-1 6.33445E-1 6.50842E-1 6.52844E-1 6.48394E-1 6.52469E-1 6.56975E-1 6.52724E-1 6.57727E-1 6.55374E-1 6.5946E-1 6.75003E-1 6.77176E-1 6.69695E-1 6.61983E-1 6.63739E-1 6.6685E-1 6.67909E-1 6.80325E-1 6.82514E-1 6.83397E-1 6.85642E-1 6.86976E-1 6.87805E-1 6.89274E-1 6.89573E-1 6.80245E-1 6.70276E-1 6.69919E-1 6.61284E-1 6.62033E-1 6.63793E-1 6.6588E-1 6.66117E-1 6.59919E-1 6.74085E-1 6.80856E-1 6.62421E-1 6.31357E-1 6.27617E-1 6.52946E-1 5.17181E-1 4.33705E-1 1.31255E-1 1.45095E-1 1.22488E-1 1.32508E-1 1.32423E-1 1.48688E-1 5.777E-1 1.40646E-1 1.21365E-1 4.80971E-2 3.95674E-2 3.06525E-2 3.26951E-2 7.69681E-2 3.8721E-2 3.7885E-2
5.55555E-1 5.67649E-1 5.59996E-1 6.3096E-1 6.46438E-1 6.51752E-1 6.56296E-1 6.60198E-1 6.54271E-1 6.60482E-1 6.55858E-1 6.60491E-1 6.56784E-1 6.61212E-1 6.64005E-1 6.7891E-1 6.81239E-1 6.83648E-1 6.76788E-1 6.78077E-1 6.80898E-1 6.82319E-1 6.83692E-1 6.95673E-1 6.97143E-1 6.98152E-1 6.98979E-1 6.99899E-1 7.01361E-1 6.92185E-1 6.93912E-1 6.8566E-1 6.85719E-1 6.85607E-1 6.7658E-1 6.67685E-1 6.70625E-1 6.73915E-1 6.89098E-1 7.06217E-1 6.89022E-1 6.53523E-1 6.33859E-1 4.91765E-1 5.32094E-1 4.3912E-1 4.09657E-1 1.4583E-1 1.43895E-1 1.53837E-1 3.93809E-1 4.12542E-1 1.30828E-1 1.43603E-1 5.13737E-2 3.64025E-2 2.57645E-2 1.9872E-2 2.75174E-2 4.47662E-2 4.9265E-2
5.62415E-1 5.65178E-1 5.67365E-1 5.69513E-1 6.31326E-1 6.48551E-1 6.61274E-1 6.56939E-1 6.61282E-1 6.57248E-1 6.60932E-1 6.65761E-1 6.63601E-1 6.68554E-1 6.72127E-1 6.75239E-1 6.76706E-1 6.92662E-1 6.95652E-1 6.87339E-1 6.8859E-1 7.00217E-1 6.92325E-1 7.04432E-1 7.0563E-1 7.06984E-1 7.08439E-1 7.09871E-1 7.1069E-1 7.12754E-1 7.1386E-1 7.04877E-1 7.05527E-1 6.96589E-1 6.87491E-1 6.88742E-1 6.80755E-1 6.83633E-1 6.86788E-1 6.90422E-1 7.0756E-1 7.13064E-1 6.81386E-1 6.8677E-1 5.29781E-1 4.80972E-1 4.06141E-1 4.83648E-1 1.5039E-1 5.87711E-1 1.64245E-1 1.61325E-1 6.04462E-1 1.22845E-1 1.2824E-1 9.7023E-2 4.6232E-2 3.46796E-2 3.02921E-2 5.68096E-2 2.0713E-1
5.63593E-1 5.63979E-1 5.76103E-1 5.78296E-1 6.39018E-1 6.56427E-1 6.60362E-1 6.54299E-1 6.5829E-1 6.64265E-1 6.68494E-1 6.72348E-1 6.69147E-1 6.75002E-1 6.69434E-1 6.73004E-1 6.75925E-1 6.90499E-1 6.92911E-1 7.05988E-1 7.07664E-1 7.00447E-1 7.01232E-1 7.12616E-1 7.1416E-1 7.15959E-1 7.17629E-1 7.19088E-1 7.20254E-1 7.21081E-1 7.22496E-1 7.1375E-1 7.14928E-1 7.15984E-1 7.07527E-1 6.99224E-1 6.90832E-1 6.93165E-1 6.96263E-1 7.00148E-1 7.02523E-1 7.20482E-1 7.13729E-1 7.03764E-1 7.04321E-1 5.40932E-1 5.26584E-1 4.61248E-1 4.2535E-1 1.25897E-1 1.39571E-1 1.19287E-1 1.3961E-1 4.22663E-1 1.52695E-1 1.10721E-1 1.14842E-1 1.11738E-1 4.13187E-2 4.62879E-2 1.04719E-1
5.62494E-1 5.71154E-1 5.7388E-1 5.75452E-1 5.80954E-1 6.49932E-1 6.67495E-1 6.61274E-1 6.65192E-1 6.60656E-1 6.6345E-1 6.7136E-1 6.65316E-1 6.79738E-1 6.75884E-1 6.78706E-1 6.842E-1 6.86879E-1 6.89388E-1 7.03423E-1 7.05552E-1 7.17764E-1 7.20145E-1 7.11186E-1 7.12073E-1 7.23716E-1 7.25518E-1 7.26733E-1 7.28175E-1 7.29508E-1 7.20854E-1 7.22271E-1 7.22748E-1 7.14246E-1 7.0603E-1 7.08612E-1 7.00875E-1 6.92376E-1 6.95483E-1 6.98578E-1 7.0274E-1 7.15668E-1 7.11842E-1 6.89082E-1 6.41731E-1 6.44978E-1 4.77052E-1 4.54965E-1 4.7844E-1 4.58723E-1 1.41923E-1 1.51217E-1 1.17535E-1 3.89755E-1 1.39919E-1 1.51434E-1 1.57835E-1 1.07078E-1 3.75026E-2 1.3024E-1 1.47122E-1
5.71038E-1 5.63227E-1 5.75441E-1 5.74795E-1 5.86822E-1 6.4744E-1 6.52785E-1 6.68044E-1 6.63555E-1 6.661E-1 6.71896E-1 6.75769E-1 6.72434E-1 6.75115E-1 6.80625E-1 6.83904E-1 6.8918E-1 6.83628E-1 6.87716E-1 6.90259E-1 7.03767E-1 7.1497E-1 7.17363E-1 7.29313E-1 7.20677E-1 7.21701E-1 7.33389E-1 7.25655E-1 7.26045E-1 7.27993E-1 7.29443E-1 7.21779E-1 7.21615E-1 7.13283E-1 7.1531E-1 7.07762E-1 7.0973E-1 7.0237E-1 7.0455E-1 6.96791E-1 6.99609E-1 7.02118E-1 7.05327E-1 7.04163E-1 7.15076E-1 7.36032E-1 7.39134E-1 4.8164E-1 4.68697E-1 4.58009E-1 4.21713E-1 1.46617E-1 4.15189E-1 1.45474E-1 1.46945E-1 4.57257E-1 1.16831E-1 1.24209E-1 4.39319E-2 7.43364E-2 9.8405E-2
5.68609E-1 5.70567E-1 5.74338E-1 5.83584E-1 5.85166E-1 5.88573E-1 6.57792E-1 6.66763E-1 6.68958E-1 6.74787E-1 6.78682E-1 6.72798E-1 6.78634E-1 6.82657E-1 6.85774E-1 6.81157E-1 6.93207E-1 6.98303E-1 7.00763E-1 6.96007E-1 6.99182E-1 7.13087E-1 7.14799E-1 7.26089E-1 7.27846E-1 7.30551E-1 7.31748E-1 7.32125E-1 7.34092E-1 7.25879E-1 7.27612E-1 7.29113E-1 7.20463E-1 7.12223E-1 7.13849E-1 7.16204E-1 7.08485E-1 7.0989E-1 7.01767E-1 6.94267E-1 6.85535E-1 6.87061E-1 6.76137E-1 6.83939E-1 7.02766E-1 7.1679E-1 7.2123E-1 7.26049E-1 7.30125E-1 7.36284E-1 7.5082E-1 4.90323E-1 4.09562E-1 4.42035E-1 4.04834E-1 3.81498E-1 4.60376E-1 1.64637E-1 1.46782E-1 1.12016E-1 1.35898E-1
5.77351E-1 5.78764E-1 5.82573E-1 5.84962E-1 5.86552E-1 5.85534E-1 5.89492E-1 6.6028E-1 6.76252E-1 6.71604E-1 6.7379E-1 6.79405E-1 6.81575E-1 6.7953E-1 6.82216E-1 6.86665E-1 6.90475E-1 6.9431E-1 6.96295E-1 7.00236E-1 7.03806E-1 7.08693E-1 7.10448E-1 7.24219E-1 7.26089E-1 7.38062E-1 7.29537E-1 7.31505E-1 7.32887E-1 7.3452E-1 7.26045E-1 7.27993E-1 7.19521E-1 7.20957E-1 7.22861E-1 7.14517E-1 7.05495E-1 6.98196E-1 6.99862E-1 6.91407E-1 6.82591E-1 6.71137E-1 6.52753E-1 6.47191E-1 6.64414E-1 6.77524E-1 6.78783E-1 6.94498E-1 7.39273E-1 7.48886E-1 7.48793E-1 7.3802E-1 7.25953E-1 4.30232E-1 4.42405E-1 4.54461E-1 6.59374E-1 4.982E-1 4.5251E-1 7.99914E-2 1.83916E-1
5.74648E-1 5.76691E-1 5.79506E-1 5.82944E-1 5.84726E-1 5.9417E-1 5.96389E-1 6.58992E-1 6.3681E-1 6.62835E-1 6.58351E-1 6.50187E-1 6.82199E-1 6.84541E-1 6.88654E-1 6.92845E-1 6.96303E-1 6.98873E-1 7.02304E-1 7.06247E-1 7.08264E-1 7.13282E-1 7.08608E-1 7.10621E-1 7.1241E-1 7.13958E-1 7.27278E-1 7.29629E-1 7.31076E-1 7.32926E-1 7.25309E-1 7.26122E-1 7.28274E-1 7.19797E-1 7.10907E-1 7.02756E-1 7.0436E-1 6.96095E-1 6.97306E-1 6.8947E-1 6.79523E-1 6.612E-1 6.53665E-1 6.47208E-1 6.60853E-1 6.5257E-1 6.58009E-1 6.74585E-1 7.06968E-1 7.16531E-1 7.14389E-1 7.23009E-1 7.10645E-1 7.55151E-1 7.64259E-1 7.18864E-1 6.56177E-1 6.72284E-1 6.89637E-1 6.91483E-1 7.09541E-1
5.62712E-1 5.85269E-1 5.87912E-1 5.89963E-1 5.92298E-1 5.94345E-1 5.95464E-1 5.73455E-1 6.44316E-1 6.59617E-1 6.54962E-1 6.59267E-1 6.87429E-1 6.91662E-1 6.84901E-1 6.88393E-1 6.91342E-1 6.94807E-1 7.00537E-1 7.02834E-1 7.06071E-1 7.10078E-1 7.12176E-1 7.16989E-1 7.20041E-1 7.22016E-1 7.25919E-1 7.27995E-1 7.29345E-1 7.32343E-1 7.3402E-1 7.25476E-1 7.17014E-1 7.18308E-1 7.09916E-1 7.01276E-1 7.03263E-1 6.942E-1 6.86427E-1 6.87932E-1 6.78765E-1 6.70187E-1 6.5182E-1 6.56166E-1 6.58404E-1 6.51457E-1 6.43429E-1 6.50075E-1 6.66133E-1 6.95448E-1 7.0954E-1 6.82024E-1 6.99054E-1 7.28962E-1 7.69686E-1 7.91895E-1 7.73517E-1 7.44112E-1 7.66931E-1 7.8758E-1 7.95915E-1
5.61186E-1 5.63285E-1 5.87166E-1 5.98956E-1 6.02335E-1 5.92856E-1 5.82701E-1 5.75028E-1 5.8565E-1 6.44872E-1 6.63472E-1 6.65967E-1 6.6E-1 6.63737E-1 6.91662E-1 6.9613E-1 6.98991E-1 7.01571E-1 7.05198E-1 7.08806E-1 7.04749E-1 7.16398E-1 7.10253E-1 7.13456E-1 7.17249E-1 7.19869E-1 7.22871E-1 7.26599E-1 7.27882E-1 7.30497E-1 7.31549E-1 7.24348E-1 7.25835E-1 7.1655E-1 7.07661E-1 6.9936E-1 7.01746E-1 6.9258E-1 6.85223E-1 6.85534E-1 6.76099E-1 6.68573E-1 6.6084E-1 6.64225E-1 6.5722E-1 6.48835E-1 6.43242E-1 6.4787E-1 6.62305E-1 6.78091E-1 6.82904E-1 6.68228E-1 6.78573E-1 7.17255E-1 7.39028E-1 7.5003E-1 7.16846E-1 6.63199E-1 6.60609E-1 6.91912E-1 7.58637E-1
5.68831E-1 5.70176E-1 5.81522E-1 5.95861E-1 5.98031E-1 5.79504E-1 5.71342E-1 5.83813E-1 5.82981E-1 6.51736E-1 6.69322E-1 6.61205E-1 6.66518E-1 6.70705E-1 6.64467E-1 6.91047E-1 6.96487E-1 6.99884E-1 7.02285E-1 7.0573E-1 7.09159E-1 7.04664E-1 7.16573E-1 7.20031E-1 7.22868E-1 7.18316E-1 7.2084E-1 7.25239E-1 7.27768E-1 7.28723E-1 7.20357E-1 7.22172E-1 7.23714E-1 7.1539E-1 7.06502E-1 6.98204E-1 7.00337E-1 6.9227E-1 6.83881E-1 6.83453E-1 6.74967E-1 6.65808E-1 6.58203E-1 6.62669E-1 6.54791E-1 6.58301E-1 6.52917E-1 6.56621E-1 6.60085E-1 6.64436E-1 6.66842E-1 6.99133E-1 7.2699E-1 7.45815E-1 7.70907E-1 7.57329E-1 7.54147E-1 7.4851E-1 6.71098E-1 7.00465E-1 6.71385E-1
