Artocarpus heterophyllus SDM files/MIS19/results (with bias file)/Arthet_stddev.asc
ncols         625
nrows         721
xllcorner     69.99986311115
yllcorner     5.99986187915
cellsize      0.041666667
NODATA_value  -9999
[rows 216 to 242 of 721, columns 305 to 365 of 625]
2.35297E-2 2.35417E-2 2.32864E-2 2.33174E-2 2.33363E-2 2.33652E-2 2.19106E-2 2.19853E-2 2.19318E-2 2.19885E-2 2.07589E-2 2.09769E-2 2.10608E-2 2.03447E-2 2.13618E-2 2.01943E-2 2.01379E-2 2.06809E-2 2.06577E-2 2.14093E-2 2.03441E-2 2.04E-2 2.06078E-2 2.57533E-2 2.57364E-2 2.56891E-2 2.57278E-2 2.5762E-2 2.68772E-2 2.69934E-2 2.75419E-2 2.74832E-2 2.74271E-2 2.73999E-2 2.73323E-2 2.73244E-2 2.73021E-2 2.85126E-2 2.8454E-2 2.05984E-2 2.0297E-2 2.03155E-2 2.04192E-2 2.79336E-2 2.79211E-2 2.96741E-2 2.97263E-2 3.05338E-2 2.92487E-2 3.01471E-2 3.01971E-2 2.94588E-2 2.95189E-2 2.96035E-2 3.06645E-2 3.00291E-2 3.00783E-2 3.00735E-2 3.01151E-2 2.86421E-2 2.86726E-2
2.34846E-2 2.35148E-2 2.32307E-2 2.3278E-2 2.32988E-2 2.33371E-2 1.45065E-2 2.19095E-2 2.19859E-2 2.20643E-2 1.26544E-2 1.40996E-2 2.09614E-2 2.02851E-2 2.0322E-2 2.0238E-2 2.05372E-2 2.05732E-2 2.10923E-2 2.02095E-2 2.01477E-2 2.03215E-2 2.03388E-2 2.03748E-2 2.18118E-2 2.17211E-2 2.67102E-2 2.97456E-2 2.69009E-2 2.91507E-2 2.73646E-2 2.91473E-2 2.91127E-2 2.91349E-2 2.11519E-2 2.11406E-2 2.08373E-2 1.96109E-2 1.9683E-2 1.97405E-2 2.06911E-2 1.95267E-2 2.03053E-2 2.01917E-2 2.0284E-2 3.13211E-2 3.10681E-2 3.04488E-2 2.76384E-2 2.92493E-2 3.01537E-2 3.02155E-2 2.94901E-2 3.04485E-2 3.057E-2 3.06298E-2 3.0665E-2 2.99249E-2 3.00301E-2 3.02119E-2 3.02667E-2
2.31419E-2 2.31729E-2 2.20126E-2 2.32316E-2 2.17407E-2 2.17646E-2 2.18113E-2 1.4466E-2 2.19216E-2 1.2929E-2 1.4257E-2 1.41952E-2 1.41242E-2 1.47139E-2 2.02189E-2 2.01842E-2 2.04924E-2 2.003E-2 2.0046E-2 2.00655E-2 2.00881E-2 2.0127E-2 2.01663E-2 2.02025E-2 2.03218E-2 2.02946E-2 2.03834E-2 2.0651E-2 2.16826E-2 2.00292E-2 2.10383E-2 2.01027E-2 2.10633E-2 2.13737E-2 2.08643E-2 1.95585E-2 1.95582E-2 1.94786E-2 1.9568E-2 1.96091E-2 1.93843E-2 1.93844E-2 1.94562E-2 1.95121E-2 2.58671E-2 2.90217E-2 3.13211E-2 2.88262E-2 3.04773E-2 2.7994E-2 2.79544E-2 2.73417E-2 2.73041E-2 3.11329E-2 3.12246E-2 3.04689E-2 3.04823E-2 2.95654E-2 2.89487E-2 3.00532E-2 3.01461E-2
2.34262E-2 2.19539E-2 2.31629E-2 2.16401E-2 2.16843E-2 2.17304E-2 2.17762E-2 1.30899E-2 1.45166E-2 1.43167E-2 1.28685E-2 1.43072E-2 1.42105E-2 1.47918E-2 1.47701E-2 1.47547E-2 1.98725E-2 1.99409E-2 1.9977E-2 1.99835E-2 2.00186E-2 2.00567E-2 2.01052E-2 2.01285E-2 2.0168E-2 1.98811E-2 1.99396E-2 1.97207E-2 1.97862E-2 2.00058E-2 2.00143E-2 2.00756E-2 1.96427E-2 1.95804E-2 1.959E-2 1.9509E-2 1.94504E-2 1.94504E-2 1.94409E-2 1.94596E-2 1.93328E-2 1.94161E-2 1.94539E-2 1.94491E-2 2.58832E-2 2.90344E-2 2.90191E-2 2.85799E-2 3.04593E-2 2.80624E-2 2.80145E-2 2.79811E-2 2.7443E-2 2.74439E-2 2.73515E-2 2.94543E-2 2.94618E-2 2.94903E-2 2.95555E-2 2.96902E-2 2.96928E-2
2.34043E-2 2.31044E-2 2.31199E-2 2.15971E-2 2.16286E-2 2.16726E-2 2.15517E-2 1.31845E-2 1.31669E-2 1.44888E-2 1.43604E-2 1.43181E-2 1.43186E-2 1.48771E-2 1.48548E-2 1.48539E-2 2.00993E-2 1.98716E-2 1.99187E-2 1.99255E-2 1.99468E-2 2E-2 2.00219E-2 2.00748E-2 1.97525E-2 1.97919E-2 1.95882E-2 1.96244E-2 2.0091E-2 2.01367E-2 2.01828E-2 2.0246E-2 1.9361E-2 1.94912E-2 1.94711E-2 1.94421E-2 1.94134E-2 1.93579E-2 1.91664E-2 1.91758E-2 1.92138E-2 1.93534E-2 1.9399E-2 2.49225E-2 3.00662E-2 3.00386E-2 2.90387E-2 2.85997E-2 2.85722E-2 2.99227E-2 2.80624E-2 2.80491E-2 2.80639E-2 2.74763E-2 2.74773E-2 2.74074E-2 2.74005E-2 2.94078E-2 2.95069E-2 2.95621E-2 2.95688E-2
2.33715E-2 2.30733E-2 2.31054E-2 2.31209E-2 2.15985E-2 2.16295E-2 2.15019E-2 1.32722E-2 1.31942E-2 1.27583E-2 1.44888E-2 1.43697E-2 1.43725E-2 1.43305E-2 1.34838E-2 1.48911E-2 2.00719E-2 2.011E-2 1.98536E-2 1.98431E-2 1.98937E-2 1.99453E-2 1.99388E-2 2.00189E-2 1.94775E-2 1.94511E-2 1.95076E-2 1.99332E-2 1.99933E-2 2.00695E-2 2.0094E-2 2.00857E-2 2.00968E-2 2.02548E-2 1.92734E-2 1.91767E-2 1.91671E-2 1.91157E-2 1.90784E-2 1.90877E-2 1.91388E-2 1.92524E-2 1.9314E-2 2.49697E-2 2.94087E-2 3.00765E-2 3.0063E-2 2.96889E-2 2.86037E-2 2.85865E-2 3.02688E-2 2.81125E-2 2.99321E-2 2.81075E-2 2.80873E-2 2.75861E-2 2.71167E-2 2.69745E-2 2.68467E-2 2.64561E-2 2.6339E-2
2.26717E-2 2.30515E-2 2.30701E-2 2.30958E-2 2.15653E-2 2.14062E-2 2.14533E-2 1.33626E-2 1.3285E-2 1.2769E-2 1.31047E-2 1.44492E-2 1.38606E-2 1.2384E-2 1.24453E-2 1.49694E-2 2.00075E-2 1.97758E-2 2.01489E-2 1.42529E-2 1.9839E-2 1.98909E-2 1.954E-2 1.96055E-2 1.96587E-2 1.98009E-2 2.00803E-2 1.9886E-2 1.98996E-2 1.99619E-2 1.99756E-2 2.02E-2 2.00488E-2 2.03571E-2 2.04244E-2 2.04783E-2 2.084E-2 1.95096E-2 1.9042E-2 1.90876E-2 1.90876E-2 2.50859E-2 2.50428E-2 2.94687E-2 2.94639E-2 2.94673E-2 3.0107E-2 2.97068E-2 2.96801E-2 2.86105E-2 2.85944E-2 2.82857E-2 2.84595E-2 2.84625E-2 2.88346E-2 3.05024E-2 2.85856E-2 2.70901E-2 2.70011E-2 2.66957E-2 2.61749E-2
2.26633E-2 2.26799E-2 2.30461E-2 2.30534E-2 1.51124E-2 1.49526E-2 1.34935E-2 1.34075E-2 1.33631E-2 1.33086E-2 1.28332E-2 1.45623E-2 1.39705E-2 1.29598E-2 1.24142E-2 1.49802E-2 1.30406E-2 2.0236E-2 2.01536E-2 1.28175E-2 1.979E-2 1.98006E-2 1.98249E-2 1.9551E-2 1.99462E-2 1.96303E-2 1.99399E-2 1.98268E-2 1.98209E-2 1.98602E-2 1.99064E-2 2.01312E-2 2.01785E-2 2.02248E-2 2.02323E-2 2.03087E-2 2.07863E-2 2.08209E-2 2.18589E-2 2.45177E-2 2.45297E-2 2.5134E-2 2.95917E-2 2.95301E-2 2.95046E-2 2.94638E-2 2.91201E-2 3.0107E-2 2.97153E-2 2.96801E-2 2.96973E-2 2.96877E-2 2.96916E-2 3.01314E-2 3.01496E-2 2.88902E-2 2.93791E-2 3.0675E-2 2.68039E-2 2.68134E-2 2.67732E-2
2.26172E-2 1.65452E-2 1.652E-2 2.30329E-2 1.51596E-2 1.36506E-2 1.3634E-2 1.48806E-2 1.34672E-2 1.47204E-2 1.46271E-2 1.31067E-2 1.30868E-2 1.25482E-2 1.29947E-2 1.24039E-2 1.24046E-2 1.35494E-2 2.00306E-2 1.43199E-2 1.97365E-2 1.97611E-2 2.0103E-2 2.01414E-2 1.9895E-2 1.98498E-2 1.97165E-2 1.97435E-2 1.97868E-2 1.99736E-2 2.00012E-2 2.00399E-2 2.10474E-2 2.00645E-2 2.0167E-2 2.02551E-2 2.17013E-2 2.17526E-2 8.66346E-3 8.67084E-3 8.63334E-3 9.22944E-3 9.12422E-3 2.95844E-2 2.95162E-2 2.9491E-2 2.91521E-2 2.91327E-2 2.90849E-2 2.90757E-2 2.9747E-2 2.97645E-2 2.97504E-2 2.97257E-2 2.97203E-2 3.06286E-2 3.06039E-2 3.06069E-2 2.55329E-2 2.52978E-2 2.5304E-2
1.49576E-2 1.48877E-2 1.48406E-2 1.44887E-2 1.44723E-2 1.51006E-2 1.36793E-2 1.49705E-2 1.35461E-2 1.48498E-2 1.47273E-2 1.46862E-2 1.30967E-2 1.25143E-2 1.2557E-2 1.29899E-2 1.24584E-2 1.30042E-2 1.44165E-2 1.43679E-2 1.4943E-2 2.00656E-2 2.00526E-2 1.98115E-2 1.98369E-2 1.98025E-2 1.96235E-2 1.13124E-2 1.12527E-2 1.01813E-2 9.74333E-3 9.75984E-3 9.70023E-3 9.67344E-3 2.1078E-2 2.15628E-2 8.79384E-3 8.7843E-3 8.73407E-3 9.38435E-3 9.36456E-3 9.35564E-3 9.24177E-3 9.19946E-3 8.73584E-3 2.95316E-2 2.91999E-2 2.91521E-2 2.91568E-2 2.91418E-2 2.91318E-2 3.0158E-2 3.01213E-2 3.01132E-2 3.01112E-2 3.01092E-2 3.02007E-2 2.67388E-2 2.66996E-2 2.67092E-2 2.73933E-2
1.50253E-2 1.49324E-2 1.4885E-2 1.45744E-2 1.45095E-2 1.44474E-2 1.27203E-2 1.26653E-2 1.49608E-2 1.35358E-2 1.48495E-2 1.34272E-2 1.31902E-2 1.25805E-2 1.25609E-2 1.25878E-2 1.252E-2 1.29927E-2 1.35494E-2 1.49992E-2 1.34714E-2 1.3426E-2 1.34183E-2 1.33706E-2 1.19591E-2 1.14382E-2 1.14281E-2 1.14037E-2 1.02602E-2 9.85817E-3 9.82346E-3 9.79268E-3 9.73525E-3 9.0209E-3 9.02711E-3 8.91511E-3 8.86666E-3 8.85864E-3 8.83389E-3 9.51626E-3 9.4491E-3 9.42927E-3 9.36812E-3 9.2683E-3 9.12639E-3 9.09706E-3 8.65684E-3 8.60452E-3 2.92233E-2 2.91926E-2 2.91771E-2 2.91713E-2 2.91508E-2 3.01737E-2 3.01609E-2 3.01563E-2 2.6142E-2 2.6132E-2 2.61376E-2 2.76547E-2 2.76708E-2
1.51708E-2 1.50619E-2 1.49495E-2 1.46422E-2 1.45679E-2 1.45032E-2 1.44269E-2 1.27054E-2 1.26673E-2 1.36191E-2 1.49511E-2 1.34678E-2 1.32328E-2 1.26756E-2 1.26017E-2 1.30768E-2 1.30958E-2 1.30709E-2 1.30364E-2 1.30197E-2 1.35077E-2 1.3495E-2 1.34651E-2 1.20421E-2 1.20316E-2 1.15285E-2 1.1008E-2 9.96829E-3 9.93569E-3 9.91314E-3 9.87879E-3 9.11802E-3 9.12147E-3 9.09993E-3 9.10453E-3 8.9774E-3 8.91896E-3 9.76112E-3 9.74831E-3 9.70399E-3 9.60952E-3 9.53083E-3 9.45273E-3 9.38791E-3 9.24754E-3 9.20498E-3 9.19244E-3 9.08109E-3 8.66722E-3 8.58223E-3 2.95341E-2 2.95514E-2 2.95481E-2 2.9574E-2 2.95558E-2 2.6165E-2 2.61735E-2 2.62272E-2 2.68458E-2 2.68563E-2 2.8547E-2
2.25246E-2 2.25516E-2 2.2579E-2 1.46204E-2 1.46355E-2 1.457E-2 1.45074E-2 1.44208E-2 1.27256E-2 1.29461E-2 1.36283E-2 1.35755E-2 1.3446E-2 1.32613E-2 1.32179E-2 1.31468E-2 1.30768E-2 1.30724E-2 1.30549E-2 1.30699E-2 1.30617E-2 1.29959E-2 1.21187E-2 1.11344E-2 1.11566E-2 1.11218E-2 1.10913E-2 1.00298E-2 9.98474E-3 9.9333E-3 9.25692E-3 9.2358E-3 9.23388E-3 9.22281E-3 9.11973E-3 9.05048E-3 9.90726E-3 9.89406E-3 1.11206E-2 9.90063E-3 9.69636E-3 9.59845E-3 9.55086E-3 9.49622E-3 9.4113E-3 9.31102E-3 9.22335E-3 9.20011E-3 9.10398E-3 9.03165E-3 8.72567E-3 8.5488E-3 8.50055E-3 8.40781E-3 9.27033E-3 2.5299E-2 2.52743E-2 2.52957E-2 2.69246E-2 2.69247E-2 2.76691E-2
2.47178E-2 2.47306E-2 2.30401E-2 2.30723E-2 1.46714E-2 1.45846E-2 1.45448E-2 1.44909E-2 1.27879E-2 1.26632E-2 1.26563E-2 1.26174E-2 1.35186E-2 1.34708E-2 1.34514E-2 1.32012E-2 1.31515E-2 1.31048E-2 1.30724E-2 1.17814E-2 1.1779E-2 1.1736E-2 1.16673E-2 1.12146E-2 1.1263E-2 1.12088E-2 1.00928E-2 1.00564E-2 9.33903E-3 9.33273E-3 9.35524E-3 9.32912E-3 9.31626E-3 9.29731E-3 9.18637E-3 9.15282E-3 1.11817E-2 1.12072E-2 1.11952E-2 1.00145E-2 9.87726E-3 9.73322E-3 9.65364E-3 9.60582E-3 9.51267E-3 9.37186E-3 9.30513E-3 9.25053E-3 9.20192E-3 9.16459E-3 9.17719E-3 9.44576E-3 8.8721E-3 8.81499E-3 9.34075E-3 9.30597E-3 2.53624E-2 2.59927E-2 2.60268E-2 2.77703E-2 2.77672E-2
2.47028E-2 2.47187E-2 2.51989E-2 2.3041E-2 1.47482E-2 1.46628E-2 1.45783E-2 1.4497E-2 1.28498E-2 1.27651E-2 1.2711E-2 1.26339E-2 1.25558E-2 1.24769E-2 1.35051E-2 1.34639E-2 1.33738E-2 1.3121E-2 1.18602E-2 1.18327E-2 1.18131E-2 1.13724E-2 1.13444E-2 1.13019E-2 1.12776E-2 1.1188E-2 1.01374E-2 9.43718E-3 9.44799E-3 9.41592E-3 9.39132E-3 9.41125E-3 9.40749E-3 9.33272E-3 1.14858E-2 1.14175E-2 1.13411E-2 1.12991E-2 1.12617E-2 1.12452E-2 1.11908E-2 9.89277E-3 1.09893E-2 9.61081E-3 9.51058E-3 9.44699E-3 9.45907E-3 9.32978E-3 9.27767E-3 9.28362E-3 9.26411E-3 9.20496E-3 9.14588E-3 9.12061E-3 9.1057E-3 9.08257E-3 9.34561E-3 1.03521E-2 1.03061E-2 2.6098E-2 1.28123E-2
2.46929E-2 2.47035E-2 2.51843E-2 1.75322E-2 1.48175E-2 1.47787E-2 1.46671E-2 1.45783E-2 1.28157E-2 1.44866E-2 1.27459E-2 1.26863E-2 1.26339E-2 1.25579E-2 1.24789E-2 1.24669E-2 1.24145E-2 1.33403E-2 1.21034E-2 1.20899E-2 1.16853E-2 1.17414E-2 1.13749E-2 1.12966E-2 1.07735E-2 1.07546E-2 1.01973E-2 1.01701E-2 1.02036E-2 1.01981E-2 1.01847E-2 1.17466E-2 1.17859E-2 1.17027E-2 1.16109E-2 1.15374E-2 1.14688E-2 1.14219E-2 1.13375E-2 1.13209E-2 1.12704E-2 1.11196E-2 1.09714E-2 9.72002E-3 9.69971E-3 9.42786E-3 9.42011E-3 9.35255E-3 9.35891E-3 9.29856E-3 9.29398E-3 9.30269E-3 9.20299E-3 9.17395E-3 9.16513E-3 9.14186E-3 9.10706E-3 1.0072E-2 1.04144E-2 1.03887E-2 1.1683E-2
1.79211E-2 2.46957E-2 1.76912E-2 1.49664E-2 1.48958E-2 1.48438E-2 1.47097E-2 1.46204E-2 1.45264E-2 1.45022E-2 1.28072E-2 1.27448E-2 1.26896E-2 1.2654E-2 1.25975E-2 1.25058E-2 1.24102E-2 1.24115E-2 1.21135E-2 1.17733E-2 1.17489E-2 1.17581E-2 1.17408E-2 1.08192E-2 1.08531E-2 1.02841E-2 1.02862E-2 1.02581E-2 1.02275E-2 1.18853E-2 1.18533E-2 1.18878E-2 1.18566E-2 1.17859E-2 1.17331E-2 1.16283E-2 1.15721E-2 1.15292E-2 1.14431E-2 1.14007E-2 1.12894E-2 1.11567E-2 9.99808E-3 9.54743E-3 9.93333E-3 9.46712E-3 9.46369E-3 9.40156E-3 9.38001E-3 9.38879E-3 9.32487E-3 9.32243E-3 1.02587E-2 1.02292E-2 1.01829E-2 8.84348E-3 9.68652E-3 1.01247E-2 9.63518E-3 1.04761E-2 1.0456E-2
1.96505E-2 1.78952E-2 1.77609E-2 1.76737E-2 1.492E-2 1.48761E-2 1.47611E-2 1.46989E-2 1.4585E-2 1.45329E-2 1.45053E-2 1.4429E-2 1.43942E-2 1.26696E-2 1.42835E-2 1.25974E-2 1.25471E-2 1.24669E-2 1.24137E-2 1.1795E-2 1.1747E-2 1.08438E-2 1.27773E-2 1.08285E-2 1.08534E-2 1.02531E-2 1.02576E-2 1.02348E-2 1.19383E-2 1.4376E-2 1.44752E-2 1.20162E-2 1.19546E-2 1.19099E-2 1.18213E-2 1.17112E-2 1.40218E-2 1.16153E-2 1.38792E-2 1.14563E-2 1.13963E-2 1.13487E-2 1.03589E-2 1.02785E-2 9.5511E-3 1.01869E-2 9.90199E-3 1.04733E-2 1.0433E-2 1.03766E-2 1.03605E-2 1.03514E-2 1.03247E-2 1.02806E-2 9.79241E-3 9.76936E-3 9.74328E-3 9.74006E-3 9.72356E-3 9.75095E-3 9.72703E-3
1.79631E-2 1.79002E-2 1.7812E-2 1.77383E-2 1.50237E-2 1.49352E-2 1.48281E-2 1.47439E-2 1.46671E-2 1.46131E-2 1.45491E-2 1.45095E-2 1.44292E-2 1.43722E-2 1.43196E-2 1.42855E-2 1.42777E-2 1.42241E-2 1.42025E-2 1.41273E-2 1.44713E-2 1.4431E-2 1.44259E-2 1.44195E-2 1.23614E-2 1.23707E-2 1.23477E-2 1.45429E-2 1.45384E-2 1.44942E-2 1.46756E-2 1.44313E-2 1.43862E-2 1.42075E-2 1.41916E-2 1.41664E-2 1.40989E-2 1.39928E-2 1.40183E-2 1.1528E-2 1.14367E-2 1.01059E-2 1.03791E-2 1.03388E-2 1.02914E-2 1.05485E-2 1.05248E-2 1.05461E-2 1.04733E-2 1.04278E-2 1.04207E-2 1.04123E-2 1.03856E-2 1.04789E-2 1.04825E-2 9.87622E-3 9.82813E-3 9.80751E-3 9.84206E-3 8.95877E-3 9.8453E-3
1.97566E-2 1.79372E-2 1.78774E-2 1.78033E-2 1.5073E-2 1.49726E-2 1.49065E-2 1.48237E-2 1.47396E-2 1.46755E-2 1.46078E-2 1.45178E-2 1.44457E-2 1.44108E-2 1.43619E-2 1.43276E-2 1.43075E-2 1.43051E-2 1.4293E-2 1.41773E-2 1.4489E-2 1.44772E-2 1.44847E-2 1.49757E-2 1.49522E-2 1.46751E-2 1.81628E-2 1.46393E-2 1.46145E-2 1.47266E-2 1.47027E-2 1.76989E-2 1.74349E-2 1.73885E-2 1.43291E-2 1.42808E-2 1.4278E-2 1.41441E-2 1.40345E-2 1.38967E-2 1.03851E-2 1.03828E-2 1.03402E-2 1.11949E-2 1.11531E-2 1.10376E-2 1.10993E-2 1.05169E-2 1.03892E-2 1.03498E-2 1.0332E-2 1.03483E-2 1.05779E-2 1.04206E-2 9.94589E-3 1.05488E-2 1.05419E-2 9.91807E-3 9.08784E-3 9.07822E-3 9.08007E-3
1.80436E-2 1.97647E-2 1.79231E-2 1.78516E-2 1.77835E-2 1.50146E-2 1.4955E-2 1.4865E-2 1.48259E-2 1.46905E-2 1.46543E-2 1.46034E-2 1.45428E-2 1.44908E-2 1.43826E-2 1.43702E-2 1.4366E-2 1.43742E-2 1.43051E-2 1.4255E-2 1.453E-2 1.4488E-2 1.50403E-2 1.50017E-2 1.76316E-2 2.07499E-2 2.07786E-2 2.08159E-2 1.76386E-2 1.77346E-2 1.77272E-2 2.13979E-2 2.13414E-2 2.13158E-2 2.12844E-2 2.12543E-2 2.12113E-2 1.40866E-2 1.40741E-2 1.39735E-2 1.22184E-2 1.21761E-2 1.03689E-2 1.11237E-2 1.11077E-2 1.1081E-2 1.10084E-2 1.10034E-2 1.09801E-2 1.16646E-2 1.05514E-2 1.05689E-2 1.20138E-2 1.16275E-2 1.12234E-2 1.12216E-2 1.1219E-2 1.12173E-2 1.18198E-2 1.18039E-2 1.18008E-2
1.98374E-2 1.80524E-2 1.79744E-2 1.78973E-2 1.78062E-2 1.77325E-2 1.50038E-2 1.49088E-2 1.48237E-2 1.47842E-2 1.47199E-2 1.46454E-2 1.45784E-2 1.45261E-2 1.44398E-2 1.44272E-2 1.43822E-2 1.70758E-2 1.43604E-2 1.43483E-2 1.72218E-2 1.72155E-2 1.76664E-2 1.76413E-2 2.08774E-2 2.08201E-2 2.08129E-2 2.14336E-2 2.14398E-2 2.37118E-2 2.37524E-2 2.37312E-2 2.37023E-2 2.21646E-2 2.13438E-2 2.13013E-2 2.12387E-2 1.71226E-2 1.41191E-2 1.4042E-2 1.22654E-2 1.46721E-2 1.23059E-2 1.22373E-2 1.2225E-2 1.22121E-2 1.1815E-2 1.17591E-2 1.17465E-2 1.17216E-2 1.17167E-2 1.17035E-2 1.16795E-2 1.20608E-2 1.20531E-2 1.12951E-2 1.12813E-2 1.12799E-2 1.18711E-2 1.18766E-2 1.1876E-2
1.98865E-2 1.80785E-2 1.80121E-2 1.79314E-2 1.78686E-2 1.77709E-2 1.77118E-2 1.49758E-2 1.48968E-2 1.48316E-2 1.4754E-2 1.46563E-2 1.46203E-2 1.45576E-2 1.45301E-2 1.45032E-2 1.44128E-2 1.70238E-2 1.70946E-2 1.70628E-2 1.7272E-2 1.72676E-2 1.77596E-2 1.77369E-2 2.08578E-2 2.08502E-2 2.30199E-2 2.30065E-2 2.3797E-2 2.37886E-2 2.37772E-2 2.37692E-2 2.37905E-2 2.3738E-2 2.21779E-2 2.13414E-2 2.12918E-2 2.1264E-2 2.05255E-2 1.78911E-2 1.47518E-2 1.47071E-2 1.41113E-2 1.23021E-2 1.22493E-2 1.22363E-2 1.22115E-2 1.1828E-2 1.18171E-2 1.18213E-2 1.17798E-2 1.17866E-2 1.17617E-2 1.21091E-2 1.21128E-2 1.20905E-2 1.13732E-2 1.1361E-2 1.19165E-2 1.1922E-2 1.19316E-2
1.99162E-2 1.8128E-2 1.80643E-2 1.79631E-2 1.78902E-2 1.78219E-2 1.77512E-2 1.76727E-2 1.49451E-2 1.48489E-2 1.47669E-2 1.47049E-2 1.46666E-2 1.45865E-2 1.45489E-2 1.71816E-2 1.71179E-2 1.70337E-2 1.70883E-2 1.73917E-2 1.73637E-2 1.73182E-2 1.77881E-2 1.77835E-2 2.24542E-2 2.2444E-2 2.30515E-2 2.38152E-2 2.38379E-2 2.38294E-2 2.38179E-2 2.37929E-2 2.37794E-2 2.37546E-2 2.37759E-2 2.13991E-2 2.13503E-2 2.13041E-2 2.05814E-2 2.05359E-2 1.47919E-2 1.47493E-2 1.47252E-2 1.40997E-2 1.40896E-2 1.22887E-2 1.22625E-2 1.18876E-2 1.18909E-2 1.18482E-2 1.18705E-2 1.18768E-2 1.18332E-2 1.21689E-2 1.21755E-2 1.21787E-2 1.2214E-2 1.1459E-2 1.19819E-2 1.19694E-2 1.47904E-2
2.01232E-2 1.98865E-2 1.97952E-2 1.79732E-2 1.79389E-2 1.78475E-2 1.7794E-2 1.50758E-2 1.52353E-2 1.7539E-2 1.48078E-2 1.47434E-2 1.73096E-2 1.48631E-2 1.48019E-2 1.47605E-2 1.71124E-2 1.70924E-2 1.71171E-2 1.71141E-2 1.73872E-2 1.73574E-2 1.96049E-2 1.95871E-2 2.24645E-2 2.3127E-2 2.31195E-2 2.39093E-2 2.39139E-2 2.39402E-2 2.48114E-2 2.47863E-2 2.47624E-2 2.47406E-2 2.37546E-2 2.38499E-2 2.29473E-2 2.13164E-2 2.12682E-2 2.05955E-2 1.74925E-2 1.47848E-2 1.47587E-2 1.41505E-2 1.41299E-2 1.2356E-2 1.23288E-2 1.19613E-2 1.22753E-2 1.22912E-2 1.19135E-2 1.2271E-2 1.22459E-2 1.22345E-2 1.22535E-2 1.22728E-2 1.22373E-2 1.15145E-2 1.28251E-2 1.20602E-2 1.20518E-2
2.01914E-2 1.99392E-2 1.81236E-2 1.8028E-2 1.79936E-2 1.79477E-2 1.78335E-2 1.79073E-2 1.78337E-2 1.75834E-2 1.74893E-2 1.74509E-2 1.49497E-2 1.74874E-2 1.48289E-2 1.73521E-2 1.71576E-2 1.71107E-2 1.71587E-2 1.71117E-2 1.74012E-2 1.91784E-2 1.96228E-2 2.2504E-2 2.26065E-2 2.31703E-2 2.40555E-2 2.39685E-2 2.4036E-2 2.48427E-2 2.48464E-2 2.4823E-2 2.48673E-2 2.48585E-2 2.3914E-2 2.38097E-2 2.38302E-2 2.29288E-2 2.13108E-2 2.06927E-2 2.06785E-2 1.74663E-2 1.47952E-2 1.47809E-2 1.41932E-2 1.41637E-2 1.23961E-2 1.2369E-2 1.23276E-2 1.23585E-2 1.23323E-2 1.2336E-2 1.23248E-2 1.23138E-2 1.23329E-2 1.23121E-2 1.23328E-2 1.28911E-2 1.28615E-2 1.28525E-2 1.28297E-2
2.01984E-2 1.99728E-2 1.98774E-2 1.80659E-2 1.79966E-2 1.79248E-2 1.78592E-2 1.79341E-2 1.78734E-2 1.76228E-2 1.75504E-2 1.7641E-2 1.75493E-2 1.7507E-2 1.74227E-2 1.73936E-2 1.73231E-2 1.71447E-2 1.71277E-2 1.71565E-2 1.91657E-2 1.91852E-2 1.96635E-2 2.26357E-2 2.2631E-2 2.32533E-2 2.40711E-2 2.40769E-2 2.40628E-2 2.47872E-2 2.47905E-2 2.49129E-2 2.48895E-2 2.48636E-2 2.39384E-2 2.38942E-2 2.37914E-2 2.30495E-2 2.29977E-2 2.07737E-2 2.07007E-2 1.75201E-2 1.48858E-2 1.48048E-2 1.47787E-2 1.42052E-2 1.24523E-2 1.24369E-2 1.23961E-2 1.23986E-2 1.24029E-2 1.24043E-2 1.23928E-2 1.23824E-2 1.23906E-2 1.23937E-2 1.29832E-2 1.29745E-2 1.2915E-2 1.29179E-2 1.28889E-2
