Artocarpus heterophyllus SDM files/MIS19/results (with bias file)/Arthet_max.asc
ncols         625
nrows         721
xllcorner     69.99986311115
yllcorner     5.99986187915
cellsize      0.041666667
NODATA_value  -9999
[rows 189 to 215 of 721, columns 549 to 609 of 625]
7.66339E-2 8.50692E-2 9.65948E-2 1.2251E-1 1.41183E-1 2.07138E-1 2.30999E-1 2.91027E-1 3.76925E-1 4.09433E-1 2.87035E-1 3.04634E-1 3.21583E-1 4.15547E-1 1.45278E-1 7.80222E-1 4.95267E-1 1.84497E-1 5.4204E-1 7.87553E-1 1.83091E-1 4.9953E-1 1.8013E-1 1.49333E-1 1.33963E-1 1.74224E-1 5.04847E-1 5.60869E-1 5.5861E-1 4.22317E-1 5.73568E-1 5.40387E-1 4.61424E-1 8.09738E-2 1.32578E-1 1.3432E-1 1.08921E-1 4.34865E-1 3.49694E-1 4.18189E-1 4.8501E-1 4.43304E-1 5.09709E-1 6.00394E-1 5.02983E-1 4.97709E-1 5.37012E-1 5.34309E-1 5.54179E-1 4.03892E-1 4.46167E-1 5.80134E-1 5.87524E-1 5.64031E-1 5.59307E-1 5.72733E-1 4.90596E-1 4.77977E-1 5.01236E-1 5.00056E-1 4.7895E-1
1.01672E-1 9.90583E-2 9.92379E-2 1.19702E-1 1.36857E-1 1.96783E-1 1.59508E-1 3.02102E-1 3.24053E-1 7.65199E-1 8.21543E-1 8.66627E-1 7.80902E-1 3.28256E-1 1.4601E-1 1.64883E-1 7.92309E-1 5.33444E-1 5.41154E-1 4.72937E-1 1.92505E-1 5.37028E-1 4.67305E-1 1.74778E-1 9.72301E-2 1.01558E-1 1.04509E-1 5.22403E-1 5.40994E-1 5.63948E-1 5.71518E-1 5.51707E-1 4.55116E-1 3.85572E-1 3.65894E-1 5.55133E-1 3.64592E-1 4.22664E-1 4.71243E-1 4.70084E-1 5.83108E-1 4.66859E-1 6.09555E-1 5.87925E-1 4.77049E-1 4.95925E-1 5.39298E-1 5.30244E-1 5.16852E-1 3.95404E-1 4.90157E-1 5.61541E-1 4.46576E-1 5.18496E-1 5.62827E-1 4.18941E-1 3.04644E-1 4.9077E-1 5.56847E-1 4.79657E-1 4.80074E-1
1.18205E-1 1.35271E-1 1.28402E-1 1.41943E-1 1.47155E-1 1.88901E-1 1.65831E-1 2.18066E-1 2.41202E-1 3.65705E-1 3.81544E-1 8.24743E-1 8.70088E-1 7.92485E-1 1.95302E-1 1.5256E-1 1.85243E-1 7.92288E-1 7.98933E-1 5.1934E-1 1.75771E-1 1.94559E-1 4.89638E-1 1.74869E-1 2.19305E-1 5.56463E-1 5.50203E-1 5.40186E-1 5.67612E-1 4.56799E-1 5.89804E-1 5.61929E-1 5.51432E-1 4.09788E-1 4.86792E-1 5.61082E-1 3.85031E-1 4.22429E-1 6.10721E-1 5.88389E-1 5.41697E-1 4.53836E-1 4.25721E-1 4.92549E-1 6.15746E-1 6.02147E-1 5.87434E-1 5.27014E-1 4.65363E-1 4.47908E-1 4.41973E-1 4.05982E-1 3.89924E-1 4.39436E-1 4.02338E-1 4.05006E-1 4.23573E-1 4.94692E-1 4.96074E-1 5.32256E-1 5.27986E-1
1.45107E-1 1.68362E-1 1.45903E-1 1.72879E-1 1.67389E-1 2.29791E-1 2.10733E-1 2.2679E-1 2.65286E-1 2.14538E-1 2.50969E-1 2.9734E-1 4.33679E-1 7.54503E-1 7.98133E-1 5.26069E-1 7.89537E-1 7.98481E-1 8.01907E-1 8.02496E-1 5.56016E-1 5.62106E-1 5.35531E-1 5.04464E-1 1.57958E-1 2.15287E-1 5.45171E-1 5.46342E-1 5.54092E-1 5.85913E-1 5.874E-1 5.96178E-1 5.60485E-1 5.18195E-1 5.79449E-1 5.5255E-1 3.98512E-1 6.04126E-1 4.8996E-1 6.04596E-1 5.7258E-1 4.85152E-1 4.75347E-1 4.84593E-1 5.71687E-1 4.24747E-1 4.77598E-1 4.52493E-1 4.03577E-1 4.26156E-1 4.49852E-1 4.28474E-1 2.6924E-1 3.0118E-1 4.59407E-1 5.24557E-1 5.16851E-1 5.09862E-1 4.99649E-1 5.26661E-1 5.31361E-1
1.21946E-1 1.70626E-1 2.17139E-1 2.26332E-1 2.17228E-1 2.56606E-1 2.85985E-1 2.95716E-1 3.0851E-1 1.4048E-1 1.16793E-1 1.22485E-1 1.20716E-1 1.58111E-1 7.44752E-1 8.82226E-1 8.19155E-1 7.40817E-1 1.86358E-1 1.85006E-1 7.95858E-1 7.89692E-1 5.72004E-1 5.38317E-1 4.43649E-1 1.37375E-1 9.5228E-2 1.87576E-1 1.52806E-1 1.28658E-1 4.24089E-1 6.14441E-1 5.8166E-1 5.7923E-1 5.7632E-1 4.68099E-1 4.46662E-1 6.03281E-1 5.97197E-1 5.90637E-1 5.89108E-1 5.88675E-1 5.3469E-1 5.71651E-1 5.17834E-1 4.32237E-1 4.22379E-1 4.54706E-1 4.28108E-1 4.97511E-1 5.52876E-1 4.91882E-1 5.03223E-1 5.19792E-1 5.21151E-1 5.26021E-1 5.11099E-1 5.07169E-1 5.3239E-1 5.32376E-1 5.28379E-1
1.30462E-1 1.76457E-1 1.95202E-1 2.41348E-1 3.18866E-1 3.49915E-1 7.3928E-1 7.64092E-1 4.02419E-1 8.43431E-1 3.20876E-1 1.5307E-1 1.72602E-1 1.85489E-1 1.81403E-1 7.32471E-1 7.24077E-1 1.73447E-1 1.76005E-1 5.12977E-1 4.63425E-1 4.57368E-1 1.82287E-1 5.25866E-1 5.39915E-1 1.03802E-1 1.21024E-1 1.78436E-1 1.04917E-1 4.23066E-1 5.78186E-1 5.59718E-1 4.35583E-1 6.03112E-1 5.70556E-1 5.81052E-1 4.81379E-1 5.89078E-1 5.72212E-1 5.79504E-1 6.00312E-1 5.94632E-1 4.74625E-1 4.59829E-1 4.61435E-1 4.47319E-1 3.02006E-1 3.66745E-1 4.54139E-1 4.95955E-1 4.80499E-1 5.15548E-1 4.98331E-1 5.09639E-1 5.16471E-1 5.13537E-1 5.04496E-1 5.35761E-1 5.30834E-1 5.3676E-1 5.30321E-1
1.55938E-1 1.65412E-1 1.79647E-1 2.17645E-1 3.39973E-1 3.1284E-1 3.3875E-1 3.25394E-1 2.30406E-1 3.29928E-1 8.57415E-1 8.74023E-1 8.09774E-1 8.02178E-1 4.80956E-1 4.93656E-1 1.72043E-1 1.65264E-1 1.82781E-1 1.73213E-1 1.4114E-1 8.32127E-2 1.0526E-1 1.40639E-1 5.66459E-1 5.16271E-1 5.12758E-1 1.39412E-1 1.23811E-1 5.2525E-1 4.93943E-1 3.70609E-1 4.22732E-1 4.66582E-1 5.8243E-1 5.63417E-1 4.64691E-1 5.72532E-1 4.60644E-1 4.60604E-1 4.12801E-1 4.24857E-1 4.63754E-1 4.80251E-1 4.93736E-1 4.90421E-1 5.01647E-1 5.08137E-1 5.09378E-1 5.50637E-1 5.02867E-1 5.00369E-1 4.97133E-1 5.0367E-1 5.13552E-1 5.08456E-1 5.05744E-1 5.35517E-1 5.37796E-1 5.36208E-1 5.34963E-1
1.80489E-1 1.71928E-1 2.64136E-1 3.12331E-1 3.03425E-1 2.71887E-1 2.20053E-1 9.157E-2 2.95508E-1 4.06875E-1 2.36965E-1 1.28744E-1 1.62756E-1 1.89828E-1 8.09166E-1 5.66664E-1 5.08929E-1 1.85499E-1 4.76657E-1 1.6845E-1 4.68208E-1 1.10482E-1 4.19596E-1 5.42578E-1 5.56856E-1 5.57782E-1 5.41283E-1 5.12408E-1 1.04616E-1 1.12884E-1 9.46065E-2 3.95962E-1 5.31361E-1 5.91335E-1 5.93242E-1 4.76766E-1 5.904E-1 5.56519E-1 4.56678E-1 4.14038E-1 3.19194E-1 3.61443E-1 4.14325E-1 4.61211E-1 4.60137E-1 5.14795E-1 5.15342E-1 5.05393E-1 5.36247E-1 4.96298E-1 5.08938E-1 4.91451E-1 5.03945E-1 5.1908E-1 5.22391E-1 5.14377E-1 5.45239E-1 5.36944E-1 5.41272E-1 5.44269E-1 5.30541E-1
2.06566E-1 2.39298E-1 2.04546E-1 2.44008E-1 2.22258E-1 8.1968E-2 9.93076E-2 1.19779E-1 2.63952E-1 1.11932E-1 1.19496E-1 1.18096E-1 1.66469E-1 1.85424E-1 4.84704E-1 7.939E-1 5.63938E-1 5.4525E-1 4.78015E-1 1.43105E-1 5.20385E-1 5.03949E-1 4.38461E-1 5.5363E-1 5.7514E-1 5.64967E-1 5.18771E-1 4.30316E-1 4.06835E-1 4.61397E-1 4.52639E-1 4.09122E-1 4.48277E-1 4.21034E-1 4.69598E-1 5.68426E-1 4.4859E-1 4.2906E-1 4.55896E-1 5.04483E-1 4.95205E-1 4.92858E-1 5.4809E-1 4.81137E-1 4.90515E-1 5.22447E-1 5.09148E-1 4.97583E-1 4.88972E-1 5.0656E-1 5.07629E-1 5.21464E-1 5.2109E-1 5.14724E-1 5.55356E-1 5.54151E-1 5.49452E-1 5.43537E-1 5.37016E-1 5.36274E-1 5.43879E-1
2.87259E-1 3.65529E-1 2.6473E-1 3.48469E-1 2.46677E-1 1.45767E-1 3.085E-1 4.44552E-1 2.6731E-1 1.44555E-1 1.71328E-1 1.66385E-1 4.85929E-1 7.85587E-1 7.86421E-1 7.8405E-1 4.95544E-1 5.57894E-1 5.24315E-1 5.48287E-1 5.44786E-1 5.40931E-1 5.48837E-1 5.39314E-1 5.51224E-1 5.84712E-1 5.73842E-1 5.8044E-1 5.85818E-1 5.86066E-1 5.79774E-1 5.92573E-1 5.89642E-1 5.91313E-1 5.56108E-1 4.76449E-1 5.10446E-1 5.16912E-1 5.73364E-1 5.93899E-1 5.85525E-1 4.73361E-1 4.76191E-1 4.49605E-1 4.92347E-1 4.51895E-1 5.07802E-1 5.2419E-1 5.26192E-1 5.08231E-1 5.02173E-1 5.21414E-1 5.56881E-1 5.52002E-1 5.40912E-1 5.44725E-1 5.40286E-1 5.39137E-1 5.42091E-1 5.41093E-1 5.38625E-1
3.00282E-1 3.50444E-1 8.03065E-1 8.66982E-1 7.43237E-1 3.21972E-1 8.60419E-1 4.19301E-1 2.86545E-1 3.21659E-1 3.42114E-1 7.35869E-1 7.48488E-1 7.51406E-1 7.68952E-1 1.87809E-1 4.90355E-1 4.93505E-1 5.41854E-1 5.20975E-1 4.89002E-1 1.91795E-1 1.85603E-1 4.70633E-1 4.09862E-1 5.57802E-1 5.47255E-1 5.3891E-1 5.41962E-1 5.25576E-1 3.81955E-1 5.56968E-1 4.57532E-1 4.08722E-1 6.22186E-1 5.79223E-1 5.88619E-1 5.91126E-1 5.90933E-1 4.7797E-1 4.51958E-1 5.20839E-1 5.2566E-1 5.04587E-1 5.11305E-1 5.05992E-1 5.30554E-1 5.16027E-1 5.64771E-1 5.61382E-1 5.59038E-1 5.4684E-1 5.42944E-1 5.48279E-1 5.45623E-1 5.44E-1 5.42781E-1 5.44735E-1 5.45344E-1 5.42689E-1 5.41346E-1
2.32295E-1 2.71121E-1 3.36676E-1 8.79176E-1 7.75012E-1 8.81105E-1 8.46656E-1 3.07884E-1 2.79066E-1 2.8954E-1 2.63334E-1 2.87338E-1 2.8496E-1 1.3697E-1 1.75557E-1 1.69651E-1 1.75519E-1 5.29489E-1 7.61799E-1 4.54749E-1 1.85904E-1 1.48009E-1 5.14825E-1 5.34898E-1 5.2833E-1 5.29918E-1 4.81557E-1 1.70736E-1 1.05146E-1 9.93392E-2 4.50625E-1 4.38995E-1 4.01824E-1 4.90823E-1 5.69946E-1 4.78376E-1 4.80039E-1 4.89396E-1 4.9693E-1 5.11143E-1 5.21681E-1 5.20372E-1 5.05151E-1 5.20409E-1 5.34191E-1 5.48008E-1 5.26704E-1 5.60261E-1 5.5575E-1 5.54917E-1 5.48886E-1 5.45558E-1 5.51416E-1 5.42735E-1 5.43048E-1 5.48483E-1 5.41696E-1 5.46523E-1 5.4805E-1 5.45896E-1 5.45832E-1
3.29495E-1 3.0771E-1 8.53558E-1 8.68045E-1 8.55598E-1 8.65479E-1 3.6007E-1 3.10092E-1 2.23163E-1 2.37463E-1 9.96237E-2 9.82084E-2 1.05844E-1 1.21287E-1 1.50752E-1 1.44283E-1 1.87622E-1 4.94174E-1 1.93248E-1 1.92399E-1 1.84811E-1 1.78866E-1 4.2387E-1 1.67235E-1 1.78569E-1 1.88402E-1 4.6172E-1 1.65253E-1 9.18436E-2 1.25192E-1 4.09537E-1 4.29726E-1 5.69042E-1 5.58639E-1 5.51895E-1 5.61092E-1 5.58239E-1 5.82233E-1 5.73693E-1 5.8915E-1 5.07255E-1 5.2311E-1 5.45574E-1 5.25734E-1 5.34556E-1 5.63554E-1 5.56473E-1 5.56799E-1 5.53427E-1 5.54227E-1 5.50956E-1 5.49117E-1 5.48044E-1 5.56134E-1 5.52898E-1 5.44388E-1 5.46093E-1 5.45182E-1 5.45844E-1 5.46687E-1 5.52398E-1
8.46969E-1 7.80856E-1 7.53758E-1 8.75492E-1 8.69844E-1 7.69161E-1 3.29622E-1 1.44971E-1 1.03383E-1 9.0318E-2 8.45917E-2 1.07251E-1 1.24308E-1 1.23498E-1 1.14306E-1 1.23305E-1 1.55827E-1 1.58555E-1 5.04387E-1 4.88405E-1 1.75887E-1 1.02905E-1 1.54287E-1 1.53899E-1 1.28101E-1 1.21323E-1 1.28602E-1 7.82033E-2 9.45501E-2 1.24179E-1 4.63903E-1 5.8209E-1 5.53235E-1 4.86836E-1 6.09114E-1 5.49594E-1 5.02299E-1 5.04301E-1 5.14778E-1 5.37178E-1 6.05262E-1 5.75663E-1 5.6704E-1 5.62793E-1 5.66086E-1 5.53095E-1 5.53637E-1 5.52168E-1 5.57212E-1 5.58974E-1 5.49174E-1 5.53132E-1 5.52134E-1 5.57855E-1 5.51365E-1 5.50933E-1 5.50541E-1 5.52509E-1 5.58196E-1 5.49412E-1 5.48628E-1
7.63109E-1 8.79929E-1 8.60365E-1 7.80475E-1 3.39934E-1 7.9933E-1 7.68743E-1 3.31105E-1 2.9629E-1 1.26009E-1 8.79989E-2 9.74126E-2 1.55767E-1 1.79127E-1 1.71696E-1 1.5746E-1 1.57137E-1 4.94024E-1 5.14167E-1 4.61708E-1 1.26463E-1 1.35478E-1 1.7905E-1 1.81996E-1 1.40429E-1 1.1744E-1 8.2155E-2 8.25115E-2 1.28794E-1 4.69944E-1 4.87607E-1 5.46901E-1 5.75041E-1 5.29413E-1 5.17361E-1 5.29973E-1 5.41873E-1 5.72301E-1 5.77037E-1 5.76193E-1 5.63135E-1 5.57083E-1 5.55696E-1 5.62385E-1 5.52253E-1 5.66012E-1 5.63898E-1 5.61752E-1 5.56398E-1 5.58838E-1 5.49756E-1 5.54895E-1 5.59331E-1 5.61897E-1 5.52824E-1 5.53604E-1 5.52713E-1 5.58856E-1 5.57419E-1 5.58074E-1 5.50305E-1
8.39093E-1 8.44372E-1 8.48534E-1 8.03958E-1 8.05706E-1 8.82483E-1 7.49295E-1 1.45963E-1 1.22889E-1 1.05742E-1 8.26856E-2 1.07381E-1 1.7016E-1 3.59987E-1 7.8965E-1 5.13982E-1 1.81947E-1 4.82701E-1 5.50135E-1 4.75523E-1 4.86284E-1 4.5193E-1 1.7666E-1 1.62185E-1 1.2632E-1 7.67202E-2 7.55958E-2 1.33946E-1 4.64375E-1 4.82634E-1 4.91603E-1 5.11284E-1 5.34503E-1 5.56603E-1 5.5426E-1 5.53581E-1 5.56054E-1 5.62711E-1 5.648E-1 5.6124E-1 5.54815E-1 5.54839E-1 5.59772E-1 5.575E-1 5.65649E-1 5.68853E-1 5.60579E-1 5.62031E-1 5.5777E-1 5.54641E-1 5.58844E-1 5.646E-1 5.56259E-1 5.54953E-1 5.54425E-1 5.61669E-1 5.60356E-1 5.52137E-1 5.52137E-1 5.51706E-1 5.51565E-1
8.4875E-1 8.45513E-1 7.47158E-1 8.77911E-1 7.75815E-1 7.69462E-1 7.46916E-1 3.11146E-1 1.55933E-1 1.35212E-1 9.0642E-2 9.67182E-2 1.19502E-1 1.42014E-1 1.98686E-1 5.21874E-1 5.60255E-1 5.7261E-1 5.69825E-1 5.63424E-1 5.05331E-1 4.80949E-1 4.39189E-1 1.55501E-1 9.43837E-2 9.44488E-2 9.84653E-2 3.96163E-1 4.66207E-1 4.92959E-1 5.31632E-1 6.12286E-1 5.60897E-1 5.41871E-1 5.45445E-1 5.49095E-1 5.48289E-1 5.50792E-1 5.57808E-1 5.61185E-1 5.55745E-1 5.58739E-1 5.62039E-1 5.70492E-1 5.60554E-1 5.60342E-1 5.67245E-1 5.63109E-1 5.61888E-1 5.60926E-1 5.59142E-1 5.58672E-1 5.63859E-1 5.61478E-1 5.52514E-1 5.52359E-1 5.58468E-1 5.58341E-1 5.57454E-1 5.58167E-1 5.57296E-1
3.49318E-1 1.70765E-1 5.36788E-1 7.99173E-1 8.03209E-1 7.75884E-1 3.25496E-1 2.70918E-1 1.29343E-1 1.11802E-1 8.77728E-2 7.89593E-2 8.65258E-2 1.25256E-1 1.61417E-1 1.82514E-1 5.07902E-1 5.60316E-1 5.93412E-1 5.62635E-1 5.20042E-1 5.10005E-1 4.3686E-1 1.15561E-1 1.49407E-1 4.45525E-1 4.79555E-1 4.50305E-1 5.19069E-1 5.91537E-1 6.09865E-1 6.09297E-1 5.43076E-1 5.41474E-1 5.43858E-1 5.46804E-1 5.5036E-1 5.58377E-1 5.58085E-1 5.61349E-1 5.64247E-1 5.62528E-1 5.61544E-1 5.7384E-1 5.73608E-1 5.66549E-1 5.6274E-1 5.6878E-1 5.59737E-1 5.6569E-1 5.64753E-1 5.61283E-1 5.66684E-1 5.57556E-1 5.57009E-1 5.55859E-1 5.56242E-1 5.56625E-1 5.55987E-1 5.55239E-1 5.55E-1
2.98535E-1 7.47845E-1 8.29061E-1 8.065E-1 7.98519E-1 7.93144E-1 3.59582E-1 1.36536E-1 1.46547E-1 1.35928E-1 1.24902E-1 1.03681E-1 1.25265E-1 1.34831E-1 1.4312E-1 1.97519E-1 4.71847E-1 1.90194E-1 5.20453E-1 5.53787E-1 5.6368E-1 5.10137E-1 1.49055E-1 4.98698E-1 5.67043E-1 5.36886E-1 5.13195E-1 5.32019E-1 6.17769E-1 6.10499E-1 5.562E-1 5.41199E-1 5.4125E-1 5.43067E-1 5.43678E-1 5.48754E-1 5.53922E-1 5.53198E-1 5.51727E-1 5.64434E-1 5.63107E-1 5.67734E-1 5.65134E-1 5.69709E-1 5.76595E-1 5.62962E-1 5.61641E-1 5.6567E-1 5.63047E-1 5.61813E-1 5.67376E-1 5.64444E-1 5.63842E-1 5.62052E-1 5.62039E-1 5.6191E-1 5.55552E-1 5.54526E-1 5.55167E-1 5.56089E-1 5.55833E-1
2.01409E-1 5.07284E-1 5.43306E-1 7.96944E-1 7.48594E-1 2.00373E-1 1.47591E-1 1.69934E-1 1.76962E-1 1.49724E-1 1.33943E-1 1.30567E-1 1.32315E-1 1.86204E-1 1.89862E-1 1.87087E-1 1.70982E-1 1.49917E-1 1.51168E-1 1.95896E-1 5.52658E-1 5.69759E-1 5.78827E-1 5.67988E-1 5.31759E-1 5.88866E-1 6.11803E-1 6.16904E-1 6.09373E-1 5.46615E-1 5.4073E-1 5.41146E-1 5.4638E-1 5.47267E-1 5.52638E-1 5.52196E-1 5.57594E-1 5.56678E-1 5.60521E-1 5.68319E-1 5.67216E-1 5.69436E-1 5.69807E-1 5.73662E-1 5.63862E-1 5.67409E-1 5.63841E-1 5.62541E-1 5.68438E-1 5.66817E-1 5.63768E-1 5.61488E-1 5.68938E-1 5.68227E-1 5.67453E-1 5.67459E-1 5.59995E-1 5.62114E-1 5.64184E-1 5.63696E-1 5.61119E-1
8.0415E-1 7.99479E-1 8.62783E-1 8.52348E-1 8.06348E-1 5.68068E-1 5.11611E-1 7.6685E-1 1.78411E-1 1.53912E-1 1.74593E-1 1.68921E-1 1.48673E-1 1.73013E-1 1.86842E-1 1.92801E-1 1.78971E-1 1.30617E-1 1.42965E-1 4.37158E-1 1.92514E-1 5.29337E-1 5.27208E-1 5.14552E-1 5.37089E-1 6.00953E-1 6.01582E-1 5.56377E-1 5.48208E-1 5.43091E-1 5.43886E-1 5.49215E-1 5.50231E-1 5.50301E-1 5.51193E-1 5.56542E-1 5.55742E-1 5.60289E-1 5.68214E-1 5.71623E-1 5.69303E-1 5.74493E-1 5.73583E-1 5.63141E-1 5.6576E-1 5.64276E-1 5.67278E-1 5.66144E-1 5.64476E-1 5.70164E-1 5.68743E-1 5.68287E-1 5.66812E-1 5.65907E-1 5.66037E-1 5.6049E-1 5.6049E-1 5.61267E-1 5.61526E-1 5.594E-1 5.56221E-1
7.31725E-1 7.51537E-1 7.91253E-1 7.96431E-1 7.81769E-1 7.88208E-1 7.79922E-1 1.81383E-1 1.52575E-1 1.49557E-1 1.9053E-1 2.07198E-1 2.10135E-1 2.11939E-1 5.32129E-1 5.35949E-1 5.22744E-1 5.11211E-1 5.73831E-1 5.53179E-1 5.491E-1 6.15957E-1 5.9891E-1 6.10276E-1 5.99451E-1 6.03429E-1 5.58311E-1 5.52048E-1 5.52842E-1 5.53564E-1 5.46843E-1 5.47819E-1 5.54068E-1 5.54533E-1 5.5439E-1 5.59332E-1 5.59698E-1 5.64998E-1 5.70033E-1 5.66272E-1 5.73599E-1 5.7132E-1 5.67291E-1 5.6322E-1 5.67741E-1 5.64871E-1 5.64743E-1 5.7026E-1 5.69252E-1 5.68733E-1 5.67438E-1 5.65569E-1 5.72845E-1 5.65698E-1 5.64742E-1 5.64794E-1 5.65959E-1 5.60231E-1 5.59706E-1 5.62349E-1 5.58741E-1
7.58803E-1 7.85478E-1 7.7571E-1 7.85337E-1 7.35931E-1 7.77395E-1 7.8416E-1 4.8345E-1 1.72608E-1 2.00365E-1 5.08403E-1 5.51229E-1 5.4692E-1 7.94687E-1 5.51372E-1 8.10318E-1 5.71866E-1 5.79383E-1 5.90967E-1 5.96475E-1 5.90362E-1 6.10382E-1 5.88662E-1 5.97162E-1 5.98293E-1 5.64567E-1 5.58565E-1 5.59216E-1 5.56219E-1 5.52791E-1 5.5908E-1 5.55936E-1 5.57132E-1 5.57655E-1 5.66208E-1 5.70229E-1 5.59125E-1 5.65757E-1 5.63667E-1 5.62246E-1 5.67801E-1 5.64351E-1 5.68204E-1 5.66866E-1 5.64257E-1 5.62714E-1 5.67152E-1 5.6671E-1 5.67098E-1 5.74255E-1 5.74255E-1 5.7368E-1 5.73026E-1 5.65542E-1 5.7381E-1 5.66918E-1 5.67046E-1 5.66086E-1 5.61978E-1 5.59323E-1 5.63997E-1
7.57341E-1 7.94036E-1 4.91412E-1 4.88414E-1 4.76882E-1 1.90866E-1 4.76726E-1 1.92739E-1 1.98345E-1 4.956E-1 1.93695E-1 4.73482E-1 1.94158E-1 1.79088E-1 4.7557E-1 1.97841E-1 4.9313E-1 5.67208E-1 5.8287E-1 5.87004E-1 5.90708E-1 5.84143E-1 5.79562E-1 6.00243E-1 5.7112E-1 5.65977E-1 5.67436E-1 5.62901E-1 5.60061E-1 5.62449E-1 5.62127E-1 5.6282E-1 5.68674E-1 5.59874E-1 5.59036E-1 5.62966E-1 5.62281E-1 5.59767E-1 5.63624E-1 5.63919E-1 5.68741E-1 5.6552E-1 5.64501E-1 5.62184E-1 5.65649E-1 5.65649E-1 5.64613E-1 5.65516E-1 5.74175E-1 5.73388E-1 5.72943E-1 5.72026E-1 5.72241E-1 5.65803E-1 5.66847E-1 5.6763E-1 5.66322E-1 5.62235E-1 5.58958E-1 5.55208E-1 5.74159E-1
5.62184E-1 5.57063E-1 5.64832E-1 5.58928E-1 5.45755E-1 5.43366E-1 4.97693E-1 4.85779E-1 4.84584E-1 5.32651E-1 5.08888E-1 4.94528E-1 5.09832E-1 5.36435E-1 4.96995E-1 5.29556E-1 5.90518E-1 5.5745E-1 5.99365E-1 5.85077E-1 8.14864E-1 5.68247E-1 5.84845E-1 5.73355E-1 5.67262E-1 5.67899E-1 5.69898E-1 5.63689E-1 5.64955E-1 5.65227E-1 5.66627E-1 5.66185E-1 5.71414E-1 5.71093E-1 5.70153E-1 5.65206E-1 5.63296E-1 5.60903E-1 5.66949E-1 5.66372E-1 5.70218E-1 5.68503E-1 5.66217E-1 5.63609E-1 5.63609E-1 5.63479E-1 5.7154E-1 5.72587E-1 5.72645E-1 5.72645E-1 5.7129E-1 5.72732E-1 5.67081E-1 5.67292E-1 5.67159E-1 5.6425E-1 5.61255E-1 5.66347E-1 5.61942E-1 5.62533E-1 5.7987E-1
5.56851E-1 7.55077E-1 5.64708E-1 5.66954E-1 5.4651E-1 5.43351E-1 5.19996E-1 5.08091E-1 5.61976E-1 5.74236E-1 5.7327E-1 5.65724E-1 5.58252E-1 5.91972E-1 5.73418E-1 5.66188E-1 5.94999E-1 5.89915E-1 5.92123E-1 8.29374E-1 8.18108E-1 6.02981E-1 6.07667E-1 5.76561E-1 5.69478E-1 5.70873E-1 5.72945E-1 5.75043E-1 5.67571E-1 5.77473E-1 5.69837E-1 5.56538E-1 5.63902E-1 5.62533E-1 5.61104E-1 5.67277E-1 5.72195E-1 5.71746E-1 5.70522E-1 5.73642E-1 5.72732E-1 5.69244E-1 5.67679E-1 5.68331E-1 5.62214E-1 5.63387E-1 5.63634E-1 5.64467E-1 5.64221E-1 5.71463E-1 5.71726E-1 5.72601E-1 5.65711E-1 5.65632E-1 5.62396E-1 5.67646E-1 5.64982E-1 5.63041E-1 5.74377E-1 5.68896E-1 5.70411E-1
5.75685E-1 5.68433E-1 5.53505E-1 5.21503E-1 5.66534E-1 5.67976E-1 5.57911E-1 5.66811E-1 5.87873E-1 5.71708E-1 5.98737E-1 5.73604E-1 5.85777E-1 5.77332E-1 5.78025E-1 5.67588E-1 5.88096E-1 8.04991E-1 5.71032E-1 5.71124E-1 5.9689E-1 5.99412E-1 5.78363E-1 5.73703E-1 5.74199E-1 5.74937E-1 5.76253E-1 5.7821E-1 5.71327E-1 5.80412E-1 5.81103E-1 5.81421E-1 5.74049E-1 5.85436E-1 5.71416E-1 5.71159E-1 5.69736E-1 5.67492E-1 5.73552E-1 5.70453E-1 5.69276E-1 5.66246E-1 5.66272E-1 5.67055E-1 5.68454E-1 5.68849E-1 5.69604E-1 5.70171E-1 5.68313E-1 5.6792E-1 5.6854E-1 5.62895E-1 5.63084E-1 5.61554E-1 5.66282E-1 5.70307E-1 5.6618E-1 5.75138E-1 5.99875E-1 6.04539E-1 5.67948E-1
