Artocarpus heterophyllus SDM files/MIS19/results (with bias file)/Arthet_median.asc
ncols         625
nrows         721
xllcorner     69.99986311115
yllcorner     5.99986187915
cellsize      0.041666667
NODATA_value  -9999
[rows 216 to 242 of 721, columns 366 to 426 of 625]
3.01538E-1 3.01977E-1 3.08585E-1 3.02312E-1 3.06728E-1 5.1472E-1 3.09435E-1 3.02297E-1 5.10538E-1 5.09927E-1 3.04825E-1 3.06513E-1 3.09355E-1 3.0668E-1 3.0483E-1 3.00734E-1 3.04685E-1 3.24182E-1 3.17782E-1 4.47129E-1 6.60553E-1 6.64376E-1 6.67816E-1 5.1204E-1 3.14009E-1 3.13245E-1 5.03502E-1 5.05828E-1 5.15376E-1 5.07764E-1 4.79268E-1 4.74746E-1 7.7861E-2 3.24882E-1 5.65844E-1 5.58705E-1 4.9697E-1 6.61208E-1 4.961E-1 5.42373E-1 1.62641E-1 7.99035E-2 7.71133E-2 2.37665E-1 2.62441E-1 5.93803E-1 6.49779E-1 7.39655E-1 5.45925E-1 1.75316E-1 5.68159E-1 5.89727E-1 6.21763E-1 6.34335E-1 6.71456E-1 6.75076E-1 6.70298E-1 6.49185E-1 1.51111E-1 1.14467E-1 1.30315E-1
5.15504E-1 5.15325E-1 3.07151E-1 3.0632E-1 5.20075E-1 5.16231E-1 5.13906E-1 5.11148E-1 5.09393E-1 5.10467E-1 2.99775E-1 2.99621E-1 3.01351E-1 2.96661E-1 2.98109E-1 3.01221E-1 3.02076E-1 3.06748E-1 3.11936E-1 3.03794E-1 4.27471E-1 2.99844E-1 5.12053E-1 6.56588E-1 6.44186E-1 6.47652E-1 4.97654E-1 5.23811E-1 4.98243E-1 5.59482E-1 5.70536E-1 5.01465E-1 8.61286E-2 6.17108E-1 6.2112E-1 5.52963E-1 6.69577E-1 4.82455E-1 4.54133E-1 6.11292E-1 6.55731E-1 9.3581E-2 2.65917E-1 4.17475E-1 6.63347E-1 5.97917E-1 6.55435E-1 6.7025E-1 6.41459E-1 6.17439E-1 6.15688E-1 6.54886E-1 6.66327E-1 6.71374E-1 6.63103E-1 6.71429E-1 2.81998E-1 2.34111E-1 7.25021E-2 1.25984E-1 1.6173E-1
5.13537E-1 5.14362E-1 5.15258E-1 5.15168E-1 5.13794E-1 5.13883E-1 5.1155E-1 5.11076E-1 5.06105E-1 5.04705E-1 5.0297E-1 5.04358E-1 5.0213E-1 5.01478E-1 5.01136E-1 5.05876E-1 3.00826E-1 2.987E-1 3.04704E-1 3.0071E-1 3.02244E-1 6.50132E-1 5.05119E-1 4.97634E-1 6.40224E-1 4.87703E-1 5.31759E-1 7.10399E-1 7.11596E-1 5.43215E-1 5.14971E-1 5.02347E-1 3.02751E-1 4.82193E-1 9.24127E-2 3.87754E-1 5.96875E-1 4.85939E-1 2.71218E-1 6.30889E-1 5.17081E-1 3.04508E-1 6.6648E-1 6.36944E-1 6.36341E-1 6.58805E-1 6.8514E-1 6.47226E-1 6.40036E-1 6.70212E-1 6.53185E-1 6.37884E-1 6.49996E-1 6.59058E-1 6.48727E-1 6.6113E-1 6.1653E-1 7.99028E-2 8.13111E-2 3.72041E-1 4.04362E-1
5.1155E-1 5.128E-1 5.1343E-1 5.13436E-1 5.13279E-1 5.1281E-1 5.08461E-1 5.07683E-1 5.04258E-1 5.01991E-1 4.9885E-1 4.98537E-1 4.98063E-1 4.96949E-1 4.96937E-1 4.96762E-1 4.99113E-1 4.99701E-1 5.07169E-1 5.08418E-1 6.55508E-1 6.49466E-1 5.05858E-1 4.98768E-1 5.01123E-1 5.11729E-1 4.86623E-1 5.00873E-1 4.9412E-1 4.80203E-1 4.88853E-1 4.97542E-1 6.17748E-1 5.07738E-1 2.98537E-1 2.95263E-1 6.21378E-1 6.66151E-1 6.32292E-1 6.23182E-1 6.27251E-1 5.83024E-1 6.24026E-1 6.20789E-1 6.27428E-1 5.95526E-1 6.6022E-1 7.00054E-1 6.55112E-1 6.45143E-1 6.42314E-1 5.63437E-1 5.48864E-1 5.70051E-1 2.37679E-1 2.19117E-1 5.06808E-1 5.1526E-1 1.49337E-1 3.90776E-1 4.02354E-1
5.06826E-1 5.07923E-1 5.07465E-1 5.08563E-1 5.10645E-1 5.09403E-1 5.03799E-1 5.03488E-1 4.97099E-1 4.96631E-1 4.94069E-1 4.91585E-1 4.92654E-1 4.91242E-1 4.88936E-1 4.91306E-1 4.91927E-1 4.93204E-1 5.04067E-1 5.00272E-1 6.5032E-1 6.48148E-1 4.98044E-1 5.06566E-1 5.03268E-1 4.93718E-1 4.97402E-1 4.96161E-1 5.07409E-1 6.53943E-1 5.0281E-1 5.06538E-1 6.64642E-1 6.68059E-1 5.11144E-1 5.19527E-1 6.71623E-1 6.38142E-1 6.79472E-1 6.81233E-1 5.26893E-1 3.15701E-1 6.84706E-1 3.22184E-1 3.22506E-1 6.12723E-1 6.82041E-1 6.80266E-1 4.56514E-1 6.72383E-1 3.66823E-1 1.54867E-1 3.75887E-1 1.53061E-1 3.83146E-1 7.98357E-2 9.05085E-2 1.63184E-1 4.18816E-1 4.51324E-1 4.38016E-1
4.81122E-1 5.05941E-1 5.06569E-1 5.07042E-1 5.06413E-1 5.0548E-1 5.03459E-1 4.99776E-1 4.96982E-1 4.95277E-1 5.02493E-1 5.02223E-1 5.00554E-1 4.99929E-1 4.97883E-1 4.97983E-1 4.97969E-1 4.8776E-1 4.88903E-1 4.9554E-1 4.97942E-1 5.00787E-1 4.96083E-1 4.9872E-1 4.97243E-1 4.97837E-1 5.00751E-1 4.95818E-1 5.05947E-1 6.57198E-1 6.47085E-1 6.66928E-1 6.60973E-1 5.7447E-1 6.52592E-1 5.19183E-1 4.48863E-1 5.86878E-1 6.44528E-1 5.92477E-1 6.62435E-1 6.73568E-1 5.94677E-1 6.04126E-1 6.06852E-1 5.86172E-1 6.82306E-1 6.92753E-1 6.90509E-1 6.91005E-1 4.76415E-1 4.1404E-1 4.77867E-1 4.23309E-1 4.61019E-1 4.81287E-1 4.63137E-1 4.56648E-1 4.66811E-1 4.69137E-1 4.57794E-1
4.80595E-1 4.80898E-1 4.81341E-1 4.81923E-1 4.80673E-1 5.02078E-1 5.00688E-1 5.06203E-1 5.04115E-1 5.0291E-1 5.02592E-1 5.00493E-1 5.00498E-1 4.98933E-1 4.96226E-1 4.97694E-1 4.97238E-1 4.98628E-1 5.02357E-1 5.01073E-1 5.01971E-1 4.9927E-1 4.97822E-1 4.95858E-1 5.01033E-1 4.9795E-1 4.97501E-1 5.01753E-1 6.5481E-1 6.46885E-1 6.40978E-1 6.44586E-1 5.14761E-1 6.62363E-1 5.69679E-1 5.65197E-1 5.73738E-1 5.70484E-1 5.74157E-1 5.76538E-1 6.35313E-1 6.85144E-1 6.05216E-1 5.88588E-1 5.92913E-1 5.9976E-1 6.48895E-1 6.59375E-1 6.73054E-1 4.36866E-1 4.61828E-1 4.3238E-1 4.79047E-1 4.9139E-1 4.58598E-1 4.66268E-1 4.73075E-1 4.62089E-1 4.62675E-1 4.59371E-1 4.67152E-1
4.78214E-1 4.78795E-1 4.79237E-1 4.7708E-1 4.75869E-1 4.84382E-1 4.87979E-1 4.83959E-1 5.01077E-1 5.00376E-1 4.99379E-1 4.9798E-1 4.96427E-1 4.95807E-1 4.9423E-1 4.93457E-1 4.9423E-1 4.9266E-1 4.91584E-1 4.91332E-1 4.92483E-1 4.93728E-1 4.91594E-1 4.95013E-1 4.99575E-1 5.01109E-1 6.52673E-1 6.53146E-1 6.49415E-1 6.43215E-1 6.37264E-1 6.93251E-1 6.50709E-1 6.63716E-1 6.23154E-1 6.21909E-1 5.74876E-1 6.36374E-1 5.82345E-1 5.93821E-1 5.84248E-1 5.86671E-1 6.00856E-1 6.00125E-1 5.97798E-1 6.08688E-1 6.08238E-1 6.17504E-1 6.7447E-1 4.04087E-1 4.05318E-1 4.13253E-1 4.11264E-1 4.30501E-1 4.39948E-1 4.46619E-1 4.413E-1 4.23009E-1 4.2485E-1 4.34998E-1 4.67638E-1
4.82827E-1 4.77021E-1 4.83525E-1 4.83117E-1 4.89544E-1 4.87239E-1 4.87397E-1 4.84146E-1 4.81845E-1 4.98846E-1 4.97593E-1 4.9534E-1 4.94781E-1 4.93596E-1 4.93906E-1 4.91245E-1 4.90381E-1 4.8892E-1 4.89098E-1 4.90674E-1 4.90471E-1 4.91067E-1 4.9117E-1 4.91414E-1 4.92009E-1 4.98502E-1 6.51607E-1 6.52619E-1 6.53854E-1 6.46807E-1 6.39734E-1 6.60611E-1 5.11255E-1 6.62841E-1 6.62142E-1 6.58034E-1 5.91656E-1 6.41813E-1 3.76872E-1 3.78709E-1 5.86523E-1 5.95217E-1 6.05782E-1 5.96364E-1 6.04224E-1 6.07531E-1 6.05582E-1 6.18284E-1 6.245E-1 6.26848E-1 4.1428E-1 4.18926E-1 4.16163E-1 4.36516E-1 4.47684E-1 4.44444E-1 4.38635E-1 4.29103E-1 4.34906E-1 4.36602E-1 4.43223E-1
4.85951E-1 4.90937E-1 4.90332E-1 4.89261E-1 4.88652E-1 4.8525E-1 4.8571E-1 4.84178E-1 4.80781E-1 4.77789E-1 4.95928E-1 4.94905E-1 4.93177E-1 4.9282E-1 4.87242E-1 4.8652E-1 4.84669E-1 4.88863E-1 4.89756E-1 4.89513E-1 4.89067E-1 4.9012E-1 4.90265E-1 4.90137E-1 4.90754E-1 4.90197E-1 4.96596E-1 6.51291E-1 6.5191E-1 6.53818E-1 6.48098E-1 6.47729E-1 6.42796E-1 6.54533E-1 6.57484E-1 6.57471E-1 4.31583E-1 5.91312E-1 6.47722E-1 5.99449E-1 5.90969E-1 5.89087E-1 5.98677E-1 6.00178E-1 6.02169E-1 6.03165E-1 6.14489E-1 6.18152E-1 6.32184E-1 4.02807E-1 4.10726E-1 4.20886E-1 4.25581E-1 4.34384E-1 4.40985E-1 4.42407E-1 4.36862E-1 4.36313E-1 4.41655E-1 4.48547E-1 4.56546E-1
4.89248E-1 4.88002E-1 4.88571E-1 4.88735E-1 4.86896E-1 4.86436E-1 4.84967E-1 4.82185E-1 4.80811E-1 4.75954E-1 4.73583E-1 4.69911E-1 4.88948E-1 4.87921E-1 4.87507E-1 4.85774E-1 4.85774E-1 4.83866E-1 4.84852E-1 4.84081E-1 4.89544E-1 4.89428E-1 4.89857E-1 4.88392E-1 4.8917E-1 4.90151E-1 4.90205E-1 6.51359E-1 6.52621E-1 6.50503E-1 6.50165E-1 6.48406E-1 6.55115E-1 6.19489E-1 6.29244E-1 6.31034E-1 6.33668E-1 5.86307E-1 5.86461E-1 5.86165E-1 5.89796E-1 5.91901E-1 6.02105E-1 6.03731E-1 6.06683E-1 6.0883E-1 6.19508E-1 6.23936E-1 4.05275E-1 4.08127E-1 4.14575E-1 4.18198E-1 4.31474E-1 4.35442E-1 4.38953E-1 4.39887E-1 4.40949E-1 4.41085E-1 4.47501E-1 4.54531E-1 4.60047E-1
4.86786E-1 4.86638E-1 4.86648E-1 4.8603E-1 4.84504E-1 4.88217E-1 4.8429E-1 4.83831E-1 4.788E-1 4.74574E-1 4.72902E-1 4.69935E-1 4.67483E-1 4.87875E-1 4.86909E-1 4.85057E-1 4.8434E-1 4.85059E-1 4.83489E-1 4.8274E-1 4.8359E-1 4.89367E-1 4.84139E-1 4.83719E-1 4.88175E-1 4.88688E-1 4.89974E-1 4.91753E-1 6.44885E-1 6.45025E-1 6.43496E-1 6.50039E-1 6.50108E-1 6.24024E-1 6.30311E-1 6.28932E-1 6.30568E-1 5.83225E-1 5.82801E-1 5.82921E-1 5.91109E-1 5.93358E-1 5.94838E-1 6.06475E-1 6.09521E-1 6.12386E-1 6.1537E-1 3.96445E-1 4.00583E-1 4.11842E-1 4.18095E-1 4.21876E-1 4.2607E-1 4.28737E-1 4.3134E-1 4.33029E-1 4.42823E-1 4.45107E-1 4.52674E-1 4.51339E-1 4.54348E-1
4.84794E-1 4.83881E-1 4.84187E-1 4.84193E-1 4.82664E-1 4.82053E-1 4.80341E-1 4.79274E-1 4.76658E-1 4.75746E-1 4.71684E-1 4.71077E-1 4.6826E-1 4.87334E-1 4.86194E-1 4.84544E-1 4.84724E-1 4.85172E-1 4.83565E-1 4.83231E-1 4.83111E-1 4.82453E-1 4.84011E-1 4.82508E-1 4.82685E-1 4.87729E-1 4.8845E-1 4.90593E-1 4.91695E-1 6.53764E-1 6.43084E-1 6.19399E-1 6.24541E-1 6.26755E-1 6.23483E-1 6.26094E-1 6.33527E-1 5.91914E-1 5.90544E-1 5.90935E-1 5.92396E-1 5.93821E-1 5.96639E-1 5.99542E-1 6.0393E-1 6.15405E-1 6.17209E-1 3.98075E-1 4.0331E-1 4.0845E-1 4.12651E-1 4.23528E-1 4.27504E-1 4.28141E-1 4.2864E-1 4.33584E-1 4.38749E-1 4.42365E-1 4.47922E-1 4.52044E-1 4.5559E-1
4.81309E-1 4.80549E-1 4.81275E-1 4.8189E-1 4.81127E-1 4.80512E-1 4.79758E-1 4.76829E-1 4.76373E-1 4.74672E-1 4.73459E-1 4.7031E-1 4.69553E-1 4.65811E-1 4.62474E-1 4.832E-1 4.84439E-1 4.84599E-1 4.83875E-1 4.82851E-1 4.815E-1 4.82761E-1 4.84005E-1 4.82925E-1 4.82748E-1 4.88099E-1 4.88357E-1 4.88694E-1 6.42338E-1 6.45105E-1 6.41997E-1 6.41269E-1 6.18205E-1 6.23375E-1 6.26631E-1 6.26769E-1 6.2655E-1 5.88303E-1 5.93766E-1 5.90739E-1 5.8428E-1 5.86391E-1 5.98156E-1 6.01504E-1 6.05915E-1 6.0928E-1 6.18995E-1 3.91245E-1 4.03458E-1 4.08771E-1 4.11283E-1 4.15587E-1 4.25847E-1 4.2753E-1 4.29359E-1 4.3547E-1 4.39472E-1 4.43618E-1 4.48287E-1 4.51389E-1 4.53518E-1
5.74058E-1 4.77796E-1 4.78864E-1 4.78711E-1 4.78095E-1 4.79452E-1 4.78966E-1 4.75452E-1 4.74385E-1 4.74082E-1 4.72686E-1 4.70934E-1 4.68333E-1 4.66045E-1 4.62948E-1 4.84502E-1 4.85288E-1 4.83978E-1 4.82611E-1 4.8274E-1 4.82112E-1 4.82043E-1 4.82202E-1 4.82747E-1 4.81423E-1 4.8225E-1 4.82571E-1 4.88371E-1 4.88322E-1 6.41819E-1 6.39818E-1 6.39523E-1 6.40397E-1 6.16102E-1 6.22239E-1 6.23936E-1 6.23545E-1 5.87177E-1 5.89036E-1 5.90935E-1 5.84377E-1 5.85859E-1 5.89537E-1 6.00825E-1 6.04945E-1 6.09747E-1 6.11676E-1 6.23524E-1 3.96942E-1 4.00964E-1 4.11287E-1 4.15305E-1 4.17169E-1 4.20461E-1 4.29446E-1 4.34608E-1 4.38299E-1 4.44164E-1 4.48465E-1 4.5075E-1 4.5213E-1
5.69445E-1 5.71773E-1 5.71771E-1 5.71863E-1 4.76104E-1 4.75495E-1 4.74678E-1 4.73768E-1 4.73617E-1 4.73162E-1 4.71318E-1 4.68323E-1 4.67266E-1 4.66518E-1 4.62487E-1 4.84499E-1 4.84615E-1 4.8462E-1 4.8317E-1 4.81477E-1 4.82085E-1 4.82415E-1 4.80762E-1 4.81242E-1 4.80275E-1 4.81423E-1 4.80687E-1 4.86279E-1 4.86295E-1 6.40091E-1 6.41168E-1 6.38275E-1 6.37973E-1 6.12507E-1 6.14155E-1 6.21843E-1 6.22225E-1 5.8568E-1 5.87728E-1 5.90079E-1 5.84574E-1 5.86627E-1 5.89115E-1 5.92321E-1 5.95386E-1 6.07711E-1 6.11725E-1 6.1519E-1 3.95701E-1 3.99054E-1 4.01838E-1 4.12175E-1 4.15135E-1 4.18565E-1 4.22115E-1 4.27258E-1 4.30351E-1 4.34745E-1 4.39109E-1 4.42148E-1 4.51005E-1
5.67227E-1 5.67022E-1 5.66788E-1 5.6987E-1 5.69486E-1 5.68321E-1 4.71657E-1 4.71657E-1 4.71186E-1 4.71295E-1 4.68037E-1 4.68495E-1 4.66055E-1 4.65307E-1 4.8542E-1 4.84815E-1 4.83535E-1 4.84308E-1 4.83397E-1 4.81856E-1 4.82941E-1 4.81398E-1 4.80776E-1 4.79619E-1 4.80587E-1 4.8058E-1 4.79657E-1 4.78756E-1 4.80851E-1 4.85322E-1 6.3904E-1 6.36857E-1 6.37302E-1 6.1022E-1 6.1184E-1 6.16589E-1 6.16486E-1 5.80021E-1 5.86569E-1 5.88802E-1 5.92409E-1 5.86732E-1 5.88092E-1 5.915E-1 5.94504E-1 5.98282E-1 6.09621E-1 6.14732E-1 3.88294E-1 3.97031E-1 3.99807E-1 4.03204E-1 4.13575E-1 4.17098E-1 4.20464E-1 4.25211E-1 4.28806E-1 4.3408E-1 4.3723E-1 4.39544E-1 4.49412E-1
5.63873E-1 5.61635E-1 5.61321E-1 5.67113E-1 5.66232E-1 5.66134E-1 5.66038E-1 5.66132E-1 5.65463E-1 4.70215E-1 4.67273E-1 4.68032E-1 4.65141E-1 4.64394E-1 4.85001E-1 4.84671E-1 4.84024E-1 4.8271E-1 4.81859E-1 4.82631E-1 4.8216E-1 4.81606E-1 4.81071E-1 4.79885E-1 4.79324E-1 4.79692E-1 4.78961E-1 4.77185E-1 4.7941E-1 4.7977E-1 6.31116E-1 6.3773E-1 6.29944E-1 6.04298E-1 6.10334E-1 6.11925E-1 6.17299E-1 5.77875E-1 5.80854E-1 5.8777E-1 5.90287E-1 5.83742E-1 5.87286E-1 5.90356E-1 5.9305E-1 5.97048E-1 6.07949E-1 6.11616E-1 6.1603E-1 3.88699E-1 3.98215E-1 4.01046E-1 4.04749E-1 4.09169E-1 4.12307E-1 4.22414E-1 4.2721E-1 4.30815E-1 4.34259E-1 4.37945E-1 4.39983E-1
5.59528E-1 5.58821E-1 5.59565E-1 5.59562E-1 5.60173E-1 5.63961E-1 5.64597E-1 5.64265E-1 5.64706E-1 5.63404E-1 4.66924E-1 4.67418E-1 4.65091E-1 4.63186E-1 4.85043E-1 4.84647E-1 4.80622E-1 4.82906E-1 4.81804E-1 4.82166E-1 4.82943E-1 4.81801E-1 4.80114E-1 4.79083E-1 4.78367E-1 4.78615E-1 4.77521E-1 4.76533E-1 4.75744E-1 4.78601E-1 6.29186E-1 6.30726E-1 6.28551E-1 6.29887E-1 6.04698E-1 6.09923E-1 6.1564E-1 5.76971E-1 5.78552E-1 5.81872E-1 5.88731E-1 5.89251E-1 5.84923E-1 5.85427E-1 5.91274E-1 5.95755E-1 5.99835E-1 6.10843E-1 6.13132E-1 6.16235E-1 3.89866E-1 3.99472E-1 4.03088E-1 4.06514E-1 4.09712E-1 4.20831E-1 4.24153E-1 4.28326E-1 4.31249E-1 4.34704E-1 4.38436E-1
5.4619E-1 5.46941E-1 5.56915E-1 5.57316E-1 5.57018E-1 5.56865E-1 5.57162E-1 5.61256E-1 5.6163E-1 5.6278E-1 5.56224E-1 5.61948E-1 4.53285E-1 4.62987E-1 4.78969E-1 4.80752E-1 4.7982E-1 4.79644E-1 4.81843E-1 4.83088E-1 4.81553E-1 4.8059E-1 4.7763E-1 4.78855E-1 4.78909E-1 4.76997E-1 4.76866E-1 4.74971E-1 4.74723E-1 4.77568E-1 6.27948E-1 6.28958E-1 6.27109E-1 6.28494E-1 6.02531E-1 6.11375E-1 6.14237E-1 5.74673E-1 5.76873E-1 5.80007E-1 5.8671E-1 5.87536E-1 5.90839E-1 5.84527E-1 5.90251E-1 5.94165E-1 5.9668E-1 6.50093E-1 6.51917E-1 6.56814E-1 6.58728E-1 4.20185E-1 4.30778E-1 4.34928E-1 4.38027E-1 4.1247E-1 4.15352E-1 4.2491E-1 4.28199E-1 4.3168E-1 4.35783E-1
5.42702E-1 5.43282E-1 5.43476E-1 5.46326E-1 5.4652E-1 5.47876E-1 5.48458E-1 5.54211E-1 5.54996E-1 5.54859E-1 5.50409E-1 5.6117E-1 5.51095E-1 5.49835E-1 5.69935E-1 4.83853E-1 4.83275E-1 4.82933E-1 4.79378E-1 4.81778E-1 4.78503E-1 4.78594E-1 4.77051E-1 4.78432E-1 4.7837E-1 4.76059E-1 4.76748E-1 4.981E-1 4.69421E-1 4.76321E-1 4.7737E-1 6.26987E-1 6.25986E-1 6.27052E-1 6.03795E-1 6.06356E-1 6.08462E-1 5.68475E-1 5.75293E-1 5.7827E-1 5.81094E-1 5.86261E-1 5.89719E-1 5.86498E-1 5.85577E-1 5.92228E-1 6.36649E-1 6.40101E-1 6.51459E-1 6.55375E-1 6.55584E-1 6.58744E-1 4.28416E-1 4.31725E-1 4.3594E-1 4.10307E-1 4.13792E-1 4.15176E-1 4.24582E-1 4.28618E-1 4.3262E-1
5.4096E-1 5.4038E-1 5.40573E-1 5.40573E-1 5.44971E-1 5.46133E-1 5.47101E-1 5.52772E-1 5.53625E-1 5.54082E-1 5.50414E-1 5.55583E-1 5.50566E-1 5.66373E-1 5.64829E-1 5.73389E-1 4.71257E-1 4.76838E-1 4.70425E-1 4.75998E-1 4.68976E-1 4.75026E-1 4.69111E-1 4.67596E-1 4.76735E-1 4.74978E-1 5.02888E-1 4.91901E-1 4.90675E-1 4.98047E-1 4.99172E-1 6.21882E-1 6.17793E-1 6.26125E-1 6.28384E-1 6.05388E-1 6.07295E-1 5.67657E-1 5.74053E-1 5.77621E-1 5.80134E-1 5.87303E-1 6.2624E-1 6.2973E-1 6.37049E-1 6.33141E-1 6.35842E-1 6.38337E-1 6.70824E-1 6.72918E-1 6.51514E-1 6.77111E-1 4.26828E-1 4.29326E-1 4.3297E-1 4.07287E-1 4.10944E-1 4.13492E-1 4.23007E-1 4.26112E-1 4.28847E-1
5.36022E-1 5.38834E-1 5.38062E-1 5.39221E-1 5.4323E-1 5.44971E-1 5.43364E-1 5.47489E-1 5.52909E-1 5.52444E-1 5.5428E-1 5.50572E-1 5.50792E-1 5.50504E-1 5.50032E-1 5.69749E-1 5.66099E-1 5.65673E-1 5.63977E-1 4.7587E-1 4.74468E-1 4.69582E-1 4.67219E-1 4.6632E-1 4.67054E-1 5.01178E-1 4.97918E-1 4.91044E-1 4.90825E-1 4.90871E-1 4.98047E-1 6.81139E-1 6.25621E-1 6.24937E-1 6.27254E-1 6.04264E-1 6.06043E-1 5.6933E-1 5.75859E-1 5.79139E-1 6.1788E-1 6.24297E-1 6.24618E-1 6.28091E-1 6.35274E-1 6.32512E-1 6.59959E-1 6.61291E-1 6.69392E-1 6.71005E-1 6.72626E-1 6.74439E-1 6.84478E-1 4.44219E-1 4.29446E-1 4.32972E-1 4.07314E-1 4.09723E-1 4.19865E-1 4.2148E-1 4.24532E-1
5.37869E-1 5.34674E-1 5.34499E-1 5.3447E-1 5.35789E-1 5.42195E-1 5.41534E-1 5.46133E-1 5.46907E-1 5.52254E-1 5.53236E-1 5.55271E-1 5.50668E-1 5.50195E-1 5.48811E-1 5.64686E-1 5.69597E-1 5.65215E-1 5.64099E-1 5.63632E-1 5.60287E-1 4.68663E-1 4.67709E-1 4.66434E-1 4.95608E-1 4.94369E-1 4.99565E-1 5.12887E-1 4.91296E-1 4.90319E-1 5.09057E-1 6.7994E-1 6.80844E-1 6.2412E-1 6.27151E-1 6.29259E-1 6.08032E-1 6.10404E-1 6.14172E-1 6.16576E-1 6.21867E-1 6.22991E-1 6.22996E-1 6.5159E-1 6.33783E-1 6.60114E-1 6.57843E-1 6.59364E-1 6.69646E-1 6.72971E-1 6.70141E-1 6.71955E-1 6.81356E-1 6.84475E-1 4.27203E-1 4.29542E-1 4.029E-1 4.0605E-1 4.15932E-1 4.17803E-1 4.2032E-1
5.36478E-1 5.34906E-1 5.33707E-1 5.34674E-1 5.34646E-1 5.40693E-1 5.40298E-1 5.43424E-1 5.45939E-1 5.52719E-1 5.53244E-1 5.52978E-1 5.53693E-1 5.50229E-1 5.49756E-1 5.65153E-1 5.64534E-1 5.64686E-1 5.64565E-1 5.63987E-1 5.61332E-1 5.60022E-1 4.67638E-1 4.66549E-1 4.94946E-1 5.08356E-1 5.07594E-1 5.083E-1 4.92797E-1 4.91337E-1 5.05388E-1 5.09305E-1 6.81136E-1 6.26439E-1 6.27065E-1 6.28591E-1 6.30183E-1 6.3704E-1 6.12395E-1 6.16021E-1 6.17582E-1 6.22608E-1 6.48725E-1 6.50718E-1 6.57143E-1 6.58204E-1 6.56494E-1 6.58876E-1 6.66619E-1 6.70431E-1 6.72185E-1 6.69655E-1 6.787E-1 6.80965E-1 6.84657E-1 4.26835E-1 3.99254E-1 4.019E-1 4.1108E-1 4.13046E-1 4.14952E-1
5.36316E-1 5.3382E-1 5.33661E-1 5.34808E-1 5.34527E-1 5.35172E-1 5.35789E-1 5.39972E-1 5.45165E-1 5.52072E-1 5.52985E-1 5.52719E-1 5.53701E-1 5.50673E-1 5.50139E-1 5.50229E-1 5.49914E-1 5.63884E-1 5.64148E-1 5.63722E-1 5.60955E-1 5.60448E-1 5.59524E-1 5.59057E-1 4.94138E-1 4.93523E-1 5.07082E-1 5.07914E-1 4.92133E-1 5.05883E-1 5.0449E-1 5.01104E-1 6.81984E-1 6.26894E-1 6.25915E-1 6.26255E-1 6.28716E-1 6.36144E-1 6.128E-1 6.1484E-1 6.19893E-1 6.45966E-1 6.47179E-1 6.54299E-1 6.61211E-1 6.56591E-1 6.60466E-1 6.62845E-1 6.64994E-1 6.66705E-1 6.68252E-1 6.6812E-1 6.76513E-1 6.78595E-1 6.80861E-1 6.62876E-1 4.32835E-1 4.03872E-1 4.05875E-1 4.08446E-1 4.09228E-1
5.35775E-1 5.34708E-1 5.32825E-1 5.33413E-1 5.3438E-1 5.35025E-1 5.35523E-1 5.40564E-1 5.4323E-1 5.50695E-1 5.52468E-1 5.52727E-1 5.54235E-1 5.53046E-1 5.50392E-1 5.50516E-1 5.49509E-1 5.64158E-1 5.63387E-1 5.63306E-1 5.61957E-1 5.59492E-1 5.59452E-1 5.58793E-1 5.55787E-1 5.5409E-1 5.06696E-1 4.92787E-1 4.91909E-1 5.06581E-1 5.05568E-1 5.04343E-1 5.06838E-1 6.21593E-1 6.22137E-1 6.26425E-1 6.28468E-1 6.35886E-1 6.12488E-1 6.39103E-1 6.44736E-1 6.44905E-1 6.47219E-1 6.60237E-1 6.57998E-1 6.61564E-1 6.57934E-1 6.65233E-1 6.63081E-1 6.65077E-1 6.65152E-1 6.7385E-1 6.74988E-1 6.7622E-1 6.77923E-1 6.58809E-1 6.66764E-1 3.9856E-1 4.00879E-1 4.03668E-1 4.05166E-1
