Artocarpus heterophyllus SDM files/MIS19/results (with bias file)/Arthet_4.asc
ncols         625
nrows         721
xllcorner     69.99986311115
yllcorner     5.99986187915
cellsize      0.041666667
NODATA_value  -9999
[rows 297 to 323 of 721, columns 244 to 304 of 625]
6.12874E-1 5.54257E-1 6.07242E-1 6.03408E-1 6.00155E-1 6.16175E-1 6.27469E-1 6.27474E-1 5.96769E-1 5.43792E-1 5.35736E-1 5.36815E-1 5.94133E-1 6.07169E-1 6.08035E-1 5.8035E-1 6.05596E-1 6.08896E-1 6.20215E-1 6.154E-1 5.9725E-1 5.29873E-1 5.26706E-1 5.30549E-1 5.3744E-1 5.3135E-1 5.83366E-1 5.84149E-1 5.80428E-1 5.89608E-1 6.0995E-1 6.21268E-1 6.20955E-1 6.29061E-1 6.10044E-1 6.1932E-1 6.48461E-1 6.4902E-1 6.24968E-1 6.22843E-1 6.31523E-1 6.17632E-1 6.54619E-1 6.62272E-1 6.45032E-1 6.34762E-1 6.52268E-1 6.68189E-1 6.45536E-1 6.32212E-1 6.02922E-1 6.17914E-1 6.13845E-1 6.35995E-1 6.32519E-1 6.17692E-1 6.12365E-1 6.10496E-1 5.89787E-1 6.10642E-1 6.17561E-1
6.10614E-1 5.8983E-1 6.12692E-1 6.16811E-1 6.3448E-1 6.12067E-1 6.16655E-1 6.01868E-1 5.40992E-1 5.40278E-1 5.38947E-1 5.54003E-1 5.98977E-1 6.06873E-1 6.00235E-1 5.88187E-1 5.72794E-1 6.04488E-1 6.12565E-1 6.20846E-1 5.86972E-1 5.42142E-1 5.4014E-1 5.48779E-1 5.41596E-1 5.3655E-1 5.79142E-1 5.88396E-1 5.82142E-1 5.89183E-1 5.92648E-1 5.99085E-1 5.9596E-1 6.0231E-1 6.08238E-1 6.2865E-1 6.23124E-1 6.38229E-1 6.29492E-1 6.37536E-1 6.22939E-1 6.49661E-1 6.5117E-1 6.80288E-1 6.56434E-1 6.34943E-1 6.61507E-1 6.65802E-1 6.51608E-1 6.51895E-1 6.31109E-1 6.19425E-1 6.14972E-1 6.18852E-1 6.34197E-1 6.33061E-1 6.06986E-1 6.32186E-1 6.08746E-1 5.96943E-1 6.12844E-1
6.26349E-1 6.13464E-1 6.33637E-1 6.52704E-1 6.42418E-1 6.16296E-1 5.68962E-1 5.96854E-1 5.41309E-1 5.37013E-1 5.8206E-1 5.94327E-1 5.91402E-1 6.04434E-1 6.07757E-1 5.8854E-1 5.54868E-1 5.93876E-1 6.09754E-1 6.05308E-1 5.86458E-1 5.81775E-1 5.44521E-1 5.39099E-1 5.36663E-1 5.90895E-1 5.33869E-1 5.65066E-1 5.96313E-1 5.72591E-1 5.9526E-1 6.07477E-1 6.06574E-1 6.12221E-1 6.06783E-1 6.37511E-1 6.11359E-1 6.06884E-1 6.39366E-1 6.65945E-1 6.25504E-1 6.65877E-1 6.21617E-1 6.36081E-1 6.79026E-1 6.69442E-1 6.606E-1 6.46128E-1 6.32033E-1 6.33899E-1 6.31602E-1 6.08863E-1 6.12037E-1 6.11729E-1 6.35144E-1 6.50035E-1 6.45454E-1 6.45378E-1 6.29843E-1 5.94279E-1 5.75633E-1
6.22247E-1 5.85678E-1 6.08677E-1 6.43084E-1 6.4103E-1 6.22432E-1 6.19572E-1 6.24438E-1 5.44216E-1 5.50571E-1 6.17461E-1 6.15794E-1 5.83032E-1 6.09829E-1 6.00852E-1 5.9397E-1 5.52867E-1 5.88841E-1 6.06909E-1 5.79759E-1 6.01367E-1 5.78025E-1 5.35228E-1 5.32796E-1 5.78383E-1 5.99778E-1 5.36023E-1 5.73841E-1 5.98345E-1 5.85718E-1 5.99372E-1 6.01241E-1 5.94785E-1 6.05093E-1 6.04269E-1 6.05854E-1 6.00257E-1 6.13914E-1 6.22931E-1 6.6127E-1 6.52874E-1 6.62259E-1 6.4954E-1 6.69591E-1 6.64552E-1 6.77623E-1 6.60334E-1 6.66505E-1 6.59404E-1 6.59534E-1 6.52596E-1 6.49642E-1 6.22872E-1 6.3657E-1 6.20496E-1 6.14745E-1 6.18332E-1 6.17862E-1 6.17179E-1 6.05513E-1 6.05946E-1
5.96655E-1 5.93452E-1 6.22384E-1 6.25523E-1 6.27396E-1 6.11522E-1 6.35915E-1 6.40239E-1 5.5042E-1 5.52118E-1 6.21597E-1 6.33189E-1 5.9745E-1 6.12906E-1 6.05919E-1 5.62417E-1 6.01004E-1 5.53702E-1 5.89666E-1 5.43018E-1 5.71353E-1 5.68747E-1 5.78562E-1 5.40172E-1 5.74862E-1 5.97099E-1 5.31291E-1 5.32257E-1 5.71292E-1 5.76435E-1 5.96873E-1 6.06335E-1 6.07685E-1 6.05241E-1 5.95924E-1 6.07796E-1 6.03184E-1 6.10989E-1 6.14236E-1 6.37362E-1 6.07188E-1 6.32671E-1 6.29053E-1 6.34685E-1 6.38908E-1 6.45127E-1 6.56738E-1 6.54368E-1 6.51424E-1 6.74209E-1 6.25336E-1 6.18068E-1 6.40115E-1 6.36193E-1 6.08967E-1 6.2575E-1 6.21048E-1 6.01354E-1 5.90714E-1 5.78094E-1 6.01835E-1
6.04715E-1 6.07487E-1 6.01413E-1 6.18725E-1 6.11255E-1 6.24826E-1 6.30803E-1 6.36665E-1 5.47158E-1 5.46523E-1 6.02489E-1 6.25706E-1 6.2649E-1 6.21492E-1 6.18245E-1 6.11467E-1 6.09138E-1 5.4146E-1 5.34077E-1 5.34114E-1 5.71948E-1 5.88403E-1 5.79371E-1 5.90087E-1 5.78298E-1 5.9608E-1 5.84465E-1 5.17643E-1 5.3354E-1 5.64258E-1 5.9012E-1 5.64485E-1 5.83174E-1 5.93219E-1 6.0071E-1 6.09792E-1 6.16916E-1 6.16956E-1 6.3269E-1 6.48106E-1 6.08659E-1 6.02644E-1 6.04554E-1 5.94917E-1 6.08876E-1 6.26229E-1 6.25404E-1 6.43185E-1 6.61171E-1 6.63872E-1 6.61254E-1 6.3843E-1 6.20559E-1 6.24021E-1 6.21724E-1 6.24701E-1 6.29332E-1 6.02462E-1 5.91309E-1 6.01874E-1 5.80112E-1
5.97052E-1 6.06819E-1 5.88569E-1 5.97881E-1 6.20095E-1 6.27833E-1 6.54909E-1 6.32238E-1 5.53551E-1 5.87012E-1 6.10825E-1 6.16114E-1 6.03461E-1 6.2598E-1 6.16147E-1 5.95061E-1 5.37774E-1 5.37105E-1 5.39067E-1 5.52281E-1 5.80342E-1 5.94227E-1 5.88811E-1 5.96075E-1 5.88818E-1 5.91974E-1 5.24697E-1 5.35126E-1 5.68523E-1 5.34525E-1 5.62166E-1 5.57411E-1 5.86294E-1 5.9796E-1 5.95765E-1 5.96324E-1 6.04E-1 6.10444E-1 6.23368E-1 6.50341E-1 6.28321E-1 6.2333E-1 6.10525E-1 6.00407E-1 5.85235E-1 6.12058E-1 6.24149E-1 6.29089E-1 6.33825E-1 6.37118E-1 6.35856E-1 6.2581E-1 6.17624E-1 6.28083E-1 6.25404E-1 6.18099E-1 6.37446E-1 6.30064E-1 6.34609E-1 6.24404E-1 6.10631E-1
6.0859E-1 5.98957E-1 5.51494E-1 5.89502E-1 6.06257E-1 6.25868E-1 6.56509E-1 6.31376E-1 5.50348E-1 6.10511E-1 6.20195E-1 6.13869E-1 6.20556E-1 6.14531E-1 5.93316E-1 5.22706E-1 5.33776E-1 5.44251E-1 5.88231E-1 5.49093E-1 5.45106E-1 5.83508E-1 5.91692E-1 6.05031E-1 5.97851E-1 5.54099E-1 5.50056E-1 5.32981E-1 5.37559E-1 5.71188E-1 5.63823E-1 5.21703E-1 5.72144E-1 5.91225E-1 6.01395E-1 5.85896E-1 5.89816E-1 6.13331E-1 6.14667E-1 6.07913E-1 6.14198E-1 6.30171E-1 6.23457E-1 6.08986E-1 5.97953E-1 6.17013E-1 6.3057E-1 6.19681E-1 6.20328E-1 6.19066E-1 6.21507E-1 6.1599E-1 6.3238E-1 6.2236E-1 6.25848E-1 6.18707E-1 6.28849E-1 6.30668E-1 6.1656E-1 6.26966E-1 6.36768E-1
6.06579E-1 5.95398E-1 5.55798E-1 5.91992E-1 6.01722E-1 6.38183E-1 6.47231E-1 6.15977E-1 5.91204E-1 6.17527E-1 6.36069E-1 6.20773E-1 6.33561E-1 6.28018E-1 5.36743E-1 5.86588E-1 5.95915E-1 6.03806E-1 6.13235E-1 6.14214E-1 5.59367E-1 5.90969E-1 6.09344E-1 6.16905E-1 5.69008E-1 5.58232E-1 5.53263E-1 5.44783E-1 5.38859E-1 5.77536E-1 5.40486E-1 5.26443E-1 5.68923E-1 5.91946E-1 6.05571E-1 5.79621E-1 5.93237E-1 6.12359E-1 6.16998E-1 5.92143E-1 6.12282E-1 6.28261E-1 6.16806E-1 5.96331E-1 6.01961E-1 6.01833E-1 6.16591E-1 6.169E-1 6.08179E-1 6.09592E-1 6.23217E-1 6.21485E-1 6.30084E-1 6.25295E-1 6.35107E-1 5.99708E-1 5.89365E-1 5.98026E-1 6.23087E-1 6.15161E-1 6.02052E-1
6.27291E-1 6.20501E-1 6.04389E-1 5.98388E-1 6.01683E-1 6.31469E-1 6.31773E-1 5.968E-1 6.02278E-1 6.39936E-1 6.25241E-1 6.16988E-1 6.39985E-1 6.07072E-1 5.54958E-1 5.99435E-1 6.00419E-1 6.34351E-1 6.22201E-1 5.81936E-1 5.69656E-1 5.27089E-1 5.74151E-1 6.06174E-1 6.01811E-1 5.54844E-1 5.46185E-1 5.43258E-1 5.39047E-1 5.79437E-1 5.44237E-1 5.33468E-1 5.30653E-1 5.80751E-1 5.72526E-1 5.92532E-1 6.04884E-1 6.08211E-1 5.96475E-1 6.0417E-1 6.06075E-1 6.04489E-1 6.12073E-1 6.18598E-1 6.02897E-1 6.09111E-1 6.20725E-1 5.97603E-1 5.98265E-1 5.78153E-1 5.92225E-1 6.22514E-1 6.12353E-1 6.22599E-1 5.9109E-1 6.13547E-1 6.01216E-1 6.00379E-1 6.20882E-1 6.07518E-1 6.09973E-1
6.41088E-1 6.38181E-1 6.27618E-1 6.1643E-1 6.00776E-1 6.29233E-1 6.12386E-1 6.05779E-1 6.02394E-1 6.12782E-1 6.31621E-1 6.31221E-1 6.46191E-1 6.26923E-1 6.13486E-1 6.21961E-1 6.12814E-1 6.23569E-1 6.11249E-1 6.23878E-1 5.73373E-1 6.1205E-1 5.22875E-1 5.69714E-1 6.03638E-1 6.16774E-1 5.7246E-1 5.6646E-1 5.65905E-1 5.52874E-1 5.41734E-1 5.33429E-1 5.78502E-1 5.83697E-1 5.82944E-1 5.88613E-1 5.95219E-1 6.0818E-1 5.94128E-1 6.15148E-1 6.16489E-1 5.95815E-1 6.01237E-1 6.0909E-1 6.04662E-1 6.09244E-1 6.2885E-1 6.27364E-1 5.86511E-1 5.79946E-1 6.02346E-1 6.36319E-1 6.39976E-1 6.37678E-1 6.07952E-1 6.01908E-1 5.96648E-1 6.20514E-1 6.24834E-1 6.37879E-1 6.2518E-1
6.33604E-1 6.52727E-1 6.31186E-1 6.25E-1 6.27459E-1 6.32264E-1 6.08846E-1 6.20877E-1 6.1152E-1 6.12393E-1 6.15756E-1 6.0228E-1 6.11291E-1 6.28211E-1 6.50149E-1 6.18879E-1 6.28147E-1 6.1178E-1 6.10303E-1 6.09957E-1 6.20578E-1 5.98049E-1 5.66232E-1 5.22443E-1 5.84945E-1 6.20265E-1 6.32232E-1 5.87714E-1 5.64844E-1 5.4573E-1 5.40737E-1 5.79022E-1 5.82615E-1 5.9273E-1 5.94701E-1 6.03157E-1 5.98353E-1 6.23602E-1 6.24553E-1 6.1535E-1 6.04841E-1 5.98247E-1 6.24652E-1 6.07231E-1 6.16853E-1 6.28768E-1 6.14813E-1 6.23293E-1 6.08804E-1 6.00177E-1 6.1923E-1 6.28877E-1 6.51564E-1 6.12017E-1 5.94956E-1 6.04307E-1 6.07982E-1 6.44101E-1 6.09324E-1 6.41541E-1 6.26331E-1
6.18772E-1 6.27651E-1 6.2514E-1 6.59912E-1 6.47536E-1 6.39578E-1 6.07577E-1 6.24779E-1 6.21096E-1 6.21143E-1 6.2521E-1 6.16705E-1 6.05745E-1 5.98485E-1 6.22313E-1 6.12712E-1 6.14859E-1 6.27217E-1 6.19173E-1 6.17602E-1 6.03393E-1 6.15E-1 6.25047E-1 5.81206E-1 5.24664E-1 5.76552E-1 6.09874E-1 6.27114E-1 5.84855E-1 5.54422E-1 5.51198E-1 5.5301E-1 5.9939E-1 6.17468E-1 6.18854E-1 5.74461E-1 5.98974E-1 5.88955E-1 5.93933E-1 5.89734E-1 5.96148E-1 6.16438E-1 6.14731E-1 6.04174E-1 6.25756E-1 6.23418E-1 6.07561E-1 5.91946E-1 5.79674E-1 5.97212E-1 5.9992E-1 6.29423E-1 6.12674E-1 6.10296E-1 6.15123E-1 6.17225E-1 5.92931E-1 5.98645E-1 6.33775E-1 6.67589E-1 6.33284E-1
6.09014E-1 6.14575E-1 6.22919E-1 6.2734E-1 6.65539E-1 6.49188E-1 6.16335E-1 6.22228E-1 6.23866E-1 6.21123E-1 6.37507E-1 6.12615E-1 5.88483E-1 6.1368E-1 6.33393E-1 5.98661E-1 5.98533E-1 5.88162E-1 6.19209E-1 5.91139E-1 5.95744E-1 6.23196E-1 6.22281E-1 6.24189E-1 5.96369E-1 5.36486E-1 5.53804E-1 6.08073E-1 5.70994E-1 5.64687E-1 5.70138E-1 5.88496E-1 6.30328E-1 5.92236E-1 5.93277E-1 5.87428E-1 5.94343E-1 6.17424E-1 6.23056E-1 6.23114E-1 6.0557E-1 6.04218E-1 6.03993E-1 6.15939E-1 6.15647E-1 6.16882E-1 6.21296E-1 6.17308E-1 6.02635E-1 5.92115E-1 5.9164E-1 5.95187E-1 6.13043E-1 6.18567E-1 6.27029E-1 6.24586E-1 5.86535E-1 5.94919E-1 6.06044E-1 6.29441E-1 6.33319E-1
6.07873E-1 6.01126E-1 6.38142E-1 6.09592E-1 6.27745E-1 6.33394E-1 6.23962E-1 6.2455E-1 6.28755E-1 6.21849E-1 6.17624E-1 5.91789E-1 6.10148E-1 6.33966E-1 6.0828E-1 5.69064E-1 5.76816E-1 6.0409E-1 6.02089E-1 5.90898E-1 6.20122E-1 6.20999E-1 6.01231E-1 6.05082E-1 5.44554E-1 5.36133E-1 5.15088E-1 5.91698E-1 6.07557E-1 6.28758E-1 6.39778E-1 6.61745E-1 6.64236E-1 6.26748E-1 6.27919E-1 6.09201E-1 6.08625E-1 6.55402E-1 6.30936E-1 6.55479E-1 6.48551E-1 6.41406E-1 6.23257E-1 6.16008E-1 6.2533E-1 6.27674E-1 5.95387E-1 6.09951E-1 6.27346E-1 6.25893E-1 6.17674E-1 5.85792E-1 6.01146E-1 6.06765E-1 6.17966E-1 6.13866E-1 6.26879E-1 6.07714E-1 5.88592E-1 5.99639E-1 6.0537E-1
6.25151E-1 6.17877E-1 6.13284E-1 6.29088E-1 6.21429E-1 6.21191E-1 6.25657E-1 6.32236E-1 6.10025E-1 6.01199E-1 5.86923E-1 5.97666E-1 6.23425E-1 6.14323E-1 5.93448E-1 6.06125E-1 6.01789E-1 5.8308E-1 5.94095E-1 5.88504E-1 6.10398E-1 5.85608E-1 5.75418E-1 6.03172E-1 6.04596E-1 5.70324E-1 6.12577E-1 5.44385E-1 5.85494E-1 6.15137E-1 6.24291E-1 6.21768E-1 6.41405E-1 6.21477E-1 6.28922E-1 6.77345E-1 6.49582E-1 6.2397E-1 6.1741E-1 6.36432E-1 6.49669E-1 6.52211E-1 6.5567E-1 6.42737E-1 6.26292E-1 6.47127E-1 6.38706E-1 5.93387E-1 6.0763E-1 5.94971E-1 6.17613E-1 5.8826E-1 5.97371E-1 6.26776E-1 6.18429E-1 6.41626E-1 6.20405E-1 6.13434E-1 5.9345E-1 6.27067E-1 6.20795E-1
6.38237E-1 6.29018E-1 6.24177E-1 6.18881E-1 6.11342E-1 6.41371E-1 6.34203E-1 6.10831E-1 5.92923E-1 5.82691E-1 5.90938E-1 6.07932E-1 6.22544E-1 6.18908E-1 6.09195E-1 6.06638E-1 6.01943E-1 5.7339E-1 5.79474E-1 5.9846E-1 5.72255E-1 5.42318E-1 5.5757E-1 5.91519E-1 5.8043E-1 6.10472E-1 6.17484E-1 6.1606E-1 5.46796E-1 6.01568E-1 6.01609E-1 6.02761E-1 6.12169E-1 6.6195E-1 6.82168E-1 6.85885E-1 6.60623E-1 6.48376E-1 6.31758E-1 6.71732E-1 6.42621E-1 6.52306E-1 6.48149E-1 6.61837E-1 6.46124E-1 6.33895E-1 6.39139E-1 6.40625E-1 6.36054E-1 6.28451E-1 6.15318E-1 6.35044E-1 6.03897E-1 6.1274E-1 6.05169E-1 6.20109E-1 6.1115E-1 6.13034E-1 5.9807E-1 6.08886E-1 6.32977E-1
6.37512E-1 6.12044E-1 5.9543E-1 6.17938E-1 6.31375E-1 6.49653E-1 6.43431E-1 5.9884E-1 5.51574E-1 6.10235E-1 6.22005E-1 6.22153E-1 6.19097E-1 6.24188E-1 6.25485E-1 6.26541E-1 6.17828E-1 5.4971E-1 5.73201E-1 5.63776E-1 5.62143E-1 5.67011E-1 5.51657E-1 5.49942E-1 5.54678E-1 5.72894E-1 5.72266E-1 5.7627E-1 6.08872E-1 6.0878E-1 6.06119E-1 6.26043E-1 6.53419E-1 6.72742E-1 6.67423E-1 6.7113E-1 6.96412E-1 6.58487E-1 6.54388E-1 6.78508E-1 6.20892E-1 6.53368E-1 6.52273E-1 6.51599E-1 6.52318E-1 6.40094E-1 6.42311E-1 6.51337E-1 6.35676E-1 6.47944E-1 6.28732E-1 6.34328E-1 5.9191E-1 5.99503E-1 5.93726E-1 5.98111E-1 6.08874E-1 5.94894E-1 6.21476E-1 6.38827E-1 6.39636E-1
6.18329E-1 5.48181E-1 5.92374E-1 6.30536E-1 6.4519E-1 6.45993E-1 6.13956E-1 6.12827E-1 5.87775E-1 6.11441E-1 6.27856E-1 6.15299E-1 6.10039E-1 6.0749E-1 6.06226E-1 6.33768E-1 6.23619E-1 5.6707E-1 5.88549E-1 6.01783E-1 6.09727E-1 6.11242E-1 5.51361E-1 5.80257E-1 5.61356E-1 5.5071E-1 5.49602E-1 5.76E-1 5.8836E-1 6.02114E-1 6.4883E-1 6.56743E-1 6.70062E-1 6.86122E-1 6.79251E-1 6.55203E-1 6.71198E-1 7.00672E-1 6.80821E-1 6.59364E-1 6.29311E-1 6.34932E-1 6.51863E-1 6.43699E-1 6.50288E-1 6.50009E-1 6.39858E-1 6.33224E-1 6.32905E-1 6.56935E-1 6.38289E-1 6.39702E-1 6.41203E-1 6.08363E-1 5.88247E-1 6.03277E-1 5.78791E-1 5.88373E-1 6.12299E-1 6.30238E-1 6.51184E-1
5.92097E-1 5.4566E-1 5.85183E-1 6.37008E-1 6.48166E-1 6.40661E-1 5.95294E-1 5.96698E-1 6.08348E-1 6.33659E-1 6.32393E-1 6.1373E-1 6.05196E-1 5.65448E-1 6.04217E-1 6.31533E-1 6.14184E-1 6.06276E-1 5.84307E-1 6.02807E-1 5.77026E-1 6.20565E-1 5.68509E-1 5.92109E-1 5.9484E-1 5.9994E-1 5.5369E-1 5.56488E-1 5.82727E-1 5.75699E-1 5.75284E-1 6.03645E-1 6.44526E-1 6.38716E-1 7.11603E-1 7.13945E-1 6.94428E-1 7.02166E-1 6.94625E-1 6.32437E-1 6.40645E-1 6.68339E-1 6.17417E-1 6.40863E-1 6.2332E-1 6.24366E-1 6.34335E-1 6.37454E-1 6.55288E-1 6.39632E-1 6.36368E-1 6.35125E-1 6.53198E-1 6.48948E-1 6.21059E-1 5.95856E-1 6.11389E-1 5.89145E-1 6.23222E-1 6.2777E-1 6.34258E-1
5.52514E-1 5.4577E-1 6.01899E-1 6.18884E-1 6.44249E-1 6.33272E-1 6.05231E-1 5.62983E-1 5.94958E-1 6.355E-1 5.9879E-1 5.3034E-1 5.6226E-1 6.05991E-1 6.04091E-1 6.18268E-1 6.02745E-1 6.22702E-1 5.92026E-1 5.96207E-1 5.86718E-1 6.16855E-1 6.26989E-1 6.21038E-1 5.9739E-1 6.21639E-1 5.87353E-1 5.61398E-1 6.20998E-1 5.99897E-1 5.59264E-1 5.81966E-1 5.8144E-1 6.07773E-1 6.09057E-1 6.03685E-1 6.87267E-1 6.96762E-1 6.99914E-1 6.44223E-1 6.39355E-1 6.65295E-1 6.43379E-1 6.48022E-1 6.3919E-1 6.43336E-1 6.406E-1 6.41969E-1 6.17865E-1 6.29556E-1 6.54264E-1 6.28998E-1 6.12643E-1 6.29573E-1 6.64351E-1 6.55433E-1 6.53603E-1 6.12685E-1 6.13753E-1 6.05838E-1 6.12652E-1
5.8775E-1 5.9898E-1 5.97268E-1 6.07348E-1 6.30178E-1 6.44273E-1 6.19734E-1 5.51517E-1 5.77538E-1 6.08358E-1 5.85341E-1 5.94145E-1 5.92016E-1 6.10269E-1 6.26725E-1 5.86099E-1 5.86046E-1 5.96118E-1 6.02618E-1 6.05393E-1 5.63E-1 5.73247E-1 5.88995E-1 6.05969E-1 5.93801E-1 6.2177E-1 6.47599E-1 5.88022E-1 6.39218E-1 6.49594E-1 5.94773E-1 5.65547E-1 5.79734E-1 5.8356E-1 5.84026E-1 6.12221E-1 6.36809E-1 6.90362E-1 7.06061E-1 6.49772E-1 6.30095E-1 6.52843E-1 6.60533E-1 6.37377E-1 6.41684E-1 6.27276E-1 6.33999E-1 6.31032E-1 6.35885E-1 6.3608E-1 6.4602E-1 6.35213E-1 6.27861E-1 5.97567E-1 6.28308E-1 6.56547E-1 6.21172E-1 5.91962E-1 6.28044E-1 6.20699E-1 6.21219E-1
6.28513E-1 6.26313E-1 5.70932E-1 5.80607E-1 5.89827E-1 6.19106E-1 6.34501E-1 5.99881E-1 5.90284E-1 6.0101E-1 6.15396E-1 6.09242E-1 6.05304E-1 6.12596E-1 6.32635E-1 5.98394E-1 5.99543E-1 5.82127E-1 6.03495E-1 6.09529E-1 5.9158E-1 5.92097E-1 5.60982E-1 5.65593E-1 5.95899E-1 6.14769E-1 6.35352E-1 6.15741E-1 5.62111E-1 6.75013E-1 6.16275E-1 6.03281E-1 6.01726E-1 6.37726E-1 6.2275E-1 6.29106E-1 6.95209E-1 7.10892E-1 6.93239E-1 6.2326E-1 6.2765E-1 6.05515E-1 6.36333E-1 6.34189E-1 6.37613E-1 6.36415E-1 6.30158E-1 6.22692E-1 6.29916E-1 6.27111E-1 6.10446E-1 5.813E-1 5.72718E-1 5.75026E-1 5.73805E-1 6.04986E-1 6.06181E-1 5.81212E-1 6.17255E-1 6.39709E-1 6.37851E-1
6.33636E-1 6.32486E-1 6.11965E-1 5.80051E-1 5.95394E-1 6.33255E-1 6.27514E-1 5.98823E-1 6.04571E-1 6.28802E-1 6.32764E-1 5.98216E-1 5.81093E-1 6.10997E-1 5.97254E-1 5.99993E-1 6.32903E-1 6.21131E-1 5.92907E-1 6.07671E-1 5.30572E-1 5.60643E-1 5.77084E-1 5.73418E-1 5.8386E-1 6.07902E-1 6.28609E-1 6.23969E-1 5.69535E-1 6.19734E-1 6.12131E-1 6.37899E-1 6.80987E-1 6.60229E-1 6.82017E-1 6.90725E-1 6.58472E-1 6.77442E-1 6.90904E-1 6.38412E-1 6.22574E-1 5.97856E-1 6.11147E-1 6.07701E-1 6.17999E-1 6.44275E-1 6.55412E-1 6.56505E-1 6.24173E-1 6.09459E-1 6.00249E-1 6.33557E-1 6.45359E-1 5.99507E-1 5.89774E-1 5.66733E-1 5.84528E-1 6.04116E-1 5.63474E-1 5.69708E-1 5.99855E-1
6.17979E-1 6.28138E-1 5.94938E-1 5.70661E-1 5.86592E-1 5.94712E-1 6.31119E-1 6.0577E-1 6.04043E-1 6.45089E-1 6.31545E-1 6.24971E-1 5.88394E-1 5.9215E-1 5.98285E-1 5.90021E-1 6.15443E-1 5.91077E-1 6.29583E-1 6.14376E-1 5.34922E-1 5.42209E-1 6.09298E-1 6.22807E-1 5.75465E-1 6.11639E-1 6.58367E-1 6.65057E-1 6.10129E-1 6.81599E-1 6.48079E-1 6.1503E-1 7.0733E-1 6.40565E-1 6.74581E-1 7.05504E-1 6.73017E-1 6.13217E-1 6.09765E-1 6.16109E-1 5.93068E-1 6.27977E-1 5.86629E-1 6.10068E-1 6.24821E-1 6.35927E-1 6.41975E-1 6.30227E-1 6.33421E-1 6.51642E-1 6.54786E-1 6.52906E-1 6.25252E-1 5.84256E-1 6.64244E-1 6.15285E-1 5.4903E-1 5.79615E-1 6.0682E-1 5.66783E-1 5.67016E-1
6.09215E-1 6.20657E-1 6.26089E-1 6.03912E-1 5.72439E-1 5.95395E-1 6.21561E-1 6.0149E-1 6.25887E-1 6.51095E-1 6.35543E-1 6.46028E-1 6.01647E-1 6.12184E-1 6.27483E-1 6.06866E-1 5.82791E-1 6.09007E-1 6.04943E-1 5.71552E-1 5.43361E-1 5.76685E-1 5.82504E-1 6.03988E-1 5.87171E-1 5.88673E-1 6.19899E-1 6.69218E-1 6.71947E-1 6.58743E-1 6.94329E-1 6.10188E-1 6.6829E-1 7.0597E-1 6.97704E-1 6.97815E-1 5.53309E-1 5.50999E-1 5.58975E-1 5.88512E-1 5.50343E-1 5.30384E-1 5.89086E-1 6.17784E-1 6.30544E-1 6.19314E-1 6.28222E-1 6.38418E-1 6.41334E-1 6.16252E-1 6.28212E-1 6.18595E-1 6.09563E-1 5.50046E-1 5.8663E-1 6.46249E-1 6.27092E-1 5.37847E-1 5.78216E-1 5.79768E-1 5.88868E-1
6.05498E-1 6.22262E-1 6.22268E-1 5.84851E-1 5.64932E-1 6.02039E-1 6.06287E-1 6.27123E-1 6.21853E-1 6.39491E-1 6.42482E-1 6.35166E-1 6.43148E-1 5.99782E-1 6.21277E-1 6.26834E-1 5.57145E-1 6.02464E-1 5.8528E-1 5.81998E-1 5.84119E-1 6.16401E-1 6.20313E-1 5.68696E-1 5.87309E-1 5.94872E-1 6.17729E-1 6.36191E-1 6.57143E-1 6.8429E-1 6.93311E-1 6.57671E-1 5.9479E-1 6.60221E-1 6.58704E-1 6.50497E-1 5.59294E-1 5.59404E-1 5.74896E-1 5.91093E-1 6.11395E-1 5.62599E-1 5.29252E-1 5.53489E-1 5.80328E-1 5.57564E-1 5.49732E-1 5.71139E-1 5.77328E-1 5.99825E-1 5.95476E-1 6.06946E-1 6.06214E-1 6.20212E-1 5.36304E-1 5.75288E-1 5.827E-1 5.52779E-1 5.45915E-1 6.23941E-1 6.1172E-1
