Artocarpus heterophyllus SDM files/MIS19/results (with bias file)/Arthet_1.asc
ncols         625
nrows         721
xllcorner     69.99986311115
yllcorner     5.99986187915
cellsize      0.041666667
NODATA_value  -9999
[rows 135 to 161 of 721, columns 366 to 426 of 625]
1.50948E-2 1.11391E-2 1.3209E-2 1.22782E-2 1.21187E-2 1.56052E-2 1.47123E-2 1.81021E-2 1.38004E-2 1.61427E-2 1.53828E-2 1.36726E-2 1.63919E-2 1.30013E-2 1.18097E-2 1.44868E-2 2.26416E-2 2.09829E-2 1.9611E-2 1.58598E-2 1.48965E-2 1.48459E-2 1.81096E-2 1.57423E-2 2.18598E-2 1.97831E-2 1.6368E-2 1.91277E-2 2.0738E-2 1.70608E-2 1.62523E-2 1.49015E-2 1.19344E-2 1.40827E-2 1.82635E-2 2.03887E-2 1.98575E-2 1.9771E-2 1.92428E-2 1.36322E-2 1.35233E-2 1.322E-2 1.24626E-2 1.28727E-2 1.14729E-2 1.16991E-2 1.15775E-2 1.225E-2 1.34237E-2 1.36143E-2 1.55145E-2 1.71485E-2 2.0705E-2 2.30365E-2 1.92974E-2 1.71676E-2 1.82051E-2 1.54811E-2 1.43413E-2 1.38877E-2 1.34289E-2
1.38716E-2 1.15641E-2 1.68653E-2 1.36472E-2 1.22845E-2 1.34438E-2 1.39988E-2 1.60957E-2 1.2549E-2 1.22646E-2 1.75369E-2 2.00987E-2 1.59864E-2 1.34835E-2 1.271E-2 1.30946E-2 1.95989E-2 1.96041E-2 2.06151E-2 1.87557E-2 1.92706E-2 1.66087E-2 1.76057E-2 1.69413E-2 1.73331E-2 1.73152E-2 1.38266E-2 1.1864E-2 1.24163E-2 1.27598E-2 1.26084E-2 1.52032E-2 1.97995E-2 1.88163E-2 1.91671E-2 1.78951E-2 1.83375E-2 1.96848E-2 1.41509E-2 1.52105E-2 1.44639E-2 1.96985E-2 2.05269E-2 1.79369E-2 1.48934E-2 1.45945E-2 1.48379E-2 1.57423E-2 1.69331E-2 1.72202E-2 1.89191E-2 1.97054E-2 1.90858E-2 1.91646E-2 2.33739E-2 2.40931E-2 2.30657E-2 2.19577E-2 2.02538E-2 2.09941E-2 1.86733E-2
1.45072E-2 1.1669E-2 1.37783E-2 1.53708E-2 1.36001E-2 1.22291E-2 1.38819E-2 1.16259E-2 1.59778E-2 1.39477E-2 1.26732E-2 2.0187E-2 1.8521E-2 1.38692E-2 1.32284E-2 1.23095E-2 1.57072E-2 1.48771E-2 1.94509E-2 2.35581E-2 2.23257E-2 1.75351E-2 1.94492E-2 2.39059E-2 2.09689E-2 1.65585E-2 1.20949E-2 1.20271E-2 1.27019E-2 1.52437E-2 1.52114E-2 1.58602E-2 1.78505E-2 1.71538E-2 1.36544E-2 1.75109E-2 1.64571E-2 1.73443E-2 1.97477E-2 1.78209E-2 1.36981E-2 2.03997E-2 2.43007E-2 2.26252E-2 2.02251E-2 2.15393E-2 1.96858E-2 2.1849E-2 2.55705E-2 2.54564E-2 2.30613E-2 1.91591E-2 2.18446E-2 2.03283E-2 1.6833E-2 1.88133E-2 2.39817E-2 2.51977E-2 2.44486E-2 2.57694E-2 2.34532E-2
1.2112E-2 1.1664E-2 1.62065E-2 1.45708E-2 1.53591E-2 1.26397E-2 1.63424E-2 1.38279E-2 1.41486E-2 1.48881E-2 1.35979E-2 1.50684E-2 1.86036E-2 1.533E-2 1.17746E-2 1.54289E-2 1.27541E-2 1.44456E-2 1.31897E-2 1.93432E-2 2.33493E-2 2.12483E-2 2.0339E-2 2.23262E-2 1.98703E-2 1.63885E-2 1.27234E-2 1.18684E-2 1.29985E-2 2.2308E-2 2.41064E-2 2.10757E-2 2.0163E-2 1.64523E-2 1.44918E-2 1.65127E-2 2.24451E-2 2.0476E-2 2.02249E-2 2.011E-2 1.56828E-2 1.43827E-2 2.46293E-2 2.69844E-2 2.71049E-2 2.56844E-2 2.01304E-2 1.48099E-2 1.78144E-2 1.85401E-2 1.79782E-2 1.58527E-2 2.16375E-2 2.23045E-2 2.23398E-2 2.23417E-2 2.0593E-2 1.97681E-2 2.18254E-2 2.18225E-2 2.44382E-2
1.43088E-2 1.20496E-2 1.50899E-2 1.56436E-2 1.42922E-2 1.44093E-2 1.32231E-2 1.62246E-2 1.50886E-2 1.60645E-2 1.61178E-2 1.61153E-2 1.60976E-2 1.87537E-2 1.37264E-2 1.35528E-2 1.40337E-2 2.39856E-2 1.47683E-2 1.34226E-2 1.63289E-2 1.45122E-2 1.66351E-2 2.09689E-2 2.09615E-2 1.57512E-2 1.36981E-2 1.18145E-2 1.28224E-2 2.07518E-2 2.78431E-2 2.61505E-2 2.18316E-2 1.80813E-2 2.0614E-2 2.16549E-2 1.4603E-2 1.40833E-2 1.50839E-2 1.70655E-2 1.39599E-2 1.27972E-2 1.98283E-2 2.56781E-2 2.53046E-2 2.44145E-2 2.07033E-2 1.48871E-2 1.38376E-2 1.18853E-2 1.31005E-2 1.42078E-2 1.48467E-2 1.77506E-2 1.34929E-2 1.67005E-2 2.31185E-2 2.36759E-2 1.90821E-2 1.7161E-2 1.41715E-2
1.28039E-2 1.21719E-2 1.27294E-2 1.50841E-2 1.59222E-2 1.27735E-2 1.44765E-2 2.09666E-2 2.15355E-2 1.99603E-2 1.90019E-2 1.93651E-2 1.61657E-2 1.23338E-2 1.33228E-2 1.37417E-2 1.21444E-2 2.0239E-2 2.24265E-2 2.18301E-2 2.44498E-2 2.17341E-2 1.81055E-2 2.1826E-2 2.03426E-2 1.63824E-2 1.38411E-2 1.18231E-2 1.21414E-2 1.7243E-2 2.57594E-2 2.69844E-2 2.58779E-2 2.39866E-2 1.7646E-2 1.50636E-2 1.90783E-2 1.92562E-2 1.94464E-2 1.59788E-2 1.57951E-2 1.66369E-2 1.40006E-2 1.50053E-2 1.89809E-2 2.02586E-2 2.20246E-2 1.82517E-2 1.62258E-2 1.32212E-2 2.08631E-2 2.34795E-2 1.672E-2 2.17571E-2 1.79211E-2 1.36031E-2 1.50147E-2 2.13425E-2 2.53032E-2 1.36077E-2 1.60451E-2
1.50524E-2 1.40556E-2 1.30343E-2 1.31291E-2 1.59267E-2 1.45563E-2 1.5827E-2 1.76254E-2 1.98943E-2 2.30316E-2 1.934E-2 1.95324E-2 1.41246E-2 1.51976E-2 1.81355E-2 1.58951E-2 1.38094E-2 1.31193E-2 1.90858E-2 1.81651E-2 2.50037E-2 2.36935E-2 2.17583E-2 2.19452E-2 1.86039E-2 2.00517E-2 1.75721E-2 1.63312E-2 1.2261E-2 1.61828E-2 2.62272E-2 2.9214E-2 2.781E-2 2.00596E-2 1.66738E-2 1.69773E-2 1.80701E-2 2.24229E-2 2.27294E-2 2.27302E-2 2.1434E-2 1.86223E-2 1.44095E-2 1.5775E-2 2.54199E-2 2.58011E-2 2.55707E-2 2.38783E-2 1.87593E-2 2.02481E-2 2.05953E-2 1.64611E-2 2.34432E-2 2.72275E-2 2.56837E-2 2.37583E-2 1.4687E-2 1.59336E-2 2.09901E-2 1.63475E-2 1.99717E-2
1.90466E-2 1.88784E-2 1.48956E-2 1.28427E-2 1.45797E-2 1.37291E-2 1.39081E-2 1.38288E-2 1.48684E-2 1.59746E-2 1.4583E-2 1.89604E-2 1.52186E-2 1.59864E-2 1.92843E-2 1.87485E-2 1.77565E-2 1.30665E-2 1.94373E-2 1.9527E-2 2.0588E-2 2.20273E-2 2.30338E-2 2.38625E-2 1.93666E-2 2.0614E-2 1.73411E-2 1.72526E-2 1.2321E-2 1.47167E-2 2.35367E-2 2.03214E-2 1.92538E-2 2.08688E-2 2.24529E-2 1.59297E-2 1.46667E-2 2.31409E-2 2.04376E-2 1.83311E-2 1.45245E-2 2.31336E-2 1.81358E-2 1.30983E-2 2.12533E-2 2.34463E-2 1.99653E-2 2.24245E-2 2.47507E-2 2.4746E-2 2.273E-2 1.5523E-2 1.9039E-2 1.52257E-2 1.55097E-2 1.4152E-2 1.97587E-2 1.53333E-2 1.51858E-2 1.46439E-2 1.30664E-2
2.13045E-2 2.00098E-2 1.93075E-2 1.64592E-2 1.4519E-2 1.38804E-2 1.37308E-2 1.53543E-2 1.46712E-2 1.34664E-2 1.90171E-2 2.15661E-2 2.06186E-2 1.57129E-2 2.01401E-2 1.8827E-2 1.74544E-2 1.73E-2 1.34289E-2 2.15355E-2 2.39826E-2 1.92544E-2 2.66776E-2 2.18571E-2 1.7681E-2 1.4541E-2 1.71108E-2 1.61179E-2 1.22734E-2 1.39369E-2 2.13106E-2 2.68619E-2 2.21246E-2 2.12728E-2 1.74982E-2 1.6447E-2 1.98607E-2 2.48881E-2 2.65356E-2 1.79964E-2 1.48571E-2 2.73497E-2 2.04852E-2 1.34058E-2 1.65032E-2 2.06026E-2 2.16541E-2 2.65897E-2 1.93403E-2 1.6626E-2 1.69993E-2 1.61289E-2 1.41922E-2 1.65284E-2 1.7053E-2 1.58241E-2 1.75188E-2 2.95168E-2 2.48519E-2 2.39038E-2 2.06292E-2
2.18173E-2 2.18139E-2 2.11096E-2 1.90493E-2 1.63858E-2 1.74987E-2 1.45088E-2 1.53089E-2 1.5029E-2 1.41986E-2 1.98263E-2 2.43932E-2 2.20142E-2 1.92587E-2 1.58222E-2 1.88555E-2 1.56141E-2 2.04372E-2 1.35567E-2 1.8256E-2 2.55605E-2 2.29627E-2 2.52243E-2 2.47667E-2 1.84121E-2 1.40213E-2 1.7043E-2 1.77627E-2 1.32138E-2 1.2542E-2 1.58183E-2 2.63844E-2 2.78054E-2 2.20502E-2 2.17561E-2 1.95911E-2 2.26559E-2 2.72692E-2 2.36639E-2 1.55336E-2 1.78209E-2 1.95134E-2 2.32403E-2 1.5421E-2 1.68222E-2 1.66711E-2 1.86652E-2 2.20491E-2 1.71915E-2 1.52516E-2 1.81099E-2 2.40861E-2 2.58012E-2 2.94726E-2 2.9345E-2 2.52202E-2 1.70477E-2 2.19675E-2 3.30194E-2 3.21412E-2 3.08698E-2
2.15262E-2 2.18166E-2 1.84881E-2 1.81826E-2 1.55996E-2 1.68302E-2 1.48448E-2 1.61423E-2 1.56533E-2 1.31485E-2 1.80386E-2 2.69856E-2 2.04342E-2 1.67322E-2 1.67757E-2 1.93434E-2 1.66901E-2 2.2226E-2 1.55464E-2 2.28321E-2 1.75153E-2 1.81778E-2 2.59071E-2 2.14435E-2 1.91911E-2 1.49468E-2 2.07764E-2 1.82456E-2 1.84078E-2 1.48094E-2 1.34447E-2 1.54878E-2 1.90605E-2 2.81862E-2 2.58857E-2 2.07785E-2 2.12477E-2 2.08896E-2 2.17218E-2 1.50669E-2 2.11625E-2 2.04852E-2 2.07983E-2 1.79281E-2 1.92483E-2 1.83984E-2 2.22228E-2 2.71482E-2 2.29568E-2 1.72526E-2 1.39369E-2 2.02324E-2 2.35818E-2 2.3243E-2 2.80858E-2 2.50481E-2 1.80076E-2 1.60053E-2 2.11823E-2 2.43918E-2 2.44132E-2
2.12648E-2 2.16478E-2 2.16056E-2 1.74436E-2 1.58793E-2 1.92405E-2 1.66791E-2 1.6681E-2 1.46987E-2 1.51629E-2 1.3629E-2 2.34843E-2 2.42646E-2 1.81943E-2 1.74678E-2 2.2932E-2 1.54158E-2 1.90198E-2 2.0228E-2 2.12523E-2 1.62691E-2 1.61038E-2 2.10631E-2 1.90007E-2 1.9104E-2 1.83138E-2 2.75802E-2 2.42703E-2 2.86886E-2 2.69041E-2 1.88334E-2 2.41229E-2 1.7108E-2 1.83854E-2 2.46699E-2 2.18576E-2 1.93512E-2 2.66658E-2 1.71744E-2 1.44691E-2 2.00268E-2 2.27513E-2 2.43403E-2 2.71481E-2 3.00979E-2 2.75144E-2 2.59574E-2 2.31269E-2 2.36868E-2 1.88985E-2 2.34526E-2 2.4861E-2 2.47345E-2 1.94627E-2 1.9529E-2 1.5909E-2 2.02506E-2 1.68738E-2 1.44235E-2 1.48663E-2 2.26106E-2
1.93546E-2 2.19336E-2 2.12259E-2 2.1894E-2 1.91571E-2 1.78378E-2 1.93314E-2 1.71348E-2 1.53119E-2 1.56273E-2 1.36316E-2 1.84471E-2 2.58365E-2 2.15331E-2 1.71025E-2 2.52173E-2 1.86892E-2 1.59651E-2 1.79393E-2 2.23247E-2 1.9027E-2 1.89166E-2 2.20521E-2 2.18576E-2 2.39867E-2 2.8556E-2 2.95608E-2 3.00979E-2 2.91652E-2 2.92149E-2 2.70727E-2 2.42311E-2 1.93301E-2 1.8072E-2 1.9426E-2 2.3947E-2 2.00607E-2 1.7892E-2 1.75957E-2 1.83319E-2 2.22143E-2 3.14699E-2 3.13633E-2 2.98278E-2 2.86963E-2 2.87766E-2 2.6899E-2 2.74334E-2 2.73166E-2 2.42294E-2 2.64701E-2 3.15306E-2 2.49624E-2 2.46465E-2 1.54203E-2 2.12533E-2 1.97656E-2 2.01657E-2 2.06694E-2 2.53216E-2 1.57806E-2
2.05413E-2 2.44126E-2 2.14509E-2 2.293E-2 2.1412E-2 1.78383E-2 2.16999E-2 2.02763E-2 1.72882E-2 1.60794E-2 1.52912E-2 1.52662E-2 2.54556E-2 2.64729E-2 1.99235E-2 2.18851E-2 1.82183E-2 1.61878E-2 1.98085E-2 1.92841E-2 2.30602E-2 2.66526E-2 2.68195E-2 2.65842E-2 2.58855E-2 3.00089E-2 2.28204E-2 1.93432E-2 1.62964E-2 1.57923E-2 1.74478E-2 1.82295E-2 2.07793E-2 2.08072E-2 2.30385E-2 2.22228E-2 2.10482E-2 1.94072E-2 2.13391E-2 2.23512E-2 1.98603E-2 2.05818E-2 2.35695E-2 2.75959E-2 2.60011E-2 2.10572E-2 1.93791E-2 1.61572E-2 2.21818E-2 2.90859E-2 2.18798E-2 1.76787E-2 2.14929E-2 1.69845E-2 2.10921E-2 2.25086E-2 1.74772E-2 2.97686E-2 2.51015E-2 2.2753E-2 1.78771E-2
1.83871E-2 1.93811E-2 2.09101E-2 2.32315E-2 2.24976E-2 2.27962E-2 2.40473E-2 2.02148E-2 1.74433E-2 1.65203E-2 1.52888E-2 1.5919E-2 2.15912E-2 2.79494E-2 2.63757E-2 2.50936E-2 2.41742E-2 2.01671E-2 2.06213E-2 1.94318E-2 2.46615E-2 2.48844E-2 2.7425E-2 2.02363E-2 1.93071E-2 1.84825E-2 1.81626E-2 1.73693E-2 1.8596E-2 1.79408E-2 1.90823E-2 1.77593E-2 2.04357E-2 2.41995E-2 1.95329E-2 2.1823E-2 1.90628E-2 2.13391E-2 1.91858E-2 2.02481E-2 1.50531E-2 1.64797E-2 1.61841E-2 2.22329E-2 2.51123E-2 2.11348E-2 1.72489E-2 1.6551E-2 1.78883E-2 1.55771E-2 1.48113E-2 2.29357E-2 1.59559E-2 2.31508E-2 2.4529E-2 2.03758E-2 1.57935E-2 2.05709E-2 3.57944E-2 3.31455E-2 2.68251E-2
1.61474E-2 2.04502E-2 2.65378E-2 2.31442E-2 2.35555E-2 2.30102E-2 2.51988E-2 2.33119E-2 2.47161E-2 1.8077E-2 1.5086E-2 1.65076E-2 2.30218E-2 2.74645E-2 2.42493E-2 2.52145E-2 2.58696E-2 2.31585E-2 2.302E-2 2.05966E-2 2.078E-2 2.26273E-2 2.25228E-2 1.65844E-2 1.98342E-2 3.21145E-2 2.84671E-2 2.24254E-2 2.27558E-2 2.08072E-2 1.96306E-2 2.2826E-2 1.94312E-2 1.91937E-2 1.85902E-2 1.79804E-2 1.90671E-2 2.15374E-2 1.80026E-2 1.74446E-2 1.86193E-2 2.9828E-2 3.03678E-2 2.13492E-2 2.14602E-2 1.82395E-2 1.68897E-2 1.93151E-2 2.33678E-2 2.67089E-2 1.86128E-2 2.12533E-2 1.93355E-2 1.88219E-2 2.4559E-2 3.00958E-2 2.00793E-2 1.60691E-2 2.64053E-2 3.65037E-2 3.22817E-2
2.28454E-2 1.82011E-2 2.29764E-2 2.51703E-2 1.94685E-2 2.23376E-2 2.61962E-2 2.57224E-2 2.67667E-2 2.53161E-2 1.78319E-2 1.94105E-2 2.84455E-2 2.74269E-2 2.68062E-2 2.45551E-2 2.60164E-2 2.50905E-2 2.50646E-2 2.19287E-2 1.86824E-2 1.86751E-2 2.64986E-2 1.90605E-2 1.8387E-2 3.17439E-2 2.83598E-2 2.69475E-2 2.22502E-2 2.52913E-2 2.6488E-2 2.75714E-2 2.88121E-2 2.43771E-2 1.95329E-2 1.88354E-2 1.97758E-2 2.21263E-2 2.40803E-2 1.84117E-2 1.82004E-2 2.06621E-2 2.50949E-2 3.3498E-2 2.97686E-2 2.22254E-2 2.45273E-2 1.99687E-2 1.83747E-2 1.66408E-2 2.24115E-2 2.735E-2 2.74678E-2 2.83072E-2 3.35631E-2 3.64475E-2 3.64568E-2 2.7251E-2 1.76668E-2 1.99988E-2 2.15204E-2
3.10683E-2 3.1678E-2 3.07749E-2 3.10919E-2 2.55368E-2 2.01765E-2 2.76839E-2 2.75904E-2 2.83746E-2 2.72016E-2 2.56803E-2 1.87234E-2 2.89209E-2 2.7998E-2 2.55998E-2 2.64174E-2 2.5989E-2 2.61272E-2 2.38969E-2 2.52395E-2 2.3341E-2 1.94505E-2 2.35581E-2 1.77437E-2 1.71782E-2 2.96495E-2 2.88216E-2 2.75958E-2 2.65464E-2 2.79476E-2 2.75242E-2 2.83815E-2 2.69395E-2 2.65428E-2 2.78845E-2 2.9161E-2 2.7425E-2 2.77117E-2 2.80516E-2 1.96209E-2 2.05002E-2 1.60016E-2 1.77688E-2 2.84706E-2 3.02978E-2 2.88266E-2 2.44205E-2 2.61163E-2 2.44486E-2 2.21043E-2 2.58005E-2 2.47788E-2 3.0795E-2 3.24705E-2 3.19552E-2 2.1861E-2 1.96671E-2 1.99924E-2 2.34546E-2 3.58791E-2 2.60456E-2
3.25353E-2 4.08601E-2 3.98631E-2 3.2778E-2 3.36147E-2 2.48692E-2 2.04484E-2 2.28443E-2 2.74418E-2 2.95832E-2 2.87E-2 2.10458E-2 2.87635E-2 2.9687E-2 2.77642E-2 2.73921E-2 2.72289E-2 2.72033E-2 2.71703E-2 2.66388E-2 2.54021E-2 2.0782E-2 2.08949E-2 1.66497E-2 1.81361E-2 2.16067E-2 3.09442E-2 2.73796E-2 2.74761E-2 2.91564E-2 3.01859E-2 2.96595E-2 3.04589E-2 3.15197E-2 2.8648E-2 3.13997E-2 2.98126E-2 2.91429E-2 2.94049E-2 2.49313E-2 1.84578E-2 1.57431E-2 1.63722E-2 2.13012E-2 2.83441E-2 2.90262E-2 3.00692E-2 2.64709E-2 2.08647E-2 2.03214E-2 2.06762E-2 2.08461E-2 2.53046E-2 2.07481E-2 1.64241E-2 1.72942E-2 1.88997E-2 1.86035E-2 1.94959E-2 2.44446E-2 3.17125E-2
2.19008E-2 2.60412E-2 3.90995E-2 2.56861E-2 4.01336E-2 3.35833E-2 2.47656E-2 2.46785E-2 2.601E-2 2.80344E-2 3.07763E-2 3.02835E-2 2.669E-2 3.09539E-2 3.00663E-2 2.90701E-2 2.87804E-2 2.8324E-2 2.88621E-2 2.78492E-2 2.72798E-2 2.77995E-2 2.54565E-2 1.97449E-2 2.84739E-2 2.42933E-2 3.03436E-2 2.78901E-2 2.93094E-2 2.78105E-2 2.98703E-2 3.17008E-2 3.33821E-2 3.22921E-2 3.09171E-2 3.28852E-2 2.97298E-2 2.46405E-2 3.08378E-2 3.03123E-2 2.05187E-2 2.0022E-2 1.85154E-2 2.21881E-2 2.99846E-2 2.8137E-2 2.69517E-2 3.04574E-2 2.23483E-2 2.10546E-2 2.46699E-2 2.41221E-2 2.27486E-2 2.48903E-2 2.3766E-2 3.24807E-2 3.45839E-2 2.15104E-2 2.46237E-2 2.96357E-2 2.95486E-2
2.13121E-2 4.0585E-2 2.5012E-2 2.2303E-2 2.12247E-2 2.47819E-2 2.39236E-2 2.34941E-2 2.46511E-2 3.0396E-2 2.98506E-2 3.1357E-2 3.08024E-2 3.26837E-2 3.15817E-2 3.07816E-2 3.1554E-2 3.15429E-2 3.07489E-2 3.04742E-2 2.91597E-2 3.17676E-2 3.1239E-2 2.23978E-2 2.21881E-2 3.31964E-2 2.9377E-2 3.12831E-2 3.27925E-2 3.34615E-2 3.42963E-2 3.42301E-2 3.53192E-2 3.0694E-2 2.98712E-2 3.37588E-2 3.18071E-2 3.08378E-2 3.05042E-2 3.06777E-2 3.09533E-2 2.55395E-2 1.98382E-2 2.87322E-2 3.11474E-2 3.26087E-2 3.02317E-2 2.83471E-2 2.74335E-2 3.02286E-2 3.07919E-2 3.32932E-2 3.23455E-2 3.14588E-2 3.12361E-2 3.45831E-2 2.8531E-2 1.96434E-2 3.77231E-2 3.40217E-2 3.34247E-2
2.2766E-2 4.60929E-2 2.88222E-2 2.35971E-2 2.2485E-2 2.47777E-2 2.55827E-2 2.37054E-2 2.23592E-2 2.98598E-2 3.03988E-2 2.60121E-2 2.46466E-2 3.28448E-2 3.29864E-2 3.28296E-2 3.29449E-2 2.87685E-2 2.75052E-2 3.28121E-2 3.1428E-2 2.89917E-2 2.48783E-2 1.9781E-2 1.8989E-2 2.83478E-2 2.95167E-2 2.54103E-2 2.09472E-2 1.92953E-2 2.17664E-2 2.32946E-2 2.33925E-2 2.69499E-2 3.3724E-2 3.60768E-2 3.46724E-2 3.5772E-2 3.02798E-2 3.49775E-2 3.36466E-2 3.36627E-2 2.60967E-2 3.0051E-2 3.21064E-2 2.96914E-2 3.12498E-2 3.09265E-2 3.1958E-2 3.37761E-2 3.21124E-2 2.66126E-2 3.34015E-2 3.20383E-2 3.32624E-2 2.78323E-2 2.41506E-2 2.36037E-2 3.22303E-2 3.67318E-2 3.78884E-2
2.99596E-2 2.97878E-2 2.59222E-2 2.37925E-2 4.00339E-2 3.12093E-2 4.4265E-2 4.10722E-2 2.62549E-2 2.52368E-2 3.02998E-2 2.69931E-2 3.02935E-2 2.80718E-2 2.81979E-2 2.35323E-2 2.50621E-2 2.04655E-2 1.96494E-2 1.84205E-2 2.13815E-2 2.48838E-2 1.94334E-2 1.93391E-2 2.77525E-2 3.01469E-2 2.05904E-2 2.11577E-2 2.02163E-2 1.78695E-2 1.72861E-2 2.22683E-2 1.71946E-2 1.7826E-2 2.32828E-2 2.46971E-2 2.52616E-2 2.29029E-2 2.88169E-2 2.47301E-2 3.72735E-2 3.01335E-2 3.04119E-2 3.58568E-2 3.55574E-2 3.03515E-2 3.70565E-2 3.41673E-2 3.47728E-2 3.62061E-2 3.5429E-2 3.16713E-2 3.713E-2 3.45279E-2 3.63137E-2 3.71313E-2 3.6955E-2 3.14952E-2 2.82318E-2 4.11E-2 4.30254E-2
2.30561E-2 3.11153E-2 2.73514E-2 2.80513E-2 2.57511E-2 3.28297E-2 3.87883E-2 3.16233E-2 3.6376E-2 2.22824E-2 2.23565E-2 2.08014E-2 2.11494E-2 2.2323E-2 2.83246E-2 2.84179E-2 3.35871E-2 3.20724E-2 3.18372E-2 3.10969E-2 2.79706E-2 2.36074E-2 2.08922E-2 2.39934E-2 3.2973E-2 2.62673E-2 2.39026E-2 2.79683E-2 2.345E-2 2.02068E-2 1.72162E-2 1.86892E-2 1.69709E-2 1.87613E-2 1.73469E-2 2.08136E-2 2.05369E-2 2.7703E-2 2.78118E-2 2.23402E-2 1.86445E-2 2.47078E-2 2.29729E-2 2.17214E-2 2.68068E-2 2.84214E-2 3.68795E-2 3.87359E-2 3.93566E-2 4.08474E-2 3.89383E-2 3.80071E-2 3.88604E-2 3.71533E-2 3.74058E-2 3.60335E-2 3.90762E-2 3.83881E-2 2.53154E-2 3.94736E-2 2.65847E-2
4.11347E-2 3.37145E-2 3.30011E-2 2.89232E-2 2.75405E-2 4.49205E-2 2.93795E-2 4.97413E-2 4.74901E-2 3.57757E-2 3.61545E-2 3.71098E-2 3.1524E-2 3.18244E-2 2.74497E-2 2.69288E-2 3.27294E-2 3.34441E-2 3.34306E-2 3.3101E-2 3.26396E-2 3.12875E-2 2.74704E-2 2.53304E-2 3.25327E-2 3.05065E-2 2.8985E-2 2.57976E-2 2.69795E-2 2.47459E-2 2.64669E-2 2.37499E-2 2.40708E-2 1.99988E-2 1.91046E-2 1.90226E-2 1.8075E-2 2.80726E-2 2.02238E-2 1.97022E-2 2.57294E-2 3.70907E-2 3.0815E-2 3.15063E-2 3.95576E-2 2.24134E-2 2.30272E-2 2.95491E-2 2.56797E-2 2.17009E-2 2.84864E-2 3.10219E-2 3.06241E-2 3.41245E-2 3.11845E-2 2.17583E-2 2.13934E-2 2.34839E-2 2.0638E-2 2.89286E-2 4.34839E-2
3.24355E-2 2.85629E-2 3.44721E-2 3.43747E-2 3.30546E-2 4.68061E-2 3.44063E-2 2.96388E-2 2.84647E-2 2.74118E-2 4.99633E-2 4.83494E-2 4.75277E-2 4.5179E-2 4.6416E-2 3.96149E-2 3.83492E-2 3.42832E-2 3.45775E-2 3.30865E-2 3.15757E-2 2.34976E-2 3.24314E-2 3.27237E-2 3.36684E-2 3.19723E-2 2.86059E-2 2.51161E-2 2.62351E-2 2.51896E-2 2.8473E-2 3.34634E-2 2.88621E-2 2.60203E-2 2.69744E-2 2.34309E-2 2.20048E-2 2.34314E-2 1.90092E-2 1.84853E-2 3.10938E-2 3.34117E-2 2.86874E-2 2.3996E-2 2.11327E-2 2.00761E-2 2.94014E-2 3.78791E-2 2.86232E-2 2.2227E-2 1.8495E-2 1.95291E-2 2.13231E-2 2.25134E-2 2.26445E-2 2.08556E-2 2.71449E-2 3.87778E-2 4.13724E-2 4.74364E-2 4.89436E-2
2.26538E-2 2.11784E-2 2.33552E-2 3.34327E-2 5.06506E-2 5.46751E-2 3.21921E-2 3.39413E-2 4.69391E-2 2.91493E-2 4.61105E-2 4.7394E-2 4.13434E-2 3.25432E-2 3.31319E-2 4.24082E-2 4.267E-2 3.609E-2 3.04296E-2 3.35964E-2 3.25056E-2 2.9819E-2 2.42435E-2 3.08703E-2 3.28161E-2 2.94962E-2 2.73103E-2 2.74957E-2 2.87782E-2 3.06348E-2 3.11096E-2 3.58477E-2 3.51818E-2 3.65103E-2 3.50794E-2 3.54421E-2 3.70205E-2 3.28305E-2 2.60183E-2 2.46323E-2 2.2659E-2 1.88097E-2 1.89512E-2 1.83562E-2 1.89504E-2 1.79086E-2 1.8393E-2 2.3126E-2 2.17392E-2 2.16522E-2 2.35951E-2 2.24362E-2 2.77653E-2 2.51407E-2 3.96101E-2 4.041E-2 4.03599E-2 4.22232E-2 4.51341E-2 4.02615E-2 2.9477E-2
