Artocarpus heterophyllus SDM files/MIS19/results (with bias file)/Arthet_stddev.asc
ncols         625
nrows         721
xllcorner     69.99986311115
yllcorner     5.99986187915
cellsize      0.041666667
NODATA_value  -9999
[rows 0 to 26 of 721, columns 61 to 121 of 625]
1.81679E-3 2.03996E-3 1.44844E-3 1.74007E-3 1.78069E-3 1.48713E-3 1.31391E-3 1.44446E-3 1.14732E-3 1.5651E-3 2.29668E-3 1.2611E-3 1.60601E-3 2.45468E-3 2.05674E-3 1.71326E-3 1.53303E-3 1.89462E-3 1.43295E-3 1.62931E-3 1.9086E-3 2.05029E-3 1.97532E-3 1.32833E-3 1.26071E-3 1.6495E-3 1.66422E-3 1.64105E-3 1.56615E-3 1.4967E-3 1.79725E-3 1.79643E-3 1.68656E-3 1.53862E-3 1.75466E-3 1.66616E-3 1.87616E-3 2.17372E-3 2.35764E-3 2.9234E-3 2.65232E-3 2.59039E-3 3.30551E-3 2.59486E-3 2.11981E-3 2.24752E-3 1.30402E-3 2.06614E-3 2.14131E-3 1.87132E-3 1.75222E-3 1.22358E-3 1.48266E-3 1.46584E-3 1.22419E-3 1.05666E-3 6.54284E-4 8.66902E-4 9.55405E-4 1.06331E-3 1.04915E-3
1.85492E-3 1.78875E-3 2.08114E-3 1.69571E-3 1.50106E-3 1.71507E-3 1.67184E-3 1.54452E-3 1.21314E-3 1.74167E-3 1.76064E-3 1.55166E-3 1.25063E-3 1.31876E-3 2.42834E-3 2.46123E-3 1.66556E-3 1.56544E-3 1.64238E-3 1.97982E-3 1.32034E-3 1.83617E-3 2.01024E-3 1.97332E-3 1.89822E-3 1.93072E-3 1.89415E-3 1.31051E-3 1.19176E-3 1.56736E-3 1.70733E-3 1.95337E-3 1.23944E-3 1.60862E-3 1.73551E-3 1.61565E-3 1.67771E-3 1.75882E-3 1.95529E-3 2.77923E-3 2.825E-3 2.62372E-3 3.14911E-3 3.28026E-3 2.82965E-3 2.34831E-3 1.47755E-3 2.4986E-3 1.52294E-3 1.18364E-3 1.32579E-3 1.50707E-3 1.33848E-3 2.16887E-3 1.28545E-3 8.7781E-4 8.89759E-4 8.49779E-4 9.3388E-4 1.29611E-3 1.96975E-3
1.80657E-3 1.89562E-3 2.10353E-3 1.7472E-3 1.59386E-3 2.11694E-3 1.87783E-3 1.75046E-3 1.34188E-3 1.45217E-3 1.37702E-3 1.72011E-3 1.43583E-3 1.34984E-3 1.81068E-3 1.25223E-3 1.86508E-3 1.34265E-3 1.95989E-3 1.70147E-3 1.69055E-3 1.90751E-3 1.39344E-3 1.37534E-3 1.38086E-3 1.91713E-3 1.89173E-3 1.35568E-3 1.30326E-3 1.70808E-3 1.80794E-3 1.90823E-3 1.34562E-3 1.23785E-3 1.29845E-3 1.75063E-3 1.90483E-3 1.96667E-3 2.09338E-3 2.54838E-3 3.07824E-3 3.39475E-3 3.45019E-3 3.70746E-3 3.48412E-3 2.04565E-3 1.85945E-3 2.81168E-3 1.59287E-3 1.29104E-3 1.48945E-3 1.74632E-3 2.40081E-3 1.63539E-3 1.6772E-3 1.66884E-3 1.45617E-3 9.66392E-4 9.81948E-4 9.79382E-4 1.09728E-3
2.27836E-3 2.13668E-3 2.12374E-3 2.12228E-3 1.98316E-3 2.20017E-3 3.76987E-3 1.99027E-3 1.77535E-3 1.96442E-3 1.55287E-3 1.97491E-3 1.80888E-3 1.49567E-3 1.66053E-3 1.44596E-3 1.35112E-3 1.34616E-3 2.28591E-3 1.95147E-3 1.81543E-3 1.46378E-3 1.76168E-3 1.43747E-3 1.62165E-3 1.49083E-3 1.4093E-3 1.46472E-3 1.44756E-3 1.33143E-3 1.43637E-3 1.36802E-3 1.87125E-3 1.36275E-3 1.35388E-3 1.84872E-3 1.32222E-3 1.25875E-3 1.32025E-3 2.28734E-3 2.62445E-3 2.54489E-3 2.71268E-3 3.32278E-3 3.78175E-3 3.63927E-3 3.69901E-3 3.15812E-3 1.72326E-3 1.48517E-3 1.66063E-3 1.94064E-3 2.80083E-3 2.69955E-3 1.47691E-3 2.01686E-3 1.38161E-3 1.55174E-3 9.90771E-4 1.06522E-3 1.10118E-3
3.88764E-3 5.17308E-3 2.40956E-3 3.73446E-3 2.54283E-3 3.92346E-3 2.76064E-3 2.56384E-3 5.24086E-3 2.02071E-3 2.07605E-3 1.95697E-3 1.99466E-3 1.84379E-3 2.55634E-3 1.46831E-3 1.58995E-3 1.55274E-3 1.56232E-3 2.64304E-3 1.98671E-3 1.70312E-3 1.7877E-3 1.85951E-3 1.59707E-3 1.68299E-3 1.75266E-3 1.67109E-3 1.52806E-3 1.44172E-3 1.48679E-3 1.46585E-3 1.46482E-3 1.4145E-3 1.35606E-3 1.34269E-3 1.31587E-3 1.30562E-3 1.93894E-3 2.10387E-3 1.32753E-3 1.3791E-3 1.48464E-3 2.19638E-3 2.67359E-3 3.06554E-3 3.31086E-3 3.83411E-3 3.38939E-3 1.75438E-3 2.08443E-3 2.24225E-3 3.48446E-3 1.91019E-3 1.57463E-3 1.42771E-3 8.29808E-4 9.31928E-4 1.15763E-3 1.1691E-3 1.28409E-3
2.65717E-3 2.87881E-3 2.5643E-3 4.11932E-3 6.0837E-3 6.14458E-3 5.7948E-3 2.75221E-3 6.05897E-3 2.75637E-3 4.94728E-3 3.68708E-3 2.07287E-3 4.50777E-3 4.42184E-3 1.90566E-3 1.84601E-3 1.69387E-3 2.53373E-3 1.70365E-3 2.22463E-3 2.18222E-3 1.56165E-3 2.05644E-3 2.02805E-3 2.0132E-3 1.8397E-3 2.69662E-3 1.63808E-3 1.53197E-3 1.486E-3 1.55223E-3 1.63498E-3 1.53061E-3 1.47093E-3 1.39044E-3 1.36741E-3 1.33135E-3 1.3661E-3 1.36234E-3 1.34043E-3 1.37821E-3 1.32502E-3 1.38032E-3 1.4723E-3 1.61674E-3 1.79233E-3 3.15298E-3 4.13426E-3 2.38014E-3 2.64396E-3 2.21043E-3 3.38154E-3 1.93093E-3 1.83028E-3 1.17778E-3 1.04698E-3 1.30922E-3 1.31693E-3 1.33042E-3 1.3071E-3
1.09023E-2 2.92515E-3 8.62751E-3 6.08755E-3 6.41698E-3 7.69292E-3 3.70787E-3 7.11062E-3 6.81375E-3 6.80461E-3 4.1455E-3 2.53488E-3 2.43118E-3 5.45479E-3 5.07915E-3 5.09926E-3 2.09036E-3 2.20853E-3 1.91387E-3 2.80289E-3 2.59324E-3 2.28426E-3 3.61764E-3 2.16608E-3 2.2328E-3 1.46357E-3 2.12912E-3 2.21843E-3 1.75942E-3 1.58362E-3 1.77576E-3 1.78462E-3 1.61528E-3 1.81482E-3 1.59849E-3 1.49502E-3 1.37529E-3 1.34169E-3 1.32133E-3 1.33561E-3 1.37519E-3 1.51583E-3 1.62801E-3 1.66872E-3 1.60697E-3 1.74827E-3 1.79172E-3 2.0487E-3 3.93728E-3 3.04772E-3 2.9936E-3 2.22548E-3 2.27206E-3 2.23007E-3 1.36858E-3 1.4684E-3 1.35007E-3 1.33781E-3 1.4934E-3 1.4451E-3 2.04422E-3
6.52E-3 7.01353E-3 6.05885E-3 9.18039E-3 7.02468E-3 8.43561E-3 3.9318E-3 8.71429E-3 6.55404E-3 8.62775E-3 8.70439E-3 2.72785E-3 6.05773E-3 4.17101E-3 5.76238E-3 3.80641E-3 3.55123E-3 2.47606E-3 2.11208E-3 1.99788E-3 2.85964E-3 2.75171E-3 3.59078E-3 2.44266E-3 1.78998E-3 2.80695E-3 2.6027E-3 2.04566E-3 1.8275E-3 1.77697E-3 1.93158E-3 1.8312E-3 1.87495E-3 2.11153E-3 1.86081E-3 1.59459E-3 1.41018E-3 1.42859E-3 1.34909E-3 1.36924E-3 1.36079E-3 1.57047E-3 1.55513E-3 1.69486E-3 1.72174E-3 1.67757E-3 1.78972E-3 2.08199E-3 2.6992E-3 3.18205E-3 3.22942E-3 2.35691E-3 2.42216E-3 2.39021E-3 2.81519E-3 2.5964E-3 1.5865E-3 1.54884E-3 2.06735E-3 1.59344E-3 1.40882E-3
9.21668E-3 8.02462E-3 5.56191E-3 1.07647E-2 8.09953E-3 6.71073E-3 6.58659E-3 5.95534E-3 9.59512E-3 1.01827E-2 3.02148E-3 6.43135E-3 5.85061E-3 5.33703E-3 7.75664E-3 8.09813E-3 2.75508E-3 2.53647E-3 5.85699E-3 2.59363E-3 2.32866E-3 2.99363E-3 4.45172E-3 1.92963E-3 4.03801E-3 3.19593E-3 2.57312E-3 4.59762E-3 3.17549E-3 2.42401E-3 2.37766E-3 2.49673E-3 2.40858E-3 2.4307E-3 1.93481E-3 1.67079E-3 1.54303E-3 1.46473E-3 1.43471E-3 1.4102E-3 1.60085E-3 1.41514E-3 1.65975E-3 1.81923E-3 1.68741E-3 1.58905E-3 1.3906E-3 1.55912E-3 2.86628E-3 3.32337E-3 3.33933E-3 2.06543E-3 2.27466E-3 2.23148E-3 1.63738E-3 2.45038E-3 1.88854E-3 1.74512E-3 2.34611E-3 1.70649E-3 1.77588E-3
1.06639E-2 1.0884E-2 8.87058E-3 1.13396E-2 8.0064E-3 7.33833E-3 6.9945E-3 7.29523E-3 1.0309E-2 8.16949E-3 6.44516E-3 6.19804E-3 6.12958E-3 5.856E-3 5.80697E-3 5.87583E-3 6.15061E-3 5.48157E-3 4.13595E-3 7.63565E-3 2.60705E-3 4.09452E-3 2.85581E-3 3.07108E-3 2.21688E-3 3.27521E-3 2.65429E-3 2.89028E-3 2.74848E-3 2.63172E-3 2.73822E-3 2.71289E-3 2.85711E-3 2.40333E-3 2.16446E-3 1.92042E-3 1.89544E-3 1.65367E-3 1.55025E-3 1.48143E-3 1.7274E-3 1.72661E-3 1.19891E-3 1.8193E-3 1.85686E-3 1.3247E-3 1.49126E-3 2.3594E-3 1.72703E-3 3.60861E-3 3.16583E-3 2.42999E-3 1.48462E-3 2.82244E-3 1.67814E-3 1.80361E-3 1.86582E-3 2.90955E-3 1.96559E-3 2.11219E-3 1.98511E-3
1.29233E-2 1.17397E-2 1.08575E-2 1.25295E-2 8.43118E-3 7.82764E-3 9.58541E-3 7.30982E-3 1.12275E-2 7.13365E-3 7.57917E-3 6.57419E-3 7.18141E-3 6.90001E-3 7.14118E-3 5.79313E-3 6.90319E-3 6.66614E-3 6.20363E-3 5.58274E-3 6.9648E-3 3.3058E-3 4.68215E-3 5.56499E-3 4.23586E-3 3.58739E-3 4.87455E-3 3.66181E-3 3.28987E-3 3.36603E-3 3.58594E-3 3.33789E-3 2.81752E-3 2.42004E-3 2.53944E-3 2.34443E-3 2.24663E-3 1.98841E-3 1.91036E-3 1.90024E-3 1.64388E-3 1.92353E-3 3.70543E-3 2.61787E-3 2.69528E-3 1.45347E-3 1.51388E-3 1.60057E-3 1.79847E-3 3.68676E-3 3.4198E-3 2.72639E-3 2.15588E-3 3.2582E-3 4.93159E-3 4.93493E-3 1.69424E-3 1.91635E-3 1.85507E-3 2.0516E-3 2.14188E-3
8.69763E-3 8.65355E-3 1.4251E-2 9.45618E-3 1.87637E-2 1.97924E-2 7.83267E-3 1.27022E-2 8.79138E-3 1.02938E-2 9.66163E-3 7.28353E-3 6.84568E-3 7.48131E-3 1.00847E-2 6.02217E-3 6.58921E-3 8.3814E-3 4.66878E-3 6.84491E-3 5.27641E-3 7.7254E-3 7.09377E-3 5.14447E-3 6.50498E-3 4.42098E-3 5.56922E-3 2.7876E-3 4.10216E-3 4.22346E-3 3.90483E-3 3.33998E-3 2.94795E-3 2.73393E-3 2.99983E-3 2.72787E-3 2.26473E-3 2.65898E-3 2.46709E-3 2.02657E-3 1.7986E-3 2.09357E-3 1.7676E-3 2.72082E-3 2.79584E-3 3.64972E-3 3.87888E-3 1.89355E-3 2.18342E-3 4.03206E-3 3.47686E-3 3.37969E-3 1.88069E-3 4.3954E-3 4.41469E-3 5.39047E-3 5.24748E-3 3.91983E-3 2.07946E-3 2.6405E-3 2.00262E-3
1.02007E-2 9.95498E-3 1.03482E-2 1.01129E-2 1.22265E-2 1.68654E-2 1.37405E-2 1.04497E-2 9.51714E-3 7.96876E-3 7.46358E-3 7.26622E-3 8.03934E-3 7.90243E-3 8.3465E-3 6.58042E-3 7.79079E-3 1.02292E-2 8.83143E-3 8.61244E-3 7.97729E-3 8.04482E-3 4.81889E-3 3.8937E-3 3.59769E-3 3.32517E-3 3.27359E-3 5.08594E-3 4.95194E-3 4.87655E-3 3.99021E-3 3.71451E-3 3.63577E-3 3.50661E-3 3.28949E-3 2.86744E-3 2.78633E-3 3.09751E-3 2.68019E-3 2.28641E-3 3.1412E-3 3.60509E-3 2.38171E-3 3.20534E-3 3.92007E-3 4.24007E-3 2.1599E-3 3.72051E-3 2.40822E-3 2.62175E-3 3.59199E-3 2.17149E-3 2.29972E-3 2.17716E-3 4.71683E-3 4.93341E-3 5.94814E-3 6.17735E-3 6.24977E-3 2.8646E-3 4.0685E-3
1.9442E-2 1.18006E-2 1.44252E-2 1.92877E-2 1.68156E-2 1.55983E-2 8.90038E-3 1.19719E-2 1.18664E-2 1.21188E-2 9.9518E-3 9.60902E-3 8.92065E-3 9.77583E-3 1.25112E-2 6.62614E-3 9.77281E-3 1.11409E-2 7.39482E-3 1.09993E-2 7.85495E-3 5.8706E-3 6.82171E-3 8.52942E-3 8.64161E-3 3.2144E-3 5.63579E-3 6.06013E-3 2.79281E-3 3.10932E-3 5.12249E-3 4.97717E-3 4.45163E-3 4.3864E-3 3.93946E-3 3.31447E-3 3.37376E-3 3.32962E-3 3.03718E-3 3.04327E-3 3.33903E-3 3.22404E-3 3.28287E-3 3.73179E-3 5.06908E-3 2.31188E-3 2.84684E-3 4.311E-3 4.18479E-3 3.98165E-3 4.33034E-3 6.80436E-3 4.2578E-3 2.4111E-3 2.14397E-3 6.56379E-3 6.55866E-3 6.43265E-3 6.60734E-3 6.23076E-3 6.54334E-3
1.95807E-2 1.23321E-2 1.49958E-2 2.00881E-2 1.73231E-2 1.45032E-2 1.71714E-2 1.69146E-2 2.25436E-2 1.14998E-2 1.54697E-2 1.1854E-2 1.31662E-2 1.14792E-2 1.22891E-2 1.25148E-2 7.67067E-3 8.5747E-3 1.15094E-2 8.75411E-3 6.89272E-3 6.90124E-3 5.93896E-3 6.79862E-3 7.02207E-3 7.12977E-3 5.17937E-3 4.75844E-3 7.06381E-3 4.09079E-3 3.2581E-3 2.86724E-3 2.94673E-3 2.82052E-3 4.82793E-3 4.18362E-3 4.02711E-3 3.94938E-3 3.78571E-3 3.84489E-3 4.00194E-3 4.14257E-3 4.02921E-3 3.97293E-3 2.70668E-3 4.72458E-3 3.69385E-3 4.65995E-3 5.38811E-3 2.16447E-3 4.11233E-3 4.55094E-3 6.57513E-3 3.08626E-3 2.48206E-3 5.82106E-3 5.02084E-3 7.2329E-3 6.95279E-3 4.77339E-3 4.72301E-3
2.63443E-2 1.28637E-2 2.26985E-2 1.6909E-2 1.70677E-2 2.07589E-2 1.92908E-2 2.16743E-2 2.28589E-2 1.12911E-2 1.35789E-2 2.10088E-2 1.17028E-2 1.54782E-2 1.1947E-2 1.37067E-2 6.56712E-3 1.02534E-2 9.92154E-3 8.11403E-3 7.34138E-3 7.48202E-3 6.75984E-3 6.38315E-3 6.6691E-3 6.46464E-3 4.94083E-3 5.67085E-3 9.26356E-3 6.83337E-3 3.03417E-3 5.46203E-3 5.25312E-3 6.14435E-3 2.81312E-3 2.89024E-3 2.88992E-3 4.821E-3 4.74185E-3 4.60465E-3 4.42518E-3 2.77736E-3 4.76595E-3 4.79806E-3 2.87512E-3 4.0701E-3 4.4329E-3 3.7965E-3 7.13915E-3 4.91818E-3 4.96623E-3 6.79049E-3 7.84449E-3 7.14377E-3 5.04166E-3 2.71158E-3 7.85293E-3 7.37652E-3 4.60297E-3 7.16799E-3 6.93846E-3
2.48189E-2 1.34796E-2 1.39418E-2 1.30236E-2 1.85235E-2 1.46862E-2 1.75093E-2 2.05953E-2 1.10128E-2 1.58789E-2 2.03845E-2 2.16198E-2 1.58259E-2 2.39204E-2 1.29491E-2 1.34828E-2 7.68211E-3 7.95548E-3 8.88177E-3 9.0482E-3 8.35235E-3 8.73383E-3 8.40528E-3 7.83367E-3 6.70127E-3 6.51332E-3 6.24549E-3 6.25544E-3 6.24223E-3 6.65197E-3 5.55117E-3 3.35895E-3 3.99537E-3 5.83828E-3 3.1519E-3 3.31156E-3 2.71078E-3 3.25701E-3 4.03212E-3 4.85039E-3 4.91879E-3 5.74361E-3 2.74864E-3 4.69322E-3 5.5422E-3 4.70394E-3 4.3009E-3 4.5504E-3 4.74631E-3 3.59729E-3 4.79613E-3 4.77384E-3 6.22567E-3 7.28586E-3 8.15584E-3 2.9126E-3 8.53975E-3 6.12964E-3 8.34225E-3 5.515E-3 7.1941E-3
2.47048E-2 1.47768E-2 1.7824E-2 1.914E-2 1.6972E-2 1.50076E-2 2.21326E-2 2.51302E-2 2.4541E-2 2.15005E-2 2.00932E-2 1.92285E-2 2.09847E-2 1.23415E-2 1.30839E-2 1.38402E-2 1.26746E-2 8.74064E-3 8.19507E-3 8.7376E-3 6.39205E-3 6.05022E-3 6.94794E-3 8.13108E-3 7.25133E-3 7.54245E-3 5.50256E-3 6.12891E-3 6.57564E-3 7.29993E-3 6.25442E-3 3.01195E-3 5.46306E-3 5.82208E-3 4.87905E-3 5.61718E-3 5.97702E-3 3.2332E-3 7.56739E-3 3.53497E-3 4.56496E-3 5.97422E-3 3.18436E-3 4.72268E-3 4.87479E-3 5.07295E-3 4.74849E-3 4.378E-3 4.79909E-3 4.95477E-3 4.26605E-3 6.53941E-3 6.56669E-3 9.13376E-3 8.58969E-3 3.35144E-3 6.22706E-3 5.9774E-3 8.50281E-3 5.93352E-3 8.76071E-3
2.62195E-2 1.85487E-2 2.41978E-2 2.29115E-2 2.10233E-2 2.11929E-2 2.17181E-2 1.73821E-2 1.9171E-2 2.01919E-2 2.11516E-2 1.16442E-2 2.24529E-2 3.0437E-2 1.7521E-2 1.46221E-2 1.03576E-2 1.04111E-2 1.06891E-2 8.45918E-3 9.37809E-3 8.11642E-3 8.27214E-3 8.4387E-3 6.89632E-3 5.28384E-3 5.5265E-3 5.56835E-3 6.79728E-3 6.05954E-3 6.25965E-3 4.22424E-3 5.6363E-3 5.51671E-3 3.87222E-3 5.40886E-3 6.02402E-3 4.98987E-3 6.10127E-3 4.38238E-3 4.6986E-3 7.23274E-3 5.05035E-3 3.772E-3 3.8833E-3 5.29896E-3 4.595E-3 4.03753E-3 3.07232E-3 3.23423E-3 4.05973E-3 8.05043E-3 6.29746E-3 9.61187E-3 1.02561E-2 9.6948E-3 9.69647E-3 6.26272E-3 8.9625E-3 8.90933E-3 9.33895E-3
2.05572E-2 3.55664E-2 1.98833E-2 1.85212E-2 1.7485E-2 1.92033E-2 2.10937E-2 1.33573E-2 1.53805E-2 1.57086E-2 1.9274E-2 1.38075E-2 1.9322E-2 2.52662E-2 1.48879E-2 1.50248E-2 1.50217E-2 1.15623E-2 1.15782E-2 9.09726E-3 8.05425E-3 7.89952E-3 7.20643E-3 6.5265E-3 6.91301E-3 7.9066E-3 8.53872E-3 8.46783E-3 8.60388E-3 7.76973E-3 6.47497E-3 6.00335E-3 5.86414E-3 5.86079E-3 5.23772E-3 5.71571E-3 5.87864E-3 3.87631E-3 5.63074E-3 4.40146E-3 5.189E-3 8.42717E-3 4.67647E-3 4.56336E-3 5.09847E-3 4.37568E-3 4.12132E-3 3.89513E-3 3.45412E-3 6.52548E-3 8.4552E-3 9.26522E-3 9.92605E-3 1.09089E-2 1.10731E-2 1.0731E-2 7.57215E-3 6.99816E-3 6.50477E-3 9.45942E-3 9.17763E-3
2.84425E-2 2.67349E-2 2.41075E-2 2.07494E-2 2.47475E-2 2.87009E-2 2.96838E-2 2.56781E-2 1.6085E-2 1.74597E-2 2.62394E-2 1.5875E-2 2.09175E-2 1.8316E-2 1.58783E-2 2.68484E-2 1.97774E-2 1.3564E-2 1.34031E-2 9.93162E-3 1.06273E-2 8.98389E-3 8.45099E-3 1.13215E-2 7.22003E-3 6.5142E-3 7.88926E-3 6.11248E-3 7.40591E-3 7.1437E-3 5.40561E-3 4.94934E-3 4.76269E-3 6.06456E-3 6.24988E-3 6.15709E-3 5.67648E-3 5.63648E-3 6.7329E-3 3.65181E-3 5.30365E-3 6.5174E-3 5.3543E-3 4.43159E-3 4.85357E-3 4.95269E-3 5.125E-3 5.11002E-3 5.69708E-3 6.65933E-3 6.76696E-3 7.39973E-3 1.24889E-2 1.18773E-2 8.36541E-3 1.38656E-2 8.6642E-3 1.09295E-2 7.32754E-3 1.28098E-2 7.42388E-3
2.63174E-2 1.89955E-2 1.74188E-2 1.92062E-2 1.92316E-2 2.61121E-2 3.03989E-2 3.29759E-2 2.9349E-2 2.18034E-2 1.69128E-2 3.03163E-2 1.54744E-2 1.50126E-2 1.69115E-2 2.3153E-2 2.98655E-2 1.93281E-2 2.91721E-2 2.15243E-2 2.283E-2 1.26375E-2 1.46596E-2 1.41376E-2 1.69194E-2 1.01768E-2 1.00661E-2 7.66523E-3 5.7197E-3 5.61094E-3 9.42172E-3 7.38433E-3 6.27569E-3 8.14314E-3 6.37472E-3 6.07723E-3 5.78568E-3 6.48353E-3 6.27087E-3 5.49297E-3 5.61087E-3 5.88942E-3 5.7628E-3 4.95719E-3 4.43885E-3 4.87857E-3 5.80575E-3 6.31268E-3 6.54233E-3 9.41207E-3 9.86406E-3 7.67236E-3 1.14447E-2 1.20498E-2 9.0913E-3 1.32083E-2 1.23549E-2 1.17919E-2 7.81243E-3 7.3948E-3 1.22852E-2
3.06268E-2 3.14113E-2 2.39538E-2 2.54174E-2 2.09276E-2 1.39035E-2 1.98283E-2 2.38797E-2 2.87581E-2 2.55167E-2 2.09925E-2 3.68439E-2 3.23774E-2 2.59623E-2 1.2528E-2 2.04768E-2 2.10731E-2 1.77756E-2 1.68728E-2 1.74898E-2 2.09683E-2 1.62906E-2 1.28101E-2 1.32016E-2 1.18408E-2 1.13924E-2 8.79891E-3 1.61755E-2 1.19464E-2 6.27558E-3 8.91288E-3 9.31066E-3 9.33928E-3 6.32275E-3 6.00468E-3 6.31718E-3 6.60842E-3 5.97138E-3 6.67719E-3 6.01426E-3 6.47303E-3 5.60278E-3 6.32008E-3 5.85976E-3 5.68629E-3 5.82005E-3 6.13474E-3 9.35608E-3 9.15166E-3 1.05844E-2 7.40742E-3 1.23303E-2 1.19305E-2 8.64974E-3 8.56041E-3 1.25369E-2 1.34055E-2 1.32197E-2 1.25374E-2 8.34738E-3 7.54145E-3
2.33504E-2 2.52596E-2 2.3981E-2 2.74175E-2 2.4969E-2 1.4933E-2 2.80178E-2 3.06881E-2 1.99609E-2 2.97916E-2 3.15855E-2 2.71236E-2 2.52471E-2 1.85339E-2 1.28112E-2 1.20815E-2 1.13926E-2 1.03913E-2 1.00293E-2 1.12123E-2 1.25533E-2 1.06504E-2 9.92448E-3 1.23785E-2 1.4751E-2 1.89647E-2 9.6204E-3 1.61067E-2 1.87469E-2 1.03032E-2 8.91702E-3 1.01452E-2 1.7782E-2 5.69769E-3 8.75783E-3 9.25352E-3 1.00278E-2 6.52004E-3 8.629E-3 6.68511E-3 7.10401E-3 6.56782E-3 6.5801E-3 6.40518E-3 1.11233E-2 6.98364E-3 7.19864E-3 1.07053E-2 1.10341E-2 1.11735E-2 1.20074E-2 1.29481E-2 8.64353E-3 1.5802E-2 9.10118E-3 8.55681E-3 8.65037E-3 1.27719E-2 1.41455E-2 1.2902E-2 7.61427E-3
2.60794E-2 2.34266E-2 1.84851E-2 2.58538E-2 3.09091E-2 1.62529E-2 2.62012E-2 3.69378E-2 1.02981E-1 3.60164E-2 2.97058E-2 2.5722E-2 3.05739E-2 2.56699E-2 3.08727E-2 2.95154E-2 2.43368E-2 2.24478E-2 1.25071E-2 1.14342E-2 1.07482E-2 1.14657E-2 1.00397E-2 9.8931E-3 1.42888E-2 1.59889E-2 1.51101E-2 1.63987E-2 1.68764E-2 1.3135E-2 1.47421E-2 1.62536E-2 1.62859E-2 7.22902E-3 9.68307E-3 1.00397E-2 9.85465E-3 1.0444E-2 6.79277E-3 1.02808E-2 6.87153E-3 9.10456E-3 7.24781E-3 7.19301E-3 1.10378E-2 7.5892E-3 1.13291E-2 7.8945E-3 1.80949E-2 1.31355E-2 1.31183E-2 9.02166E-3 9.6947E-3 2.53609E-2 1.39823E-2 9.38451E-3 1.54543E-2 1.4773E-2 1.4462E-2 1.60943E-2 1.32732E-2
1.66478E-2 2.28835E-2 1.83219E-2 2.42216E-2 3.51053E-2 1.73232E-2 2.49105E-2 3.58992E-2 4.01479E-2 1.89591E-2 3.34073E-2 3.09439E-2 3.24545E-2 2.15696E-2 3.38951E-2 3.17702E-2 2.70416E-2 3.07755E-2 1.91895E-2 2.00493E-2 1.17383E-2 1.82519E-2 1.74212E-2 1.16983E-2 1.62626E-2 1.28781E-2 1.4152E-2 1.40178E-2 1.30189E-2 9.70276E-3 1.35428E-2 1.28739E-2 1.54711E-2 9.61698E-3 9.76727E-3 1.01454E-2 1.63445E-2 1.37773E-2 7.75622E-3 1.70286E-2 7.9906E-3 6.85025E-3 1.57415E-2 7.85211E-3 1.68745E-2 1.25335E-2 8.51536E-3 8.07605E-3 1.80028E-2 1.39608E-2 1.38911E-2 9.38485E-3 2.18042E-2 1.80601E-2 1.49932E-2 9.36087E-3 9.71982E-3 1.43932E-2 1.53487E-2 2.08139E-2 1.56153E-2
2.00695E-2 2.76735E-2 2.28491E-2 2.57315E-2 3.76867E-2 2.12851E-2 2.77079E-2 3.64312E-2 2.64015E-2 2.02067E-2 1.86181E-2 1.8681E-2 1.78797E-2 2.17222E-2 1.4649E-2 1.58473E-2 2.05582E-2 2.97233E-2 1.65635E-2 1.5421E-2 2.18529E-2 1.69215E-2 1.61026E-2 1.56878E-2 1.59527E-2 1.56526E-2 1.64549E-2 9.6912E-3 1.12008E-2 8.53827E-3 9.78309E-3 1.0337E-2 1.03716E-2 1.70513E-2 1.82301E-2 1.81056E-2 1.74689E-2 1.76812E-2 1.88186E-2 1.58092E-2 7.51715E-3 1.07923E-2 1.79404E-2 1.71946E-2 8.92665E-3 1.56835E-2 8.71202E-3 1.89421E-2 2.058E-2 2.08258E-2 1.45048E-2 2.00471E-2 2.54649E-2 1.65293E-2 1.70112E-2 1.02603E-2 1.74402E-2 1.57003E-2 9.45323E-3 1.00453E-2 2.06211E-2
