Artocarpus heterophyllus SDM files/MIS19/results (with bias file)/Arthet_1.asc
ncols         625
nrows         721
xllcorner     69.99986311115
yllcorner     5.99986187915
cellsize      0.041666667
NODATA_value  -9999
[rows 567 to 593 of 721, columns 183 to 243 of 625]
4.68134E-1 4.04953E-1 3.90112E-1 4.073E-1 5.46381E-1 5.72958E-1 6.39629E-1 5.94433E-1 3.29266E-1 3.37245E-1 4.69018E-1 6.58457E-1 4.01386E-1 3.58318E-1 3.63921E-1 4.03345E-1 5.34074E-1 3.92318E-1 3.82678E-1 4.15009E-1 3.93918E-1 4.22542E-1 3.8447E-1 4.62136E-1 6.72843E-1 8.06392E-1 6.03515E-1 4.63381E-1 6.78002E-1 5.15857E-1 5.38575E-1 5.33794E-1 5.6375E-1 6.13727E-1 6.40556E-1 6.72847E-1 6.96419E-1 7.21564E-1 6.6137E-1 6.32057E-1 7.16817E-1 7.40421E-1 7.38521E-1 7.44229E-1 7.22728E-1 7.66362E-1 7.82572E-1 7.92379E-1 7.83348E-1 7.5623E-1 7.74736E-1 7.24796E-1 8.14076E-1 8.08627E-1 7.95434E-1 7.61839E-1 7.55568E-1 7.57401E-1 7.58121E-1 7.5344E-1 -9999
3.96096E-1 3.58958E-1 3.64939E-1 4.51373E-1 5.85972E-1 5.35205E-1 6.01979E-1 4.62359E-1 3.81658E-1 3.43125E-1 3.42501E-1 5.41431E-1 4.07186E-1 4.04648E-1 4.17377E-1 3.71308E-1 5.29192E-1 4.12534E-1 4.02996E-1 4.16985E-1 4.39254E-1 4.19124E-1 3.84469E-1 4.88229E-1 7.39407E-1 7.86492E-1 4.51709E-1 4.75479E-1 4.84904E-1 5.28018E-1 5.54036E-1 5.94533E-1 6.33335E-1 6.45896E-1 6.6672E-1 6.75422E-1 6.84583E-1 6.5353E-1 6.38322E-1 6.16359E-1 7.0994E-1 7.1679E-1 7.80059E-1 7.25929E-1 7.54743E-1 7.36525E-1 7.853E-1 7.76245E-1 7.84048E-1 7.73515E-1 7.47207E-1 7.41476E-1 7.67151E-1 7.79218E-1 7.8116E-1 7.60203E-1 7.54707E-1 7.48157E-1 7.52684E-1 7.50269E-1 -9999
4.48042E-1 4.12642E-1 3.89918E-1 4.1146E-1 5.91042E-1 4.85796E-1 4.95815E-1 3.66448E-1 3.58068E-1 3.74295E-1 3.79482E-1 3.70997E-1 3.84004E-1 4.15921E-1 4.20618E-1 4.01465E-1 4.32702E-1 4.58978E-1 4.80235E-1 5.1696E-1 4.49415E-1 3.9217E-1 3.9286E-1 5.69257E-1 7.21598E-1 6.8322E-1 4.54104E-1 4.99431E-1 5.53413E-1 5.81597E-1 5.71345E-1 6.43731E-1 6.6737E-1 6.76989E-1 5.95686E-1 6.35969E-1 7.05823E-1 6.65456E-1 6.39587E-1 6.11673E-1 6.7672E-1 6.94616E-1 6.41354E-1 6.85928E-1 7.11967E-1 6.83412E-1 8.00126E-1 7.89875E-1 7.71387E-1 7.82888E-1 7.69355E-1 7.61396E-1 7.3951E-1 7.55126E-1 7.68168E-1 7.49346E-1 7.42497E-1 7.43388E-1 7.47999E-1 -9999 -9999
4.49479E-1 3.97435E-1 3.83564E-1 4.41945E-1 3.9199E-1 6.05026E-1 4.21136E-1 6.11177E-1 3.35047E-1 3.90941E-1 4.22661E-1 4.20328E-1 3.95812E-1 4.00512E-1 4.19502E-1 4.29413E-1 4.20236E-1 4.44112E-1 5.54286E-1 4.77607E-1 4.35689E-1 3.9826E-1 3.95103E-1 4.73549E-1 5.95657E-1 4.23028E-1 5.0114E-1 5.49151E-1 5.76415E-1 6.10492E-1 6.23083E-1 6.41607E-1 6.60065E-1 6.34064E-1 6.252E-1 5.7507E-1 6.70466E-1 6.73069E-1 6.38658E-1 6.89112E-1 6.15394E-1 7.52345E-1 7.00858E-1 6.99538E-1 6.22471E-1 6.61532E-1 7.4652E-1 7.52715E-1 7.86517E-1 8.00247E-1 7.76857E-1 7.68786E-1 7.5755E-1 7.48029E-1 7.46225E-1 7.47422E-1 7.46207E-1 7.40503E-1 -9999 -9999 -9999
3.46632E-1 3.43209E-1 4.0713E-1 3.97993E-1 3.48095E-1 5.71318E-1 4.41793E-1 3.67047E-1 3.6517E-1 6.53407E-1 3.82175E-1 3.93244E-1 4.03339E-1 4.06507E-1 4.22693E-1 4.27677E-1 4.37663E-1 4.22366E-1 4.33419E-1 4.46048E-1 4.51399E-1 4.04461E-1 4.06932E-1 4.49342E-1 4.41759E-1 4.53501E-1 5.40693E-1 5.71873E-1 6.35942E-1 6.27958E-1 5.73727E-1 5.99345E-1 6.34894E-1 5.83338E-1 7.02861E-1 5.52675E-1 5.91743E-1 6.72082E-1 6.3048E-1 6.28229E-1 6.4701E-1 7.14899E-1 7.2111E-1 6.92164E-1 7.03173E-1 6.86196E-1 7.31097E-1 7.26444E-1 7.13685E-1 7.6499E-1 7.86774E-1 7.73015E-1 7.5813E-1 7.51727E-1 7.37604E-1 7.0844E-1 7.37277E-1 7.13077E-1 -9999 -9999 -9999
3.65607E-1 4.10143E-1 3.37738E-1 3.74286E-1 4.517E-1 4.33281E-1 5.31002E-1 3.66747E-1 5.64423E-1 5.78947E-1 5.33327E-1 4.0312E-1 3.98414E-1 3.92639E-1 4.31603E-1 4.62472E-1 4.44573E-1 4.33303E-1 4.27078E-1 4.2051E-1 4.35311E-1 4.30917E-1 4.21215E-1 4.29811E-1 4.41982E-1 6.4331E-1 5.75436E-1 5.31941E-1 5.55671E-1 5.82155E-1 6.42064E-1 6.18844E-1 6.44676E-1 6.32825E-1 6.26805E-1 6.28236E-1 5.63174E-1 6.11912E-1 6.17794E-1 8.32497E-1 8.12175E-1 7.2505E-1 7.06101E-1 7.27565E-1 6.89495E-1 7.08968E-1 7.29611E-1 7.52422E-1 7.15348E-1 7.23954E-1 7.60684E-1 7.68971E-1 7.39044E-1 7.57105E-1 7.49646E-1 7.41159E-1 7.11928E-1 -9999 -9999 -9999 -9999
5.02964E-1 4.04004E-1 4.02866E-1 4.38671E-1 4.60265E-1 4.78084E-1 6.22854E-1 5.92347E-1 5.40041E-1 5.42132E-1 5.26121E-1 4.81038E-1 4.16867E-1 4.69781E-1 6.46666E-1 6.53352E-1 4.4353E-1 4.25538E-1 4.16491E-1 4.3145E-1 4.33431E-1 4.27549E-1 4.42264E-1 4.55209E-1 4.47429E-1 5.92021E-1 5.90874E-1 5.67041E-1 6.56648E-1 6.03308E-1 5.98016E-1 5.78278E-1 6.65244E-1 6.9134E-1 6.48406E-1 6.01145E-1 5.50923E-1 5.83317E-1 7.32253E-1 7.86399E-1 7.81904E-1 6.62354E-1 6.58753E-1 6.76876E-1 6.56869E-1 6.7255E-1 6.91424E-1 7.7502E-1 7.63294E-1 7.31607E-1 7.10202E-1 7.62649E-1 7.49132E-1 7.12871E-1 7.2114E-1 7.16145E-1 -9999 -9999 -9999 -9999 -9999
4.52708E-1 3.64358E-1 4.25682E-1 4.40902E-1 4.17856E-1 5.3777E-1 6.07001E-1 5.44536E-1 5.3388E-1 4.62498E-1 3.74086E-1 5.69188E-1 6.13689E-1 6.56503E-1 7.39492E-1 4.82477E-1 4.08065E-1 4.22658E-1 4.36017E-1 4.29297E-1 4.00286E-1 4.27642E-1 4.46504E-1 4.76451E-1 4.43812E-1 5.77135E-1 5.93316E-1 6.01189E-1 5.83194E-1 5.38423E-1 5.52272E-1 5.85325E-1 6.00017E-1 6.67087E-1 6.36139E-1 5.98881E-1 5.77194E-1 6.61542E-1 7.2957E-1 7.36894E-1 7.78469E-1 6.84E-1 6.82463E-1 6.89526E-1 6.24775E-1 6.67044E-1 6.85436E-1 7.86387E-1 7.66465E-1 7.50152E-1 7.22449E-1 7.20146E-1 7.17693E-1 7.09944E-1 7.11996E-1 7.14547E-1 -9999 -9999 -9999 -9999 -9999
3.51206E-1 3.56765E-1 4.07243E-1 4.50973E-1 3.97686E-1 5.75743E-1 5.45853E-1 5.69264E-1 4.9689E-1 3.6533E-1 5.95995E-1 6.40154E-1 6.35363E-1 6.79507E-1 8.19415E-1 3.89199E-1 4.14534E-1 3.91609E-1 4.27948E-1 4.18355E-1 4.21167E-1 4.68425E-1 4.55371E-1 5.22942E-1 4.17437E-1 5.87339E-1 5.24916E-1 5.48707E-1 6.14561E-1 6.47209E-1 6.19354E-1 6.23843E-1 5.46838E-1 5.86321E-1 6.43591E-1 6.35015E-1 5.6196E-1 6.51025E-1 6.99134E-1 7.4303E-1 7.09174E-1 6.954E-1 6.35853E-1 7.0722E-1 6.4757E-1 6.61013E-1 6.66787E-1 7.33932E-1 7.63543E-1 7.61133E-1 7.56745E-1 7.22604E-1 7.22964E-1 6.74476E-1 6.0255E-1 -9999 -9999 -9999 -9999 -9999 -9999
3.98713E-1 4.06601E-1 4.01811E-1 4.19779E-1 4.71796E-1 5.35505E-1 5.77323E-1 5.6204E-1 4.11227E-1 6.22009E-1 6.57489E-1 6.5088E-1 6.59144E-1 6.93936E-1 6.51214E-1 3.85188E-1 4.85863E-1 4.97277E-1 3.85057E-1 3.96162E-1 4.2488E-1 4.8336E-1 5.02296E-1 6.19039E-1 4.8347E-1 6.36201E-1 6.52344E-1 6.383E-1 6.7834E-1 6.39509E-1 6.20932E-1 6.09971E-1 6.00854E-1 6.18697E-1 6.23424E-1 5.97815E-1 5.78681E-1 6.34248E-1 6.70777E-1 6.66E-1 6.75388E-1 6.84105E-1 6.27782E-1 6.52123E-1 6.46799E-1 6.19573E-1 6.41059E-1 6.47543E-1 7.15524E-1 7.58433E-1 7.62749E-1 7.57257E-1 7.44681E-1 6.11056E-1 -9999 -9999 -9999 -9999 -9999 -9999 -9999
3.47591E-1 3.60606E-1 4.39073E-1 4.77166E-1 4.16856E-1 5.92048E-1 5.93903E-1 5.26243E-1 6.18242E-1 6.78666E-1 6.30024E-1 6.47302E-1 3.93408E-1 4.73915E-1 3.91188E-1 5.9395E-1 7.31994E-1 4.35914E-1 3.95239E-1 3.98597E-1 4.95446E-1 5.5509E-1 5.90061E-1 5.70572E-1 4.91305E-1 5.39252E-1 7.77162E-1 6.88995E-1 6.34845E-1 6.00246E-1 5.79261E-1 6.02526E-1 6.31738E-1 6.30609E-1 6.29008E-1 5.75415E-1 6.52646E-1 6.2775E-1 6.42292E-1 6.20825E-1 6.7903E-1 6.30982E-1 6.75055E-1 6.51166E-1 6.69749E-1 6.77168E-1 6.64848E-1 6.64478E-1 7.25318E-1 7.27258E-1 7.13888E-1 7.56745E-1 7.49779E-1 5.93871E-1 -9999 -9999 -9999 -9999 -9999 -9999 -9999
3.65618E-1 4.55766E-1 4.57279E-1 4.57688E-1 4.19673E-1 5.33545E-1 6.25085E-1 6.22202E-1 6.28599E-1 5.48391E-1 5.3916E-1 6.21714E-1 6.2598E-1 6.01932E-1 6.3831E-1 4.83284E-1 4.72392E-1 4.25981E-1 4.18674E-1 5.26966E-1 7.40191E-1 5.73504E-1 5.42987E-1 5.54043E-1 4.8831E-1 5.44444E-1 7.76007E-1 5.90465E-1 7.33884E-1 5.85385E-1 5.52928E-1 6.28743E-1 6.51443E-1 6.42606E-1 6.36099E-1 6.37642E-1 7.31003E-1 7.05682E-1 6.62573E-1 6.50987E-1 6.19095E-1 6.29208E-1 6.53006E-1 6.53378E-1 6.75664E-1 7.37251E-1 7.46918E-1 7.17164E-1 7.15033E-1 7.08984E-1 7.14657E-1 7.18522E-1 7.16865E-1 6.6753E-1 -9999 -9999 -9999 -9999 -9999 -9999 -9999
4.16429E-1 4.74972E-1 4.54935E-1 4.49441E-1 4.78394E-1 4.18374E-1 5.99339E-1 5.96017E-1 6.52717E-1 6.64485E-1 6.02237E-1 5.42242E-1 6.00026E-1 7.48967E-1 7.86079E-1 6.91807E-1 5.28704E-1 4.23024E-1 4.91764E-1 7.81547E-1 8.11262E-1 5.28669E-1 4.35021E-1 4.25996E-1 6.80646E-1 6.45074E-1 6.96962E-1 5.38847E-1 5.86233E-1 5.3507E-1 5.56881E-1 5.82632E-1 6.96886E-1 6.77188E-1 6.40047E-1 6.04856E-1 7.00741E-1 6.89521E-1 6.69724E-1 6.81186E-1 6.19029E-1 6.3651E-1 6.39884E-1 6.48734E-1 7.13834E-1 7.0479E-1 7.20765E-1 7.16388E-1 7.23247E-1 7.18539E-1 7.14825E-1 7.14034E-1 6.67582E-1 5.9144E-1 -9999 -9999 -9999 -9999 -9999 -9999 -9999
4.14742E-1 4.35266E-1 4.67943E-1 4.71967E-1 3.86843E-1 6.0885E-1 6.65231E-1 6.64333E-1 6.60431E-1 6.06387E-1 5.40778E-1 5.72643E-1 6.76632E-1 7.92759E-1 8.00813E-1 7.00555E-1 6.97638E-1 4.15834E-1 4.94765E-1 7.23871E-1 8.19939E-1 5.5188E-1 3.67379E-1 5.5808E-1 7.2323E-1 6.73467E-1 6.66697E-1 5.77884E-1 6.19811E-1 5.10034E-1 5.63947E-1 5.72968E-1 6.34274E-1 6.7889E-1 6.46658E-1 6.51685E-1 6.85766E-1 6.90784E-1 6.68593E-1 5.9858E-1 6.76912E-1 6.43918E-1 7.01054E-1 6.75485E-1 6.81379E-1 6.73251E-1 7.16802E-1 7.16488E-1 7.17271E-1 7.18811E-1 6.83054E-1 6.75734E-1 5.92223E-1 -9999 -9999 -9999 -9999 -9999 -9999 -9999 -9999
3.95486E-1 4.14996E-1 5.09669E-1 5.0325E-1 3.72083E-1 6.01112E-1 6.72788E-1 6.35891E-1 6.45314E-1 6.12442E-1 5.41485E-1 6.35303E-1 7.56807E-1 8.00652E-1 8.39928E-1 7.53563E-1 7.51785E-1 4.90922E-1 4.50938E-1 4.4941E-1 6.52612E-1 4.33202E-1 4.36358E-1 6.88072E-1 6.91212E-1 6.53227E-1 6.26943E-1 5.73589E-1 6.02974E-1 5.13847E-1 5.54739E-1 5.66721E-1 5.83899E-1 6.29229E-1 6.80304E-1 7.15738E-1 7.23517E-1 7.19374E-1 6.96789E-1 6.19475E-1 6.14639E-1 6.31996E-1 7.05768E-1 7.17438E-1 6.56448E-1 7.18339E-1 7.13397E-1 7.12733E-1 6.81041E-1 6.80479E-1 6.73342E-1 6.34383E-1 4.97942E-1 -9999 -9999 -9999 -9999 -9999 -9999 -9999 -9999
4.57914E-1 4.28089E-1 4.48448E-1 5.88837E-1 3.65587E-1 5.72407E-1 6.03535E-1 6.12311E-1 5.83994E-1 5.8484E-1 5.48383E-1 6.48494E-1 6.72653E-1 7.77124E-1 8.80107E-1 6.86479E-1 5.70054E-1 7.96137E-1 7.14275E-1 4.37448E-1 4.71143E-1 3.79871E-1 5.93633E-1 6.63886E-1 7.25432E-1 6.65957E-1 6.10244E-1 5.3682E-1 5.12318E-1 5.23031E-1 5.4552E-1 5.69353E-1 5.89897E-1 5.82713E-1 6.3009E-1 7.38686E-1 7.05097E-1 6.96573E-1 6.81456E-1 6.2328E-1 6.26115E-1 5.94004E-1 6.06289E-1 6.36711E-1 6.4487E-1 7.09848E-1 7.10094E-1 5.99893E-1 5.94903E-1 5.88861E-1 5.49073E-1 5.37009E-1 4.88622E-1 -9999 -9999 -9999 -9999 -9999 -9999 -9999 -9999
3.7579E-1 4.36454E-1 5.71588E-1 3.99517E-1 5.4257E-1 5.99133E-1 4.45397E-1 5.81033E-1 5.34042E-1 5.39587E-1 6.21536E-1 6.93612E-1 6.78773E-1 6.5429E-1 5.55328E-1 5.75145E-1 6.09837E-1 5.87642E-1 4.12791E-1 4.24712E-1 4.4143E-1 7.36785E-1 7.06194E-1 7.64754E-1 7.90951E-1 6.09551E-1 6.09401E-1 6.03317E-1 6.38281E-1 5.16972E-1 5.43888E-1 5.59072E-1 5.79589E-1 5.85992E-1 6.76011E-1 7.49677E-1 7.06896E-1 7.12797E-1 6.34489E-1 6.33755E-1 6.05519E-1 6.74655E-1 6.37643E-1 6.44071E-1 7.44119E-1 7.41532E-1 6.5602E-1 5.46713E-1 5.39127E-1 5.39227E-1 5.2511E-1 4.81837E-1 -9999 -9999 -9999 -9999 -9999 -9999 -9999 -9999 -9999
4.55591E-1 3.80357E-1 7.63293E-1 4.3469E-1 5.10395E-1 5.29185E-1 5.72387E-1 5.48608E-1 5.58024E-1 5.82558E-1 6.40639E-1 6.43119E-1 6.38024E-1 6.05203E-1 6.47553E-1 6.64108E-1 6.78124E-1 6.85608E-1 4.29063E-1 4.35577E-1 6.02309E-1 4.26144E-1 5.15046E-1 7.97101E-1 7.65429E-1 6.34004E-1 5.23799E-1 5.27121E-1 5.83604E-1 5.24453E-1 5.49647E-1 5.69269E-1 5.89793E-1 5.863E-1 6.45877E-1 6.78407E-1 7.22213E-1 7.36268E-1 7.34022E-1 7.19572E-1 7.19215E-1 6.83074E-1 7.09993E-1 7.61653E-1 7.50067E-1 7.15639E-1 7.0273E-1 5.79666E-1 5.6837E-1 5.6108E-1 5.26809E-1 4.77566E-1 -9999 -9999 -9999 -9999 -9999 -9999 -9999 -9999 -9999
4.41909E-1 4.24987E-1 4.2969E-1 3.56755E-1 5.4083E-1 5.59347E-1 4.40943E-1 5.13573E-1 5.88782E-1 6.25836E-1 6.5993E-1 4.61846E-1 5.90563E-1 7.40999E-1 6.80061E-1 6.75667E-1 5.01548E-1 4.7902E-1 4.55571E-1 4.34945E-1 4.09569E-1 3.97334E-1 5.01081E-1 5.71125E-1 5.44351E-1 5.67955E-1 5.01126E-1 5.41287E-1 5.47267E-1 5.40337E-1 5.37097E-1 5.60029E-1 5.60205E-1 5.81247E-1 7.05181E-1 6.31957E-1 6.8816E-1 6.91236E-1 7.0478E-1 7.10299E-1 6.9007E-1 6.88331E-1 7.81287E-1 7.78788E-1 7.74284E-1 7.69143E-1 7.2177E-1 5.91079E-1 5.91109E-1 6.26021E-1 4.83958E-1 4.76687E-1 -9999 -9999 -9999 -9999 -9999 -9999 -9999 -9999 -9999
4.64224E-1 4.67853E-1 4.39853E-1 3.97801E-1 4.28853E-1 4.13316E-1 5.25809E-1 6.26707E-1 6.22576E-1 6.79705E-1 6.23591E-1 4.34393E-1 6.6096E-1 7.42307E-1 6.57959E-1 6.46767E-1 4.95895E-1 4.81969E-1 4.28334E-1 4.44527E-1 4.87305E-1 4.13611E-1 4.85544E-1 4.82941E-1 4.93058E-1 5.01067E-1 5.30219E-1 5.42179E-1 5.32393E-1 5.34206E-1 5.44909E-1 5.41265E-1 5.45995E-1 6.26305E-1 6.25068E-1 6.54472E-1 6.50741E-1 6.51708E-1 6.48849E-1 7.35986E-1 6.46556E-1 6.80433E-1 7.90079E-1 7.6774E-1 7.6459E-1 7.46237E-1 7.53744E-1 6.47478E-1 5.14165E-1 5.00273E-1 4.84148E-1 4.7854E-1 -9999 -9999 -9999 -9999 -9999 -9999 -9999 -9999 -9999
4.78863E-1 4.77203E-1 4.9051E-1 3.65489E-1 4.29259E-1 4.31013E-1 4.33743E-1 4.71025E-1 4.45738E-1 5.81476E-1 4.46064E-1 6.19195E-1 6.48827E-1 7.05875E-1 7.19344E-1 7.33471E-1 4.65801E-1 4.20031E-1 4.84325E-1 4.23057E-1 4.21795E-1 4.71129E-1 5.93392E-1 4.94749E-1 4.98226E-1 4.96302E-1 5.14184E-1 5.32514E-1 5.62556E-1 5.44688E-1 5.36731E-1 5.53674E-1 6.28051E-1 6.79504E-1 6.77613E-1 6.80267E-1 6.59324E-1 6.49886E-1 6.32631E-1 6.86263E-1 6.04784E-1 7.4292E-1 7.33202E-1 7.27611E-1 7.11639E-1 6.79116E-1 7.25452E-1 6.27614E-1 5.06163E-1 4.98156E-1 4.83366E-1 4.65292E-1 -9999 -9999 -9999 -9999 -9999 -9999 -9999 -9999 -9999
4.77148E-1 4.67795E-1 3.33612E-1 3.97692E-1 6.03051E-1 4.24249E-1 4.14529E-1 4.13174E-1 4.03483E-1 4.20224E-1 4.16495E-1 6.68238E-1 6.06489E-1 6.60363E-1 6.73419E-1 5.54936E-1 6.46307E-1 4.7424E-1 5.28754E-1 4.81412E-1 4.12445E-1 6.25101E-1 5.25592E-1 4.90091E-1 4.85557E-1 4.95327E-1 5.07749E-1 5.11302E-1 5.32701E-1 5.17852E-1 5.43721E-1 5.6026E-1 6.2524E-1 6.67866E-1 6.81107E-1 6.78902E-1 6.59738E-1 6.49651E-1 5.85966E-1 5.95548E-1 6.01333E-1 7.04633E-1 7.06499E-1 7.27679E-1 5.86021E-1 6.82695E-1 6.71808E-1 5.17214E-1 4.46131E-1 4.90296E-1 4.73456E-1 4.65151E-1 -9999 -9999 -9999 -9999 -9999 -9999 -9999 -9999 -9999
4.42309E-1 4.22727E-1 3.91593E-1 5.11146E-1 5.18656E-1 5.51508E-1 4.42244E-1 4.47453E-1 4.17877E-1 3.75403E-1 3.92695E-1 6.38769E-1 4.82873E-1 4.26334E-1 6.23498E-1 6.73945E-1 6.54943E-1 6.42306E-1 4.58579E-1 4.18218E-1 3.80119E-1 5.53646E-1 5.17023E-1 4.89263E-1 5.27099E-1 4.76262E-1 4.57608E-1 5.0052E-1 5.12548E-1 5.0641E-1 5.11153E-1 5.65297E-1 5.97992E-1 6.76546E-1 6.72278E-1 6.33253E-1 6.44532E-1 5.9229E-1 5.95316E-1 5.94754E-1 6.00831E-1 6.12864E-1 6.3191E-1 6.76829E-1 6.17395E-1 6.76092E-1 4.64314E-1 4.54112E-1 4.91293E-1 4.80565E-1 4.72799E-1 4.65951E-1 4.58133E-1 -9999 -9999 -9999 -9999 -9999 -9999 -9999 -9999
5.11143E-1 4.5951E-1 3.68462E-1 3.82655E-1 3.92408E-1 4.27614E-1 4.51334E-1 4.34124E-1 4.13465E-1 3.53215E-1 3.82229E-1 4.64484E-1 4.26743E-1 6.18138E-1 5.96337E-1 6.20269E-1 6.43234E-1 5.54869E-1 3.8288E-1 3.65917E-1 3.68119E-1 4.68569E-1 5.45048E-1 5.87748E-1 6.19912E-1 4.93027E-1 3.67237E-1 4.49557E-1 5.08159E-1 5.08876E-1 5.06541E-1 5.27118E-1 6.03557E-1 6.51362E-1 6.35909E-1 6.40134E-1 6.45149E-1 6.02121E-1 6.10687E-1 6.11623E-1 6.25131E-1 6.37212E-1 6.62583E-1 6.16645E-1 6.15614E-1 5.9792E-1 4.61069E-1 5.05843E-1 4.90745E-1 4.79672E-1 4.65727E-1 4.5782E-1 4.50192E-1 -9999 -9999 -9999 -9999 -9999 -9999 -9999 -9999
5.1968E-1 4.70415E-1 3.1599E-1 3.51588E-1 3.81275E-1 3.95952E-1 4.4321E-1 4.11917E-1 3.96053E-1 3.28194E-1 4.1411E-1 3.80045E-1 5.77518E-1 5.90997E-1 6.02807E-1 5.87399E-1 7.90017E-1 5.87781E-1 3.74017E-1 4.13758E-1 3.37122E-1 5.14736E-1 6.14324E-1 5.70601E-1 3.67591E-1 3.47176E-1 3.53913E-1 3.67619E-1 4.94541E-1 5.01497E-1 4.98022E-1 4.75325E-1 5.58248E-1 6.23312E-1 6.21741E-1 6.25241E-1 6.48225E-1 6.0848E-1 6.17281E-1 7.21721E-1 7.33859E-1 7.26547E-1 5.6242E-1 5.5939E-1 5.05508E-1 4.72226E-1 4.60456E-1 4.5536E-1 4.41224E-1 4.80397E-1 4.64809E-1 4.52606E-1 4.38284E-1 -9999 -9999 -9999 -9999 -9999 -9999 -9999 -9999
4.85728E-1 4.74732E-1 2.94471E-1 3.16912E-1 3.52803E-1 3.72549E-1 4.24875E-1 3.8328E-1 3.56138E-1 3.50663E-1 3.84356E-1 5.32674E-1 5.56663E-1 6.48383E-1 6.58447E-1 5.65336E-1 6.8139E-1 7.27969E-1 4.99108E-1 3.94866E-1 4.76123E-1 5.25491E-1 6.90905E-1 5.74465E-1 3.49664E-1 3.38877E-1 3.51789E-1 3.64129E-1 3.62799E-1 3.67377E-1 5.36818E-1 5.57585E-1 6.04654E-1 6.14424E-1 6.08296E-1 6.23473E-1 6.34208E-1 5.97635E-1 5.6661E-1 7.71892E-1 7.6951E-1 7.61319E-1 7.64944E-1 6.55055E-1 5.23604E-1 4.64954E-1 4.61651E-1 4.49589E-1 4.36872E-1 4.7248E-1 4.65529E-1 4.45487E-1 4.37614E-1 4.29679E-1 -9999 -9999 -9999 -9999 -9999 -9999 -9999
4.76372E-1 3.10181E-1 3.10247E-1 2.80931E-1 3.26847E-1 3.31894E-1 3.58406E-1 3.93826E-1 3.4662E-1 3.54285E-1 3.53826E-1 5.08707E-1 6.06737E-1 6.72973E-1 5.23796E-1 3.97815E-1 5.57046E-1 7.76647E-1 5.12104E-1 3.72013E-1 5.44961E-1 5.86635E-1 6.22638E-1 5.80423E-1 3.65102E-1 5.01535E-1 4.34003E-1 3.60929E-1 3.60465E-1 3.51495E-1 4.32097E-1 6.13403E-1 5.93876E-1 6.3775E-1 6.59281E-1 6.25512E-1 6.32003E-1 6.08334E-1 6.86132E-1 7.61669E-1 7.44428E-1 7.05736E-1 7.32439E-1 6.41486E-1 5.24965E-1 4.62565E-1 4.54348E-1 4.47999E-1 4.37552E-1 4.73659E-1 4.57688E-1 4.44964E-1 4.36939E-1 5.2938E-1 -9999 -9999 -9999 -9999 -9999 -9999 -9999
