Artocarpus heterophyllus SDM files/MIS19/results (with bias file)/Arthet_4.asc
ncols         625
nrows         721
xllcorner     69.99986311115
yllcorner     5.99986187915
cellsize      0.041666667
NODATA_value  -9999
[rows 27 to 53 of 721, columns 488 to 548 of 625]
4.59622E-3 4.6136E-3 4.82574E-3 4.84249E-3 4.74412E-3 4.67966E-3 4.8095E-3 5.05477E-3 9.74921E-3 9.68257E-3 5.24263E-3 5.39318E-3 4.96732E-3 5.21918E-3 5.54672E-3 5.44913E-3 4.8056E-3 4.76044E-3 4.86577E-3 5.09448E-3 5.05049E-3 5.11535E-3 5.38514E-3 8.93402E-3 9.47774E-3 9.34035E-3 9.18744E-3 5.22875E-3 9.32656E-3 5.23248E-3 5.3573E-3 5.25749E-3 5.40874E-3 4.72171E-3 4.759E-3 4.79327E-3 3.53376E-3 4.70026E-3 4.86627E-3 4.78052E-3 4.64949E-3 4.69707E-3 4.80008E-3 4.97516E-3 4.74109E-3 4.6235E-3 4.57062E-3 4.7984E-3 5.13294E-3 4.92258E-3 4.85595E-3 4.89605E-3 5.31869E-3 5.45823E-3 5.61372E-3 5.77193E-3 5.8442E-3 5.30088E-3 5.13651E-3 4.85732E-3 4.89199E-3
4.65789E-3 4.70769E-3 4.64367E-3 4.59455E-3 4.59455E-3 4.51821E-3 4.94088E-3 5.32082E-3 4.39613E-3 4.83136E-3 5.86703E-3 9.44029E-3 9.0269E-3 9.37183E-3 8.87242E-3 4.75127E-3 5.00702E-3 5.48861E-3 9.58473E-3 1.00109E-2 9.91883E-3 9.6837E-3 9.47942E-3 8.94313E-3 5.10645E-3 9.2841E-3 9.12515E-3 5.23387E-3 5.25176E-3 5.21258E-3 5.3958E-3 5.37349E-3 5.03398E-3 5.39626E-3 5.36372E-3 5.44194E-3 5.63352E-3 5.4981E-3 5.07995E-3 4.90325E-3 4.82144E-3 4.90808E-3 4.84126E-3 4.74272E-3 4.57995E-3 4.49995E-3 4.62796E-3 5.0502E-3 5.01057E-3 4.72112E-3 3.14537E-3 3.32214E-3 4.81216E-3 4.67558E-3 4.70658E-3 4.75272E-3 5.01728E-3 5.20925E-3 4.84172E-3 5.04707E-3 5.29753E-3
4.8345E-3 5.47285E-3 1.01469E-2 1.04305E-2 1.10057E-2 1.06846E-2 9.31835E-3 5.15762E-3 4.32151E-3 5.48164E-3 5.17785E-3 5.354E-3 9.93472E-3 9.5302E-3 9.39808E-3 9.3569E-3 5.74067E-3 1.00506E-2 5.65231E-3 9.56455E-3 9.05764E-3 8.98969E-3 8.76267E-3 8.81834E-3 5.1334E-3 4.82243E-3 4.93134E-3 9.07931E-3 5.20926E-3 5.14025E-3 5.21076E-3 5.13814E-3 4.94063E-3 5.39052E-3 5.5586E-3 5.53771E-3 5.48121E-3 5.55468E-3 9.55782E-3 5.48937E-3 5.17711E-3 4.83345E-3 4.83345E-3 4.74896E-3 4.6046E-3 4.68706E-3 3.52546E-3 4.95558E-3 5.55041E-3 5.30051E-3 5.12281E-3 5.58625E-3 5.6589E-3 5.89184E-3 5.66837E-3 5.48891E-3 4.74452E-3 5.64245E-3 5.59938E-3 5.99989E-3 6.23453E-3
4.77047E-3 4.7072E-3 4.92327E-3 4.74174E-3 5.00876E-3 5.46602E-3 4.71526E-3 4.39253E-3 3.24886E-3 4.94579E-3 5.6145E-3 5.92091E-3 5.88221E-3 1.04303E-2 9.93557E-3 9.56115E-3 9.72119E-3 5.16813E-3 5.21413E-3 5.06458E-3 9.04142E-3 9.71969E-3 9.73445E-3 9.30867E-3 9.09416E-3 5.27736E-3 5.14185E-3 4.96734E-3 4.84813E-3 5.09539E-3 5.1833E-3 5.38207E-3 5.11271E-3 5.36774E-3 5.27468E-3 5.2051E-3 5.29077E-3 5.14784E-3 5.11078E-3 5.36372E-3 5.55034E-3 5.62474E-3 5.54394E-3 5.75677E-3 5.48703E-3 5.50974E-3 5.84741E-3 5.93276E-3 6.04163E-3 1.04275E-2 1.03152E-2 1.03949E-2 1.08678E-2 1.03278E-2 5.36373E-3 5.51044E-3 5.37584E-3 5.64558E-3 5.60833E-3 6.54663E-3 1.13018E-2
5.07978E-3 4.86732E-3 4.83575E-3 4.73733E-3 5.00657E-3 4.77825E-3 4.57466E-3 4.49697E-3 4.59491E-3 4.94579E-3 5.57608E-3 5.71797E-3 5.64635E-3 5.69049E-3 1.0026E-2 9.53066E-3 9.2227E-3 4.9249E-3 4.99322E-3 5.27332E-3 5.26629E-3 5.03026E-3 9.21332E-3 9.5998E-3 9.56055E-3 9.17659E-3 5.40505E-3 5.13814E-3 4.86772E-3 5.09331E-3 4.91979E-3 5.12616E-3 5.05778E-3 5.55266E-3 5.16139E-3 4.86829E-3 5.00604E-3 5.45841E-3 5.35948E-3 4.88261E-3 5.3612E-3 5.30447E-3 5.30578E-3 5.39807E-3 5.24972E-3 5.40105E-3 5.23766E-3 5.15026E-3 5.37576E-3 5.70247E-3 5.75626E-3 5.45045E-3 5.33132E-3 9.72651E-3 1.01845E-2 1.08435E-2 1.11439E-2 1.10597E-2 6.08087E-3 6.04863E-3 6.10659E-3
5.13213E-3 4.94253E-3 4.81755E-3 4.9684E-3 4.98545E-3 4.9327E-3 4.9666E-3 4.81584E-3 4.78787E-3 5.0809E-3 5.74821E-3 5.75284E-3 5.75952E-3 5.81163E-3 9.70426E-3 9.92725E-3 9.57295E-3 4.80933E-3 5.31745E-3 9.65979E-3 9.90869E-3 9.45177E-3 9.16103E-3 8.96868E-3 9.27648E-3 9.29953E-3 5.20888E-3 5.33331E-3 5.36969E-3 5.0215E-3 5.68484E-3 5.23036E-3 5.14109E-3 5.00202E-3 4.91305E-3 4.92593E-3 4.77817E-3 3.37476E-3 4.77951E-3 4.82508E-3 4.93221E-3 5.3033E-3 5.40994E-3 5.15718E-3 5.46959E-3 5.11621E-3 4.96221E-3 5.19445E-3 5.25793E-3 5.32011E-3 5.17151E-3 5.11271E-3 5.47283E-3 5.21142E-3 5.82303E-3 5.50903E-3 5.87202E-3 1.08628E-2 1.07448E-2 1.10093E-2 1.09304E-2
5.32391E-3 5.22071E-3 4.91364E-3 5.05238E-3 5.43118E-3 5.41053E-3 5.44771E-3 5.17496E-3 4.93448E-3 4.88895E-3 5.02725E-3 5.18882E-3 5.46036E-3 5.68126E-3 5.4899E-3 5.4513E-3 5.16805E-3 4.95038E-3 5.28629E-3 5.02484E-3 5.32508E-3 5.33738E-3 9.43812E-3 9.72774E-3 1.02036E-2 1.03111E-2 1.00577E-2 5.36251E-3 5.02787E-3 4.88178E-3 4.81456E-3 5.32221E-3 5.08264E-3 4.75899E-3 5.09706E-3 5.1498E-3 4.75401E-3 4.67436E-3 3.30421E-3 3.22166E-3 3.22297E-3 3.43123E-3 3.33524E-3 3.37192E-3 3.44307E-3 3.53609E-3 3.44307E-3 3.46761E-3 3.47957E-3 3.4438E-3 5.0322E-3 5.06419E-3 4.83759E-3 5.08154E-3 5.44653E-3 3.53856E-3 5.79618E-3 5.87213E-3 5.51887E-3 5.32575E-3 5.25064E-3
1.13454E-2 9.6687E-3 4.94248E-3 5.15727E-3 5.41053E-3 5.6978E-3 9.6647E-3 5.46052E-3 5.11468E-3 4.80107E-3 4.62276E-3 4.80585E-3 4.89288E-3 5.59044E-3 5.55281E-3 5.51488E-3 5.33108E-3 5.18317E-3 4.6136E-3 4.98035E-3 5.29306E-3 5.35196E-3 5.21129E-3 4.96572E-3 5.17772E-3 5.4673E-3 1.0232E-2 9.81447E-3 5.49592E-3 5.29066E-3 5.29603E-3 5.18592E-3 5.20552E-3 5.1498E-3 5.1338E-3 5.36974E-3 1.05388E-2 1.01726E-2 5.62325E-3 5.05044E-3 4.86133E-3 3.26224E-3 3.20768E-3 3.54715E-3 5.36169E-3 5.72342E-3 5.29959E-3 3.54408E-3 3.37728E-3 3.4013E-3 3.31856E-3 3.46108E-3 3.54495E-3 5.15663E-3 3.55495E-3 3.41197E-3 3.96698E-3 5.1166E-3 5.2174E-3 5.61429E-3 6.12931E-3
1.17847E-2 1.16429E-2 1.0546E-2 1.07748E-2 1.0106E-2 9.73374E-3 9.83055E-3 9.83055E-3 5.18509E-3 5.07763E-3 4.79719E-3 4.95084E-3 4.81846E-3 5.04378E-3 5.2743E-3 5.3288E-3 5.38E-3 4.88442E-3 5.16517E-3 4.92156E-3 5.0809E-3 5.13398E-3 5.68484E-3 4.81584E-3 3.38121E-3 5.25735E-3 5.49379E-3 5.15727E-3 6.01216E-3 1.07726E-2 9.80432E-3 5.26803E-3 5.04322E-3 4.73903E-3 5.16693E-3 5.04274E-3 3.39802E-3 5.2232E-3 5.97044E-3 1.00118E-2 5.54132E-3 4.94046E-3 3.26128E-3 3.64613E-3 5.81213E-3 6.34609E-3 1.05988E-2 5.52124E-3 5.63954E-3 5.67549E-3 5.71162E-3 5.5592E-3 5.63631E-3 5.59762E-3 5.8169E-3 6.12989E-3 5.11087E-3 3.4285E-3 5.93189E-3 6.02426E-3 5.55669E-3
1.1614E-2 1.14511E-2 1.13644E-2 1.04802E-2 1.08035E-2 9.43014E-3 1.07887E-2 1.04002E-2 9.68431E-3 5.4904E-3 4.79494E-3 5.22811E-3 5.28018E-3 4.60599E-3 5.21385E-3 5.02087E-3 5.51217E-3 5.6978E-3 5.11468E-3 4.66821E-3 4.75184E-3 5.6355E-3 1.03183E-2 9.82418E-3 4.50339E-3 3.48263E-3 4.87768E-3 3.72059E-3 5.73998E-3 5.96183E-3 1.00689E-2 9.9775E-3 1.04305E-2 1.00618E-2 5.47347E-3 4.75272E-3 5.42457E-3 6.14084E-3 6.0322E-3 5.37785E-3 5.40216E-3 4.85499E-3 3.30382E-3 4.03107E-3 5.87705E-3 6.19536E-3 5.7567E-3 5.76289E-3 6.19958E-3 1.07032E-2 6.03733E-3 5.44293E-3 3.79153E-3 5.11187E-3 5.46337E-3 5.65253E-3 5.62901E-3 3.63338E-3 5.81286E-3 5.57638E-3 3.96693E-3
1.12697E-2 1.08827E-2 1.01131E-2 1.09929E-2 1.05571E-2 1.01497E-2 1.0815E-2 1.12059E-2 1.05039E-2 9.94262E-3 5.30869E-3 5.60334E-3 1.13375E-2 5.05805E-3 5.55858E-3 4.59978E-3 5.72151E-3 5.33473E-3 4.81216E-3 4.79567E-3 4.74411E-3 4.56582E-3 3.2378E-3 3.38449E-3 4.67051E-3 3.31285E-3 3.36034E-3 3.61686E-3 5.1858E-3 5.22325E-3 5.26213E-3 5.4116E-3 1.01151E-2 4.97976E-3 5.33105E-3 3.20857E-3 5.24081E-3 5.71829E-3 5.93889E-3 1.1001E-2 1.09532E-2 1.02542E-2 5.05961E-3 3.32591E-3 3.85438E-3 5.41685E-3 5.37718E-3 5.99786E-3 1.10683E-2 1.06715E-2 5.915E-3 6.22406E-3 5.4919E-3 3.60915E-3 3.67017E-3 3.63234E-3 3.79411E-3 3.41783E-3 3.60323E-3 3.80774E-3 3.75902E-3
1.09494E-2 1.08845E-2 9.15102E-3 5.41426E-3 9.88053E-3 1.08853E-2 1.14466E-2 1.12849E-2 1.07896E-2 1.00826E-2 5.15507E-3 5.3938E-3 9.87937E-3 9.98294E-3 4.88307E-3 4.92513E-3 4.70914E-3 5.20638E-3 5.50288E-3 1.10458E-2 1.03753E-2 4.83318E-3 5.32873E-3 1.05386E-2 5.59847E-3 4.61617E-3 3.28616E-3 3.26287E-3 3.35531E-3 3.51204E-3 3.90952E-3 5.55517E-3 5.687E-3 5.05327E-3 5.82259E-3 5.42993E-3 3.34317E-3 3.62339E-3 5.51971E-3 5.7799E-3 5.76031E-3 1.01841E-2 5.59952E-3 3.2658E-3 5.80103E-3 5.82143E-3 3.47135E-3 3.84286E-3 5.45907E-3 5.44585E-3 5.23808E-3 5.83221E-3 6.24252E-3 5.86323E-3 6.43282E-3 5.67456E-3 5.49544E-3 3.63432E-3 3.5578E-3 3.69624E-3 3.64539E-3
1.04567E-2 1.02347E-2 9.39031E-3 1.03873E-2 1.10363E-2 1.06119E-2 1.1261E-2 1.11752E-2 1.10169E-2 1.05674E-2 4.95512E-3 5.79633E-3 5.51025E-3 5.2937E-3 4.79767E-3 4.73771E-3 4.52828E-3 3.30573E-3 5.88577E-3 1.08222E-2 1.10673E-2 5.81395E-3 1.06381E-2 1.08802E-2 1.06051E-2 5.39208E-3 3.38456E-3 3.21424E-3 3.29245E-3 3.43504E-3 3.39967E-3 3.80023E-3 5.06862E-3 3.76026E-3 5.81974E-3 5.06241E-3 3.3613E-3 3.50512E-3 4.04499E-3 5.71016E-3 5.5054E-3 4.98588E-3 3.33035E-3 3.35329E-3 6.21648E-3 5.87713E-3 5.75856E-3 6.06837E-3 6.04579E-3 5.79385E-3 6.08567E-3 6.14759E-3 6.20647E-3 5.7236E-3 5.81786E-3 5.79183E-3 3.47119E-3 3.40985E-3 3.66766E-3 3.70597E-3 3.47905E-3
9.10059E-3 9.29835E-3 1.07014E-2 9.50756E-3 1.0978E-2 1.07851E-2 1.0694E-2 1.09197E-2 1.06847E-2 1.01102E-2 9.97661E-3 5.00407E-3 4.76723E-3 4.68381E-3 4.78678E-3 5.43787E-3 5.16244E-3 5.26213E-3 5.85733E-3 5.64207E-3 6.06731E-3 5.44716E-3 4.80853E-3 5.63851E-3 9.86822E-3 1.02092E-2 5.4716E-3 4.72039E-3 3.46663E-3 3.39626E-3 3.38286E-3 3.3624E-3 3.74575E-3 6.13303E-3 5.83155E-3 4.94683E-3 3.35849E-3 3.27663E-3 3.34336E-3 3.33183E-3 3.41289E-3 3.30517E-3 3.25872E-3 3.99308E-3 6.41371E-3 5.85708E-3 6.13303E-3 5.78159E-3 6.00303E-3 5.57566E-3 5.67449E-3 5.91468E-3 5.79978E-3 5.87361E-3 5.47746E-3 6.11468E-3 5.44604E-3 5.50518E-3 6.77173E-3 1.18706E-2 6.6722E-3
1.06382E-2 9.87786E-3 1.13499E-2 1.08887E-2 1.00546E-2 1.06722E-2 9.90353E-3 1.00938E-2 1.13302E-2 1.02832E-2 5.46426E-3 5.29922E-3 5.08825E-3 4.96514E-3 4.83635E-3 5.42099E-3 5.76707E-3 5.17857E-3 4.80323E-3 4.8865E-3 4.75004E-3 3.2776E-3 3.38221E-3 5.5127E-3 5.01318E-3 4.73946E-3 4.82001E-3 5.09531E-3 5.87246E-3 5.64991E-3 3.4644E-3 3.70414E-3 6.0862E-3 5.74011E-3 1.08834E-2 6.01186E-3 5.48913E-3 5.19544E-3 5.9067E-3 5.98562E-3 5.33079E-3 3.43078E-3 3.35924E-3 3.89219E-3 5.91402E-3 5.67108E-3 5.8747E-3 6.05895E-3 5.5923E-3 5.50679E-3 3.71927E-3 5.57831E-3 5.28802E-3 3.55448E-3 3.51539E-3 3.49112E-3 3.54009E-3 4.50521E-3 6.69343E-3 6.79676E-3 1.11989E-2
1.09392E-2 9.89776E-3 1.0408E-2 1.02039E-2 1.10141E-2 1.0918E-2 1.0031E-2 9.64266E-3 9.55656E-3 1.06907E-2 5.46954E-3 5.28616E-3 5.58414E-3 1.04987E-2 1.01766E-2 1.02855E-2 1.06027E-2 5.42833E-3 5.31095E-3 1.08184E-2 1.00115E-2 5.06088E-3 4.77614E-3 4.64371E-3 3.45601E-3 4.88795E-3 3.51467E-3 4.9228E-3 4.91976E-3 3.55899E-3 3.47637E-3 3.54851E-3 3.85575E-3 3.51141E-3 3.65995E-3 3.33137E-3 3.4974E-3 5.97555E-3 6.32583E-3 1.0916E-2 1.0512E-2 4.91819E-3 3.24195E-3 3.70125E-3 3.58518E-3 3.61073E-3 3.68925E-3 3.65039E-3 3.59761E-3 3.65771E-3 3.61957E-3 3.59158E-3 3.5273E-3 3.53684E-3 3.47339E-3 3.54678E-3 3.51021E-3 3.84501E-3 4.5685E-3 6.45621E-3 6.11331E-3
1.05402E-2 9.99974E-3 9.58952E-3 9.33477E-3 1.05237E-2 1.11643E-2 1.10006E-2 1.00242E-2 1.00189E-2 1.11072E-2 9.90875E-3 5.33671E-3 5.63526E-3 1.11135E-2 1.15263E-2 1.11534E-2 1.01512E-2 5.0313E-3 5.20533E-3 6.30517E-3 1.13367E-2 1.09396E-2 1.01801E-2 5.05844E-3 5.27988E-3 1.07316E-2 5.82874E-3 5.09168E-3 4.90076E-3 5.08805E-3 5.01942E-3 5.48998E-3 3.44731E-3 3.4006E-3 3.44605E-3 3.4232E-3 5.92974E-3 6.44961E-3 6.27116E-3 5.78617E-3 5.65114E-3 5.11948E-3 3.23951E-3 3.71142E-3 3.72385E-3 3.64431E-3 3.78613E-3 3.66655E-3 3.39518E-3 3.4521E-3 3.52461E-3 3.59864E-3 3.62089E-3 3.65874E-3 3.73589E-3 3.66902E-3 3.94976E-3 3.93627E-3 4.42111E-3 3.9418E-3 3.92193E-3
9.94871E-3 1.04078E-2 5.23902E-3 9.96793E-3 1.03773E-2 1.09585E-2 1.06131E-2 9.6683E-3 1.03217E-2 1.12857E-2 1.09422E-2 5.36579E-3 1.00922E-2 1.09299E-2 1.08903E-2 1.06697E-2 1.12007E-2 5.46807E-3 3.40894E-3 5.75674E-3 1.07982E-2 5.72799E-3 5.38877E-3 4.7926E-3 5.59045E-3 1.14142E-2 1.11947E-2 1.05303E-2 5.96235E-3 5.72654E-3 5.13182E-3 3.32919E-3 3.32807E-3 3.39827E-3 3.70591E-3 3.43217E-3 3.80133E-3 5.72761E-3 6.06106E-3 6.49834E-3 6.13124E-3 5.06678E-3 3.3648E-3 3.5571E-3 3.8554E-3 5.99402E-3 6.77219E-3 6.17689E-3 5.389E-3 5.29394E-3 5.17793E-3 3.84089E-3 5.2833E-3 3.82445E-3 3.75899E-3 3.68177E-3 6.09763E-3 6.86637E-3 5.62823E-3 3.61808E-3 3.91897E-3
1.05774E-2 1.02993E-2 9.27195E-3 1.03128E-2 1.07162E-2 1.10246E-2 1.01137E-2 9.12959E-3 1.07385E-2 9.94253E-3 1.04774E-2 5.40475E-3 5.5061E-3 5.41232E-3 5.48294E-3 4.85948E-3 5.57506E-3 5.25183E-3 5.0641E-3 6.45563E-3 1.08842E-2 4.85922E-3 4.78008E-3 5.5127E-3 6.31315E-3 1.10641E-2 5.88444E-3 1.02299E-2 5.97894E-3 5.77987E-3 1.12674E-2 1.03736E-2 5.1179E-3 3.63889E-3 5.07935E-3 3.76799E-3 3.45555E-3 3.32456E-3 3.47816E-3 3.65039E-3 3.41456E-3 3.54739E-3 5.49445E-3 6.73044E-3 1.17515E-2 5.81568E-3 6.00258E-3 1.16878E-2 1.09857E-2 6.35318E-3 6.10616E-3 5.71125E-3 5.52971E-3 3.91574E-3 3.65565E-3 3.60302E-3 4.35316E-3 6.35463E-3 5.98517E-3 3.69145E-3 6.33453E-3
1.15774E-2 1.04029E-2 9.94503E-3 1.01706E-2 1.08629E-2 1.08204E-2 1.04771E-2 9.60775E-3 1.04719E-2 1.01639E-2 1.10766E-2 1.00748E-2 1.0749E-2 1.0404E-2 4.88081E-3 4.59095E-3 3.40894E-3 5.85361E-3 1.11103E-2 1.13737E-2 1.04324E-2 4.76387E-3 5.59502E-3 1.10641E-2 6.10831E-3 1.09177E-2 1.06515E-2 1.0753E-2 1.03955E-2 5.3884E-3 5.39571E-3 5.61695E-3 5.58441E-3 5.44784E-3 5.75669E-3 5.50231E-3 5.81317E-3 5.42249E-3 3.6973E-3 3.41414E-3 3.44803E-3 3.8324E-3 6.1062E-3 6.58897E-3 1.16112E-2 1.08293E-2 5.98388E-3 5.98795E-3 6.23977E-3 1.12761E-2 1.11408E-2 1.09685E-2 5.60881E-3 5.5835E-3 5.56088E-3 3.67556E-3 3.61258E-3 3.6504E-3 3.74019E-3 3.62213E-3 3.78951E-3
1.13668E-2 1.09648E-2 1.0195E-2 9.46015E-3 1.0391E-2 1.11042E-2 1.02072E-2 1.01943E-2 1.09272E-2 1.03798E-2 1.0933E-2 1.05679E-2 1.04774E-2 1.06513E-2 5.4418E-3 4.66665E-3 3.30225E-3 5.71611E-3 1.1369E-2 1.13045E-2 1.0547E-2 5.09353E-3 6.12505E-3 6.1056E-3 6.23536E-3 1.09595E-2 1.06874E-2 5.31278E-3 4.97742E-3 4.97578E-3 5.29323E-3 5.68744E-3 5.82613E-3 5.54577E-3 5.39619E-3 6.18361E-3 1.19056E-2 1.12492E-2 6.12507E-3 6.09912E-3 5.30898E-3 3.9564E-3 6.3958E-3 6.59176E-3 6.63712E-3 1.09384E-2 6.01837E-3 5.55954E-3 6.05627E-3 6.39702E-3 6.31631E-3 5.98458E-3 6.03585E-3 5.86371E-3 5.31556E-3 3.75266E-3 3.69819E-3 3.9644E-3 5.87027E-3 5.7498E-3 3.85565E-3
1.00567E-2 9.98109E-3 9.94785E-3 1.052E-2 1.07261E-2 9.85378E-3 1.00226E-2 1.05581E-2 9.78374E-3 1.051E-2 1.08792E-2 9.92725E-3 1.01814E-2 1.07944E-2 9.69321E-3 5.09834E-3 3.46298E-3 5.46479E-3 1.13228E-2 1.06582E-2 5.68048E-3 4.7189E-3 5.07867E-3 6.00361E-3 6.50732E-3 1.12902E-2 1.02131E-2 5.13103E-3 4.78864E-3 5.15243E-3 6.19349E-3 1.15933E-2 1.14619E-2 1.07232E-2 6.09886E-3 5.79373E-3 6.33566E-3 1.0897E-2 1.07401E-2 5.93013E-3 5.71382E-3 5.73454E-3 5.85816E-3 6.37876E-3 6.30156E-3 5.97769E-3 5.88168E-3 5.62983E-3 3.84209E-3 5.76296E-3 5.69716E-3 5.63081E-3 5.39418E-3 5.56088E-3 3.97818E-3 3.73988E-3 5.78982E-3 5.83011E-3 3.92316E-3 3.75989E-3 3.96108E-3
1.01547E-2 1.09185E-2 1.08518E-2 9.91649E-3 9.54259E-3 5.50618E-3 1.07835E-2 1.05146E-2 9.96722E-3 9.68076E-3 1.02213E-2 1.02193E-2 1.03737E-2 9.93913E-3 9.86032E-3 4.9602E-3 5.16549E-3 1.13838E-2 6.12756E-3 1.06515E-2 1.07569E-2 1.01458E-2 6.48011E-3 1.15384E-2 1.08388E-2 1.00474E-2 5.68048E-3 9.7746E-3 5.63998E-3 5.74191E-3 6.19971E-3 6.25327E-3 1.0947E-2 1.01949E-2 5.70094E-3 6.1295E-3 5.79691E-3 5.69655E-3 6.18693E-3 1.07456E-2 5.8506E-3 3.59887E-3 3.62259E-3 4.05103E-3 5.95549E-3 5.56638E-3 3.78378E-3 5.54409E-3 3.84703E-3 4.09218E-3 3.93554E-3 3.72269E-3 5.60354E-3 3.88248E-3 3.75266E-3 3.68537E-3 3.80247E-3 4.09025E-3 6.22715E-3 6.26931E-3 3.87925E-3
1.16384E-2 1.39585E-2 1.09034E-2 5.39369E-3 5.14784E-3 1.06293E-2 1.12442E-2 1.15314E-2 1.11029E-2 1.08615E-2 1.06862E-2 1.01029E-2 1.04552E-2 1.09488E-2 1.07473E-2 5.11839E-3 5.33212E-3 6.47516E-3 6.50005E-3 1.05428E-2 4.88919E-3 4.89173E-3 5.56399E-3 6.14276E-3 6.18399E-3 1.06346E-2 1.11301E-2 1.0663E-2 1.03406E-2 1.03601E-2 1.06839E-2 5.97181E-3 1.09096E-2 1.02342E-2 6.06094E-3 6.12853E-3 6.18629E-3 5.31994E-3 3.7084E-3 5.94077E-3 6.18817E-3 6.07475E-3 3.66917E-3 3.55481E-3 3.70318E-3 3.63929E-3 3.92782E-3 3.94919E-3 3.76503E-3 5.6679E-3 6.60904E-3 6.42256E-3 6.57991E-3 6.78249E-3 5.83228E-3 3.77583E-3 5.72515E-3 4.35486E-3 6.78292E-3 6.18668E-3 5.52966E-3
1.13795E-2 1.13273E-2 5.24067E-3 5.70684E-3 1.10925E-2 1.07685E-2 1.04155E-2 1.05379E-2 1.01061E-2 9.7567E-3 1.00332E-2 1.01282E-2 1.05595E-2 1.04325E-2 1.0518E-2 1.01883E-2 4.7013E-3 5.51862E-3 1.15713E-2 5.2699E-3 4.95415E-3 3.49081E-3 5.65742E-3 6.62987E-3 1.11125E-2 1.09294E-2 1.03702E-2 1.05376E-2 1.03566E-2 1.06351E-2 1.02575E-2 1.07358E-2 1.06228E-2 5.90467E-3 5.94272E-3 5.21227E-3 5.37646E-3 6.04605E-3 3.75188E-3 3.53554E-3 5.71277E-3 6.47336E-3 5.96521E-3 5.34987E-3 5.75358E-3 5.36084E-3 3.77521E-3 5.53106E-3 3.77226E-3 3.59041E-3 3.73037E-3 3.97416E-3 6.15587E-3 5.88372E-3 4.05115E-3 6.50152E-3 6.89868E-3 5.86979E-3 4.07622E-3 6.05631E-3 6.12056E-3
1.0191E-2 5.38983E-3 4.80718E-3 1.136E-2 5.7218E-3 5.78547E-3 6.05359E-3 6.23095E-3 1.08489E-2 1.05045E-2 1.04201E-2 1.00094E-2 9.52608E-3 9.58771E-3 5.57064E-3 5.69538E-3 4.84905E-3 4.88495E-3 6.03271E-3 5.28696E-3 4.75122E-3 3.75182E-3 6.0028E-3 6.44783E-3 6.46048E-3 1.12661E-2 9.7028E-3 5.51907E-3 5.65509E-3 1.05052E-2 6.05561E-3 1.04489E-2 5.61097E-3 1.03087E-2 5.28517E-3 3.43078E-3 3.3701E-3 3.63736E-3 3.62178E-3 3.55747E-3 3.51808E-3 3.58922E-3 3.61417E-3 4.16709E-3 6.59451E-3 6.41116E-3 5.22817E-3 3.74572E-3 3.77178E-3 3.84837E-3 3.88885E-3 3.70144E-3 3.79249E-3 5.81432E-3 6.23674E-3 6.85654E-3 5.87765E-3 5.68951E-3 3.81582E-3 6.54211E-3 6.12012E-3
4.81719E-3 4.81582E-3 5.93889E-3 1.08771E-2 4.96307E-3 6.10903E-3 1.0559E-2 1.12832E-2 1.07522E-2 1.06778E-2 1.01262E-2 9.89496E-3 5.6224E-3 5.46572E-3 5.54657E-3 4.96702E-3 5.14226E-3 5.40017E-3 5.62757E-3 5.82259E-3 5.36167E-3 5.25639E-3 6.59599E-3 6.45051E-3 1.10945E-2 1.12743E-2 1.0095E-2 5.47071E-3 5.74376E-3 5.62176E-3 5.51659E-3 5.50829E-3 5.61868E-3 5.99187E-3 5.38619E-3 3.38084E-3 3.7235E-3 5.30632E-3 5.46938E-3 3.61875E-3 3.74391E-3 5.57799E-3 5.59732E-3 3.82077E-3 5.81581E-3 5.6942E-3 5.37495E-3 3.65565E-3 3.86149E-3 3.73967E-3 3.5473E-3 3.98151E-3 4.28635E-3 7.20815E-3 7.33708E-3 7.13288E-3 6.50156E-3 3.5937E-3 3.72108E-3 4.2796E-3 6.1896E-3
