Artocarpus heterophyllus SDM files/MIS19/results (with bias file)/Arthet_5.asc
ncols         625
nrows         721
xllcorner     69.99986311115
yllcorner     5.99986187915
cellsize      0.041666667
NODATA_value  -9999
[rows 594 to 620 of 721, columns 122 to 182 of 625]
-9999 -9999 -9999 -9999 -9999 -9999 -9999 -9999 -9999 -9999 -9999 -9999 -9999 -9999 -9999 -9999 8.143E-1 8.09804E-1 7.98528E-1 7.86453E-1 7.88134E-1 7.92317E-1 8.03453E-1 7.8534E-1 7.78638E-1 7.2478E-1 6.53865E-1 6.69289E-1 7.5912E-1 7.70717E-1 7.75812E-1 7.61064E-1 7.68717E-1 7.14962E-1 2.82695E-1 2.76356E-1 6.16311E-1 7.31836E-1 7.89029E-1 8.49058E-1 6.46048E-1 5.66793E-1 5.34431E-1 5.07288E-1 4.88901E-1 4.7423E-1 4.39565E-1 4.59665E-1 5.19155E-1 4.33391E-1 4.3064E-1 3.39368E-1 3.32348E-1 3.61833E-1 3.82423E-1 3.7439E-1 5.39349E-1 3.87098E-1 5.05224E-1 4.73851E-1 5.06523E-1
-9999 -9999 -9999 -9999 -9999 -9999 -9999 -9999 -9999 -9999 -9999 -9999 -9999 -9999 -9999 -9999 8.10248E-1 8.05575E-1 7.92578E-1 7.91605E-1 7.95559E-1 7.92873E-1 7.85724E-1 7.90527E-1 7.77963E-1 7.56913E-1 7.50247E-1 7.57169E-1 7.64997E-1 7.75599E-1 7.76479E-1 8.45706E-1 6.95293E-1 2.68728E-1 2.64563E-1 2.86683E-1 2.71604E-1 7.66238E-1 7.43037E-1 6.17438E-1 5.99303E-1 5.82241E-1 4.85756E-1 4.63633E-1 5.77336E-1 4.50701E-1 4.27472E-1 4.43501E-1 4.39022E-1 4.22565E-1 3.51737E-1 3.55458E-1 3.7846E-1 3.83621E-1 3.91522E-1 5.03688E-1 5.39211E-1 4.92403E-1 4.22366E-1 3.83159E-1 5.00226E-1
-9999 -9999 -9999 -9999 -9999 -9999 -9999 -9999 -9999 -9999 -9999 -9999 -9999 -9999 -9999 -9999 8.04416E-1 8.024E-1 8.00982E-1 8.10637E-1 7.95926E-1 7.74243E-1 7.66696E-1 7.80234E-1 7.75123E-1 7.74293E-1 7.7471E-1 7.74057E-1 7.77732E-1 7.82158E-1 7.7897E-1 8.61967E-1 7.19313E-1 6.30072E-1 7.03584E-1 6.17541E-1 6.68559E-1 7.22687E-1 6.96159E-1 5.92951E-1 6.45965E-1 4.57886E-1 4.84687E-1 5.77607E-1 4.79278E-1 4.46883E-1 4.48693E-1 4.40502E-1 4.21853E-1 4.13214E-1 3.33806E-1 3.47746E-1 4.80622E-1 3.69585E-1 3.76831E-1 5.04574E-1 5.2692E-1 5.1764E-1 4.94225E-1 3.78981E-1 5.03201E-1
-9999 -9999 -9999 -9999 -9999 -9999 -9999 -9999 -9999 -9999 -9999 -9999 -9999 -9999 -9999 -9999 -9999 8.04757E-1 8.05287E-1 8.00093E-1 7.96852E-1 7.76315E-1 7.67325E-1 7.71226E-1 7.76568E-1 7.7299E-1 7.71362E-1 7.74737E-1 7.83264E-1 7.77468E-1 7.88954E-1 8.0182E-1 8.09805E-1 6.68462E-1 6.56171E-1 7.05731E-1 6.59986E-1 6.729E-1 6.28102E-1 6.9845E-1 7.72243E-1 5.4506E-1 6.36445E-1 5.33267E-1 5.72276E-1 5.66975E-1 4.38924E-1 4.22037E-1 4.5972E-1 4.45956E-1 4.32017E-1 4.3561E-1 4.87998E-1 4.80607E-1 4.82721E-1 5.20707E-1 5.27979E-1 4.86683E-1 4.75354E-1 4.83634E-1 5.31962E-1
-9999 -9999 -9999 -9999 -9999 -9999 -9999 -9999 -9999 -9999 -9999 -9999 -9999 -9999 -9999 -9999 -9999 8.0124E-1 8.07432E-1 8.00015E-1 8.00702E-1 7.90722E-1 7.60365E-1 7.65003E-1 7.71706E-1 7.7502E-1 7.70105E-1 7.76083E-1 7.79193E-1 7.85072E-1 7.83617E-1 8.49372E-1 8.21181E-1 7.06282E-1 5.84776E-1 5.99369E-1 6.39916E-1 6.60939E-1 6.71084E-1 6.98079E-1 6.46423E-1 6.9322E-1 5.30237E-1 5.39587E-1 5.65369E-1 5.6421E-1 5.44113E-1 5.26819E-1 4.45003E-1 4.42917E-1 4.35507E-1 4.26994E-1 4.32693E-1 4.20898E-1 4.67045E-1 4.56983E-1 4.56013E-1 3.20996E-1 4.61899E-1 3.13484E-1 4.723E-1
-9999 -9999 -9999 -9999 -9999 -9999 -9999 -9999 -9999 -9999 -9999 -9999 -9999 -9999 -9999 -9999 -9999 -9999 8.01309E-1 7.99361E-1 7.96207E-1 7.9957E-1 7.68943E-1 7.58104E-1 7.61077E-1 7.87121E-1 7.60086E-1 7.75068E-1 7.79964E-1 7.82471E-1 7.93729E-1 7.78091E-1 7.90626E-1 7.13904E-1 6.45064E-1 6.1052E-1 7.54226E-1 6.40514E-1 7.39007E-1 6.8041E-1 7.0814E-1 6.14195E-1 4.88856E-1 5.62123E-1 5.5887E-1 5.54566E-1 5.23232E-1 4.42437E-1 4.23257E-1 4.25369E-1 4.20863E-1 4.13523E-1 4.17859E-1 4.17891E-1 5.83705E-1 4.11631E-1 4.16104E-1 2.8174E-1 2.40742E-1 4.54167E-1 2.89046E-1
-9999 -9999 -9999 -9999 -9999 -9999 -9999 -9999 -9999 -9999 -9999 -9999 -9999 -9999 -9999 -9999 -9999 -9999 8.00169E-1 7.94338E-1 7.98434E-1 7.95331E-1 7.89747E-1 7.84751E-1 7.84971E-1 7.79156E-1 7.7701E-1 7.70117E-1 7.78446E-1 7.81295E-1 7.87053E-1 7.8722E-1 7.75419E-1 7.71528E-1 7.65464E-1 7.23505E-1 7.53181E-1 6.6191E-1 7.43924E-1 6.84195E-1 6.18954E-1 5.4535E-1 4.92036E-1 5.3443E-1 4.23005E-1 5.31339E-1 5.29218E-1 4.21708E-1 4.26451E-1 4.19996E-1 4.14501E-1 4.05112E-1 4.02802E-1 4.10556E-1 5.80954E-1 4.45809E-1 4.39575E-1 3.11145E-1 4.57116E-1 4.64801E-1 4.35558E-1
-9999 -9999 -9999 -9999 -9999 -9999 -9999 -9999 -9999 -9999 -9999 -9999 -9999 -9999 -9999 -9999 -9999 -9999 8.03709E-1 8.03439E-1 8.01604E-1 7.96988E-1 7.893E-1 7.90463E-1 7.83026E-1 7.81843E-1 7.8195E-1 7.94574E-1 8.49171E-1 7.63082E-1 7.77572E-1 7.88535E-1 7.80496E-1 7.85473E-1 7.83903E-1 7.83458E-1 7.76225E-1 7.59219E-1 7.42836E-1 6.74403E-1 5.56963E-1 4.64362E-1 4.48003E-1 5.51283E-1 4.50439E-1 4.41977E-1 4.24966E-1 4.32888E-1 4.01116E-1 4.13346E-1 4.09334E-1 4.14452E-1 2.26707E-1 4.11891E-1 4.45826E-1 4.48632E-1 4.6282E-1 4.67386E-1 3.3909E-1 4.72602E-1 4.75015E-1
-9999 -9999 -9999 -9999 -9999 -9999 -9999 -9999 -9999 -9999 -9999 -9999 -9999 -9999 -9999 -9999 -9999 -9999 -9999 7.98465E-1 8.01334E-1 8.04423E-1 7.92417E-1 7.81732E-1 7.85547E-1 7.76737E-1 7.8564E-1 7.8317E-1 7.88651E-1 7.81797E-1 7.81175E-1 7.79309E-1 7.85367E-1 7.80344E-1 7.86029E-1 7.80276E-1 7.9315E-1 7.37279E-1 6.2741E-1 6.57897E-1 5.27741E-1 6.17034E-1 4.5663E-1 3.91492E-1 4.22195E-1 4.37213E-1 4.54077E-1 4.63834E-1 4.39489E-1 4.2958E-1 4.32839E-1 4.29789E-1 4.06021E-1 4.04976E-1 4.05303E-1 2.38023E-1 1.70877E-1 1.72783E-1 1.75378E-1 3.1123E-1 3.4605E-1
-9999 -9999 -9999 -9999 -9999 -9999 -9999 -9999 -9999 -9999 -9999 -9999 -9999 -9999 -9999 -9999 -9999 -9999 -9999 8.87421E-1 8.01832E-1 8.04764E-1 8.01835E-1 7.75436E-1 7.79526E-1 7.79535E-1 7.86957E-1 7.95786E-1 7.95389E-1 7.91729E-1 7.95584E-1 8.55392E-1 7.86545E-1 7.9083E-1 7.91148E-1 7.74499E-1 8.12265E-1 6.11996E-1 7.46446E-1 7.01304E-1 6.53264E-1 6.85007E-1 4.71908E-1 5.06323E-1 3.82577E-1 4.01341E-1 3.9028E-1 3.69335E-1 4.74197E-1 4.77099E-1 4.62691E-1 4.86885E-1 4.4843E-1 4.44926E-1 4.09121E-1 2.83139E-1 2.77551E-1 2.88752E-1 4.24558E-1 1.71156E-1 3.29242E-1
-9999 -9999 -9999 -9999 -9999 -9999 -9999 -9999 -9999 -9999 -9999 -9999 -9999 -9999 -9999 -9999 -9999 -9999 -9999 8.89641E-1 7.96179E-1 7.96009E-1 8.02645E-1 7.90908E-1 7.93453E-1 8.01821E-1 8.00883E-1 7.95587E-1 8.0663E-1 8.59279E-1 8.60058E-1 8.58097E-1 7.88652E-1 7.89502E-1 7.90602E-1 7.81349E-1 7.70253E-1 6.94418E-1 6.3296E-1 6.344E-1 7.20465E-1 6.36047E-1 5.98041E-1 5.9918E-1 5.98597E-1 4.92008E-1 3.76668E-1 4.8508E-1 6.07398E-1 4.46218E-1 3.14005E-1 2.01359E-1 3.04979E-1 1.62028E-1 1.93844E-1 2.89503E-1 4.19154E-1 4.24843E-1 2.46892E-1 1.55277E-1 2.48577E-1
-9999 -9999 -9999 -9999 -9999 -9999 -9999 -9999 -9999 -9999 -9999 -9999 -9999 -9999 -9999 -9999 -9999 -9999 -9999 7.99359E-1 8.02343E-1 8.04154E-1 8.08303E-1 7.99418E-1 7.99821E-1 8.03677E-1 8.03207E-1 7.95812E-1 7.98726E-1 8.62349E-1 7.91834E-1 7.84524E-1 7.85168E-1 7.83824E-1 7.83997E-1 7.77069E-1 6.96926E-1 6.94308E-1 6.42649E-1 6.44176E-1 6.48478E-1 6.55159E-1 6.58316E-1 6.7842E-1 6.80003E-1 6.01853E-1 4.28068E-1 5.00302E-1 5.01125E-1 4.56651E-1 4.32107E-1 1.67092E-1 1.66958E-1 2.63706E-1 1.45514E-1 2.42388E-1 4.19031E-1 2.86995E-1 2.50271E-1 2.41314E-1 2.42433E-1
-9999 -9999 -9999 -9999 -9999 -9999 -9999 -9999 -9999 -9999 -9999 -9999 -9999 -9999 -9999 -9999 -9999 -9999 -9999 8.03703E-1 8.04375E-1 8.02007E-1 8.09999E-1 8.0796E-1 8.00711E-1 8.02808E-1 8.0176E-1 8.0437E-1 8.07945E-1 7.96255E-1 7.8713E-1 7.90984E-1 7.96656E-1 7.85609E-1 7.88214E-1 7.89644E-1 7.81113E-1 7.81057E-1 6.99074E-1 6.47559E-1 6.48978E-1 6.56308E-1 6.55712E-1 6.64501E-1 6.7188E-1 6.20839E-1 4.95035E-1 4.13052E-1 5.10019E-1 4.56882E-1 4.44519E-1 2.52356E-1 1.61972E-1 1.64002E-1 1.49111E-1 2.31622E-1 1.47477E-1 2.34947E-1 2.38266E-1 3.73793E-1 4.48455E-1
-9999 -9999 -9999 -9999 -9999 -9999 -9999 -9999 -9999 -9999 -9999 -9999 -9999 -9999 -9999 -9999 -9999 -9999 -9999 -9999 8.09196E-1 8.00539E-1 8.07482E-1 8.05741E-1 8.16165E-1 8.71815E-1 8.66724E-1 8.67145E-1 8.61874E-1 8.00493E-1 8.69357E-1 8.56872E-1 8.60747E-1 8.55717E-1 8.54239E-1 7.91125E-1 7.8489E-1 7.86953E-1 7.04179E-1 7.0416E-1 6.42004E-1 6.4555E-1 6.02388E-1 6.1226E-1 6.22526E-1 6.30618E-1 6.15799E-1 5.0688E-1 3.84882E-1 4.58191E-1 3.05873E-1 2.45171E-1 2.64498E-1 2.47333E-1 2.41494E-1 2.18285E-1 2.39335E-1 2.3073E-1 2.37408E-1 2.43242E-1 4.48987E-1
-9999 -9999 -9999 -9999 -9999 -9999 -9999 -9999 -9999 -9999 -9999 -9999 -9999 -9999 -9999 -9999 -9999 -9999 -9999 -9999 8.09663E-1 8.06148E-1 8.05424E-1 8.15992E-1 8.17411E-1 8.09752E-1 8.10502E-1 8.04593E-1 8.6249E-1 8.55343E-1 8.66372E-1 8.57786E-1 7.91011E-1 8.63018E-1 8.59638E-1 8.52856E-1 7.87163E-1 7.86304E-1 7.83211E-1 7.00358E-1 6.98943E-1 6.50299E-1 5.58148E-1 6.06904E-1 6.15496E-1 6.28025E-1 6.37314E-1 5.68639E-1 4.22949E-1 5.00348E-1 4.68356E-1 2.48486E-1 2.77081E-1 4.52556E-1 2.91172E-1 2.4432E-1 2.21527E-1 2.19993E-1 2.67164E-1 2.94594E-1 2.99797E-1
-9999 -9999 -9999 -9999 -9999 -9999 -9999 -9999 -9999 -9999 -9999 -9999 -9999 -9999 -9999 -9999 -9999 -9999 -9999 -9999 -9999 8.12321E-1 8.07172E-1 8.10693E-1 8.05951E-1 8.17718E-1 8.17266E-1 8.77068E-1 8.74967E-1 8.6184E-1 8.44597E-1 8.55793E-1 8.54681E-1 8.57587E-1 8.61636E-1 8.55411E-1 8.594E-1 8.56581E-1 7.8593E-1 7.88662E-1 7.33173E-1 7.33199E-1 5.49546E-1 5.57391E-1 6.08668E-1 6.20928E-1 6.32361E-1 6.43531E-1 4.95542E-1 5.13646E-1 4.70496E-1 4.67231E-1 4.5914E-1 4.49212E-1 2.67842E-1 1.67876E-1 2.51896E-1 2.50894E-1 2.49451E-1 4.09238E-1 3.04314E-1
-9999 -9999 -9999 -9999 -9999 -9999 -9999 -9999 -9999 -9999 -9999 -9999 -9999 -9999 -9999 -9999 -9999 -9999 -9999 -9999 -9999 8.14457E-1 8.17804E-1 8.11626E-1 8.05951E-1 8.13189E-1 8.15867E-1 8.87467E-1 8.69229E-1 8.7714E-1 8.43691E-1 8.40729E-1 8.51295E-1 8.59153E-1 8.62985E-1 8.56829E-1 8.61038E-1 8.14661E-1 8.11327E-1 8.1508E-1 7.33811E-1 6.84338E-1 7.59108E-1 6.01339E-1 6.09506E-1 5.71916E-1 6.29839E-1 6.44427E-1 5.90558E-1 5.52485E-1 5.81737E-1 4.50627E-1 5.47195E-1 5.3525E-1 2.68066E-1 2.64478E-1 3.04999E-1 2.5443E-1 3.08812E-1 4.16191E-1 3.19866E-1
-9999 -9999 -9999 -9999 -9999 -9999 -9999 -9999 -9999 -9999 -9999 -9999 -9999 -9999 -9999 -9999 -9999 -9999 -9999 -9999 -9999 -9999 8.19388E-1 8.17131E-1 8.08631E-1 8.16649E-1 8.16849E-1 8.31053E-1 8.84996E-1 8.72204E-1 8.64917E-1 8.54889E-1 8.50333E-1 8.51378E-1 8.67545E-1 8.27033E-1 8.67753E-1 7.70898E-1 7.05298E-1 7.26313E-1 7.42662E-1 5.93001E-1 5.987E-1 6.07327E-1 6.1471E-1 6.25261E-1 5.81072E-1 5.9309E-1 6.1279E-1 6.12731E-1 4.83775E-1 5.65805E-1 5.86809E-1 5.74938E-1 5.48839E-1 4.84538E-1 5.5075E-1 3.17711E-1 4.63458E-1 3.39118E-1 3.15436E-1
-9999 -9999 -9999 -9999 -9999 -9999 -9999 -9999 -9999 -9999 -9999 -9999 -9999 -9999 -9999 -9999 -9999 -9999 -9999 -9999 -9999 -9999 8.19284E-1 8.77417E-1 8.15595E-1 8.80245E-1 8.86386E-1 8.89935E-1 8.89743E-1 8.91359E-1 8.91842E-1 8.72437E-1 8.2497E-1 7.69559E-1 8.62938E-1 8.66701E-1 8.66501E-1 7.84378E-1 7.29151E-1 7.32674E-1 7.31366E-1 6.20559E-1 6.069E-1 6.1997E-1 6.16E-1 6.21001E-1 6.33131E-1 6.5096E-1 5.89705E-1 6.09537E-1 5.49509E-1 4.65186E-1 5.9611E-1 5.82385E-1 5.7013E-1 5.81573E-1 5.82094E-1 4.59092E-1 4.74514E-1 4.42672E-1 3.33836E-1
-9999 -9999 -9999 -9999 -9999 -9999 -9999 -9999 -9999 -9999 -9999 -9999 -9999 -9999 -9999 -9999 -9999 -9999 -9999 -9999 -9999 -9999 -9999 8.79798E-1 8.78735E-1 8.78789E-1 8.86796E-1 8.87467E-1 8.91229E-1 9.04325E-1 8.93919E-1 8.71777E-1 7.85813E-1 7.58326E-1 7.60237E-1 8.70032E-1 8.35642E-1 7.33952E-1 7.14784E-1 7.44834E-1 7.51988E-1 7.30718E-1 7.55425E-1 7.66531E-1 6.19892E-1 6.18664E-1 7.33027E-1 6.54438E-1 6.63805E-1 5.17104E-1 5.59539E-1 6.00935E-1 5.01089E-1 5.89591E-1 5.82526E-1 6.10067E-1 6.12801E-1 5.73249E-1 5.75728E-1 4.49491E-1 3.48622E-1
-9999 -9999 -9999 -9999 -9999 -9999 -9999 -9999 -9999 -9999 -9999 -9999 -9999 -9999 -9999 -9999 -9999 -9999 -9999 -9999 -9999 -9999 -9999 8.84543E-1 8.85725E-1 8.83552E-1 8.85768E-1 8.89915E-1 8.91382E-1 8.99622E-1 8.92016E-1 8.91346E-1 8.71324E-1 8.70258E-1 8.85055E-1 8.01253E-1 8.39469E-1 7.41472E-1 7.13052E-1 7.53717E-1 7.63206E-1 7.53042E-1 7.50368E-1 7.49673E-1 7.6264E-1 7.20292E-1 6.55983E-1 6.64606E-1 7.07169E-1 7.76709E-1 7.82527E-1 5.05366E-1 6.07028E-1 5.93387E-1 5.28785E-1 6.37629E-1 6.221E-1 5.93868E-1 5.90094E-1 4.44836E-1 3.60254E-1
-9999 -9999 -9999 -9999 -9999 -9999 -9999 -9999 -9999 -9999 -9999 -9999 -9999 -9999 -9999 -9999 -9999 -9999 -9999 -9999 -9999 -9999 -9999 -9999 8.89552E-1 8.82727E-1 8.85431E-1 8.87405E-1 8.93421E-1 8.95094E-1 9.00165E-1 9.04078E-1 9.01767E-1 8.96406E-1 9.07182E-1 8.59857E-1 7.78164E-1 7.51633E-1 7.54761E-1 7.59279E-1 7.70668E-1 7.64659E-1 7.65312E-1 7.61708E-1 7.72935E-1 7.50794E-1 7.88949E-1 6.80429E-1 7.51197E-1 8.46421E-1 8.06841E-1 5.15994E-1 4.70327E-1 6.70711E-1 6.27203E-1 6.35822E-1 6.10685E-1 5.87962E-1 5.9428E-1 4.93599E-1 5.16629E-1
-9999 -9999 -9999 -9999 -9999 -9999 -9999 -9999 -9999 -9999 -9999 -9999 -9999 -9999 -9999 -9999 -9999 -9999 -9999 -9999 -9999 -9999 -9999 -9999 8.90946E-1 8.89456E-1 8.90856E-1 8.91457E-1 8.98052E-1 8.98584E-1 9.00053E-1 8.95198E-1 9.04399E-1 9.04852E-1 9.04637E-1 8.49292E-1 7.67635E-1 7.72775E-1 7.65829E-1 7.32711E-1 7.12147E-1 7.27565E-1 7.59031E-1 7.56422E-1 7.81502E-1 7.74769E-1 7.5124E-1 7.35014E-1 7.47367E-1 8.32554E-1 6.73659E-1 5.70822E-1 5.63605E-1 6.76118E-1 6.79179E-1 6.87652E-1 6.29882E-1 5.90021E-1 5.78382E-1 7.00297E-1 7.76755E-1
-9999 -9999 -9999 -9999 -9999 -9999 -9999 -9999 -9999 -9999 -9999 -9999 -9999 -9999 -9999 -9999 -9999 -9999 -9999 -9999 -9999 -9999 -9999 -9999 8.91307E-1 8.92101E-1 8.94963E-1 8.95491E-1 8.99247E-1 8.97703E-1 9.02997E-1 9.06123E-1 9.14226E-1 9.06555E-1 8.13972E-1 8.90154E-1 8.56203E-1 8.10889E-1 8.02294E-1 7.85509E-1 7.59543E-1 7.50774E-1 7.41866E-1 7.73679E-1 7.84867E-1 7.73738E-1 7.67068E-1 7.45848E-1 7.66571E-1 8.86819E-1 7.68932E-1 6.24229E-1 6.3507E-1 9.16319E-1 8.20335E-1 9.4756E-1 7.72447E-1 8.43572E-1 6.14581E-1 8.95895E-1 8.78069E-1
-9999 -9999 -9999 -9999 -9999 -9999 -9999 -9999 -9999 -9999 -9999 -9999 -9999 -9999 -9999 -9999 -9999 -9999 -9999 -9999 -9999 -9999 -9999 -9999 -9999 8.94973E-1 8.94013E-1 8.98213E-1 9.01046E-1 8.98647E-1 9.05195E-1 9.10967E-1 9.17165E-1 8.75439E-1 8.70689E-1 8.63547E-1 8.3534E-1 7.8341E-1 7.85229E-1 7.80462E-1 7.87782E-1 7.88234E-1 7.88036E-1 7.77975E-1 7.80982E-1 7.90335E-1 7.78488E-1 7.55194E-1 7.47494E-1 8.36285E-1 7.89387E-1 8.5233E-1 6.21961E-1 7.57288E-1 9.24773E-1 8.5081E-1 7.69984E-1 9.10432E-1 6.89479E-1 7.98245E-1 7.36753E-1
-9999 -9999 -9999 -9999 -9999 -9999 -9999 -9999 -9999 -9999 -9999 -9999 -9999 -9999 -9999 -9999 -9999 -9999 -9999 -9999 -9999 -9999 -9999 -9999 -9999 9.00436E-1 8.98048E-1 8.9898E-1 9.02248E-1 9.02245E-1 9.08641E-1 9.083E-1 9.1339E-1 8.81572E-1 8.35273E-1 8.79103E-1 8.05557E-1 7.41925E-1 7.48389E-1 7.65362E-1 7.61358E-1 7.61243E-1 7.73075E-1 7.50668E-1 7.62471E-1 7.9251E-1 7.71024E-1 6.95789E-1 7.24446E-1 7.99195E-1 7.19209E-1 8.783E-1 8.88469E-1 7.85388E-1 8.67788E-1 5.45592E-1 5.29632E-1 8.55664E-1 7.90244E-1 7.49796E-1 6.18235E-1
-9999 -9999 -9999 -9999 -9999 -9999 -9999 -9999 -9999 -9999 -9999 -9999 -9999 -9999 -9999 -9999 -9999 -9999 -9999 -9999 -9999 -9999 -9999 -9999 -9999 8.98997E-1 9.00484E-1 9.00788E-1 9.01686E-1 9.05907E-1 9.07606E-1 9.11121E-1 8.82131E-1 8.87306E-1 8.51349E-1 8.53923E-1 8.48313E-1 7.97808E-1 7.9263E-1 8.01872E-1 7.92774E-1 7.86632E-1 7.83241E-1 7.97102E-1 7.62221E-1 7.65553E-1 7.46147E-1 6.9673E-1 7.61869E-1 7.38544E-1 8.12392E-1 8.5753E-1 8.88299E-1 7.86848E-1 8.56008E-1 4.69552E-1 8.84548E-1 8.13726E-1 6.5189E-1 5.30898E-1 6.66082E-1
