Artocarpus heterophyllus SDM files/MIS19/results (with bias file)/Arthet_2.asc
ncols         625
nrows         721
xllcorner     69.99986311115
yllcorner     5.99986187915
cellsize      0.041666667
NODATA_value  -9999
[rows 81 to 107 of 721, columns 427 to 487 of 625]
1.01543E-2 1.1797E-2 1.1369E-2 1.11591E-2 1.10024E-2 1.05931E-2 1.02591E-2 9.01661E-3 1.09117E-2 1.12748E-2 1.10075E-2 1.05851E-2 1.04739E-2 1.06421E-2 9.93042E-3 9.27334E-3 1.03667E-2 1.22317E-2 1.23384E-2 1.18661E-2 1.20469E-2 1.1886E-2 1.16048E-2 1.15675E-2 1.11498E-2 1.03893E-2 1.0411E-2 9.5845E-3 9.96121E-3 9.86654E-3 1.04044E-2 1.01268E-2 1.10713E-2 1.08934E-2 1.05624E-2 1.13053E-2 1.13154E-2 1.00476E-2 9.80912E-3 1.01513E-2 1.05856E-2 1.0331E-2 1.00898E-2 1.10409E-2 1.10059E-2 1.07458E-2 9.99319E-3 9.9587E-3 1.07078E-2 1.09623E-2 1.07658E-2 9.79919E-3 9.80435E-3 9.42192E-3 1.03451E-2 1.05117E-2 9.41847E-3 9.60832E-3 1.06544E-2 9.39717E-3 1.04279E-2
1.06443E-2 1.11351E-2 1.13015E-2 1.06906E-2 1.07019E-2 9.67715E-3 1.00484E-2 9.51655E-3 1.19783E-2 1.18339E-2 1.11554E-2 1.09596E-2 1.02737E-2 9.91208E-3 1.02036E-2 1.02496E-2 9.85277E-3 1.02145E-2 1.11378E-2 1.04263E-2 1.05783E-2 1.17716E-2 1.19818E-2 1.18488E-2 1.09272E-2 1.11378E-2 5.68929E-3 5.56744E-3 9.63674E-3 1.03941E-2 1.01628E-2 1.04101E-2 5.58131E-3 1.01775E-2 1.02594E-2 5.52198E-3 5.85489E-3 9.99952E-3 1.07361E-2 1.14056E-2 1.17213E-2 1.05158E-2 9.9263E-3 9.49024E-3 5.70673E-3 1.05911E-2 1.13624E-2 9.8263E-3 9.64594E-3 1.00871E-2 1.07394E-2 1.00086E-2 9.58712E-3 9.6463E-3 1.01038E-2 1.06913E-2 1.05086E-2 1.011E-2 1.09057E-2 1.11509E-2 1.02645E-2
1.06455E-2 1.10522E-2 9.99818E-3 1.05655E-2 9.55745E-3 9.46286E-3 9.77713E-3 5.20624E-3 1.0973E-2 1.2005E-2 1.1465E-2 1.05516E-2 9.94276E-3 9.65661E-3 9.93569E-3 9.68168E-3 9.42315E-3 5.38602E-3 5.43914E-3 5.56353E-3 9.85467E-3 1.11217E-2 1.20652E-2 1.21057E-2 1.02353E-2 5.30928E-3 5.34398E-3 9.81083E-3 1.14427E-2 1.16596E-2 1.10318E-2 9.80766E-3 5.68052E-3 5.64511E-3 5.19598E-3 5.40131E-3 1.0457E-2 1.05232E-2 1.02019E-2 1.13954E-2 1.1749E-2 1.15506E-2 1.11646E-2 1.06145E-2 1.02298E-2 1.04679E-2 1.09153E-2 1.15322E-2 1.14554E-2 1.1031E-2 9.82059E-3 1.07788E-2 1.08748E-2 1.06181E-2 1.11307E-2 1.12751E-2 1.04413E-2 5.99205E-3 1.14531E-2 1.16774E-2 1.11227E-2
1.0873E-2 1.07216E-2 1.01694E-2 1.00239E-2 9.21441E-3 9.73247E-3 9.62397E-3 5.23108E-3 9.82283E-3 1.20491E-2 1.13794E-2 1.12844E-2 9.79625E-3 9.72585E-3 9.53696E-3 1.02907E-2 1.06158E-2 9.50664E-3 5.4483E-3 5.3763E-3 5.36968E-3 1.07532E-2 1.24275E-2 1.27724E-2 1.17404E-2 5.53686E-3 1.03251E-2 1.2309E-2 1.257E-2 1.20181E-2 1.15407E-2 1.13476E-2 1.12273E-2 1.05199E-2 5.33151E-3 5.81499E-3 1.03092E-2 1.1539E-2 1.16038E-2 1.18755E-2 1.07656E-2 1.10171E-2 9.75988E-3 1.10713E-2 5.52839E-3 5.85583E-3 1.0679E-2 1.09661E-2 1.11202E-2 1.07853E-2 1.17391E-2 1.03845E-2 6.08237E-3 5.49515E-3 5.2104E-3 5.46279E-3 5.42579E-3 5.62943E-3 6.20889E-3 6.07434E-3 1.10643E-2
1.09866E-2 1.01387E-2 9.8956E-3 9.90506E-3 9.65999E-3 1.01078E-2 5.56654E-3 5.29889E-3 9.84127E-3 1.18576E-2 1.17153E-2 1.06539E-2 1.01426E-2 9.8356E-3 1.031E-2 1.05349E-2 1.01991E-2 9.66063E-3 5.55923E-3 5.80442E-3 5.53197E-3 5.93961E-3 1.12289E-2 1.15749E-2 1.13323E-2 5.87329E-3 6.11252E-3 1.14886E-2 1.2262E-2 1.21973E-2 1.17427E-2 1.11329E-2 1.09219E-2 1.04992E-2 5.40452E-3 5.60963E-3 1.07757E-2 1.26643E-2 1.23375E-2 1.1781E-2 1.05947E-2 1.196E-2 1.04262E-2 1.09317E-2 1.00458E-2 5.67362E-3 1.11485E-2 1.22539E-2 1.14431E-2 1.05542E-2 5.92344E-3 5.1872E-3 4.81734E-3 4.79159E-3 4.89145E-3 4.99565E-3 5.15449E-3 5.20932E-3 5.1803E-3 5.64557E-3 5.70333E-3
1.02247E-2 9.69992E-3 9.83758E-3 1.00125E-2 1.03312E-2 5.78876E-3 5.19447E-3 5.16627E-3 1.12401E-2 1.19981E-2 1.10794E-2 9.89649E-3 1.02899E-2 1.05033E-2 1.04897E-2 1.03512E-2 1.05594E-2 1.06059E-2 1.04995E-2 1.02975E-2 5.53438E-3 5.46038E-3 5.64567E-3 5.75185E-3 5.5313E-3 5.47183E-3 5.80992E-3 6.04611E-3 1.11375E-2 1.04614E-2 5.72352E-3 5.55956E-3 5.38413E-3 5.11548E-3 5.24005E-3 5.30278E-3 1.16636E-2 1.25894E-2 5.95724E-3 5.85499E-3 1.14111E-2 1.20344E-2 6.34303E-3 1.2278E-2 1.07326E-2 6.00428E-3 5.94019E-3 5.58487E-3 5.48851E-3 5.13866E-3 4.49901E-3 4.73359E-3 4.8237E-3 4.57847E-3 4.66161E-3 5.19857E-3 6.35315E-3 6.28737E-3 6.05405E-3 1.14531E-2 1.18461E-2
9.6627E-3 9.54526E-3 1.00234E-2 1.08739E-2 1.01167E-2 5.49663E-3 5.18771E-3 5.72073E-3 1.2478E-2 1.11933E-2 1.03845E-2 1.02759E-2 1.11448E-2 1.08556E-2 1.01215E-2 1.02036E-2 1.04918E-2 1.13653E-2 1.13702E-2 1.01929E-2 5.57212E-3 5.48975E-3 5.40156E-3 5.6672E-3 6.11722E-3 1.09173E-2 1.14148E-2 1.08782E-2 1.26805E-2 1.21267E-2 1.12723E-2 1.0406E-2 5.186E-3 4.95338E-3 5.62651E-3 6.13705E-3 1.296E-2 1.2386E-2 1.22738E-2 6.35682E-3 5.95206E-3 6.24641E-3 5.26508E-3 6.26097E-3 1.15877E-2 1.10133E-2 1.11633E-2 6.43085E-3 6.18572E-3 5.23635E-3 5.38864E-3 5.59512E-3 4.4748E-3 5.45151E-3 1.22214E-2 1.21005E-2 1.34761E-2 1.24864E-2 1.26871E-2 1.27887E-2 1.30157E-2
9.59546E-3 9.95335E-3 9.82769E-3 1.01562E-2 5.37984E-3 5.28664E-3 5.48747E-3 1.12508E-2 1.23785E-2 1.03432E-2 1.05954E-2 1.12964E-2 1.07123E-2 1.03432E-2 1.07478E-2 1.08772E-2 1.04728E-2 1.15286E-2 1.15782E-2 1.06096E-2 5.72967E-3 5.52635E-3 5.49655E-3 1.1225E-2 1.32323E-2 1.26391E-2 1.22189E-2 1.18225E-2 1.25273E-2 1.22792E-2 1.21587E-2 1.05759E-2 5.15701E-3 5.44031E-3 1.10889E-2 1.13928E-2 6.03405E-3 6.11664E-3 6.35865E-3 6.01741E-3 5.26643E-3 5.19479E-3 1.23185E-2 1.17481E-2 1.1152E-2 6.31252E-3 5.81574E-3 5.37911E-3 6.00066E-3 6.70311E-3 1.27546E-2 6.02113E-3 5.09739E-3 5.77528E-3 6.89807E-3 1.15044E-2 1.17374E-2 1.19881E-2 6.66815E-3 1.12806E-2 6.21004E-3
9.80463E-3 1.01387E-2 5.6145E-3 5.42349E-3 5.35114E-3 1.03226E-2 1.09564E-2 1.24399E-2 1.18648E-2 1.051E-2 1.18413E-2 1.11921E-2 1.11126E-2 1.10437E-2 1.0799E-2 1.12298E-2 1.0516E-2 1.15893E-2 1.08188E-2 6.05514E-3 5.48173E-3 5.57593E-3 5.80777E-3 1.30217E-2 1.29052E-2 1.174E-2 1.1942E-2 1.17811E-2 1.29E-2 1.10684E-2 1.29695E-2 1.07177E-2 1.14246E-2 1.30644E-2 1.23856E-2 1.15362E-2 6.08487E-3 5.43389E-3 5.11985E-3 4.95661E-3 5.54841E-3 6.85229E-3 1.1927E-2 6.63569E-3 6.13772E-3 5.80005E-3 5.24303E-3 4.90866E-3 5.00192E-3 6.30626E-3 1.32337E-2 1.28673E-2 6.76986E-3 1.24875E-2 1.24608E-2 6.27121E-3 6.1026E-3 6.5839E-3 6.09566E-3 1.19576E-2 1.28331E-2
1.10503E-2 1.06059E-2 5.26531E-3 5.35063E-3 1.02812E-2 1.19802E-2 1.18476E-2 1.10703E-2 1.17718E-2 1.01894E-2 1.11824E-2 1.19512E-2 1.13102E-2 1.11273E-2 1.21352E-2 1.13416E-2 1.19111E-2 1.15434E-2 1.09695E-2 5.81771E-3 5.60189E-3 5.66712E-3 6.36421E-3 1.37742E-2 1.35669E-2 1.13295E-2 1.05247E-2 6.12814E-3 1.13291E-2 5.9157E-3 6.084E-3 1.15822E-2 1.32997E-2 1.37061E-2 1.29695E-2 1.22395E-2 1.1103E-2 6.0759E-3 1.16001E-2 6.77306E-3 1.22378E-2 1.22881E-2 6.21363E-3 5.15868E-3 5.36402E-3 6.84188E-3 1.25739E-2 6.65368E-3 5.83124E-3 5.35743E-3 5.89679E-3 6.42652E-3 6.50473E-3 6.6993E-3 6.63309E-3 6.03803E-3 5.79937E-3 5.9144E-3 6.45889E-3 1.35482E-2 1.25653E-2
1.14752E-2 1.06052E-2 1.03345E-2 1.12853E-2 1.18476E-2 1.14347E-2 1.08155E-2 1.03956E-2 1.15538E-2 1.17875E-2 1.03345E-2 1.31757E-2 1.19844E-2 1.15369E-2 1.26367E-2 1.14907E-2 1.15129E-2 5.86806E-3 1.06052E-2 1.11617E-2 6.06621E-3 5.74673E-3 6.32994E-3 1.36978E-2 1.40771E-2 1.17811E-2 5.89466E-3 5.37851E-3 5.31896E-3 6.12675E-3 1.19821E-2 1.15597E-2 1.2626E-2 1.28155E-2 1.25096E-2 1.19523E-2 1.23285E-2 6.51719E-3 7.02458E-3 6.41044E-3 5.43E-3 5.61462E-3 5.79959E-3 4.68292E-3 5.5776E-3 1.3156E-2 1.36106E-2 1.30324E-2 6.75097E-3 5.53334E-3 5.25684E-3 5.53282E-3 5.63301E-3 5.47601E-3 5.42191E-3 5.35663E-3 5.39013E-3 5.31129E-3 4.98069E-3 4.94761E-3 5.05967E-3
5.65524E-3 1.28435E-2 1.29151E-2 1.23553E-2 1.20459E-2 1.14369E-2 1.08311E-2 1.06381E-2 1.12375E-2 1.22573E-2 1.14077E-2 1.27766E-2 1.12841E-2 1.14161E-2 1.30825E-2 1.18654E-2 1.05137E-2 1.15833E-2 1.22605E-2 1.12888E-2 5.82441E-3 5.77667E-3 6.4245E-3 1.32725E-2 1.40388E-2 1.25596E-2 6.09455E-3 6.05425E-3 1.10352E-2 1.24141E-2 1.29034E-2 1.18605E-2 1.16084E-2 6.64138E-3 6.88779E-3 6.2831E-3 6.05805E-3 5.44412E-3 5.33453E-3 5.18529E-3 4.64505E-3 6.9768E-3 1.26247E-2 5.49754E-3 6.39901E-3 1.22353E-2 1.25848E-2 6.65401E-3 6.95754E-3 1.18996E-2 5.87853E-3 5.07523E-3 5.13926E-3 5.12598E-3 5.26328E-3 4.0645E-3 5.05457E-3 5.71635E-3 5.99647E-3 6.06361E-3 6.03925E-3
1.10188E-2 1.40182E-2 1.36042E-2 1.2654E-2 1.17247E-2 1.23409E-2 1.21712E-2 1.10792E-2 6.24895E-3 6.10718E-3 1.1155E-2 1.10653E-2 1.132E-2 1.34821E-2 1.3625E-2 1.27608E-2 1.26194E-2 1.30185E-2 1.23459E-2 6.23214E-3 5.85371E-3 5.90146E-3 6.80817E-3 1.4099E-2 1.47755E-2 1.43799E-2 1.36306E-2 1.17198E-2 5.99812E-3 6.48492E-3 7.03793E-3 6.54424E-3 6.50717E-3 6.4025E-3 6.04919E-3 5.79455E-3 5.76187E-3 6.38454E-3 6.70957E-3 6.83627E-3 1.22695E-2 1.37298E-2 6.50626E-3 6.18733E-3 1.32227E-2 6.33087E-3 5.66052E-3 5.23395E-3 5.67763E-3 6.67932E-3 5.10891E-3 5.22304E-3 6.33443E-3 6.31393E-3 5.85916E-3 6.02375E-3 6.75542E-3 6.39335E-3 1.19098E-2 6.53554E-3 6.14491E-3
1.132E-2 1.30217E-2 1.43692E-2 1.37876E-2 1.22471E-2 1.29031E-2 1.17193E-2 1.08216E-2 6.27399E-3 6.30749E-3 6.69182E-3 1.18682E-2 1.20286E-2 1.31192E-2 1.37756E-2 1.33288E-2 1.26743E-2 1.14399E-2 1.09642E-2 6.09009E-3 5.81029E-3 5.78848E-3 6.63518E-3 1.34602E-2 1.45847E-2 1.43271E-2 1.43271E-2 1.36358E-2 6.7164E-3 5.78678E-3 5.76331E-3 5.97741E-3 6.49773E-3 6.21419E-3 6.02471E-3 1.21451E-2 7.15846E-3 6.2831E-3 5.92778E-3 6.61927E-3 1.47807E-2 1.35333E-2 5.93566E-3 7.06029E-3 1.32652E-2 5.9577E-3 5.86213E-3 6.24808E-3 5.85707E-3 5.28466E-3 5.11644E-3 5.42431E-3 6.88432E-3 6.88861E-3 7.26726E-3 7.01714E-3 1.35507E-2 1.36384E-2 1.24031E-2 1.11659E-2 6.66507E-3
6.47855E-3 1.27183E-2 1.47948E-2 1.42843E-2 1.27176E-2 1.25205E-2 1.11134E-2 6.49825E-3 6.12116E-3 6.1879E-3 6.47689E-3 6.34049E-3 6.6731E-3 1.22244E-2 1.29616E-2 1.13513E-2 1.30445E-2 1.39836E-2 1.42257E-2 1.27955E-2 6.14102E-3 6.31171E-3 1.34254E-2 1.35519E-2 1.28285E-2 1.48461E-2 1.35918E-2 6.41507E-3 5.90556E-3 5.90556E-3 5.9296E-3 5.99256E-3 6.06544E-3 7.0637E-3 1.35255E-2 1.26665E-2 6.75562E-3 5.75362E-3 5.95757E-3 6.27064E-3 7.04176E-3 6.92865E-3 5.97297E-3 5.91644E-3 6.36378E-3 6.63803E-3 1.39719E-2 1.43799E-2 1.38853E-2 1.31642E-2 1.22312E-2 7.04633E-3 1.31019E-2 1.38488E-2 1.34369E-2 1.36684E-2 1.4057E-2 1.41135E-2 1.41417E-2 1.32904E-2 1.38891E-2
6.28041E-3 6.62899E-3 1.19956E-2 1.19473E-2 6.70098E-3 1.13251E-2 6.18085E-3 6.20068E-3 6.28094E-3 6.14102E-3 6.21639E-3 6.24171E-3 6.25444E-3 1.15555E-2 1.31601E-2 1.34452E-2 1.44336E-2 1.343E-2 1.20943E-2 6.57644E-3 6.10655E-3 6.53692E-3 6.39577E-3 6.76911E-3 1.24705E-2 6.86213E-3 6.0852E-3 5.96873E-3 6.14102E-3 6.14102E-3 6.20618E-3 6.35864E-3 6.23083E-3 6.51454E-3 5.77703E-3 5.61541E-3 5.67513E-3 5.75362E-3 5.92446E-3 6.1857E-3 6.11091E-3 6.08619E-3 5.87691E-3 6.20202E-3 1.2902E-2 7.4336E-3 6.59982E-3 1.27805E-2 1.29795E-2 1.29688E-2 1.24833E-2 1.32231E-2 1.36718E-2 1.35623E-2 1.28201E-2 1.3428E-2 1.30961E-2 1.37326E-2 1.41554E-2 7.12328E-3 6.93124E-3
1.33742E-2 1.33759E-2 1.2883E-2 1.30183E-2 1.13709E-2 6.08137E-3 6.03597E-3 6.28139E-3 6.18489E-3 6.23006E-3 6.19503E-3 6.19503E-3 6.17751E-3 6.36629E-3 6.30749E-3 6.70968E-3 6.41066E-3 6.63958E-3 6.43482E-3 6.31831E-3 6.05707E-3 6.10655E-3 6.06845E-3 6.0605E-3 7.21146E-3 6.60616E-3 5.86653E-3 5.98702E-3 6.19115E-3 6.14102E-3 6.20618E-3 6.40074E-3 6.41049E-3 1.27991E-2 7.16769E-3 6.08942E-3 5.59239E-3 5.60638E-3 5.79122E-3 5.79122E-3 5.88294E-3 5.82067E-3 6.29405E-3 5.86807E-3 5.46859E-3 6.11823E-3 6.40632E-3 6.1025E-3 6.21324E-3 6.21324E-3 6.23843E-3 6.26372E-3 6.26064E-3 6.81166E-3 6.19395E-3 6.64855E-3 6.15728E-3 7.48954E-3 6.78971E-3 6.11634E-3 5.67686E-3
6.13684E-3 6.2533E-3 6.20267E-3 6.54665E-3 1.29849E-2 1.37914E-2 6.43495E-3 1.26416E-2 6.45472E-3 6.34209E-3 6.23535E-3 6.26072E-3 6.59527E-3 6.54842E-3 1.32094E-2 1.17727E-2 1.22085E-2 6.63958E-3 6.27877E-3 6.29467E-3 6.26087E-3 6.38944E-3 6.3377E-3 6.28638E-3 6.85208E-3 1.45753E-2 7.07831E-3 6.34399E-3 6.2671E-3 6.28231E-3 6.30789E-3 6.23145E-3 6.18101E-3 1.34893E-2 1.57319E-2 1.4038E-2 1.26154E-2 6.20491E-3 5.81477E-3 5.83842E-3 6.59061E-3 5.6976E-3 5.66581E-3 5.8354E-3 6.04432E-3 5.69607E-3 5.54418E-3 6.19303E-3 7.62166E-3 7.56029E-3 5.88614E-3 5.67551E-3 5.73387E-3 5.62745E-3 5.67318E-3 5.84868E-3 5.89375E-3 6.19554E-3 6.04717E-3 5.8161E-3 5.62298E-3
6.13684E-3 6.27674E-3 6.20478E-3 6.11196E-3 6.70968E-3 1.26208E-2 1.32713E-2 1.41416E-2 1.35782E-2 1.36026E-2 1.31307E-2 1.47866E-2 1.39592E-2 1.39031E-2 1.35708E-2 1.27955E-2 1.15874E-2 1.18875E-2 6.3979E-3 6.47642E-3 6.66106E-3 6.60714E-3 6.55365E-3 6.84188E-3 7.09666E-3 7.37849E-3 6.5006E-3 6.24168E-3 6.35936E-3 6.33357E-3 6.25683E-3 6.15594E-3 6.08134E-3 6.32321E-3 1.28668E-2 1.51591E-2 7.37533E-3 7.0609E-3 1.32875E-2 1.50335E-2 1.31101E-2 1.24229E-2 5.65697E-3 6.49195E-3 1.47452E-2 1.26066E-2 5.42439E-3 5.07782E-3 5.8337E-3 6.52994E-3 6.0219E-3 7.51506E-3 1.31477E-2 5.52872E-3 5.30153E-3 5.59413E-3 5.25348E-3 5.57772E-3 5.69156E-3 5.97175E-3 5.97175E-3
6.25594E-3 6.14691E-3 6.76431E-3 6.25594E-3 1.42769E-2 1.56815E-2 1.4849E-2 1.31035E-2 1.27392E-2 6.70313E-3 6.47925E-3 1.18708E-2 6.29267E-3 1.3702E-2 1.45675E-2 1.35708E-2 1.24576E-2 6.53922E-3 6.23202E-3 6.33424E-3 6.32032E-3 6.26087E-3 6.28638E-3 1.24173E-2 6.31826E-3 6.20053E-3 6.33421E-3 6.36002E-3 6.45364E-3 6.42746E-3 6.34955E-3 6.24713E-3 6.22178E-3 6.2369E-3 6.13631E-3 5.99788E-3 6.01255E-3 6.67129E-3 6.65123E-3 7.4815E-3 1.5136E-2 7.28263E-3 6.42242E-3 7.51126E-3 1.40418E-2 1.40599E-2 7.45366E-3 5.67042E-3 4.1141E-3 5.51169E-3 5.7185E-3 5.97687E-3 6.05655E-3 6.32936E-3 6.65018E-3 6.89635E-3 5.86327E-3 5.99128E-3 6.59716E-3 7.43408E-3 1.36808E-2
1.12784E-2 1.13861E-2 1.42196E-2 1.30036E-2 1.3076E-2 1.51046E-2 1.49062E-2 1.39197E-2 1.20292E-2 6.29267E-3 6.20672E-3 6.27877E-3 6.22029E-3 6.26279E-3 1.20129E-2 6.89319E-3 6.96772E-3 1.19021E-2 6.5559E-3 6.60943E-3 6.36206E-3 6.35371E-3 6.3796E-3 1.25691E-2 6.81415E-3 6.2829E-3 6.2829E-3 6.2829E-3 6.37541E-3 6.37541E-3 6.32379E-3 6.36495E-3 6.31342E-3 6.2369E-3 6.2116E-3 6.11142E-3 5.98845E-3 6.16089E-3 6.67829E-3 6.0518E-3 7.26165E-3 6.46489E-3 5.69409E-3 7.04783E-3 6.83304E-3 7.333E-3 1.32808E-2 6.29624E-3 5.0838E-3 4.13574E-3 4.23851E-3 6.27185E-3 6.31586E-3 7.25795E-3 1.28816E-2 1.24414E-2 1.23098E-2 1.26818E-2 1.41645E-2 1.43938E-2 1.41943E-2
1.23066E-2 1.13861E-2 1.16185E-2 6.46101E-3 6.70153E-3 1.18061E-2 6.45997E-3 6.53922E-3 1.18229E-2 1.20646E-2 6.49683E-3 1.39527E-2 1.3303E-2 1.18146E-2 6.22331E-3 6.28139E-3 1.22896E-2 6.62038E-3 6.34812E-3 6.28488E-3 6.28488E-3 6.25117E-3 6.27665E-3 6.2258E-3 6.20053E-3 6.12532E-3 6.02646E-3 6.00199E-3 6.10045E-3 6.20672E-3 6.32379E-3 6.36495E-3 6.31342E-3 6.2369E-3 6.2369E-3 6.3031E-3 6.12632E-3 6.12598E-3 6.90636E-3 6.00284E-3 6.01778E-3 6.13253E-3 5.70813E-3 5.70027E-3 5.75338E-3 6.72513E-3 7.38843E-3 6.04634E-3 6.26787E-3 5.57582E-3 4.12638E-3 6.03209E-3 7.31123E-3 1.40808E-2 1.45891E-2 1.40575E-2 6.30039E-3 5.95875E-3 5.92624E-3 6.91504E-3 6.95218E-3
1.29219E-2 6.68529E-3 6.39584E-3 6.3558E-3 6.43377E-3 6.43377E-3 6.3558E-3 6.45014E-3 6.28292E-3 6.27989E-3 1.30657E-2 1.32644E-2 1.3004E-2 1.38177E-2 1.36812E-2 1.36026E-2 1.44249E-2 6.53922E-3 6.20672E-3 6.3501E-3 6.27305E-3 6.24758E-3 6.10842E-3 6.12358E-3 6.15833E-3 6.94244E-3 1.21884E-2 6.86974E-3 6.06606E-3 6.27305E-3 6.39139E-3 6.39139E-3 6.40687E-3 6.32919E-3 6.25245E-3 6.38041E-3 6.44811E-3 6.32827E-3 7.33973E-3 5.49837E-3 5.53438E-3 5.60228E-3 5.73137E-3 5.72347E-3 6.04061E-3 7.35216E-3 1.43862E-2 1.44812E-2 1.43428E-2 1.32509E-2 6.66666E-3 5.80605E-3 5.45637E-3 6.70802E-3 6.88148E-3 6.4916E-3 5.96715E-3 5.7229E-3 5.8524E-3 6.29352E-3 6.69895E-3
1.176E-2 6.28828E-3 6.27877E-3 6.38168E-3 6.38168E-3 6.54373E-3 6.38598E-3 6.33002E-3 1.17885E-2 1.28938E-2 1.40199E-2 1.3975E-2 1.35344E-2 1.14537E-2 6.49613E-3 1.13709E-2 6.56366E-3 6.25742E-3 6.89138E-3 1.21745E-2 6.43814E-3 6.36352E-3 1.25902E-2 1.28262E-2 1.23878E-2 1.63061E-2 1.59724E-2 7.24226E-3 6.06606E-3 6.22221E-3 6.36545E-3 6.33961E-3 6.31387E-3 6.30351E-3 6.2018E-3 6.27754E-3 6.32877E-3 6.7876E-3 7.59288E-3 6.15748E-3 5.23621E-3 5.44511E-3 5.54803E-3 5.51202E-3 5.80029E-3 6.47248E-3 1.32628E-2 1.393E-2 1.45576E-2 1.48465E-2 1.48092E-2 1.34014E-2 1.18921E-2 5.85879E-3 7.33797E-3 1.34013E-2 1.20969E-2 6.25497E-3 5.95137E-3 5.87608E-3 5.54094E-3
6.39219E-3 6.07787E-3 6.20267E-3 6.2533E-3 6.45137E-3 6.2121E-3 6.52326E-3 1.23869E-2 1.26876E-2 1.28729E-2 1.41752E-2 1.44772E-2 1.42271E-2 1.47641E-2 1.38459E-2 1.20484E-2 6.36989E-3 6.43377E-3 1.18061E-2 1.49713E-2 1.423E-2 6.73617E-3 6.3377E-3 6.51067E-3 6.25117E-3 1.31383E-2 7.28915E-3 6.06235E-3 6.02467E-3 6.07215E-3 6.12177E-3 6.26272E-3 6.27792E-3 6.2018E-3 6.17663E-3 6.3031E-3 6.27709E-3 6.7876E-3 7.5923E-3 7.63393E-3 6.21727E-3 5.8172E-3 5.84087E-3 5.60232E-3 5.4734E-3 6.20555E-3 7.16131E-3 7.6007E-3 1.41177E-2 1.56241E-2 1.57397E-2 1.60604E-2 1.47933E-2 1.22722E-2 1.41441E-2 1.39232E-2 1.21775E-2 7.08199E-3 6.56988E-3 6.90784E-3 6.52544E-3
6.27674E-3 6.21639E-3 6.21639E-3 6.40873E-3 1.17569E-2 1.15526E-2 1.20636E-2 1.09881E-2 1.1257E-2 1.14621E-2 1.10405E-2 1.06697E-2 6.15673E-3 1.1053E-2 1.20441E-2 6.22141E-3 6.26374E-3 1.17441E-2 6.5137E-3 6.38598E-3 6.58261E-3 6.5559E-3 6.18343E-3 6.23395E-3 7.31881E-3 1.43606E-2 1.43364E-2 1.49648E-2 6.27305E-3 1.31728E-2 6.59185E-3 6.16165E-3 6.17687E-3 6.17663E-3 6.1864E-3 6.32877E-3 6.73272E-3 6.85318E-3 7.2428E-3 7.57234E-3 7.28208E-3 6.92674E-3 6.10871E-3 5.97685E-3 5.51804E-3 5.45121E-3 6.29129E-3 7.31842E-3 7.36893E-3 1.30777E-2 1.37604E-2 1.50694E-2 1.59301E-2 1.52257E-2 1.49233E-2 1.64194E-2 1.55931E-2 1.55848E-2 1.45617E-2 1.48768E-2 1.42694E-2
6.44306E-3 6.68253E-3 6.28621E-3 1.39592E-2 1.48585E-2 1.33436E-2 1.25758E-2 1.28831E-2 1.12625E-2 1.2268E-2 1.17142E-2 1.08196E-2 1.08252E-2 1.08954E-2 6.16535E-3 6.0409E-3 1.37688E-2 1.48036E-2 7.01444E-3 1.22907E-2 6.75284E-3 1.41542E-2 6.73617E-3 6.32431E-3 7.03924E-3 1.27744E-2 6.59707E-3 7.0287E-3 6.03171E-3 5.95848E-3 5.91613E-3 6.03759E-3 5.86809E-3 5.94014E-3 6.01285E-3 6.53722E-3 6.51073E-3 6.27709E-3 7.4809E-3 1.38527E-2 6.87232E-3 6.07763E-3 6.17694E-3 7.09071E-3 6.28487E-3 5.59458E-3 5.59216E-3 6.37024E-3 6.72184E-3 6.72836E-3 6.47098E-3 7.24256E-3 7.74647E-3 1.34773E-2 7.77779E-3 1.49199E-2 1.44072E-2 1.44712E-2 1.51282E-2 1.43304E-2 1.43152E-2
