Artocarpus heterophyllus SDM files/MIS19/results (with bias file)/Arthet_3.asc
ncols         625
nrows         721
xllcorner     69.99986311115
yllcorner     5.99986187915
cellsize      0.041666667
NODATA_value  -9999
[rows 459 to 485 of 721, columns 61 to 121 of 625]
-9999 -9999 -9999 -9999 -9999 -9999 -9999 -9999 -9999 -9999 -9999 -9999 -9999 -9999 -9999 -9999 -9999 8.97191E-1 9.27533E-1 9.09777E-1 9.08501E-1 7.2252E-1 9.14372E-1 8.76141E-1 9.10721E-1 9.07157E-1 8.85012E-1 9.17549E-1 9.06397E-1 8.43408E-1 8.07435E-1 6.71745E-1 4.85619E-1 4.55342E-1 5.02458E-1 4.11883E-1 4.04575E-1 4.46981E-1 3.75554E-1 3.81773E-1 3.80856E-1 3.89743E-1 3.80869E-1 3.47492E-1 2.76799E-1 2.46805E-1 2.22447E-1 2.0656E-1 1.93452E-1 2.06594E-1 2.03536E-1 1.9486E-1 1.80603E-1 1.72966E-1 1.87621E-1 1.59677E-1 1.18681E-1 7.82576E-2 7.22906E-2 1.15515E-1 1.7658E-1
-9999 -9999 -9999 -9999 -9999 -9999 -9999 -9999 -9999 -9999 -9999 -9999 -9999 -9999 -9999 -9999 -9999 9.10254E-1 9.26827E-1 9.16191E-1 7.5203E-1 9.04972E-1 9.00827E-1 9.01855E-1 9.22157E-1 9.18195E-1 9.40588E-1 9.13882E-1 9.01728E-1 8.35354E-1 8.64981E-1 8.28078E-1 6.59468E-1 5.80573E-1 5.59923E-1 4.15355E-1 5.11467E-1 4.56031E-1 4.92079E-1 4.92801E-1 5.12685E-1 5.05001E-1 4.36361E-1 3.04626E-1 2.71006E-1 2.50623E-1 2.24352E-1 2.08033E-1 1.98986E-1 2.08907E-1 1.89471E-1 1.8443E-1 1.76599E-1 1.76391E-1 1.81256E-1 1.4532E-1 1.34768E-1 1.24081E-1 7.71607E-2 7.4173E-2 1.6584E-1
-9999 -9999 -9999 -9999 -9999 -9999 -9999 -9999 -9999 -9999 -9999 -9999 -9999 -9999 -9999 -9999 -9999 -9999 9.20469E-1 9.20427E-1 7.56195E-1 8.96519E-1 7.24178E-1 9.1069E-1 9.0256E-1 9.06033E-1 9.17015E-1 7.51503E-1 8.19054E-1 8.47852E-1 8.66152E-1 7.53585E-1 8.25652E-1 6.21372E-1 6.32478E-1 6.2877E-1 5.58913E-1 5.13883E-1 4.86441E-1 5.01791E-1 5.18204E-1 4.66807E-1 4.98385E-1 4.88568E-1 3.26877E-1 2.93831E-1 2.75377E-1 2.00423E-1 1.85289E-1 1.83601E-1 1.76065E-1 1.82018E-1 1.921E-1 1.96225E-1 1.6228E-1 1.37526E-1 1.34381E-1 1.30352E-1 1.155E-1 7.46166E-2 1.74187E-1
-9999 -9999 -9999 -9999 -9999 -9999 -9999 -9999 -9999 -9999 -9999 -9999 -9999 -9999 -9999 -9999 -9999 -9999 9.14455E-1 9.29412E-1 7.71185E-1 9.09399E-1 9.07467E-1 9.04974E-1 9.15769E-1 9.00679E-1 9.05058E-1 9.02932E-1 9.07298E-1 6.85968E-1 8.57667E-1 8.40948E-1 6.17999E-1 5.68199E-1 4.91901E-1 4.81563E-1 4.45313E-1 4.62528E-1 3.94873E-1 4.71629E-1 3.64433E-1 3.61716E-1 4.54743E-1 5.0252E-1 3.58092E-1 3.54864E-1 2.50907E-1 1.97463E-1 1.88792E-1 1.8119E-1 1.68424E-1 1.75608E-1 1.91343E-1 2.30226E-1 1.42385E-1 1.3728E-1 1.31196E-1 1.35751E-1 1.11732E-1 1.72742E-1 2.01286E-1
-9999 -9999 -9999 -9999 -9999 -9999 -9999 -9999 -9999 -9999 -9999 -9999 -9999 -9999 -9999 -9999 -9999 -9999 9.30735E-1 9.14981E-1 9.10829E-1 7.2961E-1 7.48373E-1 7.31421E-1 9.03078E-1 8.84691E-1 9.23259E-1 9.33544E-1 9.22934E-1 9.26265E-1 8.58088E-1 7.9363E-1 6.55525E-1 6.04775E-1 6.66288E-1 5.46926E-1 5.12221E-1 5.03476E-1 4.79296E-1 4.28611E-1 4.62769E-1 4.3461E-1 4.30347E-1 4.77142E-1 4.80759E-1 3.16629E-1 2.53244E-1 2.16129E-1 1.85322E-1 1.91342E-1 1.79335E-1 1.68867E-1 2.2225E-1 1.96381E-1 1.50514E-1 1.29374E-1 1.3222E-1 1.23286E-1 1.17222E-1 1.82078E-1 1.42415E-1
-9999 -9999 -9999 -9999 -9999 -9999 -9999 -9999 -9999 -9999 -9999 -9999 -9999 -9999 -9999 -9999 -9999 -9999 9.18131E-1 7.91003E-1 8.00814E-1 7.66495E-1 7.78879E-1 9.119E-1 8.94713E-1 8.93546E-1 9.32853E-1 9.12236E-1 8.96454E-1 7.82228E-1 8.73583E-1 8.56353E-1 8.51041E-1 6.95292E-1 6.11117E-1 4.85367E-1 5.53632E-1 4.13065E-1 4.49392E-1 4.83722E-1 4.89671E-1 5.03538E-1 5.00841E-1 4.33468E-1 4.11171E-1 3.87177E-1 2.47845E-1 2.27529E-1 2.06153E-1 1.97338E-1 1.95134E-1 1.77646E-1 2.22247E-1 1.71332E-1 1.49322E-1 1.28123E-1 1.38168E-1 1.18451E-1 1.18436E-1 1.28206E-1 1.47196E-1
-9999 -9999 -9999 -9999 -9999 -9999 -9999 -9999 -9999 -9999 -9999 -9999 -9999 -9999 -9999 -9999 -9999 -9999 9.17802E-1 7.69455E-1 8.03013E-1 8.11679E-1 7.59936E-1 9.24012E-1 9.1488E-1 9.00706E-1 9.02768E-1 8.89585E-1 8.98213E-1 8.06863E-1 8.62613E-1 8.3877E-1 8.46179E-1 6.6375E-1 7.17651E-1 6.41524E-1 5.65747E-1 4.21894E-1 4.81232E-1 4.91475E-1 5.16291E-1 5.19403E-1 4.68974E-1 4.49944E-1 3.73039E-1 3.20976E-1 3.41836E-1 2.78518E-1 2.51336E-1 1.98664E-1 1.85291E-1 1.7349E-1 1.81152E-1 1.54769E-1 1.44151E-1 1.33836E-1 1.3164E-1 1.27272E-1 1.24852E-1 1.24196E-1 1.40243E-1
-9999 -9999 -9999 -9999 -9999 -9999 -9999 -9999 -9999 -9999 -9999 -9999 -9999 -9999 -9999 -9999 -9999 -9999 9.20223E-1 9.196E-1 9.12305E-1 7.65123E-1 9.14125E-1 8.15186E-1 7.20305E-1 9.06343E-1 8.90974E-1 9.37082E-1 9.18891E-1 8.72591E-1 6.86621E-1 6.64138E-1 8.73012E-1 7.94277E-1 6.86812E-1 6.92411E-1 5.72388E-1 4.17653E-1 4.54911E-1 5.02716E-1 5.03154E-1 4.8775E-1 4.03053E-1 4.5436E-1 4.41081E-1 4.11351E-1 3.71604E-1 2.30234E-1 2.25651E-1 2.07764E-1 1.8443E-1 1.80261E-1 1.79663E-1 1.55735E-1 1.50937E-1 1.5836E-1 1.28345E-1 1.25907E-1 1.28868E-1 1.19305E-1 1.24286E-1
-9999 -9999 -9999 -9999 -9999 -9999 -9999 -9999 -9999 -9999 -9999 -9999 -9999 -9999 -9999 -9999 -9999 -9999 9.11919E-1 9.09042E-1 9.16559E-1 8.1834E-1 8.13677E-1 7.90716E-1 8.95327E-1 9.15486E-1 9.1844E-1 9.25292E-1 9.09332E-1 8.58444E-1 6.94421E-1 6.50308E-1 8.00105E-1 7.48295E-1 7.12252E-1 5.25133E-1 5.92659E-1 4.32227E-1 5.2472E-1 4.93107E-1 4.63139E-1 4.22902E-1 4.60645E-1 4.73361E-1 4.77195E-1 4.17932E-1 3.4763E-1 2.88527E-1 2.57278E-1 2.39171E-1 2.20632E-1 1.77348E-1 1.67422E-1 1.59352E-1 1.55715E-1 2.09843E-1 1.39586E-1 1.41347E-1 1.24362E-1 7.89101E-2 7.94743E-2
-9999 -9999 -9999 -9999 -9999 -9999 -9999 -9999 -9999 -9999 -9999 -9999 -9999 -9999 -9999 -9999 -9999 -9999 9.16101E-1 9.41496E-1 9.1864E-1 7.63327E-1 9.14576E-1 9.19865E-1 9.15208E-1 8.91308E-1 9.22503E-1 8.87737E-1 7.86366E-1 8.57256E-1 7.0133E-1 6.90385E-1 8.19126E-1 8.14763E-1 6.95051E-1 5.14102E-1 5.58704E-1 5.50225E-1 5.02974E-1 4.85261E-1 4.93397E-1 4.89278E-1 5.02002E-1 5.16198E-1 4.86709E-1 4.38061E-1 4.12887E-1 3.76186E-1 3.08503E-1 2.60277E-1 2.12019E-1 2.24912E-1 2.3535E-1 2.1512E-1 1.71387E-1 1.97941E-1 2.05256E-1 1.35996E-1 7.97608E-2 7.88698E-2 8.08834E-2
-9999 -9999 -9999 -9999 -9999 -9999 -9999 -9999 -9999 -9999 -9999 -9999 -9999 -9999 -9999 -9999 -9999 -9999 9.15052E-1 9.08386E-1 9.13072E-1 9.11664E-1 9.14212E-1 7.97077E-1 7.2278E-1 9.18035E-1 8.95284E-1 7.97483E-1 7.93256E-1 8.7099E-1 8.66373E-1 6.68736E-1 8.10161E-1 8.30799E-1 6.76486E-1 5.10858E-1 6.58949E-1 5.65994E-1 5.1174E-1 5.17474E-1 4.92904E-1 4.64671E-1 4.58522E-1 4.74763E-1 4.80563E-1 4.72563E-1 4.85721E-1 4.20802E-1 3.49814E-1 2.60797E-1 2.29862E-1 2.26619E-1 2.34423E-1 2.37011E-1 1.99299E-1 1.94131E-1 1.95671E-1 1.25292E-1 1.21803E-1 8.12303E-2 1.30184E-1
-9999 -9999 -9999 -9999 -9999 -9999 -9999 -9999 -9999 -9999 -9999 -9999 -9999 -9999 -9999 -9999 -9999 -9999 -9999 9.13562E-1 9.15768E-1 9.22522E-1 9.28707E-1 8.03644E-1 7.88876E-1 8.98658E-1 9.02686E-1 9.3224E-1 7.96495E-1 8.02428E-1 8.66035E-1 6.74677E-1 8.11386E-1 8.18284E-1 6.17333E-1 5.89159E-1 6.8901E-1 4.91879E-1 5.77632E-1 5.1644E-1 4.69532E-1 4.66576E-1 4.70431E-1 4.87844E-1 5.04979E-1 5.10116E-1 4.49524E-1 4.70798E-1 3.98893E-1 3.09272E-1 2.44512E-1 2.24931E-1 2.23022E-1 2.37106E-1 2.1777E-1 1.8968E-1 1.64664E-1 1.29898E-1 1.36625E-1 1.33922E-1 8.53112E-2
-9999 -9999 -9999 -9999 -9999 -9999 -9999 -9999 -9999 -9999 -9999 -9999 -9999 -9999 -9999 -9999 -9999 -9999 -9999 9.46242E-1 9.08909E-1 9.01704E-1 9.20331E-1 9.16504E-1 7.55208E-1 9.34416E-1 9.04016E-1 9.02532E-1 9.20577E-1 8.53244E-1 6.92339E-1 6.96433E-1 8.5551E-1 8.36765E-1 7.05693E-1 6.41988E-1 6.14509E-1 5.67112E-1 5.10506E-1 4.85372E-1 4.91631E-1 4.76943E-1 4.83838E-1 4.97938E-1 5.08684E-1 5.13798E-1 4.96208E-1 4.90299E-1 4.03966E-1 3.4598E-1 2.5345E-1 2.29132E-1 2.44519E-1 2.54671E-1 2.33023E-1 1.4532E-1 1.35181E-1 1.36328E-1 1.338E-1 1.39534E-1 8.01883E-2
-9999 -9999 -9999 -9999 -9999 -9999 -9999 -9999 -9999 -9999 -9999 -9999 -9999 -9999 -9999 -9999 -9999 -9999 -9999 9.33967E-1 9.05169E-1 9.08199E-1 9.12607E-1 9.16438E-1 7.47872E-1 9.00961E-1 9.2245E-1 9.02664E-1 8.0404E-1 8.4158E-1 8.69061E-1 6.90369E-1 8.29695E-1 7.96085E-1 7.33422E-1 6.62732E-1 7.32211E-1 5.70161E-1 5.08532E-1 5.45399E-1 5.05357E-1 4.71197E-1 4.71016E-1 5.00963E-1 5.11558E-1 5.1983E-1 5.33564E-1 4.86472E-1 3.61157E-1 2.89828E-1 2.61138E-1 2.2909E-1 2.21255E-1 2.48084E-1 2.11333E-1 1.47835E-1 1.42776E-1 1.38042E-1 1.34608E-1 1.30563E-1 8.35481E-2
-9999 -9999 -9999 -9999 -9999 -9999 -9999 -9999 -9999 -9999 -9999 -9999 -9999 -9999 -9999 -9999 -9999 -9999 -9999 -9999 8.97867E-1 9.51106E-1 9.51452E-1 9.1382E-1 9.18058E-1 8.96432E-1 8.848E-1 9.00444E-1 9.10801E-1 8.68165E-1 8.77835E-1 7.05818E-1 8.80566E-1 9.1189E-1 8.51228E-1 8.20117E-1 7.29851E-1 4.77237E-1 5.91467E-1 5.52477E-1 4.84761E-1 4.61967E-1 4.66682E-1 4.86343E-1 4.90951E-1 4.81506E-1 5.01131E-1 4.80631E-1 4.7104E-1 3.63685E-1 2.98262E-1 2.41933E-1 2.16349E-1 2.20693E-1 2.25827E-1 2.01054E-1 1.68916E-1 1.42789E-1 1.38586E-1 1.29812E-1 2.23258E-1
-9999 -9999 -9999 -9999 -9999 -9999 -9999 -9999 -9999 -9999 -9999 -9999 -9999 -9999 -9999 -9999 -9999 -9999 -9999 -9999 9.27982E-1 9.13169E-1 9.02561E-1 9.4642E-1 9.05706E-1 8.93682E-1 8.88385E-1 8.85123E-1 9.24817E-1 8.56264E-1 8.99859E-1 8.92564E-1 6.65585E-1 8.23795E-1 7.81795E-1 7.69834E-1 7.16069E-1 5.13471E-1 6.5924E-1 5.22425E-1 4.86214E-1 4.79051E-1 4.82131E-1 4.83606E-1 4.74225E-1 4.76949E-1 4.95168E-1 4.9618E-1 4.81722E-1 4.16786E-1 3.11201E-1 2.71875E-1 2.49459E-1 2.19256E-1 2.15008E-1 2.01498E-1 1.91346E-1 1.62901E-1 2.54169E-1 2.84931E-1 2.20562E-1
-9999 -9999 -9999 -9999 -9999 -9999 -9999 -9999 -9999 -9999 -9999 -9999 -9999 -9999 -9999 -9999 -9999 -9999 -9999 -9999 9.23862E-1 9.458E-1 9.39017E-1 9.21439E-1 9.1714E-1 9.48004E-1 9.43376E-1 8.9762E-1 8.80399E-1 8.92449E-1 8.80283E-1 9.25918E-1 8.92772E-1 8.6362E-1 8.66032E-1 7.58925E-1 5.61746E-1 6.89409E-1 6.99593E-1 5.44264E-1 5.02953E-1 4.6995E-1 4.65183E-1 4.61684E-1 4.7814E-1 4.93972E-1 5.06396E-1 4.88316E-1 4.43248E-1 4.2423E-1 3.49577E-1 2.87112E-1 2.85811E-1 2.52805E-1 2.1691E-1 2.05798E-1 2.0048E-1 2.74135E-1 3.00041E-1 3.15233E-1 2.18657E-1
-9999 -9999 -9999 -9999 -9999 -9999 -9999 -9999 -9999 -9999 -9999 -9999 -9999 -9999 -9999 -9999 -9999 -9999 -9999 -9999 -9999 9.29407E-1 9.27419E-1 9.42273E-1 9.39282E-1 9.10095E-1 9.40897E-1 9.12323E-1 8.87221E-1 8.86355E-1 8.61168E-1 8.03416E-1 9.17685E-1 8.63927E-1 8.99973E-1 7.56807E-1 6.3234E-1 7.91121E-1 7.15485E-1 5.69529E-1 4.85011E-1 4.73887E-1 4.6045E-1 4.47977E-1 4.92591E-1 5.17826E-1 5.19932E-1 4.70746E-1 4.02186E-1 3.87395E-1 3.53454E-1 3.23889E-1 3.22085E-1 2.93249E-1 2.13417E-1 1.9111E-1 2.88213E-1 3.1081E-1 3.2813E-1 3.39978E-1 2.16344E-1
-9999 -9999 -9999 -9999 -9999 -9999 -9999 -9999 -9999 -9999 -9999 -9999 -9999 -9999 -9999 -9999 -9999 -9999 -9999 -9999 -9999 9.22068E-1 9.35604E-1 9.3594E-1 8.99261E-1 9.36555E-1 9.18701E-1 8.86062E-1 9.20574E-1 9.42625E-1 8.80999E-1 8.58816E-1 8.64615E-1 8.67652E-1 7.92894E-1 8.08309E-1 7.49217E-1 7.30718E-1 6.27227E-1 6.19148E-1 5.34687E-1 4.9474E-1 4.66751E-1 4.71754E-1 5.03313E-1 5.0743E-1 5.23623E-1 4.97897E-1 4.22268E-1 4.02708E-1 3.57026E-1 3.44635E-1 3.45666E-1 3.10229E-1 2.63821E-1 1.96518E-1 2.83607E-1 3.05749E-1 3.29655E-1 3.28174E-1 3.32704E-1
-9999 -9999 -9999 -9999 -9999 -9999 -9999 -9999 -9999 -9999 -9999 -9999 -9999 -9999 -9999 -9999 -9999 -9999 -9999 -9999 -9999 8.97152E-1 9.49134E-1 9.41939E-1 8.97009E-1 9.09747E-1 8.71195E-1 8.97732E-1 9.36494E-1 9.64707E-1 8.67798E-1 8.63553E-1 8.79395E-1 9.30449E-1 9.15921E-1 8.44696E-1 7.79971E-1 6.91879E-1 6.56395E-1 5.45386E-1 5.41667E-1 5.01511E-1 4.66383E-1 4.72751E-1 4.60061E-1 4.79634E-1 5.11012E-1 5.12185E-1 4.6126E-1 5.40667E-1 4.05348E-1 3.35832E-1 3.97447E-1 3.7104E-1 2.73102E-1 2.05763E-1 2.91336E-1 3.21034E-1 3.21383E-1 3.27419E-1 3.36412E-1
-9999 -9999 -9999 -9999 -9999 -9999 -9999 -9999 -9999 -9999 -9999 -9999 -9999 -9999 -9999 -9999 -9999 -9999 -9999 -9999 -9999 9.09888E-1 9.36896E-1 9.67187E-1 9.40606E-1 8.64292E-1 8.59711E-1 9.01096E-1 9.31048E-1 9.81933E-1 8.9797E-1 8.85862E-1 9.20818E-1 8.49453E-1 9.09615E-1 8.99705E-1 8.36646E-1 7.91567E-1 6.41766E-1 5.84447E-1 5.51249E-1 4.79627E-1 4.81632E-1 4.56406E-1 4.5771E-1 4.65929E-1 4.96669E-1 5.10619E-1 5.21698E-1 5.35262E-1 3.77414E-1 3.5687E-1 3.84999E-1 3.19892E-1 2.69339E-1 2.78759E-1 2.14088E-1 3.03829E-1 3.50975E-1 3.36404E-1 2.44092E-1
-9999 -9999 -9999 -9999 -9999 -9999 -9999 -9999 -9999 -9999 -9999 -9999 -9999 -9999 -9999 -9999 -9999 -9999 -9999 -9999 -9999 -9999 9.31632E-1 9.21324E-1 9.45199E-1 9.09075E-1 8.85953E-1 8.83207E-1 9.19009E-1 9.63901E-1 9.70746E-1 9.67362E-1 9.08281E-1 9.01484E-1 9.07419E-1 9.1022E-1 8.77444E-1 7.70267E-1 6.45643E-1 6.56878E-1 5.79386E-1 5.14664E-1 4.84937E-1 4.753E-1 4.55296E-1 4.72387E-1 5.10867E-1 5.35597E-1 5.36361E-1 4.54457E-1 3.98544E-1 3.52099E-1 3.96049E-1 3.99547E-1 2.71113E-1 2.60179E-1 2.30595E-1 3.01295E-1 3.331E-1 3.72615E-1 2.28708E-1
-9999 -9999 -9999 -9999 -9999 -9999 -9999 -9999 -9999 -9999 -9999 -9999 -9999 -9999 -9999 -9999 -9999 -9999 -9999 -9999 -9999 9.37175E-1 9.32921E-1 9.37183E-1 9.36293E-1 9.34234E-1 8.78676E-1 8.6757E-1 8.70116E-1 9.1371E-1 9.72487E-1 8.93384E-1 8.69625E-1 9.00428E-1 8.52699E-1 8.29556E-1 8.13226E-1 7.10906E-1 6.72651E-1 6.11779E-1 5.91556E-1 5.21785E-1 4.91399E-1 4.70703E-1 4.57109E-1 4.7903E-1 5.03758E-1 4.96386E-1 5.09044E-1 5.21385E-1 4.18726E-1 5.7373E-1 4.79179E-1 3.58056E-1 2.70716E-1 2.57858E-1 2.76169E-1 3.16574E-1 3.27813E-1 2.35246E-1 2.07266E-1
-9999 -9999 -9999 -9999 -9999 -9999 -9999 -9999 -9999 -9999 -9999 -9999 -9999 -9999 -9999 -9999 -9999 -9999 -9999 -9999 -9999 -9999 -9999 9.57449E-1 9.51148E-1 9.44305E-1 9.45441E-1 8.87525E-1 8.68723E-1 9.7841E-1 9.67288E-1 8.52125E-1 8.71924E-1 9.03449E-1 8.57627E-1 8.15112E-1 7.9721E-1 7.30541E-1 6.61865E-1 5.76981E-1 5.90144E-1 5.55564E-1 5.11872E-1 4.74725E-1 5.02563E-1 4.98387E-1 4.97208E-1 4.815E-1 5.2946E-1 5.4957E-1 4.33751E-1 6.47349E-1 5.56785E-1 3.56688E-1 2.7842E-1 4.00072E-1 2.89516E-1 2.56696E-1 2.40165E-1 2.02594E-1 1.87965E-1
-9999 -9999 -9999 -9999 -9999 -9999 -9999 -9999 -9999 -9999 -9999 -9999 -9999 -9999 -9999 -9999 -9999 -9999 -9999 -9999 -9999 -9999 9.50335E-1 -9999 9.59346E-1 9.65078E-1 9.53435E-1 9.25489E-1 8.69006E-1 9.31534E-1 9.73791E-1 8.74423E-1 9.08122E-1 8.75874E-1 8.61185E-1 8.37391E-1 8.51111E-1 7.52064E-1 6.66612E-1 6.25299E-1 5.87605E-1 5.49666E-1 4.87618E-1 5.09066E-1 4.88269E-1 4.77646E-1 4.57273E-1 4.85902E-1 4.98163E-1 4.99645E-1 6.51743E-1 5.59514E-1 4.77575E-1 3.39262E-1 3.13703E-1 3.08901E-1 4.0111E-1 3.40391E-1 3.15401E-1 2.29056E-1 1.23354E-1
-9999 -9999 -9999 -9999 -9999 -9999 -9999 -9999 -9999 -9999 -9999 -9999 -9999 -9999 -9999 -9999 -9999 -9999 -9999 -9999 -9999 -9999 -9999 -9999 -9999 9.55103E-1 9.5514E-1 9.42205E-1 8.94229E-1 9.2833E-1 9.17598E-1 8.87288E-1 9.71757E-1 8.81994E-1 8.55454E-1 8.53899E-1 8.27065E-1 8.25725E-1 7.60677E-1 7.06017E-1 6.85552E-1 5.53619E-1 5.05045E-1 4.94556E-1 4.73702E-1 4.78573E-1 4.84908E-1 4.90947E-1 4.95324E-1 5.08851E-1 5.31811E-1 5.45519E-1 4.4319E-1 3.86744E-1 3.73111E-1 3.14563E-1 3.97975E-1 3.0849E-1 3.05804E-1 2.70302E-1 2.51382E-1
-9999 -9999 -9999 -9999 -9999 -9999 -9999 -9999 -9999 -9999 -9999 -9999 -9999 -9999 -9999 -9999 -9999 -9999 -9999 -9999 -9999 -9999 -9999 -9999 -9999 -9999 9.74628E-1 9.63848E-1 9.21789E-1 8.95671E-1 8.66169E-1 8.83052E-1 9.4687E-1 9.78187E-1 8.70318E-1 9.11776E-1 8.78797E-1 7.13584E-1 8.36706E-1 8.31627E-1 7.5051E-1 6.98173E-1 5.94091E-1 5.33808E-1 4.93362E-1 4.98524E-1 4.84385E-1 4.89467E-1 5.03023E-1 5.30112E-1 5.35341E-1 4.91192E-1 4.21966E-1 3.9829E-1 4.23004E-1 3.58994E-1 3.13939E-1 2.87415E-1 2.6361E-1 3.52841E-1 3.46323E-1
