Artocarpus heterophyllus SDM files/MIS19/results (with bias file)/Arthet_8.asc
ncols         625
nrows         721
xllcorner     69.99986311115
yllcorner     5.99986187915
cellsize      0.041666667
NODATA_value  -9999
[rows 459 to 485 of 721, columns 244 to 304 of 625]
5.73469E-1 5.01403E-1 4.80243E-1 5.76028E-1 5.30678E-1 5.61498E-1 6.00626E-1 5.39429E-1 7.19824E-1 6.08469E-1 6.47114E-1 5.49892E-1 5.46098E-1 5.65347E-1 7.12474E-1 6.17744E-1 4.66339E-1 3.26029E-1 3.80213E-1 4.91922E-1 6.08015E-1 6.20677E-1 4.24659E-1 4.76484E-1 5.12951E-1 4.5134E-1 4.36796E-1 4.96506E-1 4.98873E-1 4.82022E-1 5.27964E-1 5.05133E-1 4.85717E-1 4.6754E-1 4.59243E-1 4.37624E-1 4.45311E-1 4.25871E-1 4.16837E-1 4.30463E-1 4.16785E-1 3.95626E-1 3.9999E-1 3.96589E-1 4.05468E-1 4.02221E-1 4.11152E-1 4.21972E-1 4.18463E-1 4.24296E-1 4.60723E-1 -9999 4.50262E-1 -9999 -9999 -9999 -9999 -9999 -9999 -9999 -9999
5.52712E-1 5.16895E-1 4.69424E-1 5.61735E-1 5.37209E-1 5.35864E-1 5.62804E-1 5.65415E-1 7.25604E-1 6.90343E-1 5.9334E-1 5.70924E-1 5.2771E-1 6.70516E-1 7.25339E-1 5.3628E-1 5.11143E-1 4.99977E-1 3.63829E-1 4.03352E-1 4.94188E-1 5.63451E-1 4.61037E-1 4.05099E-1 4.70123E-1 4.50944E-1 4.26384E-1 4.30991E-1 4.60445E-1 4.82896E-1 4.58014E-1 4.65056E-1 4.73531E-1 4.84041E-1 4.34265E-1 4.26933E-1 4.31647E-1 4.2593E-1 4.13437E-1 4.11192E-1 4.10145E-1 4.07735E-1 4.08773E-1 4.06421E-1 4.10948E-1 4.04323E-1 4.17322E-1 4.20654E-1 4.24171E-1 4.655E-1 4.691E-1 4.64802E-1 4.55301E-1 -9999 -9999 -9999 -9999 -9999 -9999 -9999 -9999
5.6064E-1 5.05353E-1 4.72043E-1 5.19422E-1 5.14403E-1 5.52704E-1 5.74687E-1 5.92355E-1 7.23584E-1 7.34843E-1 4.29244E-1 5.11139E-1 5.26518E-1 7.1694E-1 7.519E-1 5.74261E-1 5.01228E-1 5.18803E-1 4.30137E-1 4.40015E-1 4.9837E-1 4.73945E-1 4.48772E-1 4.07412E-1 3.94207E-1 3.89766E-1 4.029E-1 4.21927E-1 4.24229E-1 4.35792E-1 4.33505E-1 4.45058E-1 4.65743E-1 4.38494E-1 4.31532E-1 4.39195E-1 4.31206E-1 4.26629E-1 4.19033E-1 4.0237E-1 4.08887E-1 3.99959E-1 3.89075E-1 4.02038E-1 4.16605E-1 4.22935E-1 4.25185E-1 4.28702E-1 4.29924E-1 4.67863E-1 4.69186E-1 4.78184E-1 4.60831E-1 -9999 -9999 -9999 -9999 -9999 -9999 -9999 -9999
5.59413E-1 5.35127E-1 4.7452E-1 5.1463E-1 5.11961E-1 5.56571E-1 5.73302E-1 6.80812E-1 6.864E-1 7.36302E-1 3.88253E-1 3.539E-1 4.94847E-1 7.00526E-1 7.35789E-1 7.12751E-1 5.25424E-1 5.11453E-1 5.98325E-1 5.5813E-1 4.03574E-1 5.15122E-1 5.03853E-1 4.98752E-1 5.0881E-1 4.87095E-1 5.17561E-1 4.07431E-1 4.18694E-1 4.19377E-1 4.21687E-1 4.31973E-1 4.14512E-1 4.29292E-1 4.33968E-1 4.25972E-1 4.30064E-1 4.25454E-1 4.24297E-1 4.23123E-1 4.06667E-1 3.98864E-1 4.01055E-1 4.06404E-1 4.1828E-1 4.30842E-1 4.30983E-1 4.33383E-1 4.72695E-1 4.765E-1 4.67981E-1 4.86633E-1 4.66724E-1 -9999 -9999 -9999 -9999 -9999 -9999 -9999 -9999
4.85613E-1 5.54477E-1 4.82043E-1 4.67267E-1 5.47743E-1 5.55482E-1 5.49857E-1 7.62866E-1 5.81036E-1 7.71822E-1 3.70836E-1 3.93965E-1 5.40712E-1 7.05979E-1 7.17155E-1 6.36462E-1 5.63174E-1 4.93548E-1 5.44616E-1 5.39528E-1 4.08264E-1 4.72632E-1 4.82334E-1 4.04727E-1 4.68893E-1 4.92418E-1 4.02797E-1 3.83159E-1 4.03768E-1 4.17219E-1 4.19377E-1 4.00332E-1 4.00289E-1 4.18077E-1 4.26672E-1 4.31313E-1 4.26607E-1 4.28903E-1 4.32191E-1 4.16335E-1 4.40244E-1 4.32112E-1 3.98743E-1 4.10914E-1 4.20512E-1 4.33257E-1 4.32128E-1 4.7885E-1 4.76423E-1 4.85026E-1 4.80122E-1 4.81322E-1 4.73957E-1 -9999 -9999 -9999 -9999 -9999 -9999 -9999 -9999
4.09298E-1 5.41636E-1 4.71319E-1 5.19725E-1 5.35007E-1 5.1063E-1 5.88564E-1 7.60417E-1 4.51763E-1 3.58516E-1 3.51126E-1 5.77259E-1 7.56981E-1 5.79211E-1 4.41587E-1 5.64607E-1 6.05319E-1 5.6558E-1 4.98787E-1 4.8754E-1 4.81936E-1 4.83052E-1 5.01277E-1 4.81467E-1 4.83936E-1 4.86206E-1 5.06046E-1 3.95141E-1 3.92812E-1 4.03773E-1 3.93794E-1 3.97082E-1 3.93751E-1 4.14761E-1 4.22125E-1 4.31339E-1 4.24319E-1 4.243E-1 4.28764E-1 4.28852E-1 4.24076E-1 4.51843E-1 4.40004E-1 4.31916E-1 4.2972E-1 4.27602E-1 4.7757E-1 4.81233E-1 4.84952E-1 4.87459E-1 4.82596E-1 4.93598E-1 4.77623E-1 -9999 -9999 -9999 -9999 -9999 -9999 -9999 -9999
3.4149E-1 5.17638E-1 5.11438E-1 4.96124E-1 5.12307E-1 4.87161E-1 6.46501E-1 6.64211E-1 7.708E-1 3.29693E-1 3.87564E-1 7.51227E-1 7.38701E-1 5.43017E-1 5.54578E-1 5.47383E-1 5.66921E-1 5.19634E-1 4.98049E-1 5.11782E-1 4.89306E-1 4.78106E-1 4.85395E-1 4.82754E-1 4.91388E-1 5.01125E-1 5.06161E-1 5.11039E-1 5.03623E-1 3.79912E-1 3.85208E-1 3.88392E-1 4.11504E-1 4.10313E-1 4.25711E-1 4.31316E-1 4.28852E-1 4.34613E-1 4.35662E-1 4.76222E-1 4.26385E-1 4.8829E-1 4.93128E-1 4.34274E-1 4.89571E-1 4.87176E-1 4.92195E-1 4.935E-1 5.01107E-1 4.93541E-1 4.98601E-1 4.96079E-1 -9999 -9999 -9999 -9999 -9999 -9999 -9999 -9999 -9999
3.33076E-1 3.5387E-1 4.02496E-1 4.75068E-1 4.84798E-1 4.99912E-1 5.12451E-1 5.45207E-1 6.48325E-1 4.70936E-1 5.24511E-1 7.46133E-1 5.65843E-1 5.34861E-1 5.81126E-1 5.4498E-1 5.36066E-1 4.90846E-1 4.96966E-1 5.00364E-1 4.96738E-1 4.90371E-1 4.90459E-1 4.88997E-1 4.92774E-1 5.01311E-1 4.97393E-1 5.07425E-1 4.75187E-1 3.69334E-1 3.78871E-1 3.91734E-1 4.09267E-1 4.13267E-1 4.29078E-1 4.33633E-1 4.28876E-1 4.79918E-1 4.71363E-1 4.77453E-1 4.77407E-1 4.9317E-1 5.04446E-1 4.79727E-1 4.9206E-1 4.93371E-1 4.98417E-1 5.07227E-1 5.11027E-1 5.06101E-1 5.08547E-1 4.97289E-1 -9999 -9999 -9999 -9999 -9999 -9999 -9999 -9999 -9999
3.35286E-1 3.55112E-1 5.13073E-1 5.11533E-1 4.742E-1 4.85033E-1 4.87486E-1 4.97398E-1 5.21566E-1 5.21364E-1 5.58062E-1 5.41566E-1 5.32711E-1 5.39966E-1 5.3872E-1 5.72269E-1 5.12053E-1 5.05778E-1 5.11957E-1 5.05523E-1 5.06849E-1 4.97915E-1 4.95278E-1 5.01311E-1 5.02638E-1 4.99965E-1 5.03777E-1 4.7646E-1 4.7403E-1 4.85038E-1 3.77839E-1 4.01605E-1 4.08208E-1 4.18933E-1 4.27944E-1 4.70525E-1 4.84979E-1 4.82415E-1 4.88407E-1 4.89599E-1 5.0693E-1 4.98186E-1 5.0196E-1 5.03249E-1 4.99509E-1 5.03394E-1 5.1102E-1 5.08577E-1 5.11117E-1 5.16888E-1 5.11487E-1 5.05683E-1 -9999 -9999 -9999 -9999 -9999 -9999 -9999 -9999 -9999
3.51245E-1 5.01565E-1 5.1504E-1 3.59312E-1 3.65399E-1 5.76965E-1 5.37485E-1 5.00916E-1 5.2337E-1 5.29408E-1 5.67935E-1 5.61527E-1 5.11537E-1 5.32801E-1 5.36334E-1 5.40213E-1 5.20996E-1 5.19788E-1 5.13148E-1 5.1446E-1 5.06748E-1 5.06792E-1 5.12857E-1 5.08966E-1 5.08989E-1 5.05102E-1 4.72892E-1 4.77802E-1 4.80203E-1 4.82613E-1 3.84305E-1 3.94025E-1 4.10048E-1 4.14444E-1 4.30276E-1 4.82643E-1 4.88526E-1 4.99548E-1 4.94578E-1 4.9705E-1 5.16928E-1 5.06862E-1 5.06985E-1 5.03203E-1 5.02003E-1 5.13478E-1 5.13456E-1 5.18583E-1 5.21075E-1 5.16925E-1 -9999 -9999 -9999 -9999 -9999 -9999 -9999 -9999 -9999 -9999 -9999
3.81147E-1 5.29086E-1 3.80269E-1 4.51417E-1 4.38529E-1 5.91808E-1 4.63309E-1 5.08343E-1 5.0713E-1 6.0023E-1 5.41206E-1 5.13106E-1 5.3845E-1 5.40606E-1 5.35219E-1 5.37884E-1 5.28759E-1 5.28826E-1 5.28755E-1 5.22225E-1 5.1702E-1 5.09284E-1 5.23153E-1 5.16669E-1 5.12748E-1 4.82847E-1 4.76684E-1 4.77851E-1 4.78999E-1 4.86343E-1 3.85477E-1 3.90779E-1 4.1453E-1 4.28062E-1 4.71691E-1 4.77723E-1 4.86092E-1 5.0076E-1 5.09523E-1 5.25107E-1 5.19958E-1 5.19464E-1 5.19522E-1 5.10821E-1 5.15749E-1 5.19287E-1 5.20643E-1 5.20924E-1 -9999 -9999 -9999 -9999 -9999 -9999 -9999 -9999 -9999 -9999 -9999 -9999 -9999
4.92824E-1 4.76218E-1 4.4607E-1 4.60132E-1 5.31399E-1 5.84575E-1 4.69625E-1 4.56102E-1 5.42563E-1 5.89166E-1 5.46686E-1 5.39556E-1 5.45886E-1 5.67714E-1 5.52393E-1 5.41877E-1 5.47078E-1 5.40526E-1 5.33801E-1 5.36418E-1 5.23556E-1 5.19544E-1 5.32253E-1 5.28279E-1 4.85369E-1 4.80469E-1 4.77964E-1 4.90239E-1 4.90204E-1 4.93871E-1 3.85527E-1 3.96967E-1 4.13473E-1 4.67087E-1 4.85202E-1 4.91146E-1 4.99811E-1 4.94722E-1 5.13262E-1 5.20612E-1 5.21108E-1 5.23825E-1 5.18189E-1 5.25779E-1 5.21491E-1 5.19738E-1 -9999 -9999 -9999 -9999 -9999 -9999 -9999 -9999 -9999 -9999 -9999 -9999 -9999 -9999 -9999
4.87362E-1 4.68079E-1 4.60726E-1 4.59149E-1 5.50172E-1 4.79875E-1 4.76123E-1 4.64738E-1 5.5092E-1 5.33033E-1 5.5562E-1 5.6314E-1 5.67076E-1 5.64031E-1 5.69028E-1 5.649E-1 5.62397E-1 5.49686E-1 5.42962E-1 5.46602E-1 5.59101E-1 5.55089E-1 5.44585E-1 4.96696E-1 4.94175E-1 4.92886E-1 4.90377E-1 4.9159E-1 4.9647E-1 4.97673E-1 4.02471E-1 4.06862E-1 4.23625E-1 4.69542E-1 4.86434E-1 5.06004E-1 5.02131E-1 5.12244E-1 5.17421E-1 5.21688E-1 5.24603E-1 5.20057E-1 5.07958E-1 5.15204E-1 -9999 -9999 -9999 -9999 -9999 -9999 -9999 -9999 -9999 -9999 -9999 -9999 -9999 -9999 -9999 -9999 -9999
4.82923E-1 4.74149E-1 4.90088E-1 4.83614E-1 5.03655E-1 4.794E-1 4.88684E-1 5.46681E-1 5.33829E-1 5.33287E-1 5.65027E-1 5.72823E-1 5.73817E-1 5.73442E-1 5.83873E-1 5.79765E-1 5.78316E-1 5.80607E-1 5.73908E-1 5.73837E-1 5.23155E-1 5.18094E-1 5.09294E-1 5.04268E-1 4.96777E-1 4.96697E-1 5.04222E-1 4.92901E-1 4.97815E-1 5.06499E-1 4.04792E-1 4.71054E-1 4.78137E-1 4.88956E-1 5.12024E-1 5.06632E-1 5.0885E-1 5.08991E-1 5.14301E-1 5.15388E-1 5.06326E-1 -9999 -9999 -9999 -9999 -9999 -9999 -9999 -9999 -9999 -9999 -9999 -9999 -9999 -9999 -9999 -9999 -9999 -9999 -9999 -9999
4.58618E-1 4.69035E-1 5.60667E-1 6.3148E-1 5.92416E-1 4.82508E-1 4.93137E-1 4.85626E-1 5.37993E-1 5.42532E-1 5.71895E-1 5.8242E-1 5.76813E-1 5.91187E-1 5.90797E-1 5.93174E-1 5.8647E-1 5.77104E-1 5.19705E-1 5.3601E-1 5.33566E-1 5.27164E-1 5.11907E-1 5.15722E-1 5.04315E-1 5.09398E-1 4.99334E-1 5.00545E-1 5.00425E-1 4.95327E-1 -9999 -9999 -9999 -9999 -9999 5.0431E-1 5.06219E-1 5.11694E-1 5.13877E-1 -9999 -9999 -9999 -9999 -9999 -9999 -9999 -9999 -9999 -9999 -9999 -9999 -9999 -9999 -9999 -9999 -9999 -9999 -9999 -9999 -9999 -9999
4.57516E-1 4.68682E-1 6.59015E-1 6.53246E-1 4.68478E-1 4.65629E-1 4.84625E-1 5.4762E-1 5.51053E-1 5.62323E-1 5.70121E-1 5.86738E-1 5.91931E-1 5.96796E-1 6.04303E-1 5.97475E-1 5.38961E-1 5.35186E-1 5.38963E-1 5.38909E-1 5.40104E-1 5.28597E-1 5.22198E-1 5.22144E-1 5.19605E-1 5.20858E-1 5.04493E-1 4.99452E-1 -9999 -9999 -9999 -9999 -9999 -9999 -9999 -9999 -9999 -9999 -9999 -9999 -9999 -9999 -9999 -9999 -9999 -9999 -9999 -9999 -9999 -9999 -9999 -9999 -9999 -9999 -9999 -9999 -9999 -9999 -9999 -9999 -9999
4.3972E-1 5.39763E-1 7.146E-1 4.8482E-1 4.64822E-1 4.72754E-1 4.87209E-1 5.56411E-1 5.7728E-1 5.78748E-1 5.78309E-1 5.98894E-1 5.97624E-1 6.03779E-1 6.10049E-1 5.46904E-1 5.43045E-1 5.52001E-1 5.55885E-1 5.46873E-1 5.45571E-1 5.39008E-1 5.3898E-1 5.31275E-1 5.39666E-1 5.26904E-1 -9999 -9999 -9999 -9999 -9999 -9999 -9999 -9999 -9999 -9999 -9999 -9999 -9999 -9999 -9999 -9999 -9999 -9999 -9999 -9999 -9999 -9999 -9999 -9999 -9999 -9999 -9999 -9999 -9999 -9999 -9999 -9999 -9999 -9999 -9999
4.53251E-1 4.74288E-1 5.74897E-1 4.88571E-1 4.81559E-1 4.90218E-1 5.36375E-1 5.70113E-1 5.66297E-1 5.75036E-1 5.83598E-1 6.0155E-1 6.1081E-1 6.13121E-1 5.43301E-1 5.52351E-1 5.48394E-1 5.63877E-1 5.62586E-1 5.57394E-1 5.50308E-1 5.56686E-1 5.50181E-1 5.54025E-1 5.42383E-1 5.19431E-1 -9999 -9999 -9999 -9999 -9999 -9999 -9999 -9999 -9999 -9999 -9999 -9999 -9999 -9999 -9999 -9999 -9999 -9999 -9999 -9999 -9999 -9999 -9999 -9999 -9999 -9999 -9999 -9999 -9999 -9999 -9999 -9999 -9999 -9999 -9999
4.91129E-1 4.47168E-1 4.92537E-1 5.46858E-1 5.03621E-1 5.04235E-1 5.12986E-1 5.61577E-1 5.6578E-1 5.78157E-1 5.84611E-1 6.0255E-1 5.43511E-1 5.40906E-1 5.48646E-1 5.53744E-1 5.44816E-1 5.72574E-1 5.67384E-1 5.63519E-1 5.58307E-1 5.55675E-1 5.55499E-1 4.40058E-1 4.31857E-1 4.10078E-1 -9999 -9999 -9999 -9999 -9999 -9999 -9999 -9999 -9999 -9999 -9999 -9999 -9999 -9999 -9999 -9999 -9999 -9999 -9999 -9999 -9999 -9999 -9999 -9999 -9999 -9999 -9999 -9999 -9999 -9999 -9999 -9999 -9999 -9999 -9999
4.50433E-1 4.5051E-1 5.01668E-1 5.08646E-1 5.11933E-1 5.13943E-1 5.18989E-1 5.54477E-1 5.66089E-1 5.09504E-1 5.09478E-1 5.15757E-1 5.3725E-1 5.42353E-1 5.4752E-1 5.59126E-1 5.76788E-1 5.74206E-1 5.76714E-1 5.7401E-1 5.70039E-1 5.67413E-1 4.4487E-1 4.43645E-1 4.41055E-1 -9999 -9999 -9999 -9999 -9999 -9999 -9999 -9999 -9999 -9999 -9999 -9999 -9999 -9999 -9999 -9999 -9999 -9999 -9999 -9999 -9999 -9999 -9999 -9999 -9999 -9999 -9999 -9999 -9999 -9999 -9999 -9999 -9999 -9999 -9999 -9999
4.98787E-1 5.05024E-1 5.07618E-1 5.127E-1 5.09332E-1 5.10051E-1 5.15804E-1 5.16691E-1 5.6018E-1 5.05896E-1 5.12199E-1 5.19632E-1 5.45165E-1 5.51494E-1 5.54074E-1 5.6054E-1 5.87215E-1 5.80783E-1 5.87261E-1 5.81998E-1 5.78065E-1 4.5677E-1 4.92102E-1 4.92033E-1 4.42504E-1 -9999 -9999 -9999 -9999 -9999 -9999 -9999 -9999 -9999 -9999 -9999 -9999 -9999 -9999 -9999 -9999 -9999 -9999 -9999 -9999 -9999 -9999 -9999 -9999 -9999 -9999 -9999 -9999 -9999 -9999 -9999 -9999 -9999 -9999 -9999 -9999
4.99544E-1 5.0116E-1 5.03725E-1 5.07554E-1 5.12094E-1 5.15363E-1 5.11924E-1 5.5328E-1 5.62988E-1 5.09787E-1 5.13501E-1 5.40082E-1 5.42641E-1 5.50341E-1 5.54229E-1 5.73097E-1 5.82132E-1 5.84708E-1 4.66668E-1 4.5945E-1 4.97349E-1 4.99846E-1 5.02135E-1 4.95872E-1 -9999 -9999 -9999 -9999 -9999 -9999 -9999 -9999 -9999 -9999 -9999 -9999 -9999 -9999 -9999 -9999 -9999 -9999 -9999 -9999 -9999 -9999 -9999 -9999 -9999 -9999 -9999 -9999 -9999 -9999 -9999 -9999 -9999 -9999 -9999 -9999 -9999
4.91513E-1 4.97186E-1 5.01507E-1 5.07798E-1 5.03157E-1 5.1139E-1 5.1461E-1 5.57335E-1 5.04857E-1 5.0855E-1 5.21195E-1 5.33814E-1 5.5174E-1 5.55577E-1 5.62067E-1 5.68016E-1 5.84868E-1 5.87494E-1 5.11186E-1 5.06122E-1 5.03722E-1 5.07441E-1 5.06127E-1 4.96081E-1 -9999 -9999 -9999 -9999 -9999 -9999 -9999 -9999 -9999 -9999 -9999 -9999 -9999 -9999 -9999 -9999 -9999 -9999 -9999 -9999 -9999 -9999 -9999 -9999 -9999 -9999 -9999 -9999 -9999 -9999 -9999 -9999 -9999 -9999 -9999 -9999 -9999
4.91106E-1 4.96132E-1 4.96781E-1 5.01378E-1 5.04591E-1 5.10309E-1 4.57985E-1 5.02441E-1 5.06142E-1 5.12446E-1 5.14911E-1 5.27555E-1 5.49238E-1 4.40307E-1 4.44979E-1 4.45606E-1 4.66946E-1 4.68145E-1 5.13931E-1 5.12514E-1 5.08659E-1 5.08729E-1 5.06199E-1 4.96123E-1 -9999 -9999 -9999 -9999 -9999 -9999 -9999 -9999 -9999 -9999 -9999 -9999 -9999 -9999 -9999 -9999 -9999 -9999 -9999 -9999 -9999 -9999 -9999 -9999 -9999 -9999 -9999 -9999 -9999 -9999 -9999 -9999 -9999 -9999 -9999 -9999 -9999
3.77516E-1 3.81334E-1 3.85085E-1 4.99706E-1 5.0473E-1 3.50702E-1 3.85592E-1 3.88815E-1 3.93172E-1 4.00829E-1 4.05203E-1 4.25414E-1 4.33341E-1 4.48523E-1 4.52697E-1 4.66952E-1 4.65689E-1 4.64605E-1 5.16609E-1 5.15308E-1 5.15069E-1 5.06039E-1 -9999 -9999 -9999 -9999 -9999 -9999 -9999 -9999 -9999 -9999 -9999 -9999 -9999 -9999 -9999 -9999 -9999 -9999 -9999 -9999 -9999 -9999 -9999 -9999 -9999 -9999 -9999 -9999 -9999 -9999 -9999 -9999 -9999 -9999 -9999 -9999 -9999 -9999 -9999
3.78199E-1 3.80858E-1 3.82102E-1 3.41663E-1 3.49703E-1 3.51713E-1 3.85604E-1 3.89936E-1 3.96485E-1 3.98603E-1 4.07413E-1 4.11883E-1 -9999 4.4263E-1 4.50372E-1 4.8041E-1 4.73089E-1 4.70728E-1 5.12872E-1 5.14113E-1 5.1E-1 6.25764E-1 -9999 -9999 -9999 -9999 -9999 -9999 -9999 -9999 -9999 -9999 -9999 -9999 -9999 -9999 -9999 -9999 -9999 -9999 -9999 -9999 -9999 -9999 -9999 -9999 -9999 -9999 -9999 -9999 -9999 -9999 -9999 -9999 -9999 -9999 -9999 -9999 -9999 -9999 -9999
3.80361E-1 3.8683E-1 3.47602E-1 3.46655E-1 3.55819E-1 3.53781E-1 3.85652E-1 3.89948E-1 -9999 -9999 -9999 -9999 -9999 -9999 4.52915E-1 4.75643E-1 4.70758E-1 5.15295E-1 5.11656E-1 5.18007E-1 5.01726E-1 -9999 -9999 -9999 -9999 -9999 -9999 -9999 -9999 -9999 -9999 -9999 -9999 -9999 -9999 -9999 -9999 -9999 -9999 -9999 -9999 -9999 -9999 -9999 -9999 -9999 -9999 -9999 -9999 -9999 -9999 -9999 -9999 -9999 -9999 -9999 -9999 -9999 -9999 -9999 -9999
