Artocarpus hirsutus SDM files/Last interglacial/Environmental layers/bio16.asc
ncols  625
nrows  721
xllcorner  69.99986311115
yllcorner  5.99986151914999
cellsize 0.041666667
NODATA_value  -9999
[rows 342 to 379 of 721, columns 255 to 339 of 625]
1043 1047 1250 1407 1312 1246 1179 965 892 911 900 925 955 978 952 932 938 982 977 966 1000 990 966 935 926 935 954 966 980 986 996 1029 1034 1014 1019 1025 1016 1015 1050 1053 1075 1043 1027 1072 1092 1070 1088 1078 1100 1106 1067 1108 1097 1096 1097 1093 1105 1123 1155 1134 1169 1160 1130 1187 1223 1183 1198 1144 1141 1211 1206 1186 1226 1313 1409 1273 1272 1163 1153 1207 1231 1234 1225 1216 1178
996 1109 1324 1421 1320 1265 1098 920 970 969 886 936 948 975 968 951 942 955 978 971 985 1015 992 959 958 938 969 991 974 995 1001 1035 1000 981 1009 1017 1046 1031 1018 1015 1030 1041 1034 1034 1045 1042 1047 1064 1077 1066 1058 1075 1078 1089 1079 1071 1086 1081 1072 1100 1121 1129 1147 1175 1183 1181 1213 1245 1179 1143 1185 1138 1138 1160 1241 1283 1334 1260 1214 1179 1245 1263 1315 1316 1278
985 1221 1390 1393 1277 1288 1020 902 939 977 887 925 949 969 974 996 964 953 949 962 974 995 990 967 965 966 978 1030 1018 1008 1012 987 983 1006 1059 1057 1039 1009 1024 1034 1042 1027 1023 1020 1056 1034 1038 1052 1042 1075 1052 1066 1068 1025 1047 1091 1077 1066 1061 1095 1097 1094 1140 1069 1100 1131 1163 1214 1223 1181 1354 1123 1220 1069 1125 1238 1245 1248 1251 1251 1315 1170 1241 1266 1339
974 1226 1427 1409 1216 1231 938 918 940 977 923 934 952 957 970 983 1005 996 980 961 985 980 987 995 967 989 1024 1026 1054 1020 985 986 1031 1008 1084 1039 1015 1037 1053 1090 1051 1030 1012 1085 1054 1026 1047 1048 1019 1043 1009 1069 1034 1020 1054 1102 1067 1062 1112 1113 1078 1176 1255 1024 1069 1110 1133 1157 1173 1297 1395 1115 1209 1178 1091 1218 1220 1232 1271 1282 1282 1329 1299 1288 1217
1005 1310 1411 1397 1214 1138 943 944 940 948 936 955 966 962 950 965 989 975 968 980 983 986 988 979 995 979 1031 1074 1036 991 993 1025 1009 1054 1059 1015 1029 1091 1061 1085 1029 1021 1061 1099 1035 1037 1093 1076 1030 961 988 1102 1018 987 1029 1036 1047 1061 1095 1062 1052 1229 1280 1037 1084 1103 1172 1188 1189 1434 1351 1298 1168 1071 1091 1099 1158 1214 1293 1275 1254 1306 1387 1482 1267
1128 1386 1483 1378 1072 995 961 1043 937 977 997 1004 1001 962 951 942 956 983 974 1006 994 1008 988 962 968 1003 1052 1090 1037 1044 1016 1002 1032 1040 1019 1040 1075 1100 1081 1069 1034 1051 1113 1153 1081 1140 995 1193 1081 1005 1005 1184 1096 961 1018 1015 1076 1053 1060 1018 1001 1207 1270 1052 1085 1136 1202 1178 1265 1407 1491 1330 1163 1254 1152 1041 1123 1194 1268 1297 1298 1253 1270 1323 1328
1349 1479 1483 1360 982 952 961 968 981 985 1008 1032 1059 1029 1013 964 941 949 1004 1026 1026 1011 979 965 978 1013 1042 1075 1082 1081 1020 1031 1031 1015 1033 1084 1086 1059 1063 1055 1072 1199 1227 1178 1051 1074 998 995 1154 1156 1151 1183 1093 964 1028 1096 1109 1158 1196 968 984 1228 1153 1050 1104 1150 1248 1226 1137 1263 1433 1462 1542 1550 1498 1128 1173 1211 1180 1271 1325 1254 1314 1317 1337
1488 1440 1455 1269 1010 941 975 1029 1019 1022 1000 1024 1033 1048 1031 1014 969 962 1023 1063 1050 979 972 978 1003 1039 1066 1086 1118 1107 1040 1041 1015 1014 1076 1083 1065 1069 1049 1097 1199 1232 1198 1199 1260 1074 1041 917 983 1171 1218 1210 1173 1124 1001 1070 1329 1212 1348 996 1140 1201 1125 1051 1188 1215 1126 1140 1145 1192 1223 1284 1423 1286 1384 1287 1312 1388 1176 1180 1264 1267 1305 1296 1284
1402 1435 1322 1023 1031 952 985 1003 1028 1025 1015 1013 1014 1026 1017 1038 987 986 1012 1076 1044 984 974 992 1021 1018 1060 1102 1108 1134 1127 1079 1034 1037 1073 1065 1063 1062 1067 1166 1304 1223 1061 1074 1243 1293 1232 918 970 1094 1188 1221 1183 1231 1083 1032 1116 1122 1268 1082 1349 1274 1077 1157 1131 1157 1126 1132 1155 1165 1247 1207 1282 1264 1278 1221 1311 1330 1312 1229 1205 1275 1310 1236 1213
1422 1499 1252 979 1018 954 996 1002 1032 1037 1020 999 996 1001 992 1009 1006 998 1028 1062 1007 991 1003 983 1032 1041 1024 1058 1091 1124 1149 1108 1073 1070 1067 1063 1065 1066 1136 1236 1302 1128 995 1074 1129 1180 1333 1015 981 1101 1144 1169 1198 1152 1091 1144 1089 1090 1090 1125 1438 1375 1146 1182 1135 1129 1121 1149 1180 1188 1199 1257 1218 1244 1319 1228 1254 1299 1265 1309 1236 1373 1321 1221 1142
1485 1412 1253 1021 1059 958 970 1009 1073 1036 1016 1016 1017 1018 1012 999 994 1042 1059 1027 1014 1006 996 1001 1050 1079 1032 1041 1063 1118 1126 1091 1088 1074 1111 1092 1067 1107 1192 1278 1274 1197 1038 1088 1051 1057 1106 1085 1038 1144 1222 1142 1091 1140 1086 1140 1116 1081 1095 1144 1301 1234 1328 1233 1088 1117 1151 1156 1137 1161 1159 1225 1261 1203 1304 1262 1219 1276 1247 1270 1300 1472 1404 1174 1270
1363 1430 1298 1072 1077 1026 981 1027 1051 1026 1031 1021 1021 1004 996 1009 1016 1067 1071 1036 1006 979 1008 1048 1032 1059 1083 1049 1055 1056 1114 1069 1064 1070 1079 1086 1097 1200 1213 1276 1152 1219 1129 1024 1048 1079 1035 1054 1047 1152 1195 1131 1082 1113 1148 1105 1199 1151 1143 1114 1177 1273 1251 1118 1108 1144 1164 1186 1217 1169 1167 1168 1257 1214 1250 1279 1203 1237 1219 1304 1452 1416 1311 1270 1348
1419 1489 1267 1050 1045 1096 1057 1071 1054 1067 1029 1022 1010 1005 1006 998 1036 1080 1090 1012 992 992 1038 1077 1053 1034 1107 1091 1061 1043 1091 1084 1074 1073 1078 1107 1136 1250 1211 1216 1181 1213 1193 1105 1054 1131 1097 1079 1080 1141 1159 1069 1080 1080 1128 1124 1188 1201 1174 1226 1138 1333 1159 1070 1106 1163 1236 1189 1214 1186 1188 1174 1198 1259 1212 1281 1236 1230 1203 1292 1349 1259 1238 1230 1364
1295 1242 1167 1062 1064 1092 1119 1084 1106 1125 1095 1045 1025 979 989 1015 1048 1070 1080 1009 1001 993 1020 1091 1121 1056 1113 1134 1087 1040 1083 1057 1069 1067 1117 1161 1138 1234 1263 1192 1200 1203 1096 1070 1066 1075 1188 1043 1088 1139 1138 1132 1051 1077 1079 1141 1150 1151 1200 1395 1241 1268 1141 1026 1114 1135 1239 1246 1192 1209 1173 1173 1183 1216 1211 1256 1244 1201 1206 1396 1466 1134 1236 1205 1351
1161 1099 1148 1112 1090 1113 1110 1109 1087 1095 1120 1093 1090 1008 1002 1050 1098 1081 1091 1002 993 1024 1025 1030 1096 1130 1155 1128 1061 1063 1088 1070 1071 1093 1119 1138 1182 1191 1155 1171 1221 1215 1184 1081 1080 1110 1160 1076 1116 1227 1109 1109 1083 1083 1069 1131 1218 1151 1119 1278 1334 1383 1103 1024 1098 1138 1224 1282 1228 1217 1196 1169 1185 1186 1171 1209 1304 1181 1221 1466 1447 1266 1195 1238 1300
1158 1140 1114 1115 1098 1095 1096 1145 1108 1060 1099 1083 1087 1048 1023 1043 1081 1120 1091 1015 1033 1037 1022 1023 1082 1129 1167 1116 1071 1090 1060 1059 1068 1131 1146 1159 1194 1234 1141 1076 1135 1209 1196 1104 1119 1117 1106 1092 1136 1230 1126 1057 1085 1072 1076 1072 1307 1189 1166 1194 1262 1377 1038 1046 1117 1155 1200 1263 1259 1230 1218 1186 1228 1176 1159 1165 1250 1194 1412 1286 1415 1317 1185 1295 1367
1158 1184 1170 1154 1143 1095 1067 1113 1123 1102 1075 1072 1081 1064 1049 1079 1060 1108 1106 1053 1067 1018 1010 1046 1098 1137 1179 1138 1094 1101 1054 1064 1066 1136 1173 1196 1242 1238 1215 1194 1111 1206 1175 1108 1094 1088 1112 1114 1121 1220 1152 1103 1086 1086 1138 1193 1032 1091 1327 1429 1368 1314 1121 1169 1136 1207 1169 1233 1238 1278 1245 1231 1252 1214 1188 1159 1162 1220 1345 1326 1310 1260 1227 1334 1293
1163 1170 1180 1213 1227 1098 1086 1099 1107 1093 1090 1081 1080 1082 1044 1092 1073 1074 1110 1087 1041 1040 1018 1057 1100 1127 1177 1151 1093 1107 1095 1088 1092 1132 1154 1195 1194 1185 1214 1255 1150 1164 1136 1112 1100 1106 1126 1091 1169 1161 1065 1078 1084 1184 1314 1047 1035 1070 1107 1230 1259 1252 1167 1217 1192 1196 1213 1204 1234 1270 1231 1202 1268 1264 1260 1210 1166 1260 1308 1363 1215 1211 1254 1305 1298
1174 1164 1155 1180 1240 1115 1106 1119 1139 1125 1101 1081 1087 1108 1047 1087 1124 1078 1120 1095 1032 1025 1037 1065 1112 1143 1163 1147 1088 1086 1101 1117 1130 1142 1180 1189 1218 1128 1210 1321 1179 1155 1096 1130 1120 1135 1112 1113 1183 1110 1064 1072 1114 1291 1115 1142 1089 1073 1086 1132 1172 1227 1172 1170 1199 1166 1181 1189 1215 1253 1247 1204 1243 1288 1202 1191 1173 1276 1335 1393 1177 1225 1286 1354 1361
1201 1223 1183 1179 1135 1131 1142 1149 1185 1150 1096 1106 1123 1091 1054 1073 1126 1134 1126 1078 1034 1036 1049 1058 1092 1137 1120 1088 1109 1103 1113 1147 1133 1153 1183 1260 1268 1176 1134 1300 1294 1166 1080 1095 1152 1134 1121 1171 1214 1103 1052 1056 1131 1176 1103 1059 1030 1030 1049 1073 1115 1122 1127 1159 1118 1150 1149 1175 1127 1132 1154 1168 1182 1233 1263 1210 1166 1288 1309 1291 1202 1230 1233 1222 1213
1236 1205 1206 1189 1175 1171 1188 1165 1161 1129 1107 1164 1131 1095 1065 1060 1120 1148 1150 1087 1055 1053 1061 1072 1102 1152 1100 1077 1081 1108 1159 1154 1126 1160 1206 1207 1188 1242 1248 1186 1315 1263 1100 1085 1090 1121 1159 1226 1159 1076 1095 1074 1182 1261 1271 1029 1084 1015 993 1076 1122 1055 1085 1108 1101 1126 1147 1329 1169 1134 1153 1186 1131 1137 1161 1205 1175 1276 1278 1268 1257 1194 1215 1188 1195
1206 1227 1240 1226 1165 1224 1238 1186 1139 1096 1111 1200 1161 1113 1090 1068 1132 1173 1116 1084 1073 1073 1085 1080 1109 1142 1083 1085 1088 1128 1137 1165 1137 1168 1253 1279 1090 1218 1310 1233 1238 1291 1144 1113 1069 1147 1167 1209 1121 1080 1069 1116 1331 1462 1180 1079 1106 1047 1137 1329 1093 1100 1102 1133 1073 1094 1114 1245 1249 1162 1242 1289 1270 1115 1090 1128 1150 1176 1216 1249 1268 1238 1190 1225 1175
1231 1298 1268 1197 1170 1353 1225 1249 1199 1084 1153 1169 1134 1115 1104 1110 1145 1153 1091 1068 1080 1097 1094 1091 1086 1136 1089 1078 1107 1155 1126 1160 1139 1194 1275 1189 1083 1133 1260 1319 1270 1255 1140 1114 1102 1181 1215 1111 1078 1067 1086 1230 1511 1228 1015 1091 1085 1108 1254 1350 1155 1104 1261 1400 1113 1086 1098 1127 1173 1173 1213 1304 1384 1325 1187 1197 1215 1223 1169 1187 1207 1222 1214 1182 1205
1317 1310 1325 1191 1229 1355 1358 1223 1142 1134 1141 1118 1115 1113 1102 1131 1157 1167 1114 1092 1110 1114 1113 1099 1086 1115 1084 1080 1124 1160 1142 1157 1159 1293 1367 1247 1058 1100 1119 1292 1356 1255 1082 1076 1162 1175 1208 1084 1073 1061 1118 1381 1343 1043 1043 1066 1082 1103 1197 1082 1090 1097 1182 1271 1202 1201 1133 1163 1145 1169 1181 1184 1201 1257 1220 1197 1206 1204 1193 1170 1175 1140 1173 1170 1204
1319 1293 1279 1283 1274 1333 1395 1194 1290 1156 1127 1123 1096 1099 1122 1152 1150 1126 1109 1107 1121 1128 1118 1132 1098 1090 1089 1092 1130 1159 1146 1161 1182 1289 1327 1225 1128 1114 1099 1190 1346 1315 1092 1136 1287 1160 1136 1031 1066 1067 1184 1285 1152 1143 1057 1055 1086 1160 1158 1125 1082 1100 1095 1176 1161 1158 1129 1138 1118 1130 1146 1180 1185 1186 1208 1220 1246 1228 1204 1180 1216 1130 1145 1179 1149
1377 1271 1281 1309 1316 1299 1409 1227 1233 1275 1154 1109 1135 1089 1114 1138 1144 1119 1107 1093 1111 1130 1127 1115 1088 1084 1090 1126 1110 1121 1114 1156 1159 1308 1216 1258 1285 1257 1163 1146 1302 1233 1102 1188 1252 1276 1128 1058 1149 1068 1152 1294 1085 1046 1045 1082 1097 1102 1095 1124 1099 1105 1115 1106 1134 1203 1263 1171 1077 1106 1135 1161 1172 1204 1212 1220 1265 1215 1164 1194 1264 1255 1138 1300 1189
1395 1317 1381 1261 1305 1401 1261 1292 1177 1332 1144 1128 1134 1159 1146 1117 1174 1119 1092 1084 1100 1113 1106 1096 1075 1086 1117 1216 1220 1153 1170 1210 1104 1217 1144 1245 1296 1318 1291 1164 1226 1335 1223 1156 1372 1036 998 1075 1259 1097 1265 1280 1142 1164 1128 1187 1116 1113 1111 1075 1109 1100 1104 1106 1140 1204 1331 1200 1090 1102 1125 1160 1184 1206 1174 1335 1254 1172 1217 1125 1088 1091 1118 1113 1149
1350 1477 1464 1309 1300 1354 1327 1376 1181 1346 1158 1154 1076 1281 1180 1150 1237 1100 1059 1104 1078 1097 1058 1114 1060 1128 1169 1185 1200 1183 1198 1202 1053 1068 1137 1172 1191 1290 1323 1291 1337 1247 1241 1251 1312 1009 989 1053 1232 1112 1224 1200 1115 1068 1060 1168 1153 1158 1241 1144 1174 1121 1091 1123 1113 1167 1309 1303 1154 1095 1125 1152 1202 1165 1198 1408 1291 1193 1445 1378 1151 1034 1267 1134 1240
1377 1437 1461 1415 1243 1343 1447 1445 1233 1368 1166 1194 1080 1244 1246 1252 1346 1153 1132 1103 1119 1121 1110 1135 1125 1088 1185 1197 1172 1190 1148 1047 1043 1121 1198 1187 1157 1147 1290 1384 1439 1257 1516 1245 1235 1008 967 1034 1149 1139 1269 1116 1127 1031 1014 1050 1093 1159 1203 1244 1274 1118 1064 1081 1093 1155 1274 1193 1225 1242 1203 1183 1126 1157 1192 1369 1387 1405 1391 1248 1113 1055 1328 1364 1304
1417 1444 1374 1340 1246 1365 1522 1484 1315 1427 1203 1160 1132 1307 1273 1213 1368 1241 1203 1130 1188 1122 1176 1136 1204 1230 1213 1230 1221 1234 1116 1057 1055 1088 1295 1259 1155 1108 1218 1279 1355 1446 1429 1232 1294 1063 954 1010 1052 1326 1233 1137 1056 1078 1017 1016 1032 1068 1107 1198 1278 1207 1113 1104 1066 1074 1134 1191 1191 1281 1259 1236 1195 1259 1243 1248 1429 1446 1393 1306 1333 1299 1268 1420 1447
1441 1375 1334 1371 1269 1387 1519 1513 1483 1195 1127 1142 1190 1425 1259 1280 1184 1102 1194 1251 1307 1103 1153 1238 1160 1155 1220 1262 1266 1289 1183 1097 1072 1085 1243 1349 1224 1115 1142 1227 1305 1530 1457 1210 1333 1103 953 1004 1010 1223 1319 1214 1148 1115 1057 1049 1068 1051 1080 1077 1189 1242 1145 1144 1169 1119 1097 1108 1152 1193 1165 1203 1189 1309 1249 1282 1591 1365 1237 1094 1207 1383 1405 1413 1383
1407 1312 1229 1324 1292 1449 1462 1541 1521 1169 1118 1150 1217 1335 1320 1280 1148 1115 1152 1240 1244 1164 1156 1177 1202 1132 1125 1202 1234 1250 1176 1083 1081 1123 1172 1231 1300 1166 1101 1224 1228 1535 1448 1319 1324 1169 958 989 1019 1257 1246 1142 1148 1080 1100 1069 1085 1057 1064 1051 1110 1187 1053 1140 1194 1121 1113 1157 1136 1170 1184 1265 1237 1262 1313 1280 1551 1443 1368 1089 1074 1133 1263 1373 1345
1613 1423 1263 1249 1354 1463 1511 1634 1499 1255 1222 1215 1361 1325 1295 1200 1139 1187 1200 1127 1255 1269 1227 1181 1186 1184 1093 1160 1170 1212 1219 1119 1098 1109 1115 1282 1375 1242 1074 1148 1342 1469 1353 1108 1299 1110 990 991 1003 1240 1151 1165 1261 993 1079 1110 1079 1084 1168 1206 1041 1119 1019 1061 1091 1096 1103 1131 1151 1187 1188 1258 1135 1186 1380 1467 1428 1441 1479 1274 1247 1109 1079 1176 1159
1612 1435 1371 1284 1384 1426 1511 1380 1439 1337 1437 1369 1387 1320 1313 1186 1169 1252 1239 1124 1192 1281 1290 1294 1209 1213 1078 1169 1202 1140 1198 1187 1123 1135 1091 1194 1488 1230 1047 1090 1492 1443 1389 1075 1109 1038 1009 999 977 1174 1164 1152 1274 1060 1163 1160 1135 1203 1190 1097 1061 1178 1035 1043 1045 1091 1093 1139 1207 1176 1215 1408 1138 1192 1245 1459 1329 1356 1522 1510 1460 1330 1132 1284 1202
1482 1428 1451 1324 1389 1474 1501 1286 1379 1301 1439 1437 1543 1345 1256 1203 1188 1197 1209 1167 1159 1186 1298 1361 1291 1225 1192 1146 1226 1178 1249 1216 1183 1195 1119 1283 1378 1399 1108 1116 1321 1522 1464 1133 1143 991 1068 1015 973 1088 1201 1094 1068 1125 1146 1122 1119 1161 1165 1154 1163 1156 1204 1012 1027 1060 1101 1170 1214 1270 1231 1369 1070 1238 1299 1332 1189 1372 1391 1384 1271 1286 1310 1284 1290
1422 1358 1389 1415 1375 1470 1492 1292 1368 1311 1400 1398 1485 1497 1355 1172 1165 1196 1182 1180 1158 1126 1206 1237 1238 1235 1201 1173 1192 1179 1215 1186 1201 1179 1143 1191 1342 1344 1110 1138 1352 1525 1507 1474 1128 978 1077 975 1009 1047 1119 1130 1053 1068 1115 1077 1125 1132 1100 1104 1136 1140 1121 1036 1091 1061 1103 1089 1184 1212 1317 1485 1181 1237 1305 1272 1199 1141 1460 1392 1384 1357 1283 1162 1256
1518 1347 1323 1316 1351 1455 1466 1265 1278 1330 1338 1352 1490 1498 1390 1176 1198 1121 1176 1194 1096 1093 1157 1170 1144 1168 1094 1123 1083 1187 1236 1121 1130 1115 1151 1174 1361 1286 1205 1168 1185 1359 1504 1520 1168 981 1078 1006 1012 1103 1007 1048 1045 1026 1095 1054 1043 1077 1112 1069 1099 1195 1058 1074 1213 1071 1025 1034 1158 1281 1201 1323 1456 1405 1368 1248 1073 1034 1090 1183 1347 1440 1372 1308 1189
1644 1321 1359 1318 1390 1564 1537 1278 1345 1350 1405 1356 1531 1543 1311 1302 1303 1063 1240 1101 1081 1064 1312 1147 1151 1347 1037 1025 1095 1137 1295 1078 1135 1114 1152 1131 1335 1173 1219 1386 1122 1291 1533 1390 1021 994 975 1079 1039 1260 1025 1054 1122 962 1001 1062 1078 1054 1070 1048 1063 1101 1056 1198 1258 1065 1010 1025 1117 1200 1315 1248 1476 1483 1477 1300 1104 1112 1091 1077 1230 1350 1404 1245 1141
