Artocarpus hirsutus SDM files/Last interglacial/Environmental layers/bio18.asc
ncols  625
nrows  721
xllcorner  69.99986311115
yllcorner  5.99986151914999
cellsize 0.041666667
NODATA_value  -9999
[rows 234 to 272 of 721, columns 264 to 351 of 625]
91 93 93 95 96 97 99 100 103 106 109 109 111 113 115 117 119 121 124 126 127 129 132 136 139 140 140 143 149 152 153 155 158 161 162 164 167 169 172 175 178 180 183 185 189 191 194 198 202 206 210 211 214 218 220 222 225 227 229 231 236 236 238 240 241 242 244 247 248 250 253 253 255 258 263 267 270 274 279 281 286 292 293 299 304 308 312 315
89 92 92 94 95 96 98 100 101 104 107 108 109 112 114 115 119 120 122 123 126 128 131 134 136 138 142 143 144 150 151 152 156 158 161 162 164 166 169 172 175 177 180 183 185 188 192 195 198 202 205 207 212 215 217 219 222 224 225 227 233 233 235 236 238 240 240 240 242 245 248 250 250 254 257 262 266 268 274 276 283 287 291 294 298 304 304 309
87 90 92 93 95 95 97 98 101 103 106 106 109 111 112 114 117 119 121 123 125 126 129 132 134 136 139 143 144 146 150 149 154 156 158 160 162 164 166 170 172 175 176 180 183 185 190 193 196 198 202 205 207 210 212 218 218 219 221 225 228 230 233 234 236 237 237 237 237 240 243 245 245 249 251 256 259 264 269 272 277 283 285 289 295 296 299 305
86 88 91 91 94 96 97 98 100 102 104 106 108 110 112 113 116 119 121 122 123 124 127 131 133 136 137 139 143 145 147 150 149 155 156 158 161 163 166 168 170 172 174 178 180 182 185 189 193 196 198 202 204 206 209 214 214 216 219 220 221 225 228 230 234 229 233 234 237 235 237 238 240 245 246 250 254 260 263 268 273 277 282 285 291 292 296 299
84 87 89 91 93 95 97 98 99 100 103 106 108 109 111 113 116 118 119 121 123 124 126 128 131 134 137 139 141 142 145 147 148 150 156 157 157 161 164 166 168 170 173 175 178 180 183 186 189 193 196 200 203 205 208 208 210 214 217 217 219 223 224 225 228 228 230 231 233 232 234 236 236 237 240 246 250 256 259 263 268 274 276 280 284 289 291 295
83 87 88 90 92 93 96 98 100 102 103 104 106 109 112 111 114 116 119 120 122 125 124 127 130 132 135 137 140 142 143 145 148 147 153 155 155 158 161 163 165 168 170 172 176 178 182 185 187 189 195 197 200 203 205 207 208 212 216 217 217 219 222 223 224 225 226 227 228 228 229 232 234 237 239 240 247 251 254 260 264 267 273 276 280 283 287 290
85 84 87 89 90 92 94 97 99 101 103 105 107 108 109 112 114 114 116 120 120 123 126 125 128 131 133 135 138 140 143 145 147 147 149 151 154 156 159 160 162 164 169 171 174 177 179 182 185 188 192 196 198 200 202 206 208 211 212 215 216 216 219 221 222 221 221 222 224 226 225 228 231 233 237 240 241 247 253 256 260 263 269 272 276 278 280 284
85 87 86 87 87 91 94 96 98 100 102 104 106 108 110 111 112 116 116 119 120 121 124 125 129 130 131 133 136 139 141 143 145 147 149 149 150 153 157 158 160 164 166 168 172 175 177 180 184 188 190 193 195 199 201 204 207 209 211 214 215 215 216 217 219 219 220 219 221 221 224 225 227 229 232 236 241 241 248 253 257 260 263 267 271 274 277 279
84 85 87 89 89 89 94 95 98 100 102 104 106 108 110 111 113 115 117 118 119 120 122 124 127 128 130 133 135 136 139 140 143 145 146 149 151 149 155 157 158 162 164 167 169 174 177 178 183 186 188 190 194 197 200 203 205 208 209 211 214 214 215 215 216 216 218 217 218 219 221 223 226 228 229 233 237 242 244 248 253 257 260 262 266 270 273 273
83 84 86 87 89 88 92 95 96 98 101 103 105 107 109 111 112 113 116 118 120 120 121 126 125 128 128 132 133 136 138 139 141 143 145 147 149 150 151 155 157 160 162 165 169 171 175 177 181 183 186 189 192 194 197 202 205 206 209 210 212 213 214 214 214 213 216 216 218 217 218 221 223 226 229 231 234 239 243 248 250 252 256 257 261 265 269 271
83 83 85 86 89 88 88 93 95 97 100 103 104 106 108 110 111 114 116 117 118 119 122 124 126 125 128 130 132 134 136 138 141 142 144 145 148 149 149 153 156 159 161 164 167 169 172 176 180 183 185 189 191 193 197 199 204 205 207 207 210 212 213 212 214 213 213 214 217 218 217 220 222 225 229 230 231 237 241 243 246 250 253 257 257 260 263 268
80 81 84 85 86 89 91 91 93 97 98 101 103 105 108 109 111 113 116 117 118 119 121 122 125 126 128 130 132 133 133 133 137 139 140 142 144 149 148 151 153 157 160 162 165 168 170 174 178 180 184 186 190 192 195 198 199 204 207 206 208 210 211 213 213 213 213 214 214 216 217 219 221 224 227 229 231 235 238 240 242 246 250 254 256 257 259 261
79 80 82 84 85 86 89 92 93 94 100 100 102 105 107 109 110 111 113 115 118 118 119 122 123 125 126 129 130 132 133 134 136 137 139 141 142 145 148 150 153 154 158 162 164 167 169 173 176 179 182 184 188 192 194 196 200 201 204 205 207 209 210 212 212 213 214 213 215 215 216 219 221 223 226 229 231 234 236 239 239 242 247 250 253 255 257 257
77 79 80 81 84 86 87 91 92 91 99 98 102 105 107 108 110 111 114 115 116 117 119 121 123 123 125 127 127 129 131 133 134 136 138 140 142 142 146 150 152 152 155 159 163 165 169 172 173 176 181 184 187 191 193 195 197 202 202 205 206 209 210 210 211 213 213 215 215 217 217 219 222 224 226 226 228 231 234 237 237 244 240 246 249 252 254 253
74 76 78 79 80 84 85 88 92 90 94 96 101 104 106 107 109 111 114 114 116 117 118 120 121 122 124 125 127 127 129 132 133 134 136 138 141 143 145 145 151 153 155 156 160 164 167 169 172 175 179 182 186 190 192 194 196 198 201 204 204 207 208 210 211 212 213 215 215 216 216 219 222 222 224 228 231 231 232 233 238 238 243 243 245 246 248 251
71 74 76 78 80 82 84 87 90 93 92 93 97 102 105 107 108 111 113 114 115 116 117 119 120 121 122 124 126 126 127 129 130 132 135 136 139 141 144 147 148 149 154 155 158 162 164 166 171 175 178 180 184 187 190 193 195 197 199 202 204 206 207 209 210 213 215 214 214 217 217 218 221 221 225 227 228 229 231 233 237 237 237 242 242 244 246 248
69 73 74 77 79 81 83 85 89 91 94 95 96 100 102 104 108 110 112 113 115 116 117 119 120 119 120 123 123 126 126 127 129 132 133 135 136 139 142 144 147 148 152 155 159 161 162 163 168 173 175 181 183 185 187 191 194 197 198 201 204 206 208 207 208 209 212 214 216 216 216 219 219 222 225 223 226 228 229 233 234 236 236 239 239 242 242 244
67 72 71 76 78 79 82 84 87 89 92 96 100 101 102 102 103 106 112 113 113 115 116 117 117 119 121 122 123 123 125 127 128 131 132 134 135 138 140 143 144 147 150 153 157 159 161 165 166 169 174 179 181 183 186 189 192 196 198 200 203 202 204 208 209 211 209 212 214 217 215 218 221 220 221 225 228 229 228 232 232 234 235 237 238 238 239 240
66 69 70 73 76 79 81 83 85 88 90 93 96 102 101 103 103 105 109 109 111 109 114 116 116 118 119 121 122 122 124 125 127 128 130 133 134 136 137 141 142 146 149 152 154 156 159 163 166 169 171 178 176 181 183 188 192 194 197 200 199 201 205 206 207 210 209 210 213 213 217 217 218 220 221 224 227 227 228 228 229 230 235 233 239 238 235 237
67 70 71 73 73 78 80 82 84 88 90 92 94 98 101 106 106 105 107 110 113 108 112 115 116 117 118 119 120 122 123 124 124 128 129 130 132 135 137 139 142 144 146 150 153 155 157 161 165 166 171 172 178 182 185 184 187 192 194 198 195 201 201 205 207 208 210 211 213 214 216 216 217 218 221 221 225 227 227 227 227 230 233 232 235 233 234 237
66 67 69 70 73 77 79 82 84 87 90 92 93 97 99 102 105 108 108 110 110 108 113 115 116 116 117 118 119 121 123 123 124 126 128 130 132 134 135 137 138 142 144 147 152 153 157 160 162 167 173 169 175 179 183 186 189 193 194 195 197 197 201 204 206 207 209 209 211 214 215 217 217 217 218 220 223 226 226 227 226 229 231 231 232 231 232 235
64 66 69 72 73 75 79 81 84 87 89 92 94 97 98 100 103 104 107 107 111 109 111 115 114 114 117 118 118 120 120 122 123 125 126 128 130 132 134 136 138 140 143 145 148 151 155 158 161 165 168 172 172 179 181 185 187 190 193 195 194 197 200 202 205 207 205 208 211 213 214 216 216 217 217 219 223 225 224 225 225 228 228 230 231 230 233 232
65 67 70 73 74 74 78 79 81 86 90 91 94 99 99 98 101 103 105 105 111 113 109 111 110 111 115 117 117 119 120 121 123 124 125 127 128 130 132 135 137 140 142 145 147 149 153 157 160 164 165 167 172 177 181 183 185 189 190 192 195 197 200 201 201 205 205 207 208 211 214 215 215 217 218 219 219 224 225 223 226 227 228 229 229 229 229 231
65 67 70 74 75 77 79 83 84 85 91 91 93 95 99 101 104 105 105 107 110 111 112 112 114 111 115 114 114 118 119 119 121 123 124 126 128 129 131 134 136 138 141 144 145 149 152 156 159 160 165 166 172 176 179 182 185 187 189 192 194 195 198 200 201 204 203 206 208 209 211 213 214 215 218 218 219 222 223 223 226 227 226 228 227 228 228 230
66 68 72 73 76 80 82 84 87 86 88 91 94 102 105 101 103 105 106 107 109 110 112 112 112 112 112 116 117 116 115 116 120 118 123 125 127 129 130 133 134 137 139 141 144 147 150 156 154 160 164 169 171 174 177 180 184 186 188 191 193 194 196 197 199 203 205 204 208 208 210 211 212 215 216 218 218 222 221 224 225 225 224 226 227 228 229 229
68 72 73 73 78 81 84 86 89 91 92 97 105 108 106 105 103 105 106 108 109 110 111 112 111 111 114 116 114 113 115 117 116 118 119 121 124 126 128 128 133 136 138 140 143 146 150 152 153 159 163 166 169 172 175 179 182 184 187 189 191 193 194 196 199 201 204 203 206 207 210 210 212 214 215 217 218 220 221 223 224 224 225 226 226 226 227 229
69 70 74 75 79 83 88 89 98 98 99 101 100 102 104 104 108 105 107 108 109 111 109 111 111 111 113 113 114 113 113 120 119 116 122 120 123 126 129 132 130 133 135 138 143 143 147 150 155 159 161 164 170 172 173 178 181 183 186 187 189 191 193 196 197 200 202 203 205 208 209 209 212 214 215 217 218 219 221 221 223 223 225 224 224 226 227 229
68 73 76 78 83 91 96 95 94 95 96 96 99 98 100 102 107 107 107 107 110 110 112 111 113 115 115 116 113 114 115 116 117 117 122 130 120 125 128 130 133 133 134 137 140 140 147 150 154 158 161 163 167 170 174 177 179 182 184 186 188 189 193 194 196 198 201 203 204 205 208 209 211 213 214 218 217 219 220 222 222 223 223 223 226 226 227 227
75 77 83 85 90 89 89 89 91 93 96 97 98 100 101 102 106 112 109 108 114 115 113 115 116 116 118 121 115 112 117 120 126 124 121 123 122 125 128 133 133 133 135 138 141 144 144 150 153 157 158 162 165 169 173 174 178 180 182 185 186 188 190 192 194 197 199 201 203 203 206 208 209 213 215 216 217 219 219 221 222 223 221 225 225 224 225 228
82 81 83 83 81 84 85 88 88 91 95 99 100 102 103 104 106 109 107 108 112 113 114 113 113 113 115 120 119 119 119 124 123 119 126 128 128 131 132 138 131 133 136 144 149 151 143 149 151 154 160 164 165 168 170 172 175 177 182 183 183 185 187 190 193 195 197 199 201 202 205 206 211 212 214 215 217 219 219 222 222 220 222 222 224 226 225 225
73 74 77 83 81 93 92 90 93 100 97 100 101 104 105 108 107 109 110 113 115 114 114 115 114 114 112 114 120 118 120 122 119 122 124 126 126 130 130 136 129 132 133 141 144 142 141 147 150 151 154 161 166 164 171 174 174 177 179 178 182 183 185 187 190 194 195 198 199 201 203 205 208 211 213 214 217 218 220 218 220 222 223 223 224 223 223 223
80 80 85 87 92 107 89 91 108 97 99 102 105 107 108 110 119 112 114 111 115 116 116 117 117 116 116 116 116 116 117 120 120 125 130 133 130 135 131 138 139 141 142 141 142 142 147 158 154 158 164 168 169 172 164 165 178 190 192 182 190 190 185 183 187 192 195 197 197 199 200 202 206 209 213 214 217 219 216 220 221 222 222 222 221 220 221 223
91 99 99 105 96 108 109 92 91 97 102 104 106 125 117 124 136 129 123 110 113 113 115 116 115 115 115 116 119 121 117 119 120 121 124 131 133 136 135 138 142 143 147 143 149 145 153 159 157 158 162 171 166 179 178 178 176 176 187 181 182 182 180 181 191 191 192 194 195 195 195 196 201 218 213 214 217 216 217 219 220 220 220 220 222 220 220 223
91 94 92 95 105 95 96 92 101 115 111 117 129 130 134 132 133 134 128 125 111 112 120 128 114 117 122 117 118 120 118 120 120 121 131 128 130 133 131 136 137 139 144 146 150 151 157 159 156 162 163 158 164 170 183 183 163 179 186 192 183 191 178 203 202 198 186 191 191 190 189 192 218 231 213 215 215 214 219 218 219 218 219 223 221 219 220 223
83 87 90 95 96 101 107 105 128 133 121 131 133 132 131 130 126 128 127 126 112 124 121 121 119 121 140 135 117 119 121 122 128 126 124 126 129 130 129 132 134 137 139 139 141 145 154 154 153 159 158 156 165 164 165 165 168 168 181 191 176 196 180 192 182 181 183 190 189 186 188 218 223 217 211 210 212 218 215 216 216 219 222 221 219 218 220 223
85 90 96 93 96 100 104 111 126 125 118 124 126 126 127 129 130 126 128 124 132 142 144 136 145 135 139 126 128 118 121 123 124 132 132 125 135 137 138 140 138 137 139 142 146 145 151 155 158 155 155 158 167 162 162 169 176 164 168 183 180 193 190 184 188 182 196 209 216 208 202 230 215 206 205 208 216 215 213 216 217 219 221 221 219 220 222 222
92 96 97 101 101 102 109 120 123 127 119 125 131 129 129 131 134 130 130 127 133 138 141 133 134 137 139 144 138 125 124 121 126 136 135 127 131 130 135 140 145 142 144 145 145 145 147 149 154 157 161 162 160 160 162 171 173 167 165 174 183 183 188 187 181 194 181 184 189 205 213 233 214 202 204 211 214 212 214 217 217 219 221 219 220 217 223 222
99 100 101 104 108 112 123 121 129 131 123 129 131 132 133 131 132 139 134 132 137 139 139 138 137 134 140 142 135 140 122 121 126 134 138 141 132 132 142 144 140 140 140 142 143 147 148 151 153 155 157 162 161 165 165 164 168 173 171 166 171 180 193 187 192 179 178 198 195 203 218 232 204 198 205 211 210 212 214 217 218 220 218 219 218 215 225 231
100 102 106 109 112 124 125 125 134 135 128 131 134 135 135 138 141 140 134 133 134 137 139 140 146 138 137 140 145 137 128 122 124 132 137 142 129 135 138 137 139 147 143 147 148 152 153 153 156 157 156 159 161 163 164 163 167 169 166 168 166 174 179 187 193 184 185 205 212 189 203 218 194 201 209 209 210 211 215 216 216 219 218 218 217 215 213 252
