Artocarpus hirsutus SDM files/Last interglacial/Environmental layers/bio16.asc
ncols  625
nrows  721
xllcorner  69.99986311115
yllcorner  5.99986151914999
cellsize 0.041666667
NODATA_value  -9999
[rows 76 to 113 of 721, columns 0 to 84 of 625]
287 279 252 279 291 269 266 278 275 264 258 252 243 234 233 229 226 228 224 209 197 199 202 198 196 199 242 303 259 248 250 250 248 248 243 246 239 227 220 301 293 290 313 307 303 273 266 268 277 287 286 282 293 307 317 317 333 357 384 375 325 345 375 389 373 404 433 465 483 494 488 479 458 447 559 578 583 637 601 572 562 645 731 733 692
267 263 284 284 285 260 239 267 275 275 270 259 247 240 233 226 216 226 229 222 201 199 202 202 204 205 265 290 257 249 250 245 242 246 245 251 245 231 218 258 355 347 339 327 304 278 281 263 266 273 283 284 285 308 311 333 323 375 378 359 330 329 341 377 381 396 411 439 432 453 455 440 434 443 562 618 669 674 629 532 621 686 624 627 642
306 297 258 270 267 247 243 271 289 287 276 257 238 242 240 232 222 223 231 230 214 201 208 208 206 209 260 272 257 257 250 240 243 247 248 253 246 235 224 234 320 362 352 329 296 273 276 275 272 276 273 282 291 311 318 344 324 361 352 339 318 327 357 404 400 386 408 458 494 483 496 485 487 568 660 670 653 692 580 569 600 576 609 613 600
308 296 250 269 268 233 248 255 304 295 275 252 237 236 236 233 231 225 226 223 223 207 209 213 206 209 238 294 270 261 247 241 246 251 250 252 247 245 235 269 324 280 344 294 268 267 271 281 279 273 277 275 278 290 324 347 329 344 328 315 314 418 450 443 449 415 462 491 481 488 518 542 553 616 634 579 612 648 624 609 552 541 669 643 621
291 257 265 255 225 269 246 295 324 309 292 267 243 229 230 229 227 225 223 226 224 219 214 219 215 225 240 292 266 257 248 243 248 250 254 252 250 253 251 261 259 242 275 276 264 263 268 271 290 271 287 279 274 282 289 296 306 308 299 342 397 416 389 445 482 447 470 477 497 485 513 567 585 586 562 521 501 519 509 515 574 612 670 661 580
304 290 251 237 280 270 294 339 323 308 295 272 246 238 234 233 231 228 223 221 222 220 218 217 216 229 240 262 255 248 247 246 249 251 254 254 251 254 257 257 253 247 240 311 267 260 266 269 269 270 274 302 342 350 350 350 327 314 334 363 426 438 391 436 475 459 430 409 463 463 516 530 532 528 493 484 488 498 508 515 522 542 554 551 554
303 285 245 301 276 315 325 326 316 301 287 277 266 244 232 233 230 228 218 212 211 216 212 221 216 211 214 224 235 235 249 251 249 252 255 253 251 257 259 262 258 245 242 275 275 260 259 272 308 334 328 327 319 332 343 350 367 359 369 409 408 416 425 425 415 392 397 410 420 423 433 441 446 453 463 472 482 492 493 502 513 523 532 541 553
285 271 273 258 297 316 310 307 303 298 287 279 274 249 239 239 234 223 210 210 211 217 222 222 221 210 211 225 274 251 254 266 249 252 255 254 253 261 265 268 264 249 235 259 268 286 333 358 306 276 273 290 351 342 330 363 396 368 382 377 348 340 362 371 368 368 382 401 407 405 412 422 428 438 449 455 469 476 493 502 510 524 536 545 554
280 289 231 272 306 298 301 303 298 283 277 244 253 264 248 236 223 208 208 209 210 214 220 218 215 205 212 255 294 244 240 295 256 250 254 252 259 261 267 268 270 261 242 267 263 313 313 321 322 318 330 349 379 365 382 379 353 352 343 335 330 325 340 352 360 361 374 385 394 392 400 408 422 434 440 453 466 474 485 499 510 518 529 540 551
277 288 261 275 279 255 303 292 278 266 262 235 199 230 246 228 217 205 205 206 208 210 215 210 213 207 229 290 247 225 250 305 250 248 251 251 262 267 267 270 272 269 256 251 252 251 284 298 327 347 336 335 347 375 371 335 320 317 322 326 325 324 334 341 344 353 362 369 374 384 396 405 415 425 431 441 457 468 477 488 502 513 522 534 546
271 285 274 256 228 250 309 284 274 275 256 228 198 192 229 242 224 205 202 204 206 207 209 208 211 224 274 262 226 247 301 280 244 243 245 255 260 268 269 270 272 270 264 264 267 257 254 280 332 319 335 349 362 330 330 305 303 308 311 312 315 320 325 333 339 345 354 360 371 380 386 393 405 416 425 438 450 460 470 482 494 503 521 535 528
293 271 288 250 252 273 262 277 283 261 233 230 210 200 203 226 222 209 199 200 202 204 208 225 250 281 254 231 254 298 262 237 241 236 250 255 256 264 269 269 272 273 271 270 272 271 269 266 285 298 313 326 313 300 294 292 296 302 305 306 311 316 323 329 337 342 349 357 365 371 378 388 398 409 423 435 442 456 466 478 493 504 514 513 522
275 284 269 244 284 263 249 290 272 251 231 223 217 207 202 195 190 196 193 199 221 243 265 266 239 224 233 276 286 253 234 238 234 236 249 254 257 260 265 269 271 273 272 272 274 274 273 269 273 287 292 288 287 285 287 291 296 300 301 302 307 314 319 326 331 337 344 353 359 365 377 386 394 405 417 428 438 448 464 473 484 488 495 502 512
266 252 273 270 278 258 273 274 258 246 234 224 220 213 202 195 188 179 213 266 271 242 225 208 197 207 231 289 252 227 230 231 228 242 248 252 257 257 259 265 269 270 270 271 271 273 273 273 275 281 284 283 282 282 283 292 297 294 296 301 307 312 317 322 327 334 340 349 355 360 371 378 388 399 408 417 430 449 453 456 465 475 484 495 507
234 282 298 292 262 239 281 254 247 238 232 226 220 216 208 202 198 188 237 267 226 191 189 189 203 221 257 281 230 227 227 224 232 239 244 249 255 253 255 262 264 267 267 270 270 272 272 273 275 276 277 278 278 280 285 290 289 291 296 301 304 308 313 318 323 331 336 346 351 357 366 373 382 390 402 415 425 441 442 447 456 468 478 487 496
245 297 287 278 249 247 263 234 232 231 231 230 222 218 214 207 208 206 203 196 189 186 226 230 254 267 263 248 222 223 220 223 234 237 242 245 247 247 254 259 261 264 265 266 268 269 269 271 272 273 273 274 276 280 285 285 283 289 293 295 301 304 310 315 322 327 336 341 349 355 361 369 378 388 399 412 415 421 430 441 449 458 466 476 485
249 268 249 240 223 262 241 226 226 230 226 227 222 218 217 213 209 205 201 200 203 203 237 249 215 218 218 216 217 218 216 226 230 235 239 241 243 249 252 256 258 259 260 264 265 266 266 268 270 271 271 272 277 280 285 280 282 287 292 294 299 305 309 314 319 326 334 339 345 349 356 365 373 382 395 400 402 413 425 437 442 446 460 467 478
236 257 248 241 236 245 231 226 223 223 224 222 219 216 215 216 213 207 203 202 210 217 221 219 208 209 212 214 213 211 219 226 229 232 235 238 242 246 248 252 257 258 257 261 262 263 264 266 269 271 271 271 273 280 284 276 279 285 290 293 295 302 305 311 319 327 330 332 339 345 354 360 370 379 382 390 401 410 421 429 431 440 448 459 469
246 258 262 239 235 230 232 228 224 223 219 218 217 215 212 212 213 211 207 205 209 212 213 209 206 208 209 209 207 211 218 223 226 229 231 237 239 242 244 247 254 255 257 259 261 259 260 263 264 268 268 271 274 277 279 275 278 283 288 290 292 299 303 311 321 323 326 329 336 343 349 357 364 366 376 388 395 403 406 413 423 433 442 450 458
262 261 247 240 227 215 239 229 222 222 219 218 217 216 212 210 210 210 209 208 206 207 203 203 206 206 204 205 204 213 217 220 222 226 229 234 235 239 241 244 250 254 256 253 255 258 260 260 263 266 267 271 275 280 276 275 278 280 284 285 291 295 304 310 319 318 321 327 332 337 343 351 357 361 373 380 387 393 400 407 416 425 436 442 451
262 229 245 265 235 228 236 225 223 221 219 217 215 214 213 211 208 207 207 207 207 204 202 202 203 202 203 202 204 211 214 218 220 224 228 231 233 235 239 242 247 251 252 249 251 256 258 259 261 264 265 268 275 279 271 273 276 279 281 282 289 296 302 308 313 314 318 323 328 333 341 347 352 359 365 372 376 385 395 402 407 413 429 436 445
239 225 246 278 253 238 224 222 220 220 218 216 215 210 210 210 207 204 204 204 204 201 201 201 199 200 200 199 205 210 212 214 219 222 227 227 231 235 237 239 243 245 247 249 250 253 256 258 261 263 266 269 277 275 269 272 273 277 281 280 287 293 295 296 306 318 314 317 321 330 339 339 345 351 358 366 370 378 386 391 401 408 420 431 436
270 254 254 280 262 235 225 221 219 218 217 217 215 210 210 207 206 204 202 202 201 202 202 198 196 197 197 199 205 208 212 213 215 220 225 225 228 232 235 238 239 242 245 248 247 249 254 256 258 261 264 269 275 271 269 271 274 277 278 277 284 290 292 295 306 313 311 314 320 327 335 334 340 346 355 358 364 373 380 384 393 404 414 420 429
272 265 259 262 258 239 229 221 220 218 214 213 213 212 209 205 204 203 201 198 200 201 199 194 195 195 194 199 204 206 208 211 215 219 223 223 226 229 232 235 238 240 244 246 248 248 253 254 258 259 265 268 273 268 266 270 272 273 275 276 283 289 288 294 306 303 309 312 318 325 327 328 335 342 346 350 357 363 370 376 386 396 404 411 421
267 257 251 257 259 238 227 224 222 220 215 211 211 211 211 207 202 200 199 197 200 200 193 193 195 195 194 200 202 203 206 209 214 218 220 220 223 228 230 232 234 238 243 244 246 246 251 254 257 259 263 268 274 265 267 269 270 274 272 276 285 286 288 293 300 303 308 311 316 316 318 325 331 333 339 346 349 356 364 378 383 389 399 406 417
273 254 263 260 262 243 228 223 221 219 217 213 209 206 208 208 204 200 199 197 197 197 193 194 194 193 195 198 200 203 206 209 212 217 218 220 223 226 228 233 234 237 240 243 246 245 250 252 256 260 262 268 271 263 266 266 269 270 272 274 282 284 291 296 297 297 302 302 307 310 316 320 322 327 332 335 340 352 364 370 375 381 389 400 408
280 259 276 262 255 245 233 227 220 218 217 213 210 206 204 207 206 202 198 195 197 194 192 193 193 190 194 199 201 201 205 207 210 214 216 219 222 224 227 232 234 236 240 242 247 247 247 251 255 259 262 269 268 263 264 267 268 269 269 276 284 285 287 289 291 293 296 302 304 306 312 312 318 323 325 330 345 352 359 363 368 375 385 393 401
286 261 258 239 238 256 237 224 220 218 215 213 211 210 206 203 205 202 201 197 198 194 193 192 192 190 194 199 200 201 204 207 211 213 213 219 221 223 225 231 236 235 240 242 246 246 247 251 255 260 264 270 261 264 265 266 266 267 269 280 281 283 286 287 290 292 294 296 298 301 303 310 311 314 319 333 339 341 348 357 364 374 377 384 392
300 278 233 220 251 263 241 227 222 220 218 214 213 210 208 204 202 202 201 200 197 193 191 191 193 191 196 199 199 200 203 207 209 212 213 217 221 223 227 231 233 235 239 243 245 245 248 251 255 262 266 267 261 263 265 267 265 268 273 277 279 282 281 283 286 287 290 292 295 298 303 305 304 309 322 328 332 337 344 355 359 365 370 380 387
300 285 246 249 258 271 257 241 230 224 220 216 213 208 205 203 203 205 202 199 193 191 191 195 193 193 197 198 201 201 204 206 208 211 214 218 220 222 227 230 232 235 240 243 246 246 248 251 255 262 269 261 260 261 262 265 266 270 272 277 278 279 278 282 284 287 289 293 295 297 298 299 300 312 320 323 328 335 343 347 352 358 367 373 380
294 290 269 257 247 243 264 239 228 224 220 217 214 211 208 206 204 205 200 198 192 193 194 195 193 195 197 199 201 202 204 206 208 211 214 217 220 223 227 229 231 236 239 244 246 246 248 252 257 264 268 258 261 262 264 266 269 271 272 274 276 274 278 281 282 285 288 290 291 292 294 294 304 311 316 321 324 331 336 340 346 355 361 366 374
304 284 276 272 230 260 276 256 228 222 222 218 216 215 211 208 204 202 201 198 195 194 194 194 194 196 198 199 200 202 204 206 208 211 213 218 219 222 227 230 232 235 239 244 248 247 248 252 258 264 268 258 260 263 265 265 268 270 271 271 272 274 277 280 282 283 286 286 288 288 291 299 304 309 314 315 320 327 331 336 343 351 356 363 367
310 291 285 254 250 275 266 265 232 224 224 222 221 218 214 209 205 205 204 199 195 197 196 196 194 198 200 201 202 202 204 205 209 212 215 216 220 223 227 231 233 236 241 244 247 249 249 255 259 267 262 259 262 263 264 266 269 270 270 271 273 276 279 280 281 284 283 283 288 293 295 300 305 308 310 312 318 324 326 331 339 344 351 354 359
309 297 283 275 271 259 258 256 238 230 228 225 222 219 214 211 208 207 204 197 198 198 198 197 197 200 201 201 203 204 205 207 209 212 214 218 220 223 229 231 235 237 240 245 247 250 250 255 260 267 262 262 262 263 265 268 267 269 269 271 273 276 277 278 279 281 280 283 291 294 297 302 303 305 307 311 316 321 321 327 332 337 343 348 355
288 277 288 280 244 253 270 253 247 233 230 227 222 218 218 217 210 206 204 200 200 200 199 199 200 200 203 203 203 205 207 208 211 213 214 218 221 224 229 231 235 238 242 246 248 250 251 254 263 270 263 263 263 265 267 269 268 268 270 272 273 275 276 277 279 279 279 287 291 293 297 297 297 301 308 310 314 317 319 323 329 333 337 343 351
298 297 298 279 269 269 273 250 254 234 232 229 226 224 221 219 213 209 205 203 202 203 202 200 202 203 205 204 205 207 208 209 212 214 216 220 223 226 229 233 235 238 242 246 248 251 252 258 264 272 263 263 263 266 267 266 267 270 273 272 273 274 276 276 280 277 282 290 289 292 294 297 298 305 309 309 312 314 314 320 323 325 332 340 350
299 327 310 287 269 244 277 257 252 241 239 236 231 227 223 220 214 210 208 206 206 205 205 203 203 204 204 206 207 208 209 211 214 215 218 221 224 225 230 234 237 240 243 245 249 254 256 259 265 270 262 264 264 267 267 268 267 270 273 273 272 274 275 277 275 277 284 288 289 294 293 296 300 303 303 305 307 308 310 315 317 321 326 336 343
297 327 312 293 277 259 284 271 255 252 247 240 233 226 225 223 215 215 211 208 208 207 205 205 206 208 207 208 209 211 212 213 214 217 219 223 225 228 231 234 238 240 244 247 252 255 255 260 268 269 264 266 265 268 268 267 267 270 271 272 273 274 276 276 274 281 285 284 288 290 291 295 299 301 300 302 304 304 308 310 314 319 322 330 341
