Artocarpus hirsutus SDM files/Last interglacial/Environmental layers/bio15.asc
ncols  625
nrows  721
xllcorner  69.99986311115
yllcorner  5.99986151914999
cellsize 0.041666667
NODATA_value  -9999
[rows 117 to 155 of 721, columns 0 to 88 of 625]
85 96 95 94 90 85 91 89 91 90 87 84 83 84 84 85 84 84 84 84 85 86 87 89 90 91 93 94 95 96 98 98 99 100 101 103 103 103 104 105 106 106 107 107 108 108 110 111 110 110 109 110 109 109 109 109 109 108 108 108 107 106 106 107 107 107 106 106 105 105 105 105 104 104 105 105 106 106 106 107 109 109 108 109 110 111 109 109 110
84 88 90 90 94 89 90 84 87 88 87 85 84 85 85 85 84 84 85 85 86 88 88 90 92 92 93 93 95 97 98 99 100 100 102 102 103 104 104 105 106 107 107 108 109 109 110 110 109 110 110 111 111 110 110 109 109 109 109 108 108 108 108 107 108 108 107 106 106 106 106 106 105 106 106 105 106 107 107 108 108 108 109 108 109 110 110 110 110
78 84 86 91 94 88 85 82 86 88 88 86 85 85 86 86 85 84 85 86 87 88 89 91 92 93 94 94 95 97 98 99 100 100 103 104 104 105 105 106 107 107 108 109 110 110 111 111 111 111 111 111 111 111 111 111 110 110 109 109 109 109 109 109 107 107 108 108 107 106 106 107 106 107 106 106 106 107 108 109 108 108 109 109 109 110 111 110 111
83 89 92 98 95 87 81 84 91 88 90 88 86 85 86 87 86 85 86 86 87 88 89 90 92 93 95 95 96 98 100 101 101 102 103 104 103 105 105 106 107 107 109 110 111 112 111 111 111 112 111 111 111 111 111 111 111 110 109 110 110 110 109 109 107 107 108 107 108 107 106 106 107 106 107 108 108 109 109 109 109 109 109 109 109 110 110 111 111
81 96 98 95 90 87 81 86 90 87 91 90 87 86 86 86 86 85 86 87 88 89 90 90 92 94 95 96 97 99 100 101 102 103 104 104 106 105 106 107 107 109 110 111 113 112 111 111 111 112 112 111 111 111 111 111 111 111 110 110 110 110 110 109 110 109 108 108 108 108 107 108 107 108 108 108 108 109 108 109 109 110 109 110 110 109 110 110 111
90 92 96 94 87 90 82 88 89 88 89 90 87 87 87 86 86 86 87 87 88 89 90 92 93 94 96 97 98 100 100 102 102 103 104 105 106 107 107 108 109 109 111 112 112 112 111 112 112 112 112 111 112 112 111 111 111 111 111 111 110 110 110 110 110 110 109 109 108 108 108 109 108 108 108 108 109 109 109 109 109 110 110 110 110 110 109 110 111
83 81 96 97 92 93 86 91 95 91 92 91 89 88 88 87 87 86 87 88 88 90 91 92 93 94 96 98 98 101 102 103 103 104 105 105 107 107 108 109 110 111 111 112 111 111 112 112 112 112 112 112 112 112 112 112 111 111 111 111 111 111 110 110 110 110 110 109 109 109 109 110 109 109 109 110 109 109 109 110 110 110 110 109 110 110 111 111 111
81 83 93 97 98 96 93 87 92 93 93 92 89 87 87 88 87 87 87 89 89 90 91 92 94 95 97 98 99 101 102 102 103 104 105 106 107 108 108 109 110 111 113 113 112 112 113 113 113 112 112 113 112 112 112 112 112 112 112 112 112 112 111 111 111 110 110 109 109 110 110 110 109 111 110 109 109 110 109 109 109 109 110 110 111 111 112 112 113
79 82 88 99 98 98 94 87 91 92 94 93 89 87 87 88 87 87 87 88 90 90 92 94 95 96 97 99 100 101 102 102 104 105 105 107 107 108 109 109 110 112 112 112 112 114 114 113 113 112 113 113 112 113 112 112 113 113 114 114 113 111 112 112 111 111 110 110 110 110 110 110 111 111 110 110 110 109 110 110 111 111 112 111 112 112 113 114 114
87 84 95 94 99 98 96 92 93 93 90 91 90 89 88 87 87 87 88 89 90 91 93 93 95 96 98 99 100 101 102 102 104 106 106 106 108 108 109 110 112 112 111 112 113 113 114 113 113 113 113 113 113 113 112 113 113 114 114 113 114 113 113 113 112 112 112 112 112 111 112 110 110 111 111 111 110 110 111 111 112 113 114 114 114 113 114 114 113
95 92 96 96 102 97 92 90 94 93 92 94 91 90 89 89 89 88 89 89 91 92 94 94 95 97 98 99 100 101 102 103 105 106 106 107 108 108 109 110 111 111 112 113 113 113 114 114 114 114 114 113 113 113 115 114 114 113 113 113 113 113 113 112 111 112 112 112 112 111 111 111 111 112 112 112 112 114 113 112 113 114 114 113 112 113 112 112 113
87 97 101 101 101 98 92 88 95 95 89 90 91 91 90 90 89 90 90 90 92 92 93 95 97 98 99 99 101 102 103 104 105 106 106 108 108 108 109 110 111 111 112 113 112 113 113 113 113 114 114 112 113 113 114 113 113 114 113 113 113 113 112 112 112 112 111 111 112 111 111 111 112 112 113 113 112 114 115 115 115 114 113 113 112 112 113 114 113
88 95 89 96 99 101 98 94 99 91 82 91 93 93 91 91 91 92 91 91 93 94 95 96 97 98 99 99 101 103 103 104 105 107 107 107 108 109 111 112 111 111 112 112 112 112 113 113 112 113 114 113 113 113 113 114 114 113 113 113 113 113 113 113 112 111 111 112 112 112 112 112 112 113 113 113 113 114 115 114 114 114 114 113 114 114 114 114 114
89 87 92 101 98 98 95 93 92 87 89 96 97 94 92 92 93 93 92 92 93 94 95 96 98 99 100 101 102 103 104 105 106 108 108 109 109 110 111 110 111 111 111 112 112 112 112 113 112 113 112 113 113 112 113 113 114 114 114 113 113 112 113 114 114 112 112 113 113 113 113 113 113 113 113 114 114 115 114 114 114 114 113 113 115 115 114 115 114
92 88 102 105 102 99 95 93 93 85 94 95 97 94 93 93 93 94 93 93 94 95 95 97 98 99 99 102 103 104 106 107 107 108 109 110 110 110 110 110 111 111 112 112 111 112 112 112 113 113 113 113 113 113 113 114 113 113 113 114 113 112 112 113 113 113 113 114 113 113 114 114 115 115 114 115 114 114 114 113 113 114 114 115 115 115 115 114 115
91 98 103 101 96 98 96 90 90 90 96 89 94 96 95 95 94 94 94 94 95 96 97 98 99 100 100 103 103 105 106 107 108 108 110 111 110 110 110 110 110 112 112 112 112 112 113 113 112 112 113 112 113 112 113 113 114 114 114 113 114 114 114 114 114 114 114 114 113 113 114 115 115 114 114 114 114 113 113 113 114 115 115 115 115 115 115 115 116
97 103 102 90 96 99 94 94 93 91 94 96 99 97 95 94 94 94 95 95 96 96 98 99 100 101 102 103 105 105 106 107 108 109 110 110 111 110 110 110 111 110 111 111 111 113 113 113 113 113 112 113 113 112 113 113 113 113 113 114 113 113 113 114 114 113 114 115 114 114 115 115 114 114 115 116 114 114 114 115 114 115 115 115 115 115 116 117 116
100 102 93 88 102 102 99 101 100 99 101 101 101 99 96 95 95 95 95 96 96 98 98 99 100 101 103 104 106 106 108 108 109 110 110 111 110 110 110 110 110 111 111 111 112 112 112 113 113 113 113 113 113 113 114 113 114 114 113 113 113 113 114 114 114 114 114 114 115 115 115 114 114 115 115 115 116 116 115 115 115 114 115 116 116 116 116 117 117
100 99 85 91 106 106 104 102 101 101 99 101 101 100 99 98 97 97 97 97 97 99 100 99 102 102 103 104 106 107 108 109 110 111 111 110 110 111 110 110 111 112 111 112 112 112 112 112 112 113 113 113 115 115 114 114 114 113 113 114 113 113 113 114 114 114 113 114 113 113 114 114 114 115 115 116 115 116 116 116 116 116 115 115 116 117 117 117 117
106 93 90 99 109 107 103 100 99 98 99 104 104 102 100 99 98 97 97 98 98 99 101 102 102 103 104 105 107 108 109 110 111 111 110 110 111 111 111 110 111 112 112 112 112 112 112 112 112 113 113 113 113 114 114 114 114 114 114 114 114 113 114 115 113 113 113 113 114 114 114 114 114 116 116 116 116 116 117 116 117 117 116 116 117 117 117 116 117
102 87 92 104 111 109 105 102 99 102 105 102 103 101 100 99 98 98 99 98 99 100 101 102 103 104 106 106 107 108 109 110 111 111 111 111 112 111 112 112 111 112 112 112 112 111 112 112 112 113 113 113 113 114 114 114 114 114 114 114 114 114 114 113 113 114 114 113 114 114 115 115 115 115 116 116 116 116 117 116 117 118 118 118 117 116 116 117 117
97 88 96 110 112 110 108 105 103 104 105 105 104 101 100 99 98 98 99 100 99 101 102 104 105 105 106 107 107 109 109 111 111 111 112 112 112 112 112 113 112 112 112 111 111 111 112 112 112 112 113 113 113 114 114 114 114 114 113 113 113 114 114 113 114 114 114 114 115 115 114 115 115 116 116 115 116 116 117 117 118 119 118 118 117 117 117 117 118
94 93 102 111 113 111 111 108 107 103 104 107 104 102 101 100 99 99 101 100 102 102 105 105 106 106 107 108 108 110 112 112 112 112 113 113 113 112 112 113 112 112 113 112 111 112 112 112 112 112 112 113 113 114 114 113 113 113 113 113 113 113 114 114 114 114 114 114 114 114 115 115 116 115 116 116 117 117 117 117 117 118 118 118 117 118 118 118 119
92 96 97 112 113 112 111 111 109 103 108 108 104 103 102 101 100 101 101 101 102 104 105 106 106 107 109 109 109 112 112 112 112 113 113 113 114 114 114 114 113 113 113 111 112 112 112 112 112 112 113 112 113 113 113 113 114 114 113 113 113 113 114 114 114 115 115 115 115 115 115 115 116 116 117 116 117 117 117 117 117 117 117 117 117 119 118 119 118
92 96 105 114 112 110 109 109 109 110 109 107 104 103 102 101 101 102 102 103 105 105 106 107 108 109 109 110 112 112 113 112 112 113 114 115 114 114 114 113 113 114 113 112 112 113 114 113 113 113 114 113 112 112 112 113 114 113 113 113 113 114 115 114 114 114 114 115 115 115 116 116 116 117 117 117 117 117 117 117 117 117 117 117 118 118 118 118 118
93 104 114 117 113 111 108 110 112 111 109 107 104 103 103 102 103 103 104 104 105 106 107 108 109 109 111 111 113 112 113 113 113 114 115 114 114 114 113 114 115 114 113 113 114 113 113 112 113 112 113 113 113 113 113 113 114 113 113 114 114 114 114 114 114 114 114 114 115 115 116 116 117 116 116 117 117 117 116 117 117 117 117 118 119 119 118 119 118
101 114 116 118 112 111 113 110 110 110 109 108 106 105 104 104 104 104 106 106 107 108 108 110 110 111 111 113 113 114 113 113 115 114 115 115 115 114 114 114 114 115 114 114 113 113 113 113 113 113 113 113 113 113 113 113 114 114 114 115 114 113 113 113 114 115 115 115 115 115 116 116 116 116 117 116 117 117 117 117 118 118 118 118 119 119 118 118 119
108 115 120 119 115 115 115 114 113 110 109 108 108 107 106 105 105 106 106 107 108 108 110 110 111 112 114 114 114 114 114 113 114 116 116 115 115 114 115 114 114 114 114 114 114 114 114 112 113 113 113 115 114 114 113 113 113 115 115 114 114 114 114 114 114 114 115 115 115 115 115 115 115 116 117 117 117 118 118 118 119 118 118 118 118 119 119 119 120
111 118 120 118 118 117 116 114 113 110 109 109 109 108 108 107 107 107 108 108 109 111 111 111 112 113 113 115 115 114 114 115 116 116 116 115 115 115 115 115 115 115 115 115 114 114 115 114 114 113 114 115 114 114 114 114 114 114 115 116 115 114 114 115 115 115 115 115 114 115 115 115 116 117 117 118 118 118 118 118 119 119 119 120 120 119 118 120 120
110 118 121 119 118 118 115 113 114 112 111 111 109 109 108 108 108 108 110 109 110 112 112 113 113 114 115 115 115 115 115 116 117 117 116 115 115 116 115 116 116 116 116 115 114 115 115 115 114 114 114 114 114 114 114 115 115 115 115 115 115 114 115 115 114 115 115 115 114 116 116 117 118 118 118 118 118 118 118 118 118 119 119 120 120 120 120 120 120
118 123 122 119 119 118 115 115 115 114 112 111 110 109 109 109 110 110 110 111 112 112 113 113 114 115 115 115 116 116 116 117 117 117 116 116 116 116 116 116 116 116 115 115 115 115 115 114 114 114 114 114 114 114 114 115 115 115 116 116 115 116 115 115 115 115 115 115 116 117 116 117 118 118 118 118 118 119 118 119 119 119 121 120 120 121 120 121 120
121 124 121 120 121 118 116 116 115 114 113 112 111 110 110 110 110 110 112 112 112 113 114 115 115 116 116 117 116 117 118 118 118 118 117 117 117 117 117 117 117 117 117 116 116 116 116 115 115 114 114 114 114 114 115 115 115 115 115 116 116 116 115 115 115 115 116 116 116 117 117 117 117 118 119 119 120 119 119 120 120 120 120 120 121 121 121 121 120
125 124 123 122 121 117 117 116 114 113 112 112 111 111 111 111 112 113 113 114 114 114 116 115 116 117 118 118 119 119 120 119 119 118 119 119 118 118 118 118 117 117 118 118 117 117 116 116 115 114 114 114 114 115 115 115 115 115 115 115 116 116 115 116 116 116 116 116 117 117 117 118 119 120 120 121 121 121 121 121 121 121 121 121 122 122 121 121 122
125 125 123 122 120 118 118 116 115 115 114 113 112 112 113 113 114 114 114 115 116 116 116 117 118 118 119 119 119 121 120 120 119 119 119 118 119 118 119 118 118 118 118 118 117 117 117 116 116 115 115 115 116 116 116 115 114 115 115 116 117 117 117 116 115 116 116 116 116 117 117 119 120 120 121 120 122 122 122 122 122 121 122 122 122 122 122 122 123
125 124 124 122 120 119 118 117 117 116 116 115 114 114 115 115 115 116 116 117 117 117 118 119 119 119 119 120 121 121 120 120 119 120 119 119 119 119 119 119 119 118 119 118 118 117 117 116 116 115 115 116 116 116 116 115 116 116 117 117 117 117 116 115 115 116 117 117 117 118 118 119 120 120 121 121 121 122 122 122 122 123 123 123 123 122 122 122 122
126 124 124 122 121 120 119 119 119 118 117 116 116 116 116 116 117 116 118 118 118 118 119 119 120 120 121 122 121 121 121 121 120 120 120 121 120 120 120 119 119 119 119 119 119 118 117 117 116 117 117 116 117 117 116 117 116 117 117 116 118 117 117 117 117 116 117 117 118 118 120 119 119 120 120 121 122 122 122 122 122 122 123 123 124 122 123 123 122
126 123 123 122 121 120 119 119 118 117 117 117 117 117 117 117 117 118 119 119 119 120 120 121 120 120 122 122 122 123 122 121 121 121 121 121 120 120 120 119 119 119 119 119 119 117 118 117 117 117 118 117 117 117 116 116 117 117 117 117 118 118 118 119 118 118 118 119 119 119 120 120 121 121 122 122 121 123 123 123 122 123 123 123 123 123 124 124 124
126 125 124 122 121 120 119 119 118 118 118 118 118 119 119 119 119 119 120 120 121 121 121 121 121 121 123 123 123 123 123 122 122 121 121 121 121 121 121 121 121 120 120 120 120 119 119 119 118 118 118 117 117 117 117 117 116 117 117 118 119 119 119 119 119 118 118 119 120 120 121 121 121 121 122 122 122 122 123 123 123 122 123 123 124 124 124 125 125
126 126 123 122 122 121 120 119 119 119 119 120 120 120 120 120 121 120 121 121 122 122 122 122 123 124 123 123 124 124 123 123 125 124 123 122 122 121 121 121 121 121 121 121 120 120 119 119 118 117 117 117 117 117 117 117 119 118 117 118 119 119 119 119 119 119 120 120 120 121 122 121 122 123 123 123 122 123 123 123 123 124 124 124 123 125 125 125 125
