Artocarpus hirsutus SDM files/Last interglacial/Environmental layers/bio17.asc
ncols  625
nrows  721
xllcorner  69.99986311115
yllcorner  5.99986151914999
cellsize 0.041666667
NODATA_value  -9999
[rows 48 to 95 of 721, columns 0 to 95 of 625]
70 81 89 95 83 93 101 88 86 93 89 80 80 73 72 71 69 67 60 56 60 65 65 60 56 52 52 57 64 61 56 55 55 62 69 72 71 72 72 73 74 74 75 74 73 73 76 76 79 80 80 76 76 83 81 81 83 85 90 93 95 96 96 98 105 116 148 132 128 127 124 125 143 131 127 134 164 179 146 148 153 218 221 192 135 169 176 142 158 155 147 156 211 221 231 230
68 74 71 71 80 93 88 91 91 86 78 69 81 77 74 70 67 63 61 62 60 57 48 48 48 51 55 53 52 56 55 57 59 64 68 73 73 73 73 73 74 74 77 79 80 84 87 86 91 93 90 84 78 76 78 81 84 88 93 96 98 101 109 117 125 131 127 107 124 127 129 122 120 133 162 181 158 182 151 150 156 214 211 213 146 144 171 140 151 148 136 138 144 152 179 211
66 68 69 71 79 71 73 75 68 66 63 64 66 61 57 53 51 45 44 43 42 41 41 44 49 57 65 72 68 67 66 61 57 67 72 76 73 70 74 74 76 78 79 83 84 87 91 92 95 97 99 99 95 80 78 83 88 91 94 97 101 106 116 131 133 118 100 109 119 123 133 137 152 180 172 163 143 137 148 138 149 207 228 214 173 140 140 190 157 153 191 171 139 139 144 163
66 67 68 70 70 76 76 75 72 69 61 58 55 54 52 48 46 44 40 41 45 52 57 54 51 51 52 51 64 70 60 57 58 69 73 71 69 72 74 74 78 79 82 85 87 91 92 95 98 101 99 95 94 87 95 91 90 92 92 95 101 108 112 110 96 94 105 115 120 123 132 163 178 179 150 141 127 131 136 153 155 185 214 212 218 176 138 185 229 163 152 191 177 179 162 155
64 65 66 67 79 94 91 99 83 66 65 64 59 60 57 59 59 52 47 59 59 62 63 64 67 71 70 66 59 55 58 60 66 78 74 70 71 75 76 77 80 82 83 86 90 94 94 91 76 72 77 83 88 83 85 95 99 100 101 104 108 106 94 88 93 104 114 114 124 127 141 140 127 133 160 183 168 159 150 135 139 141 164 224 219 174 139 163 187 205 160 163 143 147 165 142
80 76 68 69 68 72 87 101 85 66 60 60 61 61 64 52 48 45 50 60 57 49 48 47 51 58 66 73 81 75 61 62 82 88 81 79 76 76 77 80 84 83 87 90 92 77 64 59 59 60 62 65 65 70 78 89 96 97 102 101 95 95 95 101 106 113 113 113 124 124 105 108 127 141 155 174 154 131 121 129 145 133 147 171 206 153 142 163 136 153 178 191 157 131 163 127
103 86 81 85 80 66 67 72 70 65 63 63 69 75 66 57 52 61 61 58 49 45 45 48 57 60 57 63 71 79 84 85 85 87 84 76 77 78 79 77 80 85 90 84 70 64 67 64 69 66 72 74 73 74 76 78 81 83 84 88 94 101 107 108 106 109 113 109 107 125 133 139 139 127 116 116 114 117 122 123 131 141 141 148 165 143 125 124 141 184 178 164 172 124 138 126
96 78 73 81 84 74 79 65 64 72 84 92 88 84 73 53 54 58 55 52 49 51 52 65 66 54 56 58 58 67 75 80 82 89 83 71 79 82 84 85 89 88 78 72 74 76 63 67 64 75 79 92 96 90 81 77 75 83 92 98 92 89 92 99 111 107 112 115 121 125 127 112 105 105 106 109 114 115 117 121 126 127 128 168 197 189 131 152 145 144 158 173 178 176 126 136
69 66 66 70 66 68 79 63 75 87 81 92 91 82 67 52 51 56 50 49 47 60 60 59 52 51 49 52 52 62 65 66 77 84 79 78 81 85 89 91 86 80 79 69 65 56 55 56 61 67 72 69 80 93 98 95 90 89 89 90 88 85 89 100 103 108 107 104 98 98 101 103 103 106 110 111 113 119 118 116 119 122 142 131 147 142 129 143 127 122 127 168 174 185 150 116
64 65 65 65 64 63 63 62 84 97 93 82 70 75 65 60 54 52 48 46 46 46 47 51 49 52 52 52 53 54 59 62 63 60 59 62 76 77 77 75 63 62 56 55 56 56 57 60 64 65 65 66 67 76 82 88 94 99 105 108 101 93 94 92 93 102 106 104 101 105 104 113 109 110 114 114 116 117 123 129 147 130 120 117 135 141 124 119 135 117 114 136 133 169 138 113
61 65 73 79 67 63 63 63 86 96 93 73 61 58 57 58 61 63 67 60 57 54 48 51 49 52 54 53 58 58 57 59 57 57 57 58 57 58 60 57 55 56 66 67 65 61 60 61 67 68 64 64 64 76 80 85 84 81 81 87 97 102 107 102 96 96 98 109 108 99 100 114 116 113 116 113 120 121 117 110 111 111 116 122 122 121 111 109 119 136 113 112 134 146 119 124
59 72 92 85 67 63 67 60 72 68 65 66 62 56 55 53 50 52 51 54 60 67 65 57 53 52 50 55 66 63 64 62 59 59 59 57 59 60 57 59 69 66 58 56 55 56 58 64 70 70 68 66 65 64 67 69 73 73 75 78 92 99 100 105 103 93 95 101 102 96 99 108 109 117 109 106 107 108 118 115 113 115 127 152 137 125 128 113 105 110 131 108 104 140 112 140
58 61 68 68 64 61 62 62 60 63 61 61 60 58 71 65 50 49 49 49 47 47 48 48 48 49 62 77 76 74 71 65 59 58 59 59 60 57 57 56 57 57 57 55 56 57 59 65 68 69 70 70 66 65 66 69 71 73 76 78 82 86 85 92 106 102 105 109 104 95 99 104 104 102 112 121 131 122 113 124 138 129 127 135 145 136 112 115 136 110 113 140 112 101 114 116
58 58 59 60 64 66 64 72 61 60 60 67 60 55 64 59 49 48 49 49 49 48 48 49 55 66 74 60 53 55 63 60 59 61 60 60 61 60 58 62 71 72 57 54 55 57 62 68 68 66 66 66 68 69 72 74 78 83 82 78 78 81 83 90 99 111 117 109 92 94 98 94 92 99 116 126 130 128 127 120 116 109 110 112 122 128 113 105 116 139 121 107 126 104 98 112
59 57 62 60 75 83 85 83 61 67 63 59 67 58 50 49 49 49 51 56 62 56 54 58 61 54 56 51 55 58 55 53 56 61 65 63 61 58 64 69 67 58 54 54 54 60 67 72 68 66 68 72 75 78 80 83 84 85 79 76 80 88 96 95 97 96 86 81 83 94 91 88 99 113 108 114 108 118 110 106 107 100 101 101 108 126 109 105 98 105 134 117 106 125 123 95
55 57 56 66 79 69 64 69 62 74 62 56 61 59 51 56 61 61 65 71 72 59 61 61 52 61 60 58 60 64 59 56 56 59 60 66 64 62 63 67 60 55 54 58 60 61 62 63 61 68 69 67 73 76 78 74 76 75 72 78 87 92 93 84 75 76 78 78 86 87 87 92 104 107 101 99 100 102 102 102 99 99 100 99 99 105 109 110 106 94 94 108 115 108 106 114
54 57 67 66 58 60 72 81 78 71 56 55 53 53 59 63 65 70 67 62 62 63 64 59 65 63 54 57 59 64 58 62 71 73 71 63 64 62 68 66 54 52 62 70 70 70 66 64 64 66 71 75 73 70 66 66 67 70 70 79 83 85 80 76 78 75 78 80 83 83 88 97 106 93 93 99 101 108 105 99 98 101 99 100 101 99 98 104 94 98 95 99 110 120 101 112
60 66 66 57 56 71 84 68 60 63 56 51 51 63 65 57 57 54 56 60 55 46 46 46 46 48 49 50 52 55 62 57 60 59 58 60 58 59 60 57 57 58 61 62 66 69 70 73 73 72 74 68 65 64 61 64 65 66 71 75 79 78 77 76 75 75 79 84 89 90 100 104 93 95 103 109 115 114 106 97 100 101 97 104 114 111 92 94 92 87 91 95 98 117 118 99
74 79 75 68 60 68 64 56 60 62 51 50 56 67 60 67 68 68 66 62 58 59 59 57 57 60 61 56 52 56 53 59 63 68 63 64 69 70 59 56 54 58 65 64 63 67 72 67 67 67 65 59 59 58 59 60 70 76 82 83 75 73 72 72 75 81 88 91 92 98 100 95 94 104 111 110 102 100 100 97 97 96 94 97 111 109 100 107 95 89 87 85 85 93 112 117
79 83 77 71 67 55 54 55 60 51 51 51 55 51 52 54 54 57 50 47 46 48 50 51 51 49 50 54 58 62 67 69 67 64 63 70 65 60 56 69 59 52 58 61 61 61 66 58 57 57 56 55 57 60 66 72 79 80 76 70 69 68 67 69 78 83 83 90 98 103 102 96 100 100 100 99 97 92 93 98 93 96 93 92 95 95 97 90 96 91 82 80 81 86 82 92
72 64 58 53 60 55 67 70 54 52 54 55 55 52 67 73 68 62 57 46 46 46 46 47 47 48 50 55 60 64 65 66 69 69 70 71 67 59 56 63 53 53 56 58 58 53 53 52 54 54 55 60 70 74 75 73 69 68 66 66 63 65 68 73 77 78 83 86 89 88 92 97 102 101 94 96 97 93 96 102 102 98 107 105 97 100 111 99 90 92 85 81 78 82 83 77
50 53 58 56 54 57 57 54 50 53 55 61 56 51 56 55 51 48 46 45 47 51 51 47 48 57 55 54 56 62 65 67 70 70 71 70 62 62 66 61 48 47 56 51 51 50 50 51 54 52 58 63 64 62 62 62 62 60 61 63 67 76 78 78 83 82 89 92 88 83 83 92 96 86 87 92 93 94 95 96 102 105 94 89 95 100 84 84 87 96 97 83 77 73 82 86
46 53 54 49 48 48 48 49 47 49 62 55 58 48 51 48 45 45 45 45 45 44 44 45 48 47 47 55 60 63 65 65 59 67 58 47 45 51 57 50 46 48 57 54 53 50 50 50 51 53 57 60 61 63 63 66 66 73 67 75 79 84 84 84 83 83 83 83 87 92 92 94 83 82 85 80 84 91 99 99 99 96 93 80 84 82 81 78 77 76 78 84 76 73 73 85
46 47 47 48 48 48 48 47 47 54 53 46 47 48 50 48 45 46 45 45 46 46 45 48 49 51 55 56 55 58 61 54 45 46 44 48 47 46 47 46 46 47 53 55 47 48 51 57 59 62 62 64 66 68 69 72 70 72 75 72 75 82 83 84 83 87 86 88 83 89 94 91 86 84 78 81 90 85 84 82 81 87 79 85 79 77 80 82 79 76 74 75 75 72 71 70
45 44 50 60 45 48 48 47 47 53 51 46 47 46 46 46 46 46 46 46 46 48 50 51 51 52 52 59 61 58 48 45 45 42 50 45 43 44 49 44 43 49 50 48 51 57 59 61 62 64 64 65 68 68 70 70 72 72 74 72 73 72 80 84 84 87 85 88 89 86 89 84 77 76 86 90 93 94 93 78 72 73 78 78 77 77 82 91 84 78 75 75 74 73 70 70
46 44 54 46 45 48 47 48 57 63 46 46 47 48 48 48 48 47 48 46 48 49 52 51 51 54 58 52 48 43 39 39 38 39 39 39 40 43 47 43 46 53 54 54 53 57 60 63 60 63 65 63 62 63 68 71 71 71 70 69 69 73 74 81 84 84 83 80 83 84 78 75 78 78 79 80 76 81 72 76 76 77 75 75 76 80 85 83 80 80 77 76 78 77 75 71
56 52 49 50 56 57 46 53 52 46 48 46 46 48 48 48 47 46 46 46 49 49 49 49 50 52 57 43 37 37 38 38 38 39 39 40 41 41 43 43 50 54 56 56 53 56 58 60 60 59 62 63 66 65 65 68 71 71 71 73 73 73 75 76 80 79 80 82 77 74 72 71 75 76 74 72 78 73 77 78 78 75 78 77 83 89 78 74 77 78 79 80 78 75 74 74
53 50 55 62 50 48 50 61 51 49 45 45 46 48 48 47 47 47 47 45 46 46 46 48 50 51 55 48 37 38 38 38 39 40 40 41 43 43 44 48 48 53 55 54 53 54 55 57 59 60 59 63 65 68 68 68 71 69 72 69 76 79 80 75 69 78 80 81 77 77 75 75 75 75 78 80 70 70 76 84 83 84 87 89 84 75 74 75 77 78 81 81 82 84 83 81
46 45 46 51 46 46 50 46 45 45 45 46 46 45 45 45 45 47 47 44 44 46 46 46 47 48 54 44 37 38 39 39 40 40 40 41 42 44 48 57 55 54 54 53 52 54 50 50 54 60 61 62 65 68 68 68 68 72 71 70 70 76 78 80 77 81 82 81 81 78 77 78 78 83 90 78 81 82 77 73 83 92 87 78 72 71 73 75 79 83 84 86 85 79 75 74
46 49 49 51 45 45 47 50 46 46 45 45 45 46 45 45 45 45 45 44 43 43 43 43 43 44 47 38 36 38 39 39 40 40 40 42 42 43 45 51 56 55 54 50 49 51 52 52 54 57 61 64 64 68 68 69 68 72 70 69 69 71 72 79 82 84 83 83 81 83 83 81 86 89 90 92 92 84 73 71 83 72 66 66 67 69 73 77 82 86 85 78 73 72 73 73
52 47 45 54 47 52 54 54 50 46 44 43 44 45 45 45 45 44 43 43 41 42 42 40 39 40 40 35 37 39 39 39 40 40 40 41 41 42 43 45 45 50 46 46 46 50 54 55 55 55 57 61 64 66 68 68 68 68 67 70 70 76 79 82 82 81 82 84 84 87 87 87 88 88 81 78 79 86 69 72 68 69 71 69 69 70 73 81 78 70 68 68 70 70 72 73
47 44 47 55 49 52 58 62 58 47 44 43 44 44 44 44 43 43 42 41 41 40 40 38 37 38 40 39 37 37 38 38 40 40 40 41 41 42 43 47 40 38 42 41 44 50 54 55 58 57 57 56 57 58 63 65 68 68 67 67 74 78 74 75 79 78 81 76 73 76 74 74 79 70 63 59 62 67 76 76 72 72 80 78 72 70 76 74 67 67 67 68 69 71 72 73
43 43 52 50 53 61 59 65 52 48 44 43 43 44 43 43 43 42 41 41 41 40 38 37 37 37 38 35 34 35 37 38 39 39 39 39 40 41 42 39 36 38 38 43 46 50 53 55 58 58 61 60 59 58 57 56 61 61 67 75 75 65 62 70 72 62 63 62 63 63 67 68 64 58 58 58 59 58 60 62 69 72 71 70 66 70 69 66 67 68 68 68 70 70 72 72
48 54 47 53 62 55 63 55 43 42 42 43 44 45 45 44 43 42 41 41 39 38 37 37 35 34 34 33 34 35 35 37 37 38 38 38 38 39 39 39 39 39 41 50 50 51 54 55 55 58 60 64 65 64 66 69 68 69 70 70 69 59 54 55 55 54 54 54 55 56 58 56 57 58 58 61 62 62 62 62 61 60 60 63 66 70 69 69 69 69 68 70 70 70 69 70
43 40 46 51 47 53 44 40 39 40 42 43 44 43 43 44 44 44 41 41 42 42 40 40 38 36 35 35 34 35 36 36 36 36 37 38 38 39 39 39 39 41 46 47 52 53 54 56 61 60 58 58 57 58 55 57 58 56 58 58 54 51 54 50 50 52 54 55 55 54 56 57 57 58 60 63 65 65 65 66 63 63 63 64 68 69 69 68 68 68 68 68 68 68 68 69
40 39 43 40 43 38 38 38 39 39 38 42 44 42 44 44 41 41 41 42 44 44 44 43 41 41 41 42 42 38 39 37 36 36 36 36 37 38 38 39 39 39 41 51 53 56 58 55 51 51 55 59 61 57 57 64 56 49 49 48 48 48 50 50 51 53 55 57 57 57 58 59 59 61 63 64 66 66 68 68 66 66 66 67 67 68 67 66 66 66 66 66 66 68 68 69
39 39 38 43 38 38 38 36 36 36 36 36 39 41 41 40 40 40 42 42 43 43 43 42 41 41 42 43 38 37 39 40 33 35 35 35 37 36 36 37 39 39 38 42 43 47 46 51 55 57 56 55 53 53 54 48 45 45 48 48 49 50 51 52 54 54 56 57 58 60 61 62 62 64 64 65 65 65 65 65 65 64 64 64 65 64 64 65 65 65 66 66 66 66 68 69
39 41 37 38 36 37 38 36 36 35 36 35 34 36 40 39 40 42 43 43 43 43 42 42 41 41 42 38 32 36 41 37 32 33 34 35 36 36 36 36 36 37 38 37 37 37 43 42 44 45 43 43 45 48 44 42 44 45 47 49 51 52 54 54 54 56 56 57 59 60 62 62 62 62 63 63 63 63 63 63 63 64 64 64 63 62 64 64 65 65 65 66 66 66 66 67
36 39 36 36 35 42 40 35 36 35 34 34 35 36 40 42 42 41 42 42 43 43 42 42 41 42 41 32 34 39 38 30 30 33 34 35 35 36 36 36 36 36 39 38 37 37 37 39 40 41 42 43 42 42 42 43 44 47 48 49 51 54 55 55 56 56 57 58 59 60 60 60 62 62 62 63 63 62 63 63 63 63 63 61 62 62 62 62 63 64 63 63 64 65 65 65
42 36 37 36 42 37 35 38 35 33 33 35 36 35 35 37 38 41 42 42 42 43 43 43 41 38 32 34 38 36 29 29 30 33 34 35 35 35 35 36 36 36 38 37 38 38 37 37 37 38 39 39 39 42 42 44 47 48 50 50 53 53 55 56 57 57 58 58 58 59 60 60 60 60 60 59 60 60 60 61 61 60 60 60 61 61 61 61 61 61 61 63 63 63 64 65
37 35 35 35 38 34 38 37 34 34 34 35 35 35 35 33 33 35 39 40 43 42 40 34 31 31 33 36 32 28 28 30 31 34 34 34 34 34 34 35 36 36 36 37 37 38 39 39 39 39 39 39 42 43 44 46 48 50 50 50 51 52 54 54 56 57 58 58 57 58 59 59 59 58 58 58 58 59 60 59 59 58 60 60 60 60 60 60 60 61 61 62 63 63 63 63
42 38 38 38 34 35 34 34 34 34 34 35 34 35 35 34 32 34 43 42 36 30 29 29 30 30 32 32 28 28 30 31 32 33 33 33 33 33 34 34 35 36 36 37 38 38 39 39 40 40 40 42 43 44 45 48 48 48 50 50 51 52 52 53 54 55 56 57 57 57 57 58 58 58 58 58 58 57 57 57 58 58 58 58 59 59 59 59 59 60 60 60 61 62 63 63
39 47 39 37 32 34 34 32 33 34 34 35 35 35 35 33 32 33 36 32 29 29 29 30 32 34 36 28 27 30 31 32 32 32 32 32 33 33 33 34 34 36 36 36 37 38 39 40 42 42 43 43 45 45 47 48 48 48 49 50 50 51 53 53 53 54 55 55 55 55 55 56 57 56 57 57 57 57 57 57 57 58 58 58 58 58 58 58 59 60 60 60 60 60 61 62
35 38 33 32 32 33 32 32 33 34 35 36 35 35 34 32 32 30 28 28 29 31 36 37 34 31 26 25 27 30 30 32 32 32 32 32 32 32 33 33 34 34 36 36 36 38 38 40 41 42 42 42 45 45 45 45 45 48 48 49 50 51 52 52 53 53 53 53 54 54 54 54 54 55 56 55 55 55 55 57 57 56 56 58 57 57 58 59 59 58 59 59 59 59 58 59
31 31 31 31 31 33 32 32 33 34 34 34 34 34 33 32 32 30 29 29 28 28 29 27 25 25 25 26 28 30 30 31 31 32 32 32 32 32 32 33 33 34 34 36 36 38 38 38 40 42 42 42 42 44 45 45 45 47 47 48 50 51 51 52 52 53 53 53 53 53 54 54 54 55 54 54 55 55 55 55 54 54 54 56 56 55 56 56 56 57 57 57 58 57 58 58
31 33 31 31 32 31 31 32 34 34 34 34 34 33 32 32 32 30 29 29 29 27 27 26 26 27 27 28 29 30 30 30 30 30 30 31 32 32 32 32 33 34 34 36 36 37 38 38 39 40 42 42 42 42 43 44 45 46 47 48 48 50 50 50 52 51 51 51 51 51 51 52 53 53 53 54 54 53 53 53 53 53 53 53 54 54 56 56 56 56 56 57 57 57 57 57
34 32 31 30 31 32 33 33 33 33 33 34 34 33 32 32 32 31 29 29 29 27 27 28 28 29 29 29 30 30 30 30 30 30 30 30 31 31 32 32 32 33 35 36 36 36 38 38 38 39 40 42 42 42 42 43 44 46 46 47 48 48 48 49 50 50 49 50 51 51 51 51 51 52 52 53 53 53 53 53 53 53 53 53 54 54 54 55 55 55 55 55 55 55 56 57
34 31 31 30 31 33 35 32 33 33 33 33 33 33 32 32 31 31 29 29 29 27 27 27 29 29 29 30 30 30 30 29 28 29 30 30 30 30 31 31 32 33 34 34 36 36 36 38 38 38 39 40 42 42 42 42 44 45 45 46 48 48 48 48 48 48 48 49 49 49 50 51 49 51 51 51 52 52 52 52 52 52 53 53 53 53 53 53 53 54 55 55 55 55 56 56
