Artocarpus hirsutus SDM files/Last interglacial/Environmental layers/bio15.asc
ncols  625
nrows  721
xllcorner  69.99986311115
yllcorner  5.99986151914999
cellsize 0.041666667
NODATA_value  -9999
[rows 39 to 77 of 721, columns 534 to 622 of 625]
128 127 128 129 129 128 129 130 130 130 134 134 132 133 134 135 134 134 132 133 134 135 135 135 129 130 134 136 131 128 128 131 134 133 131 132 133 136 141 147 145 144 145 139 135 132 133 136 142 147 142 139 138 139 140 141 145 155 163 156 147 141 143 137 140 141 142 154 146 135 139 131 133 136 141 147 176 160 149 139 168 143 142 133 135 140 153 137 138
127 127 128 130 128 129 130 131 130 131 133 132 128 129 130 133 136 133 130 131 132 133 137 138 133 135 137 138 136 132 130 132 131 131 137 136 132 131 136 136 137 137 142 146 146 139 140 138 141 146 141 141 139 138 138 137 142 148 154 160 157 150 138 135 132 135 140 142 139 139 147 143 139 140 142 137 147 164 173 169 170 152 143 141 134 133 143 145 135
127 128 129 130 131 130 131 133 133 133 133 128 126 127 130 132 135 134 129 128 128 130 133 135 134 132 135 130 130 131 134 132 130 130 132 136 141 140 135 130 131 134 137 141 146 141 132 135 138 145 147 145 144 142 135 134 140 144 139 147 157 151 139 135 137 136 135 141 136 133 138 140 141 149 144 154 145 157 155 171 150 135 145 153 138 135 135 140 138
130 130 131 131 131 132 132 133 133 133 133 130 127 128 131 134 133 135 136 134 130 131 132 132 135 130 131 133 132 133 133 133 131 133 133 132 134 145 134 131 130 133 134 138 141 146 137 134 134 138 136 136 136 140 138 135 135 138 137 141 142 155 154 144 151 141 135 133 134 136 141 140 135 139 140 139 144 153 134 168 152 136 162 162 161 146 139 145 146
131 132 133 132 133 133 133 133 133 133 131 131 129 132 133 135 132 134 136 137 138 137 137 137 138 138 138 138 139 140 141 139 138 138 141 139 139 137 137 130 132 133 136 135 137 139 143 145 142 138 136 133 138 136 139 139 141 137 134 138 140 145 156 149 147 147 140 134 132 133 135 137 136 137 139 152 165 140 136 156 174 170 150 136 138 142 138 134 130
130 132 133 133 133 133 133 133 133 132 129 128 132 134 133 131 133 135 132 135 132 130 133 134 134 135 138 138 137 135 138 140 141 142 143 143 141 136 134 133 132 134 136 138 132 135 139 134 140 139 140 133 134 135 137 136 138 139 137 136 137 138 152 141 139 148 144 140 134 133 131 133 136 137 137 138 141 157 158 163 165 173 175 162 156 142 144 136 132
130 129 132 132 133 133 133 134 133 134 130 130 132 135 129 128 129 132 134 132 129 128 130 131 132 130 131 132 132 130 133 135 135 133 140 135 135 133 131 131 133 134 137 138 137 135 136 136 134 140 141 140 139 133 135 134 139 139 136 143 149 139 143 139 136 142 148 144 138 134 134 135 133 133 136 140 145 142 135 141 143 150 173 145 175 170 146 141 133
132 130 131 131 132 133 134 134 133 134 134 133 134 134 134 133 134 136 136 135 132 130 131 132 134 133 132 130 129 130 131 131 131 133 139 132 133 135 131 129 132 131 133 133 136 137 142 137 136 135 136 136 136 143 134 134 135 138 138 146 152 135 140 134 136 134 136 141 141 140 138 143 138 131 131 134 139 132 130 135 138 145 150 167 144 159 164 148 136
134 133 129 131 132 133 134 133 134 134 135 133 132 133 134 136 135 135 135 136 135 134 131 132 135 136 134 133 132 132 134 135 137 139 136 130 133 137 133 130 131 132 132 133 132 135 140 136 137 137 140 139 134 139 139 140 135 135 136 146 148 138 140 135 135 136 134 133 137 139 147 152 146 135 129 134 133 130 131 131 135 139 136 140 154 162 142 134 131
132 133 132 131 132 133 134 133 135 134 133 132 134 135 135 134 134 135 135 135 136 136 136 136 136 137 136 136 136 136 137 137 139 141 139 138 137 137 134 133 132 133 136 134 132 132 136 136 137 133 131 136 141 136 133 134 137 142 146 147 134 136 137 135 135 136 135 132 134 138 141 150 145 134 129 129 132 136 136 132 138 142 145 143 138 161 161 138 137
132 132 132 132 133 134 133 135 135 134 134 134 132 134 135 135 135 134 135 135 134 135 136 135 136 138 138 138 138 138 138 138 139 140 138 138 138 137 136 137 137 137 134 132 132 133 133 135 140 135 133 133 136 138 141 133 135 139 145 135 137 134 134 140 135 137 133 132 134 135 140 147 156 142 133 130 131 135 129 132 133 134 137 158 145 139 165 141 148
133 134 133 132 131 132 132 133 135 135 134 133 131 134 135 134 135 134 134 136 134 134 134 134 136 137 137 138 137 138 136 137 138 139 141 138 138 137 136 137 140 139 136 133 131 134 135 136 136 134 132 132 133 135 139 137 136 137 136 141 134 135 137 136 133 136 138 135 137 133 134 136 137 148 135 128 132 129 130 130 137 137 148 143 130 140 149 161 145
134 134 134 134 134 133 131 133 135 132 132 135 134 134 133 133 133 131 133 135 135 134 134 135 138 136 134 136 136 137 135 136 135 138 140 137 138 135 132 133 135 140 136 137 136 136 138 139 134 134 133 132 131 132 135 139 134 138 135 144 133 133 136 133 136 134 137 138 140 145 136 137 137 142 144 131 129 134 133 138 149 136 149 134 128 131 134 154 166
136 135 135 135 134 135 134 134 133 132 135 135 135 132 133 134 132 132 131 133 134 134 135 133 134 134 134 135 135 134 134 134 134 136 135 137 135 133 131 131 134 136 140 140 139 139 141 138 136 134 136 134 132 132 132 135 139 135 133 141 139 133 133 134 135 135 134 131 134 139 137 134 130 139 139 150 138 143 156 162 167 169 165 138 132 133 137 140 148
135 136 135 135 136 134 132 130 131 133 135 137 136 133 133 133 130 130 130 132 131 135 135 134 133 134 135 132 133 132 134 133 132 137 142 141 137 133 130 130 131 132 136 133 135 137 141 138 134 132 134 137 136 132 131 134 135 134 137 140 140 137 134 136 141 144 142 143 142 143 142 147 145 133 140 157 146 145 139 148 152 157 157 159 141 131 134 128 129
136 135 134 136 136 135 134 130 131 134 137 137 136 132 134 133 131 129 130 129 129 132 132 133 132 135 132 132 133 134 134 132 136 142 142 142 140 139 134 134 132 132 136 137 134 139 139 136 132 131 132 134 136 136 133 136 134 133 133 138 140 133 136 134 135 144 133 134 138 134 131 142 137 135 145 141 134 143 127 131 139 139 140 158 154 144 136 127 137
136 133 133 136 136 135 135 134 131 133 137 137 137 134 133 132 132 133 133 131 130 132 133 134 132 132 132 133 132 132 132 135 138 142 141 138 135 133 132 134 133 137 137 141 140 140 138 136 134 132 132 134 134 140 140 135 134 134 133 136 139 134 132 139 140 136 135 133 136 140 141 139 141 133 139 133 140 154 146 133 132 129 135 138 133 134 151 141 145
136 134 134 135 133 134 136 136 134 132 134 136 135 134 133 131 130 131 134 134 133 134 135 135 135 136 137 137 137 135 136 135 139 140 140 141 139 136 133 134 133 137 142 141 140 140 139 138 136 135 133 133 134 142 137 132 131 132 132 135 135 132 131 136 135 134 133 134 134 133 137 138 139 132 134 134 134 140 157 138 143 135 130 133 137 135 144 143 135
136 135 133 133 132 134 134 134 136 135 133 132 136 136 136 132 129 130 133 133 132 133 132 131 132 132 131 134 136 137 139 140 140 140 140 139 140 141 141 139 136 137 141 141 135 134 136 137 133 137 133 132 137 140 134 137 137 136 136 136 133 134 137 139 140 136 139 137 134 139 137 136 135 142 135 129 134 139 149 136 132 136 131 129 131 137 145 151 145
136 135 135 135 134 135 133 132 134 136 136 132 135 136 134 134 134 131 131 133 133 133 132 131 132 132 132 133 135 137 137 133 137 139 140 140 139 140 141 141 141 141 141 141 138 134 133 136 137 139 134 133 136 138 133 138 133 132 133 130 131 133 135 137 133 131 136 139 140 140 138 138 146 137 137 143 135 136 137 134 140 138 133 127 134 133 130 131 138
135 135 134 135 137 138 136 132 132 133 136 138 138 138 131 131 133 134 134 135 135 135 134 132 132 134 134 135 137 139 139 133 132 132 134 137 140 140 140 141 140 141 142 142 141 141 132 132 139 144 138 135 144 135 135 134 139 133 134 131 133 131 133 135 129 133 134 136 136 134 137 130 133 139 140 136 136 153 135 131 138 130 136 133 130 138 135 128 138
133 133 136 138 138 137 138 134 133 132 135 137 137 138 138 132 131 132 135 136 136 137 136 134 134 136 137 138 139 138 137 138 137 135 135 137 139 138 137 139 139 140 140 140 139 138 135 135 137 141 142 138 144 137 133 138 136 130 134 133 133 133 136 133 131 135 129 136 135 134 132 137 133 134 137 135 131 134 144 133 134 137 131 133 140 143 153 152 144
131 132 137 137 138 138 138 137 134 132 134 135 135 136 138 139 135 132 132 135 137 137 138 134 134 134 136 137 137 137 137 138 138 136 133 133 136 138 138 138 138 139 138 137 138 139 135 135 136 137 139 144 147 140 136 139 135 136 135 131 133 132 139 132 132 137 131 134 140 134 130 135 140 137 133 134 132 132 135 139 135 132 130 132 133 138 142 150 139
131 131 135 138 139 138 138 136 135 134 135 137 136 136 138 138 138 138 137 137 133 134 138 137 133 133 132 133 134 134 135 135 137 137 134 132 135 135 136 137 136 139 136 134 136 137 138 134 135 137 137 139 141 146 140 132 140 131 133 132 132 137 135 138 131 136 138 140 135 136 131 132 133 138 134 131 130 135 142 135 135 132 129 131 132 132 138 142 140
133 131 134 138 139 139 138 134 132 132 135 138 139 140 138 134 136 138 139 139 137 133 133 137 139 137 137 135 135 134 133 134 135 135 136 134 135 132 134 137 137 139 135 134 136 137 137 136 134 134 134 135 138 142 140 135 142 136 133 137 140 138 136 132 133 138 134 136 140 139 141 133 132 135 132 131 131 134 140 133 136 136 129 132 140 134 137 137 149
136 134 135 138 138 138 139 136 133 134 133 135 138 139 135 135 134 137 138 139 138 136 138 138 139 136 133 134 131 132 135 135 135 132 134 136 136 132 132 133 133 136 137 132 134 135 138 136 139 139 135 133 138 142 145 144 142 133 138 142 134 135 134 131 133 138 144 135 138 133 135 148 137 133 136 135 131 132 134 139 131 138 136 131 136 132 139 143 131
138 138 138 138 136 136 138 137 134 138 136 137 138 139 134 132 133 137 138 137 136 135 138 140 140 139 136 136 134 134 136 139 140 134 131 134 136 136 133 131 135 135 136 135 133 132 135 132 136 139 142 134 135 133 139 149 140 145 139 132 132 141 137 131 132 132 136 139 143 135 139 135 140 141 138 134 131 135 134 131 132 132 136 133 130 133 137 144 132
138 136 137 138 136 137 138 137 135 135 133 135 136 138 138 136 132 134 135 136 134 137 138 137 139 140 135 134 133 133 134 138 140 135 130 133 135 136 132 133 134 136 133 136 136 134 134 135 136 137 141 143 145 137 133 143 148 142 135 137 133 131 142 132 135 132 136 132 144 137 131 133 132 133 131 132 134 135 137 136 137 137 136 136 131 132 132 141 132
138 137 136 136 138 139 139 137 136 135 133 135 136 135 137 137 135 134 135 136 137 139 135 133 137 138 139 139 134 134 132 136 140 138 131 132 135 135 132 136 136 138 136 138 140 136 137 138 139 140 137 133 140 146 140 138 149 140 143 138 144 136 144 139 140 142 135 136 132 146 137 139 140 135 133 133 131 133 136 135 134 134 138 142 131 132 133 139 133
137 138 134 139 140 139 138 138 138 136 133 135 137 139 136 134 135 136 139 139 138 134 133 133 134 136 137 140 139 136 134 136 138 136 131 131 135 136 136 134 136 139 140 140 142 142 142 137 142 144 143 139 135 137 138 142 139 146 146 144 144 143 147 148 149 134 139 133 135 139 151 138 137 132 132 131 138 134 133 137 137 142 142 144 130 138 133 132 131
139 136 135 140 140 138 138 139 138 136 136 137 138 140 136 134 133 136 138 139 139 137 136 133 133 133 135 137 138 138 134 139 139 134 132 134 136 136 137 135 133 138 141 141 140 141 143 141 139 143 146 145 147 136 136 138 139 138 139 149 138 133 139 148 142 132 141 135 136 138 152 140 138 131 130 134 137 138 135 131 131 133 135 140 144 135 143 130 135
139 135 136 138 140 139 137 139 139 137 135 137 139 140 138 137 137 136 135 136 137 139 139 138 135 135 137 134 133 136 136 137 138 133 133 132 136 138 139 135 132 136 137 136 135 139 138 136 139 140 139 140 142 137 144 145 145 135 132 139 142 134 135 145 146 143 139 134 137 138 152 136 135 130 129 131 136 141 138 132 133 132 135 135 142 151 133 134 132
139 136 134 137 140 139 136 140 140 138 137 136 137 138 137 136 138 137 138 136 135 138 139 139 139 139 137 136 136 136 138 137 138 135 135 134 132 136 139 137 132 134 135 134 133 137 139 137 138 137 136 138 136 138 138 144 138 134 138 143 138 133 143 150 137 138 138 144 137 150 146 144 135 137 135 131 136 145 143 138 141 133 130 133 138 148 133 132 137
139 137 137 137 137 139 139 140 140 135 135 139 139 139 138 138 139 138 139 138 139 139 138 139 139 138 139 137 135 133 134 135 138 140 140 140 133 136 136 139 134 132 132 132 134 132 135 134 135 134 133 135 134 136 138 139 136 140 148 135 134 137 139 138 146 142 134 141 136 140 138 144 139 135 131 133 139 138 152 134 143 136 132 131 133 140 147 135 137
139 138 140 138 137 139 140 140 137 134 134 139 139 139 137 138 138 137 137 138 138 139 138 139 139 138 139 137 139 136 136 134 134 136 137 140 140 137 137 137 135 137 135 136 135 133 132 134 133 132 131 133 134 133 137 140 135 133 140 143 131 133 139 139 139 143 146 146 145 143 132 130 134 141 131 133 131 136 145 149 150 133 132 133 135 134 142 147 142
136 137 139 139 139 139 139 137 134 134 137 138 139 137 135 138 136 136 136 139 139 140 139 139 139 139 139 138 138 135 138 139 138 137 134 138 140 138 135 134 134 133 136 139 138 138 137 137 133 132 131 133 132 133 136 140 139 135 136 144 131 133 134 134 134 136 145 149 147 147 145 137 135 134 140 141 131 138 144 139 143 142 142 133 135 143 140 138 135
137 138 139 139 140 139 136 135 134 135 138 139 136 137 135 138 135 134 138 139 139 140 139 139 138 138 138 139 138 136 137 140 139 140 140 140 140 138 136 136 137 136 139 139 139 138 138 136 133 131 132 135 136 133 132 133 132 139 146 144 136 140 145 142 145 146 139 137 135 140 152 155 153 148 144 142 136 141 134 149 143 134 137 135 133 133 134 139 140
140 140 138 139 140 137 138 134 135 137 137 138 136 136 137 137 136 135 139 139 139 139 139 138 138 138 138 137 138 139 138 139 136 137 140 140 140 137 138 137 138 138 139 138 139 139 139 139 137 134 134 133 137 138 135 136 136 142 142 133 135 136 137 138 138 151 140 131 133 143 137 141 144 144 154 150 151 148 146 160 145 140 138 131 133 134 137 140 134
139 140 136 138 139 138 137 134 137 137 135 137 137 134 136 135 135 137 138 139 139 139 136 135 137 137 138 137 138 139 138 138 139 136 136 137 139 140 140 137 139 139 139 137 135 133 137 137 139 138 136 139 142 140 142 137 136 133 138 134 132 133 133 136 139 143 145 135 135 135 132 132 135 137 143 143 153 141 132 148 148 137 130 134 135 131 135 134 142
