Artocarpus hirsutus SDM files/Last interglacial/Environmental layers/bio17.asc
ncols  625
nrows  721
xllcorner  69.99986311115
yllcorner  5.99986151914999
cellsize 0.041666667
NODATA_value  -9999
[rows 144 to 191 of 721, columns 480 to 575 of 625]
0 0 0 0 0 0 0 0 0 0 0 0 0 0 0 0 0 0 0 0 0 0 0 0 0 0 0 0 0 0 0 0 0 0 0 0 0 0 0 0 0 0 0 0 0 0 0 1 0 0 0 1 2 2 2 2 2 2 3 3 3 3 4 3 5 5 5 4 3 3 3 3 5 4 5 9 10 9 8 7 7 8 8 7 7 6 5 4 7 6 6 7 6 5 4 4
0 0 0 0 0 0 0 0 0 0 0 0 0 0 0 0 0 0 0 0 0 0 0 0 0 0 0 0 0 0 0 0 0 0 0 0 0 0 0 0 0 0 0 0 0 0 0 1 1 1 1 2 2 2 2 2 3 3 4 4 4 4 3 3 3 5 5 4 4 6 7 4 4 5 4 7 8 10 9 10 7 8 12 11 13 12 8 7 5 5 5 5 5 5 5 5
0 0 0 0 0 0 0 0 0 0 0 0 0 0 0 0 0 0 0 0 0 0 0 0 0 0 0 0 0 0 0 0 0 0 0 0 0 0 0 0 0 0 1 0 0 1 1 1 2 2 2 2 2 3 2 2 2 2 3 4 3 5 4 4 4 4 4 4 4 6 7 5 6 6 5 4 6 10 9 10 12 8 7 12 9 11 11 6 8 7 7 7 6 7 7 6
0 0 0 0 0 0 0 0 0 0 0 0 0 0 0 0 0 0 0 0 0 0 0 0 0 0 0 0 0 0 0 0 0 0 0 0 0 0 0 0 1 1 0 0 1 1 1 1 1 2 2 3 3 2 2 2 2 2 2 3 3 4 5 5 5 4 4 4 4 6 7 6 7 6 6 5 5 6 6 6 6 6 6 6 6 6 5 6 8 12 11 9 9 9 8 6
0 0 0 0 0 0 0 0 0 0 0 0 0 0 0 0 0 0 0 0 0 0 0 0 0 0 0 0 0 0 0 0 0 0 0 0 0 0 1 1 0 0 1 1 2 2 2 2 2 2 2 3 2 3 3 3 3 3 3 4 3 3 3 3 3 5 5 5 4 6 8 7 7 7 7 6 7 6 6 6 8 6 6 6 6 8 6 5 6 7 7 8 7 7 7 6
0 0 0 0 0 0 0 0 0 0 0 0 0 0 0 0 0 0 0 0 0 0 0 0 0 0 0 0 0 0 0 0 0 0 0 0 0 0 0 0 0 0 0 0 2 2 2 3 2 3 3 3 3 3 4 3 3 4 4 4 4 4 3 4 5 5 7 6 6 6 7 8 7 7 7 8 8 8 8 6 8 9 8 7 9 11 8 7 6 6 6 7 7 7 6 6
0 0 0 0 0 0 0 0 0 0 0 0 0 0 0 0 0 0 0 0 0 0 0 0 0 0 0 0 0 0 0 0 0 0 0 0 1 1 0 0 1 2 0 0 0 0 0 2 2 3 3 3 3 3 4 3 3 4 4 5 5 4 5 5 5 6 6 6 6 6 8 7 7 8 9 9 9 8 7 6 11 14 9 9 8 8 7 6 8 8 7 6 6 5 5 5
0 0 0 0 0 0 0 0 0 0 0 0 0 0 0 0 0 0 0 0 0 0 0 0 0 0 0 0 0 0 0 1 1 0 0 0 1 1 1 0 0 2 2 2 2 0 1 0 2 3 3 3 3 3 4 3 4 4 4 5 5 4 5 5 5 5 6 6 6 7 8 8 8 7 7 9 10 9 7 7 7 10 15 9 9 8 8 6 8 9 8 8 6 6 6 6
0 0 0 0 0 0 0 0 0 0 0 0 0 0 0 0 0 0 0 0 0 0 0 0 0 0 0 0 0 0 0 0 0 0 0 2 1 2 1 0 1 2 2 0 1 1 1 1 0 1 0 3 1 1 1 1 4 4 4 5 5 4 5 6 6 6 7 7 7 8 9 8 8 8 8 7 8 7 8 8 9 7 9 14 14 9 9 7 8 10 10 8 6 7 7 6
0 0 0 0 0 0 0 0 0 0 0 0 0 0 0 0 0 0 0 0 0 0 0 0 0 0 0 0 0 0 0 0 0 0 0 2 2 2 2 0 2 1 0 0 3 2 3 3 3 3 2 4 3 2 2 3 4 3 5 5 5 5 5 6 7 7 7 7 7 6 8 9 8 8 7 9 9 9 9 8 11 9 9 9 15 11 9 9 13 10 9 8 8 8 8 8
0 0 0 0 0 0 0 0 0 0 0 0 0 0 0 0 0 0 0 0 0 0 0 0 0 0 0 0 0 0 0 0 0 0 0 0 2 3 3 3 2 1 2 3 3 3 3 4 4 3 4 4 4 4 4 4 4 3 6 6 6 6 5 6 6 7 6 7 7 7 8 9 9 9 9 10 11 11 10 9 12 13 11 10 15 12 10 9 13 11 9 8 9 10 10 8
0 0 0 0 0 0 0 0 0 0 0 0 0 0 0 0 0 0 0 0 0 0 0 0 0 0 0 1 0 0 0 0 0 0 2 3 3 3 3 3 3 3 3 4 4 4 4 4 4 4 4 4 4 5 4 5 5 2 5 6 6 6 6 6 6 7 7 7 7 8 9 10 10 10 9 9 11 10 11 10 11 11 15 14 11 16 13 9 13 10 10 8 12 10 10 8
0 0 0 0 0 0 0 0 0 0 0 0 0 0 0 0 0 0 1 0 0 0 0 0 0 0 0 1 2 2 2 2 2 1 1 3 2 3 3 3 3 3 4 3 3 3 4 4 4 5 4 3 5 5 3 4 4 5 6 6 6 6 7 7 7 7 7 8 8 7 8 10 9 10 10 9 11 11 11 11 14 12 10 17 17 17 10 13 10 10 10 9 12 13 11 9
0 0 0 0 0 0 0 0 0 0 0 0 0 0 0 0 0 0 1 0 0 0 0 0 1 0 1 1 0 2 0 2 3 2 1 0 0 4 4 3 2 0 0 0 0 3 5 5 4 5 5 2 2 5 3 4 2 6 7 6 6 7 7 7 7 8 8 7 7 8 7 8 10 10 11 10 11 12 12 12 12 12 12 12 13 14 15 13 16 11 13 14 12 14 14 12
0 0 0 0 0 0 0 0 0 0 0 0 0 0 0 0 0 0 1 0 0 0 0 0 0 2 0 0 0 2 0 2 2 1 3 0 0 4 4 4 4 3 4 0 0 0 5 5 2 5 5 3 1 6 4 2 1 5 6 6 6 6 7 7 7 7 8 9 8 8 9 10 11 11 11 12 11 13 11 11 12 18 17 12 18 19 20 18 11 12 13 16 14 12 14 14
0 0 0 0 0 0 0 0 0 0 0 1 1 0 0 0 0 0 0 0 0 0 0 0 1 2 1 0 2 0 0 3 2 0 4 0 0 3 3 2 2 5 2 0 0 2 5 3 0 6 5 3 0 4 5 0 1 2 3 6 7 7 7 8 8 7 9 9 9 8 10 11 11 12 11 12 11 13 13 12 12 11 14 12 12 16 17 18 16 14 15 11 16 16 12 16
0 0 0 0 0 0 0 0 0 1 1 1 0 1 0 0 0 0 0 0 0 0 0 0 0 0 0 0 2 2 0 2 2 0 0 0 0 2 2 4 0 4 2 0 1 4 5 4 0 4 5 5 0 3 2 0 2 6 7 7 8 8 8 8 8 7 9 9 9 9 8 10 10 11 12 11 11 15 15 15 15 16 12 12 12 20 21 21 20 17 15 16 11 14 11 17
0 0 0 0 0 0 0 0 0 0 1 1 0 2 0 0 0 0 0 0 0 0 0 0 0 0 0 0 0 0 0 0 0 0 0 0 0 0 0 2 0 5 2 0 1 1 3 5 1 0 2 2 0 0 3 6 6 7 7 7 8 8 7 8 8 7 9 9 9 9 9 11 12 12 13 13 12 20 16 14 15 14 13 17 12 22 24 24 24 22 23 22 20 16 13 12
0 0 0 0 0 0 0 1 0 0 0 0 0 0 0 0 0 0 0 0 0 0 0 0 0 0 0 0 0 0 0 0 0 0 0 0 0 0 0 0 0 0 0 0 0 0 0 0 0 0 0 0 0 0 6 7 5 2 4 5 8 8 8 8 8 9 10 10 10 11 10 11 13 11 14 17 12 16 19 14 19 25 24 22 13 14 27 27 27 27 26 25 27 26 24 22
0 0 0 0 0 0 0 1 0 0 0 0 0 0 0 0 0 1 0 0 1 0 0 2 0 0 0 1 1 0 0 0 0 0 0 0 0 0 0 0 0 0 0 1 0 0 0 0 0 3 4 2 0 0 0 0 0 0 2 0 8 8 9 9 7 10 10 10 10 9 11 12 13 12 13 17 13 23 22 19 19 23 25 27 26 18 24 27 29 30 27 28 24 26 24 26
1 1 0 0 0 1 1 2 2 1 1 1 1 1 1 3 3 3 0 0 2 0 0 4 1 0 0 0 2 1 0 0 3 0 0 2 0 1 2 2 3 0 0 3 5 5 1 0 0 4 6 5 4 7 7 5 5 7 8 7 3 8 9 9 8 10 11 10 9 11 12 13 13 12 12 14 14 25 25 21 24 15 24 20 18 15 18 24 27 32 23 30 32 21 13 13
0 1 0 0 1 2 1 2 2 2 2 1 0 3 2 0 0 4 2 0 2 0 0 3 0 0 0 3 5 1 0 0 0 1 0 5 3 1 0 0 0 0 0 0 1 5 4 0 0 0 1 2 3 6 8 8 7 6 4 2 0 0 4 5 8 10 11 11 10 13 13 14 14 15 13 13 15 17 26 26 25 29 17 15 15 18 16 14 15 19 15 24 22 15 21 23
0 0 0 0 0 0 0 0 0 0 0 3 0 3 3 1 0 1 4 3 3 1 2 4 0 0 0 2 5 0 0 0 5 3 0 1 4 0 0 0 0 0 2 0 0 0 4 2 0 0 0 0 0 3 6 8 5 4 5 2 3 1 0 0 0 5 8 8 11 12 14 14 15 13 13 12 15 18 29 32 30 16 14 17 26 25 26 25 23 17 21 18 24 26 32 31
1 0 2 0 2 2 2 1 0 0 3 3 4 4 4 1 0 2 5 5 5 5 5 5 5 3 0 3 5 0 1 0 1 6 2 2 6 3 2 0 0 1 3 0 0 3 3 5 0 0 1 0 0 0 3 5 1 0 0 0 3 0 8 2 6 2 2 2 7 5 7 10 12 12 16 14 20 30 32 24 20 17 18 31 44 34 47 46 38 38 34 36 42 25 42 56
2 2 2 2 2 3 2 1 1 0 0 1 4 5 4 3 0 2 5 5 2 5 5 6 7 6 1 6 5 1 1 1 5 7 6 7 6 7 5 0 0 2 5 0 0 2 6 7 4 1 0 0 2 0 2 3 2 1 0 4 6 1 9 7 3 6 8 6 9 12 9 9 12 12 14 13 13 15 22 18 26 32 35 32 50 49 60 61 66 55 65 70 58 30 45 58
2 2 2 3 3 3 3 2 2 0 0 2 1 4 5 5 5 1 3 5 2 3 1 3 6 7 7 7 7 7 7 4 5 2 0 0 0 0 0 0 0 4 1 0 0 0 5 7 5 0 0 0 3 4 3 6 2 4 2 1 0 0 6 11 8 6 11 6 6 14 14 12 14 14 16 15 15 15 15 16 18 28 34 43 51 64 72 71 75 81 79 80 39 44 70 78
2 0 1 3 3 3 4 4 1 0 0 0 1 5 3 1 1 3 3 1 0 0 2 2 0 2 6 7 6 7 8 7 7 7 3 2 2 2 0 0 0 5 1 0 1 0 1 4 4 0 0 0 0 7 7 5 5 5 3 2 1 2 1 5 11 11 12 13 8 14 16 15 15 14 21 19 18 19 23 22 31 26 50 43 50 50 61 55 50 53 66 56 46 69 78 81
2 0 3 3 4 3 2 3 1 2 2 1 5 5 2 2 2 3 6 6 2 3 4 1 7 5 7 7 5 4 5 4 7 8 8 8 8 3 0 2 6 5 0 0 1 0 0 4 5 0 0 0 3 5 7 6 5 8 3 1 4 2 5 5 10 11 12 11 7 14 16 15 14 18 26 37 34 31 35 45 46 23 67 77 74 71 87 81 78 49 54 63 58 98 98 96
2 0 4 4 4 4 4 4 3 1 0 0 4 4 1 1 3 1 4 6 7 8 8 5 0 2 1 6 6 4 3 5 0 2 2 5 8 9 8 4 9 7 6 6 5 0 5 0 3 0 0 2 5 6 7 6 5 7 8 9 9 7 9 9 9 5 5 6 12 11 15 14 14 15 23 34 46 48 54 63 41 28 31 53 68 84 76 58 61 94 84 105 89 70 82 108
0 0 3 5 4 5 5 5 4 1 0 1 2 3 0 5 4 2 7 4 5 8 8 8 8 8 3 2 4 3 6 6 4 6 3 4 1 3 4 7 9 8 4 3 2 2 8 4 3 0 0 0 1 0 1 2 1 0 3 4 5 7 11 12 9 8 12 11 14 15 16 15 15 17 17 22 44 38 44 39 40 61 69 51 97 99 92 96 115 118 117 105 88 98 133 130
4 1 4 5 5 5 3 2 3 1 3 0 2 1 5 3 3 5 8 6 5 3 3 2 3 7 9 9 9 6 9 9 9 9 9 9 7 8 8 7 5 9 9 5 4 4 8 6 6 1 0 1 4 2 1 3 3 1 7 6 9 7 8 12 12 13 14 14 14 17 18 18 19 19 34 27 51 46 53 66 75 88 62 55 77 114 122 121 88 98 90 119 139 139 142 127
4 4 5 5 6 6 6 3 3 4 3 2 7 3 8 6 6 5 4 7 8 8 8 7 7 5 5 6 8 9 10 9 8 7 9 10 10 7 6 3 3 9 10 10 7 7 8 7 4 0 1 3 4 1 1 3 2 0 5 9 9 11 12 12 12 13 14 15 16 17 17 19 19 25 35 47 57 63 67 67 93 88 89 93 108 127 88 81 111 129 141 153 163 159 169 136
4 5 6 6 5 7 7 7 7 5 6 2 8 6 9 9 9 9 8 6 9 10 10 9 10 10 9 9 10 9 9 8 8 7 5 5 8 6 6 2 3 8 10 9 5 5 6 5 3 5 3 4 3 5 0 0 2 0 3 8 9 10 12 12 9 7 13 16 17 18 18 20 20 23 21 22 24 27 33 42 63 83 94 107 125 130 139 139 159 161 159 122 134 134 141 142
2 5 6 6 6 7 8 8 8 8 7 7 8 8 9 10 9 10 10 9 10 10 11 10 10 11 12 11 10 10 10 10 10 8 7 7 7 6 5 4 2 6 11 10 7 4 2 0 5 7 7 6 6 6 3 1 3 1 0 0 5 5 10 13 13 13 10 16 17 19 19 20 19 20 45 53 62 59 73 84 53 76 126 128 112 95 121 156 123 160 132 148 165 169 146 136
6 6 6 4 4 6 8 8 8 8 9 10 10 10 10 11 10 10 11 11 11 11 11 10 11 11 11 11 11 12 12 12 11 11 10 9 9 8 7 6 3 8 11 11 4 8 5 2 6 8 4 6 6 6 6 5 6 4 4 3 1 0 3 7 11 14 12 16 16 20 21 28 24 21 34 48 65 76 62 62 77 54 109 107 118 111 106 134 128 187 101 158 187 152 161 127
7 7 8 7 5 7 7 8 8 8 9 10 10 11 11 10 11 10 11 10 12 12 13 13 13 13 13 13 12 13 12 12 12 12 11 11 11 10 9 8 7 9 11 11 4 5 5 3 4 8 4 7 6 3 5 4 5 4 0 1 2 5 6 3 3 3 5 6 12 17 20 25 23 22 22 43 66 86 95 77 75 83 84 137 140 163 134 112 150 206 134 200 177 204 233 221
6 8 8 8 6 8 8 8 9 9 9 10 10 11 12 12 11 11 12 11 13 14 13 14 14 13 14 13 14 14 13 12 12 13 12 13 12 12 12 12 12 11 6 10 5 3 3 0 0 0 1 5 5 4 1 3 1 5 5 6 8 11 13 14 9 8 9 11 10 10 19 30 34 22 22 62 77 81 101 121 128 138 109 107 125 166 171 160 133 183 164 185 180 246 247 218
8 9 8 8 8 9 11 10 11 9 10 11 11 12 12 12 12 13 14 14 14 15 13 15 15 15 16 13 13 14 14 14 12 13 13 14 14 13 12 12 11 8 7 12 10 11 10 6 6 5 0 0 5 7 2 3 5 6 6 8 8 10 12 14 15 16 17 17 18 18 17 29 47 47 37 44 81 89 97 122 120 145 110 73 133 192 202 177 131 164 174 159 193 237 214 235
9 9 9 8 9 9 11 12 11 11 12 12 12 14 15 14 13 14 15 14 15 14 13 14 15 16 17 14 13 13 13 13 13 12 12 13 13 13 12 12 11 13 13 13 13 8 7 8 9 6 5 5 0 0 0 1 1 2 3 4 4 2 6 12 15 16 18 18 18 19 16 23 39 46 32 24 26 34 41 58 65 113 126 118 178 202 200 197 177 139 167 161 197 209 163 243
10 10 10 10 10 10 11 12 12 11 13 14 15 15 15 15 14 14 12 12 12 13 15 15 16 17 20 15 14 15 17 16 16 14 13 13 14 14 14 14 13 13 13 13 14 11 7 8 8 4 2 0 0 0 0 0 0 0 0 0 0 3 2 4 6 12 19 20 19 20 22 23 23 26 26 43 46 57 67 60 61 59 88 82 141 131 136 105 95 88 105 115 132 147 178 215
11 12 12 12 11 11 11 12 13 11 12 12 13 12 12 12 12 13 14 14 14 14 14 17 19 20 23 21 16 15 17 15 15 14 15 15 15 14 14 14 14 13 13 14 14 13 8 13 14 5 5 3 5 3 3 2 2 2 2 3 6 9 13 14 15 10 20 22 26 27 24 23 24 27 74 85 103 111 124 121 126 102 81 79 74 97 92 110 147 133 187 157 154 130 116 140
12 12 13 13 11 11 13 14 13 12 11 11 12 13 14 14 15 16 20 17 17 17 15 18 25 27 29 21 17 16 17 14 14 14 15 16 16 14 13 13 14 14 11 14 15 14 7 14 15 8 14 5 11 9 9 11 10 9 11 12 14 15 11 16 15 12 18 19 20 18 21 24 55 67 56 62 106 124 129 146 162 176 145 143 124 204 151 203 198 173 194 184 140 182 143 262
11 10 12 14 12 13 16 15 13 13 13 16 16 15 16 17 16 15 19 26 19 27 24 15 26 32 26 25 15 16 16 17 17 17 16 16 17 16 16 14 13 13 14 16 16 14 9 15 15 13 15 11 13 11 8 10 12 9 11 12 13 16 16 7 7 10 11 14 18 22 39 53 57 76 86 60 96 119 127 145 145 178 211 219 219 234 224 198 137 219 274 255 202 269 247 292
12 12 12 14 13 14 16 16 14 13 15 18 18 18 20 19 16 18 17 16 17 15 14 15 17 19 32 27 15 25 30 31 30 29 23 22 17 16 16 16 15 15 12 16 16 15 13 15 16 15 15 12 11 10 8 4 5 4 3 3 5 6 5 11 15 17 19 20 22 24 37 39 58 67 88 81 59 85 123 126 133 162 171 200 211 225 200 161 128 244 240 283 297 276 244 250
14 14 13 16 16 15 16 17 16 16 17 19 16 19 18 22 19 20 23 16 17 19 17 17 15 21 35 33 17 16 17 19 25 28 29 22 17 16 16 18 17 15 14 16 17 15 15 15 16 16 16 16 9 6 4 5 5 7 5 13 10 9 10 18 19 20 23 25 28 35 32 28 30 34 49 61 63 101 109 138 157 126 146 190 182 174 202 139 162 250 170 184 261 197 195 166
16 16 18 14 18 18 19 19 19 17 17 19 17 17 17 17 18 17 16 17 19 25 28 24 19 16 27 19 28 35 27 18 16 18 24 27 23 20 19 17 18 17 15 16 17 15 15 16 15 16 17 17 17 13 11 16 16 14 10 18 19 18 17 18 20 22 24 24 45 37 34 51 67 58 52 43 57 70 88 129 140 138 110 165 129 165 200 152 133 227 146 186 209 273 254 244
15 17 16 16 18 15 15 18 20 20 19 17 18 19 24 24 29 26 30 26 29 20 20 18 29 35 18 28 30 35 36 35 19 31 29 26 25 26 20 17 17 18 15 17 18 16 16 17 17 16 17 17 16 17 17 17 18 12 12 19 20 19 22 21 19 21 23 24 34 66 73 74 93 77 79 103 69 54 63 67 87 118 147 185 186 143 173 153 153 226 143 163 209 280 274 296
16 18 16 14 14 16 19 17 20 24 23 20 24 27 22 27 41 41 39 41 39 35 37 21 23 18 22 41 38 41 40 39 33 32 31 27 19 18 19 18 16 17 15 17 21 17 18 19 18 18 19 19 19 19 17 13 11 17 20 21 21 20 22 25 23 23 23 34 37 70 80 82 99 104 111 125 107 108 74 83 85 81 116 162 219 208 161 127 177 234 223 169 213 270 221 225
