Artocarpus hirsutus SDM files/Last interglacial/Environmental layers/bio15.asc
ncols  625
nrows  721
xllcorner  69.99986311115
yllcorner  5.99986151914999
cellsize 0.041666667
NODATA_value  -9999
[rows 390 to 428 of 721, columns 89 to 177 of 625]
150 149 148 143 137 133 131 127 126 125 123 122 121 120 120 120 119 119 119 120 121 121 122 123 124 125 125 125 125 124 125 126 128 128 129 130 131 132 133 132 131 129 130 131 134 135 136 137 138 139 139 139 140 139 140 141 140 141 142 142 143 142 141 140 140 139 139 139 140 141 141 143 144 144 144 144 142 141 142 143 143 144 144 144 144 142 142 144 145
148 147 148 143 138 134 132 129 127 124 123 122 120 120 119 119 118 118 119 120 120 120 120 121 122 123 125 125 125 126 125 125 126 128 129 129 131 131 132 133 134 133 132 131 132 132 133 134 135 137 138 139 140 140 140 140 140 140 141 142 142 143 143 144 143 142 140 139 137 137 138 140 141 143 143 145 143 140 140 139 139 142 143 144 144 142 141 142 144
147 147 147 142 138 135 132 129 128 128 124 121 120 119 119 118 117 118 119 119 120 120 119 119 120 121 123 124 125 125 125 126 126 127 128 128 130 131 131 132 133 132 130 130 130 131 132 133 134 135 137 137 138 138 139 140 140 140 140 141 141 141 142 143 143 143 143 143 143 140 138 137 139 141 142 143 143 142 143 142 141 140 141 143 143 143 142 141 142
146 146 143 141 138 136 133 129 129 129 128 125 122 121 119 118 118 118 118 119 118 119 118 119 119 121 122 123 124 124 125 125 126 127 128 128 129 129 131 132 133 134 135 135 136 136 137 135 134 136 135 136 137 136 137 138 138 137 138 139 140 141 141 142 142 142 142 142 143 143 142 141 138 137 138 141 144 144 144 144 143 142 142 143 142 143 143 141 141
147 148 147 146 143 139 134 131 128 126 126 126 125 124 123 118 118 118 119 119 120 121 120 119 120 119 120 120 121 122 123 124 125 125 127 128 129 129 130 132 133 133 134 135 135 136 137 138 137 137 138 138 138 137 137 137 137 136 136 136 137 139 140 141 141 142 141 142 141 140 141 142 142 141 139 139 139 142 144 143 141 141 141 139 142 142 144 142 143
151 148 146 144 141 139 137 135 130 126 125 124 123 123 123 121 120 120 120 120 120 120 121 121 120 120 120 122 122 123 123 123 123 123 125 126 128 129 130 132 132 133 133 135 136 135 136 137 139 139 140 139 140 138 138 138 137 135 135 137 137 138 139 140 141 141 141 141 141 139 139 141 141 142 143 142 142 141 143 140 141 140 139 138 138 140 142 142 143
148 145 139 135 135 133 131 129 127 126 124 120 119 119 119 119 120 119 119 119 119 119 120 120 120 120 121 122 122 123 123 122 122 122 124 126 127 128 130 131 132 133 133 135 136 135 135 136 137 139 139 139 139 139 140 140 139 137 136 136 137 137 137 138 139 140 141 141 140 140 139 139 140 141 142 141 142 143 144 143 141 140 139 139 141 140 140 140 140
148 144 141 140 138 136 132 128 124 124 120 118 116 117 117 116 116 115 116 116 116 117 118 119 119 119 120 121 121 122 123 122 122 122 123 125 127 128 129 130 132 133 134 135 135 135 136 136 137 138 138 139 139 139 139 140 140 138 137 137 138 138 139 138 138 138 139 140 140 139 139 139 138 139 140 141 141 143 143 143 143 144 145 143 143 142 141 139 140
151 148 142 139 133 131 131 131 129 126 121 118 115 116 116 115 115 114 114 113 114 116 117 118 119 119 119 120 122 122 122 121 122 123 124 126 127 127 128 129 130 131 133 134 134 135 135 135 137 138 138 137 138 139 139 140 139 140 139 138 138 137 137 138 140 139 139 139 140 140 140 140 140 140 139 139 141 142 142 142 143 143 144 144 145 145 146 144 142
152 147 143 139 132 129 126 124 126 127 124 119 117 118 119 119 117 117 117 115 113 115 117 118 118 118 119 119 120 122 122 120 121 123 125 126 127 126 127 128 129 131 131 132 133 134 135 135 135 136 136 137 137 138 139 139 139 140 140 139 140 138 137 137 139 139 139 139 139 139 139 139 139 140 141 139 141 141 141 143 142 142 143 143 144 144 145 145 146
150 147 144 142 138 134 133 127 123 122 122 121 117 117 119 119 118 118 118 117 115 116 116 116 117 117 117 118 119 120 119 120 121 122 124 126 127 126 126 127 129 130 130 130 131 131 132 134 135 135 135 135 136 136 137 139 138 140 140 139 140 139 139 139 138 138 138 137 137 137 138 137 137 138 140 140 141 142 141 142 142 141 142 142 143 142 144 145 146
147 142 139 138 138 136 133 131 126 121 118 122 119 118 116 115 114 112 114 115 115 115 115 116 117 117 116 116 118 118 118 120 122 123 124 126 128 127 126 126 128 129 129 129 130 130 131 132 132 133 133 133 135 136 137 137 138 139 139 140 140 140 140 141 141 140 138 137 137 137 137 136 136 137 138 140 141 141 142 142 141 141 141 142 142 142 143 144 146
145 143 141 139 133 132 133 130 122 121 119 117 117 115 112 114 111 111 112 112 114 115 114 116 116 116 114 113 115 116 117 119 121 121 123 124 126 127 127 126 126 127 127 128 129 130 131 131 131 132 132 133 134 135 135 136 137 137 137 138 139 139 140 141 141 140 139 139 138 137 136 137 138 138 138 140 142 142 142 143 142 141 140 141 142 143 143 144 145
140 139 137 136 134 131 131 130 128 122 120 117 113 111 111 113 110 109 110 111 111 112 113 117 116 116 115 112 113 115 117 119 120 121 122 123 124 125 128 128 124 125 125 126 128 129 129 128 128 129 130 131 132 132 133 133 134 135 135 136 137 138 138 140 140 140 140 141 140 140 137 137 137 138 141 141 140 141 142 143 143 141 142 141 141 142 143 144 144
142 137 135 133 129 128 128 127 126 126 124 116 112 111 112 110 108 109 109 109 110 110 111 115 116 117 117 114 111 112 115 118 119 120 120 122 123 124 127 127 125 126 125 125 125 127 128 130 129 129 129 131 132 132 134 134 134 135 135 135 136 137 137 139 139 139 140 141 142 141 140 140 139 139 139 141 142 142 142 143 142 143 143 142 142 141 141 143 144
146 141 135 132 129 127 124 122 121 122 123 121 116 112 111 108 107 106 107 107 108 109 110 113 116 118 118 115 112 112 115 117 118 118 118 119 119 122 124 124 126 127 129 129 128 129 129 130 132 132 132 132 134 134 135 136 136 137 136 137 137 137 138 139 140 140 140 141 142 141 141 141 141 141 142 142 141 142 142 143 143 143 143 143 143 143 143 142 143
142 142 139 135 131 127 123 122 119 119 120 120 119 117 113 110 108 105 106 106 107 108 109 111 115 117 118 116 116 115 114 113 115 115 116 115 115 118 121 123 122 124 127 128 129 129 130 130 130 132 132 133 133 133 133 134 134 135 135 135 135 137 138 139 139 140 140 140 141 141 142 141 141 141 142 143 142 142 143 143 143 143 143 143 143 142 141 141 143
143 139 136 134 131 129 126 120 120 116 116 117 117 117 116 116 111 107 106 107 107 105 106 108 113 116 118 118 117 119 117 116 116 119 119 118 117 118 120 122 124 126 124 126 126 126 127 127 128 129 129 131 131 131 132 132 133 133 134 134 135 135 136 137 137 139 140 139 140 140 141 141 142 141 142 142 143 143 143 142 142 143 143 142 142 141 140 140 141
146 143 136 129 126 123 123 120 118 117 115 115 115 115 116 116 111 110 110 108 106 106 105 107 109 113 116 118 117 118 117 118 117 121 122 122 118 117 120 122 123 122 122 123 124 125 126 126 127 128 129 130 130 131 131 131 131 133 134 134 135 135 136 136 136 137 139 139 139 139 140 141 141 141 141 142 142 142 142 141 142 142 142 143 142 140 141 140 141
141 141 140 134 126 120 119 118 115 113 114 113 113 114 114 113 113 109 109 111 109 107 106 107 108 111 114 116 116 117 117 117 117 120 123 124 121 118 117 118 122 122 121 121 122 123 126 124 126 128 127 129 130 129 129 128 129 131 133 133 134 134 134 135 135 137 138 138 138 139 140 140 140 141 140 140 141 141 142 141 141 141 141 143 141 141 140 141 140
140 137 136 137 132 125 119 113 109 108 109 111 110 111 113 112 111 110 108 108 110 109 108 106 107 108 111 115 115 114 115 116 118 120 122 123 120 116 115 117 119 121 120 118 119 121 123 123 125 127 126 128 129 128 129 130 131 132 132 131 130 131 132 134 135 136 138 137 138 139 139 139 137 138 139 140 141 141 142 141 141 140 140 141 140 139 139 141 141
145 138 135 134 133 128 123 118 111 109 108 107 107 109 110 111 110 110 108 107 109 111 109 106 106 107 108 111 114 113 114 115 117 120 121 122 122 117 116 116 115 116 118 116 120 119 120 122 124 127 126 126 128 128 127 127 128 131 132 131 131 130 131 132 133 135 136 137 137 138 139 137 138 139 138 139 140 141 141 140 138 138 138 139 140 140 140 140 140
145 141 136 132 131 129 121 119 115 111 107 104 105 107 107 109 110 110 110 107 108 111 111 108 106 106 107 108 111 114 112 114 116 118 120 121 122 119 121 119 120 120 120 120 118 120 120 121 121 124 124 126 127 126 126 126 129 131 131 129 129 128 130 131 132 134 133 134 135 137 136 137 139 139 136 138 138 139 140 140 140 140 142 142 142 143 142 142 140
145 140 135 131 129 128 123 117 117 113 109 107 105 104 103 104 106 108 109 106 105 109 110 111 108 105 106 107 109 111 113 113 115 117 119 120 122 123 124 124 122 123 124 125 123 121 121 122 124 124 126 127 128 129 127 127 128 129 129 129 129 129 130 131 133 132 132 133 134 135 135 135 137 139 136 137 137 137 138 140 142 141 139 138 138 138 139 141 142
145 143 138 130 127 125 124 118 115 113 111 109 108 105 103 102 104 106 107 107 105 108 110 110 109 107 106 106 107 109 108 113 114 117 118 120 120 122 124 126 123 123 123 125 125 124 123 124 127 128 129 130 130 132 132 132 132 131 131 132 131 131 131 132 133 132 132 132 132 133 133 134 135 137 137 136 139 140 141 141 140 140 138 137 138 136 138 138 140
144 142 139 134 126 122 121 119 115 113 111 109 109 105 106 104 102 104 106 107 107 109 109 109 109 111 111 108 107 107 108 110 113 116 117 118 118 121 123 123 123 125 127 126 126 126 125 126 126 128 129 131 130 131 132 132 134 135 134 135 135 133 132 131 132 132 132 132 133 132 132 134 136 138 139 139 140 138 138 139 138 140 139 138 136 137 136 137 138
144 140 136 133 129 124 120 119 116 111 109 108 108 107 106 105 103 102 104 106 107 107 108 109 109 110 112 112 108 107 108 109 110 113 116 117 118 120 120 120 120 123 126 125 124 125 123 124 126 127 128 130 131 131 132 132 133 134 134 135 135 135 135 134 133 132 133 134 135 135 134 134 136 137 137 138 138 138 138 138 138 139 138 137 136 135 135 137 136
142 140 137 132 126 122 119 114 113 111 108 107 107 107 106 105 104 103 103 105 106 107 108 108 108 110 111 112 113 109 108 108 110 111 114 116 118 119 120 119 119 123 124 124 121 121 123 122 122 123 125 126 129 130 132 131 132 134 132 134 133 134 136 136 136 136 134 134 134 135 134 133 135 135 135 136 137 137 137 136 137 138 138 137 137 137 136 135 135
140 139 138 135 130 124 119 114 110 108 107 105 105 104 105 105 105 105 103 104 106 107 107 107 108 110 111 111 113 112 110 111 109 110 112 115 117 117 119 120 120 122 123 124 124 121 121 121 121 121 122 123 124 127 129 130 132 133 133 134 134 134 135 135 135 137 135 134 134 136 135 134 134 134 134 135 136 135 136 136 136 138 139 138 139 137 138 137 135
143 138 134 131 129 125 122 118 114 111 108 107 105 105 104 104 104 104 104 104 106 107 107 107 108 110 110 111 112 113 112 112 112 111 111 114 117 118 118 117 120 121 122 124 125 125 127 126 124 122 123 125 126 126 127 127 128 130 131 131 131 131 132 134 134 136 135 134 134 135 135 135 133 133 132 133 133 133 135 137 137 138 138 139 139 138 137 139 138
142 135 131 130 126 122 119 116 113 110 108 106 104 103 102 102 102 103 103 104 105 105 106 107 108 110 110 110 111 112 113 111 112 112 112 111 114 117 116 116 119 120 120 122 124 124 127 128 123 122 123 123 124 125 125 125 128 128 128 129 128 129 130 129 131 133 135 134 134 135 136 137 137 136 135 134 132 134 135 134 134 135 135 134 134 137 137 136 138
138 136 136 132 124 118 116 114 110 108 105 103 101 101 100 100 101 102 102 103 104 105 105 106 108 108 110 110 110 112 112 109 109 110 112 112 114 116 114 117 118 119 119 121 122 124 126 127 127 128 125 123 123 123 124 125 127 127 128 127 128 129 129 129 130 130 132 133 134 134 135 136 137 135 136 136 134 132 133 133 131 132 132 132 133 133 135 137 137
140 140 136 129 120 116 114 111 106 104 103 101 100 98 98 99 100 101 102 101 101 103 104 104 107 107 109 109 111 112 113 110 108 108 109 110 112 116 114 117 119 118 116 120 121 123 123 125 127 127 125 126 126 126 127 126 126 127 126 126 128 128 128 128 129 130 129 129 130 131 133 135 135 135 136 137 136 134 132 133 131 129 131 133 133 133 134 135 134
142 139 135 129 125 117 115 112 111 105 103 103 102 101 100 100 101 102 101 99 100 102 101 103 105 106 108 109 111 111 111 111 110 111 110 109 109 111 114 117 118 117 117 120 121 122 124 125 126 127 128 128 126 126 128 128 129 129 129 128 128 127 127 127 127 128 128 129 129 130 131 134 135 133 135 136 135 135 134 135 133 132 129 131 132 131 132 132 133
142 137 134 134 130 122 118 115 113 110 107 105 105 103 101 102 102 102 100 99 100 102 103 103 102 104 107 109 109 109 109 110 110 113 111 109 109 109 111 113 117 117 117 119 119 121 123 125 126 127 129 131 130 128 127 128 128 129 130 131 130 128 128 130 130 130 130 130 131 132 132 134 133 131 133 135 136 136 135 135 132 134 131 130 130 129 130 131 131
145 143 140 137 136 129 120 113 109 108 106 105 104 103 103 103 103 104 102 101 101 101 102 102 102 104 107 109 108 108 110 108 111 113 112 112 110 109 110 111 115 115 116 118 119 120 122 123 124 124 126 129 130 129 125 125 125 125 128 129 130 127 127 128 129 130 130 130 130 130 128 131 132 133 132 134 135 135 133 135 134 134 133 132 132 129 129 129 128
141 141 140 138 138 135 125 118 113 109 104 102 102 101 102 102 103 103 103 103 103 100 101 102 102 103 105 107 108 108 109 109 111 112 112 113 111 110 110 111 113 116 116 117 118 120 120 121 122 122 125 127 128 130 128 125 125 125 125 127 129 128 127 125 125 126 126 127 126 128 127 129 131 132 133 133 134 135 133 131 133 133 134 133 134 133 132 129 131
144 142 140 134 133 134 129 126 120 118 112 107 104 103 102 101 101 101 102 104 104 103 101 100 101 101 102 104 106 105 106 107 109 112 111 113 113 110 109 109 111 115 116 117 117 118 118 121 123 122 125 125 127 129 130 127 125 123 124 125 127 128 128 128 126 125 125 125 125 126 127 129 129 127 128 130 132 133 133 131 131 132 133 134 134 135 134 131 128
144 137 135 136 134 132 131 128 123 119 115 110 108 105 104 104 102 101 101 101 104 104 103 102 101 101 101 102 104 102 104 106 107 109 111 112 113 111 108 109 111 113 116 116 117 118 120 120 120 120 124 123 126 127 128 128 127 126 123 123 126 127 127 129 128 127 128 128 126 125 125 126 128 126 126 127 130 132 131 131 131 133 133 132 132 133 133 133 131
