Artocarpus hirsutus SDM files/Last interglacial/Environmental layers/bio16.asc
ncols  625
nrows  721
xllcorner  69.99986311115
yllcorner  5.99986151914999
cellsize 0.041666667
NODATA_value  -9999
[rows 76 to 113 of 721, columns 340 to 424 of 625]
564 583 586 604 616 600 631 626 626 610 597 621 635 643 624 587 577 583 588 590 602 620 646 678 682 692 664 640 648 655 655 694 690 679 673 676 664 662 654 670 696 744 760 765 775 762 744 697 731 776 807 818 824 811 793 773 734 712 696 696 711 758 828 753 755 754 791 850 818 737 729 747 758 776 790 789 811 829 830 862 846 869 884 891 882
566 594 573 598 617 640 649 642 639 623 614 606 642 654 647 641 623 627 640 668 648 635 640 666 655 645 665 649 644 678 643 706 755 743 720 699 679 682 667 674 705 785 778 756 754 755 757 746 713 762 791 812 826 843 829 779 731 747 724 777 829 851 808 780 827 848 823 851 795 753 743 775 794 800 812 798 810 845 885 882 867 886 904 893 880
561 562 540 571 613 650 633 645 624 640 625 646 651 678 667 657 651 678 652 668 667 673 667 694 688 669 708 708 677 685 701 670 729 774 762 733 723 709 685 682 719 784 809 802 786 765 754 746 711 726 784 817 835 792 773 745 730 796 838 861 835 798 863 872 833 784 782 838 844 787 770 809 838 877 834 818 815 863 897 885 871 903 915 905 828
559 545 538 572 623 642 623 634 626 629 631 641 616 654 654 679 673 696 685 707 709 696 702 706 686 689 696 736 713 702 709 658 709 752 778 739 736 716 693 723 778 791 789 790 783 798 782 741 705 736 806 830 830 788 743 713 717 774 857 815 789 831 862 857 812 756 754 761 779 851 815 852 870 885 860 846 841 854 864 879 858 850 828 813 772
564 553 555 587 643 636 611 630 627 624 611 607 613 618 660 676 672 691 686 698 692 686 689 684 679 646 649 684 704 685 676 673 744 747 786 765 731 707 706 743 781 789 761 747 765 812 812 762 724 811 844 814 797 769 743 747 752 816 863 779 740 790 859 857 822 772 786 796 871 880 853 841 847 899 900 890 912 892 874 839 800 776 777 799 811
585 559 560 590 614 599 594 609 601 592 585 591 607 602 633 666 676 687 688 692 694 706 706 709 686 641 641 666 672 707 706 666 667 718 781 776 754 724 735 762 780 810 783 763 737 771 788 757 753 829 841 769 731 788 862 820 772 773 761 764 786 768 827 850 854 823 813 861 899 871 855 860 868 882 875 905 927 908 905 883 864 872 884 868 814
579 557 560 587 615 619 639 619 643 652 618 650 638 615 611 631 670 689 692 692 699 706 728 715 711 683 692 723 712 766 746 672 685 733 785 784 765 790 785 794 796 781 751 754 801 810 783 742 731 724 722 747 798 839 829 762 739 753 835 886 864 817 802 859 876 888 866 856 874 883 893 892 868 876 892 905 903 885 875 900 911 909 890 832 883
583 564 584 609 635 662 669 666 633 676 638 679 658 655 627 623 650 680 683 700 695 705 713 725 736 711 691 677 695 748 747 746 736 746 763 767 756 796 814 810 813 786 778 743 779 761 755 742 743 715 736 814 845 835 851 820 804 794 822 816 798 854 897 879 903 897 889 884 905 904 893 886 870 899 919 931 949 898 874 881 902 876 875 885 935
600 584 588 643 628 641 661 679 641 660 651 689 690 674 640 684 637 684 715 699 719 711 726 740 764 732 711 694 697 763 780 788 754 754 778 810 800 777 782 769 769 761 795 796 778 778 764 746 738 743 753 789 819 853 884 887 871 852 829 810 833 887 899 853 890 874 901 910 910 907 922 899 887 926 947 941 915 889 858 853 864 911 891 859 914
571 573 626 666 658 666 684 682 672 649 639 663 672 665 639 687 654 698 733 712 720 727 730 740 767 736 717 715 710 759 801 786 762 751 795 795 735 701 689 763 810 803 820 815 818 808 805 823 841 848 831 799 768 838 878 878 872 861 865 879 892 868 843 832 855 906 921 900 862 897 905 902 928 939 917 938 913 874 840 878 930 931 917 893 872
563 571 597 624 659 689 694 700 690 658 673 683 681 663 665 648 667 708 722 724 727 737 739 748 748 747 756 753 712 772 779 771 777 760 752 718 713 743 691 823 792 780 842 848 812 785 781 828 856 821 814 790 839 885 880 884 851 852 838 846 867 823 886 922 876 916 939 880 921 932 880 899 902 909 923 917 886 840 878 941 949 909 897 903 914
620 633 603 580 638 670 674 687 699 700 721 702 693 683 702 685 682 725 728 716 745 743 748 727 715 717 769 746 716 704 709 719 714 801 777 754 791 721 751 838 768 760 836 836 796 754 754 780 781 746 797 875 869 837 820 840 828 820 816 822 829 818 830 863 847 846 880 885 903 875 897 932 887 907 940 877 854 891 943 978 971 931 948 945 949
648 665 672 634 654 606 612 657 682 695 709 685 729 722 733 704 708 733 747 740 760 751 739 715 684 694 737 699 720 773 767 783 788 795 797 750 744 799 829 827 840 764 790 791 851 849 834 810 770 822 897 894 841 800 788 784 778 784 798 797 799 808 815 829 843 894 933 938 897 839 921 883 914 891 878 842 893 948 968 954 948 950 939 977 999
611 651 662 632 599 589 596 625 653 653 663 710 722 701 722 732 711 752 757 746 756 734 722 680 670 683 700 734 787 805 790 742 802 779 841 817 803 830 810 844 826 815 747 861 870 838 840 780 850 895 909 901 848 809 782 771 768 770 780 793 819 841 873 928 935 936 958 979 891 918 978 924 966 904 912 882 971 990 945 953 929 889 889 982 995
593 598 606 596 594 595 596 601 612 616 634 653 668 683 689 692 701 723 737 724 755 711 690 677 669 693 740 791 822 817 802 758 716 733 773 756 761 759 787 806 771 774 759 840 871 805 803 804 872 879 894 912 892 873 831 846 843 812 782 833 921 886 899 890 927 946 956 958 960 876 972 978 958 902 901 908 993 986 936 974 974 921 865 901 952
623 637 623 629 621 613 613 610 609 617 619 624 632 644 650 658 668 678 691 693 691 684 668 667 677 699 768 800 798 782 772 791 726 700 751 787 762 767 751 733 730 762 800 770 823 812 785 779 796 850 884 875 866 861 860 883 911 877 788 812 848 848 855 901 902 936 955 962 975 906 915 981 953 846 823 843 972 980 965 1012 997 982 927 896 944
620 646 651 681 665 647 656 651 642 640 633 630 626 635 643 650 655 661 663 668 668 669 670 677 695 705 707 702 723 806 826 824 770 732 785 845 818 826 834 789 753 759 841 788 745 751 761 764 765 785 827 803 799 796 801 816 885 827 792 810 828 844 872 882 889 924 943 951 964 949 895 933 955 853 827 859 984 960 950 988 967 974 941 883 927
690 712 687 661 685 677 698 696 676 655 645 638 633 635 645 654 658 662 669 674 679 678 683 724 749 763 794 788 757 714 755 784 766 747 754 770 783 813 790 766 765 757 832 783 753 796 811 780 782 800 784 801 815 816 802 788 802 823 807 814 834 857 895 841 860 895 918 927 950 937 937 901 931 876 841 873 931 931 947 967 953 969 955 925 915
645 683 696 714 738 718 721 706 693 668 685 654 646 641 648 660 664 664 670 677 678 689 721 783 806 757 816 785 735 722 742 805 781 765 818 805 789 810 816 835 807 789 776 765 766 819 845 793 808 880 801 854 926 870 906 831 816 814 837 852 875 919 936 925 880 864 897 910 940 930 929 937 899 894 920 928 894 907 933 953 967 948 920 917 922
615 635 657 679 685 728 749 751 744 707 689 669 672 669 667 668 675 718 723 718 709 688 727 778 747 760 759 786 761 731 750 778 834 821 859 880 885 891 865 867 854 839 816 792 787 807 825 832 817 825 807 891 922 874 856 821 807 810 823 861 901 927 894 874 876 877 876 889 914 916 904 928 967 937 954 979 905 907 960 973 986 999 969 936 923
616 661 720 730 677 698 703 747 756 738 713 742 740 707 719 678 688 740 762 710 704 687 691 708 705 735 763 808 786 804 795 844 848 851 869 885 882 882 887 881 910 873 870 851 822 858 879 880 874 842 813 886 893 928 933 892 860 838 813 818 842 897 946 926 856 854 861 868 879 908 898 886 930 919 920 912 899 909 954 963 993 1011 1003 998 954
621 639 681 636 627 652 674 728 758 739 745 753 746 728 705 697 717 762 783 742 722 700 700 702 749 822 828 813 791 832 806 837 849 841 872 869 877 879 886 885 885 897 917 896 871 875 870 886 933 914 891 897 861 859 908 923 954 937 865 828 825 832 859 899 849 846 851 853 860 885 942 871 871 890 897 875 895 905 898 885 900 921 919 934 929
659 693 676 646 636 642 677 709 703 697 703 699 698 751 773 732 705 723 736 754 754 731 731 711 744 779 741 737 741 756 760 774 792 804 824 842 848 874 866 877 865 874 908 921 916 853 840 814 872 919 900 927 922 869 850 888 881 862 862 855 847 843 838 847 865 860 847 857 849 860 885 930 857 914 944 875 885 891 893 880 878 880 880 892 900
725 708 697 688 695 666 661 654 669 749 774 744 693 701 774 795 804 778 727 733 760 733 725 724 725 774 795 758 756 763 772 765 799 812 802 802 813 837 845 862 829 865 863 905 890 912 834 825 845 880 839 873 880 879 846 892 925 941 966 952 918 921 944 920 900 915 871 877 852 858 898 994 882 877 897 879 879 879 882 884 886 886 885 889 902
765 771 768 729 718 714 737 687 660 686 741 780 769 731 722 713 741 796 800 788 786 764 756 770 758 827 858 804 793 792 770 793 844 848 841 828 830 823 822 844 817 847 884 831 836 844 824 873 872 936 902 865 888 871 860 855 856 891 947 977 947 991 988 952 916 914 937 922 893 885 947 983 896 870 879 887 876 878 877 880 883 882 888 890 905
697 772 728 709 746 742 757 733 698 705 718 736 758 722 702 706 708 724 742 748 767 754 748 747 778 790 858 862 835 808 789 843 873 842 843 847 844 861 854 854 864 851 838 857 950 911 858 856 926 898 917 878 846 856 851 881 902 852 900 939 975 1006 1005 972 909 882 929 950 931 912 960 901 893 880 880 902 885 892 892 884 889 883 906 941 945
736 734 714 751 774 773 764 757 771 782 808 793 783 791 749 743 796 811 811 785 820 789 785 756 789 789 856 877 831 840 869 868 901 847 875 892 900 881 895 876 931 904 889 859 929 947 912 905 918 870 924 948 852 854 900 873 906 864 874 861 874 908 917 907 866 876 896 874 887 914 956 968 895 893 908 927 951 921 947 947 916 951 963 963 1006
710 732 702 724 747 754 774 795 771 757 734 782 789 814 807 768 792 858 835 789 847 855 802 769 841 872 815 851 820 862 891 902 902 847 879 918 931 919 879 903 930 897 893 895 910 847 850 835 837 865 878 887 926 926 977 983 983 925 932 926 907 924 933 916 914 911 909 882 879 916 893 992 960 933 934 1005 1010 972 992 984 944 1011 1048 1040 1045
735 752 780 766 757 740 762 768 767 794 739 753 770 768 754 790 815 851 853 802 818 905 834 788 826 852 890 854 846 859 896 855 852 881 873 850 879 916 916 935 934 904 921 908 882 825 823 833 841 855 882 906 941 961 1004 1026 1015 999 1007 1008 998 1011 1036 1015 976 977 945 948 900 893 900 969 1058 1047 1003 985 1039 1052 1056 1041 1042 1033 1055 1065 1020
764 769 787 787 741 720 791 812 770 718 768 837 855 827 754 785 836 870 860 839 822 872 893 810 822 875 859 853 881 866 854 849 831 833 876 903 919 906 900 907 967 960 971 962 909 877 837 930 894 941 896 885 880 896 930 940 978 979 954 955 958 939 1015 1009 954 972 950 972 931 973 1007 913 946 1062 1056 958 939 960 957 966 1000 1009 1031 1042 1040
716 721 758 808 769 701 733 787 795 743 749 774 825 854 807 791 802 833 862 826 815 864 897 831 808 865 899 881 892 888 864 869 851 892 928 928 947 973 971 953 945 947 953 936 911 871 844 872 951 994 950 922 927 946 985 1016 1000 1041 952 952 959 871 906 1019 1040 988 963 935 914 904 907 912 909 913 936 923 917 924 935 975 1018 992 976 990 1010
682 700 714 728 713 705 706 753 782 727 820 819 799 813 805 813 845 887 883 843 805 889 927 869 827 885 892 864 909 914 917 894 882 891 893 910 891 926 958 951 944 983 1006 987 968 931 887 944 996 1025 1029 989 970 938 956 972 997 962 906 876 874 868 874 972 1035 1026 1011 1022 990 972 928 985 963 909 926 906 906 914 965 1067 1094 1066 1043 1038 979
709 710 714 748 766 753 736 733 748 741 851 840 822 847 874 818 803 891 890 857 801 887 933 892 825 874 929 909 884 857 887 904 903 905 870 872 882 870 900 924 923 946 971 961 920 857 901 903 890 917 970 961 924 939 953 991 1030 1004 902 866 872 951 991 1055 1048 1064 1082 1071 1064 982 921 987 1021 1033 1033 972 940 899 905 960 1027 1071 967 955 1022
713 717 720 792 838 813 780 779 790 749 794 773 767 816 842 867 833 884 839 824 814 896 935 923 838 907 943 876 924 945 930 912 909 956 956 944 948 953 955 920 888 874 893 974 939 926 948 975 929 937 999 1038 1022 1030 1025 992 1000 994 925 877 904 1015 1062 1001 990 976 973 968 959 942 941 939 951 1018 941 1001 975 950 947 945 938 938 934 1012 1089
713 716 733 813 824 819 801 844 834 827 768 799 838 885 876 869 898 897 843 784 796 864 929 906 854 890 938 910 852 858 877 885 887 903 897 913 918 906 940 950 1001 951 945 921 908 958 969 978 976 1015 1028 1002 1037 1073 1093 1055 1005 966 927 887 1001 1085 1101 1013 986 981 979 965 950 957 954 971 959 1025 1037 1050 1042 997 974 1002 1021 993 979 954 955
709 711 721 816 852 755 754 825 779 841 738 775 805 842 853 854 902 897 828 788 782 805 887 875 941 892 920 938 896 882 865 848 871 948 887 863 958 968 961 981 949 998 993 974 937 995 1002 975 950 1024 1043 1062 1056 1041 1062 1103 1081 1029 957 912 983 1089 1120 1058 1015 995 989 988 984 1017 1013 1012 994 967 1092 1080 1073 1058 1035 1050 1054 1044 1032 1006 980
707 710 711 735 766 733 727 748 777 790 743 771 758 782 842 829 853 906 880 808 784 803 880 896 949 891 953 966 956 932 941 878 875 956 940 862 906 952 976 958 983 1011 1047 1044 1039 1021 980 972 986 1013 1000 989 1024 1064 1064 1082 1106 1055 984 901 901 968 1084 1117 1035 1024 1002 994 1010 1035 1050 1032 949 936 1014 1124 1128 1112 1116 1129 1109 1081 1035 1019 1027
707 707 704 709 712 718 728 738 748 733 772 752 756 824 863 830 857 859 868 803 795 803 824 904 960 887 870 916 922 896 906 907 883 934 938 875 878 879 905 908 927 962 1011 1041 1063 1074 1066 1004 1034 1045 1041 1039 1035 1018 1014 1025 1104 1074 990 897 901 910 973 1127 1106 1092 1069 1044 1033 1037 1076 1045 933 918 937 1054 1125 1127 1092 1098 1118 1135 1125 1118 1103
