Artocarpus hirsutus SDM files/Last interglacial/Environmental layers/bio17.asc
ncols  625
nrows  721
xllcorner  69.99986311115
yllcorner  5.99986151914999
cellsize 0.041666667
NODATA_value  -9999
[rows 384 to 431 of 721, columns 288 to 383 of 625]
16 15 14 16 15 13 13 14 14 12 13 12 12 12 12 11 11 11 10 10 10 13 13 11 7 11 7 9 8 9 10 10 8 11 10 13 15 13 17 11 7 11 17 17 16 20 19 12 15 18 23 24 17 19 23 28 28 27 23 18 21 24 21 18 19 20 25 20 17 18 14 12 12 12 10 9 10 14 13 10 9 10 10 10 12 11 10 11 11 11 11 11 13 12 12 13
17 15 15 16 15 14 14 13 11 11 13 11 11 12 11 11 12 12 11 11 10 13 9 12 10 14 7 8 9 7 7 6 7 7 13 10 14 16 18 11 7 10 16 18 15 18 19 12 12 12 15 16 22 20 24 27 22 19 17 17 20 20 23 20 19 21 20 16 16 17 17 17 12 15 13 14 17 11 16 16 16 14 14 13 12 11 10 10 10 11 11 12 11 12 12 13
16 15 17 17 15 15 14 11 11 11 12 11 11 11 10 10 11 10 9 9 9 8 7 8 8 12 7 8 9 10 12 5 9 5 13 7 13 15 16 18 9 9 13 17 15 16 18 17 12 12 16 19 19 22 18 22 26 19 18 15 16 18 20 18 21 18 16 14 14 16 15 13 12 18 20 18 12 17 16 11 13 12 12 11 11 10 10 9 10 10 10 10 11 12 12 12
16 15 17 15 15 16 14 11 10 9 11 10 10 9 10 10 10 9 8 9 8 7 7 10 6 7 9 6 9 9 9 8 11 5 10 14 16 17 16 18 17 9 15 12 11 14 16 16 18 16 20 22 22 18 19 17 19 19 21 19 18 18 17 18 18 16 18 19 20 14 14 18 21 20 16 18 20 16 15 14 13 11 10 10 10 10 10 10 10 10 10 10 11 11 12 13
16 15 15 16 15 15 14 12 9 9 9 10 10 9 8 8 9 10 9 9 8 7 7 8 11 10 6 7 8 13 9 6 13 8 6 12 14 15 17 18 17 7 14 15 14 14 17 19 21 20 18 19 23 22 17 15 16 19 23 25 22 20 16 17 17 19 19 16 13 13 16 24 17 16 17 16 14 11 13 13 13 10 10 10 9 9 10 9 10 9 9 9 10 10 11 13
14 14 16 16 16 16 13 10 10 9 9 8 10 9 7 7 8 10 9 8 8 7 8 8 6 7 5 4 5 14 13 7 7 8 4 11 14 14 16 17 18 11 15 15 17 17 15 18 19 19 16 17 19 19 12 14 12 14 20 21 18 16 15 17 19 18 16 17 19 18 18 14 14 12 17 11 13 16 14 13 11 10 10 10 9 9 9 9 10 10 10 10 10 11 11 12
15 16 15 15 15 15 12 11 12 10 7 8 9 9 8 7 8 9 9 8 6 6 7 6 4 6 5 5 3 9 11 6 7 6 5 6 11 12 14 13 14 12 15 16 17 15 17 16 12 13 17 11 13 12 17 18 15 15 15 16 18 16 16 15 18 16 17 15 14 13 11 14 19 13 13 9 11 13 12 11 10 10 9 9 8 8 9 9 10 10 10 10 10 -9999 -9999 -9999
15 15 15 15 15 15 13 13 12 12 9 9 10 8 7 7 8 8 9 8 6 6 9 9 7 4 5 10 3 6 11 9 8 3 5 4 8 12 15 13 9 12 14 14 14 15 15 12 15 18 19 14 14 17 15 18 17 14 13 17 16 20 20 17 15 18 18 15 13 21 18 21 13 13 16 16 9 11 10 10 9 9 8 8 8 9 9 9 9 10 -9999 -9999 -9999 -9999 -9999 -9999
15 16 15 15 15 14 14 13 12 11 11 11 11 8 7 7 8 8 9 8 6 7 8 9 6 7 5 10 8 6 9 12 7 9 5 3 6 9 13 12 7 9 13 15 16 18 13 15 17 16 19 21 17 16 16 13 13 12 13 17 15 15 17 16 15 18 16 13 15 17 20 16 12 16 12 17 12 10 9 9 9 9 8 8 8 8 9 -9999 -9999 -9999 -9999 -9999 -9999 -9999 -9999 -9999
15 15 16 14 13 13 14 13 12 11 11 12 11 7 7 7 8 8 9 7 6 10 11 12 7 10 6 10 9 5 6 10 13 15 9 4 4 8 9 15 14 7 13 15 19 15 15 21 18 16 14 16 17 19 17 14 14 12 12 18 14 15 15 14 17 15 15 15 16 15 16 13 11 10 8 9 10 9 9 9 9 9 9 8 8 -9999 -9999 -9999 -9999 -9999 -9999 -9999 -9999 -9999 -9999 -9999
15 14 16 17 14 12 13 13 12 11 11 13 13 10 6 6 7 8 7 7 6 8 10 11 9 9 4 8 9 6 4 9 13 14 7 4 3 4 6 6 10 11 12 14 15 11 17 19 13 17 17 16 19 19 14 10 15 14 14 15 15 17 16 13 14 15 15 15 16 15 13 11 12 9 10 8 8 8 9 9 9 9 9 -9999 -9999 -9999 -9999 -9999 -9999 -9999 -9999 -9999 -9999 -9999 -9999 -9999
15 14 16 15 15 13 12 12 13 11 11 12 13 12 6 6 6 7 6 7 7 9 10 9 10 11 5 5 11 4 4 8 13 16 13 5 3 7 7 5 9 7 11 10 12 14 16 17 13 16 15 16 17 14 17 17 17 16 22 15 14 17 15 14 16 14 15 16 16 15 14 13 11 13 10 8 8 8 9 9 9 -9999 -9999 -9999 -9999 -9999 -9999 -9999 -9999 -9999 -9999 -9999 -9999 -9999 -9999 -9999
15 15 15 16 15 13 12 13 13 11 11 11 11 12 8 6 5 5 6 6 8 9 10 10 10 12 10 8 4 4 4 6 13 16 15 5 5 5 9 8 5 5 12 14 14 15 13 13 14 11 12 13 14 15 19 19 18 18 23 18 20 16 15 16 17 13 15 14 12 10 11 13 13 8 8 8 8 9 8 8 -9999 -9999 -9999 -9999 -9999 -9999 -9999 -9999 -9999 -9999 -9999 -9999 -9999 -9999 -9999 -9999
15 15 15 15 14 11 12 13 12 12 11 10 12 12 11 8 5 4 4 5 8 10 9 9 9 9 10 14 9 5 3 4 12 14 12 6 6 12 6 9 5 5 14 15 15 14 17 13 15 12 14 10 10 15 19 15 21 21 18 20 22 17 16 15 14 14 12 12 9 9 10 10 11 13 10 9 9 9 -9999 -9999 -9999 -9999 -9999 -9999 -9999 -9999 -9999 -9999 -9999 -9999 -9999 -9999 -9999 -9999 -9999 -9999
15 15 14 14 15 13 11 12 12 12 12 12 12 10 11 12 7 3 3 4 5 9 9 10 9 9 10 8 12 10 6 3 7 9 11 14 11 14 9 16 14 9 11 13 15 15 15 14 13 19 14 13 13 15 14 15 19 18 15 15 18 16 14 14 12 11 11 11 12 11 8 9 11 11 11 10 9 -9999 -9999 -9999 -9999 -9999 -9999 -9999 -9999 -9999 -9999 -9999 -9999 -9999 -9999 -9999 -9999 -9999 -9999 -9999
15 15 14 15 15 14 11 12 12 12 13 12 11 10 11 12 10 3 3 8 10 9 10 8 10 11 11 6 4 4 5 3 4 11 11 13 12 13 15 8 10 14 9 13 15 16 15 18 20 19 17 19 17 15 15 15 20 19 13 14 14 14 14 10 8 10 12 13 13 11 8 8 9 9 9 -9999 -9999 -9999 -9999 -9999 -9999 -9999 -9999 -9999 -9999 -9999 -9999 -9999 -9999 -9999 -9999 -9999 -9999 -9999 -9999 -9999
15 15 15 13 13 14 13 13 12 11 10 11 10 10 11 11 9 3 4 9 11 10 10 12 11 12 11 12 5 3 5 10 4 7 9 11 12 10 11 18 7 10 9 14 15 14 17 16 13 14 14 15 18 16 14 17 17 12 11 13 16 15 13 8 10 11 13 12 12 11 12 10 9 9 8 -9999 -9999 -9999 -9999 -9999 -9999 -9999 -9999 -9999 -9999 -9999 -9999 -9999 -9999 -9999 -9999 -9999 -9999 -9999 -9999 -9999
15 15 14 13 12 11 11 12 14 12 10 11 11 10 10 9 9 7 8 8 8 8 10 12 11 11 8 13 9 9 8 10 6 3 6 11 11 17 11 18 15 10 9 13 12 13 15 15 14 16 21 20 20 19 17 17 11 12 10 10 18 14 12 18 14 10 11 11 11 9 11 9 9 -9999 -9999 -9999 -9999 -9999 -9999 -9999 -9999 -9999 -9999 -9999 -9999 -9999 -9999 -9999 -9999 -9999 -9999 -9999 -9999 -9999 -9999 -9999
13 14 13 12 12 11 12 11 11 10 9 11 11 11 10 9 9 9 9 9 9 9 6 8 7 11 13 13 7 10 10 10 8 5 7 10 12 13 7 13 18 11 10 14 14 14 15 15 19 19 13 15 14 15 17 17 11 15 15 20 15 13 15 23 19 12 10 9 10 9 9 8 -9999 -9999 -9999 -9999 -9999 -9999 -9999 -9999 -9999 -9999 -9999 -9999 -9999 -9999 -9999 -9999 -9999 -9999 -9999 -9999 -9999 -9999 -9999 -9999
15 14 13 11 11 13 13 13 12 11 9 10 10 10 9 8 8 7 6 7 8 10 9 5 8 11 12 12 7 9 7 11 6 4 7 7 15 11 11 12 13 12 11 14 14 18 19 15 17 15 12 18 16 12 14 18 22 20 18 13 8 13 16 20 12 9 10 9 9 9 -9999 -9999 -9999 -9999 -9999 -9999 -9999 -9999 -9999 -9999 -9999 -9999 -9999 -9999 -9999 -9999 -9999 -9999 -9999 -9999 -9999 -9999 -9999 -9999 -9999 -9999
14 13 13 12 11 12 12 10 9 9 8 7 9 8 6 6 7 9 8 9 9 10 12 11 6 13 11 9 6 8 3 5 7 4 9 12 15 14 8 8 13 11 12 14 15 15 13 13 15 13 12 16 18 16 14 15 12 14 9 8 9 7 12 15 14 11 8 8 8 -9999 -9999 -9999 -9999 -9999 -9999 -9999 -9999 -9999 -9999 -9999 -9999 -9999 -9999 -9999 -9999 -9999 -9999 -9999 -9999 -9999 -9999 -9999 -9999 -9999 -9999 -9999
13 11 10 10 10 10 10 9 9 8 8 6 7 9 6 6 6 7 9 9 9 7 9 10 10 7 8 6 6 8 8 7 4 4 12 13 15 15 5 6 12 10 10 13 12 13 12 15 14 17 12 14 19 19 15 17 11 6 5 6 10 9 8 7 7 7 7 7 -9999 -9999 -9999 -9999 -9999 -9999 -9999 -9999 -9999 -9999 -9999 -9999 -9999 -9999 -9999 -9999 -9999 -9999 -9999 -9999 -9999 -9999 -9999 -9999 -9999 -9999 -9999 -9999
10 9 9 9 8 9 9 9 9 9 9 6 6 6 6 5 6 7 5 10 12 12 12 13 11 11 6 7 8 6 9 12 10 4 10 11 11 18 15 7 8 11 11 13 14 11 13 14 14 16 16 21 22 19 14 17 15 6 7 9 9 5 5 5 5 6 6 7 -9999 -9999 -9999 -9999 -9999 -9999 -9999 -9999 -9999 -9999 -9999 -9999 -9999 -9999 -9999 -9999 -9999 -9999 -9999 -9999 -9999 -9999 -9999 -9999 -9999 -9999 -9999 -9999
9 9 9 8 9 8 8 8 9 9 9 8 6 5 6 5 9 8 4 7 11 11 10 12 13 15 7 7 6 12 8 11 11 8 7 12 13 14 18 8 13 17 15 13 18 14 17 19 17 14 17 18 17 19 18 15 10 18 17 9 5 5 4 4 4 5 6 -9999 -9999 -9999 -9999 -9999 -9999 -9999 -9999 -9999 -9999 -9999 -9999 -9999 -9999 -9999 -9999 -9999 -9999 -9999 -9999 -9999 -9999 -9999 -9999 -9999 -9999 -9999 -9999 -9999
9 9 10 8 9 10 8 7 6 7 9 10 12 8 7 4 8 8 6 5 4 6 7 9 13 15 11 13 14 17 11 16 7 7 7 15 18 14 15 13 14 9 9 15 16 18 14 15 19 20 19 13 16 21 19 19 17 8 8 12 11 6 4 6 7 6 5 -9999 -9999 -9999 -9999 -9999 -9999 -9999 -9999 -9999 -9999 -9999 -9999 -9999 -9999 -9999 -9999 -9999 -9999 -9999 -9999 -9999 -9999 -9999 -9999 -9999 -9999 -9999 -9999 -9999
11 9 11 10 9 10 8 8 5 5 7 7 7 7 6 4 9 11 7 11 5 9 9 7 10 12 15 17 16 17 13 17 10 5 5 15 17 19 17 12 8 8 8 11 14 17 20 14 13 18 12 12 19 18 17 20 23 17 10 8 12 8 8 7 5 5 -9999 -9999 -9999 -9999 -9999 -9999 -9999 -9999 -9999 -9999 -9999 -9999 -9999 -9999 -9999 -9999 -9999 -9999 -9999 -9999 -9999 -9999 -9999 -9999 -9999 -9999 -9999 -9999 -9999 -9999
11 11 10 10 9 8 6 8 6 5 5 6 5 6 10 6 7 13 10 10 8 10 13 9 12 14 9 14 16 11 8 17 19 18 10 12 17 14 15 15 9 14 9 8 15 17 19 18 16 21 18 12 17 16 18 18 20 22 9 6 7 5 6 5 4 -9999 -9999 -9999 -9999 -9999 -9999 -9999 -9999 -9999 -9999 -9999 -9999 -9999 -9999 -9999 -9999 -9999 -9999 -9999 -9999 -9999 -9999 -9999 -9999 -9999 -9999 -9999 -9999 -9999 -9999 -9999
10 10 10 7 8 6 7 5 5 6 5 6 6 5 10 9 3 5 11 12 9 9 11 13 11 10 7 6 9 9 7 15 16 18 10 9 13 15 13 12 7 11 13 7 12 16 16 20 18 23 20 12 16 19 18 17 17 13 7 5 4 4 4 5 -9999 -9999 -9999 -9999 -9999 -9999 -9999 -9999 -9999 -9999 -9999 -9999 -9999 -9999 -9999 -9999 -9999 -9999 -9999 -9999 -9999 -9999 -9999 -9999 -9999 -9999 -9999 -9999 -9999 -9999 -9999 -9999
7 7 8 7 8 8 9 6 6 6 4 3 5 5 5 9 5 4 6 11 10 7 12 12 16 13 5 5 7 10 7 8 9 12 8 9 12 13 13 16 8 13 15 12 8 14 16 20 16 16 17 14 12 13 9 12 15 7 4 3 3 4 4 -9999 -9999 -9999 -9999 -9999 -9999 -9999 -9999 -9999 -9999 -9999 -9999 -9999 -9999 -9999 -9999 -9999 -9999 -9999 -9999 -9999 -9999 -9999 -9999 -9999 -9999 -9999 -9999 -9999 -9999 -9999 -9999 -9999
5 4 6 7 7 7 6 5 7 5 7 3 4 5 7 8 8 6 6 8 13 13 11 15 11 8 11 9 11 11 13 16 18 15 12 11 12 11 13 17 16 14 18 19 7 9 12 13 12 10 15 13 9 7 11 6 6 11 8 4 5 4 -9999 -9999 -9999 -9999 -9999 -9999 -9999 -9999 -9999 -9999 -9999 -9999 -9999 -9999 -9999 -9999 -9999 -9999 -9999 -9999 -9999 -9999 -9999 -9999 -9999 -9999 -9999 -9999 -9999 -9999 -9999 -9999 -9999 -9999
5 6 6 8 10 8 7 8 8 6 4 4 5 7 7 6 8 7 8 10 12 12 12 14 16 14 12 19 16 18 16 15 15 13 10 11 12 11 12 12 12 15 15 8 6 7 9 14 18 13 10 6 5 7 14 11 6 5 6 7 5 4 -9999 -9999 -9999 -9999 -9999 -9999 -9999 -9999 -9999 -9999 -9999 -9999 -9999 -9999 -9999 -9999 -9999 -9999 -9999 -9999 -9999 -9999 -9999 -9999 -9999 -9999 -9999 -9999 -9999 -9999 -9999 -9999 -9999 -9999
10 8 5 8 10 9 9 9 9 7 6 4 7 5 6 6 6 6 8 8 9 11 12 15 17 19 17 13 12 14 15 13 12 13 12 13 11 10 12 14 14 15 18 15 10 6 9 9 8 7 10 8 7 7 8 7 3 3 4 4 4 -9999 -9999 -9999 -9999 -9999 -9999 -9999 -9999 -9999 -9999 -9999 -9999 -9999 -9999 -9999 -9999 -9999 -9999 -9999 -9999 -9999 -9999 -9999 -9999 -9999 -9999 -9999 -9999 -9999 -9999 -9999 -9999 -9999 -9999 -9999
12 11 7 8 10 10 9 9 8 7 4 3 4 5 6 9 8 6 8 9 11 13 15 16 13 14 18 15 10 9 9 8 10 11 10 9 10 11 11 12 14 15 18 12 13 6 10 12 10 12 12 14 17 11 7 9 5 3 3 3 -9999 -9999 -9999 -9999 -9999 -9999 -9999 -9999 -9999 -9999 -9999 -9999 -9999 -9999 -9999 -9999 -9999 -9999 -9999 -9999 -9999 -9999 -9999 -9999 -9999 -9999 -9999 -9999 -9999 -9999 -9999 -9999 -9999 -9999 -9999 -9999
6 5 5 4 7 6 10 8 7 6 3 5 7 7 6 7 8 6 7 7 8 14 15 16 19 14 12 8 10 9 8 10 8 9 9 9 9 10 9 11 9 12 13 12 17 6 7 12 12 12 10 14 14 9 8 6 5 4 3 -9999 -9999 -9999 -9999 -9999 -9999 -9999 -9999 -9999 -9999 -9999 -9999 -9999 -9999 -9999 -9999 -9999 -9999 -9999 -9999 -9999 -9999 -9999 -9999 -9999 -9999 -9999 -9999 -9999 -9999 -9999 -9999 -9999 -9999 -9999 -9999 -9999
3 3 4 3 3 4 6 6 6 4 4 7 7 5 5 6 9 7 5 6 7 11 14 19 16 8 7 7 10 14 18 10 9 10 11 8 9 8 8 7 8 6 8 14 13 4 5 9 14 10 10 9 7 7 5 4 4 4 -9999 -9999 -9999 -9999 -9999 -9999 -9999 -9999 -9999 -9999 -9999 -9999 -9999 -9999 -9999 -9999 -9999 -9999 -9999 -9999 -9999 -9999 -9999 -9999 -9999 -9999 -9999 -9999 -9999 -9999 -9999 -9999 -9999 -9999 -9999 -9999 -9999 -9999
3 3 3 4 4 4 5 5 6 4 5 6 4 6 4 4 7 8 8 6 7 9 11 15 13 9 14 14 13 12 14 13 10 8 8 9 6 6 7 7 6 5 5 10 15 9 5 6 7 9 8 6 5 4 4 4 4 -9999 -9999 -9999 -9999 -9999 -9999 -9999 -9999 -9999 -9999 -9999 -9999 -9999 -9999 -9999 -9999 -9999 -9999 -9999 -9999 -9999 -9999 -9999 -9999 -9999 -9999 -9999 -9999 -9999 -9999 -9999 -9999 -9999 -9999 -9999 -9999 -9999 -9999 -9999
6 4 2 2 3 3 4 3 2 7 7 5 4 7 6 4 5 7 12 5 6 11 14 13 14 11 11 10 8 7 5 7 7 7 6 5 5 6 5 4 5 5 5 5 8 7 5 5 7 7 7 5 4 4 4 4 4 -9999 -9999 -9999 -9999 -9999 -9999 -9999 -9999 -9999 -9999 -9999 -9999 -9999 -9999 -9999 -9999 -9999 -9999 -9999 -9999 -9999 -9999 -9999 -9999 -9999 -9999 -9999 -9999 -9999 -9999 -9999 -9999 -9999 -9999 -9999 -9999 -9999 -9999 -9999
4 3 2 2 3 3 4 4 8 8 6 6 4 5 6 5 4 10 10 6 6 6 11 15 12 9 5 5 6 5 6 7 8 9 6 4 4 4 3 3 5 5 4 4 5 4 3 4 4 4 4 4 4 4 4 3 -9999 -9999 -9999 -9999 -9999 -9999 -9999 -9999 -9999 -9999 -9999 -9999 -9999 -9999 -9999 -9999 -9999 -9999 -9999 -9999 -9999 -9999 -9999 -9999 -9999 -9999 -9999 -9999 -9999 -9999 -9999 -9999 -9999 -9999 -9999 -9999 -9999 -9999 -9999 -9999
4 3 2 2 3 5 7 9 6 4 8 6 3 3 3 8 8 11 14 11 13 11 11 11 11 5 4 4 6 8 6 9 7 11 12 6 6 4 2 2 2 2 3 2 3 3 2 2 3 5 4 4 4 3 3 -9999 -9999 -9999 -9999 -9999 -9999 -9999 -9999 -9999 -9999 -9999 -9999 -9999 -9999 -9999 -9999 -9999 -9999 -9999 -9999 -9999 -9999 -9999 -9999 -9999 -9999 -9999 -9999 -9999 -9999 -9999 -9999 -9999 -9999 -9999 -9999 -9999 -9999 -9999 -9999 -9999
4 2 2 2 2 3 9 7 3 5 5 4 4 2 2 4 6 9 11 14 14 15 6 7 4 6 7 6 12 10 6 8 7 8 9 7 9 6 2 2 1 1 1 1 2 2 2 2 2 3 3 3 3 -9999 -9999 -9999 -9999 -9999 -9999 -9999 -9999 -9999 -9999 -9999 -9999 -9999 -9999 -9999 -9999 -9999 -9999 -9999 -9999 -9999 -9999 -9999 -9999 -9999 -9999 -9999 -9999 -9999 -9999 -9999 -9999 -9999 -9999 -9999 -9999 -9999 -9999 -9999 -9999 -9999 -9999 -9999
6 5 4 5 3 5 6 2 6 5 4 4 3 3 2 3 4 4 6 6 7 10 12 7 7 14 11 16 9 3 4 4 4 6 6 4 5 6 3 2 1 0 0 1 1 2 2 2 2 2 3 3 -9999 -9999 -9999 -9999 -9999 -9999 -9999 -9999 -9999 -9999 -9999 -9999 -9999 -9999 -9999 -9999 -9999 -9999 -9999 -9999 -9999 -9999 -9999 -9999 -9999 -9999 -9999 -9999 -9999 -9999 -9999 -9999 -9999 -9999 -9999 -9999 -9999 -9999 -9999 -9999 -9999 -9999 -9999 -9999
4 6 4 4 7 6 2 4 3 5 8 3 4 2 2 3 3 6 3 6 4 4 10 8 12 13 6 3 3 2 2 4 6 6 8 4 3 3 2 0 0 1 3 1 1 2 2 2 2 2 3 3 -9999 -9999 -9999 -9999 -9999 -9999 -9999 -9999 -9999 -9999 -9999 -9999 -9999 -9999 -9999 -9999 -9999 -9999 -9999 -9999 -9999 -9999 -9999 -9999 -9999 -9999 -9999 -9999 -9999 -9999 -9999 -9999 -9999 -9999 -9999 -9999 -9999 -9999 -9999 -9999 -9999 -9999 -9999 -9999
4 3 2 4 6 5 4 2 2 6 4 7 2 1 1 10 7 6 5 8 11 7 6 10 10 10 4 12 8 6 3 3 2 2 3 3 3 2 1 0 0 1 1 1 1 2 2 2 3 2 2 -9999 -9999 -9999 -9999 -9999 -9999 -9999 -9999 -9999 -9999 -9999 -9999 -9999 -9999 -9999 -9999 -9999 -9999 -9999 -9999 -9999 -9999 -9999 -9999 -9999 -9999 -9999 -9999 -9999 -9999 -9999 -9999 -9999 -9999 -9999 -9999 -9999 -9999 -9999 -9999 -9999 -9999 -9999 -9999 -9999
2 1 2 5 4 6 4 5 7 6 8 9 5 3 4 6 13 13 10 5 10 13 18 17 16 11 5 12 11 11 6 5 2 2 0 0 0 1 0 2 1 0 0 1 1 1 2 2 2 -9999 -9999 -9999 -9999 -9999 -9999 -9999 -9999 -9999 -9999 -9999 -9999 -9999 -9999 -9999 -9999 -9999 -9999 -9999 -9999 -9999 -9999 -9999 -9999 -9999 -9999 -9999 -9999 -9999 -9999 -9999 -9999 -9999 -9999 -9999 -9999 -9999 -9999 -9999 -9999 -9999 -9999 -9999 -9999 -9999 -9999 -9999
0 2 3 4 7 6 8 6 3 3 7 9 10 9 9 5 7 11 9 13 10 10 9 8 11 7 3 5 7 7 5 6 4 1 0 1 0 0 0 1 1 1 1 1 1 1 2 -9999 -9999 -9999 -9999 -9999 -9999 -9999 -9999 -9999 -9999 -9999 -9999 -9999 -9999 -9999 -9999 -9999 -9999 -9999 -9999 -9999 -9999 -9999 -9999 -9999 -9999 -9999 -9999 -9999 -9999 -9999 -9999 -9999 -9999 -9999 -9999 -9999 -9999 -9999 -9999 -9999 -9999 -9999 -9999 -9999 -9999 -9999 -9999 -9999
4 7 5 4 4 6 6 5 10 12 9 11 11 7 5 6 6 7 9 10 15 16 17 11 13 15 4 3 5 4 4 5 4 4 1 1 2 1 0 1 1 1 1 1 1 -9999 -9999 -9999 -9999 -9999 -9999 -9999 -9999 -9999 -9999 -9999 -9999 -9999 -9999 -9999 -9999 -9999 -9999 -9999 -9999 -9999 -9999 -9999 -9999 -9999 -9999 -9999 -9999 -9999 -9999 -9999 -9999 -9999 -9999 -9999 -9999 -9999 -9999 -9999 -9999 -9999 -9999 -9999 -9999 -9999 -9999 -9999 -9999 -9999 -9999 -9999
6 5 3 5 3 2 2 8 12 10 10 11 14 10 8 6 7 9 13 12 18 12 12 15 11 14 9 5 4 4 3 3 4 2 2 1 1 1 0 1 1 1 1 -9999 -9999 -9999 -9999 -9999 -9999 -9999 -9999 -9999 -9999 -9999 -9999 -9999 -9999 -9999 -9999 -9999 -9999 -9999 -9999 -9999 -9999 -9999 -9999 -9999 -9999 -9999 -9999 -9999 -9999 -9999 -9999 -9999 -9999 -9999 -9999 -9999 -9999 -9999 -9999 -9999 -9999 -9999 -9999 -9999 -9999 -9999 -9999 -9999 -9999 -9999 -9999 -9999
5 2 5 6 4 2 3 4 7 10 12 12 14 9 7 7 10 18 17 15 15 16 10 15 10 9 6 3 3 3 3 2 3 3 2 1 1 1 1 1 1 -9999 -9999 -9999 -9999 -9999 -9999 -9999 -9999 -9999 -9999 -9999 -9999 -9999 -9999 -9999 -9999 -9999 -9999 -9999 -9999 -9999 -9999 -9999 -9999 -9999 -9999 -9999 -9999 -9999 -9999 -9999 -9999 -9999 -9999 -9999 -9999 -9999 -9999 -9999 -9999 -9999 -9999 -9999 -9999 -9999 -9999 -9999 -9999 -9999 -9999 -9999 -9999 -9999 -9999 -9999
