Artocarpus hirsutus SDM files/Last interglacial/Environmental layers/bio18.asc
ncols  625
nrows  721
xllcorner  69.99986311115
yllcorner  5.99986151914999
cellsize 0.041666667
NODATA_value  -9999
[rows 0 to 38 of 721, columns 88 to 175 of 625]
49 56 42 26 45 55 50 32 47 32 27 27 26 39 35 24 43 48 38 54 40 34 37 35 47 54 53 46 57 53 51 51 51 42 53 53 49 38 45 51 49 49 49 45 49 38 41 42 44 44 49 47 41 37 34 45 46 46 49 41 33 42 39 39 31 44 49 44 46 51 45 44 32 46 54 58 47 35 53 66 55 49 53 57 62 71 65 51
60 55 44 29 50 62 48 51 50 49 48 39 24 30 43 29 33 41 46 49 32 50 61 58 43 46 34 47 60 58 59 50 37 31 37 46 56 45 30 33 39 44 35 39 45 44 36 46 43 45 47 40 39 45 39 32 32 42 50 44 45 44 49 39 31 53 46 40 50 46 51 44 33 42 58 48 37 43 49 54 59 51 60 64 68 58 57 57
54 64 41 45 43 57 53 54 49 39 33 35 29 26 28 32 27 33 48 45 36 43 60 61 48 37 41 52 44 47 62 56 57 49 32 30 40 58 44 30 49 33 33 37 46 47 37 35 48 48 47 42 36 29 42 43 29 42 42 51 48 45 41 30 44 54 49 43 51 53 45 48 43 32 52 42 45 56 53 66 59 52 69 69 69 58 70 65
59 65 54 56 56 47 63 48 37 46 55 47 33 29 30 32 26 26 29 31 38 53 58 64 43 34 35 44 33 38 41 58 57 48 48 44 27 42 52 34 41 29 47 52 42 36 49 39 31 39 43 46 51 42 29 27 41 48 45 48 43 34 34 39 46 52 48 47 50 45 49 43 41 32 43 54 42 48 54 64 62 50 59 67 69 62 55 62
61 68 66 53 62 59 63 50 54 58 58 36 40 50 48 42 38 33 30 31 27 37 57 51 41 29 40 67 66 60 62 61 58 61 63 54 38 31 29 29 30 28 36 55 45 35 44 51 38 26 33 46 48 40 31 33 50 50 48 48 38 40 47 47 50 49 49 44 42 48 41 39 36 32 37 57 52 54 42 48 50 50 48 50 64 62 58 69
41 63 73 61 42 42 59 61 66 61 58 47 51 64 60 66 59 55 49 48 34 30 45 35 42 33 45 60 66 71 66 45 46 51 60 53 59 42 54 56 47 29 38 59 42 35 31 50 53 40 31 29 46 48 36 30 49 52 38 47 46 49 38 48 51 41 48 41 39 52 44 49 37 40 40 41 53 59 53 55 46 57 66 61 55 62 66 65
42 68 70 69 62 50 36 62 62 68 59 65 62 55 39 42 46 56 48 46 42 30 33 35 60 40 40 63 64 53 71 66 44 36 51 63 63 55 53 56 38 27 50 59 51 47 29 45 53 55 45 34 29 48 40 29 49 52 40 34 41 38 39 37 44 37 41 44 36 49 52 51 44 39 44 37 40 52 49 48 57 49 60 68 64 55 52 52
62 67 68 70 53 59 40 48 60 67 67 66 57 53 64 44 55 40 44 61 54 35 34 34 59 39 40 40 37 53 59 69 42 45 68 60 41 50 60 59 43 27 45 39 33 45 29 31 30 47 50 50 41 32 45 33 50 53 49 36 31 31 33 30 29 34 36 37 35 43 54 49 52 44 37 44 46 44 38 40 52 53 59 63 65 58 66 60
81 84 57 59 52 43 40 48 62 64 64 67 67 70 56 62 54 41 60 68 50 39 34 34 59 55 48 46 39 36 49 64 36 56 52 67 56 41 42 53 52 38 29 29 41 33 33 51 40 29 29 30 37 27 32 32 49 44 38 28 37 44 49 36 41 52 41 46 38 41 42 45 49 52 43 49 46 54 53 44 40 49 47 44 51 50 50 55
75 74 67 43 51 39 41 48 61 58 64 66 72 73 73 72 56 63 67 52 43 55 37 40 57 72 86 71 69 49 35 47 35 41 57 66 55 61 49 39 64 56 39 27 32 49 58 62 50 48 38 42 37 37 44 34 30 35 35 42 53 45 52 48 42 47 41 48 45 53 42 54 49 49 52 46 46 49 60 53 50 49 60 54 47 64 54 58
52 61 64 49 41 46 58 63 51 45 60 61 57 71 72 80 80 81 71 62 59 66 41 42 63 75 82 95 82 50 53 43 49 35 41 35 33 38 49 34 40 60 65 44 29 32 48 64 56 59 49 52 49 45 49 50 34 36 51 56 51 48 44 47 38 39 49 48 53 51 49 48 41 38 51 49 42 45 58 61 58 60 54 59 47 61 63 59
61 55 52 45 46 59 59 59 39 52 56 44 49 59 67 61 83 89 85 76 64 64 41 43 48 63 78 86 95 80 71 53 67 52 45 54 42 45 44 41 38 56 74 56 36 29 36 50 47 49 54 53 59 54 54 48 40 46 40 53 45 45 44 35 44 35 51 40 51 44 38 45 35 47 57 52 48 44 42 54 49 63 61 60 56 61 66 62
47 42 43 47 56 54 48 51 45 59 45 36 57 68 69 57 77 82 75 59 46 61 47 54 66 43 60 77 76 82 91 74 64 71 54 78 57 65 68 50 36 62 66 68 47 34 30 31 40 47 42 50 52 49 55 47 49 51 41 56 42 38 43 35 35 31 42 41 53 49 40 42 36 52 60 55 48 44 41 43 48 53 59 63 64 66 69 65
68 60 49 42 38 38 36 38 46 58 55 41 60 49 56 49 63 69 61 45 43 46 45 65 83 64 45 58 85 92 90 95 79 88 59 92 79 75 69 42 34 40 43 57 66 56 45 31 31 39 50 53 41 52 54 55 49 46 51 53 55 41 37 36 30 50 43 41 40 54 39 41 40 47 57 54 47 46 48 48 39 44 59 60 61 64 68 61
100 81 59 45 52 50 43 38 36 39 39 41 51 49 38 42 51 56 42 56 74 76 58 66 102 87 58 44 70 96 92 82 98 96 65 92 87 76 52 49 56 57 36 38 52 65 65 57 36 33 43 42 53 46 54 47 37 35 43 48 54 53 42 40 29 47 55 53 50 51 47 32 42 52 57 59 52 47 56 46 54 41 46 63 69 63 71 71
110 83 61 49 58 68 60 44 39 40 36 36 39 38 48 38 42 45 48 64 88 75 78 88 78 103 75 59 58 64 65 62 66 90 90 89 92 72 75 71 46 48 45 35 37 50 55 58 37 32 51 60 62 56 58 58 50 37 33 47 57 47 39 38 30 44 52 52 54 54 42 33 54 48 47 58 60 50 52 54 60 48 41 42 61 69 75 69
123 82 59 54 81 81 70 50 50 45 52 43 68 55 61 43 72 80 66 72 107 85 89 107 96 95 75 64 47 79 95 72 89 67 91 100 93 87 87 61 63 79 70 44 34 36 37 36 37 40 42 38 45 55 58 58 60 51 36 37 53 59 52 41 32 41 50 53 50 49 50 33 50 44 38 56 59 45 54 65 58 51 49 43 45 69 68 57
140 86 73 68 84 98 55 57 74 56 47 50 87 79 52 48 70 76 97 101 101 95 85 106 97 94 95 77 52 99 118 109 87 105 77 96 91 72 58 58 55 60 81 45 36 35 37 37 37 36 37 46 35 48 57 52 60 57 42 32 44 53 53 51 35 36 54 57 51 37 52 41 37 42 50 56 53 42 60 66 64 56 56 50 40 68 64 59
154 124 109 96 86 105 71 73 86 55 56 53 62 89 65 49 92 85 95 91 106 105 91 95 79 88 98 64 55 75 111 120 107 101 109 96 100 72 92 70 82 67 76 66 45 42 43 43 56 55 56 49 33 50 50 53 65 57 51 36 36 45 46 53 36 32 42 54 56 41 36 37 35 49 52 61 47 45 54 62 60 53 50 50 41 56 56 55
174 168 154 140 121 129 104 103 86 59 73 73 63 105 65 58 106 102 116 113 104 105 95 97 78 61 66 72 67 80 85 92 78 73 88 109 95 103 94 75 97 75 69 82 66 53 54 56 79 70 56 46 40 35 36 45 53 49 43 44 34 36 39 52 47 32 36 46 51 52 38 52 50 52 55 51 43 51 59 64 52 50 49 44 45 65 69 60
159 179 166 131 133 130 137 117 88 85 94 80 76 118 84 73 108 117 110 106 104 92 85 84 73 102 66 91 110 93 71 78 117 101 104 78 107 108 91 99 88 86 74 82 83 60 40 56 79 68 54 45 43 36 44 42 37 37 35 36 41 49 38 34 37 33 37 43 39 42 41 43 58 61 57 41 52 53 59 63 62 62 62 51 45 46 64 75
140 124 140 145 145 134 147 112 123 114 122 89 93 118 93 92 106 125 112 97 98 97 130 100 110 111 67 88 140 122 104 81 77 114 128 107 95 112 111 94 88 78 81 80 86 69 51 79 70 60 54 57 46 39 34 48 57 51 53 44 51 54 55 37 35 37 35 42 54 45 52 46 40 42 42 46 47 58 51 51 59 68 66 59 48 43 67 74
210 180 136 193 167 153 137 124 135 118 121 130 123 109 124 106 125 124 118 122 133 120 118 95 142 106 74 82 142 142 127 118 88 77 114 116 122 104 100 91 92 79 81 81 79 70 71 88 72 58 47 47 47 50 42 35 46 57 61 59 59 55 57 45 51 43 41 37 56 61 57 54 50 47 51 61 56 49 66 57 51 68 63 56 61 46 47 58
231 206 167 204 187 147 111 157 156 154 114 144 130 136 122 133 136 120 118 123 139 130 112 130 121 78 112 78 105 111 126 136 112 75 103 124 126 110 94 81 76 69 68 70 75 87 87 87 73 74 65 61 61 57 44 38 41 39 54 57 62 60 58 55 60 48 45 38 46 62 62 61 58 57 56 56 64 54 59 67 56 60 69 62 57 64 55 45
259 235 249 226 223 186 126 181 164 147 144 125 140 130 136 120 135 135 101 130 132 148 139 128 92 127 152 102 78 149 126 136 137 103 82 98 116 121 97 87 86 61 95 95 80 75 80 79 90 80 81 72 68 52 38 54 49 44 36 40 57 48 61 64 60 53 53 41 39 53 62 61 59 62 51 46 62 66 60 68 64 61 65 70 64 69 58 58
258 229 283 251 249 215 154 175 162 178 125 109 152 106 129 153 108 143 121 120 103 159 124 111 133 175 141 106 82 118 142 149 153 132 109 124 121 105 87 85 81 69 88 102 110 98 99 84 75 89 81 65 62 52 46 62 57 49 46 38 42 47 59 61 63 55 46 44 38 47 52 61 54 56 50 47 55 61 65 62 63 61 59 70 64 76 68 62
209 202 191 212 182 193 218 206 206 173 178 169 121 105 172 175 130 103 120 129 168 171 154 115 157 159 117 127 94 142 118 106 119 152 126 146 126 108 112 100 78 77 75 109 116 106 107 90 89 83 85 78 82 63 54 70 56 51 57 44 44 38 49 48 59 62 55 43 47 41 42 45 46 43 43 55 68 68 54 68 59 60 60 61 59 77 71 71
310 328 213 258 268 193 230 214 226 174 144 136 107 154 193 144 170 102 129 152 171 185 141 144 183 148 150 127 103 156 179 119 140 160 139 122 123 133 105 99 92 85 71 89 114 106 112 106 90 73 90 78 76 80 64 72 58 49 45 46 37 46 60 61 54 59 54 57 52 46 55 49 51 54 49 46 64 67 56 71 55 63 57 71 54 70 81 75
343 364 250 291 298 219 235 238 224 219 191 171 104 171 195 158 125 121 184 176 186 171 140 161 174 173 151 155 151 113 159 168 134 159 112 161 123 115 136 143 121 116 114 94 78 81 79 104 107 80 88 76 70 82 74 69 63 53 47 40 39 59 60 62 63 56 56 64 53 49 62 65 56 58 54 43 49 55 57 68 63 58 57 56 55 75 79 79
431 384 331 315 323 290 244 267 217 257 184 156 118 139 124 120 99 118 116 123 135 144 137 176 171 173 175 164 191 169 164 179 130 120 120 162 158 132 98 155 148 144 140 114 135 114 83 66 80 101 84 91 66 68 80 73 60 51 45 45 38 51 62 65 64 61 63 63 59 56 60 68 57 68 52 49 52 53 49 52 54 50 51 55 68 77 82 77
486 439 340 355 348 302 238 244 243 262 202 127 164 186 141 179 129 106 144 143 104 118 101 124 150 137 151 138 170 191 158 132 114 138 138 123 129 130 116 93 139 135 153 144 134 99 103 90 68 84 79 99 79 60 81 77 59 51 48 51 41 53 56 56 62 65 67 60 65 64 61 65 69 60 52 62 60 65 54 54 60 68 52 50 64 78 78 69
487 418 319 410 370 303 241 206 180 185 198 143 177 229 179 175 151 107 174 191 176 182 138 142 110 114 130 158 157 179 146 109 179 189 203 168 132 155 146 129 121 99 120 160 153 132 95 105 105 63 73 101 73 68 86 76 64 50 44 41 48 43 49 64 64 68 64 59 65 67 59 66 72 65 67 68 65 54 57 63 73 74 66 55 52 57 68 66
498 378 325 438 287 249 214 219 317 233 150 217 179 195 226 176 196 137 140 147 191 195 154 151 117 189 169 185 178 135 149 155 182 188 199 203 187 180 145 156 183 128 107 106 119 151 110 84 112 77 69 85 83 65 88 70 69 62 50 43 55 56 43 51 55 65 60 51 65 72 61 52 69 76 76 70 64 56 70 73 80 76 63 56 71 56 54 56
521 395 338 497 437 319 198 275 346 298 185 197 220 191 203 134 189 196 142 157 183 182 191 132 110 142 129 142 153 140 178 133 171 190 216 214 215 194 144 175 184 158 163 102 95 91 89 97 81 69 83 65 64 57 70 77 59 64 53 47 64 66 54 44 45 52 50 53 68 73 61 55 68 74 74 70 63 64 66 82 85 76 64 63 83 69 61 63
474 396 338 415 381 323 261 312 275 267 231 254 222 162 183 161 163 184 196 190 194 198 210 162 162 221 190 168 156 140 138 121 166 192 198 225 187 211 200 180 183 209 162 136 153 115 110 131 117 93 70 66 76 76 57 55 55 50 48 58 69 71 63 55 53 53 57 51 51 70 58 63 79 79 76 79 66 74 71 85 72 65 67 71 85 69 62 82
549 443 296 276 282 278 341 349 325 229 231 230 180 163 167 152 176 170 157 169 204 164 196 178 208 227 235 234 184 160 191 134 128 146 168 188 169 170 164 215 211 218 191 166 173 126 149 135 145 103 93 98 99 87 63 50 73 67 50 49 55 60 68 65 67 64 67 53 53 54 52 69 78 81 79 82 79 78 74 81 70 84 75 74 84 66 70 91
657 565 506 352 334 464 459 335 303 211 177 203 139 139 162 179 155 123 161 157 206 181 160 191 144 195 209 228 222 225 218 147 189 163 166 154 134 178 157 171 242 202 162 185 182 174 168 129 140 123 121 117 105 81 67 55 80 76 56 46 51 65 68 65 65 55 50 49 64 68 50 60 73 79 78 86 80 76 84 83 83 87 71 82 84 73 78 96
608 630 545 333 413 495 415 290 251 203 173 161 162 182 139 179 197 131 135 197 209 182 155 152 156 181 197 202 221 246 249 172 183 230 214 215 152 215 245 191 205 171 136 149 133 181 171 150 104 120 122 111 105 73 57 86 79 54 52 64 60 53 55 65 73 63 57 50 57 68 53 53 63 70 80 81 76 85 85 88 81 86 84 86 80 87 85 90
309 562 473 342 488 522 417 270 275 237 206 185 169 147 150 156 200 197 171 190 142 129 145 144 182 210 222 230 253 249 216 211 219 225 261 173 201 167 207 261 238 187 193 185 164 122 122 108 95 77 77 79 90 72 86 89 62 58 75 80 75 62 54 71 83 77 70 62 54 72 68 59 54 63 78 74 88 92 91 85 77 94 87 92 89 90 91 82
