Artocarpus hirsutus SDM files/Last interglacial/Environmental layers/bio18.asc
ncols  625
nrows  721
xllcorner  69.99986311115
yllcorner  5.99986151914999
cellsize 0.041666667
NODATA_value  -9999
[rows 156 to 194 of 721, columns 176 to 263 of 625]
80 81 83 86 85 89 91 93 93 97 97 99 101 103 105 102 105 110 114 118 117 125 128 133 135 138 140 143 150 155 163 153 170 184 178 186 192 219 217 228 256 232 205 245 263 282 319 336 283 251 252 253 272 263 293 281 259 336 284 257 287 298 298 293 350 298 278 409 494 468 398 396 354 481 460 458 492 399 469 496 560 493 438 444 347 389 525 449
79 80 82 83 84 88 89 90 92 95 96 98 100 101 103 104 102 108 111 113 119 123 125 129 132 135 136 139 149 155 150 146 152 160 172 190 206 206 196 215 233 226 238 215 253 296 338 354 353 320 245 250 318 324 295 348 278 347 279 266 251 241 259 248 300 360 295 281 375 423 353 356 480 565 492 434 485 435 500 526 515 535 473 376 445 345 442 359
75 78 79 82 83 86 88 90 91 94 96 97 97 99 103 101 101 105 109 113 118 119 123 125 128 130 135 136 144 148 141 144 151 160 168 174 184 193 199 214 220 212 219 217 271 269 297 307 323 346 317 248 318 315 345 337 311 334 360 306 257 278 274 248 299 382 376 307 271 277 336 403 389 468 472 361 421 397 499 471 409 409 514 449 345 365 406 429
74 76 78 79 80 84 87 89 89 92 94 95 97 98 102 100 99 104 108 112 115 117 119 121 124 127 131 133 137 142 138 142 151 158 165 171 181 181 192 193 195 209 223 232 265 266 256 278 304 326 373 324 322 327 333 340 352 288 304 280 363 315 348 312 343 358 360 358 313 282 308 456 470 442 379 438 508 502 519 446 347 372 398 475 367 487 513 522
73 75 76 78 81 85 86 88 88 92 93 94 95 96 100 102 99 101 105 110 111 115 116 117 120 125 127 130 133 137 134 139 147 154 159 167 171 180 183 184 190 203 212 222 240 253 267 251 299 328 325 297 297 309 311 352 352 299 331 284 298 295 371 393 394 387 317 331 331 311 269 405 351 328 389 420 479 460 456 431 427 386 345 391 443 444 434 450
72 75 76 77 81 84 85 86 88 92 92 93 95 97 100 100 97 100 103 107 108 111 113 114 118 120 122 126 128 131 132 138 143 147 154 160 166 175 174 179 189 197 206 217 237 242 256 250 276 287 295 309 268 275 308 303 319 279 301 342 253 297 374 338 340 376 374 410 327 318 306 297 347 370 354 318 369 387 382 297 306 305 307 378 427 480 453 531
72 75 76 77 80 82 85 87 90 91 92 93 95 98 98 100 97 100 102 105 107 111 111 111 115 117 119 121 125 127 130 133 138 145 149 157 162 167 168 174 182 191 199 207 218 217 231 235 248 261 249 298 283 262 264 288 295 304 303 327 320 271 349 363 288 326 372 353 396 348 330 315 445 454 441 363 373 396 396 320 363 326 311 307 302 328 340 455
73 74 75 78 79 82 86 87 89 91 92 94 96 97 99 99 98 98 100 102 107 109 109 110 112 114 117 119 122 125 127 129 134 140 146 150 155 158 163 170 176 183 190 198 204 208 220 227 233 226 235 259 259 253 306 292 301 327 345 310 282 316 304 330 300 321 339 285 338 327 348 373 481 445 508 481 478 499 493 334 449 398 361 332 326 294 304 330
72 74 76 76 80 84 86 87 89 92 93 95 95 96 98 98 95 98 100 101 104 106 107 108 110 112 115 117 121 123 124 126 130 136 143 146 151 153 159 165 170 175 182 189 194 199 209 217 216 220 240 251 254 242 255 276 305 280 324 299 277 301 335 317 302 295 290 323 329 293 296 382 425 399 475 413 413 441 509 460 518 539 532 409 378 354 369 304
71 73 75 76 81 84 86 88 89 91 92 93 95 96 97 98 97 97 99 101 102 103 106 107 109 111 113 115 117 121 124 123 128 133 138 142 145 150 154 160 164 170 175 181 187 192 200 203 207 218 230 238 240 234 228 237 262 275 282 277 275 288 280 287 326 343 343 332 316 335 269 299 331 345 382 367 369 467 474 465 431 498 534 506 538 404 445 389
71 72 73 78 81 84 85 86 90 90 91 92 93 94 96 98 96 95 98 99 101 102 103 104 107 109 111 113 115 117 122 122 125 129 135 138 142 145 152 156 159 165 169 175 180 186 191 195 201 210 218 225 224 225 223 225 238 258 271 291 299 291 301 315 306 293 274 274 336 269 302 315 300 350 357 349 358 456 454 373 388 469 416 517 545 568 441 388
70 72 74 77 81 83 84 86 87 89 90 91 92 93 95 95 94 94 97 98 99 100 102 104 106 106 108 112 113 115 120 121 123 127 131 135 138 143 148 152 154 160 165 170 174 179 184 189 193 201 205 213 211 211 217 216 227 231 230 242 265 268 268 280 287 275 268 298 386 366 369 380 361 352 344 377 426 449 408 408 463 375 399 473 447 550 468 483
71 72 74 75 79 82 83 84 86 89 89 91 92 92 92 94 94 93 94 94 98 99 101 102 103 105 106 109 111 114 117 120 121 124 128 131 136 140 144 148 151 155 160 163 170 174 178 182 187 191 195 201 201 203 212 210 214 223 223 236 243 248 250 272 281 275 276 294 338 358 357 351 374 410 410 430 373 411 406 391 390 353 434 435 485 539 461 406
70 71 75 74 78 80 82 84 85 86 87 88 89 89 90 91 91 90 91 93 96 97 99 100 102 103 106 107 110 112 114 120 120 122 125 130 133 137 139 143 148 153 155 159 165 168 172 175 180 184 187 190 193 197 199 207 210 214 222 226 235 240 252 262 272 275 278 290 299 305 310 321 336 351 384 421 400 372 402 482 458 400 337 390 350 435 459 401
70 71 71 74 77 78 79 83 84 85 86 87 87 88 89 90 90 89 90 92 93 96 97 98 99 100 104 107 109 110 112 115 119 120 123 127 131 134 137 139 143 149 152 156 159 162 167 170 175 177 180 183 187 189 196 205 203 208 214 222 228 238 249 257 273 274 273 291 294 289 299 317 314 329 353 387 381 411 472 415 402 468 462 343 403 321 324 330
69 69 70 74 77 77 79 80 81 84 84 86 86 87 87 87 89 87 89 91 91 93 95 96 98 99 101 103 107 109 110 112 115 119 120 124 126 131 134 137 140 144 147 151 155 158 162 165 169 172 174 177 181 185 189 193 198 203 209 217 224 232 241 258 262 264 273 291 295 291 310 313 311 321 335 342 355 415 421 440 421 492 445 397 420 408 479 438
69 69 71 75 76 77 78 79 80 81 82 82 83 83 84 85 86 86 86 87 88 91 92 94 96 98 99 101 104 106 109 110 112 115 120 121 123 126 131 134 138 140 143 147 151 154 156 161 163 166 170 172 176 179 182 186 193 199 204 212 218 226 239 258 254 259 269 280 293 290 304 309 308 314 326 333 337 361 388 399 420 433 449 472 475 425 468 444
69 69 71 73 76 77 78 78 79 80 80 81 81 82 83 83 85 86 85 86 87 88 91 92 94 94 98 99 102 103 106 109 111 113 116 118 121 123 126 130 134 137 139 143 146 149 153 156 159 163 165 168 172 175 177 182 189 194 201 205 213 221 235 248 254 250 264 273 279 286 302 305 304 310 333 330 323 334 349 370 367 388 401 424 456 424 480 483
70 69 71 73 75 76 77 78 78 79 79 79 79 81 82 82 83 85 85 84 86 86 88 89 90 93 95 97 99 101 103 105 109 112 113 115 118 121 123 127 131 134 137 139 143 145 149 153 156 159 162 165 168 171 175 178 185 189 194 201 209 217 227 237 249 256 255 263 273 280 286 300 303 310 325 328 318 326 342 349 349 352 362 366 388 380 408 435
70 69 71 72 72 73 73 74 74 75 75 76 76 78 79 80 81 82 83 82 83 84 85 87 88 89 91 94 95 98 101 103 106 108 112 113 115 118 121 123 126 130 134 136 139 143 145 150 152 155 158 162 166 169 171 176 180 185 189 197 203 210 219 230 235 250 259 259 264 274 280 286 304 301 317 323 328 322 335 346 344 346 353 356 362 360 366 387
70 69 71 72 72 73 73 73 74 74 74 75 75 76 77 78 79 80 82 82 82 83 82 84 86 88 89 91 92 95 96 100 102 104 106 110 112 113 117 120 123 126 129 133 136 139 142 145 149 151 155 158 162 165 167 172 176 181 184 190 197 205 216 226 230 239 249 262 258 264 273 279 289 297 304 308 324 322 326 342 337 346 347 345 358 348 363 367
69 69 70 71 72 72 73 73 73 73 74 73 75 76 76 77 78 78 79 80 79 79 81 83 85 86 87 89 90 92 93 97 99 101 104 106 109 112 114 117 119 123 126 131 134 136 139 142 147 149 152 156 160 163 165 169 173 176 181 187 192 199 210 218 219 226 238 245 262 253 264 272 280 289 301 300 319 321 318 321 335 343 336 340 355 349 349 358
69 69 70 71 71 71 72 72 73 73 73 73 74 75 76 76 76 77 77 78 78 78 79 80 83 84 85 87 88 90 91 93 97 98 101 103 106 109 113 115 116 121 124 129 132 133 137 140 145 147 150 153 157 160 163 166 171 174 179 183 187 192 204 211 212 220 229 235 247 248 255 264 272 280 287 297 303 323 317 316 319 325 334 331 344 345 338 350
71 70 70 71 70 71 71 71 71 71 72 72 71 72 74 74 75 75 76 77 78 77 78 80 80 83 84 85 86 88 88 90 93 95 98 99 103 106 109 113 116 119 122 126 129 132 135 138 142 145 148 151 154 157 160 164 167 171 175 180 183 188 194 206 206 213 220 227 231 245 262 251 263 271 279 288 296 300 316 317 320 315 320 323 339 342 337 343
70 70 70 68 71 69 69 70 70 68 69 71 71 72 72 73 73 75 75 76 77 76 77 78 79 80 81 83 85 86 86 89 91 93 96 97 100 103 107 111 113 118 119 123 127 130 132 137 139 142 146 149 151 154 158 161 165 168 172 176 180 185 188 197 202 205 212 219 223 231 251 244 251 262 270 279 283 290 318 313 310 314 313 317 320 330 330 333
69 69 70 68 68 69 69 69 68 68 69 69 70 71 72 72 73 73 74 75 76 76 76 78 78 79 80 81 83 85 85 87 89 90 94 96 98 102 103 107 111 116 119 121 125 128 130 135 137 140 143 147 149 151 155 158 161 164 168 172 174 180 183 189 200 198 204 211 215 221 238 244 246 250 261 269 277 283 288 299 308 305 307 317 319 313 321 319
68 69 70 68 68 68 68 67 67 68 69 69 69 70 70 71 72 72 73 74 75 76 76 77 77 78 79 80 82 82 84 86 87 88 91 94 96 99 102 105 108 113 117 119 123 126 128 132 135 138 141 144 148 149 153 155 157 161 164 168 171 174 181 187 193 192 195 205 208 214 220 227 238 243 249 259 267 274 281 284 295 307 305 307 316 322 309 313
69 69 68 67 67 68 67 67 67 68 68 69 69 69 70 70 71 71 72 73 74 75 75 76 77 77 78 79 80 81 83 85 86 88 90 93 95 98 100 104 106 110 114 117 120 124 126 129 132 136 140 141 144 147 148 152 155 157 161 165 167 172 175 182 184 186 189 202 201 206 211 219 232 237 244 249 256 265 271 277 284 287 302 303 305 314 301 303
69 67 68 65 65 66 66 65 65 66 67 68 69 69 70 70 70 71 71 72 73 75 75 75 76 77 78 78 78 81 82 84 86 87 89 92 93 96 99 102 105 109 112 114 118 121 125 127 129 132 139 139 142 144 146 149 152 155 158 161 164 168 173 177 177 182 186 190 194 199 203 209 224 226 238 239 247 255 261 269 273 278 285 290 288 290 293 295
66 66 66 63 63 64 64 64 65 65 66 66 68 69 69 70 70 70 71 72 72 73 74 75 76 77 77 77 78 80 81 83 85 86 88 91 93 95 98 100 103 106 110 113 115 118 122 125 128 130 134 136 139 140 143 146 150 153 154 158 161 164 168 171 174 177 181 184 187 194 199 202 214 220 227 235 238 247 253 258 264 270 272 276 278 282 286 288
65 65 64 62 62 63 63 63 64 65 65 66 68 68 68 69 69 70 72 72 72 72 73 74 75 75 76 77 79 80 81 82 84 87 88 90 92 94 96 99 101 104 107 110 112 116 119 122 125 127 130 133 137 139 140 143 147 149 152 155 157 161 164 165 170 173 176 180 185 188 193 196 204 220 218 227 233 238 245 249 253 260 263 267 272 273 275 280
64 63 61 60 60 62 62 62 63 64 64 65 67 68 68 69 69 70 71 72 72 72 73 74 75 74 76 77 79 80 80 82 84 87 88 89 90 93 95 97 100 103 105 108 110 112 116 118 121 123 126 130 133 136 137 141 145 146 149 151 155 158 160 162 166 170 173 177 179 183 188 190 203 214 206 215 228 230 235 241 245 250 255 258 262 264 267 271
62 61 60 59 59 60 60 60 60 63 64 65 66 68 68 69 69 70 71 71 72 72 72 72 74 74 75 77 78 79 81 81 83 86 87 88 90 92 95 96 98 100 102 106 109 110 113 115 119 122 123 125 131 134 135 137 142 142 145 148 153 154 158 159 162 166 168 171 175 179 184 188 199 206 201 206 221 224 227 235 237 242 245 249 253 256 260 264
61 59 59 58 58 59 59 59 60 61 62 64 66 67 68 69 70 71 71 71 72 72 72 72 73 76 76 77 78 79 80 81 83 84 87 88 89 90 94 95 97 98 101 104 107 109 111 113 116 118 121 122 128 131 132 134 138 140 142 145 148 151 154 155 158 162 165 167 170 174 178 189 187 192 198 203 211 213 219 224 229 231 236 239 244 248 252 255
58 57 57 56 57 58 58 58 59 60 61 63 66 67 68 69 70 71 71 71 71 71 72 72 73 75 76 77 78 79 80 81 81 83 85 88 88 89 91 92 96 98 100 102 105 106 108 110 114 116 119 121 122 126 129 131 134 136 139 141 144 147 150 152 155 159 163 165 167 170 175 179 182 188 191 206 205 207 212 216 220 224 227 231 235 239 244 248
57 56 56 55 55 55 57 58 58 59 60 62 64 67 68 69 70 71 70 71 71 71 73 72 74 75 76 77 78 79 80 81 81 83 84 85 87 88 90 92 93 96 96 101 104 105 105 109 111 113 115 116 119 122 126 128 131 133 136 138 142 145 147 149 152 156 161 162 165 167 171 178 178 184 188 195 199 202 206 209 214 218 221 225 230 233 236 241
56 56 55 55 54 55 57 57 58 59 60 62 63 64 67 68 69 70 70 72 72 72 73 74 74 75 75 77 78 79 79 80 81 82 84 84 85 87 88 90 92 94 95 98 101 104 103 105 108 110 112 114 117 119 122 125 129 131 133 135 140 144 145 146 150 153 157 160 161 164 168 172 176 178 183 188 193 196 200 205 208 212 215 218 222 227 232 235
56 55 55 54 54 54 55 57 57 58 61 62 63 65 66 67 68 70 71 72 72 73 73 74 74 74 75 76 76 77 78 79 81 81 82 83 85 86 87 89 90 91 94 95 98 102 101 102 106 108 110 112 116 117 120 123 127 129 131 133 136 141 142 144 148 150 154 156 159 163 162 169 171 174 179 182 187 191 194 199 204 205 210 213 216 220 226 228
56 54 54 53 53 54 55 55 57 58 60 62 63 65 66 67 69 70 71 72 73 73 73 74 73 73 74 75 75 76 77 78 79 80 81 82 83 84 85 87 89 90 92 93 95 99 102 102 103 106 108 110 112 115 117 121 125 127 128 131 133 137 140 141 145 148 149 154 156 159 161 165 170 172 175 178 182 186 190 193 197 202 207 211 211 215 219 223
