Artocarpus hirsutus SDM files/Last interglacial/Environmental layers/bio18.asc
ncols  625
nrows  721
xllcorner  69.99986311115
yllcorner  5.99986151914999
cellsize 0.041666667
NODATA_value  -9999
[rows 468 to 506 of 721, columns 88 to 175 of 625]
767 771 905 942 933 828 668 579 450 438 414 369 355 341 305 277 259 230 227 228 220 198 185 176 179 185 180 168 175 180 161 152 155 159 158 159 172 165 158 161 164 152 152 163 178 165 173 175 176 180 181 180 167 177 184 170 180 164 163 166 171 162 156 175 184 182 157 158 153 151 153 157 168 186 166 148 152 156 160 158 158 159 165 163 159 163 159 165
824 797 820 879 926 856 696 549 444 490 439 374 434 347 292 283 268 237 234 245 242 210 183 177 178 187 189 172 172 172 156 157 156 167 156 166 178 180 172 162 149 145 146 161 162 162 168 174 174 176 182 182 171 170 183 174 178 176 162 159 159 165 157 167 176 184 162 146 148 147 147 148 151 158 166 154 149 155 157 161 159 159 151 155 163 154 160 168
838 889 875 903 947 840 702 560 475 504 400 422 383 325 317 285 271 268 252 243 257 226 202 180 180 183 194 183 171 167 160 165 166 163 159 171 172 172 165 152 143 142 150 157 161 160 161 162 168 177 183 176 174 169 184 178 167 188 175 159 158 157 156 155 171 183 156 146 157 161 145 142 145 148 153 154 152 165 165 155 157 151 152 148 153 155 154 161
794 806 829 931 969 823 693 540 480 466 445 371 353 392 317 304 293 273 258 251 261 233 214 183 181 192 198 187 164 162 161 162 167 157 168 166 163 157 162 163 155 144 159 165 156 153 169 161 160 162 166 173 173 168 182 176 168 186 185 169 162 160 156 150 155 178 171 156 146 146 143 140 142 147 154 154 158 171 164 146 149 147 150 144 149 150 148 149
796 794 826 920 960 901 820 619 515 602 414 373 436 404 299 355 341 293 269 281 258 213 193 184 178 180 193 177 166 166 164 162 165 161 162 166 159 157 166 162 158 166 183 181 165 159 161 158 160 153 157 162 165 171 172 169 175 180 188 181 158 149 147 149 151 158 162 143 140 138 144 154 170 161 146 144 153 174 152 150 147 144 142 143 152 145 151 152
807 787 872 930 939 870 765 644 622 575 396 417 449 357 314 371 344 274 262 267 250 258 217 199 181 175 182 186 174 167 167 164 165 170 168 158 161 162 154 159 158 175 166 173 174 183 156 150 151 151 157 167 184 158 155 159 164 174 178 184 176 161 153 153 144 144 152 138 140 150 158 160 164 163 137 137 141 166 164 146 142 142 140 151 147 147 146 142
763 812 838 820 866 924 841 639 585 562 411 520 391 360 383 388 301 289 278 269 259 264 246 205 197 188 180 179 177 173 168 173 189 197 176 159 168 166 150 155 156 171 157 163 167 164 158 173 157 151 160 177 183 156 154 160 161 159 175 174 181 179 164 151 142 145 140 135 149 172 166 157 154 164 149 131 145 170 158 139 138 140 144 145 142 143 141 146
842 778 851 807 843 895 885 761 615 454 486 579 407 385 329 317 299 292 279 261 260 255 251 221 203 204 190 180 177 177 176 191 199 197 179 169 164 174 160 152 146 156 160 158 162 163 160 175 167 158 178 188 178 157 151 161 156 152 173 165 169 171 166 149 144 148 147 139 155 173 161 155 165 160 137 134 146 157 152 141 136 138 142 145 146 144 141 147
855 778 883 910 714 822 848 787 584 492 596 592 448 365 351 327 345 368 289 253 252 239 239 231 220 227 215 176 170 179 191 208 212 196 190 167 160 177 160 158 149 158 163 163 166 167 163 157 162 169 178 176 171 159 160 153 152 156 158 160 158 164 158 154 154 156 156 148 154 164 150 157 156 163 154 144 139 137 140 143 137 136 141 146 147 143 147 150
816 873 885 958 939 798 783 657 653 570 579 457 447 389 388 332 388 377 304 267 246 239 245 233 237 236 224 198 174 178 190 200 209 211 190 166 162 178 175 158 152 163 158 162 158 175 170 160 161 163 169 162 157 154 163 154 171 167 159 160 152 158 152 156 163 163 159 148 150 154 156 154 145 144 150 150 140 136 138 138 138 140 140 142 146 140 146 150
824 887 985 1032 994 904 844 827 747 668 509 545 408 444 449 375 402 344 353 287 257 251 289 246 231 258 246 203 175 178 193 201 201 211 200 169 170 189 183 159 158 160 160 160 163 174 169 161 165 163 165 154 152 154 154 160 175 172 158 152 154 166 158 151 162 166 163 152 147 144 155 139 135 132 143 148 144 138 140 140 139 138 137 140 145 139 141 145
854 899 951 989 951 767 805 805 829 683 665 513 454 508 399 361 364 334 326 306 295 274 283 231 230 250 219 202 208 181 186 214 211 213 193 171 173 171 187 185 177 159 166 164 160 179 164 156 156 162 178 148 150 184 172 156 165 158 155 157 155 166 154 153 160 169 166 143 138 140 142 140 129 134 136 146 146 138 143 142 140 140 139 137 138 138 141 144
840 896 936 918 880 859 820 812 845 800 707 515 555 481 403 394 412 355 380 385 334 280 259 245 229 255 252 201 200 189 183 205 224 197 194 169 166 169 185 192 191 172 168 183 174 164 157 161 154 160 173 157 146 161 173 171 159 164 156 156 156 162 154 152 155 167 151 135 131 136 136 138 133 133 135 141 150 140 140 139 140 137 144 132 136 133 142 137
846 827 895 936 897 735 759 906 899 764 583 536 474 479 483 444 359 384 405 372 322 306 264 246 263 280 234 200 198 209 186 201 202 182 181 189 180 161 166 192 198 164 172 192 172 180 183 158 153 165 182 160 152 175 174 168 156 170 150 157 158 165 156 158 148 145 142 137 136 130 130 133 138 135 135 139 144 147 140 138 139 141 137 132 134 130 133 134
895 830 1022 967 750 741 870 971 934 738 681 620 464 494 460 429 431 475 387 309 327 369 307 252 289 305 224 198 209 219 209 205 177 172 172 184 196 188 179 161 175 162 179 189 173 180 190 158 187 153 147 169 163 177 175 157 150 164 147 168 160 163 159 152 143 141 140 142 135 132 135 135 134 138 134 134 139 144 142 139 136 134 131 134 133 133 128 127
997 831 957 1022 801 837 982 989 984 879 691 574 538 493 485 443 496 426 355 342 359 335 292 287 330 273 219 216 216 219 245 233 189 165 167 171 186 221 214 182 177 152 164 181 179 182 180 162 164 166 178 162 150 175 188 183 153 146 150 160 171 154 140 145 143 140 137 135 131 131 134 135 146 141 137 137 135 136 138 140 135 133 140 137 138 130 130 126
1041 891 965 918 816 934 1028 1031 942 954 818 703 617 648 544 473 445 406 399 378 324 324 322 318 294 266 241 246 216 212 232 230 209 200 170 185 219 184 176 165 169 168 166 168 169 179 176 178 168 163 186 181 164 159 187 188 150 143 154 156 146 151 144 153 136 132 127 135 131 131 133 134 137 149 147 142 137 139 137 135 130 138 141 139 140 138 133 120
1168 1013 939 850 852 1019 987 992 936 853 709 728 785 713 672 560 472 462 448 352 328 370 333 268 260 249 251 264 241 225 212 203 201 209 212 224 208 171 173 177 175 171 178 176 166 162 166 170 164 175 163 182 177 180 179 180 161 148 151 147 141 155 155 159 135 127 131 126 126 129 131 134 134 137 147 147 136 137 136 132 135 139 142 144 138 142 144 116
1099 1115 1070 942 926 951 900 965 822 676 751 804 710 740 654 573 484 498 382 357 408 370 322 271 291 265 251 257 246 230 225 228 210 219 215 221 183 180 178 189 181 176 180 172 163 168 180 175 166 181 163 163 169 184 196 178 163 154 141 137 145 145 141 145 136 133 132 135 123 126 130 133 133 133 136 143 135 136 134 138 138 140 136 140 142 135 126 126
1103 1059 1096 952 1070 863 859 896 842 859 886 896 747 756 649 585 494 476 419 380 396 325 326 294 282 276 267 259 259 242 242 242 216 217 210 227 190 185 186 193 186 184 176 177 169 190 182 168 169 180 165 169 167 168 177 183 172 166 147 144 149 133 129 128 129 133 131 130 134 126 130 131 133 132 134 135 140 133 132 144 134 144 133 136 140 138 126 127
1136 1154 1071 994 964 949 857 896 889 961 943 960 830 775 707 639 546 415 427 386 375 349 335 316 294 296 300 275 258 248 255 223 211 212 215 199 195 192 197 188 186 183 177 179 186 187 191 167 177 177 168 168 174 168 166 168 174 172 164 158 143 131 129 129 126 125 128 125 133 129 129 130 130 132 133 132 132 130 135 145 139 130 138 138 142 151 130 125
1084 1151 1043 991 981 989 933 963 899 985 1008 895 823 781 801 667 630 521 466 402 376 363 372 358 297 323 323 302 257 239 238 220 210 210 221 207 200 196 202 199 187 183 190 196 194 180 190 167 177 183 171 168 172 169 160 155 163 164 167 168 146 134 131 126 124 123 127 133 129 126 131 129 127 128 129 135 125 135 139 133 141 130 127 133 135 139 149 137
-9999 1101 1126 1011 932 980 981 959 843 943 956 666 769 754 787 717 636 526 501 407 417 399 403 327 306 342 351 301 271 239 228 227 226 210 209 206 205 203 198 196 198 194 202 200 193 186 187 172 184 183 182 166 170 155 146 147 154 155 162 161 155 150 129 126 122 123 124 129 129 124 130 133 130 130 124 121 130 138 128 130 133 138 127 123 125 131 135 140
-9999 1098 1087 1031 1026 901 998 916 968 976 947 706 781 767 764 797 617 547 463 427 489 407 370 341 332 365 362 304 271 252 263 239 236 214 205 207 218 210 195 191 196 207 204 199 197 197 186 174 183 188 190 175 163 149 149 140 139 145 154 157 153 161 134 123 121 121 120 122 126 123 124 131 133 135 129 118 134 138 119 131 130 130 131 122 124 123 127 133
-9999 -9999 1116 1086 966 934 915 935 904 944 798 773 825 847 888 797 645 580 598 435 420 408 410 349 325 366 341 352 273 316 292 244 250 221 208 211 216 206 195 192 210 217 205 197 202 204 184 179 180 178 187 176 162 158 155 144 138 135 145 150 157 163 152 130 121 119 118 117 121 126 123 126 126 132 131 121 141 131 121 121 132 129 128 120 121 118 122 128
-9999 -9999 1060 1055 1053 1050 880 1117 858 900 782 791 920 914 906 742 739 606 607 501 462 454 451 369 307 325 356 336 315 341 316 275 251 218 214 220 207 204 198 197 218 223 217 197 206 203 195 180 180 177 177 162 158 155 154 147 146 140 138 148 156 165 158 156 139 119 113 115 116 120 129 123 122 127 121 130 137 127 116 116 127 137 137 123 112 111 115 125
-9999 -9999 -9999 1065 1042 994 956 1083 1016 825 973 726 815 858 933 778 691 685 605 526 542 519 445 351 315 316 326 352 364 335 335 296 275 232 220 216 209 205 202 207 224 230 223 202 217 212 197 183 178 173 163 161 157 154 150 147 143 141 137 140 157 154 144 136 146 136 119 112 113 114 119 124 129 134 121 124 137 126 113 116 112 122 138 145 120 109 110 120
-9999 -9999 1065 1071 1075 981 948 1012 980 844 909 901 792 825 947 853 780 663 628 597 485 511 435 401 367 335 343 390 376 331 317 288 312 259 232 224 219 212 201 208 224 226 229 217 216 221 215 185 174 157 154 162 160 161 159 156 146 140 142 136 153 135 136 139 159 150 140 117 110 111 127 127 124 132 125 119 128 131 111 112 108 117 126 133 129 122 124 120
-9999 -9999 1028 1053 1068 1049 1103 921 1049 1004 806 808 841 804 875 917 772 680 617 583 487 430 402 429 410 378 383 375 367 367 311 283 312 275 244 247 239 221 210 220 221 231 230 230 224 233 224 212 164 150 150 157 156 162 157 160 148 139 138 151 143 128 126 129 131 126 125 117 125 137 120 116 119 124 134 137 113 123 110 108 108 110 118 119 122 123 121 124
-9999 -9999 -9999 -9999 -9999 1032 1056 1007 926 1014 1003 836 901 841 891 855 853 653 605 534 576 441 392 466 416 413 402 362 386 384 344 269 299 275 250 251 251 232 222 223 223 232 235 230 233 239 233 189 165 152 152 158 158 160 152 163 153 138 142 153 151 134 138 122 117 128 122 125 137 155 119 110 112 118 130 134 117 118 108 110 109 106 116 118 117 117 118 121
-9999 -9999 -9999 -9999 -9999 1013 1019 1035 985 884 938 969 907 1000 1037 881 725 703 577 506 515 471 403 441 427 458 401 354 385 386 359 277 301 274 267 277 278 255 218 220 228 229 230 235 235 238 221 207 188 167 148 147 159 156 157 160 161 144 136 143 143 142 132 131 131 133 135 137 139 151 129 112 106 115 127 124 114 112 116 108 104 103 108 113 113 116 116 120
-9999 -9999 -9999 -9999 -9999 -9999 1015 1013 1065 862 889 865 841 918 1024 973 856 734 527 561 526 496 421 392 405 456 462 359 344 384 366 310 291 279 297 290 289 244 229 232 226 228 228 229 217 225 205 209 220 208 152 147 147 161 154 152 164 153 139 135 138 138 136 135 147 164 149 131 116 118 112 112 116 118 125 120 112 111 110 108 101 102 108 106 112 115 115 114
-9999 -9999 -9999 -9999 -9999 -9999 1016 1009 1050 1011 977 874 797 859 928 1030 915 771 542 578 507 565 480 424 374 440 470 407 351 377 374 316 297 311 318 303 268 242 252 238 228 228 217 207 195 213 200 188 191 210 197 152 146 149 158 152 158 150 141 143 144 134 137 140 137 161 167 167 120 112 101 106 118 122 120 112 109 106 107 110 99 100 113 107 102 106 109 111
-9999 -9999 -9999 -9999 -9999 -9999 1082 1100 1020 1061 827 963 754 910 1071 1029 913 673 646 613 533 561 558 483 412 432 446 403 406 407 338 318 337 331 325 294 263 247 256 234 241 237 219 191 182 194 213 204 175 184 195 186 145 146 151 153 153 150 152 149 136 137 138 142 139 147 174 155 158 122 100 126 110 134 117 103 102 106 101 100 99 102 115 109 102 101 102 112
-9999 -9999 -9999 -9999 -9999 -9999 1193 1227 1007 1086 964 866 750 894 1111 1057 880 664 701 605 536 486 622 496 482 485 467 449 420 411 314 337 352 349 336 303 288 237 238 234 259 236 207 194 186 184 209 212 183 169 169 202 159 148 166 156 162 145 154 140 141 144 135 144 139 137 157 163 117 123 139 124 103 116 149 119 97 94 97 99 96 100 114 113 99 102 98 103
-9999 -9999 -9999 -9999 -9999 1041 1181 1162 1166 1240 1156 1078 892 924 1031 1074 841 681 682 643 588 516 463 592 546 440 473 451 399 361 330 346 354 353 347 312 274 227 230 226 257 232 214 200 194 187 186 210 215 182 160 163 189 149 180 173 164 144 150 137 130 141 148 141 139 146 142 153 140 126 144 136 100 102 129 123 105 101 94 93 92 95 107 111 105 103 100 95
-9999 -9999 -9999 -9999 -9999 -9999 -9999 1137 1118 1173 1057 1130 1157 1188 964 1031 989 840 727 779 633 533 567 688 584 523 453 412 381 361 373 351 362 346 341 324 259 221 223 229 253 224 213 205 206 198 192 194 190 186 168 161 173 163 180 187 171 146 147 133 126 134 147 155 143 145 150 125 159 151 149 121 96 102 105 98 105 117 105 90 89 93 102 108 110 111 101 92
-9999 -9999 -9999 -9999 -9999 -9999 -9999 -9999 1049 1150 1080 1046 1051 1158 975 898 1092 918 761 782 675 515 730 714 663 560 460 394 375 407 417 357 341 355 348 320 243 219 213 233 240 223 222 199 195 194 190 201 194 180 170 184 178 175 182 183 177 143 132 123 131 133 140 148 149 148 151 130 140 161 150 117 111 111 104 94 92 96 97 94 90 99 97 100 106 108 110 106
-9999 -9999 -9999 -9999 -9999 -9999 -9999 -9999 -9999 1164 1100 1070 1066 1137 1008 849 1008 1051 858 721 692 642 759 715 687 585 490 391 414 426 423 386 350 359 347 319 258 226 212 221 224 220 219 194 200 195 186 185 183 185 191 187 176 163 195 188 165 130 123 121 135 141 128 132 138 145 151 145 133 140 127 105 107 114 95 93 94 95 94 93 91 100 102 95 97 101 105 98
