Artocarpus hirsutus SDM files/Last interglacial/Environmental layers/bio15.asc
ncols  625
nrows  721
xllcorner  69.99986311115
yllcorner  5.99986151914999
cellsize 0.041666667
NODATA_value  -9999
[rows 156 to 194 of 721, columns 356 to 444 of 625]
153 153 156 154 151 152 153 152 151 155 156 154 153 154 155 156 156 157 158 157 157 158 158 156 156 157 157 159 159 158 158 159 160 161 161 159 160 161 161 162 162 162 162 161 161 161 161 161 161 161 161 162 162 160 161 162 160 160 161 161 160 161 160 159 160 160 159 160 159 158 159 159 158 158 158 157 157 158 158 158 157 157 156 156 154 154 157 156 155
153 155 157 158 156 157 158 157 152 152 153 152 150 151 154 155 154 155 157 157 156 157 156 157 157 159 158 160 160 161 160 160 161 161 159 159 161 161 161 162 162 161 162 162 161 161 161 161 161 162 161 161 161 161 161 161 161 160 160 161 160 161 160 159 160 159 159 159 159 158 159 158 158 157 157 157 157 157 157 157 157 157 156 155 153 155 156 156 156
149 156 158 153 150 151 153 156 157 158 156 150 150 150 151 155 155 153 154 157 157 158 158 158 157 157 156 157 157 158 159 159 160 160 158 159 160 159 160 161 162 162 162 162 162 161 162 161 161 162 161 161 161 161 161 162 161 160 160 160 160 160 160 159 160 159 158 158 158 158 159 158 158 158 157 157 156 156 157 157 157 156 156 154 154 154 155 154 155
153 150 155 154 150 147 147 149 148 154 154 151 149 149 150 154 155 153 153 154 154 155 156 156 157 158 156 156 156 156 157 158 159 160 157 158 158 158 159 160 160 161 161 162 162 162 162 161 162 161 161 161 161 161 161 161 161 160 160 160 160 160 159 159 159 159 159 158 159 158 158 158 157 157 158 157 156 157 157 157 157 156 155 154 154 154 154 154 153
154 157 156 156 156 155 154 151 146 153 152 155 152 151 150 154 151 150 151 151 153 152 153 153 153 154 154 156 156 156 157 159 158 158 157 156 157 159 159 160 160 159 160 161 160 161 161 161 161 161 161 161 161 161 161 161 160 160 160 160 160 160 159 159 159 159 158 157 158 159 158 158 157 157 157 156 157 157 157 157 157 156 156 155 155 155 155 155 155
145 145 147 147 147 148 149 154 154 156 157 158 157 151 154 152 150 152 154 155 154 153 155 156 156 155 155 155 156 154 156 158 159 158 157 156 156 158 159 159 160 159 159 160 159 160 161 161 161 161 161 161 161 161 161 161 161 160 160 160 160 160 159 159 158 158 158 158 158 158 158 157 158 157 157 155 156 158 157 157 156 155 154 154 156 156 154 153 154
150 146 148 142 141 146 149 150 148 151 154 156 156 155 155 150 152 154 149 151 153 156 155 154 156 154 156 156 155 156 155 158 157 157 155 155 157 158 158 159 161 159 160 161 159 161 161 160 161 160 160 161 161 160 160 161 160 160 160 159 159 159 159 158 158 158 158 158 158 158 157 157 156 156 155 155 156 157 156 156 156 155 154 154 155 155 154 153 153
153 144 150 152 151 149 140 141 142 149 149 150 154 153 154 156 156 152 154 151 152 152 155 156 156 154 153 153 153 156 153 155 158 159 155 156 156 159 158 159 161 159 160 160 160 159 160 160 160 160 160 160 161 160 161 160 160 160 160 159 159 159 159 158 158 157 158 158 158 158 156 157 157 156 155 155 156 156 156 156 156 155 154 154 155 154 153 153 153
146 151 150 146 151 149 140 140 142 140 141 142 150 153 150 149 147 150 153 153 157 155 157 155 157 156 154 155 154 156 154 155 157 159 159 156 157 159 160 159 159 161 161 161 161 161 161 161 161 161 160 160 160 160 160 160 160 160 159 159 159 159 159 158 158 157 157 158 157 157 156 156 156 157 155 156 156 155 154 156 155 154 155 155 155 155 154 154 154
143 147 149 152 151 143 151 152 151 148 144 141 147 152 147 145 145 144 147 155 155 151 151 153 152 153 155 156 155 156 156 158 155 155 157 157 155 156 158 157 158 159 161 158 158 160 160 161 161 161 160 160 160 160 160 160 160 160 159 159 159 159 158 158 158 157 157 157 157 157 156 156 155 155 155 155 156 155 155 155 155 154 153 154 154 155 154 154 154
136 141 144 145 149 149 149 149 148 149 147 148 148 154 152 147 143 142 146 151 150 148 149 154 150 150 154 153 150 154 152 154 155 154 154 156 155 154 155 156 157 159 160 159 158 159 160 160 160 161 160 160 160 160 160 160 160 158 159 159 158 158 158 158 158 158 158 158 157 155 155 155 155 156 154 154 155 155 154 155 153 153 153 154 154 154 154 153 152
127 132 139 141 141 141 147 149 148 147 145 142 144 149 153 150 145 141 145 148 146 147 152 149 150 151 156 150 149 150 152 151 153 153 153 154 157 156 154 155 156 157 157 157 158 158 158 159 160 160 160 159 160 160 159 160 159 158 159 159 158 158 158 157 157 157 157 157 156 157 157 156 156 156 154 153 155 155 154 155 153 153 153 153 153 154 154 154 153
123 126 132 130 131 132 141 140 140 140 137 137 139 146 148 147 141 143 149 148 147 147 149 151 153 155 154 154 151 149 150 151 154 154 153 154 158 157 154 154 155 156 157 157 158 159 159 159 160 159 160 159 160 160 160 159 159 159 159 159 158 158 157 157 157 157 157 157 155 156 155 155 156 156 155 152 153 153 153 154 154 154 153 152 153 154 153 154 154
125 122 122 124 126 128 135 131 135 132 131 133 134 135 146 147 152 152 151 144 145 142 144 147 150 151 147 151 151 150 152 152 153 154 153 154 157 157 154 154 155 156 158 158 158 158 159 159 159 160 159 159 159 160 159 159 160 159 159 159 157 158 158 156 156 157 156 156 154 155 154 153 154 155 155 152 152 152 152 152 152 153 153 153 153 154 152 153 154
131 126 122 122 126 125 132 132 130 134 131 132 135 133 146 141 146 152 150 139 140 139 141 144 146 145 145 146 149 147 149 152 153 153 154 154 156 157 154 153 153 155 157 156 159 157 158 159 159 160 159 158 159 160 159 159 159 159 158 158 157 158 156 155 156 156 156 156 155 155 153 153 153 153 154 153 152 152 152 152 151 153 152 152 153 152 152 153 153
126 126 125 124 127 126 133 139 139 142 142 139 135 134 144 139 135 144 150 143 137 140 138 142 144 141 142 144 145 147 149 150 150 152 153 154 155 157 155 152 153 153 155 157 157 157 157 158 159 159 158 159 159 159 159 159 159 158 158 157 156 156 155 154 155 156 155 155 154 155 154 154 154 154 154 154 153 152 151 151 152 151 150 151 152 152 151 151 152
122 120 121 122 126 130 136 141 142 145 148 146 135 132 140 142 145 147 147 145 138 141 142 143 147 142 141 141 144 148 150 149 150 154 153 151 155 156 155 151 152 153 155 157 157 156 156 157 158 158 158 159 159 159 158 158 159 158 157 157 155 155 155 154 155 155 153 154 153 154 154 154 152 151 151 152 151 152 152 151 151 149 149 150 151 152 152 152 153
115 119 127 128 121 129 130 133 137 141 146 145 133 128 135 143 149 147 147 147 142 141 145 145 147 145 141 141 143 148 151 150 150 151 153 154 156 156 153 150 152 153 156 157 157 156 156 157 157 157 158 159 158 159 158 158 158 158 157 155 155 155 155 154 154 154 152 153 152 153 154 154 153 150 149 152 151 150 150 151 152 149 149 149 150 152 150 153 152
115 117 123 124 118 121 121 126 133 139 145 146 132 128 133 143 148 148 147 146 146 146 148 147 148 145 142 141 140 142 147 149 151 151 150 153 155 156 153 149 150 152 156 157 157 155 155 157 157 158 157 158 158 158 158 158 157 158 156 155 155 154 154 154 154 153 151 151 152 152 152 152 153 147 149 151 149 148 148 150 150 148 148 148 150 150 149 152 150
113 123 125 122 124 124 121 125 127 130 140 143 131 127 132 143 145 147 145 144 143 146 147 147 147 145 139 138 139 144 148 151 147 148 149 152 154 155 154 149 149 152 156 156 156 155 156 158 157 158 158 157 158 158 158 157 157 156 155 154 154 153 153 153 153 151 150 150 150 149 151 150 152 147 148 149 148 147 147 148 148 147 147 148 149 148 149 151 150
120 127 126 124 118 121 125 127 135 139 143 134 137 126 130 139 141 144 145 144 140 140 144 146 149 147 143 142 138 140 143 146 143 145 148 150 152 155 154 149 148 153 156 155 154 152 153 154 155 156 157 157 157 157 157 156 156 155 154 153 152 151 151 151 150 149 149 150 149 147 149 152 151 146 146 146 146 145 147 146 147 145 146 146 148 147 149 148 150
130 115 119 124 123 126 126 123 124 134 143 131 130 130 129 136 136 138 142 142 142 140 135 142 147 148 148 148 147 146 148 146 143 143 145 149 150 152 154 151 148 151 152 153 152 152 153 153 153 154 154 154 155 156 156 156 155 153 154 153 152 150 150 151 151 147 148 147 149 146 147 148 150 145 147 146 146 144 146 146 146 145 145 145 146 146 147 147 148
117 114 116 119 123 130 136 124 124 137 135 124 128 132 133 128 132 134 138 140 140 140 134 133 141 143 144 143 146 139 138 138 138 140 142 144 148 148 150 152 152 153 154 153 154 155 156 156 156 156 157 157 156 156 156 156 156 155 155 154 153 151 152 152 152 148 146 149 148 144 147 149 148 147 149 148 144 143 145 147 145 144 144 144 145 145 146 146 146
114 120 115 123 122 122 134 125 127 137 133 125 126 131 132 131 128 131 134 136 137 138 138 137 138 135 136 143 144 144 144 144 142 140 140 141 146 148 150 152 153 154 154 150 148 149 149 152 154 153 155 154 155 155 153 151 154 152 152 151 153 153 152 152 151 145 145 150 150 143 147 149 147 144 144 144 145 142 144 146 143 143 143 143 144 144 145 145 145
131 118 116 119 124 124 126 121 134 134 124 128 128 132 129 134 128 127 131 134 134 137 136 137 137 136 135 140 139 140 140 138 137 137 138 142 144 146 149 150 152 153 152 152 148 147 147 150 151 151 150 150 149 149 150 148 149 147 147 149 148 149 150 151 149 141 143 147 148 142 148 145 142 141 143 143 146 146 147 146 144 143 142 143 143 143 143 144 144
132 123 125 126 132 127 120 126 129 136 125 126 129 132 129 131 130 128 128 130 131 134 133 133 136 134 135 134 133 135 140 139 136 135 135 136 140 145 148 150 151 150 152 150 148 146 146 149 151 152 152 150 150 146 147 148 145 143 143 144 145 146 149 148 148 146 144 145 145 140 143 147 141 142 145 142 143 141 142 141 143 143 143 143 144 143 143 142 143
130 134 126 121 129 129 122 134 138 142 135 131 132 128 135 126 126 128 125 127 130 131 133 132 136 136 138 136 130 136 142 141 136 137 139 136 142 145 146 147 147 149 151 148 145 143 146 147 147 147 149 149 150 144 144 148 143 141 140 141 142 146 143 141 140 140 145 146 140 138 142 145 143 141 140 139 138 142 141 143 144 144 144 144 144 143 142 141 143
128 133 120 118 121 125 125 128 128 135 141 143 138 129 137 127 126 125 127 126 127 128 131 134 135 135 138 143 130 137 140 131 131 131 133 140 141 142 144 145 146 147 148 148 141 141 143 147 149 147 147 149 149 149 148 149 142 137 138 138 137 139 136 136 136 141 139 142 133 137 144 139 135 134 134 134 138 141 140 143 144 144 144 144 144 144 143 142 142
131 134 123 119 120 123 126 129 130 128 131 137 140 129 136 129 128 125 126 125 129 125 126 131 132 131 134 137 138 140 136 129 131 134 136 137 140 140 143 144 145 144 146 145 142 141 143 142 143 144 148 140 139 140 141 143 145 141 138 137 133 133 133 136 140 140 137 134 130 139 141 142 139 139 133 133 138 139 137 136 137 137 138 139 138 139 142 140 140
125 136 124 121 121 126 124 125 128 131 133 140 136 135 131 132 131 130 126 126 131 126 125 128 129 125 127 133 141 130 127 128 130 133 133 134 136 137 140 141 141 141 145 138 140 143 144 146 145 143 144 142 135 131 132 137 133 137 139 140 140 135 131 130 127 129 131 126 134 138 139 135 139 135 130 133 137 138 140 137 137 137 137 139 140 139 141 140 138
132 134 123 122 122 129 126 124 125 131 133 135 141 133 125 126 130 129 126 126 128 125 126 126 128 125 126 132 138 125 126 130 130 133 135 134 134 136 138 140 138 142 142 134 136 139 142 142 139 142 139 138 141 134 128 131 126 128 130 129 138 133 127 123 124 122 120 124 135 135 134 135 136 130 129 130 130 132 134 137 138 139 139 140 137 141 139 140 138
134 130 122 122 127 132 127 125 124 129 138 132 140 127 125 127 127 128 125 127 126 124 127 129 130 127 125 134 130 123 126 128 132 132 137 131 134 139 136 137 134 136 136 131 132 137 140 139 134 137 137 132 135 131 133 131 129 124 121 130 137 120 117 120 119 120 115 123 131 135 134 127 126 127 128 130 133 135 134 136 136 138 140 139 139 140 139 140 139
136 129 123 127 133 132 129 124 128 131 135 137 134 126 128 125 129 133 131 129 127 126 124 126 128 132 131 133 125 124 129 129 130 130 133 130 134 138 139 134 132 134 133 131 132 139 137 138 132 130 132 132 127 130 130 127 127 129 125 124 132 113 113 116 121 115 114 120 129 133 133 129 131 134 136 136 137 137 136 135 134 133 133 137 137 136 137 139 139
133 124 123 131 133 126 126 124 132 129 134 135 134 130 126 124 128 128 126 127 125 126 124 124 123 127 129 135 126 123 127 134 130 129 131 132 134 139 137 132 132 132 132 133 134 139 135 137 133 127 125 128 128 127 126 125 121 121 124 127 127 109 112 111 115 111 111 118 126 123 124 118 123 129 130 132 132 133 135 134 134 134 133 135 135 133 135 136 137
130 125 126 130 130 125 124 128 134 131 134 132 128 124 125 128 131 129 127 128 125 129 126 124 121 124 128 133 127 123 128 136 131 128 131 134 138 137 130 133 134 131 132 132 135 134 134 132 133 124 120 121 129 126 123 123 118 114 118 120 124 110 109 108 109 109 108 117 122 117 113 112 119 124 127 130 126 130 131 131 132 133 133 133 133 134 132 134 135
127 128 128 131 126 125 127 127 136 130 127 129 127 126 128 129 132 129 130 131 125 128 129 123 125 123 128 136 125 124 129 136 131 131 133 133 135 133 132 130 133 134 134 132 133 129 128 128 129 122 119 123 127 120 120 118 113 117 119 120 118 115 106 106 107 107 106 113 120 115 113 111 112 119 127 124 125 126 128 130 130 131 131 131 132 133 133 130 129
127 130 130 128 128 126 132 130 135 128 132 128 127 128 131 129 134 129 132 132 126 125 133 127 124 125 128 134 124 124 128 132 137 132 136 131 132 130 132 133 133 137 136 131 135 127 126 126 123 118 121 127 118 112 115 118 108 108 106 111 117 115 105 103 105 104 104 112 115 106 109 110 113 119 125 116 119 123 125 127 128 130 129 130 129 130 132 129 128
129 130 128 127 127 128 133 136 133 131 131 129 129 131 129 128 134 130 131 135 125 126 135 131 124 127 133 130 125 124 127 134 139 137 130 128 131 130 133 134 134 137 137 132 134 126 124 124 119 119 121 122 119 116 115 117 115 109 101 107 116 115 103 103 101 101 102 108 106 105 108 110 112 118 122 120 119 121 119 123 127 127 126 128 125 126 131 128 128
131 130 128 128 128 130 134 135 130 130 131 132 130 131 128 128 134 134 131 133 125 129 137 128 127 131 134 126 125 125 127 130 137 139 132 129 129 131 131 133 133 138 139 132 132 127 125 121 118 116 116 115 113 110 106 114 115 113 103 104 113 113 101 102 100 99 103 109 103 108 108 111 112 117 116 118 119 123 120 124 124 125 125 126 127 126 128 129 130
