Artocarpus hirsutus SDM files/Last interglacial/Environmental layers/bio16.asc
ncols  625
nrows  721
xllcorner  69.99986311115
yllcorner  5.99986151914999
cellsize 0.041666667
NODATA_value  -9999
[rows 114 to 151 of 721, columns 85 to 169 of 625]
334 339 344 350 356 363 367 373 376 378 389 392 401 409 413 412 417 423 426 429 432 438 442 442 441 442 446 448 447 448 452 448 448 449 454 462 470 457 463 467 469 470 479 495 505 522 531 546 557 578 590 589 609 624 640 657 675 692 719 743 764 787 804 892 927 926 835 727 759 801 845 916 971 913 954 804 739 842 890 910 824 995 944 774 718
329 333 339 346 350 354 357 361 367 376 386 390 395 399 399 404 412 416 419 422 426 432 436 434 436 444 446 447 447 449 450 444 447 449 455 461 453 450 452 457 458 461 472 483 497 511 525 530 539 551 558 574 596 615 626 643 660 675 692 707 718 733 740 776 853 880 912 758 703 733 765 812 865 942 987 1016 998 793 921 1103 883 1004 888 772 712
325 331 335 339 340 345 353 360 369 375 377 382 386 391 395 399 402 406 411 414 419 424 430 427 434 441 447 442 443 447 444 448 441 450 450 439 438 440 443 447 448 452 466 476 492 491 498 508 529 540 556 569 585 602 618 633 647 663 680 695 703 708 719 735 747 768 819 852 737 702 721 742 788 874 908 985 1058 873 974 1091 1104 1064 925 933 918
319 321 327 331 336 341 348 358 358 363 368 372 376 382 387 391 397 402 404 411 417 422 421 425 434 443 440 431 432 432 430 429 427 430 432 432 433 434 439 442 446 453 460 464 471 482 490 504 520 535 549 561 576 592 605 624 641 657 668 682 695 704 712 717 728 750 780 815 830 728 717 737 754 814 863 909 978 1009 842 965 1088 979 982 1078 1083
311 318 322 324 331 337 343 346 352 356 362 370 373 378 380 388 394 398 401 405 413 415 416 422 430 429 427 427 426 427 425 424 423 426 427 426 428 431 432 435 437 445 447 464 472 479 487 500 512 526 539 558 572 588 603 617 634 651 666 680 693 708 715 714 721 742 767 784 825 833 746 743 730 777 808 861 1028 1043 854 885 803 855 908 982 1050
311 313 316 323 327 333 338 344 349 352 362 366 371 379 368 383 382 379 381 388 394 398 403 409 413 416 418 422 422 421 419 419 420 422 422 423 423 425 427 428 434 440 445 453 460 472 485 497 505 522 539 555 573 590 600 616 638 659 670 679 700 714 703 713 723 725 742 759 785 839 795 737 712 748 798 795 880 945 951 953 949 779 937 1067 1010
307 308 311 314 319 325 331 336 344 351 358 362 361 358 356 360 364 368 373 379 385 391 397 401 406 410 414 418 419 417 416 415 415 416 418 419 419 420 420 424 428 434 440 446 455 461 471 483 492 518 537 551 555 577 591 609 623 635 642 657 668 675 680 688 690 694 703 715 739 769 822 747 704 725 728 730 867 935 1039 1072 1066 940 796 923 1025
299 302 302 311 316 322 328 331 341 346 349 344 344 347 348 350 355 359 364 369 377 379 382 384 394 402 411 415 414 411 409 411 412 411 414 414 413 414 415 419 423 427 433 436 444 452 462 472 484 503 513 528 541 560 578 593 608 622 642 645 654 662 669 674 679 681 684 687 688 692 715 708 743 785 814 819 742 796 986 987 966 988 853 861 918
293 298 302 308 312 316 321 328 336 332 335 336 336 337 338 341 345 351 357 360 363 366 371 375 380 392 407 412 406 402 400 406 405 406 406 407 405 405 407 411 415 419 423 429 435 445 453 464 477 486 504 521 530 549 559 581 593 607 623 628 637 642 648 652 656 660 663 669 673 681 686 695 716 737 777 831 826 756 830 944 1018 1043 950 1024 976
288 295 300 303 307 315 320 321 318 320 324 327 327 328 328 331 334 339 342 347 352 358 361 366 368 377 391 396 391 392 392 394 395 397 397 398 396 397 403 407 412 415 420 425 431 440 452 462 474 487 500 515 531 550 562 584 592 609 617 622 630 637 639 649 652 652 659 656 668 671 685 698 701 725 755 807 863 868 777 838 1015 1139 1190 1134 1243
287 293 298 302 307 305 303 307 309 311 313 313 314 316 317 319 322 328 332 336 342 347 351 354 357 361 370 373 375 378 383 386 387 388 389 388 389 394 398 403 405 408 414 420 428 435 444 452 463 477 492 510 524 537 553 576 591 603 611 614 620 627 635 639 644 652 660 674 681 686 689 695 708 731 754 786 828 876 904 850 956 1096 1151 1060 1220
287 293 298 293 293 293 295 297 300 300 300 301 303 304 305 307 313 318 319 325 332 338 341 343 348 351 356 355 361 367 372 374 377 380 380 381 390 394 395 397 398 399 405 412 419 425 435 443 455 467 482 496 510 524 542 563 578 587 591 600 605 610 619 630 637 643 652 660 663 670 679 691 705 722 743 769 789 838 901 926 965 1028 1143 1200 1168
285 286 284 283 285 288 288 290 290 290 291 292 290 293 295 299 301 303 310 317 323 328 332 336 340 342 344 347 352 358 362 362 367 373 375 381 382 384 384 388 394 396 402 408 412 417 427 436 445 458 471 485 498 514 530 544 557 569 579 584 587 596 604 613 624 630 636 640 650 660 666 678 695 714 735 759 788 812 858 899 921 920 1041 1109 1049
277 276 277 279 282 282 283 284 283 283 282 281 281 283 284 284 287 294 300 309 314 319 327 331 333 337 341 342 346 351 352 366 370 370 374 375 375 378 381 383 388 391 394 401 405 412 418 425 436 447 460 474 487 501 516 526 537 549 557 566 570 573 582 593 604 612 622 629 638 645 653 669 689 704 725 750 777 808 828 879 882 932 980 1089 1221
272 273 275 276 275 275 277 276 276 274 273 272 273 273 271 272 275 282 291 299 306 314 321 327 331 336 339 340 342 348 358 364 361 362 364 369 373 374 376 380 383 386 390 393 397 403 409 418 425 436 447 462 475 486 498 515 524 531 535 544 550 558 568 576 588 597 607 620 634 637 648 662 679 697 720 745 765 782 803 823 900 1023 1059 1067 1239
270 271 271 271 271 272 270 269 268 268 267 267 265 262 265 269 273 277 285 293 301 308 316 321 330 332 336 339 342 349 352 355 358 361 365 366 368 368 371 374 378 381 381 387 392 394 402 408 414 424 433 448 459 470 486 498 508 516 524 528 531 541 556 567 572 585 598 610 622 631 643 658 670 687 705 727 745 769 775 775 837 900 935 988 1151
267 266 267 267 266 265 265 265 265 263 262 260 258 262 264 267 272 275 278 288 298 305 314 322 328 332 335 336 342 349 354 356 356 358 361 362 363 363 365 368 371 373 376 380 384 389 393 398 404 411 424 436 450 463 474 482 494 504 510 517 524 530 539 550 566 579 589 604 616 623 636 650 661 674 694 714 730 749 747 779 820 880 907 922 1050
264 263 264 264 264 263 263 262 260 260 258 256 258 260 264 266 269 272 275 283 292 303 313 323 328 331 336 342 345 347 350 354 356 357 357 357 358 360 363 366 366 369 373 377 380 383 388 391 395 405 415 426 440 450 461 471 483 490 496 504 517 525 533 541 555 571 587 602 610 622 632 640 655 669 684 698 720 731 763 793 837 872 895 956 997
261 261 261 262 261 261 260 260 260 258 255 255 255 259 261 263 266 269 272 280 292 303 314 324 326 332 341 343 346 348 349 352 352 352 353 353 354 355 357 358 362 367 369 373 377 381 381 382 392 400 409 417 428 440 452 464 475 481 489 499 508 517 528 540 557 565 583 598 608 620 630 642 650 659 678 699 716 727 753 789 831 856 899 931 998
260 261 261 261 260 260 260 258 256 254 252 254 255 257 259 259 264 266 271 283 294 308 321 328 332 338 341 343 344 346 349 350 351 350 352 350 350 351 354 357 361 363 365 370 373 374 375 379 389 395 401 410 425 437 447 459 466 476 486 491 500 510 520 538 550 565 581 589 607 622 630 638 646 663 673 697 707 721 748 777 812 850 886 945 990
260 259 260 261 260 257 257 257 255 252 251 253 254 256 257 258 260 267 279 288 297 310 318 329 333 337 341 344 345 348 350 351 351 351 349 349 349 351 352 354 357 362 364 367 370 373 376 380 383 389 396 408 422 434 446 456 466 473 478 488 493 501 517 532 547 566 577 592 606 615 628 640 652 665 679 692 698 714 736 767 809 841 883 933 974
260 260 259 257 257 257 256 255 253 253 252 252 254 253 256 258 266 270 278 288 301 310 318 325 331 339 342 343 347 349 351 351 350 349 348 347 347 349 351 356 361 364 367 370 372 374 378 378 383 390 399 411 422 433 446 456 465 469 474 480 482 495 512 528 545 559 574 590 606 614 627 645 658 668 675 684 698 714 737 773 804 831 870 918 962
259 258 256 256 256 254 252 252 252 251 250 251 252 252 255 261 266 271 279 290 300 307 318 328 335 339 341 346 349 351 351 350 349 349 345 345 343 344 352 360 362 365 367 370 371 374 377 381 387 393 401 411 422 435 444 454 462 468 469 471 475 485 504 524 539 554 568 584 605 612 630 645 651 659 673 685 695 714 738 769 792 823 865 903 939
257 256 255 254 254 253 251 252 252 249 248 248 250 250 258 260 265 271 282 292 298 308 320 327 334 340 345 350 349 351 353 351 350 348 347 347 346 348 354 360 365 368 370 369 372 374 379 384 390 396 404 414 424 434 445 454 458 464 464 466 470 480 496 512 530 546 563 580 598 607 629 634 643 656 671 681 697 710 729 757 782 812 855 889 926
255 255 255 255 254 253 251 251 250 248 248 247 250 253 255 259 265 272 281 290 300 311 320 327 337 344 348 352 353 356 354 353 351 349 349 350 351 353 359 364 369 369 368 371 375 377 381 387 392 399 407 417 426 436 442 451 459 461 459 462 470 476 491 507 520 538 558 568 589 602 618 628 643 654 661 671 686 702 729 750 771 805 840 869 910
255 255 256 255 253 252 251 249 248 247 245 246 249 252 255 258 262 271 280 291 300 310 320 330 338 344 349 352 354 356 357 354 354 352 353 357 355 355 360 365 367 368 369 372 374 378 387 388 395 403 410 419 424 433 442 450 456 458 462 467 471 475 490 499 515 533 544 561 577 591 603 621 630 642 651 664 677 697 718 739 763 794 825 856 891
255 255 254 253 252 250 249 248 245 245 248 250 250 254 255 259 266 274 282 290 300 310 319 327 337 347 350 353 354 355 356 356 355 357 360 358 356 359 362 363 367 369 372 372 376 382 385 390 399 402 408 416 426 435 444 451 455 459 466 469 472 476 484 493 512 522 538 551 566 577 596 612 618 628 639 652 672 688 703 730 758 784 809 839 874
254 253 253 251 251 249 248 247 249 250 250 249 251 253 254 259 265 272 281 289 300 307 318 329 338 346 350 354 358 359 358 359 358 360 360 362 363 366 365 366 365 371 371 373 376 378 386 392 397 402 408 415 424 432 440 447 455 462 467 467 469 472 475 488 506 513 529 542 555 568 582 595 606 615 628 645 662 681 702 720 742 766 795 829 854
253 252 250 248 249 249 251 251 251 249 249 250 250 253 256 261 266 272 279 289 298 307 317 325 334 343 350 352 355 359 360 361 361 363 364 366 367 367 368 365 369 371 369 370 372 379 386 391 394 400 406 413 421 427 436 445 451 458 462 464 463 460 467 481 494 504 519 530 545 560 571 580 591 604 620 637 656 673 688 707 726 748 777 806 834
250 249 252 253 255 253 253 251 253 251 252 252 253 254 257 261 266 271 278 287 295 304 313 322 332 339 347 351 353 357 359 362 364 365 366 369 370 370 368 370 371 372 371 368 369 373 382 387 391 395 399 407 415 422 432 438 445 450 454 454 448 448 458 471 486 495 509 524 539 550 558 568 582 596 611 627 643 657 673 693 717 738 756 782 812
254 256 256 256 255 253 251 252 251 252 252 252 252 255 257 259 264 270 277 285 291 302 310 320 329 334 343 347 353 355 358 362 365 367 370 372 374 372 371 371 371 370 368 365 363 368 375 381 385 388 395 402 407 415 420 430 437 440 441 440 432 434 445 460 474 489 507 515 523 535 548 560 571 581 597 610 624 642 658 676 696 713 744 770 795
255 255 255 255 253 253 252 250 252 252 251 251 253 254 256 261 264 270 276 285 291 299 307 316 326 332 336 342 348 352 358 361 363 366 368 369 371 373 372 369 369 368 364 360 360 364 371 374 381 386 391 394 398 404 411 420 426 429 428 427 421 422 435 447 463 483 497 506 520 532 544 551 558 569 583 594 610 625 642 662 682 706 730 756 783
255 256 255 254 254 252 252 254 252 249 251 251 252 256 257 259 263 270 276 282 288 296 304 311 319 325 331 338 342 349 353 356 361 363 365 367 370 373 372 369 367 364 362 359 360 364 368 370 377 380 384 387 389 393 402 409 415 417 420 417 417 420 431 440 460 474 485 495 506 519 528 536 548 559 572 584 597 615 635 651 672 696 718 737 767
255 253 256 254 253 253 253 251 250 250 251 252 252 253 255 259 264 269 273 279 286 293 300 305 312 319 326 332 339 344 348 354 357 361 362 364 369 367 366 364 363 361 360 358 361 360 362 368 370 372 374 377 381 387 391 398 404 408 412 411 415 419 423 434 451 466 476 487 498 511 516 524 535 546 560 574 589 604 622 638 662 681 700 728 750
254 255 254 253 253 253 253 251 251 251 252 251 252 253 255 259 262 267 270 276 283 288 294 300 309 316 321 327 334 339 342 347 350 355 358 361 361 360 360 360 362 362 358 357 357 358 360 364 365 366 370 371 376 381 384 389 394 398 400 403 406 412 421 433 446 457 470 480 490 500 504 515 524 535 549 563 578 595 610 627 645 670 693 719 729
255 255 255 254 252 253 252 250 251 250 251 252 251 254 256 257 259 264 267 273 277 283 290 296 303 310 317 322 328 332 338 344 347 349 354 356 356 357 359 356 355 356 354 355 354 354 356 359 357 361 363 365 369 372 376 381 385 388 391 398 404 413 422 431 441 452 466 471 482 487 495 502 514 527 537 548 568 581 597 617 637 660 683 704 719
253 254 253 253 253 252 250 250 249 249 249 249 251 253 253 255 259 261 265 269 275 279 286 291 297 304 311 315 322 328 333 339 342 344 347 349 350 351 350 350 349 348 350 350 350 350 353 353 354 356 359 362 365 367 370 372 378 386 392 398 405 412 420 428 436 447 456 464 474 477 486 494 503 513 525 541 557 571 589 610 628 651 678 695 708
253 253 252 252 252 252 249 250 251 250 248 249 251 251 254 256 258 262 263 266 272 277 282 287 294 299 305 311 318 324 328 333 336 340 342 343 343 345 346 349 347 346 345 344 345 346 348 348 351 354 357 359 359 361 366 371 378 383 390 398 403 409 415 424 432 442 449 455 463 469 476 482 491 502 515 531 546 561 580 600 621 645 674 687 701
