Artocarpus hirsutus SDM files/Last interglacial/Environmental layers/bio17.asc
ncols  625
nrows  721
xllcorner  69.99986311115
yllcorner  5.99986151914999
cellsize 0.041666667
NODATA_value  -9999
[rows 96 to 143 of 721, columns 0 to 95 of 625]
30 30 35 33 31 33 33 32 33 33 33 33 31 31 31 30 30 30 29 29 29 29 28 29 28 29 29 29 30 28 27 27 28 29 29 29 30 30 30 31 32 32 33 34 36 36 36 36 37 38 38 39 41 40 40 42 43 44 45 45 45 47 47 47 47 47 48 48 48 48 48 48 48 48 48 49 49 51 51 51 51 51 52 53 52 52 53 53 53 53 54 54 54 54 55 55
29 32 38 33 31 31 32 33 33 33 33 31 31 30 30 30 30 29 28 28 29 29 29 28 28 28 29 29 28 27 27 27 27 27 29 29 29 29 30 31 31 31 32 33 35 35 36 36 36 37 37 39 39 39 41 42 43 43 43 43 45 45 45 45 47 46 46 47 48 48 48 48 48 47 47 47 47 48 49 50 50 51 51 50 51 51 51 51 51 52 52 52 53 54 55 55
30 32 33 32 31 30 31 32 33 32 32 31 31 30 30 29 29 29 28 28 28 27 28 28 28 28 28 28 27 27 27 27 27 27 28 28 28 29 30 31 31 31 31 32 33 34 34 35 36 36 37 37 38 39 40 42 42 42 43 43 44 43 43 44 44 44 46 46 46 46 46 46 46 47 47 47 47 47 47 49 49 50 50 50 50 50 50 50 50 50 50 51 52 54 54 54
29 30 30 31 30 30 30 32 33 32 30 30 30 30 30 29 29 28 28 28 27 27 27 27 27 28 27 27 27 27 27 27 27 27 27 28 28 29 29 30 31 31 31 31 32 33 34 34 34 35 36 37 37 38 39 40 41 42 42 42 43 42 42 43 43 43 45 46 46 45 45 45 45 45 45 45 45 45 45 47 48 49 49 49 49 49 49 49 49 49 49 49 50 51 53 53
30 29 29 30 30 30 30 32 31 31 30 30 30 30 30 29 29 28 28 27 27 27 27 27 27 26 26 26 26 27 27 27 27 27 27 28 29 29 29 29 30 31 31 31 31 32 33 34 34 34 34 36 37 37 39 39 39 40 41 42 41 41 41 42 42 43 43 43 44 45 45 45 45 45 45 45 45 45 45 46 47 47 47 48 49 49 49 49 49 49 49 49 50 51 51 51
32 30 32 31 30 29 29 30 31 31 30 30 29 29 29 29 29 28 27 27 27 27 27 27 26 26 26 26 25 24 25 26 26 27 27 29 29 29 29 29 29 29 31 31 31 32 32 32 34 34 34 35 35 37 38 39 39 39 39 40 40 40 40 39 40 40 40 42 42 42 43 43 43 44 44 44 44 45 45 45 45 45 45 46 46 47 48 48 48 49 49 50 50 50 51 51
29 29 30 30 30 30 29 30 31 31 30 30 29 29 29 29 30 29 27 27 27 27 27 26 26 25 26 25 24 24 24 25 25 26 28 29 29 29 29 29 29 29 29 30 31 32 32 32 32 34 35 35 34 35 35 37 37 39 38 38 38 38 38 39 40 40 40 41 41 41 42 42 43 43 43 43 44 44 45 45 45 45 45 45 46 46 46 48 48 48 48 49 49 49 49 50
29 27 28 29 31 30 29 29 31 31 31 30 29 29 29 30 29 29 27 27 27 27 26 26 26 25 25 25 24 24 24 24 25 26 27 27 28 28 29 29 29 29 29 29 30 31 32 32 32 33 33 34 34 34 35 35 36 37 37 37 37 37 37 38 39 39 39 39 39 40 40 41 41 41 42 42 43 43 43 44 44 44 44 44 45 45 46 46 47 48 49 49 49 49 49 50
28 28 26 28 31 28 29 29 31 31 31 29 29 29 30 30 29 28 28 27 27 26 26 26 25 25 25 25 25 25 23 23 24 26 26 27 27 27 27 28 28 29 29 29 29 30 31 32 33 33 33 32 33 34 34 34 34 35 35 35 36 37 37 38 38 39 39 39 39 39 39 39 40 40 41 41 42 42 43 42 42 42 44 44 44 44 44 45 45 46 48 48 48 48 48 48
28 28 27 31 31 31 28 28 29 30 31 29 29 30 30 29 29 28 28 27 27 27 26 26 25 25 25 25 25 24 24 24 25 25 26 26 26 26 27 27 27 27 29 29 29 30 30 31 32 32 32 32 33 33 33 33 34 34 34 34 34 35 37 38 38 39 39 39 39 39 38 38 39 40 40 40 40 41 41 41 42 42 42 42 43 43 43 43 43 45 46 47 48 48 48 48
28 28 28 27 27 27 28 26 27 28 29 29 30 30 30 28 28 28 28 27 27 26 26 25 25 25 25 24 24 24 25 25 25 25 25 26 26 26 26 26 27 27 27 27 28 30 31 31 31 31 32 32 32 32 33 33 33 34 34 34 34 35 36 36 37 37 37 37 38 38 38 38 38 38 38 39 39 40 40 41 41 41 41 41 41 41 42 43 43 44 45 45 46 47 47 48
27 27 27 27 27 33 30 26 25 28 28 30 30 30 29 27 27 27 28 28 27 26 26 25 25 25 25 24 24 25 25 25 25 25 25 25 26 26 26 26 26 26 27 27 28 29 29 31 31 31 30 31 31 32 32 32 32 32 32 33 34 35 35 35 36 36 37 37 37 37 38 38 38 38 38 39 39 39 39 40 40 41 41 41 41 41 41 42 43 43 43 43 44 45 46 47
28 27 27 26 28 28 27 26 27 29 29 29 29 30 28 27 27 27 27 27 26 26 26 25 25 25 24 24 25 25 24 24 24 24 24 24 24 25 26 26 26 26 26 26 27 29 29 29 29 29 30 30 31 31 31 31 32 32 32 32 34 34 34 34 34 35 35 35 37 36 36 36 37 37 38 38 38 38 38 38 39 40 40 41 41 41 41 42 42 43 43 43 43 44 44 44
27 27 27 27 27 26 25 27 27 28 29 29 29 29 29 27 27 27 27 27 26 26 26 24 24 24 24 25 25 24 24 24 24 24 24 24 24 24 25 25 25 25 26 26 27 28 28 28 29 29 29 29 30 30 30 30 31 31 31 33 33 33 34 34 34 34 34 35 35 35 36 36 36 36 38 38 38 38 38 38 38 38 39 39 40 41 41 42 42 43 43 43 43 43 44 44
28 27 27 26 25 28 28 27 26 28 28 29 29 29 29 28 27 27 27 26 26 26 26 25 24 24 24 24 23 24 24 24 24 24 24 24 24 24 25 25 25 25 26 26 27 28 28 28 28 28 28 28 29 29 29 30 30 30 31 31 32 32 32 33 34 33 34 34 34 35 34 34 36 37 37 37 38 38 38 38 38 38 38 39 39 39 39 41 41 42 43 43 43 43 44 44
36 30 27 27 29 28 28 28 28 28 28 29 29 29 28 27 27 28 27 26 26 26 25 25 25 24 24 24 23 23 23 23 24 24 24 24 24 24 24 25 25 25 26 26 27 27 27 27 27 27 27 28 28 28 28 29 29 30 31 31 31 31 32 32 33 33 33 33 33 33 33 33 35 35 36 36 36 36 37 38 38 38 38 38 38 39 40 40 40 41 41 43 43 43 44 44
37 29 27 27 28 27 31 27 28 28 29 29 29 28 28 27 27 27 27 26 26 26 26 26 25 24 24 24 23 23 23 23 23 23 23 23 24 24 24 24 25 26 26 26 27 27 27 27 27 27 27 27 27 27 27 28 28 29 30 30 31 31 31 32 32 33 33 33 33 33 33 33 35 35 35 35 35 36 36 37 37 38 38 38 38 38 40 40 40 40 40 42 42 43 43 44
38 30 27 27 28 30 32 29 28 28 28 29 29 28 28 27 27 28 27 26 26 26 27 27 25 25 24 24 23 23 23 23 23 22 22 22 22 22 22 23 25 25 25 25 26 26 26 26 27 27 27 27 27 27 27 27 28 28 28 28 29 30 31 30 32 32 32 32 32 32 33 33 34 34 35 35 35 35 35 36 37 37 37 38 37 37 38 39 39 40 40 40 41 42 42 43
33 30 28 29 28 27 29 29 30 28 28 28 29 28 28 28 28 28 26 26 26 27 27 27 25 25 25 24 23 23 23 23 22 22 22 22 22 22 22 23 23 23 24 25 26 26 26 26 26 26 26 26 26 26 27 27 28 28 28 28 28 28 29 29 30 31 31 31 31 31 32 34 33 34 34 35 35 35 35 35 35 35 36 36 36 37 38 38 39 39 39 39 39 41 41 43
32 30 28 28 28 28 28 28 28 28 28 30 30 29 29 29 29 28 27 27 27 27 27 26 25 25 25 24 23 23 23 22 22 22 22 22 22 22 22 22 23 22 23 23 24 24 25 25 25 25 26 26 26 26 26 27 28 28 28 28 28 28 28 28 29 30 29 30 31 31 32 32 33 33 33 34 35 34 34 34 34 34 34 35 36 37 37 38 38 39 39 39 39 40 41 42
34 29 28 27 27 29 28 32 29 28 28 30 30 29 29 29 29 28 27 28 27 27 27 26 25 25 25 25 23 23 22 22 22 22 22 22 21 22 22 22 22 22 22 23 24 24 24 24 24 25 25 25 25 25 26 27 27 27 27 28 28 28 28 28 28 29 29 29 29 31 32 32 32 33 33 32 32 32 34 34 34 34 34 34 34 37 37 37 37 38 39 39 39 39 40 40
33 27 27 27 27 30 27 29 27 27 28 29 29 28 28 28 29 29 28 28 27 27 27 26 25 25 25 25 24 23 22 22 22 22 22 21 21 22 22 22 22 22 22 22 24 24 24 24 24 24 24 24 25 25 26 26 26 26 26 26 27 28 28 27 27 28 29 29 29 29 31 31 32 33 32 32 32 32 33 33 33 33 34 34 35 35 36 37 37 38 39 39 39 39 39 40
29 30 26 28 27 28 27 27 30 28 28 29 29 28 28 28 28 29 28 28 26 26 27 26 24 25 25 25 24 23 22 22 22 22 22 22 22 22 22 22 22 22 22 22 23 24 24 24 24 24 24 24 24 25 25 26 26 26 26 26 26 27 27 27 27 27 27 29 29 30 30 31 31 31 31 32 32 32 32 32 33 33 33 34 35 35 35 36 36 37 38 38 39 39 39 40
30 31 32 28 27 26 27 32 31 29 28 29 30 28 28 28 29 29 28 28 26 26 26 25 24 23 24 25 24 24 22 22 22 22 22 22 22 22 22 22 22 22 22 22 23 24 23 23 23 23 23 23 23 24 24 25 25 25 26 26 26 26 26 27 27 27 27 27 29 28 29 29 30 30 30 31 32 32 32 32 32 32 32 34 35 35 35 35 36 36 36 37 37 39 39 39
33 30 31 26 26 26 32 34 28 29 28 28 30 30 29 29 29 29 28 28 28 26 26 25 24 23 23 24 23 23 22 21 22 22 22 22 22 22 22 22 22 22 22 22 23 23 23 23 23 23 23 23 24 24 24 24 25 25 25 25 25 26 26 26 27 27 27 27 27 28 28 28 29 30 30 30 30 31 31 32 32 32 32 33 35 35 35 35 35 36 36 36 36 37 39 39
37 29 26 26 28 26 31 33 28 30 28 28 29 31 30 29 29 29 28 28 28 26 26 25 24 23 23 23 23 23 22 21 21 22 21 21 21 22 22 22 22 22 22 22 20 20 22 23 23 23 23 24 24 24 24 24 24 24 25 25 25 25 25 26 26 27 27 27 27 27 28 28 28 28 29 29 30 30 31 31 31 32 32 33 33 35 35 35 35 35 35 36 36 36 36 38
32 27 28 25 31 27 31 32 29 29 29 29 31 31 30 30 30 30 28 28 28 27 26 25 24 24 23 23 22 23 22 21 22 22 21 21 21 21 21 21 21 22 22 21 20 21 22 23 23 23 23 24 24 24 24 24 24 24 24 25 25 25 25 25 25 25 27 26 27 27 27 28 28 28 28 29 29 30 30 31 30 30 31 33 33 33 35 35 35 35 35 35 36 35 35 36
29 36 28 26 29 28 31 30 27 29 30 29 31 30 30 30 30 30 29 28 28 27 26 26 25 24 23 23 23 22 22 22 22 21 21 21 21 21 21 21 21 21 21 21 21 22 22 21 23 23 23 23 23 23 23 23 23 24 24 25 25 25 25 25 25 25 24 26 26 27 27 27 27 28 28 28 29 29 30 30 30 30 30 32 32 33 33 35 35 35 35 34 34 35 35 35
32 37 29 28 27 28 28 31 28 27 29 28 31 31 31 30 30 30 30 28 28 28 27 26 25 24 23 23 22 22 23 23 22 21 21 21 21 21 21 21 21 21 20 20 20 21 20 20 20 23 23 23 23 23 23 23 23 23 23 23 23 23 24 25 25 24 24 26 26 26 26 27 27 27 28 28 29 29 30 30 30 30 30 31 32 32 32 33 33 32 32 33 34 34 35 35
34 35 35 27 27 27 28 33 32 30 29 29 30 31 32 30 31 31 31 29 28 28 27 26 25 24 24 23 23 23 23 23 22 21 21 21 21 21 21 21 21 20 20 20 21 19 19 20 20 22 22 22 23 23 23 23 23 23 23 23 23 23 24 23 23 24 24 25 26 26 26 26 26 26 27 28 28 29 28 29 29 30 30 31 31 32 32 32 31 32 33 33 34 34 34 35
37 36 31 29 27 27 28 29 31 29 29 30 30 30 32 31 31 31 30 29 28 28 27 26 25 24 24 23 23 23 23 23 22 21 21 21 21 21 21 21 21 20 20 21 20 20 19 20 21 21 22 22 22 22 22 22 23 23 22 22 22 22 22 22 23 23 24 25 25 26 26 26 26 26 26 26 28 28 28 28 28 29 29 29 30 30 30 30 31 31 31 32 34 34 34 34
31 34 31 31 26 28 28 32 30 31 30 28 30 30 31 31 31 31 30 29 28 28 27 26 26 24 24 24 24 23 23 23 22 21 21 21 21 21 21 21 21 21 21 20 20 20 20 20 21 21 21 22 22 22 21 21 21 21 22 22 22 22 22 22 23 23 24 24 24 25 26 26 26 26 26 26 26 26 28 28 28 28 28 29 30 30 30 31 31 31 31 31 31 33 34 34
32 30 26 27 27 26 29 34 29 28 28 30 29 29 29 29 30 29 29 29 28 28 27 27 26 25 25 24 24 23 23 23 22 21 22 21 21 21 21 21 21 21 21 20 20 20 20 21 20 20 20 22 22 21 21 21 21 21 21 21 21 21 22 22 23 23 24 24 24 25 25 26 26 26 26 26 26 26 26 26 26 28 28 29 29 30 30 30 31 31 31 31 31 31 33 34
31 26 29 28 28 26 27 32 27 28 35 32 29 29 30 29 29 28 29 29 27 27 26 26 25 25 24 24 23 22 23 23 22 21 22 22 22 21 21 21 21 21 20 20 20 20 21 21 21 20 20 20 21 21 21 21 21 21 21 21 21 21 21 21 21 24 24 24 24 24 25 26 26 26 26 26 26 26 26 26 26 27 27 29 29 28 29 29 29 30 30 30 30 30 30 31
33 31 35 28 29 26 28 27 28 31 34 29 28 28 29 29 28 28 28 29 27 27 26 26 26 25 24 23 22 22 22 22 21 20 20 21 21 22 21 21 21 21 20 20 20 20 21 21 21 21 21 21 21 21 21 21 21 21 21 21 21 21 21 21 21 22 23 23 24 24 24 25 25 26 26 26 25 25 25 26 26 26 28 28 28 28 28 28 29 29 29 30 30 30 30 30
30 38 28 27 27 26 29 30 28 33 30 30 27 29 29 30 28 28 28 28 28 27 27 27 26 25 25 23 22 22 22 21 21 20 20 20 21 21 21 21 21 20 20 20 20 21 21 21 21 21 21 21 21 21 21 21 21 21 21 21 21 21 21 21 21 22 22 23 23 23 23 24 24 24 24 24 24 25 25 26 26 26 27 27 27 27 27 28 28 28 29 29 29 30 30 30
33 33 27 26 27 28 27 30 29 33 29 32 29 29 29 28 28 28 28 28 28 27 27 26 26 25 25 23 23 22 22 21 21 20 20 20 21 21 21 21 21 20 20 19 20 20 20 20 21 21 21 21 21 21 21 21 21 21 21 21 21 21 21 21 22 22 22 22 23 23 23 23 23 24 24 24 24 25 25 26 26 26 26 26 26 26 27 27 27 28 28 28 28 28 28 30
30 25 25 31 30 27 28 30 32 32 30 31 28 28 29 28 28 28 28 28 27 28 27 26 26 25 25 24 22 22 22 21 21 20 20 20 20 21 21 21 21 21 20 21 21 20 20 20 20 20 20 20 20 21 21 21 21 21 21 21 21 21 21 21 22 22 22 22 22 23 23 23 23 23 22 22 24 25 25 25 26 26 26 26 26 26 26 26 27 27 27 28 28 28 28 28
28 25 26 36 29 27 29 29 29 29 29 28 27 28 29 29 28 28 28 28 28 27 27 26 26 25 24 24 22 22 21 21 20 20 20 20 20 21 21 21 21 21 21 21 21 21 21 20 20 20 20 20 20 20 20 20 20 21 21 21 21 21 21 21 22 22 22 22 22 22 22 23 23 23 22 22 22 23 24 25 25 26 26 26 26 26 26 26 26 26 27 27 27 28 28 28
30 24 33 37 26 26 27 27 28 28 28 28 27 27 28 28 28 28 28 28 28 27 26 26 25 25 24 24 23 22 21 21 20 20 20 20 20 20 21 21 20 20 21 21 21 21 21 21 20 20 20 20 20 20 20 20 20 20 20 20 21 21 21 21 22 22 22 22 22 22 22 23 23 22 22 22 22 23 23 23 24 24 25 26 26 26 26 26 26 26 26 26 27 27 28 28
24 27 37 33 26 26 26 27 28 29 30 27 27 27 27 27 28 28 29 28 28 27 25 25 25 25 24 23 23 22 21 20 20 20 20 20 20 20 20 21 20 20 21 21 21 21 21 21 21 21 20 20 20 20 20 20 20 20 20 20 20 20 20 21 22 22 22 22 22 22 22 22 23 22 22 22 22 22 22 23 23 23 23 24 25 25 26 26 26 26 26 26 26 26 27 27
24 33 34 29 25 25 26 27 29 29 27 27 27 27 27 28 28 29 28 28 27 27 25 24 25 24 24 23 23 22 21 20 20 20 20 20 20 20 20 20 21 21 21 21 21 21 21 21 21 21 21 20 20 20 20 20 20 20 20 20 20 20 20 21 21 21 21 22 22 22 22 22 22 22 22 22 22 22 22 22 23 23 23 23 23 25 25 25 26 26 26 26 26 26 26 27
27 35 36 26 25 25 26 27 29 27 26 27 27 28 28 29 29 29 27 27 27 27 25 24 24 24 23 23 23 22 22 20 20 20 20 20 20 20 19 19 21 21 21 21 21 21 21 21 21 21 20 20 20 20 20 20 20 20 20 20 20 20 20 21 21 21 21 21 21 21 22 22 21 21 21 22 22 22 22 22 22 21 22 23 23 23 24 25 25 25 25 25 25 25 25 25
29 36 30 26 25 25 25 26 26 26 27 25 26 27 27 27 28 28 26 26 26 26 23 23 23 22 22 22 22 21 20 20 19 19 19 19 19 20 20 20 21 21 21 21 21 21 21 21 21 21 20 20 20 20 20 20 20 20 20 20 20 20 20 21 21 21 21 21 21 21 21 21 20 21 21 21 21 22 22 22 22 21 21 22 23 23 23 24 24 25 25 25 25 25 25 25
31 31 32 25 23 23 24 23 23 27 24 24 26 26 27 27 28 26 26 26 26 24 23 23 23 21 21 22 21 20 20 20 20 20 20 20 18 18 18 19 20 20 20 20 20 20 21 21 21 20 20 20 20 20 20 20 20 20 20 20 20 20 20 21 21 20 20 20 20 20 20 19 20 20 20 21 21 21 22 22 22 22 22 22 23 23 23 23 24 24 24 25 25 25 25 25
32 32 30 24 23 23 23 23 24 24 24 25 26 26 27 27 26 26 26 26 24 24 23 23 22 21 21 22 20 20 20 20 20 20 19 18 18 18 19 19 19 19 19 20 20 20 20 20 19 19 19 19 20 20 20 20 20 20 20 20 20 19 19 20 20 20 20 20 20 20 20 19 19 19 19 20 20 20 21 21 22 22 22 22 22 23 23 23 23 23 23 24 25 25 25 25
32 31 25 23 23 23 24 23 23 23 24 24 26 26 27 26 26 26 26 26 24 23 23 23 21 21 21 20 20 20 20 20 20 19 18 18 18 18 19 19 19 19 19 19 19 20 20 20 19 19 19 19 19 19 19 19 19 20 20 19 19 19 20 20 20 20 20 20 20 20 19 19 19 19 19 19 19 19 20 20 21 22 22 22 21 22 23 23 23 23 23 23 23 24 25 25
32 25 23 21 23 24 22 24 24 24 24 24 25 25 25 26 26 26 25 24 24 23 23 21 21 21 21 19 20 20 20 20 19 19 18 18 18 19 19 19 19 19 19 19 19 19 20 19 19 19 19 19 19 19 19 19 19 19 19 18 18 19 20 20 20 20 20 20 20 20 19 19 19 19 19 19 19 19 20 20 20 20 21 22 22 22 23 23 23 23 23 23 23 23 23 24
