Artocarpus hirsutus SDM files/Last interglacial/Environmental layers/bio2.asc
ncols  625
nrows  721
xllcorner  69.99986311115
yllcorner  5.99986151914999
cellsize 0.041666667
NODATA_value  -9999
[rows 410 to 450 of 721, columns 276 to 367 of 625]
99 99 99 99 99 99 99 99 99 99 99 99 99 99 99 99 99 99 99 99 99 100 100 100 100 100 100 100 100 100 100 101 101 101 101 101 101 100 101 100 100 100 100 100 99 99 99 99 98 98 97 96 96 95 94 93 92 91 90 88 87 85 83 81 79 77 75 73 71 69 67 65 63 60 58 56 55 -9999 -9999 -9999 -9999 -9999 -9999 -9999 -9999 -9999 -9999 -9999 -9999 -9999 -9999 -9999
99 99 99 99 99 99 99 99 99 99 99 99 99 99 99 99 99 99 99 99 99 99 99 99 99 100 100 100 100 100 100 100 100 100 100 100 100 100 100 100 100 100 100 99 99 98 98 98 97 97 96 95 95 94 93 92 91 90 88 87 85 84 82 80 78 76 74 72 70 67 65 63 61 58 56 56 -9999 -9999 -9999 -9999 -9999 -9999 -9999 -9999 -9999 -9999 -9999 -9999 -9999 -9999 -9999 -9999
99 98 99 99 99 99 99 99 99 99 99 99 99 99 99 99 99 99 99 99 99 99 99 99 99 100 100 100 100 100 100 100 100 100 100 100 99 100 99 100 100 99 99 99 98 98 97 97 96 96 95 95 94 93 92 91 89 88 87 85 84 82 80 78 76 74 72 70 68 65 63 61 58 56 55 -9999 -9999 -9999 -9999 -9999 -9999 -9999 -9999 -9999 -9999 -9999 -9999 -9999 -9999 -9999 -9999 -9999
99 99 99 99 99 98 99 99 99 99 99 98 99 98 99 99 99 99 99 99 99 99 99 99 99 99 99 99 99 100 100 100 99 99 100 99 99 99 99 99 99 99 98 98 98 97 97 96 95 95 94 94 92 92 90 89 88 87 85 84 82 80 78 77 75 72 70 68 66 63 61 59 57 55 -9999 -9999 -9999 -9999 -9999 -9999 -9999 -9999 -9999 -9999 -9999 -9999 -9999 -9999 -9999 -9999 -9999 -9999
98 99 99 99 98 98 98 99 99 99 99 98 99 98 98 98 99 98 99 98 99 98 99 99 99 99 99 99 99 99 99 99 99 99 99 99 98 99 99 98 98 98 97 97 96 96 95 95 94 94 93 92 91 90 89 88 86 85 84 82 80 79 77 75 73 70 68 66 64 62 59 57 55 54 -9999 -9999 -9999 -9999 -9999 -9999 -9999 -9999 -9999 -9999 -9999 -9999 -9999 -9999 -9999 -9999 -9999 -9999
98 98 98 98 98 98 98 99 98 98 98 98 98 98 98 98 98 98 98 98 98 98 99 99 99 99 98 99 98 99 99 99 99 99 99 98 98 98 98 98 97 97 97 97 96 95 94 94 93 93 92 90 90 89 88 86 85 83 82 80 78 77 75 73 70 68 66 64 62 60 57 55 55 -9999 -9999 -9999 -9999 -9999 -9999 -9999 -9999 -9999 -9999 -9999 -9999 -9999 -9999 -9999 -9999 -9999 -9999 -9999
98 98 99 98 98 98 98 98 98 98 98 98 98 98 98 98 98 98 98 98 98 98 99 98 98 98 98 98 98 98 98 98 98 98 98 98 98 97 97 97 97 96 96 95 95 94 93 93 92 91 90 89 88 87 86 84 83 81 80 78 77 75 73 71 69 66 64 62 60 58 56 55 -9999 -9999 -9999 -9999 -9999 -9999 -9999 -9999 -9999 -9999 -9999 -9999 -9999 -9999 -9999 -9999 -9999 -9999 -9999 -9999
98 98 98 98 98 98 98 98 98 98 98 98 98 98 98 98 98 98 98 98 98 98 98 98 98 98 98 98 98 98 98 98 98 98 97 97 97 97 97 96 96 95 95 94 94 93 92 91 91 90 89 88 86 85 84 82 81 80 78 76 74 73 71 69 66 64 62 60 58 56 54 -9999 -9999 -9999 -9999 -9999 -9999 -9999 -9999 -9999 -9999 -9999 -9999 -9999 -9999 -9999 -9999 -9999 -9999 -9999 -9999 -9999
98 98 98 98 98 98 98 98 98 98 98 98 98 98 98 98 98 98 98 98 98 98 98 98 97 98 98 97 98 97 97 97 97 97 97 96 96 96 95 95 95 94 94 93 92 91 91 90 89 88 87 86 85 83 82 81 79 77 76 74 73 70 68 66 64 62 60 58 56 54 -9999 -9999 -9999 -9999 -9999 -9999 -9999 -9999 -9999 -9999 -9999 -9999 -9999 -9999 -9999 -9999 -9999 -9999 -9999 -9999 -9999 -9999
98 98 98 98 98 98 98 98 98 98 98 98 98 97 98 97 98 98 97 97 97 97 97 97 97 97 97 97 97 97 97 96 97 96 96 96 96 95 95 94 94 93 92 92 91 90 89 89 87 87 85 84 83 81 80 79 77 75 74 72 71 68 66 64 62 60 58 56 54 -9999 -9999 -9999 -9999 -9999 -9999 -9999 -9999 -9999 -9999 -9999 -9999 -9999 -9999 -9999 -9999 -9999 -9999 -9999 -9999 -9999 -9999 -9999
98 98 98 98 98 98 98 98 98 98 97 97 97 97 97 97 97 97 97 97 97 97 97 97 97 97 97 96 96 96 96 96 96 95 95 95 95 94 94 93 92 92 91 90 90 89 88 87 86 85 83 82 81 80 78 77 75 73 72 70 68 66 64 62 60 58 56 54 53 -9999 -9999 -9999 -9999 -9999 -9999 -9999 -9999 -9999 -9999 -9999 -9999 -9999 -9999 -9999 -9999 -9999 -9999 -9999 -9999 -9999 -9999 -9999
98 98 98 97 98 97 97 98 97 97 97 97 97 97 97 97 97 97 97 97 97 96 97 97 96 96 96 96 96 96 95 95 95 95 94 94 94 93 93 92 91 91 90 89 88 87 87 85 84 83 82 80 79 77 76 74 73 71 69 67 66 63 62 60 58 56 54 53 -9999 -9999 -9999 -9999 -9999 -9999 -9999 -9999 -9999 -9999 -9999 -9999 -9999 -9999 -9999 -9999 -9999 -9999 -9999 -9999 -9999 -9999 -9999 -9999
98 98 97 98 98 97 97 97 97 97 97 97 97 97 97 96 96 96 96 96 96 96 96 96 96 96 95 95 95 95 95 94 94 94 93 93 92 92 91 91 90 89 89 88 87 86 85 84 82 81 80 78 77 75 74 72 70 69 67 65 63 61 59 57 56 54 52 -9999 -9999 -9999 -9999 -9999 -9999 -9999 -9999 -9999 -9999 -9999 -9999 -9999 -9999 -9999 -9999 -9999 -9999 -9999 -9999 -9999 -9999 -9999 -9999 -9999
98 97 97 97 97 97 97 97 97 97 97 97 97 96 96 96 96 96 96 96 96 96 96 95 95 95 95 95 95 94 94 94 93 93 92 92 91 91 90 90 89 88 87 86 85 84 83 82 80 79 78 76 75 73 72 70 68 66 65 63 61 59 57 55 54 -9999 -9999 -9999 -9999 -9999 -9999 -9999 -9999 -9999 -9999 -9999 -9999 -9999 -9999 -9999 -9999 -9999 -9999 -9999 -9999 -9999 -9999 -9999 -9999 -9999 -9999 -9999
97 98 97 97 97 97 97 97 97 96 96 96 96 96 96 96 96 96 95 95 95 95 95 95 94 94 94 94 94 93 93 93 92 92 92 91 90 90 89 88 88 87 86 85 83 82 81 80 79 77 76 74 72 71 69 67 66 64 62 60 58 57 55 54 -9999 -9999 -9999 -9999 -9999 -9999 -9999 -9999 -9999 -9999 -9999 -9999 -9999 -9999 -9999 -9999 -9999 -9999 -9999 -9999 -9999 -9999 -9999 -9999 -9999 -9999 -9999 -9999
97 98 97 97 97 97 97 97 96 96 96 96 96 96 96 96 95 95 95 95 94 94 94 94 94 94 93 93 93 93 92 92 91 91 90 90 89 88 88 87 86 85 84 83 82 80 79 78 77 75 74 72 70 69 67 65 63 62 60 58 56 55 52 51 -9999 -9999 -9999 -9999 -9999 -9999 -9999 -9999 -9999 -9999 -9999 -9999 -9999 -9999 -9999 -9999 -9999 -9999 -9999 -9999 -9999 -9999 -9999 -9999 -9999 -9999 -9999 -9999
97 97 97 97 96 97 97 96 96 96 96 96 96 95 95 95 95 95 94 94 94 94 93 93 93 93 93 92 92 92 91 91 90 89 89 88 88 87 87 86 85 84 83 82 80 79 78 76 75 73 71 70 68 66 65 63 61 59 58 56 54 52 51 -9999 -9999 -9999 -9999 -9999 -9999 -9999 -9999 -9999 -9999 -9999 -9999 -9999 -9999 -9999 -9999 -9999 -9999 -9999 -9999 -9999 -9999 -9999 -9999 -9999 -9999 -9999 -9999 -9999
97 97 97 97 97 96 96 96 96 96 95 96 95 95 95 95 95 94 94 94 93 93 92 92 92 92 91 91 91 91 90 89 89 88 88 87 87 86 85 84 83 82 81 80 79 77 75 74 73 71 69 68 66 64 62 61 59 57 55 54 53 -9999 -9999 -9999 -9999 -9999 -9999 -9999 -9999 -9999 -9999 -9999 -9999 -9999 -9999 -9999 -9999 -9999 -9999 -9999 -9999 -9999 -9999 -9999 -9999 -9999 -9999 -9999 -9999 -9999 -9999 -9999
97 97 97 97 97 96 96 96 95 95 95 95 95 94 94 94 94 93 93 93 92 92 92 92 91 91 90 90 90 89 89 88 87 87 86 86 85 84 84 82 81 80 79 78 77 75 73 72 71 69 67 65 63 62 60 58 56 55 54 -9999 -9999 -9999 -9999 -9999 -9999 -9999 -9999 -9999 -9999 -9999 -9999 -9999 -9999 -9999 -9999 -9999 -9999 -9999 -9999 -9999 -9999 -9999 -9999 -9999 -9999 -9999 -9999 -9999 -9999 -9999 -9999 -9999
97 97 96 97 96 96 95 96 95 95 95 95 94 94 94 93 93 93 92 92 92 91 91 91 90 90 89 89 88 88 87 87 86 86 85 84 84 83 82 81 79 79 77 76 74 73 72 70 68 66 65 63 61 60 58 57 55 -9999 -9999 -9999 -9999 -9999 -9999 -9999 -9999 -9999 -9999 -9999 -9999 -9999 -9999 -9999 -9999 -9999 -9999 -9999 -9999 -9999 -9999 -9999 -9999 -9999 -9999 -9999 -9999 -9999 -9999 -9999 -9999 -9999 -9999 -9999
97 97 96 96 96 95 95 95 95 95 94 94 94 93 93 93 92 92 91 91 91 90 90 89 89 88 88 87 87 87 86 85 85 84 84 83 82 81 80 79 78 76 75 74 73 71 69 68 66 65 63 61 59 58 57 -9999 -9999 -9999 -9999 -9999 -9999 -9999 -9999 -9999 -9999 -9999 -9999 -9999 -9999 -9999 -9999 -9999 -9999 -9999 -9999 -9999 -9999 -9999 -9999 -9999 -9999 -9999 -9999 -9999 -9999 -9999 -9999 -9999 -9999 -9999 -9999 -9999
97 96 96 96 96 95 95 95 95 94 94 93 93 93 93 92 91 91 91 90 90 90 89 88 88 88 87 86 86 85 85 84 84 83 82 81 80 79 78 77 76 75 73 72 71 69 67 66 65 63 61 59 58 -9999 -9999 -9999 -9999 -9999 -9999 -9999 -9999 -9999 -9999 -9999 -9999 -9999 -9999 -9999 -9999 -9999 -9999 -9999 -9999 -9999 -9999 -9999 -9999 -9999 -9999 -9999 -9999 -9999 -9999 -9999 -9999 -9999 -9999 -9999 -9999 -9999 -9999 -9999
97 96 96 96 95 95 95 95 94 94 93 93 93 92 92 91 91 90 90 89 89 88 88 87 87 86 85 85 84 84 83 82 82 81 80 79 78 77 77 76 74 73 72 70 69 67 65 64 62 60 59 57 -9999 -9999 -9999 -9999 -9999 -9999 -9999 -9999 -9999 -9999 -9999 -9999 -9999 -9999 -9999 -9999 -9999 -9999 -9999 -9999 -9999 -9999 -9999 -9999 -9999 -9999 -9999 -9999 -9999 -9999 -9999 -9999 -9999 -9999 -9999 -9999 -9999 -9999 -9999 -9999
96 96 96 95 95 95 95 94 94 93 93 93 92 91 91 90 90 89 89 89 88 87 86 86 85 85 84 83 83 82 81 81 80 79 78 77 77 76 75 73 72 71 69 68 67 65 63 62 60 59 -9999 -9999 -9999 -9999 -9999 -9999 -9999 -9999 -9999 -9999 -9999 -9999 -9999 -9999 -9999 -9999 -9999 -9999 -9999 -9999 -9999 -9999 -9999 -9999 -9999 -9999 -9999 -9999 -9999 -9999 -9999 -9999 -9999 -9999 -9999 -9999 -9999 -9999 -9999 -9999 -9999 -9999
96 96 96 95 95 95 94 94 93 93 92 92 92 91 90 89 89 88 87 87 86 86 85 84 84 83 82 81 81 80 80 79 78 77 76 76 75 74 72 71 70 69 67 66 64 63 61 59 58 57 -9999 -9999 -9999 -9999 -9999 -9999 -9999 -9999 -9999 -9999 -9999 -9999 -9999 -9999 -9999 -9999 -9999 -9999 -9999 -9999 -9999 -9999 -9999 -9999 -9999 -9999 -9999 -9999 -9999 -9999 -9999 -9999 -9999 -9999 -9999 -9999 -9999 -9999 -9999 -9999 -9999 -9999
96 96 95 95 95 94 94 94 93 92 92 91 90 90 89 89 88 87 86 86 85 84 84 83 82 81 81 80 79 79 78 77 76 75 75 74 73 72 70 69 68 66 65 64 62 61 59 59 -9999 -9999 -9999 -9999 -9999 -9999 -9999 -9999 -9999 -9999 -9999 -9999 -9999 -9999 -9999 -9999 -9999 -9999 -9999 -9999 -9999 -9999 -9999 -9999 -9999 -9999 -9999 -9999 -9999 -9999 -9999 -9999 -9999 -9999 -9999 -9999 -9999 -9999 -9999 -9999 -9999 -9999 -9999 -9999
96 96 95 95 94 94 93 93 92 92 91 90 89 89 88 88 87 86 85 85 84 83 82 81 81 80 79 78 78 77 76 75 74 73 72 71 70 69 68 67 65 64 63 62 60 58 58 -9999 -9999 -9999 -9999 -9999 -9999 -9999 -9999 -9999 -9999 -9999 -9999 -9999 -9999 -9999 -9999 -9999 -9999 -9999 -9999 -9999 -9999 -9999 -9999 -9999 -9999 -9999 -9999 -9999 -9999 -9999 -9999 -9999 -9999 -9999 -9999 -9999 -9999 -9999 -9999 -9999 -9999 -9999 -9999 -9999
96 96 95 94 94 93 93 92 92 91 90 90 89 88 87 87 86 85 84 83 82 81 81 80 79 78 77 76 75 75 74 73 72 71 70 69 68 67 66 64 63 62 61 59 58 56 -9999 -9999 -9999 -9999 -9999 -9999 -9999 -9999 -9999 -9999 -9999 -9999 -9999 -9999 -9999 -9999 -9999 -9999 -9999 -9999 -9999 -9999 -9999 -9999 -9999 -9999 -9999 -9999 -9999 -9999 -9999 -9999 -9999 -9999 -9999 -9999 -9999 -9999 -9999 -9999 -9999 -9999 -9999 -9999 -9999 -9999
95 95 95 94 94 93 92 92 92 91 90 89 88 87 87 85 85 84 83 82 81 80 79 78 77 76 75 74 74 73 72 71 70 68 68 67 66 65 64 62 61 60 59 57 56 55 -9999 -9999 -9999 -9999 -9999 -9999 -9999 -9999 -9999 -9999 -9999 -9999 -9999 -9999 -9999 -9999 -9999 -9999 -9999 -9999 -9999 -9999 -9999 -9999 -9999 -9999 -9999 -9999 -9999 -9999 -9999 -9999 -9999 -9999 -9999 -9999 -9999 -9999 -9999 -9999 -9999 -9999 -9999 -9999 -9999 -9999
95 95 94 94 93 93 92 91 91 90 89 88 87 86 85 84 83 82 81 80 79 78 77 76 75 74 74 72 71 71 69 68 67 67 65 65 64 63 61 60 59 58 56 55 54 -9999 -9999 -9999 -9999 -9999 -9999 -9999 -9999 -9999 -9999 -9999 -9999 -9999 -9999 -9999 -9999 -9999 -9999 -9999 -9999 -9999 -9999 -9999 -9999 -9999 -9999 -9999 -9999 -9999 -9999 -9999 -9999 -9999 -9999 -9999 -9999 -9999 -9999 -9999 -9999 -9999 -9999 -9999 -9999 -9999 -9999 -9999
95 94 94 94 93 93 92 91 90 89 88 87 86 85 84 83 82 81 80 79 78 77 75 74 73 73 72 71 69 68 68 66 65 64 63 62 61 60 59 58 57 55 54 53 -9999 -9999 -9999 -9999 -9999 -9999 -9999 -9999 -9999 -9999 -9999 -9999 -9999 -9999 -9999 -9999 -9999 -9999 -9999 -9999 -9999 -9999 -9999 -9999 -9999 -9999 -9999 -9999 -9999 -9999 -9999 -9999 -9999 -9999 -9999 -9999 -9999 -9999 -9999 -9999 -9999 -9999 -9999 -9999 -9999 -9999 -9999 -9999
95 94 94 94 93 92 91 90 89 88 87 86 85 84 83 82 81 80 78 77 76 75 74 73 72 71 70 68 67 66 65 64 63 62 61 60 59 58 57 56 54 53 52 -9999 -9999 -9999 -9999 -9999 -9999 -9999 -9999 -9999 -9999 -9999 -9999 -9999 -9999 -9999 -9999 -9999 -9999 -9999 -9999 -9999 -9999 -9999 -9999 -9999 -9999 -9999 -9999 -9999 -9999 -9999 -9999 -9999 -9999 -9999 -9999 -9999 -9999 -9999 -9999 -9999 -9999 -9999 -9999 -9999 -9999 -9999 -9999 -9999
94 94 94 93 92 92 91 89 88 88 87 85 84 83 82 81 80 78 77 76 74 73 72 71 70 69 67 66 65 64 63 62 61 60 59 58 57 56 55 53 52 51 -9999 -9999 -9999 -9999 -9999 -9999 -9999 -9999 -9999 -9999 -9999 -9999 -9999 -9999 -9999 -9999 -9999 -9999 -9999 -9999 -9999 -9999 -9999 -9999 -9999 -9999 -9999 -9999 -9999 -9999 -9999 -9999 -9999 -9999 -9999 -9999 -9999 -9999 -9999 -9999 -9999 -9999 -9999 -9999 -9999 -9999 -9999 -9999 -9999 -9999
94 94 93 93 92 91 90 89 88 87 86 84 83 82 81 79 78 77 76 74 73 71 70 69 68 67 65 64 63 62 61 60 58 58 57 55 54 54 52 51 51 -9999 -9999 -9999 -9999 -9999 -9999 -9999 -9999 -9999 -9999 -9999 -9999 -9999 -9999 -9999 -9999 -9999 -9999 -9999 -9999 -9999 -9999 -9999 -9999 -9999 -9999 -9999 -9999 -9999 -9999 -9999 -9999 -9999 -9999 -9999 -9999 -9999 -9999 -9999 -9999 -9999 -9999 -9999 -9999 -9999 -9999 -9999 -9999 -9999 -9999 -9999
94 94 93 92 92 90 89 88 87 86 85 83 82 81 80 78 77 75 74 72 71 69 68 67 66 64 63 62 61 60 59 57 56 56 54 53 52 52 51 -9999 -9999 -9999 -9999 -9999 -9999 -9999 -9999 -9999 -9999 -9999 -9999 -9999 -9999 -9999 -9999 -9999 -9999 -9999 -9999 -9999 -9999 -9999 -9999 -9999 -9999 -9999 -9999 -9999 -9999 -9999 -9999 -9999 -9999 -9999 -9999 -9999 -9999 -9999 -9999 -9999 -9999 -9999 -9999 -9999 -9999 -9999 -9999 -9999 -9999 -9999 -9999 -9999
94 93 93 92 91 90 89 88 86 85 84 83 81 80 79 77 75 74 72 71 69 68 66 65 64 62 61 60 59 58 56 55 54 53 52 51 51 -9999 -9999 -9999 -9999 -9999 -9999 -9999 -9999 -9999 -9999 -9999 -9999 -9999 -9999 -9999 -9999 -9999 -9999 -9999 -9999 -9999 -9999 -9999 -9999 -9999 -9999 -9999 -9999 -9999 -9999 -9999 -9999 -9999 -9999 -9999 -9999 -9999 -9999 -9999 -9999 -9999 -9999 -9999 -9999 -9999 -9999 -9999 -9999 -9999 -9999 -9999 -9999 -9999 -9999 -9999
93 93 92 91 90 89 88 87 86 84 83 82 80 79 77 76 74 73 71 69 68 66 65 63 62 61 59 58 57 55 54 53 52 51 50 50 -9999 -9999 -9999 -9999 -9999 -9999 -9999 -9999 -9999 -9999 -9999 -9999 -9999 -9999 -9999 -9999 -9999 -9999 -9999 -9999 -9999 -9999 -9999 -9999 -9999 -9999 -9999 -9999 -9999 -9999 -9999 -9999 -9999 -9999 -9999 -9999 -9999 -9999 -9999 -9999 -9999 -9999 -9999 -9999 -9999 -9999 -9999 -9999 -9999 -9999 -9999 -9999 -9999 -9999 -9999 -9999
93 92 91 91 90 89 88 86 85 84 82 81 79 78 76 74 73 71 69 68 66 64 63 62 60 59 57 56 55 53 52 51 50 -9999 -9999 -9999 -9999 -9999 -9999 -9999 -9999 -9999 -9999 -9999 -9999 -9999 -9999 -9999 -9999 -9999 -9999 -9999 -9999 -9999 -9999 -9999 -9999 -9999 -9999 -9999 -9999 -9999 -9999 -9999 -9999 -9999 -9999 -9999 -9999 -9999 -9999 -9999 -9999 -9999 -9999 -9999 -9999 -9999 -9999 -9999 -9999 -9999 -9999 -9999 -9999 -9999 -9999 -9999 -9999 -9999 -9999 -9999
92 92 91 90 89 88 87 86 84 83 82 80 78 77 75 73 72 70 68 67 65 63 61 60 58 56 55 54 53 52 51 -9999 -9999 -9999 -9999 -9999 -9999 -9999 -9999 -9999 -9999 -9999 -9999 -9999 -9999 -9999 -9999 -9999 -9999 -9999 -9999 -9999 -9999 -9999 -9999 -9999 -9999 -9999 -9999 -9999 -9999 -9999 -9999 -9999 -9999 -9999 -9999 -9999 -9999 -9999 -9999 -9999 -9999 -9999 -9999 -9999 -9999 -9999 -9999 -9999 -9999 -9999 -9999 -9999 -9999 -9999 -9999 -9999 -9999 -9999 -9999 -9999
92 91 91 90 89 87 86 84 83 82 81 79 77 75 74 72 70 68 66 65 63 61 60 58 57 55 54 52 52 -9999 -9999 -9999 -9999 -9999 -9999 -9999 -9999 -9999 -9999 -9999 -9999 -9999 -9999 -9999 -9999 -9999 -9999 -9999 -9999 -9999 -9999 -9999 -9999 -9999 -9999 -9999 -9999 -9999 -9999 -9999 -9999 -9999 -9999 -9999 -9999 -9999 -9999 -9999 -9999 -9999 -9999 -9999 -9999 -9999 -9999 -9999 -9999 -9999 -9999 -9999 -9999 -9999 -9999 -9999 -9999 -9999 -9999 -9999 -9999 -9999 -9999 -9999
91 91 90 89 88 87 85 84 83 81 80 78 76 74 72 71 69 67 65 63 61 60 58 57 55 53 53 -9999 -9999 -9999 -9999 -9999 -9999 -9999 -9999 -9999 -9999 -9999 -9999 -9999 -9999 -9999 -9999 -9999 -9999 -9999 -9999 -9999 -9999 -9999 -9999 -9999 -9999 -9999 -9999 -9999 -9999 -9999 -9999 -9999 -9999 -9999 -9999 -9999 -9999 -9999 -9999 -9999 -9999 -9999 -9999 -9999 -9999 -9999 -9999 -9999 -9999 -9999 -9999 -9999 -9999 -9999 -9999 -9999 -9999 -9999 -9999 -9999 -9999 -9999 -9999 -9999
