Artocarpus hirsutus SDM files/Last interglacial/Environmental layers/bio2.asc
ncols  625
nrows  721
xllcorner  69.99986311115
yllcorner  5.99986151914999
cellsize 0.041666667
NODATA_value  -9999
[rows 328 to 368 of 721, columns 368 to 459 of 625]
115 115 115 115 114 114 114 114 114 113 113 113 112 112 112 111 111 111 111 110 110 110 110 110 109 109 109 109 108 108 107 107 107 107 106 106 106 105 105 105 105 104 104 104 104 103 103 103 103 102 102 102 102 101 101 101 100 99 99 98 98 97 97 96 95 95 94 94 93 93 92 92 91 91 91 90 90 90 91 90 90 91 91 91 92 92 92 92 92 92 93 93
115 114 114 114 114 114 114 114 113 113 113 113 112 112 112 111 111 111 110 110 110 110 109 109 109 108 108 108 107 107 107 107 106 106 105 105 105 105 104 104 104 104 103 103 103 103 102 102 102 102 101 101 101 101 100 100 99 98 98 97 97 96 95 95 94 93 92 92 91 91 90 90 89 89 89 89 89 89 89 89 89 89 89 90 90 90 90 91 91 91 91 91
114 114 114 114 114 114 113 113 113 113 113 112 112 112 111 111 111 110 110 110 109 109 109 108 108 108 107 107 107 107 106 106 106 105 105 104 104 104 104 104 103 103 103 102 102 102 102 101 101 101 100 100 100 99 99 98 98 97 97 96 95 95 94 93 92 92 91 90 90 89 89 88 87 87 87 86 86 86 86 87 87 87 87 88 88 88 89 89 90 90 90 90
114 114 114 114 113 113 113 113 113 112 112 111 111 111 111 111 110 110 110 109 109 109 108 108 108 107 107 107 106 106 106 105 105 105 104 104 103 103 103 103 102 102 102 102 101 101 101 100 101 100 100 99 99 98 98 97 97 96 96 95 94 93 92 92 91 90 89 88 88 87 86 86 85 85 84 84 84 84 84 84 85 85 85 86 86 87 87 87 88 88 88 88
114 114 114 113 113 113 113 112 112 112 112 111 111 110 110 110 110 110 109 109 108 108 108 108 107 107 106 106 106 105 105 105 104 104 104 103 103 102 102 102 102 101 101 100 100 100 100 100 99 99 98 98 98 97 97 96 96 95 94 93 93 92 91 90 89 88 87 87 86 85 84 83 83 82 82 82 82 82 82 82 83 83 83 84 85 85 85 86 86 86 86 87
114 113 113 113 113 113 113 112 112 111 111 111 111 110 110 110 109 109 109 108 108 108 107 107 107 106 106 105 105 105 104 104 103 103 102 102 102 102 101 101 101 100 100 100 99 99 99 99 98 98 97 97 96 96 96 95 94 93 93 92 91 90 89 88 87 86 85 84 83 83 82 81 81 80 80 80 80 80 80 80 81 81 82 82 82 83 84 84 84 85 85 85
113 113 113 113 113 112 112 112 112 111 111 111 110 110 110 110 109 109 108 108 107 107 107 107 106 106 105 105 104 104 104 103 102 102 102 101 101 100 100 100 100 99 99 99 98 98 98 97 97 96 96 96 95 95 94 93 93 92 91 90 89 88 87 86 85 84 83 82 82 80 80 79 79 78 78 77 77 77 78 78 78 79 79 80 80 81 81 82 82 83 83 83
113 113 113 113 112 112 112 111 111 111 111 110 110 110 110 109 109 108 108 107 107 107 107 106 105 105 104 104 104 103 103 102 102 101 101 101 100 100 99 99 98 98 98 97 97 97 96 96 96 95 95 94 93 93 92 92 91 91 90 88 87 86 85 84 83 82 81 80 80 78 77 77 76 75 75 75 75 75 75 76 76 76 77 77 78 79 79 80 80 81 81 82
113 112 112 112 112 112 111 111 111 110 110 110 110 110 109 109 108 108 107 107 107 106 106 106 105 104 104 103 103 102 102 102 101 101 100 99 99 98 98 98 97 97 96 96 96 95 95 95 94 94 93 93 92 91 91 91 90 89 88 87 86 84 83 82 81 80 79 78 76 76 75 74 74 73 73 72 72 72 73 73 73 74 75 75 76 77 77 78 78 79 80 80
112 112 112 112 111 111 111 111 110 110 110 110 109 109 109 108 108 107 107 107 106 106 105 105 104 104 103 102 102 101 101 101 100 99 99 98 98 98 97 97 96 96 95 95 94 94 94 93 93 92 91 91 91 90 89 89 88 87 86 85 84 82 81 80 79 78 77 75 74 74 73 72 71 71 70 70 70 70 70 70 71 72 72 73 73 74 75 76 76 77 77 78
112 112 112 111 111 111 111 110 110 110 109 109 109 109 108 108 107 107 107 106 106 105 105 104 103 103 102 102 101 101 100 100 99 98 98 97 97 96 96 95 95 94 94 93 93 93 92 91 91 90 90 89 89 88 87 87 86 85 84 83 82 80 79 78 77 -9999 75 73 72 71 70 69 69 68 67 67 67 68 68 69 70 69 70 71 71 72 73 74 74 75 75 76
112 112 111 111 111 110 110 110 110 109 109 109 108 108 108 107 107 107 106 106 105 105 104 103 103 102 102 101 100 100 99 98 98 97 96 96 95 95 94 94 93 92 92 92 91 91 90 90 89 89 89 88 87 86 86 85 84 83 82 81 80 78 77 76 76 74 72 71 70 69 68 67 66 65 65 65 65 65 65 65 -9999 67 67 68 69 70 71 72 72 73 73 74
112 111 111 111 111 110 110 110 110 109 109 108 108 108 107 107 107 106 105 105 104 104 103 103 102 101 101 100 99 99 98 97 96 96 95 95 94 93 93 92 91 91 90 90 89 89 89 88 88 87 86 86 85 84 84 83 82 81 80 78 77 76 75 74 -9999 71 69 68 67 66 65 64 64 63 63 62 63 62 63 63 64 65 65 66 67 67 68 69 70 71 71 71
111 111 111 111 110 110 110 109 109 109 109 108 108 107 107 106 106 105 105 104 104 103 102 102 101 101 100 99 98 98 97 96 95 95 94 93 93 92 91 90 90 89 89 88 87 87 87 86 85 85 84 84 83 82 82 81 80 79 78 76 75 74 73 72 -9999 -9999 67 66 65 64 63 62 61 61 60 60 60 60 61 61 62 62 63 63 64 65 66 67 68 68 69 69
111 111 111 110 110 110 109 109 109 108 108 108 107 107 107 106 105 105 105 104 103 103 102 101 100 100 99 98 97 97 96 95 94 93 92 91 91 90 89 89 88 87 87 86 86 85 85 84 84 83 82 81 81 80 79 78 77 77 76 74 73 73 -9999 -9999 -9999 65 65 64 63 61 60 59 59 58 57 58 57 57 58 58 59 60 60 61 62 63 64 64 65 66 66 66
111 111 111 110 110 110 109 109 108 108 108 107 107 106 106 105 105 104 104 103 103 102 101 100 99 99 98 97 96 95 94 93 93 92 91 90 89 88 88 87 86 86 85 84 83 83 82 82 81 81 80 79 78 78 77 76 75 74 73 72 71 -9999 -9999 -9999 -9999 63 63 61 60 59 58 57 56 56 55 -9999 55 55 56 56 57 57 58 59 60 60 61 62 63 63 64 65
111 111 110 110 110 109 109 109 108 108 108 107 107 106 105 105 105 104 103 103 102 101 101 99 99 98 97 96 95 94 93 92 91 90 89 88 87 86 86 85 84 83 83 82 81 81 80 79 79 78 78 77 76 75 74 74 73 72 71 71 -9999 -9999 -9999 -9999 -9999 61 60 59 57 56 55 55 54 53 53 52 53 53 53 53 54 55 55 56 57 58 59 60 61 61 -9999 -9999
110 110 110 110 110 109 109 109 108 108 107 107 106 106 105 105 104 104 103 102 101 100 99 99 98 97 96 95 94 93 91 90 90 89 87 87 86 84 83 83 82 81 81 80 79 79 78 77 76 76 75 74 74 73 72 71 71 70 -9999 -9999 -9999 -9999 -9999 -9999 -9999 59 58 57 55 54 53 52 52 51 50 51 50 50 51 52 53 52 53 54 55 56 57 57 58 58 59 -9999
110 110 110 109 109 109 109 108 107 108 107 106 106 105 105 104 104 103 102 101 101 100 99 98 97 96 95 94 93 91 90 89 88 87 86 85 83 82 82 81 80 79 78 77 77 76 75 75 74 73 73 73 72 71 -9999 -9999 -9999 -9999 -9999 -9999 -9999 -9999 -9999 -9999 -9999 -9999 -9999 -9999 53 52 51 50 51 49 49 48 48 48 49 -9999 50 50 51 52 52 52 -9999 55 56 57 -9999 -9999
110 110 109 109 109 108 108 108 108 107 107 106 106 105 105 104 103 103 102 101 100 99 98 97 96 95 93 92 91 90 89 87 86 85 84 83 82 81 79 79 78 77 76 75 74 74 73 72 72 71 -9999 -9999 -9999 -9999 -9999 -9999 -9999 -9999 -9999 -9999 -9999 -9999 -9999 -9999 -9999 -9999 -9999 -9999 50 50 49 48 -9999 -9999 -9999 46 46 47 -9999 -9999 48 48 49 50 50 51 -9999 -9999 -9999 -9999 -9999 -9999
110 110 109 109 108 108 108 108 107 107 106 106 105 104 104 103 102 102 101 100 99 98 97 96 95 94 93 91 90 89 87 86 85 83 82 81 80 78 77 76 75 74 73 73 73 -9999 -9999 -9999 -9999 -9999 -9999 -9999 -9999 -9999 -9999 -9999 -9999 -9999 -9999 -9999 -9999 -9999 -9999 -9999 -9999 -9999 -9999 -9999 48 -9999 -9999 -9999 -9999 -9999 -9999 44 45 -9999 -9999 -9999 -9999 -9999 -9999 -9999 49 49 -9999 -9999 -9999 -9999 -9999 -9999
110 109 109 109 108 108 108 107 107 107 106 105 105 104 104 103 102 101 100 99 99 98 96 95 94 93 92 90 89 87 86 84 83 82 80 79 78 76 75 74 73 72 72 -9999 -9999 -9999 -9999 -9999 -9999 -9999 -9999 -9999 -9999 -9999 -9999 -9999 -9999 -9999 -9999 -9999 -9999 -9999 -9999 -9999 -9999 -9999 -9999 -9999 -9999 -9999 -9999 -9999 -9999 -9999 -9999 -9999 -9999 -9999 -9999 -9999 -9999 -9999 -9999 -9999 -9999 -9999 -9999 -9999 -9999 -9999 -9999 -9999
110 109 109 109 108 108 107 107 107 106 106 105 105 104 103 102 102 101 100 99 98 97 95 94 93 91 90 89 87 86 84 83 81 80 78 77 76 74 73 72 71 71 -9999 -9999 -9999 -9999 -9999 -9999 -9999 -9999 -9999 -9999 -9999 -9999 -9999 -9999 -9999 -9999 -9999 -9999 -9999 -9999 -9999 -9999 -9999 -9999 -9999 -9999 -9999 -9999 -9999 -9999 -9999 -9999 -9999 -9999 -9999 -9999 -9999 -9999 -9999 -9999 -9999 -9999 -9999 -9999 -9999 -9999 -9999 -9999 -9999 -9999
109 109 109 109 108 108 107 107 106 106 105 105 104 103 103 102 101 100 99 98 97 96 94 93 92 91 89 88 86 84 83 81 80 78 76 75 73 72 71 70 -9999 -9999 -9999 -9999 -9999 -9999 -9999 -9999 -9999 -9999 -9999 -9999 -9999 -9999 -9999 -9999 -9999 -9999 -9999 -9999 -9999 -9999 -9999 -9999 -9999 -9999 -9999 -9999 -9999 -9999 -9999 -9999 -9999 -9999 -9999 -9999 -9999 -9999 -9999 -9999 -9999 -9999 -9999 -9999 -9999 -9999 -9999 -9999 -9999 -9999 -9999 -9999
109 109 108 108 108 108 107 107 106 106 105 105 104 103 102 101 101 100 99 97 96 95 94 92 91 89 88 86 84 83 81 79 78 76 75 73 71 70 69 -9999 -9999 -9999 -9999 -9999 -9999 -9999 -9999 -9999 -9999 -9999 -9999 -9999 -9999 -9999 -9999 -9999 -9999 -9999 -9999 -9999 -9999 -9999 -9999 -9999 -9999 -9999 -9999 -9999 -9999 -9999 -9999 -9999 -9999 -9999 -9999 -9999 -9999 -9999 -9999 -9999 -9999 -9999 -9999 -9999 -9999 -9999 -9999 -9999 -9999 -9999 -9999 -9999
109 108 108 108 107 107 107 106 106 106 105 104 104 103 102 101 100 99 98 97 95 94 93 91 90 88 87 85 83 82 80 78 76 74 73 71 69 68 67 -9999 -9999 -9999 -9999 -9999 -9999 -9999 -9999 -9999 -9999 -9999 -9999 -9999 -9999 -9999 -9999 -9999 -9999 -9999 -9999 -9999 -9999 -9999 -9999 -9999 -9999 -9999 -9999 -9999 -9999 -9999 -9999 -9999 -9999 -9999 -9999 -9999 -9999 -9999 -9999 -9999 -9999 -9999 -9999 -9999 -9999 -9999 -9999 -9999 -9999 -9999 -9999 -9999
109 108 108 108 107 107 107 106 106 105 105 104 103 103 102 101 100 99 97 96 95 94 92 90 89 87 86 84 82 80 78 76 74 73 71 69 67 67 -9999 -9999 -9999 -9999 -9999 -9999 -9999 -9999 -9999 -9999 -9999 -9999 -9999 -9999 -9999 -9999 -9999 -9999 -9999 -9999 -9999 -9999 -9999 -9999 -9999 -9999 -9999 -9999 -9999 -9999 -9999 -9999 -9999 -9999 -9999 -9999 -9999 -9999 -9999 -9999 -9999 -9999 -9999 -9999 -9999 -9999 -9999 -9999 -9999 -9999 -9999 -9999 -9999 -9999
108 108 108 108 107 107 107 106 105 105 104 103 103 102 101 100 99 98 97 96 94 93 91 90 88 86 85 83 81 78 76 74 73 70 69 67 65 -9999 -9999 -9999 -9999 -9999 -9999 -9999 -9999 -9999 -9999 -9999 -9999 -9999 -9999 -9999 -9999 -9999 -9999 -9999 -9999 -9999 -9999 -9999 -9999 -9999 -9999 -9999 -9999 -9999 -9999 -9999 -9999 -9999 -9999 -9999 -9999 -9999 -9999 -9999 -9999 -9999 -9999 -9999 -9999 -9999 -9999 -9999 -9999 -9999 -9999 -9999 -9999 -9999 -9999 -9999
108 107 107 107 107 106 106 105 105 104 104 103 102 102 100 100 98 97 96 95 93 92 90 89 87 85 83 81 79 77 75 73 71 69 67 65 64 -9999 -9999 -9999 -9999 -9999 -9999 -9999 -9999 -9999 -9999 -9999 -9999 -9999 -9999 -9999 -9999 -9999 -9999 -9999 -9999 -9999 -9999 -9999 -9999 -9999 -9999 -9999 -9999 -9999 -9999 -9999 -9999 -9999 -9999 -9999 -9999 -9999 -9999 -9999 -9999 -9999 -9999 -9999 -9999 -9999 -9999 -9999 -9999 -9999 -9999 -9999 -9999 -9999 -9999 -9999
108 107 107 107 106 106 106 105 104 104 103 103 102 101 100 99 98 97 95 94 93 91 89 88 86 84 82 80 78 76 73 71 69 67 65 63 -9999 -9999 -9999 -9999 -9999 -9999 -9999 -9999 -9999 -9999 -9999 -9999 -9999 -9999 -9999 -9999 -9999 -9999 -9999 -9999 -9999 -9999 -9999 -9999 -9999 -9999 -9999 -9999 -9999 -9999 -9999 -9999 -9999 -9999 -9999 -9999 -9999 -9999 -9999 -9999 -9999 -9999 -9999 -9999 -9999 -9999 -9999 -9999 -9999 -9999 -9999 -9999 -9999 -9999 -9999 -9999
108 107 107 107 106 106 105 105 104 104 103 102 101 100 100 99 98 96 95 93 92 90 88 86 85 83 81 79 76 74 72 69 67 65 63 61 60 -9999 -9999 -9999 -9999 -9999 -9999 -9999 -9999 -9999 -9999 -9999 -9999 -9999 -9999 -9999 -9999 -9999 -9999 -9999 -9999 -9999 -9999 -9999 -9999 -9999 -9999 -9999 -9999 -9999 -9999 -9999 -9999 -9999 -9999 -9999 -9999 -9999 -9999 -9999 -9999 -9999 -9999 -9999 -9999 -9999 -9999 -9999 -9999 -9999 -9999 -9999 -9999 -9999 -9999 -9999
107 107 107 106 106 105 105 104 104 103 102 102 101 100 99 98 96 96 94 93 91 89 88 86 84 82 80 77 75 73 71 68 66 64 61 60 58 -9999 -9999 -9999 -9999 -9999 -9999 -9999 -9999 -9999 -9999 -9999 -9999 -9999 -9999 -9999 -9999 -9999 -9999 -9999 -9999 -9999 -9999 -9999 -9999 -9999 -9999 -9999 -9999 -9999 -9999 -9999 -9999 -9999 -9999 -9999 -9999 -9999 -9999 -9999 -9999 -9999 -9999 -9999 -9999 -9999 -9999 -9999 -9999 -9999 -9999 -9999 -9999 -9999 -9999 -9999
107 106 106 106 105 105 104 104 103 103 102 101 101 99 99 97 96 95 93 92 91 89 87 85 83 81 79 76 74 71 69 67 64 62 60 58 56 -9999 -9999 -9999 -9999 -9999 -9999 -9999 -9999 -9999 -9999 -9999 -9999 -9999 -9999 -9999 -9999 -9999 -9999 -9999 -9999 -9999 -9999 -9999 -9999 -9999 -9999 -9999 -9999 -9999 -9999 -9999 -9999 -9999 -9999 -9999 -9999 -9999 -9999 -9999 -9999 -9999 -9999 -9999 -9999 -9999 -9999 -9999 -9999 -9999 -9999 -9999 -9999 -9999 -9999 -9999
106 106 106 106 105 105 104 103 103 102 101 101 100 99 98 97 95 94 93 92 90 88 86 84 82 80 77 75 73 70 68 65 63 61 58 56 54 52 -9999 -9999 -9999 -9999 -9999 -9999 -9999 -9999 -9999 -9999 -9999 -9999 -9999 -9999 -9999 -9999 -9999 -9999 -9999 -9999 -9999 -9999 -9999 -9999 -9999 -9999 -9999 -9999 -9999 -9999 -9999 -9999 -9999 -9999 -9999 -9999 -9999 -9999 -9999 -9999 -9999 -9999 -9999 -9999 -9999 -9999 -9999 -9999 -9999 -9999 -9999 -9999 -9999 -9999
106 106 105 105 105 104 103 103 102 101 101 100 99 99 97 96 95 94 92 91 89 87 85 83 81 79 76 74 72 69 67 64 62 59 57 54 52 50 49 -9999 -9999 -9999 -9999 -9999 -9999 -9999 -9999 -9999 -9999 -9999 -9999 -9999 -9999 -9999 -9999 -9999 -9999 -9999 -9999 -9999 -9999 -9999 -9999 -9999 -9999 -9999 -9999 -9999 -9999 -9999 -9999 -9999 -9999 -9999 -9999 -9999 -9999 -9999 -9999 -9999 -9999 -9999 -9999 -9999 -9999 -9999 -9999 -9999 -9999 -9999 -9999 -9999
106 106 105 105 104 103 103 102 102 101 101 100 99 98 97 95 94 93 92 90 88 86 84 82 80 78 75 73 71 68 65 63 60 58 56 53 51 49 47 -9999 -9999 -9999 -9999 -9999 -9999 -9999 -9999 -9999 -9999 -9999 -9999 -9999 -9999 -9999 -9999 -9999 -9999 -9999 -9999 -9999 -9999 -9999 -9999 -9999 -9999 -9999 -9999 -9999 -9999 -9999 -9999 -9999 -9999 -9999 -9999 -9999 -9999 -9999 -9999 -9999 -9999 -9999 -9999 -9999 -9999 -9999 -9999 -9999 -9999 -9999 -9999 -9999
106 105 105 105 104 103 102 102 101 101 100 99 98 97 96 95 93 92 91 89 87 85 83 81 79 77 74 72 69 67 65 62 59 56 54 51 49 47 45 44 -9999 -9999 -9999 -9999 -9999 -9999 -9999 -9999 -9999 -9999 -9999 -9999 -9999 -9999 -9999 -9999 -9999 -9999 -9999 -9999 -9999 -9999 -9999 -9999 -9999 -9999 -9999 -9999 -9999 -9999 -9999 -9999 -9999 -9999 -9999 -9999 -9999 -9999 -9999 -9999 -9999 -9999 -9999 -9999 -9999 -9999 -9999 -9999 -9999 -9999 -9999 -9999
105 105 104 104 103 103 102 102 101 100 99 98 97 96 95 94 93 91 89 88 86 84 82 80 78 76 73 71 68 66 63 60 58 55 53 50 48 46 44 43 -9999 -9999 -9999 -9999 -9999 -9999 -9999 -9999 -9999 -9999 -9999 -9999 -9999 -9999 -9999 -9999 -9999 -9999 -9999 -9999 -9999 -9999 -9999 -9999 -9999 -9999 -9999 -9999 -9999 -9999 -9999 -9999 -9999 -9999 -9999 -9999 -9999 -9999 -9999 -9999 -9999 -9999 -9999 -9999 -9999 -9999 -9999 -9999 -9999 -9999 -9999 -9999
104 104 104 103 102 102 101 101 100 100 99 98 97 96 95 94 92 90 89 87 85 84 82 80 77 75 72 70 67 65 62 59 56 54 52 49 47 45 43 40 -9999 -9999 -9999 -9999 -9999 -9999 -9999 -9999 -9999 -9999 -9999 -9999 -9999 -9999 -9999 -9999 -9999 -9999 -9999 -9999 -9999 -9999 -9999 -9999 -9999 -9999 -9999 -9999 -9999 -9999 -9999 -9999 -9999 -9999 -9999 -9999 -9999 -9999 -9999 -9999 -9999 -9999 -9999 -9999 -9999 -9999 -9999 -9999 -9999 -9999 -9999 -9999
104 103 103 102 102 101 101 100 99 99 98 97 96 95 94 92 91 89 88 86 85 83 81 79 76 74 71 69 66 64 61 58 55 53 51 48 46 44 42 39 38 -9999 -9999 -9999 -9999 -9999 -9999 -9999 -9999 -9999 -9999 -9999 -9999 -9999 -9999 -9999 -9999 -9999 -9999 -9999 -9999 -9999 -9999 -9999 -9999 -9999 -9999 -9999 -9999 -9999 -9999 -9999 -9999 -9999 -9999 -9999 -9999 -9999 -9999 -9999 -9999 -9999 -9999 -9999 -9999 -9999 -9999 -9999 -9999 -9999 -9999 -9999
103 103 102 102 101 101 100 100 99 98 97 96 95 94 93 92 90 88 87 86 84 82 80 77 75 73 70 68 65 63 60 57 55 52 50 47 45 43 40 38 37 36 -9999 -9999 -9999 -9999 -9999 -9999 -9999 -9999 -9999 -9999 -9999 -9999 -9999 -9999 -9999 -9999 -9999 -9999 -9999 -9999 -9999 -9999 -9999 -9999 -9999 -9999 -9999 -9999 -9999 -9999 -9999 -9999 -9999 -9999 -9999 -9999 -9999 -9999 -9999 -9999 -9999 -9999 -9999 -9999 -9999 -9999 -9999 -9999 -9999 -9999
