Artocarpus hirsutus SDM files/Last interglacial/Environmental layers/bio2.asc
ncols  625
nrows  721
xllcorner  69.99986311115
yllcorner  5.99986151914999
cellsize 0.041666667
NODATA_value  -9999
[rows 287 to 327 of 721, columns 0 to 91 of 625]
137 137 136 136 136 136 136 136 136 135 135 135 135 135 135 135 135 135 135 135 135 134 134 134 134 134 134 134 134 134 134 134 133 133 133 133 133 133 133 132 132 132 132 132 131 131 131 131 130 130 130 130 129 129 129 128 128 128 128 128 127 127 126 126 126 126 125 125 125 124 124 124 123 123 123 123 123 123 123 122 122 122 122 122 122 122 122 122 122 121 122 122
137 136 136 136 136 136 136 136 135 135 135 135 135 135 135 135 135 135 135 134 135 134 134 134 134 134 134 134 134 134 133 133 133 133 133 133 133 133 132 132 132 132 132 132 131 131 131 131 130 130 130 130 129 129 129 129 128 128 128 128 127 127 126 126 126 126 125 125 125 124 124 124 124 123 123 123 123 123 122 122 122 122 122 122 122 122 122 122 122 122 122 122
136 136 136 136 136 136 136 135 135 135 135 135 135 135 135 135 134 134 134 135 134 134 134 134 134 133 134 134 134 133 134 134 133 133 133 133 133 133 132 132 132 132 132 131 131 131 131 131 130 130 130 130 129 129 129 128 128 128 128 127 127 127 126 126 126 126 125 125 125 124 124 124 123 123 123 123 123 123 122 122 122 122 122 122 122 122 122 122 122 122 121 122
136 136 136 136 136 135 135 136 135 135 135 135 135 134 135 135 135 135 134 134 134 134 134 134 134 134 134 134 134 134 134 134 133 133 133 133 133 133 132 132 132 131 131 131 131 131 131 131 130 130 130 130 129 129 129 128 128 128 128 127 127 126 126 126 126 125 125 125 125 124 124 124 124 123 123 123 123 123 123 122 122 122 122 122 122 122 122 122 122 122 122 122
135 135 135 135 135 135 135 135 135 135 135 135 134 135 134 135 134 134 134 134 134 134 134 134 134 134 134 134 134 134 133 133 133 133 133 133 133 132 133 132 132 132 131 131 131 131 131 130 130 130 130 129 129 129 129 128 128 128 127 127 127 126 127 126 126 126 125 125 125 125 124 124 124 123 123 123 123 123 123 122 122 122 122 122 122 122 122 122 122 122 122 122
135 135 135 135 135 135 135 135 135 134 134 134 134 135 134 134 134 134 134 134 134 134 134 134 134 134 134 133 134 133 133 133 133 133 133 133 133 132 132 132 132 132 132 131 131 131 131 131 130 130 130 129 129 129 129 128 128 128 127 127 127 126 126 126 126 125 125 125 125 124 125 124 124 124 123 123 123 123 122 122 122 122 122 122 122 122 122 122 122 122 122 122
134 134 134 134 134 134 135 134 134 134 134 134 134 134 134 134 134 134 134 134 134 134 134 134 134 134 134 134 134 134 133 133 133 133 133 133 133 132 132 132 132 132 132 131 131 131 130 130 130 130 130 129 129 129 129 128 128 128 128 127 127 127 126 126 126 125 125 125 124 124 124 124 124 124 123 123 123 123 123 122 122 122 122 122 122 122 122 122 122 122 122 122
134 134 133 134 133 134 134 134 134 134 134 134 134 134 134 134 134 133 134 134 134 134 134 134 133 134 134 133 133 133 133 133 133 133 133 133 133 132 132 132 132 132 131 131 131 131 130 130 130 130 129 129 129 129 128 128 128 128 127 127 127 127 126 126 126 126 125 125 125 125 124 124 124 124 123 123 123 123 123 123 123 122 122 122 122 122 122 122 122 122 122 122
133 133 133 133 133 133 133 133 133 133 133 133 134 134 133 133 134 134 133 134 134 134 133 134 133 133 133 134 133 133 133 133 133 133 133 133 133 132 132 132 132 132 131 131 131 131 130 130 130 129 129 129 129 129 128 128 128 128 128 127 127 127 126 126 126 126 125 125 125 125 124 124 124 124 124 123 123 123 123 123 122 122 122 122 122 122 122 122 122 122 122 122
132 132 132 133 133 133 133 133 133 133 133 133 133 133 133 133 133 133 133 133 133 134 133 133 133 133 133 133 133 133 133 133 133 133 132 132 132 132 132 132 132 132 131 131 131 131 130 130 130 129 129 129 129 128 129 128 128 127 127 127 127 127 126 126 126 126 126 125 125 125 124 124 124 124 124 123 123 123 123 123 122 122 122 123 122 122 122 122 121 122 122 122
132 131 132 132 132 132 132 132 132 132 133 133 133 133 133 133 133 133 133 133 133 134 133 133 133 133 133 133 133 133 133 133 133 133 133 132 132 132 132 132 132 132 131 131 131 131 130 130 130 129 129 129 129 129 129 128 128 128 127 127 127 127 126 126 126 126 125 125 125 125 124 125 124 124 123 123 123 123 123 123 122 122 122 123 122 122 122 122 122 122 122 122
130 131 131 131 131 131 131 132 132 132 132 132 132 132 133 133 133 133 133 133 133 133 134 133 133 133 133 133 133 133 133 133 133 133 132 132 132 132 132 132 132 132 131 131 131 130 130 130 130 129 129 129 129 129 129 128 128 127 127 127 127 127 127 126 126 126 125 125 125 125 124 124 124 124 124 123 123 123 123 123 123 122 122 123 122 122 122 122 122 122 122 122
130 130 130 130 131 131 131 131 132 131 132 132 132 132 132 132 132 132 133 133 133 133 133 133 133 133 133 133 133 133 133 133 132 132 133 132 132 132 132 132 132 131 131 131 131 130 130 130 130 129 129 129 129 129 128 128 128 127 127 127 127 126 127 126 126 126 125 125 125 125 124 124 124 124 124 123 123 123 123 123 123 122 122 122 122 122 122 122 122 122 122 122
129 129 130 130 130 130 131 131 131 131 131 132 132 132 132 132 132 132 132 132 132 133 133 133 133 133 133 133 133 133 133 133 132 132 132 132 132 132 132 131 131 131 131 131 131 130 130 130 130 129 129 129 128 128 128 128 128 127 127 127 127 126 126 126 126 126 125 125 125 125 125 124 124 124 124 123 123 123 123 123 123 123 122 122 122 122 122 122 122 122 122 122
128 128 128 129 129 129 130 130 131 131 131 131 131 132 132 132 132 132 132 132 133 132 133 132 133 133 133 133 132 133 133 133 133 132 133 132 132 132 132 132 131 131 131 131 130 130 130 130 129 129 129 129 129 128 128 128 128 127 127 127 127 126 126 126 126 126 126 125 125 125 124 124 124 124 124 124 123 123 123 123 123 123 122 122 122 122 122 122 122 122 122 122
127 127 127 128 129 129 129 129 130 130 130 130 131 131 131 131 132 132 132 132 132 132 132 133 133 132 132 133 132 133 133 133 132 132 132 132 132 132 132 131 131 131 131 131 130 130 130 130 130 129 129 129 128 128 128 128 128 127 128 127 127 127 126 126 126 125 125 125 125 125 125 124 124 124 124 124 123 123 123 123 123 123 123 123 122 122 122 122 122 122 122 122
126 126 127 127 128 128 128 129 129 130 130 130 130 130 131 131 132 132 132 132 132 132 132 132 132 132 133 133 132 132 132 132 132 132 132 132 132 132 132 131 131 131 131 131 130 130 130 130 129 129 129 129 129 128 128 128 128 127 127 127 127 127 126 126 126 125 125 125 125 125 125 124 124 124 124 124 123 123 123 123 123 123 123 123 123 122 122 122 122 122 122 122
125 126 126 126 127 127 128 128 129 129 129 130 130 130 131 131 131 131 131 131 132 132 132 132 132 132 132 132 133 132 132 132 132 132 132 132 132 132 132 131 131 131 131 131 130 130 130 129 129 129 129 129 128 128 128 128 128 127 127 127 127 126 126 126 126 125 125 125 125 125 125 124 124 124 124 124 123 123 123 123 123 123 123 123 123 122 122 122 122 122 122 122
124 125 125 126 126 126 127 127 128 128 128 129 130 130 130 131 131 131 131 131 131 132 132 132 132 132 132 132 132 132 132 132 132 132 132 132 132 132 132 131 131 131 131 130 130 130 130 129 129 129 129 129 129 128 128 128 127 127 127 127 127 127 126 126 126 126 125 125 125 125 125 125 124 124 124 124 124 123 123 123 123 123 123 123 122 122 122 122 122 122 122 122
123 123 124 125 125 126 126 127 127 128 128 128 129 129 130 130 130 131 131 131 131 131 132 132 132 132 132 132 132 132 132 132 132 132 132 132 131 131 131 131 131 130 131 130 130 130 130 129 129 129 129 129 129 128 128 128 128 127 127 127 127 127 126 126 126 125 126 126 125 125 125 124 124 124 124 124 124 123 123 123 123 123 123 123 122 122 122 122 122 122 122 121
122 122 123 124 124 125 125 126 127 127 127 128 128 129 129 130 130 130 131 131 131 131 132 131 132 132 132 132 132 132 132 132 132 132 132 132 131 131 131 131 131 131 130 130 130 129 129 129 129 129 129 128 128 128 128 128 127 127 127 127 126 126 126 126 126 125 126 125 125 125 125 125 124 124 124 124 124 123 123 123 123 123 123 123 122 122 122 122 122 122 122 122
120 121 122 123 123 124 124 125 126 127 127 127 128 129 129 129 130 130 130 131 131 131 131 131 132 132 132 132 132 132 132 132 132 132 132 132 131 131 131 131 131 131 130 130 130 130 130 129 129 129 128 129 128 128 128 128 127 127 127 127 127 126 126 126 126 126 125 125 125 125 125 124 124 124 124 124 124 124 123 123 123 123 123 123 122 122 122 122 122 122 122 122
119 120 121 121 122 123 124 124 125 126 126 127 127 128 129 129 129 130 130 130 131 131 131 132 132 132 132 132 132 132 132 132 132 132 132 132 131 131 131 131 131 131 130 130 130 130 129 129 129 129 128 128 128 128 128 128 127 127 127 127 126 126 126 126 126 126 125 125 125 125 125 125 124 124 124 124 124 124 123 123 123 123 123 123 122 122 122 122 122 122 122 121
117 119 119 120 121 122 123 123 124 125 126 126 127 128 128 129 129 130 130 130 131 131 131 132 132 132 132 132 132 132 132 132 132 132 132 132 131 131 131 131 131 131 130 130 129 130 129 129 129 129 128 128 128 128 128 127 127 127 127 127 126 126 126 126 126 125 125 125 125 125 125 125 124 124 124 124 124 124 123 123 123 123 123 123 122 122 122 122 122 122 122 122
116 118 118 119 120 121 122 123 124 124 125 126 127 127 128 129 129 129 130 130 130 131 131 131 132 131 132 132 132 132 132 132 132 132 132 132 132 131 131 131 131 131 130 130 130 129 129 129 129 129 128 128 128 128 127 127 127 127 127 127 127 126 126 126 126 125 125 125 125 125 125 124 124 124 124 124 124 124 123 123 123 123 123 122 122 122 122 122 122 122 122 121
115 116 117 118 119 120 121 122 123 124 124 125 126 127 127 128 129 129 130 130 131 131 131 131 131 132 132 132 132 132 132 132 132 132 132 132 131 131 131 131 131 130 130 130 130 129 129 129 129 128 128 128 128 128 128 127 127 127 127 126 127 126 126 126 126 126 125 125 125 125 124 124 124 124 124 124 124 124 123 123 123 123 123 123 122 122 122 122 122 122 121 121
113 115 116 117 118 119 121 121 122 123 124 125 126 126 127 128 128 129 129 130 130 131 131 131 132 131 132 132 132 132 132 132 132 132 132 131 131 131 131 131 130 131 130 130 130 129 129 129 129 128 128 128 128 127 127 127 127 127 127 126 126 126 126 126 126 125 125 125 125 125 125 124 124 124 124 124 124 124 124 123 123 123 123 122 122 122 122 122 122 121 121 121
112 113 115 116 117 118 120 121 122 123 124 125 125 126 127 128 128 129 129 130 130 131 131 131 131 132 132 131 131 132 132 132 132 131 131 131 131 131 131 131 130 130 130 130 130 130 129 129 129 128 128 128 128 127 127 127 127 127 127 126 126 126 126 126 126 125 125 125 125 125 124 124 124 124 124 124 124 123 124 123 123 123 123 123 122 122 122 122 122 121 121 121
111 112 114 -9999 -9999 -9999 -9999 -9999 121 122 123 124 125 126 127 128 128 129 129 130 130 130 131 131 131 132 132 132 132 131 131 132 132 131 131 131 131 131 131 130 130 130 130 130 130 129 129 128 128 128 128 128 128 127 127 127 127 127 127 126 126 126 126 126 125 125 125 125 125 125 124 124 124 124 124 124 123 123 123 123 123 123 122 123 122 122 122 122 122 121 121 121
-9999 -9999 -9999 -9999 -9999 -9999 -9999 -9999 121 122 123 124 125 126 127 127 128 129 129 129 130 130 131 131 131 131 132 132 131 132 131 132 132 131 131 131 131 131 131 130 130 130 130 129 129 129 129 129 129 128 128 128 127 127 127 127 127 127 126 126 126 126 126 125 125 125 125 125 125 125 125 124 124 124 124 123 124 123 123 123 123 123 123 122 122 122 122 122 121 121 121 121
-9999 -9999 -9999 -9999 -9999 -9999 -9999 119 120 121 122 124 124 125 126 127 128 129 129 129 130 130 131 131 131 131 132 132 131 131 132 131 131 131 131 131 131 131 131 130 130 130 130 129 129 129 129 129 128 128 128 128 127 127 127 127 127 127 126 126 126 126 126 126 125 125 125 125 124 125 124 124 124 124 124 124 123 123 123 123 123 123 123 122 122 122 122 121 121 121 121 121
-9999 -9999 -9999 -9999 -9999 -9999 -9999 118 120 121 122 123 124 125 126 127 127 128 129 129 130 130 131 131 131 131 131 131 132 131 131 131 131 131 131 131 131 130 130 130 130 130 129 129 129 129 129 128 128 128 128 127 127 127 127 127 126 126 126 126 126 126 125 126 125 125 125 125 124 124 124 124 124 124 124 124 123 123 123 123 123 123 122 122 122 122 122 122 121 121 121 121
-9999 -9999 -9999 -9999 -9999 -9999 116 118 119 121 122 123 124 125 126 127 127 128 129 129 130 130 130 131 131 131 131 131 131 131 131 131 131 131 131 131 131 131 130 130 130 130 129 129 129 128 128 128 128 128 128 127 127 127 127 127 126 126 126 126 126 126 125 125 125 125 125 124 124 124 124 124 124 124 124 124 123 123 123 123 123 122 122 122 122 122 122 121 121 121 121 121
-9999 -9999 -9999 -9999 -9999 114 116 117 119 120 121 123 124 125 126 127 127 128 129 129 130 130 130 131 131 131 131 131 131 131 131 131 131 131 131 130 130 130 130 130 130 130 129 129 129 128 128 128 128 128 128 128 127 127 127 127 126 126 126 126 126 125 125 125 125 125 125 125 124 124 124 124 123 123 124 123 123 123 123 123 123 122 122 122 122 122 122 121 121 121 120 120
-9999 -9999 -9999 -9999 -9999 114 115 117 118 120 121 123 124 125 126 127 127 128 128 129 129 130 130 130 131 131 131 131 131 131 131 131 131 131 131 131 130 130 130 130 130 129 129 129 129 129 128 128 128 127 127 127 127 127 126 126 126 126 126 126 125 125 125 125 125 125 125 124 124 124 124 124 123 123 123 123 123 123 123 123 122 122 122 122 122 122 122 121 121 121 120 120
-9999 -9999 -9999 -9999 112 113 115 117 118 120 121 122 124 124 126 126 127 128 128 129 129 130 130 130 130 131 131 131 131 131 131 131 131 131 131 130 130 130 130 130 129 129 129 129 129 128 128 128 127 128 127 127 127 126 126 126 126 126 125 125 125 125 125 125 124 124 124 124 124 124 124 124 123 123 123 123 123 123 123 123 122 122 122 122 122 122 121 121 121 121 120 120
103 -9999 -9999 109 111 113 115 116 118 120 121 122 123 125 126 126 127 128 128 129 130 130 130 130 130 131 130 131 131 131 131 130 130 130 130 130 130 130 130 129 129 129 129 129 128 128 128 128 127 127 127 127 127 126 126 126 126 126 125 125 125 125 125 125 124 124 124 124 124 123 123 123 123 123 123 123 123 123 123 123 123 122 122 122 122 121 121 121 121 120 120 120
103 105 107 109 111 112 114 116 118 119 121 122 123 124 126 126 127 128 128 129 129 130 130 130 130 131 131 131 131 130 131 131 130 130 130 130 130 130 130 129 129 129 129 129 128 128 128 127 127 127 127 127 126 126 126 126 126 125 125 125 125 125 125 124 124 124 124 124 123 123 123 123 123 123 123 123 123 123 122 122 122 122 122 122 121 121 121 121 120 120 120 120
102 105 107 109 111 112 114 116 118 119 121 122 123 124 126 126 127 128 128 129 129 130 130 130 130 130 131 130 130 130 130 130 130 130 130 130 130 129 129 129 129 128 128 128 128 128 127 127 127 127 126 126 126 126 126 125 125 125 125 125 125 124 124 124 124 124 124 124 123 123 123 123 123 123 123 123 122 122 122 122 122 122 122 122 121 121 121 120 120 120 120 120
102 105 107 109 111 113 114 116 118 119 121 122 123 124 125 127 127 128 128 129 129 130 130 130 130 130 131 130 130 130 130 130 130 130 130 129 129 129 129 129 129 128 128 128 127 127 127 127 127 127 126 126 126 126 125 125 125 125 124 124 124 124 124 124 124 124 123 123 124 123 123 123 123 123 123 122 122 122 122 122 122 122 122 121 121 121 121 120 120 120 120 119
102 105 107 109 111 113 115 116 118 119 121 122 123 125 125 126 127 128 128 129 129 129 129 130 130 130 130 130 130 130 130 130 129 129 129 129 129 129 129 128 128 128 128 127 127 127 127 127 127 126 126 126 126 125 125 125 125 124 124 124 124 124 124 124 123 123 123 124 123 123 123 123 122 122 122 122 122 122 122 122 122 121 122 121 121 121 121 120 120 120 120 119
