Artocarpus hirsutus SDM files/Last interglacial/Environmental layers/bio2.asc
ncols  625
nrows  721
xllcorner  69.99986311115
yllcorner  5.99986151914999
cellsize 0.041666667
NODATA_value  -9999
[rows 451 to 491 of 721, columns 92 to 183 of 625]
101 102 103 104 105 106 106 107 108 108 108 108 109 109 109 109 110 110 110 109 110 110 109 109 110 110 109 109 109 109 109 109 108 108 108 108 108 108 108 108 107 107 107 108 107 107 107 107 107 107 107 107 107 107 107 107 107 107 107 107 107 107 107 107 107 107 107 107 107 107 106 107 107 106 107 107 107 107 106 106 107 106 106 106 106 106 106 105 106 105 105 105
101 102 103 104 105 105 106 107 107 108 108 108 109 109 109 109 109 110 110 109 110 109 109 109 110 109 109 109 109 109 109 109 109 108 108 108 108 108 108 108 107 107 107 107 107 107 107 107 107 107 107 107 107 107 107 107 107 107 107 107 107 107 107 107 107 107 107 107 107 107 107 107 107 107 107 107 107 107 107 107 107 106 106 106 106 106 106 106 106 106 105 105
101 102 103 104 105 105 106 107 107 108 108 108 109 109 109 109 109 110 110 109 109 109 109 109 109 109 109 109 109 109 108 108 108 109 108 108 108 108 108 108 107 107 107 107 107 107 107 107 107 107 107 107 107 107 107 107 107 107 107 107 107 107 107 107 107 107 107 107 107 107 107 107 107 107 107 107 107 107 107 106 107 107 107 107 106 106 106 106 106 106 106 105
100 102 103 103 104 105 106 107 107 107 108 108 108 109 109 109 109 109 110 109 109 109 109 109 109 109 109 109 109 109 109 108 108 108 108 108 108 107 107 107 107 107 107 107 107 107 107 107 107 107 107 107 107 107 107 107 107 107 107 107 107 107 107 107 108 107 107 107 107 107 107 107 107 107 107 107 107 107 107 107 107 107 107 107 106 107 106 106 106 106 106 106
100 102 102 103 104 105 105 106 107 107 108 108 108 109 109 109 109 109 109 109 109 109 109 109 109 109 109 109 109 108 108 108 108 108 108 108 108 107 107 107 107 107 107 107 107 107 107 107 107 107 107 107 107 107 107 107 107 107 107 107 107 107 108 107 107 108 108 108 107 108 108 108 107 107 107 107 107 107 107 107 107 107 107 107 107 107 107 106 106 106 106 106
100 101 103 103 104 105 105 106 107 107 108 108 108 108 109 109 109 109 109 109 109 109 109 109 109 109 109 109 109 108 108 109 108 108 108 108 107 108 107 108 107 107 107 107 107 107 107 107 107 107 107 107 107 107 107 107 107 107 107 107 107 107 108 108 108 108 108 108 107 107 108 108 108 107 107 107 108 107 107 107 107 107 107 107 107 107 107 107 106 106 106 106
100 101 102 103 104 104 105 106 106 107 107 108 108 108 108 109 109 109 109 109 109 109 109 109 109 109 109 109 109 108 108 108 108 108 108 108 108 107 107 107 107 107 107 107 107 107 107 107 107 107 107 107 107 107 107 107 107 107 107 107 107 107 107 107 108 107 108 108 108 108 108 108 108 108 108 108 108 108 108 107 107 107 107 107 107 107 107 107 107 107 107 106
99 101 102 103 104 104 105 106 106 106 107 108 108 108 108 108 109 109 109 109 109 109 109 109 109 109 108 108 109 108 108 108 108 108 108 108 108 107 107 107 107 107 107 107 107 107 107 107 107 107 107 107 107 107 107 107 107 107 107 107 107 107 107 108 108 108 108 108 108 108 108 108 108 108 108 108 108 108 108 108 108 107 108 107 107 107 107 107 107 107 107 107
99 100 101 102 103 104 105 105 106 106 107 107 108 108 108 108 109 109 109 109 109 109 109 109 109 109 109 108 108 108 108 108 108 108 108 107 108 107 107 107 107 107 107 107 107 107 107 107 107 107 107 107 107 107 107 107 107 107 107 107 107 107 108 107 108 108 108 108 108 108 108 108 108 108 108 108 108 108 108 108 108 108 108 108 107 107 107 107 107 107 107 107
99 100 101 102 103 104 105 105 106 106 107 107 108 108 108 108 108 109 109 109 109 109 109 108 108 108 108 108 108 108 108 108 108 108 108 108 107 107 107 107 107 107 107 107 107 107 107 107 107 107 107 107 107 107 107 107 108 107 107 107 107 107 108 108 108 108 108 108 108 108 108 108 108 108 108 108 108 108 108 108 108 108 108 108 108 107 107 107 107 107 107 107
98 99 101 102 103 104 104 105 106 106 106 107 108 108 108 108 108 108 108 108 108 108 108 108 108 108 108 108 108 108 108 108 108 108 107 107 107 107 107 107 107 107 107 107 107 107 107 107 107 107 106 107 107 107 107 107 107 107 107 107 107 108 107 108 108 108 108 108 108 108 108 108 108 108 108 108 108 108 108 108 108 108 108 108 108 108 108 108 108 108 107 107
98 99 100 101 102 103 104 105 105 106 106 107 107 107 108 108 108 108 108 109 108 108 108 108 108 108 108 108 108 108 108 107 108 107 107 107 107 107 107 107 106 107 107 107 107 107 107 107 107 107 107 107 107 107 107 107 107 107 107 108 107 108 108 108 108 108 108 108 108 108 108 108 108 108 109 109 108 109 109 108 108 108 108 108 108 108 108 108 108 108 108 107
97 99 100 101 102 103 104 104 105 106 106 106 107 107 108 108 108 108 108 108 108 108 108 109 108 108 108 108 108 107 107 107 107 107 107 107 107 107 107 107 107 106 107 106 107 107 107 107 107 107 107 107 107 107 107 107 107 108 107 108 108 108 108 108 108 108 108 108 108 108 108 109 109 108 109 109 109 109 109 109 109 108 108 108 108 108 108 108 108 108 108 107
97 98 99 100 101 102 103 104 105 105 106 106 106 107 107 107 108 108 108 108 108 108 108 108 108 108 108 108 107 107 107 107 107 107 107 107 107 107 106 107 106 107 106 107 107 107 107 107 107 107 107 107 107 107 107 107 108 107 107 108 108 108 108 108 108 108 108 108 108 108 108 109 109 109 109 109 109 109 109 109 109 109 109 108 108 108 108 108 108 108 108 108
96 97 99 100 101 102 103 103 104 105 105 106 106 107 107 107 107 107 108 108 108 108 108 108 108 108 107 107 107 107 107 107 107 107 107 107 107 107 107 106 106 106 106 106 106 107 107 107 107 107 107 107 107 107 107 107 107 107 107 108 108 108 108 108 108 108 108 108 108 108 108 108 109 109 109 109 109 109 109 109 109 109 109 108 108 108 108 108 108 108 108 108
95 96 98 99 100 101 102 103 104 105 105 105 106 106 107 107 107 107 107 107 107 108 107 108 108 107 107 107 107 107 107 107 107 107 107 107 107 107 106 106 106 106 107 106 106 106 107 107 106 106 107 107 107 107 107 107 107 107 108 108 108 108 108 108 108 108 108 109 109 108 108 109 109 109 109 109 109 109 109 109 109 109 109 109 109 109 109 109 108 108 108 108
95 96 97 99 99 101 102 103 104 104 105 105 106 106 107 107 107 107 107 107 107 108 107 107 107 107 107 107 107 107 107 107 107 106 107 107 107 106 107 106 106 106 106 106 106 106 106 106 107 107 106 107 107 107 107 107 107 107 108 108 108 108 108 108 108 108 108 108 109 109 109 109 109 109 109 109 109 109 109 109 110 109 109 109 109 109 109 109 108 109 108 108
94 95 96 98 99 100 101 102 103 104 104 105 105 106 106 106 107 107 107 107 107 107 107 107 107 107 107 107 107 107 107 106 106 106 106 107 106 106 106 106 106 106 106 106 106 106 106 107 107 107 106 106 107 107 107 107 107 107 107 108 108 108 108 108 108 108 108 108 109 109 109 109 109 109 109 109 109 110 109 109 109 109 109 109 109 109 109 109 109 109 109 109
93 94 96 97 98 99 100 101 102 103 104 105 105 105 106 106 106 107 107 107 107 107 107 107 107 107 107 107 107 107 106 106 106 106 106 106 106 106 106 106 106 106 106 106 106 106 106 106 106 107 107 107 107 107 107 107 107 107 107 107 108 108 108 108 108 108 109 109 109 109 109 109 109 109 109 109 109 110 109 109 109 109 109 109 109 109 109 109 109 109 109 109
92 93 95 96 97 99 100 101 102 103 103 104 105 105 105 106 106 106 106 106 107 106 106 107 107 107 107 106 107 106 106 106 106 106 106 106 106 106 106 106 106 106 106 106 106 106 106 106 106 106 106 107 107 107 107 107 107 107 107 108 108 108 108 108 108 108 108 109 109 109 109 109 109 109 109 109 109 109 110 110 110 110 110 109 109 110 110 109 109 109 109 109
91 92 94 95 96 98 99 100 101 102 103 103 104 104 105 105 106 106 106 106 106 106 106 107 107 106 106 106 106 106 106 106 106 106 106 106 106 106 106 106 106 106 106 106 106 106 106 106 106 106 107 107 107 107 107 107 107 107 107 108 108 108 108 108 108 109 109 108 109 109 109 109 109 109 109 110 109 109 109 110 110 110 110 110 110 109 110 109 109 109 109 109
89 91 92 94 96 97 98 99 100 101 102 103 103 104 105 105 105 106 106 106 106 106 106 106 106 106 106 106 106 106 106 106 106 106 106 106 106 106 106 106 106 106 106 106 106 106 106 106 106 106 107 106 107 107 107 107 107 108 107 107 108 108 108 108 108 108 109 109 109 109 109 109 109 109 110 110 109 110 110 109 110 110 110 110 110 110 109 110 110 110 109 109
88 90 92 93 94 96 97 98 99 100 102 102 103 104 104 105 105 105 105 105 106 106 105 106 106 106 106 106 106 106 106 106 106 105 105 106 106 106 106 106 106 106 106 106 106 106 106 106 106 106 106 106 106 107 107 107 107 107 108 108 108 108 108 109 109 109 109 109 109 109 109 109 110 109 109 110 110 110 110 110 110 110 110 110 110 110 110 110 109 110 109 109
87 89 90 92 93 95 96 97 99 100 101 101 103 103 104 104 105 105 105 105 105 106 106 105 106 105 106 106 106 106 105 105 105 105 105 105 105 105 106 105 105 105 106 106 106 105 106 106 106 106 106 107 107 107 107 107 107 107 108 108 108 108 108 108 109 109 109 109 109 109 109 109 109 110 110 110 110 110 110 110 110 110 110 110 110 110 110 110 110 110 110 110
85 87 89 91 92 94 95 97 98 99 100 101 102 102 103 104 104 105 105 105 105 105 105 105 106 106 105 105 105 105 105 105 105 105 105 105 105 105 105 105 105 106 106 106 106 106 106 106 106 106 106 106 106 107 107 107 107 107 107 108 108 108 108 108 108 109 109 109 109 109 109 109 110 110 110 110 110 110 110 110 110 110 110 110 110 110 110 110 110 110 110 110
84 86 88 90 91 93 94 96 97 98 99 100 101 102 103 103 104 104 104 104 105 105 105 105 105 105 105 105 105 105 105 105 105 105 105 105 105 105 105 105 105 105 105 105 105 106 106 106 106 106 106 106 106 106 107 107 107 107 107 108 108 108 108 108 109 108 109 109 109 109 109 109 109 110 110 110 110 110 110 110 110 110 110 110 110 110 110 110 110 110 110 110
82 84 86 88 90 92 93 95 96 98 99 100 101 101 102 102 103 104 104 104 104 105 105 105 105 105 105 105 105 105 105 105 105 105 105 105 105 105 105 105 105 105 105 105 105 105 106 106 106 106 106 106 106 107 107 107 107 107 107 108 108 108 108 108 109 109 109 109 109 109 109 110 109 110 110 110 110 110 110 110 110 111 111 110 110 110 110 110 110 110 110 110
81 83 85 87 89 91 92 94 95 97 98 99 100 101 101 102 103 103 104 104 104 104 104 104 104 105 104 105 105 105 105 105 105 105 105 104 105 105 105 105 105 105 105 105 105 105 105 106 106 106 106 106 106 106 107 107 107 107 107 108 108 108 108 108 109 109 109 109 109 109 110 109 110 110 110 110 110 110 110 111 111 110 110 110 110 111 110 111 111 110 110 110
80 82 84 86 88 90 92 93 95 96 97 98 99 100 101 101 102 103 103 103 104 104 104 104 104 104 104 104 104 104 104 104 104 104 105 105 104 105 104 105 105 105 105 105 105 105 105 105 106 106 106 106 106 107 107 107 107 107 107 108 108 108 108 108 109 109 109 109 109 109 110 110 110 110 110 110 110 111 110 111 111 111 111 110 110 111 111 111 111 111 111 111
78 80 82 85 87 89 90 92 94 95 96 98 98 100 100 101 102 102 103 103 103 103 103 104 104 104 104 104 104 104 104 104 104 104 104 104 104 104 105 105 105 104 105 105 105 105 105 105 105 106 106 106 106 107 106 107 107 107 108 108 108 108 108 109 109 109 109 109 109 109 110 110 110 110 110 110 110 111 111 111 111 111 111 111 111 111 111 111 111 111 111 111
76 79 81 83 85 88 89 91 93 94 96 97 98 99 100 101 101 102 102 103 103 103 103 103 104 104 104 104 104 104 104 104 104 104 104 104 104 104 104 104 105 104 104 105 105 105 105 105 105 106 106 106 106 106 107 107 107 107 108 107 108 108 108 109 109 109 109 109 109 110 109 110 110 110 110 110 111 110 111 111 111 111 111 111 111 111 111 111 111 111 111 111
75 77 80 82 84 86 88 90 91 93 95 96 97 98 99 100 101 101 102 102 102 103 103 103 103 103 103 103 103 103 104 104 103 104 104 104 104 104 104 104 104 105 104 104 105 105 105 105 105 105 106 106 106 106 107 107 107 107 107 107 108 108 108 109 109 109 109 109 109 109 110 110 110 110 111 110 111 111 111 111 111 111 111 111 111 111 111 111 111 111 111 111
74 76 79 81 83 85 87 89 91 92 94 95 96 97 99 99 100 101 101 102 102 102 103 103 103 103 103 103 103 103 103 103 103 103 104 104 104 104 104 104 104 104 104 104 105 105 105 105 105 105 106 106 106 106 106 107 107 107 107 108 108 108 108 109 109 109 109 109 109 110 110 110 110 110 110 110 111 111 111 111 111 111 111 111 111 111 111 111 111 111 111 111
72 75 77 79 82 84 86 88 90 92 93 95 96 97 98 99 100 100 101 101 102 102 102 102 103 102 103 103 103 103 103 103 103 103 103 103 104 104 104 104 104 104 104 104 104 105 105 105 105 105 105 106 106 106 106 106 107 107 107 107 108 108 108 108 109 109 109 110 110 110 110 110 110 110 110 110 110 111 111 111 111 111 111 111 111 111 111 111 111 111 111 111
71 73 76 78 81 83 85 87 89 91 92 94 95 96 97 98 99 99 100 100 101 101 102 102 102 102 102 102 102 102 103 103 103 103 103 103 103 103 103 103 103 104 104 104 104 104 104 105 105 105 105 105 106 106 106 106 107 107 107 107 108 108 108 108 109 109 109 109 110 110 110 110 110 110 111 110 111 111 111 111 111 111 111 112 111 111 111 111 111 111 111 111
69 72 75 77 80 82 84 86 88 90 91 93 94 96 96 98 98 99 100 100 101 101 101 101 102 102 102 102 102 102 102 102 102 103 103 103 103 103 103 103 103 104 104 104 104 104 104 105 105 105 105 105 106 106 106 107 107 107 107 108 108 108 108 109 109 109 109 110 110 110 110 110 110 110 111 111 111 111 111 111 111 111 111 111 111 111 111 111 111 112 111 111
68 71 74 76 78 81 83 85 87 89 91 92 94 95 96 97 98 98 99 99 100 101 101 101 102 102 101 102 102 102 102 102 102 103 103 103 103 103 103 103 103 103 104 104 104 104 104 104 104 105 105 106 105 106 106 106 107 107 107 107 108 108 108 108 109 109 109 109 110 110 110 110 110 111 111 111 111 111 111 111 111 112 111 111 111 111 111 111 111 112 112 111
67 70 72 75 77 80 82 84 86 88 89 91 93 94 95 96 97 98 98 99 99 100 100 100 101 101 101 101 101 102 102 102 102 102 102 102 102 103 103 103 103 103 103 104 104 104 104 104 105 105 105 105 106 106 106 106 107 107 107 107 108 108 108 108 109 109 109 109 110 110 110 110 110 110 111 111 111 111 111 111 112 111 112 112 112 112 112 112 112 112 112 111
66 68 71 74 76 79 81 83 85 87 89 91 92 94 95 95 96 97 98 98 99 99 100 100 100 101 101 101 101 101 101 101 101 102 102 102 102 102 102 103 103 103 103 103 104 104 104 104 104 104 105 105 105 105 106 106 106 107 107 107 107 108 108 108 109 109 109 109 109 110 110 110 110 111 111 111 111 111 111 111 111 112 112 112 112 112 112 112 112 112 112 112
65 67 70 73 75 78 80 82 84 86 88 90 91 92 94 95 96 96 97 98 98 99 99 100 100 100 100 100 101 101 101 101 101 101 101 102 102 102 102 102 102 103 103 103 103 103 104 104 104 104 105 105 105 105 106 106 106 106 107 107 107 108 108 108 109 109 109 110 110 109 110 110 111 111 110 111 111 111 111 111 111 111 112 112 112 112 112 112 112 112 112 112
64 66 69 72 74 77 79 81 83 85 87 89 90 92 93 94 95 96 96 97 98 98 99 99 99 99 100 100 100 100 101 101 101 101 101 101 102 102 102 102 102 102 103 103 103 103 103 104 104 104 105 105 105 105 106 106 106 107 107 107 107 108 108 108 109 109 109 109 110 110 110 110 110 111 111 111 111 111 111 112 112 112 112 112 112 112 112 112 112 112 112 112
